cuda:  2
color_space: RGB
batch_size: 1
num_epcochs: 1
learning_rate: 0.001
[1,    20] loss: 0.311
[1,    40] loss: 0.473
[1,    60] loss: 0.180
[1,    80] loss: 0.062
[1,   100] loss: 0.203
[1,   120] loss: 0.054
[1,   140] loss: 0.080
[1,   160] loss: 0.074
[1,   180] loss: 0.069
[1,   200] loss: 0.084
[1,   220] loss: 0.122
[1,   240] loss: 0.181
[1,   260] loss: 0.060
[1,   280] loss: 0.148
[1,   300] loss: 0.102
[1,   320] loss: 0.126
[1,   340] loss: 0.047
[1,   360] loss: 0.064
[1,   380] loss: 0.019
[1,   400] loss: 0.062
[1,   420] loss: 0.138
[1,   440] loss: 0.145
[1,   460] loss: 0.041
[1,   480] loss: 0.055
[1,   500] loss: 0.046
[1,   520] loss: 0.088
[1,   540] loss: 0.045
[1,   560] loss: 0.063
[1,   580] loss: 0.028
[1,   600] loss: 0.076
[1,   620] loss: 0.042
[1,   640] loss: 0.022
[1,   660] loss: 0.006
[1,   680] loss: 0.079
[1,   700] loss: 0.086
[1,   720] loss: 0.046
[1,   740] loss: 0.088
[1,   760] loss: 0.155
[1,   780] loss: 0.067
[1,   800] loss: 0.075
[1,   820] loss: 0.293
[1,   840] loss: 0.021
[1,   860] loss: 0.027
[1,   880] loss: 0.166
[1,   900] loss: 0.031
[1,   920] loss: 0.066
[1,   940] loss: 0.104
[1,   960] loss: 0.030
[1,   980] loss: 0.044
[1,  1000] loss: 0.074
[1,  1020] loss: 0.042
[1,  1040] loss: 0.031
[1,  1060] loss: 0.025
[1,  1080] loss: 0.039
[1,  1100] loss: 0.018
[1,  1120] loss: 0.033
[1,  1140] loss: 0.121
[1,  1160] loss: 0.004
[1,  1180] loss: 0.075
[1,  1200] loss: 0.172
[1,  1220] loss: 0.240
[1,  1240] loss: 0.075
[1,  1260] loss: 15660.644
[1,  1280] loss: 85311.750
[1,  1300] loss: 522397.256
[1,  1320] loss: 3422251.500
[1,  1340] loss: 4625314.736
[1,  1360] loss: 1883473.710
[1,  1380] loss: 32531.927
[1,  1400] loss: 12069.140
[1,  1420] loss: 1842.685
[1,  1440] loss: 747.087
[1,  1460] loss: 1186.652
[1,  1480] loss: 976.564
[1,  1500] loss: 728.937
[1,  1520] loss: 766.378
[1,  1540] loss: 505.405
[1,  1560] loss: 294.539
[1,  1580] loss: 383.505
[1,  1600] loss: 325.584
[1,  1620] loss: 204.504
[1,  1640] loss: 135.277
[1,  1660] loss: 317.744
[1,  1680] loss: 155.398
[1,  1700] loss: 281.323
[1,  1720] loss: 223.058
[1,  1740] loss: 101.439
[1,  1760] loss: 198.507
[1,  1780] loss: 209.198
[1,  1800] loss: 158.684
[1,  1820] loss: 186.728
[1,  1840] loss: 144.114
[1,  1860] loss: 247.811
[1,  1880] loss: 78.760
[1,  1900] loss: 64.612
[1,  1920] loss: 78.452
[1,  1940] loss: 80.635
[1,  1960] loss: 87.376
[1,  1980] loss: 73.048
[1,  2000] loss: 144.243
[1,  2020] loss: 78.420
[1,  2040] loss: 64.586
[1,  2060] loss: 59.195
[1,  2080] loss: 106.808
[1,  2100] loss: 46.268
[1,  2120] loss: 34.274
[1,  2140] loss: 94.231
[1,  2160] loss: 54.674
[1,  2180] loss: 102.876
[1,  2200] loss: 84.853
[1,  2220] loss: 42.618
[1,  2240] loss: 76.754
[1,  2260] loss: 103.696
[1,  2280] loss: 79.453
[1,  2300] loss: 39.060
[1,  2320] loss: 56.642
[1,  2340] loss: 130.192
[1,  2360] loss: 43.262
[1,  2380] loss: 55.419
[1,  2400] loss: 52.780
[1,  2420] loss: 48.183
[1,  2440] loss: 56.050
[1,  2460] loss: 45.275
[1,  2480] loss: 56.770
[1,  2500] loss: 67.410
[1,  2520] loss: 55.001
[1,  2540] loss: 100.141
[1,  2560] loss: 73.891
[1,  2580] loss: 12.413
[1,  2600] loss: 36.579
[1,  2620] loss: 44.884
[1,  2640] loss: 42.707
[1,  2660] loss: 46.615
[1,  2680] loss: 58.331
[1,  2700] loss: 55.306
[1,  2720] loss: 38.699
[1,  2740] loss: 42.942
[1,  2760] loss: 43.758
[1,  2780] loss: 31.634
[1,  2800] loss: 32.184
[1,  2820] loss: 30.644
[1,  2840] loss: 34.235
[1,  2860] loss: 36.358
[1,  2880] loss: 43.182
[1,  2900] loss: 28.295
[1,  2920] loss: 35.446
[1,  2940] loss: 31.396
[1,  2960] loss: 47.864
[1,  2980] loss: 30.745
[1,  3000] loss: 34.768
[1,  3020] loss: 25.531
[1,  3040] loss: 29.561
[1,  3060] loss: 29.891
[1,  3080] loss: 32.559
[1,  3100] loss: 27.411
[1,  3120] loss: 22.597
[1,  3140] loss: 22.261
[1,  3160] loss: 13.268
[1,  3180] loss: 20.104
[1,  3200] loss: 23.488
[1,  3220] loss: 19.631
[1,  3240] loss: 38.693
[1,  3260] loss: 32.848
[1,  3280] loss: 19.320
[1,  3300] loss: 15.194
[1,  3320] loss: 16.562
[1,  3340] loss: 21.966
[1,  3360] loss: 12.801
[1,  3380] loss: 33.359
[1,  3400] loss: 20.994
[1,  3420] loss: 17.943
[1,  3440] loss: 28.265
[1,  3460] loss: 9.277
[1,  3480] loss: 21.211
[1,  3500] loss: 12.078
[1,  3520] loss: 21.412
[1,  3540] loss: 32.427
[1,  3560] loss: 13.890
[1,  3580] loss: 29.088
[1,  3600] loss: 17.266
[1,  3620] loss: 16.633
[1,  3640] loss: 29.790
[1,  3660] loss: 27.035
[1,  3680] loss: 32.060
[1,  3700] loss: 12.052
[1,  3720] loss: 20.542
[1,  3740] loss: 13.398
[1,  3760] loss: 26.678
[1,  3780] loss: 19.241
[1,  3800] loss: 21.326
[1,  3820] loss: 19.097
[1,  3840] loss: 23.371
[1,  3860] loss: 13.848
[1,  3880] loss: 17.701
[1,  3900] loss: 13.470
[1,  3920] loss: 29.166
[1,  3940] loss: 17.293
[1,  3960] loss: 34.121
[1,  3980] loss: 15.167
[1,  4000] loss: 19.701
[1,  4020] loss: 9.594
[1,  4040] loss: 16.268
[1,  4060] loss: 17.372
[1,  4080] loss: 16.846
[1,  4100] loss: 30.021
[1,  4120] loss: 29.143
[1,  4140] loss: 22.417
[1,  4160] loss: 12.882
[1,  4180] loss: 6.966
[1,  4200] loss: 8.996
[1,  4220] loss: 13.329
[1,  4240] loss: 21.798
[1,  4260] loss: 27.952
[1,  4280] loss: 39.912
[1,  4300] loss: 16.610
[1,  4320] loss: 8.735
[1,  4340] loss: 11.411
[1,  4360] loss: 9.316
[1,  4380] loss: 10.031
[1,  4400] loss: 15.733
[1,  4420] loss: 17.184
[1,  4440] loss: 17.463
[1,  4460] loss: 16.855
[1,  4480] loss: 13.421
[1,  4500] loss: 18.790
[1,  4520] loss: 11.130
[1,  4540] loss: 13.990
[1,  4560] loss: 13.429
[1,  4580] loss: 33.247
[1,  4600] loss: 14.998
[1,  4620] loss: 8.200
[1,  4640] loss: 17.266
[1,  4660] loss: 6.123
[1,  4680] loss: 16.525
[1,  4700] loss: 13.850
[1,  4720] loss: 7.216
[1,  4740] loss: 10.714
[1,  4760] loss: 11.154
[1,  4780] loss: 19.704
[1,  4800] loss: 10.222
[1,  4820] loss: 7.269
[1,  4840] loss: 10.030
[1,  4860] loss: 12.046
[1,  4880] loss: 7.479
[1,  4900] loss: 17.115
[1,  4920] loss: 16.023
[1,  4940] loss: 16.487
[1,  4960] loss: 18.076
[1,  4980] loss: 8.476
[1,  5000] loss: 8.975
[1,  5020] loss: 15.995
[1,  5040] loss: 7.207
[1,  5060] loss: 8.677
[1,  5080] loss: 6.178
[1,  5100] loss: 9.294
[1,  5120] loss: 7.287
[1,  5140] loss: 8.564
[1,  5160] loss: 14.252
[1,  5180] loss: 6.692
[1,  5200] loss: 14.185
[1,  5220] loss: 6.791
[1,  5240] loss: 10.763
[1,  5260] loss: 7.983
[1,  5280] loss: 12.846
[1,  5300] loss: 11.102
[1,  5320] loss: 8.198
[1,  5340] loss: 5.168
[1,  5360] loss: 7.459
[1,  5380] loss: 9.536
[1,  5400] loss: 11.057
[1,  5420] loss: 10.921
[1,  5440] loss: 14.793
[1,  5460] loss: 13.357
[1,  5480] loss: 11.421
[1,  5500] loss: 4.613
[1,  5520] loss: 13.982
[1,  5540] loss: 10.445
[1,  5560] loss: 10.517
[1,  5580] loss: 8.301
[1,  5600] loss: 14.073
[1,  5620] loss: 12.685
[1,  5640] loss: 11.049
[1,  5660] loss: 8.330
[1,  5680] loss: 14.240
[1,  5700] loss: 12.210
[1,  5720] loss: 12.461
[1,  5740] loss: 10.994
[1,  5760] loss: 29.471
[1,  5780] loss: 13.186
[1,  5800] loss: 12.375
[1,  5820] loss: 7.110
[1,  5840] loss: 7.113
[1,  5860] loss: 9.418
[1,  5880] loss: 4.649
[1,  5900] loss: 9.001
[1,  5920] loss: 7.807
[1,  5940] loss: 8.068
[1,  5960] loss: 5.971
[1,  5980] loss: 7.465
[1,  6000] loss: 5.936
[1,  6020] loss: 5.915
[1,  6040] loss: 6.139
[1,  6060] loss: 5.427
[1,  6080] loss: 3.631
[1,  6100] loss: 14.064
[1,  6120] loss: 7.150
[1,  6140] loss: 3.605
[1,  6160] loss: 4.476
[1,  6180] loss: 9.534
[1,  6200] loss: 6.846
[1,  6220] loss: 6.730
[1,  6240] loss: 6.377
[1,  6260] loss: 10.833
[1,  6280] loss: 4.240
[1,  6300] loss: 5.812
[1,  6320] loss: 11.484
[1,  6340] loss: 7.386
[1,  6360] loss: 6.258
[1,  6380] loss: 6.562
[1,  6400] loss: 7.143
[1,  6420] loss: 6.868
[1,  6440] loss: 2.995
[1,  6460] loss: 8.652
[1,  6480] loss: 4.591
[1,  6500] loss: 7.062
[1,  6520] loss: 6.665
[1,  6540] loss: 8.949
[1,  6560] loss: 8.738
[1,  6580] loss: 6.586
[1,  6600] loss: 3.684
[1,  6620] loss: 2.886
[1,  6640] loss: 11.805
[1,  6660] loss: 3.958
[1,  6680] loss: 4.775
[1,  6700] loss: 4.640
[1,  6720] loss: 6.466
[1,  6740] loss: 13.091
[1,  6760] loss: 5.339
[1,  6780] loss: 4.533
[1,  6800] loss: 4.673
[1,  6820] loss: 4.599
[1,  6840] loss: 5.373
[1,  6860] loss: 5.044
[1,  6880] loss: 4.381
[1,  6900] loss: 1.872
[1,  6920] loss: 6.335
[1,  6940] loss: 2.876
[1,  6960] loss: 6.475
[1,  6980] loss: 4.597
[1,  7000] loss: 4.171
[1,  7020] loss: 6.259
[1,  7040] loss: 4.291
[1,  7060] loss: 2.382
[1,  7080] loss: 5.032
[1,  7100] loss: 4.842
[1,  7120] loss: 1.636
[1,  7140] loss: 4.154
[1,  7160] loss: 3.549
[1,  7180] loss: 3.991
[1,  7200] loss: 6.517
[1,  7220] loss: 5.723
[1,  7240] loss: 7.331
[1,  7260] loss: 3.938
[1,  7280] loss: 6.396
[1,  7300] loss: 8.309
[1,  7320] loss: 4.955
[1,  7340] loss: 5.778
[1,  7360] loss: 3.337
[1,  7380] loss: 1.416
[1,  7400] loss: 3.063
[1,  7420] loss: 7.739
[1,  7440] loss: 5.283
[1,  7460] loss: 2.135
[1,  7480] loss: 5.873
[1,  7500] loss: 3.777
[1,  7520] loss: 3.356
[1,  7540] loss: 9.987
[1,  7560] loss: 6.837
[1,  7580] loss: 4.109
[1,  7600] loss: 2.453
[1,  7620] loss: 2.017
[1,  7640] loss: 4.904
[1,  7660] loss: 4.785
[1,  7680] loss: 2.997
[1,  7700] loss: 3.364
[1,  7720] loss: 2.706
[1,  7740] loss: 1.912
[1,  7760] loss: 5.606
[1,  7780] loss: 2.264
[1,  7800] loss: 5.748
[1,  7820] loss: 3.509
[1,  7840] loss: 3.748
[1,  7860] loss: 2.353
[1,  7880] loss: 3.431
[1,  7900] loss: 4.616
[1,  7920] loss: 1.654
[1,  7940] loss: 1.827
[1,  7960] loss: 2.321
[1,  7980] loss: 4.371
[1,  8000] loss: 5.662
[1,  8020] loss: 5.490
[1,  8040] loss: 1.300
[1,  8060] loss: 2.232
[1,  8080] loss: 3.246
[1,  8100] loss: 3.317
[1,  8120] loss: 3.451
[1,  8140] loss: 6.373
[1,  8160] loss: 5.585
[1,  8180] loss: 3.068
[1,  8200] loss: 5.198
[1,  8220] loss: 3.087
[1,  8240] loss: 2.164
[1,  8260] loss: 3.325
[1,  8280] loss: 4.280
[1,  8300] loss: 3.044
[1,  8320] loss: 6.008
[1,  8340] loss: 2.976
[1,  8360] loss: 3.128
[1,  8380] loss: 0.724
[1,  8400] loss: 3.357
[1,  8420] loss: 4.106
[1,  8440] loss: 5.247
[1,  8460] loss: 3.572
[1,  8480] loss: 2.163
[1,  8500] loss: 1.028
[1,  8520] loss: 4.381
[1,  8540] loss: 2.738
[1,  8560] loss: 2.292
[1,  8580] loss: 2.171
[1,  8600] loss: 5.550
[1,  8620] loss: 3.987
[1,  8640] loss: 4.310
[1,  8660] loss: 1.643
[1,  8680] loss: 2.003
[1,  8700] loss: 1.696
[1,  8720] loss: 1.773
[1,  8740] loss: 2.855
[1,  8760] loss: 6.012
[1,  8780] loss: 2.625
[1,  8800] loss: 2.073
[1,  8820] loss: 1.618
[1,  8840] loss: 1.560
[1,  8860] loss: 2.229
[1,  8880] loss: 2.393
[1,  8900] loss: 2.370
[1,  8920] loss: 2.008
[1,  8940] loss: 2.537
[1,  8960] loss: 2.884
[1,  8980] loss: 2.189
[1,  9000] loss: 2.339
[1,  9020] loss: 2.333
[1,  9040] loss: 1.723
[1,  9060] loss: 1.533
[1,  9080] loss: 2.085
[1,  9100] loss: 1.675
[1,  9120] loss: 1.782
[1,  9140] loss: 1.134
[1,  9160] loss: 2.031
[1,  9180] loss: 4.416
[1,  9200] loss: 5.992
[1,  9220] loss: 7.639
[1,  9240] loss: 6.120
[1,  9260] loss: 10.910
[1,  9280] loss: 3.773
[1,  9300] loss: 3.792
[1,  9320] loss: 3.280
[1,  9340] loss: 2.917
[1,  9360] loss: 1.954
[1,  9380] loss: 2.598
[1,  9400] loss: 3.795
[1,  9420] loss: 3.227
[1,  9440] loss: 3.427
[1,  9460] loss: 3.652
[1,  9480] loss: 4.312
[1,  9500] loss: 7.877
[1,  9520] loss: 5.758
[1,  9540] loss: 4.623
[1,  9560] loss: 1.094
[1,  9580] loss: 2.009
[1,  9600] loss: 3.658
[1,  9620] loss: 1.627
[1,  9640] loss: 0.949
[1,  9660] loss: 0.987
[1,  9680] loss: 1.278
[1,  9700] loss: 2.030
[1,  9720] loss: 1.454
[1,  9740] loss: 1.340
[1,  9760] loss: 1.253
[1,  9780] loss: 4.750
[1,  9800] loss: 1.412
[1,  9820] loss: 1.663
[1,  9840] loss: 1.150
[1,  9860] loss: 4.128
[1,  9880] loss: 3.629
[1,  9900] loss: 3.839
[1,  9920] loss: 2.924
[1,  9940] loss: 0.885
[1,  9960] loss: 2.103
[1,  9980] loss: 0.960
[1, 10000] loss: 0.653
[1, 10020] loss: 1.743
[1, 10040] loss: 1.176
[1, 10060] loss: 1.430
[1, 10080] loss: 0.724
[1, 10100] loss: 1.017
[1, 10120] loss: 0.804
[1, 10140] loss: 0.409
[1, 10160] loss: 0.991
[1, 10180] loss: 0.797
[1, 10200] loss: 0.934
[1, 10220] loss: 0.937
[1, 10240] loss: 1.152
[1, 10260] loss: 1.132
[1, 10280] loss: 0.888
[1, 10300] loss: 0.620
[1, 10320] loss: 1.188
[1, 10340] loss: 1.817
[1, 10360] loss: 2.636
[1, 10380] loss: 1.727
[1, 10400] loss: 1.375
[1, 10420] loss: 0.716
[1, 10440] loss: 0.729
[1, 10460] loss: 0.965
[1, 10480] loss: 0.583
[1, 10500] loss: 0.764
[1, 10520] loss: 0.787
[1, 10540] loss: 0.456
[1, 10560] loss: 0.887
[1, 10580] loss: 1.067
[1, 10600] loss: 1.813
[1, 10620] loss: 1.342
[1, 10640] loss: 3.401
[1, 10660] loss: 3.255
[1, 10680] loss: 2.935
[1, 10700] loss: 1.046
[1, 10720] loss: 1.913
[1, 10740] loss: 2.404
[1, 10760] loss: 0.599
[1, 10780] loss: 1.213
[1, 10800] loss: 0.443
[1, 10820] loss: 0.671
[1, 10840] loss: 0.525
[1, 10860] loss: 0.755
[1, 10880] loss: 1.090
[1, 10900] loss: 0.397
[1, 10920] loss: 3.756
[1, 10940] loss: 3.378
[1, 10960] loss: 3.909
[1, 10980] loss: 4.496
[1, 11000] loss: 3.095
[1, 11020] loss: 1.944
[1, 11040] loss: 1.729
[1, 11060] loss: 1.545
[1, 11080] loss: 0.566
[1, 11100] loss: 0.942
[1, 11120] loss: 0.853
[1, 11140] loss: 1.209
[1, 11160] loss: 0.883
[1, 11180] loss: 1.520
[1, 11200] loss: 2.118
[1, 11220] loss: 1.698
[1, 11240] loss: 0.599
[1, 11260] loss: 0.816
[1, 11280] loss: 0.598
[1, 11300] loss: 5.429
[1, 11320] loss: 1.312
[1, 11340] loss: 1.282
[1, 11360] loss: 0.931
[1, 11380] loss: 0.615
[1, 11400] loss: 1.260
[1, 11420] loss: 0.963
[1, 11440] loss: 0.686
[1, 11460] loss: 0.849
[1, 11480] loss: 1.345
[1, 11500] loss: 0.533
[1, 11520] loss: 0.795
[1, 11540] loss: 2.125
[1, 11560] loss: 0.716
[1, 11580] loss: 0.483
[1, 11600] loss: 0.427
[1, 11620] loss: 0.623
[1, 11640] loss: 1.229
[1, 11660] loss: 4.165
[1, 11680] loss: 6.373
[1, 11700] loss: 5.686
[1, 11720] loss: 1.482
[1, 11740] loss: 0.346
[1, 11760] loss: 1.426
[1, 11780] loss: 1.266
[1, 11800] loss: 1.399
[1, 11820] loss: 0.804
[1, 11840] loss: 1.376
[1, 11860] loss: 1.436
[1, 11880] loss: 1.014
[1, 11900] loss: 0.302
[1, 11920] loss: 1.492
[1, 11940] loss: 0.367
[1, 11960] loss: 0.446
[1, 11980] loss: 0.469
[1, 12000] loss: 0.223
[1, 12020] loss: 0.416
[1, 12040] loss: 0.367
[1, 12060] loss: 0.768
[1, 12080] loss: 0.482
[1, 12100] loss: 0.363
[1, 12120] loss: 0.153
[1, 12140] loss: 0.270
[1, 12160] loss: 0.402
[1, 12180] loss: 0.310
[1, 12200] loss: 0.476
[1, 12220] loss: 0.698
[1, 12240] loss: 2.086
[1, 12260] loss: 1.944
[1, 12280] loss: 2.531
[1, 12300] loss: 1.310
[1, 12320] loss: 0.404
[1, 12340] loss: 0.265
[1, 12360] loss: 0.665
[1, 12380] loss: 1.240
[1, 12400] loss: 0.599
[1, 12420] loss: 0.387
[1, 12440] loss: 1.108
[1, 12460] loss: 0.401
[1, 12480] loss: 0.309
[1, 12500] loss: 0.222
[1, 12520] loss: 0.381
[1, 12540] loss: 0.192
[1, 12560] loss: 0.522
[1, 12580] loss: 0.402
[1, 12600] loss: 0.316
[1, 12620] loss: 0.365
[1, 12640] loss: 0.459
[1, 12660] loss: 0.660
[1, 12680] loss: 0.785
[1, 12700] loss: 1.086
[1, 12720] loss: 0.584
[1, 12740] loss: 0.855
[1, 12760] loss: 0.493
[1, 12780] loss: 0.828
[1, 12800] loss: 1.048
[1, 12820] loss: 3.482
[1, 12840] loss: 2.919
[1, 12860] loss: 4.260
[1, 12880] loss: 3.690
[1, 12900] loss: 2.316
[1, 12920] loss: 1.853
[1, 12940] loss: 1.642
[1, 12960] loss: 1.209
[1, 12980] loss: 0.580
[1, 13000] loss: 0.380
[1, 13020] loss: 0.263
[1, 13040] loss: 0.415
[1, 13060] loss: 0.631
[1, 13080] loss: 0.538
[1, 13100] loss: 0.843
[1, 13120] loss: 0.378
[1, 13140] loss: 0.623
[1, 13160] loss: 1.867
[1, 13180] loss: 0.572
[1, 13200] loss: 0.322
[1, 13220] loss: 0.455
[1, 13240] loss: 0.174
[1, 13260] loss: 0.282
[1, 13280] loss: 0.324
[1, 13300] loss: 0.293
[1, 13320] loss: 0.596
[1, 13340] loss: 0.309
[1, 13360] loss: 0.265
[1, 13380] loss: 0.301
[1, 13400] loss: 0.500
[1, 13420] loss: 0.823
[1, 13440] loss: 0.422
[1, 13460] loss: 0.141
[1, 13480] loss: 0.437
[1, 13500] loss: 0.418
[1, 13520] loss: 0.418
[1, 13540] loss: 0.521
[1, 13560] loss: 0.345
[1, 13580] loss: 0.986
[1, 13600] loss: 0.257
[1, 13620] loss: 0.403
[1, 13640] loss: 0.298
[1, 13660] loss: 0.539
[1, 13680] loss: 0.294
[1, 13700] loss: 0.327
[1, 13720] loss: 0.586
[1, 13740] loss: 1.225
[1, 13760] loss: 0.822
[1, 13780] loss: 1.733
[1, 13800] loss: 1.437
[1, 13820] loss: 2.454
[1, 13840] loss: 2.507
[1, 13860] loss: 4.181
[1, 13880] loss: 1.337
[1, 13900] loss: 1.178
[1, 13920] loss: 0.917
[1, 13940] loss: 0.544
[1, 13960] loss: 0.424
[1, 13980] loss: 0.298
[1, 14000] loss: 0.340
[1, 14020] loss: 0.152
[1, 14040] loss: 0.198
[1, 14060] loss: 0.186
[1, 14080] loss: 0.191
[1, 14100] loss: 0.216
[1, 14120] loss: 0.157
[1, 14140] loss: 0.124
[1, 14160] loss: 0.393
[1, 14180] loss: 0.176
[1, 14200] loss: 0.098
[1, 14220] loss: 0.247
[1, 14240] loss: 0.126
[1, 14260] loss: 0.152
[1, 14280] loss: 0.173
[1, 14300] loss: 0.217
[1, 14320] loss: 0.169
[1, 14340] loss: 0.192
[1, 14360] loss: 0.086
[1, 14380] loss: 0.103
[1, 14400] loss: 0.210
[1, 14420] loss: 0.305
[1, 14440] loss: 0.156
[1, 14460] loss: 0.093
[1, 14480] loss: 0.169
[1, 14500] loss: 0.170
[1, 14520] loss: 0.279
[1, 14540] loss: 0.227
[1, 14560] loss: 0.237
[1, 14580] loss: 0.290
[1, 14600] loss: 0.552
[1, 14620] loss: 0.288
[1, 14640] loss: 0.197
[1, 14660] loss: 0.534
[1, 14680] loss: 0.316
[1, 14700] loss: 0.354
[1, 14720] loss: 1.051
[1, 14740] loss: 0.875
[1, 14760] loss: 0.618
[1, 14780] loss: 0.548
[1, 14800] loss: 0.479
[1, 14820] loss: 0.387
[1, 14840] loss: 0.483
[1, 14860] loss: 0.798
[1, 14880] loss: 2.190
[1, 14900] loss: 2.082
[1, 14920] loss: 3.446
[1, 14940] loss: 1.784
[1, 14960] loss: 0.371
[1, 14980] loss: 0.293
[1, 15000] loss: 0.226
[1, 15020] loss: 0.245
[1, 15040] loss: 0.564
[1, 15060] loss: 0.585
[1, 15080] loss: 0.389
[1, 15100] loss: 0.234
[1, 15120] loss: 0.159
[1, 15140] loss: 0.313
[1, 15160] loss: 0.553
[1, 15180] loss: 0.222
[1, 15200] loss: 0.077
[1, 15220] loss: 0.165
[1, 15240] loss: 0.194
[1, 15260] loss: 0.204
[1, 15280] loss: 0.138
[1, 15300] loss: 0.206
[1, 15320] loss: 0.262
[1, 15340] loss: 0.427
[1, 15360] loss: 0.247
[1, 15380] loss: 0.167
[1, 15400] loss: 0.450
[1, 15420] loss: 0.483
[1, 15440] loss: 0.416
[1, 15460] loss: 0.231
[1, 15480] loss: 0.369
[1, 15500] loss: 0.776
[1, 15520] loss: 0.318
[1, 15540] loss: 0.153
[1, 15560] loss: 0.243
[1, 15580] loss: 0.082
[1, 15600] loss: 0.096
[1, 15620] loss: 0.068
[1, 15640] loss: 0.487
[1, 15660] loss: 0.353
[1, 15680] loss: 0.267
[1, 15700] loss: 0.186
[1, 15720] loss: 0.533
[1, 15740] loss: 0.190
[1, 15760] loss: 0.206
[1, 15780] loss: 0.147
[1, 15800] loss: 0.129
[1, 15820] loss: 0.173
[1, 15840] loss: 0.118
[1, 15860] loss: 0.188
[1, 15880] loss: 0.235
[1, 15900] loss: 0.475
[1, 15920] loss: 0.852
[1, 15940] loss: 0.695
[1, 15960] loss: 0.729
[1, 15980] loss: 0.399
[1, 16000] loss: 0.345
[1, 16020] loss: 0.336
[1, 16040] loss: 0.353
[1, 16060] loss: 0.233
[1, 16080] loss: 0.197
[1, 16100] loss: 0.254
[1, 16120] loss: 0.385
[1, 16140] loss: 0.160
[1, 16160] loss: 0.144
[1, 16180] loss: 0.089
[1, 16200] loss: 0.076
[1, 16220] loss: 0.098
[1, 16240] loss: 0.185
[1, 16260] loss: 0.076
[1, 16280] loss: 0.202
[1, 16300] loss: 0.297
[1, 16320] loss: 0.704
[1, 16340] loss: 1.501
[1, 16360] loss: 3.697
[1, 16380] loss: 0.948
[1, 16400] loss: 1.407
[1, 16420] loss: 2.590
[1, 16440] loss: 2.480
[1, 16460] loss: 5.010
[1, 16480] loss: 4.535
[1, 16500] loss: 1.315
[1, 16520] loss: 0.622
[1, 16540] loss: 1.400
[1, 16560] loss: 0.731
[1, 16580] loss: 0.323
[1, 16600] loss: 0.161
[1, 16620] loss: 0.116
[1, 16640] loss: 0.372
[1, 16660] loss: 0.218
[1, 16680] loss: 0.110
[1, 16700] loss: 0.224
[1, 16720] loss: 0.194
[1, 16740] loss: 0.064
[1, 16760] loss: 0.095
[1, 16780] loss: 0.070
[1, 16800] loss: 0.057
[1, 16820] loss: 0.067
[1, 16840] loss: 0.103
[1, 16860] loss: 0.061
[1, 16880] loss: 0.078
[1, 16900] loss: 0.092
[1, 16920] loss: 0.099
[1, 16940] loss: 0.138
[1, 16960] loss: 0.089
[1, 16980] loss: 0.078
[1, 17000] loss: 0.047
[1, 17020] loss: 0.032
[1, 17040] loss: 0.046
[1, 17060] loss: 0.230
[1, 17080] loss: 0.124
[1, 17100] loss: 0.056
[1, 17120] loss: 0.040
[1, 17140] loss: 0.065
[1, 17160] loss: 0.062
[1, 17180] loss: 0.171
[1, 17200] loss: 0.147
[1, 17220] loss: 0.168
[1, 17240] loss: 0.068
[1, 17260] loss: 0.053
[1, 17280] loss: 0.034
[1, 17300] loss: 0.076
[1, 17320] loss: 0.020
[1, 17340] loss: 0.063
[1, 17360] loss: 0.060
[1, 17380] loss: 0.132
[1, 17400] loss: 0.295
[1, 17420] loss: 0.355
[1, 17440] loss: 0.119
[1, 17460] loss: 0.108
[1, 17480] loss: 0.056
[1, 17500] loss: 0.172
[1, 17520] loss: 0.053
[1, 17540] loss: 0.066
[1, 17560] loss: 0.131
[1, 17580] loss: 0.093
[1, 17600] loss: 0.102
[1, 17620] loss: 0.062
[1, 17640] loss: 0.089
[1, 17660] loss: 0.089
[1, 17680] loss: 0.042
[1, 17700] loss: 0.057
[1, 17720] loss: 0.256
[1, 17740] loss: 0.097
[1, 17760] loss: 0.132
[1, 17780] loss: 0.035
[1, 17800] loss: 0.042
[1, 17820] loss: 0.253
[1, 17840] loss: 0.073
[1, 17860] loss: 0.168
[1, 17880] loss: 0.172
[1, 17900] loss: 0.187
[1, 17920] loss: 0.064
[1, 17940] loss: 0.044
[1, 17960] loss: 0.089
[1, 17980] loss: 0.136
[1, 18000] loss: 0.056
[1, 18020] loss: 0.142
[1, 18040] loss: 0.156
[1, 18060] loss: 0.136
[1, 18080] loss: 0.323
[1, 18100] loss: 0.128
[1, 18120] loss: 0.194
[1, 18140] loss: 0.088
[1, 18160] loss: 0.055
[1, 18180] loss: 0.153
[1, 18200] loss: 0.158
[1, 18220] loss: 0.193
[1, 18240] loss: 0.070
[1, 18260] loss: 0.125
[1, 18280] loss: 0.075
[1, 18300] loss: 0.081
[1, 18320] loss: 0.128
[1, 18340] loss: 0.129
[1, 18360] loss: 0.255
[1, 18380] loss: 0.269
[1, 18400] loss: 0.116
[1, 18420] loss: 0.086
[1, 18440] loss: 0.168
[1, 18460] loss: 0.107
[1, 18480] loss: 0.144
[1, 18500] loss: 0.342
[1, 18520] loss: 0.175
[1, 18540] loss: 0.180
[1, 18560] loss: 0.052
[1, 18580] loss: 0.276
[1, 18600] loss: 0.134
[1, 18620] loss: 0.080
[1, 18640] loss: 0.153
[1, 18660] loss: 0.148
[1, 18680] loss: 0.083
[1, 18700] loss: 0.037
[1, 18720] loss: 0.216
[1, 18740] loss: 0.096
[1, 18760] loss: 0.119
[1, 18780] loss: 0.060
[1, 18800] loss: 0.186
[1, 18820] loss: 0.120
[1, 18840] loss: 0.139
[1, 18860] loss: 0.129
[1, 18880] loss: 0.289
[1, 18900] loss: 0.285
[1, 18920] loss: 0.066
[1, 18940] loss: 0.070
[1, 18960] loss: 0.070
[1, 18980] loss: 0.094
[1, 19000] loss: 0.067
[1, 19020] loss: 0.042
[1, 19040] loss: 0.061
[1, 19060] loss: 0.070
[1, 19080] loss: 0.086
[1, 19100] loss: 0.023
[1, 19120] loss: 0.085
[1, 19140] loss: 0.154
[1, 19160] loss: 0.076
[1, 19180] loss: 0.289
[1, 19200] loss: 0.236
[1, 19220] loss: 0.142
[1, 19240] loss: 0.041
[1, 19260] loss: 0.089
[1, 19280] loss: 0.101
[1, 19300] loss: 0.050
[1, 19320] loss: 0.162
[1, 19340] loss: 0.026
[1, 19360] loss: 0.155
[1, 19380] loss: 0.110
[1, 19400] loss: 0.055
[1, 19420] loss: 0.058
[1, 19440] loss: 0.061
[1, 19460] loss: 0.118
[1, 19480] loss: 0.088
[1, 19500] loss: 0.056
[1, 19520] loss: 0.038
[1, 19540] loss: 0.060
[1, 19560] loss: 0.196
[1, 19580] loss: 0.117
[1, 19600] loss: 0.284
[1, 19620] loss: 0.150
[1, 19640] loss: 0.222
[1, 19660] loss: 0.057
[1, 19680] loss: 0.066
[1, 19700] loss: 0.242
[1, 19720] loss: 0.200
[1, 19740] loss: 0.253
[1, 19760] loss: 0.277
[1, 19780] loss: 0.219
[1, 19800] loss: 0.094
[1, 19820] loss: 0.155
[1, 19840] loss: 0.098
[1, 19860] loss: 0.109
[1, 19880] loss: 0.294
[1, 19900] loss: 0.088
[1, 19920] loss: 0.196
[1, 19940] loss: 0.138
[1, 19960] loss: 0.155
[1, 19980] loss: 0.303
[1, 20000] loss: 0.202
[1, 20020] loss: 0.210
[1, 20040] loss: 0.335
[1, 20060] loss: 0.194
[1, 20080] loss: 0.306
[1, 20100] loss: 0.167
[1, 20120] loss: 0.102
[1, 20140] loss: 0.065
[1, 20160] loss: 0.143
[1, 20180] loss: 0.089
[1, 20200] loss: 0.029
[1, 20220] loss: 0.128
[1, 20240] loss: 0.105
[1, 20260] loss: 0.048
[1, 20280] loss: 0.133
[1, 20300] loss: 0.131
[1, 20320] loss: 0.084
[1, 20340] loss: 0.089
[1, 20360] loss: 0.125
[1, 20380] loss: 0.150
[1, 20400] loss: 0.117
[1, 20420] loss: 0.172
[1, 20440] loss: 0.081
[1, 20460] loss: 0.235
[1, 20480] loss: 0.076
[1, 20500] loss: 0.074
[1, 20520] loss: 0.265
[1, 20540] loss: 0.061
[1, 20560] loss: 0.189
[1, 20580] loss: 0.075
[1, 20600] loss: 0.061
[1, 20620] loss: 0.245
[1, 20640] loss: 0.435
[1, 20660] loss: 1457.293
[1, 20680] loss: 299526.493
[1, 20700] loss: 15207981.353
[1, 20720] loss: 5534623.097
[1, 20740] loss: 73938.487
[1, 20760] loss: 2330.568
[1, 20780] loss: 926.201
[1, 20800] loss: 1848.450
[1, 20820] loss: 436.620
[1, 20840] loss: 1425.260
[1, 20860] loss: 1213.992
[1, 20880] loss: 1125.938
[1, 20900] loss: 1056.077
[1, 20920] loss: 463.211
[1, 20940] loss: 1143.721
[1, 20960] loss: 314.227
[1, 20980] loss: 956.918
[1, 21000] loss: 373.154
[1, 21020] loss: 490.412
[1, 21040] loss: 263.115
[1, 21060] loss: 690.903
[1, 21080] loss: 399.228
[1, 21100] loss: 321.942
[1, 21120] loss: 190.829
[1, 21140] loss: 432.784
[1, 21160] loss: 434.440
[1, 21180] loss: 227.372
[1, 21200] loss: 350.543
[1, 21220] loss: 322.490
[1, 21240] loss: 392.641
[1, 21260] loss: 169.313
[1, 21280] loss: 216.534
[1, 21300] loss: 192.632
[1, 21320] loss: 242.428
[1, 21340] loss: 249.357
[1, 21360] loss: 227.983
[1, 21380] loss: 234.722
[1, 21400] loss: 232.214
[1, 21420] loss: 123.634
[1, 21440] loss: 159.030
[1, 21460] loss: 215.779
[1, 21480] loss: 312.051
[1, 21500] loss: 294.921
[1, 21520] loss: 212.245
[1, 21540] loss: 112.038
[1, 21560] loss: 210.217
[1, 21580] loss: 480.982
[1, 21600] loss: 338.807
[1, 21620] loss: 188.134
[1, 21640] loss: 151.806
[1, 21660] loss: 185.075
[1, 21680] loss: 145.544
[1, 21700] loss: 127.016
[1, 21720] loss: 146.819
[1, 21740] loss: 174.103
[1, 21760] loss: 167.728
[1, 21780] loss: 265.655
[1, 21800] loss: 193.489
[1, 21820] loss: 161.046
[1, 21840] loss: 214.391
[1, 21860] loss: 199.936
[1, 21880] loss: 160.500
[1, 21900] loss: 441.047
[1, 21920] loss: 104.020
[1, 21940] loss: 234.203
[1, 21960] loss: 256.102
[1, 21980] loss: 105.046
[1, 22000] loss: 157.846
[1, 22020] loss: 174.447
[1, 22040] loss: 133.631
[1, 22060] loss: 130.455
[1, 22080] loss: 62.130
[1, 22100] loss: 115.347
[1, 22120] loss: 61.762
[1, 22140] loss: 201.882
[1, 22160] loss: 104.160
[1, 22180] loss: 115.928
[1, 22200] loss: 91.244
[1, 22220] loss: 134.767
[1, 22240] loss: 170.673
[1, 22260] loss: 128.153
[1, 22280] loss: 178.707
[1, 22300] loss: 198.814
[1, 22320] loss: 104.175
[1, 22340] loss: 166.311
[1, 22360] loss: 81.787
[1, 22380] loss: 111.666
[1, 22400] loss: 52.830
[1, 22420] loss: 87.541
[1, 22440] loss: 122.490
[1, 22460] loss: 109.318
[1, 22480] loss: 141.229
[1, 22500] loss: 107.640
[1, 22520] loss: 138.942
[1, 22540] loss: 180.259
[1, 22560] loss: 134.808
[1, 22580] loss: 124.176
[1, 22600] loss: 68.596
[1, 22620] loss: 129.065
[1, 22640] loss: 46.856
[1, 22660] loss: 156.865
[1, 22680] loss: 76.806
[1, 22700] loss: 83.578
[1, 22720] loss: 86.363
[1, 22740] loss: 69.019
[1, 22760] loss: 129.608
[1, 22780] loss: 62.184
[1, 22800] loss: 83.776
[1, 22820] loss: 62.225
[1, 22840] loss: 72.157
[1, 22860] loss: 148.534
[1, 22880] loss: 116.367
[1, 22900] loss: 47.818
[1, 22920] loss: 90.839
[1, 22940] loss: 40.370
[1, 22960] loss: 111.032
[1, 22980] loss: 106.170
[1, 23000] loss: 71.594
[1, 23020] loss: 56.431
[1, 23040] loss: 73.102
[1, 23060] loss: 98.097
[1, 23080] loss: 77.445
[1, 23100] loss: 99.405
[1, 23120] loss: 112.989
[1, 23140] loss: 38.678
[1, 23160] loss: 67.615
[1, 23180] loss: 69.954
[1, 23200] loss: 49.581
[1, 23220] loss: 29.157
[1, 23240] loss: 74.060
[1, 23260] loss: 52.540
[1, 23280] loss: 77.556
[1, 23300] loss: 23.671
[1, 23320] loss: 85.371
[1, 23340] loss: 47.508
[1, 23360] loss: 65.217
[1, 23380] loss: 53.679
[1, 23400] loss: 68.747
[1, 23420] loss: 69.534
[1, 23440] loss: 96.694
[1, 23460] loss: 90.715
[1, 23480] loss: 32.244
[1, 23500] loss: 101.663
[1, 23520] loss: 47.543
[1, 23540] loss: 33.538
[1, 23560] loss: 52.957
[1, 23580] loss: 43.345
[1, 23600] loss: 111.917
[1, 23620] loss: 21.980
[1, 23640] loss: 27.629
[1, 23660] loss: 49.528
[1, 23680] loss: 81.447
[1, 23700] loss: 48.623
[1, 23720] loss: 34.393
[1, 23740] loss: 48.983
[1, 23760] loss: 19.113
[1, 23780] loss: 23.958
[1, 23800] loss: 26.431
[1, 23820] loss: 30.564
[1, 23840] loss: 68.720
[1, 23860] loss: 16.551
[1, 23880] loss: 78.293
[1, 23900] loss: 82.942
[1, 23920] loss: 24.912
[1, 23940] loss: 57.150
[1, 23960] loss: 68.545
[1, 23980] loss: 82.841
[1, 24000] loss: 31.267
[1, 24020] loss: 67.201
[1, 24040] loss: 32.875
[1, 24060] loss: 22.102
[1, 24080] loss: 69.722
[1, 24100] loss: 23.456
[1, 24120] loss: 35.397
[1, 24140] loss: 17.909
[1, 24160] loss: 40.346
[1, 24180] loss: 23.684
[1, 24200] loss: 45.033
[1, 24220] loss: 54.689
[1, 24240] loss: 30.778
[1, 24260] loss: 60.485
[1, 24280] loss: 61.063
[1, 24300] loss: 15.049
[1, 24320] loss: 49.655
[1, 24340] loss: 19.702
[1, 24360] loss: 13.577
[1, 24380] loss: 28.194
[1, 24400] loss: 53.454
[1, 24420] loss: 15.442
[1, 24440] loss: 23.861
[1, 24460] loss: 47.335
[1, 24480] loss: 55.108
[1, 24500] loss: 48.142
[1, 24520] loss: 32.915
[1, 24540] loss: 40.156
[1, 24560] loss: 21.460
[1, 24580] loss: 30.899
[1, 24600] loss: 27.678
[1, 24620] loss: 26.891
[1, 24640] loss: 10.837
[1, 24660] loss: 28.769
[1, 24680] loss: 13.886
[1, 24700] loss: 34.853
[1, 24720] loss: 19.961
[1, 24740] loss: 18.660
[1, 24760] loss: 35.149
[1, 24780] loss: 12.846
[1, 24800] loss: 15.188
[1, 24820] loss: 30.444
[1, 24840] loss: 28.051
[1, 24860] loss: 16.305
[1, 24880] loss: 8.861
[1, 24900] loss: 26.481
[1, 24920] loss: 37.021
[1, 24940] loss: 37.276
[1, 24960] loss: 25.801
[1, 24980] loss: 21.381
[1, 25000] loss: 21.542
[1, 25020] loss: 21.480
[1, 25040] loss: 19.608
[1, 25060] loss: 58.462
[1, 25080] loss: 22.406
[1, 25100] loss: 14.651
[1, 25120] loss: 19.038
[1, 25140] loss: 32.635
[1, 25160] loss: 31.393
[1, 25180] loss: 16.363
[1, 25200] loss: 21.639
[1, 25220] loss: 25.075
[1, 25240] loss: 17.218
[1, 25260] loss: 17.512
[1, 25280] loss: 9.711
[1, 25300] loss: 21.905
[1, 25320] loss: 27.779
[1, 25340] loss: 20.263
[1, 25360] loss: 14.867
[1, 25380] loss: 41.242
[1, 25400] loss: 21.726
[1, 25420] loss: 25.825
[1, 25440] loss: 3.456
[1, 25460] loss: 14.136
[1, 25480] loss: 11.032
[1, 25500] loss: 15.867
[1, 25520] loss: 5.428
[1, 25540] loss: 20.226
[1, 25560] loss: 19.357
[1, 25580] loss: 20.966
[1, 25600] loss: 7.599
[1, 25620] loss: 13.560
[1, 25640] loss: 17.730
[1, 25660] loss: 23.263
[1, 25680] loss: 22.170
[1, 25700] loss: 21.309
[1, 25720] loss: 9.984
[1, 25740] loss: 18.824
[1, 25760] loss: 20.525
[1, 25780] loss: 20.218
[1, 25800] loss: 28.205
[1, 25820] loss: 23.297
[1, 25840] loss: 11.983
[1, 25860] loss: 13.380
[1, 25880] loss: 26.887
[1, 25900] loss: 23.633
[1, 25920] loss: 12.964
[1, 25940] loss: 11.308
[1, 25960] loss: 21.180
[1, 25980] loss: 12.490
[1, 26000] loss: 19.750
[1, 26020] loss: 9.144
[1, 26040] loss: 13.546
[1, 26060] loss: 24.847
[1, 26080] loss: 14.467
[1, 26100] loss: 8.571
[1, 26120] loss: 16.430
[1, 26140] loss: 8.961
[1, 26160] loss: 10.357
[1, 26180] loss: 13.120
[1, 26200] loss: 11.998
[1, 26220] loss: 9.954
[1, 26240] loss: 9.497
[1, 26260] loss: 9.419
[1, 26280] loss: 10.213
[1, 26300] loss: 11.256
[1, 26320] loss: 12.575
[1, 26340] loss: 15.107
[1, 26360] loss: 8.528
[1, 26380] loss: 9.250
[1, 26400] loss: 15.695
[1, 26420] loss: 11.536
[1, 26440] loss: 12.745
[1, 26460] loss: 11.878
[1, 26480] loss: 7.380
[1, 26500] loss: 14.033
[1, 26520] loss: 12.670
[1, 26540] loss: 9.282
[1, 26560] loss: 7.885
[1, 26580] loss: 16.271
[1, 26600] loss: 19.588
[1, 26620] loss: 9.303
[1, 26640] loss: 8.419
[1, 26660] loss: 8.481
[1, 26680] loss: 11.518
[1, 26700] loss: 18.477
[1, 26720] loss: 24.529
[1, 26740] loss: 8.473
[1, 26760] loss: 7.121
[1, 26780] loss: 10.353
[1, 26800] loss: 5.443
[1, 26820] loss: 5.850
[1, 26840] loss: 8.348
[1, 26860] loss: 18.263
[1, 26880] loss: 13.277
[1, 26900] loss: 8.778
[1, 26920] loss: 23.975
[1, 26940] loss: 10.113
[1, 26960] loss: 9.958
[1, 26980] loss: 10.416
[1, 27000] loss: 11.729
[1, 27020] loss: 11.094
[1, 27040] loss: 9.321
[1, 27060] loss: 6.020
[1, 27080] loss: 9.006
[1, 27100] loss: 14.828
[1, 27120] loss: 8.749
[1, 27140] loss: 3.554
[1, 27160] loss: 6.434
[1, 27180] loss: 6.605
[1, 27200] loss: 10.603
[1, 27220] loss: 6.703
[1, 27240] loss: 4.953
[1, 27260] loss: 12.774
[1, 27280] loss: 4.313
[1, 27300] loss: 6.299
[1, 27320] loss: 6.818
[1, 27340] loss: 5.043
[1, 27360] loss: 9.753
[1, 27380] loss: 19.478
[1, 27400] loss: 6.648
[1, 27420] loss: 6.604
[1, 27440] loss: 7.987
[1, 27460] loss: 7.940
[1, 27480] loss: 6.821
[1, 27500] loss: 6.111
[1, 27520] loss: 7.497
[1, 27540] loss: 5.521
[1, 27560] loss: 5.854
[1, 27580] loss: 7.850
[1, 27600] loss: 4.234
[1, 27620] loss: 4.938
[1, 27640] loss: 7.343
[1, 27660] loss: 4.740
[1, 27680] loss: 4.032
[1, 27700] loss: 4.052
[1, 27720] loss: 3.619
[1, 27740] loss: 8.640
[1, 27760] loss: 5.823
[1, 27780] loss: 4.635
[1, 27800] loss: 2.027
[1, 27820] loss: 3.300
[1, 27840] loss: 4.932
[1, 27860] loss: 2.384
[1, 27880] loss: 2.775
[1, 27900] loss: 14.839
[1, 27920] loss: 11.686
[1, 27940] loss: 12.466
[1, 27960] loss: 5.294
[1, 27980] loss: 5.287
[1, 28000] loss: 13.089
[1, 28020] loss: 4.731
[1, 28040] loss: 3.240
[1, 28060] loss: 5.906
[1, 28080] loss: 1.828
[1, 28100] loss: 6.342
[1, 28120] loss: 3.304
[1, 28140] loss: 9.875
[1, 28160] loss: 8.529
[1, 28180] loss: 13.025
[1, 28200] loss: 6.397
[1, 28220] loss: 8.094
[1, 28240] loss: 6.817
[1, 28260] loss: 6.818
[1, 28280] loss: 10.885
[1, 28300] loss: 8.546
[1, 28320] loss: 6.627
[1, 28340] loss: 7.042
[1, 28360] loss: 4.594
[1, 28380] loss: 5.739
[1, 28400] loss: 1.501
[1, 28420] loss: 6.780
[1, 28440] loss: 4.352
[1, 28460] loss: 4.935
[1, 28480] loss: 4.034
[1, 28500] loss: 1.720
[1, 28520] loss: 2.680
[1, 28540] loss: 3.734
[1, 28560] loss: 3.878
[1, 28580] loss: 5.018
[1, 28600] loss: 3.862
[1, 28620] loss: 4.907
[1, 28640] loss: 8.617
[1, 28660] loss: 3.816
[1, 28680] loss: 3.524
[1, 28700] loss: 1.982
[1, 28720] loss: 5.631
[1, 28740] loss: 3.518
[1, 28760] loss: 5.906
[1, 28780] loss: 12.292
[1, 28800] loss: 9.737
[1, 28820] loss: 5.959
[1, 28840] loss: 8.631
[1, 28860] loss: 5.867
[1, 28880] loss: 5.946
[1, 28900] loss: 2.676
[1, 28920] loss: 4.975
[1, 28940] loss: 3.546
[1, 28960] loss: 2.797
[1, 28980] loss: 7.523
[1, 29000] loss: 14.665
[1, 29020] loss: 4.401
[1, 29040] loss: 3.407
[1, 29060] loss: 7.887
[1, 29080] loss: 3.375
[1, 29100] loss: 2.026
[1, 29120] loss: 2.905
[1, 29140] loss: 2.599
[1, 29160] loss: 3.086
[1, 29180] loss: 9.585
[1, 29200] loss: 29.896
[1, 29220] loss: 30.510
[1, 29240] loss: 60.674
[1, 29260] loss: 82.641
[1, 29280] loss: 10.941
[1, 29300] loss: 12.521
[1, 29320] loss: 7.114
[1, 29340] loss: 8.845
[1, 29360] loss: 7.665
[1, 29380] loss: 1.339
[1, 29400] loss: 3.712
[1, 29420] loss: 1.875
[1, 29440] loss: 2.428
[1, 29460] loss: 1.390
[1, 29480] loss: 2.270
[1, 29500] loss: 5.299
[1, 29520] loss: 4.021
[1, 29540] loss: 1.918
[1, 29560] loss: 1.198
[1, 29580] loss: 3.200
[1, 29600] loss: 3.317
[1, 29620] loss: 1.005
[1, 29640] loss: 1.441
[1, 29660] loss: 1.049
[1, 29680] loss: 0.948
[1, 29700] loss: 2.898
[1, 29720] loss: 2.883
[1, 29740] loss: 2.431
[1, 29760] loss: 5.137
[1, 29780] loss: 2.132
[1, 29800] loss: 2.266
[1, 29820] loss: 2.738
[1, 29840] loss: 3.181
[1, 29860] loss: 2.631
[1, 29880] loss: 2.924
[1, 29900] loss: 1.887
[1, 29920] loss: 2.457
[1, 29940] loss: 2.742
[1, 29960] loss: 1.033
[1, 29980] loss: 2.397
[1, 30000] loss: 2.391
[1, 30020] loss: 2.860
[1, 30040] loss: 2.554
[1, 30060] loss: 2.278
[1, 30080] loss: 2.687
[1, 30100] loss: 2.547
[1, 30120] loss: 7.851
[1, 30140] loss: 11.935
[1, 30160] loss: 12.369
[1, 30180] loss: 8.350
[1, 30200] loss: 7.229
[1, 30220] loss: 2.227
[1, 30240] loss: 1.752
[1, 30260] loss: 2.503
[1, 30280] loss: 3.227
[1, 30300] loss: 2.542
[1, 30320] loss: 2.874
[1, 30340] loss: 1.061
[1, 30360] loss: 1.193
[1, 30380] loss: 2.091
[1, 30400] loss: 3.678
[1, 30420] loss: 1.735
[1,    20] loss: 8.921
[1,    40] loss: 5.300
[1,    60] loss: 5.258
[1,    80] loss: 4.165
[1,   100] loss: 3.726
[1,   120] loss: 3.173
[1,   140] loss: 2.796
[1,   160] loss: 4.458
[1,   180] loss: 4.944
[1,   200] loss: 4.495
[1,   220] loss: 4.311
[1,   240] loss: 4.170
[1,   260] loss: 4.118
[1,   280] loss: 3.852
[1,   300] loss: 3.659
[1,   320] loss: 3.475
[1,   340] loss: 3.275
[1,   360] loss: 3.096
[1,   380] loss: 2.961
[1,   400] loss: 2.816
[1,   420] loss: 2.713
[1,   440] loss: 2.634
[1,   460] loss: 2.561
[1,   480] loss: 2.463
[1,   500] loss: 2.395
[1,   520] loss: 2.318
[1,   540] loss: 2.234
[1,   560] loss: 2.213
[1,   580] loss: 2.238
[1,   600] loss: 2.193
[1,   620] loss: 2.126
[1,   640] loss: 2.080
[1,   660] loss: 2.045
[1,   680] loss: 1.997
[1,   700] loss: 1.955
[1,   720] loss: 1.920
[1,   740] loss: 1.908
[1,   760] loss: 1.893
[1,   780] loss: 1.879
[1,   800] loss: 1.865
[1,   820] loss: 1.838
[1,   840] loss: 1.804
[1,   860] loss: 1.774
[1,   880] loss: 1.743
[1,   900] loss: 1.718
[1,   920] loss: 1.684
[1,   940] loss: 1.659
[1,   960] loss: 1.633
[1,   980] loss: 1.612
[1,  1000] loss: 1.622
[1,  1020] loss: 1.656
[1,  1040] loss: 1.691
[1,  1060] loss: 1.716
[1,  1080] loss: 1.772
[1,  1100] loss: 1.787
[1,  1120] loss: 1.774
[1,  1140] loss: 1.766
[1,  1160] loss: 1.758
[1,  1180] loss: 1.739
[1,  1200] loss: 1.722
[1,  1220] loss: 1.718
[1,  1240] loss: 1.714
[1,  1260] loss: 1.713
[1,  1280] loss: 1.719
[1,  1300] loss: 1.741
[1,  1320] loss: 1.761
[1,  1340] loss: 1.767
[1,  1360] loss: 1.770
[1,  1380] loss: 1.775
[1,  1400] loss: 1.779
[1,  1420] loss: 1.786
[1,  1440] loss: 1.775
[1,  1460] loss: 1.760
[1,  1480] loss: 1.745
[1,  1500] loss: 1.729
[1,  1520] loss: 1.718
[1,  1540] loss: 1.708
[1,  1560] loss: 1.692
[1,  1580] loss: 1.683
[1,  1600] loss: 1.683
[1,  1620] loss: 1.683
[1,  1640] loss: 1.674
[1,  1660] loss: 1.664
[1,  1680] loss: 1.653
[1,  1700] loss: 1.644
[1,  1720] loss: 1.638
[1,  1740] loss: 1.647
[1,  1760] loss: 1.641
[1,  1780] loss: 1.627
[1,  1800] loss: 1.617
[1,  1820] loss: 1.609
[1,  1840] loss: 1.598
[1,  1860] loss: 1.585
[1,  1880] loss: 1.574
[1,  1900] loss: 1.566
[1,  1920] loss: 1.558
[1,  1940] loss: 1.554
[1,  1960] loss: 1.552
[1,  1980] loss: 1.552
[1,  2000] loss: 1.538
[1,  2020] loss: 1.530
[1,  2040] loss: 1.529
[1,  2060] loss: 1.527
[1,  2080] loss: 1.520
[1,  2100] loss: 1.516
[1,  2120] loss: 1.507
[1,  2140] loss: 1.501
[1,  2160] loss: 1.497
[1,  2180] loss: 1.493
[1,  2200] loss: 1.487
[1,  2220] loss: 1.489
[1,  2240] loss: 1.478
[1,  2260] loss: 1.465
[1,  2280] loss: 1.452
[1,  2300] loss: 1.440
[1,  2320] loss: 1.428
[1,  2340] loss: 1.416
[1,  2360] loss: 1.406
[1,  2380] loss: 1.396
[1,  2400] loss: 1.389
[1,  2420] loss: 1.379
[1,  2440] loss: 1.372
[1,  2460] loss: 1.361
[1,  2480] loss: 1.352
[1,  2500] loss: 1.342
[1,  2520] loss: 1.332
[1,  2540] loss: 1.322
[1,  2560] loss: 1.323
[1,  2580] loss: 1.332
[1,  2600] loss: 1.336
[1,  2620] loss: 1.348
[1,  2640] loss: 1.366
[1,  2660] loss: 1.375
[1,  2680] loss: 1.367
[1,  2700] loss: 1.362
[1,  2720] loss: 1.356
[1,  2740] loss: 1.353
[1,  2760] loss: 1.350
[1,  2780] loss: 1.342
[1,  2800] loss: 1.332
[1,  2820] loss: 1.325
[1,  2840] loss: 1.326
[1,  2860] loss: 1.324
[1,  2880] loss: 1.322
[1,  2900] loss: 1.316
[1,  2920] loss: 1.313
[1,  2940] loss: 1.322
[1,  2960] loss: 1.318
[1,  2980] loss: 1.317
[1,  3000] loss: 1.310
[1,  3020] loss: 1.302
[1,  3040] loss: 1.298
[1,  3060] loss: 1.304
[1,  3080] loss: 1.304
[1,  3100] loss: 1.302
[1,  3120] loss: 1.304
[1,  3140] loss: 1.305
[1,  3160] loss: 1.313
[1,  3180] loss: 1.319
[1,  3200] loss: 1.323
[1,  3220] loss: 1.324
[1,  3240] loss: 1.317
[1,  3260] loss: 1.310
[1,  3280] loss: 1.302
[1,  3300] loss: 1.295
[1,  3320] loss: 1.290
[1,  3340] loss: 1.286
[1,  3360] loss: 1.280
