cuda:  0
color_space: RGB
batch_size: 1
num_epcochs: 1
learning_rate: 0.001
[1,    20] loss: 0.069
[1,    40] loss: 0.627
[1,    60] loss: 0.567
[1,    80] loss: 0.348
[1,   100] loss: 0.046
[1,   120] loss: 0.113
[1,   140] loss: 0.033
[1,   160] loss: 0.121
[1,   180] loss: 0.283
[1,   200] loss: 0.047
[1,   220] loss: 0.041
[1,   240] loss: 0.025
[1,   260] loss: 0.028
[1,   280] loss: 0.010
[1,   300] loss: 0.172
[1,   320] loss: 0.263
[1,   340] loss: 0.027
[1,   360] loss: 0.037
[1,   380] loss: 0.205
[1,   400] loss: 0.123
[1,   420] loss: 0.050
[1,   440] loss: 0.106
[1,   460] loss: 0.025
[1,   480] loss: 0.033
[1,   500] loss: 0.031
[1,   520] loss: 0.087
[1,   540] loss: 0.040
[1,   560] loss: 0.028
[1,   580] loss: 0.145
[1,   600] loss: 0.040
[1,   620] loss: 0.004
[1,   640] loss: 0.020
[1,   660] loss: 0.197
[1,   680] loss: 0.062
[1,   700] loss: 0.180
[1,   720] loss: 0.123
[1,   740] loss: 0.028
[1,   760] loss: 0.040
[1,   780] loss: 0.042
[1,   800] loss: 0.050
[1,   820] loss: 0.040
[1,   840] loss: 0.146
[1,   860] loss: 0.022
[1,   880] loss: 0.035
[1,   900] loss: 0.060
[1,   920] loss: 0.033
[1,   940] loss: 0.166
[1,   960] loss: 0.026
[1,   980] loss: 0.060
[1,  1000] loss: 0.237
[1,  1020] loss: 0.053
[1,  1040] loss: 0.048
[1,  1060] loss: 0.037
[1,  1080] loss: 0.063
[1,  1100] loss: 0.047
[1,  1120] loss: 0.059
[1,  1140] loss: 0.035
[1,  1160] loss: 0.077
[1,  1180] loss: 0.073
[1,  1200] loss: 0.011
[1,  1220] loss: 0.126
[1,  1240] loss: 0.074
[1,  1260] loss: 0.025
[1,  1280] loss: 0.119
[1,  1300] loss: 0.104
[1,  1320] loss: 0.163
[1,  1340] loss: 0.130
[1,  1360] loss: 0.028
[1,  1380] loss: 0.123
[1,  1400] loss: 0.041
[1,  1420] loss: 0.073
[1,  1440] loss: 0.560
[1,  1460] loss: 105375.377
[1,  1480] loss: 1993351.423
[1,  1500] loss: 35495860.260
[1,  1520] loss: 36081300.169
[1,  1540] loss: 4398932.470
[1,  1560] loss: 218113.534
[1,  1580] loss: 42401.592
[1,  1600] loss: 42851.361
[1,  1620] loss: 29173.096
[1,  1640] loss: 16367.936
[1,  1660] loss: 14990.121
[1,  1680] loss: 14190.356
[1,  1700] loss: 8080.110
[1,  1720] loss: 11866.150
[1,  1740] loss: 4994.530
[1,  1760] loss: 6002.420
[1,  1780] loss: 3809.267
[1,  1800] loss: 3144.802
[1,  1820] loss: 4896.118
[1,  1840] loss: 2532.229
[1,  1860] loss: 2321.985
[1,  1880] loss: 2072.497
[1,  1900] loss: 2777.808
[1,  1920] loss: 2261.756
[1,  1940] loss: 1203.226
[1,  1960] loss: 2341.888
[1,  1980] loss: 2246.040
[1,  2000] loss: 839.891
[1,  2020] loss: 963.524
[1,  2040] loss: 1175.880
[1,  2060] loss: 1299.076
[1,  2080] loss: 1349.960
[1,  2100] loss: 677.481
[1,  2120] loss: 941.295
[1,  2140] loss: 796.372
[1,  2160] loss: 795.646
[1,  2180] loss: 472.160
[1,  2200] loss: 628.761
[1,  2220] loss: 968.935
[1,  2240] loss: 959.409
[1,  2260] loss: 372.509
[1,  2280] loss: 181.779
[1,  2300] loss: 652.008
[1,  2320] loss: 628.918
[1,  2340] loss: 445.821
[1,  2360] loss: 422.602
[1,  2380] loss: 427.985
[1,  2400] loss: 425.832
[1,  2420] loss: 191.156
[1,  2440] loss: 277.733
[1,  2460] loss: 242.123
[1,  2480] loss: 196.030
[1,  2500] loss: 191.321
[1,  2520] loss: 246.643
[1,  2540] loss: 235.358
[1,  2560] loss: 143.383
[1,  2580] loss: 268.886
[1,  2600] loss: 250.763
[1,  2620] loss: 138.336
[1,  2640] loss: 150.135
[1,  2660] loss: 189.059
[1,  2680] loss: 142.176
[1,  2700] loss: 143.207
[1,  2720] loss: 135.207
[1,  2740] loss: 238.734
[1,  2760] loss: 114.537
[1,  2780] loss: 59.756
[1,  2800] loss: 153.997
[1,  2820] loss: 133.851
[1,  2840] loss: 49.881
[1,  2860] loss: 68.666
[1,  2880] loss: 94.084
[1,  2900] loss: 104.628
[1,  2920] loss: 97.114
[1,  2940] loss: 127.981
[1,  2960] loss: 90.755
[1,  2980] loss: 49.511
[1,  3000] loss: 64.655
[1,  3020] loss: 84.955
[1,  3040] loss: 97.102
[1,  3060] loss: 60.241
[1,  3080] loss: 52.816
[1,  3100] loss: 51.440
[1,  3120] loss: 76.248
[1,  3140] loss: 61.562
[1,  3160] loss: 84.398
[1,  3180] loss: 80.311
[1,  3200] loss: 64.473
[1,  3220] loss: 40.571
[1,  3240] loss: 48.912
[1,  3260] loss: 74.726
[1,  3280] loss: 75.181
[1,  3300] loss: 75.198
[1,  3320] loss: 85.110
[1,  3340] loss: 55.088
[1,  3360] loss: 98.656
[1,  3380] loss: 97.091
[1,  3400] loss: 58.340
[1,  3420] loss: 47.000
[1,  3440] loss: 72.966
[1,  3460] loss: 31.335
[1,  3480] loss: 51.818
[1,  3500] loss: 54.238
[1,  3520] loss: 26.609
[1,  3540] loss: 57.859
[1,  3560] loss: 72.604
[1,  3580] loss: 31.377
[1,  3600] loss: 52.310
[1,  3620] loss: 67.780
[1,  3640] loss: 78.696
[1,  3660] loss: 51.795
[1,  3680] loss: 27.228
[1,  3700] loss: 64.315
[1,  3720] loss: 65.638
[1,  3740] loss: 53.530
[1,  3760] loss: 75.007
[1,  3780] loss: 88.424
[1,  3800] loss: 61.064
[1,  3820] loss: 58.009
[1,  3840] loss: 91.787
[1,  3860] loss: 37.940
[1,  3880] loss: 44.743
[1,  3900] loss: 48.682
[1,  3920] loss: 45.245
[1,  3940] loss: 73.946
[1,  3960] loss: 28.375
[1,  3980] loss: 34.014
[1,  4000] loss: 60.820
[1,  4020] loss: 62.420
[1,  4040] loss: 39.122
[1,  4060] loss: 32.311
[1,  4080] loss: 21.587
[1,  4100] loss: 37.942
[1,  4120] loss: 44.273
[1,  4140] loss: 43.033
[1,  4160] loss: 34.590
[1,  4180] loss: 40.635
[1,  4200] loss: 74.510
[1,  4220] loss: 25.941
[1,  4240] loss: 31.458
[1,  4260] loss: 27.391
[1,  4280] loss: 56.557
[1,  4300] loss: 49.399
[1,  4320] loss: 21.224
[1,  4340] loss: 34.962
[1,  4360] loss: 55.130
[1,  4380] loss: 48.534
[1,  4400] loss: 46.186
[1,  4420] loss: 58.487
[1,  4440] loss: 40.979
[1,  4460] loss: 50.229
[1,  4480] loss: 30.041
[1,  4500] loss: 36.518
[1,  4520] loss: 33.693
[1,  4540] loss: 36.810
[1,  4560] loss: 15.803
[1,  4580] loss: 56.612
[1,  4600] loss: 42.564
[1,  4620] loss: 35.653
[1,  4640] loss: 61.334
[1,  4660] loss: 35.752
[1,  4680] loss: 28.341
[1,  4700] loss: 24.709
[1,  4720] loss: 30.759
[1,  4740] loss: 30.988
[1,  4760] loss: 35.413
[1,  4780] loss: 27.580
[1,  4800] loss: 38.252
[1,  4820] loss: 27.253
[1,  4840] loss: 29.556
[1,  4860] loss: 30.819
[1,  4880] loss: 33.445
[1,  4900] loss: 38.505
[1,  4920] loss: 54.284
[1,  4940] loss: 53.723
[1,  4960] loss: 24.710
[1,  4980] loss: 30.256
[1,  5000] loss: 23.741
[1,  5020] loss: 21.010
[1,  5040] loss: 20.780
[1,  5060] loss: 32.368
[1,  5080] loss: 26.570
[1,  5100] loss: 58.659
[1,  5120] loss: 16.436
[1,  5140] loss: 15.231
[1,  5160] loss: 28.931
[1,  5180] loss: 35.857
[1,  5200] loss: 18.029
[1,  5220] loss: 30.049
[1,  5240] loss: 21.740
[1,  5260] loss: 24.257
[1,  5280] loss: 26.903
[1,  5300] loss: 28.264
[1,  5320] loss: 29.935
[1,  5340] loss: 25.233
[1,  5360] loss: 22.240
[1,  5380] loss: 20.960
[1,  5400] loss: 40.492
[1,  5420] loss: 30.760
[1,  5440] loss: 11.272
[1,  5460] loss: 22.782
[1,  5480] loss: 31.817
[1,  5500] loss: 26.942
[1,  5520] loss: 28.069
[1,  5540] loss: 27.340
[1,  5560] loss: 19.138
[1,  5580] loss: 12.747
[1,  5600] loss: 28.813
[1,  5620] loss: 36.933
[1,  5640] loss: 20.220
[1,  5660] loss: 15.849
[1,  5680] loss: 16.516
[1,  5700] loss: 35.155
[1,  5720] loss: 19.977
[1,  5740] loss: 16.513
[1,  5760] loss: 25.410
[1,  5780] loss: 16.817
[1,  5800] loss: 21.053
[1,  5820] loss: 24.635
[1,  5840] loss: 23.226
[1,  5860] loss: 19.270
[1,  5880] loss: 12.821
[1,  5900] loss: 32.178
[1,  5920] loss: 23.077
[1,  5940] loss: 14.578
[1,  5960] loss: 10.640
[1,  5980] loss: 14.132
[1,  6000] loss: 20.567
[1,  6020] loss: 19.050
[1,  6040] loss: 21.745
[1,  6060] loss: 11.629
[1,  6080] loss: 28.888
[1,  6100] loss: 19.739
[1,  6120] loss: 10.037
[1,  6140] loss: 18.468
[1,  6160] loss: 7.120
[1,  6180] loss: 13.347
[1,  6200] loss: 21.285
[1,  6220] loss: 20.864
[1,  6240] loss: 23.013
[1,  6260] loss: 15.861
[1,  6280] loss: 26.856
[1,  6300] loss: 20.332
[1,  6320] loss: 24.288
[1,  6340] loss: 13.764
[1,  6360] loss: 17.403
[1,  6380] loss: 15.797
[1,  6400] loss: 13.880
[1,  6420] loss: 19.611
[1,  6440] loss: 25.467
[1,  6460] loss: 18.687
[1,  6480] loss: 19.397
[1,  6500] loss: 11.102
[1,  6520] loss: 17.533
[1,  6540] loss: 9.657
[1,  6560] loss: 10.197
[1,  6580] loss: 11.952
[1,  6600] loss: 14.636
[1,  6620] loss: 19.592
[1,  6640] loss: 9.964
[1,  6660] loss: 16.787
[1,  6680] loss: 17.771
[1,  6700] loss: 15.410
[1,  6720] loss: 17.506
[1,  6740] loss: 21.319
[1,  6760] loss: 8.114
[1,  6780] loss: 10.262
[1,  6800] loss: 16.116
[1,  6820] loss: 16.357
[1,  6840] loss: 13.490
[1,  6860] loss: 9.377
[1,  6880] loss: 12.884
[1,  6900] loss: 12.780
[1,  6920] loss: 11.932
[1,  6940] loss: 14.150
[1,  6960] loss: 14.714
[1,  6980] loss: 12.583
[1,  7000] loss: 13.410
[1,  7020] loss: 9.569
[1,  7040] loss: 12.241
[1,  7060] loss: 11.644
[1,  7080] loss: 14.318
[1,  7100] loss: 8.523
[1,  7120] loss: 8.640
[1,  7140] loss: 7.436
[1,  7160] loss: 16.618
[1,  7180] loss: 9.082
[1,  7200] loss: 7.392
[1,  7220] loss: 6.414
[1,  7240] loss: 9.894
[1,  7260] loss: 7.822
[1,  7280] loss: 14.621
[1,  7300] loss: 16.040
[1,  7320] loss: 7.490
[1,  7340] loss: 11.377
[1,  7360] loss: 9.943
[1,  7380] loss: 6.248
[1,  7400] loss: 9.069
[1,  7420] loss: 9.197
[1,  7440] loss: 5.950
[1,  7460] loss: 10.442
[1,  7480] loss: 9.736
[1,  7500] loss: 8.757
[1,  7520] loss: 7.421
[1,  7540] loss: 8.564
[1,  7560] loss: 6.606
[1,  7580] loss: 8.426
[1,  7600] loss: 6.493
[1,  7620] loss: 8.037
[1,  7640] loss: 7.348
[1,  7660] loss: 6.333
[1,  7680] loss: 4.673
[1,  7700] loss: 7.616
[1,  7720] loss: 7.311
[1,  7740] loss: 8.826
[1,  7760] loss: 7.797
[1,  7780] loss: 7.152
[1,  7800] loss: 10.503
[1,  7820] loss: 7.574
[1,  7840] loss: 6.795
[1,  7860] loss: 6.496
[1,  7880] loss: 7.251
[1,  7900] loss: 5.178
[1,  7920] loss: 6.058
[1,  7940] loss: 3.211
[1,  7960] loss: 6.334
[1,  7980] loss: 14.883
[1,  8000] loss: 9.393
[1,  8020] loss: 2.995
[1,  8040] loss: 5.764
[1,  8060] loss: 2.313
[1,  8080] loss: 6.606
[1,  8100] loss: 3.824
[1,  8120] loss: 8.303
[1,  8140] loss: 7.575
[1,  8160] loss: 6.701
[1,  8180] loss: 6.012
[1,  8200] loss: 3.084
[1,  8220] loss: 11.344
[1,  8240] loss: 6.947
[1,  8260] loss: 6.646
[1,  8280] loss: 8.272
[1,  8300] loss: 3.862
[1,  8320] loss: 6.720
[1,  8340] loss: 5.016
[1,  8360] loss: 5.957
[1,  8380] loss: 3.128
[1,  8400] loss: 4.909
[1,  8420] loss: 4.507
[1,  8440] loss: 3.734
[1,  8460] loss: 6.074
[1,  8480] loss: 5.952
[1,  8500] loss: 3.056
[1,  8520] loss: 6.400
[1,  8540] loss: 5.557
[1,  8560] loss: 5.798
[1,  8580] loss: 6.267
[1,  8600] loss: 7.560
[1,  8620] loss: 3.725
[1,  8640] loss: 3.539
[1,  8660] loss: 3.120
[1,  8680] loss: 7.350
[1,  8700] loss: 5.598
[1,  8720] loss: 6.085
[1,  8740] loss: 4.099
[1,  8760] loss: 4.146
[1,  8780] loss: 4.948
[1,  8800] loss: 5.494
[1,  8820] loss: 15.137
[1,  8840] loss: 9.570
[1,  8860] loss: 3.000
[1,  8880] loss: 7.183
[1,  8900] loss: 2.501
[1,  8920] loss: 2.509
[1,  8940] loss: 3.256
[1,  8960] loss: 3.064
[1,  8980] loss: 3.412
[1,  9000] loss: 3.668
[1,  9020] loss: 2.525
[1,  9040] loss: 4.112
[1,  9060] loss: 2.669
[1,  9080] loss: 4.747
[1,  9100] loss: 4.590
[1,  9120] loss: 6.972
[1,  9140] loss: 1.636
[1,  9160] loss: 5.143
[1,  9180] loss: 3.747
[1,  9200] loss: 1.373
[1,  9220] loss: 5.307
[1,  9240] loss: 7.322
[1,  9260] loss: 1.868
[1,  9280] loss: 6.052
[1,  9300] loss: 11.299
[1,  9320] loss: 11.204
[1,  9340] loss: 8.785
[1,  9360] loss: 7.181
[1,  9380] loss: 2.902
[1,  9400] loss: 6.716
[1,  9420] loss: 3.877
[1,  9440] loss: 6.665
[1,  9460] loss: 4.555
[1,  9480] loss: 3.553
[1,  9500] loss: 3.075
[1,  9520] loss: 6.546
[1,  9540] loss: 1.388
[1,  9560] loss: 1.990
[1,  9580] loss: 1.914
[1,  9600] loss: 2.645
[1,  9620] loss: 5.157
[1,  9640] loss: 1.699
[1,  9660] loss: 1.738
[1,  9680] loss: 1.063
[1,  9700] loss: 1.891
[1,  9720] loss: 2.087
[1,  9740] loss: 1.397
[1,  9760] loss: 2.739
[1,  9780] loss: 3.902
[1,  9800] loss: 2.936
[1,  9820] loss: 1.133
[1,  9840] loss: 3.661
[1,  9860] loss: 3.671
[1,  9880] loss: 2.322
[1,  9900] loss: 2.548
[1,  9920] loss: 2.055
[1,  9940] loss: 1.683
[1,  9960] loss: 1.134
[1,  9980] loss: 2.150
[1, 10000] loss: 1.841
[1, 10020] loss: 2.591
[1, 10040] loss: 3.575
[1, 10060] loss: 3.847
[1, 10080] loss: 1.784
[1, 10100] loss: 1.861
[1, 10120] loss: 2.227
[1, 10140] loss: 3.163
[1, 10160] loss: 5.148
[1, 10180] loss: 2.147
[1, 10200] loss: 1.653
[1, 10220] loss: 1.033
[1, 10240] loss: 1.769
[1, 10260] loss: 1.880
[1, 10280] loss: 18.047
[1, 10300] loss: 4.768
[1, 10320] loss: 5.638
[1, 10340] loss: 4.350
[1, 10360] loss: 1.927
[1, 10380] loss: 0.666
[1, 10400] loss: 1.937
[1, 10420] loss: 1.936
[1, 10440] loss: 2.280
[1, 10460] loss: 0.828
[1, 10480] loss: 1.153
[1, 10500] loss: 1.199
[1, 10520] loss: 0.947
[1, 10540] loss: 0.642
[1, 10560] loss: 4.043
[1, 10580] loss: 5.714
[1, 10600] loss: 2.368
[1, 10620] loss: 1.363
[1, 10640] loss: 2.040
[1, 10660] loss: 3.745
[1, 10680] loss: 0.727
[1, 10700] loss: 0.587
[1, 10720] loss: 0.783
[1, 10740] loss: 1.534
[1, 10760] loss: 0.853
[1, 10780] loss: 1.025
[1, 10800] loss: 2.094
[1, 10820] loss: 4.517
[1, 10840] loss: 9.561
[1, 10860] loss: 1.991
[1, 10880] loss: 1.601
[1, 10900] loss: 1.770
[1, 10920] loss: 1.114
[1, 10940] loss: 1.173
[1, 10960] loss: 1.199
[1, 10980] loss: 2.334
[1, 11000] loss: 17.217
[1, 11020] loss: 24.540
[1, 11040] loss: 57.076
[1, 11060] loss: 48.127
[1, 11080] loss: 5.405
[1, 11100] loss: 4.089
[1, 11120] loss: 2.129
[1, 11140] loss: 12.114
[1, 11160] loss: 14.057
[1, 11180] loss: 1.600
[1, 11200] loss: 3.451
[1, 11220] loss: 2.391
[1, 11240] loss: 1.531
[1, 11260] loss: 0.811
[1, 11280] loss: 0.895
[1, 11300] loss: 11.777
[1, 11320] loss: 4.365
[1, 11340] loss: 5.505
[1, 11360] loss: 1.938
[1, 11380] loss: 0.908
[1, 11400] loss: 1.827
[1, 11420] loss: 2.296
[1, 11440] loss: 0.301
[1, 11460] loss: 1.587
[1, 11480] loss: 0.295
[1, 11500] loss: 1.302
[1, 11520] loss: 3.156
[1, 11540] loss: 5.001
[1, 11560] loss: 12.279
[1, 11580] loss: 37.818
[1, 11600] loss: 187.621
[1, 11620] loss: 180.800
[1, 11640] loss: 296.950
[1, 11660] loss: 125.887
[1, 11680] loss: 36.049
[1, 11700] loss: 2.721
[1, 11720] loss: 1.307
[1, 11740] loss: 0.388
[1, 11760] loss: 0.323
[1, 11780] loss: 0.200
[1, 11800] loss: 0.464
[1, 11820] loss: 0.673
[1, 11840] loss: 0.278
[1, 11860] loss: 0.273
[1, 11880] loss: 0.228
[1, 11900] loss: 0.242
[1, 11920] loss: 0.093
[1, 11940] loss: 0.334
[1, 11960] loss: 0.193
[1, 11980] loss: 0.325
[1, 12000] loss: 0.224
[1, 12020] loss: 0.396
[1, 12040] loss: 0.209
[1, 12060] loss: 0.448
[1, 12080] loss: 0.518
[1, 12100] loss: 0.374
[1, 12120] loss: 0.269
[1, 12140] loss: 0.226
[1, 12160] loss: 0.469
[1, 12180] loss: 0.394
[1, 12200] loss: 0.344
[1, 12220] loss: 0.419
[1, 12240] loss: 0.498
[1, 12260] loss: 0.165
[1, 12280] loss: 0.315
[1, 12300] loss: 0.110
[1, 12320] loss: 0.384
[1, 12340] loss: 0.240
[1, 12360] loss: 0.310
[1, 12380] loss: 0.494
[1, 12400] loss: 0.196
[1, 12420] loss: 0.395
[1, 12440] loss: 0.376
[1, 12460] loss: 0.190
[1, 12480] loss: 0.194
[1, 12500] loss: 0.220
[1, 12520] loss: 0.306
[1, 12540] loss: 0.454
[1, 12560] loss: 0.185
[1, 12580] loss: 0.078
[1, 12600] loss: 0.169
[1, 12620] loss: 0.263
[1, 12640] loss: 0.134
[1, 12660] loss: 0.129
[1, 12680] loss: 0.254
[1, 12700] loss: 0.393
[1, 12720] loss: 0.618
[1, 12740] loss: 0.480
[1, 12760] loss: 0.236
[1, 12780] loss: 0.218
[1, 12800] loss: 0.319
[1, 12820] loss: 0.382
[1, 12840] loss: 0.408
[1, 12860] loss: 0.139
[1, 12880] loss: 0.068
[1, 12900] loss: 0.130
[1, 12920] loss: 0.183
[1, 12940] loss: 0.195
[1, 12960] loss: 0.517
[1, 12980] loss: 0.262
[1, 13000] loss: 0.194
[1, 13020] loss: 0.161
[1, 13040] loss: 0.192
[1, 13060] loss: 0.512
[1, 13080] loss: 0.227
[1, 13100] loss: 0.233
[1, 13120] loss: 0.167
[1, 13140] loss: 0.280
[1, 13160] loss: 0.242
[1, 13180] loss: 0.313
[1, 13200] loss: 0.162
[1, 13220] loss: 0.192
[1, 13240] loss: 0.138
[1, 13260] loss: 0.195
[1, 13280] loss: 0.135
[1, 13300] loss: 0.204
[1, 13320] loss: 0.268
[1, 13340] loss: 0.351
[1, 13360] loss: 0.319
[1, 13380] loss: 0.270
[1, 13400] loss: 0.244
[1, 13420] loss: 0.191
[1, 13440] loss: 0.127
[1, 13460] loss: 0.300
[1, 13480] loss: 0.991
[1, 13500] loss: 0.426
[1, 13520] loss: 0.401
[1, 13540] loss: 0.177
[1, 13560] loss: 0.151
[1, 13580] loss: 0.225
[1, 13600] loss: 0.263
[1, 13620] loss: 0.141
[1, 13640] loss: 0.517
[1, 13660] loss: 0.194
[1, 13680] loss: 0.198
[1, 13700] loss: 0.125
[1, 13720] loss: 0.066
[1, 13740] loss: 0.275
[1, 13760] loss: 0.438
[1, 13780] loss: 0.803
[1, 13800] loss: 0.472
[1, 13820] loss: 1.128
[1, 13840] loss: 0.152
[1, 13860] loss: 0.198
[1, 13880] loss: 0.216
[1, 13900] loss: 0.216
[1, 13920] loss: 0.172
[1, 13940] loss: 0.083
[1, 13960] loss: 0.713
[1, 13980] loss: 0.371
[1, 14000] loss: 0.420
[1, 14020] loss: 0.160
[1, 14040] loss: 0.133
[1, 14060] loss: 0.131
[1, 14080] loss: 0.157
[1, 14100] loss: 0.320
[1, 14120] loss: 0.136
[1, 14140] loss: 0.217
[1, 14160] loss: 1.220
[1, 14180] loss: 1.113
[1, 14200] loss: 1.160
[1, 14220] loss: 0.233
[1, 14240] loss: 0.439
[1, 14260] loss: 1.388
[1, 14280] loss: 0.804
[1, 14300] loss: 1.156
[1, 14320] loss: 1.292
[1, 14340] loss: 0.381
[1, 14360] loss: 0.394
[1, 14380] loss: 0.213
[1, 14400] loss: 0.077
[1, 14420] loss: 0.133
[1, 14440] loss: 0.308
[1, 14460] loss: 0.895
[1, 14480] loss: 1.214
[1, 14500] loss: 0.952
[1, 14520] loss: 1.495
[1, 14540] loss: 0.626
[1, 14560] loss: 0.315
[1, 14580] loss: 0.131
[1, 14600] loss: 0.172
[1, 14620] loss: 0.150
[1, 14640] loss: 0.166
[1, 14660] loss: 1.863
[1, 14680] loss: 1.056
[1, 14700] loss: 3.524
[1, 14720] loss: 1.859
[1, 14740] loss: 0.226
[1, 14760] loss: 0.094
[1, 14780] loss: 0.186
[1, 14800] loss: 0.124
[1, 14820] loss: 0.354
[1, 14840] loss: 0.219
[1, 14860] loss: 0.433
[1, 14880] loss: 0.246
[1, 14900] loss: 0.131
[1, 14920] loss: 0.365
[1, 14940] loss: 0.829
[1, 14960] loss: 0.416
[1, 14980] loss: 0.405
[1, 15000] loss: 0.446
[1, 15020] loss: 0.464
[1, 15040] loss: 0.097
[1, 15060] loss: 0.148
[1, 15080] loss: 0.503
[1, 15100] loss: 0.215
[1, 15120] loss: 0.329
[1, 15140] loss: 1.038
[1, 15160] loss: 0.455
[1, 15180] loss: 0.533
[1, 15200] loss: 0.475
[1, 15220] loss: 0.191
[1, 15240] loss: 0.065
[1, 15260] loss: 0.329
[1, 15280] loss: 0.316
[1, 15300] loss: 0.342
[1, 15320] loss: 0.136
[1, 15340] loss: 0.045
[1, 15360] loss: 0.144
[1, 15380] loss: 0.260
[1, 15400] loss: 0.938
[1, 15420] loss: 1.737
[1, 15440] loss: 12.336
[1, 15460] loss: 16.642
[1, 15480] loss: 2.642
[1, 15500] loss: 0.302
[1, 15520] loss: 0.149
[1, 15540] loss: 0.153
[1, 15560] loss: 0.135
[1, 15580] loss: 0.368
[1, 15600] loss: 0.210
[1, 15620] loss: 0.095
[1, 15640] loss: 0.128
[1, 15660] loss: 0.097
[1, 15680] loss: 0.052
[1, 15700] loss: 0.130
[1, 15720] loss: 0.088
[1, 15740] loss: 0.370
[1, 15760] loss: 0.100
[1, 15780] loss: 0.183
[1, 15800] loss: 0.211
[1, 15820] loss: 0.136
[1, 15840] loss: 0.203
[1, 15860] loss: 0.097
[1, 15880] loss: 0.095
[1, 15900] loss: 0.208
[1, 15920] loss: 0.179
[1, 15940] loss: 0.078
[1, 15960] loss: 0.155
[1, 15980] loss: 0.033
[1, 16000] loss: 0.081
[1, 16020] loss: 0.115
[1, 16040] loss: 0.091
[1, 16060] loss: 0.217
[1, 16080] loss: 0.075
[1, 16100] loss: 0.128
[1, 16120] loss: 0.066
[1, 16140] loss: 0.185
[1, 16160] loss: 0.151
[1, 16180] loss: 0.141
[1, 16200] loss: 0.100
[1, 16220] loss: 0.043
[1, 16240] loss: 0.092
[1, 16260] loss: 0.074
[1, 16280] loss: 0.088
[1, 16300] loss: 0.053
[1, 16320] loss: 0.072
[1, 16340] loss: 0.183
[1, 16360] loss: 0.100
[1, 16380] loss: 0.109
[1, 16400] loss: 0.187
[1, 16420] loss: 0.139
[1, 16440] loss: 0.193
[1, 16460] loss: 0.172
[1, 16480] loss: 0.063
[1, 16500] loss: 0.336
[1, 16520] loss: 0.084
[1, 16540] loss: 0.141
[1, 16560] loss: 0.121
[1, 16580] loss: 0.113
[1, 16600] loss: 0.064
[1, 16620] loss: 0.090
[1, 16640] loss: 0.111
[1, 16660] loss: 0.263
[1, 16680] loss: 0.254
[1, 16700] loss: 0.169
[1, 16720] loss: 0.053
[1, 16740] loss: 0.154
[1, 16760] loss: 0.176
[1, 16780] loss: 0.034
[1, 16800] loss: 0.056
[1, 16820] loss: 0.126
[1, 16840] loss: 0.101
[1, 16860] loss: 0.065
[1, 16880] loss: 0.147
[1, 16900] loss: 0.170
[1, 16920] loss: 0.087
[1, 16940] loss: 0.040
[1, 16960] loss: 0.069
[1, 16980] loss: 0.081
[1, 17000] loss: 0.104
[1, 17020] loss: 0.087
[1, 17040] loss: 0.114
[1, 17060] loss: 0.149
[1, 17080] loss: 0.097
[1, 17100] loss: 0.141
[1, 17120] loss: 0.093
[1, 17140] loss: 0.050
[1, 17160] loss: 0.144
[1, 17180] loss: 0.267
[1, 17200] loss: 0.124
[1, 17220] loss: 0.205
[1, 17240] loss: 0.097
[1, 17260] loss: 0.129
[1, 17280] loss: 0.148
[1, 17300] loss: 0.040
[1, 17320] loss: 0.120
[1, 17340] loss: 0.076
[1, 17360] loss: 0.075
[1, 17380] loss: 0.034
[1, 17400] loss: 0.174
[1, 17420] loss: 0.178
[1, 17440] loss: 0.081
[1, 17460] loss: 0.147
[1, 17480] loss: 0.158
[1, 17500] loss: 0.105
[1, 17520] loss: 0.287
[1, 17540] loss: 0.075
[1, 17560] loss: 0.074
[1, 17580] loss: 0.137
[1, 17600] loss: 0.036
[1, 17620] loss: 0.046
[1, 17640] loss: 0.086
[1, 17660] loss: 0.086
[1, 17680] loss: 0.037
[1, 17700] loss: 0.124
[1, 17720] loss: 0.046
[1, 17740] loss: 0.053
[1, 17760] loss: 0.054
[1, 17780] loss: 0.122
[1, 17800] loss: 0.119
[1, 17820] loss: 0.135
[1, 17840] loss: 0.128
[1, 17860] loss: 0.120
[1, 17880] loss: 0.069
[1, 17900] loss: 0.093
[1, 17920] loss: 0.114
[1, 17940] loss: 0.177
[1, 17960] loss: 0.118
[1, 17980] loss: 0.050
[1, 18000] loss: 0.075
[1, 18020] loss: 0.129
[1, 18040] loss: 0.075
[1, 18060] loss: 0.087
[1, 18080] loss: 0.052
[1, 18100] loss: 0.111
[1, 18120] loss: 0.074
[1, 18140] loss: 0.250
[1, 18160] loss: 0.179
[1, 18180] loss: 0.061
[1, 18200] loss: 0.138
[1, 18220] loss: 0.154
[1, 18240] loss: 0.064
[1, 18260] loss: 0.056
[1, 18280] loss: 0.105
[1, 18300] loss: 0.131
[1, 18320] loss: 0.113
[1, 18340] loss: 0.103
[1, 18360] loss: 0.237
[1, 18380] loss: 0.118
[1, 18400] loss: 0.133
[1, 18420] loss: 0.093
[1, 18440] loss: 0.037
[1, 18460] loss: 0.121
[1, 18480] loss: 0.046
[1, 18500] loss: 0.122
[1, 18520] loss: 0.055
[1, 18540] loss: 0.168
[1, 18560] loss: 0.060
[1, 18580] loss: 0.103
[1, 18600] loss: 0.091
[1, 18620] loss: 0.137
[1, 18640] loss: 0.116
[1, 18660] loss: 0.300
[1, 18680] loss: 0.155
[1, 18700] loss: 0.120
[1, 18720] loss: 0.213
[1, 18740] loss: 0.148
[1, 18760] loss: 0.062
[1, 18780] loss: 0.230
[1, 18800] loss: 0.254
[1, 18820] loss: 0.256
[1, 18840] loss: 0.274
[1, 18860] loss: 0.158
[1, 18880] loss: 0.201
[1, 18900] loss: 0.102
[1, 18920] loss: 0.285
[1, 18940] loss: 0.103
[1, 18960] loss: 0.078
[1, 18980] loss: 0.051
[1, 19000] loss: 0.061
[1, 19020] loss: 0.047
[1, 19040] loss: 0.212
[1, 19060] loss: 0.067
[1, 19080] loss: 0.042
[1, 19100] loss: 0.115
[1, 19120] loss: 0.076
[1, 19140] loss: 0.092
[1, 19160] loss: 0.084
[1, 19180] loss: 0.181
[1, 19200] loss: 0.039
[1, 19220] loss: 0.086
[1, 19240] loss: 0.087
[1, 19260] loss: 0.149
[1, 19280] loss: 0.081
[1, 19300] loss: 0.311
[1, 19320] loss: 0.065
[1, 19340] loss: 0.106
[1, 19360] loss: 0.059
[1, 19380] loss: 0.100
[1, 19400] loss: 0.147
[1, 19420] loss: 0.123
[1, 19440] loss: 0.047
[1, 19460] loss: 0.050
[1, 19480] loss: 0.044
[1, 19500] loss: 0.111
[1, 19520] loss: 0.036
[1, 19540] loss: 0.070
[1, 19560] loss: 0.063
[1, 19580] loss: 0.064
[1, 19600] loss: 0.118
[1, 19620] loss: 0.194
[1, 19640] loss: 0.074
[1, 19660] loss: 0.040
[1, 19680] loss: 0.044
[1, 19700] loss: 0.175
[1, 19720] loss: 0.129
[1, 19740] loss: 0.080
[1, 19760] loss: 0.215
[1, 19780] loss: 0.109
[1, 19800] loss: 0.050
[1, 19820] loss: 0.079
[1, 19840] loss: 0.102
[1, 19860] loss: 0.107
[1, 19880] loss: 0.150
[1, 19900] loss: 0.209
[1, 19920] loss: 0.161
[1, 19940] loss: 0.047
[1, 19960] loss: 0.029
[1, 19980] loss: 0.074
[1, 20000] loss: 0.121
[1, 20020] loss: 0.062
[1, 20040] loss: 0.190
[1, 20060] loss: 0.033
[1, 20080] loss: 0.074
[1, 20100] loss: 0.049
[1, 20120] loss: 0.110
[1, 20140] loss: 0.049
[1, 20160] loss: 0.067
[1, 20180] loss: 0.069
[1, 20200] loss: 0.086
[1, 20220] loss: 0.096
[1, 20240] loss: 0.046
[1, 20260] loss: 0.056
[1, 20280] loss: 0.031
[1, 20300] loss: 0.060
[1, 20320] loss: 0.209
[1, 20340] loss: 0.069
[1, 20360] loss: 0.215
[1, 20380] loss: 0.094
[1, 20400] loss: 0.069
[1, 20420] loss: 0.048
[1, 20440] loss: 0.043
[1, 20460] loss: 0.246
[1, 20480] loss: 0.215
[1, 20500] loss: 0.113
[1, 20520] loss: 0.066
[1, 20540] loss: 0.203
[1, 20560] loss: 0.027
[1, 20580] loss: 0.045
[1, 20600] loss: 0.043
[1, 20620] loss: 0.046
[1, 20640] loss: 0.088
[1, 20660] loss: 0.196
[1, 20680] loss: 0.128
[1, 20700] loss: 0.486
[1, 20720] loss: 0.180
[1, 20740] loss: 0.102
[1, 20760] loss: 0.073
[1, 20780] loss: 0.048
[1, 20800] loss: 0.089
[1, 20820] loss: 0.148
[1, 20840] loss: 0.206
[1, 20860] loss: 0.093
[1, 20880] loss: 0.050
[1, 20900] loss: 0.164
[1, 20920] loss: 0.045
[1, 20940] loss: 0.068
[1, 20960] loss: 0.028
[1, 20980] loss: 0.087
[1, 21000] loss: 0.054
[1, 21020] loss: 0.279
[1, 21040] loss: 0.027
[1, 21060] loss: 0.157
[1, 21080] loss: 0.102
[1, 21100] loss: 0.115
[1, 21120] loss: 0.118
[1, 21140] loss: 0.047
[1, 21160] loss: 0.167
[1, 21180] loss: 0.043
[1, 21200] loss: 0.234
[1, 21220] loss: 0.320
[1, 21240] loss: 0.194
[1, 21260] loss: 0.070
[1, 21280] loss: 0.064
[1, 21300] loss: 0.127
[1, 21320] loss: 0.113
[1, 21340] loss: 0.170
[1, 21360] loss: 0.105
[1, 21380] loss: 0.051
[1, 21400] loss: 0.063
[1, 21420] loss: 0.098
[1, 21440] loss: 0.156
[1, 21460] loss: 0.066
[1, 21480] loss: 0.161
[1, 21500] loss: 0.100
[1, 21520] loss: 0.080
[1, 21540] loss: 0.050
[1, 21560] loss: 0.108
[1, 21580] loss: 0.119
[1, 21600] loss: 0.129
[1, 21620] loss: 0.110
[1, 21640] loss: 0.085
[1, 21660] loss: 0.038
[1, 21680] loss: 0.046
[1, 21700] loss: 0.118
[1, 21720] loss: 0.193
[1, 21740] loss: 0.090
[1, 21760] loss: 0.140
[1, 21780] loss: 0.174
[1, 21800] loss: 0.137
[1, 21820] loss: 0.242
[1, 21840] loss: 0.109
[1, 21860] loss: 0.123
[1, 21880] loss: 0.175
[1, 21900] loss: 0.297
[1, 21920] loss: 0.532
[1, 21940] loss: 0.237
[1, 21960] loss: 0.252
[1, 21980] loss: 0.305
[1, 22000] loss: 0.119
[1, 22020] loss: 0.161
[1, 22040] loss: 0.040
[1, 22060] loss: 0.501
[1, 22080] loss: 0.119
[1, 22100] loss: 0.128
[1, 22120] loss: 0.130
[1, 22140] loss: 0.195
[1, 22160] loss: 0.753
[1, 22180] loss: 0.292
[1, 22200] loss: 0.081
[1, 22220] loss: 0.138
[1, 22240] loss: 0.144
[1, 22260] loss: 0.101
[1, 22280] loss: 0.091
[1, 22300] loss: 0.144
[1, 22320] loss: 0.458
[1, 22340] loss: 0.180
[1, 22360] loss: 0.241
[1, 22380] loss: 0.296
[1, 22400] loss: 0.160
[1, 22420] loss: 0.218
[1, 22440] loss: 0.069
[1, 22460] loss: 0.152
[1, 22480] loss: 0.076
[1, 22500] loss: 0.033
[1, 22520] loss: 0.026
[1, 22540] loss: 0.069
[1, 22560] loss: 0.082
[1, 22580] loss: 0.254
[1, 22600] loss: 0.207
[1, 22620] loss: 0.041
[1, 22640] loss: 0.466
[1, 22660] loss: 0.197
[1, 22680] loss: 0.256
[1, 22700] loss: 0.413
[1, 22720] loss: 0.151
[1, 22740] loss: 0.213
[1, 22760] loss: 0.153
[1, 22780] loss: 0.202
[1, 22800] loss: 0.139
[1, 22820] loss: 0.102
[1, 22840] loss: 0.272
[1, 22860] loss: 0.326
[1, 22880] loss: 0.083
[1, 22900] loss: 0.165
[1, 22920] loss: 0.097
[1, 22940] loss: 0.160
[1, 22960] loss: 0.089
[1, 22980] loss: 0.202
[1, 23000] loss: 0.153
[1, 23020] loss: 0.106
[1, 23040] loss: 0.081
[1, 23060] loss: 0.109
[1, 23080] loss: 0.412
[1, 23100] loss: 0.073
[1, 23120] loss: 0.060
[1, 23140] loss: 0.166
[1, 23160] loss: 0.262
[1, 23180] loss: 0.161
[1, 23200] loss: 0.147
[1, 23220] loss: 0.033
[1, 23240] loss: 0.151
[1, 23260] loss: 0.055
[1, 23280] loss: 0.031
[1, 23300] loss: 0.029
[1, 23320] loss: 0.197
[1, 23340] loss: 0.087
[1, 23360] loss: 0.077
[1, 23380] loss: 0.110
[1, 23400] loss: 0.066
[1, 23420] loss: 0.368
[1, 23440] loss: 0.130
[1, 23460] loss: 0.163
[1, 23480] loss: 0.038
[1, 23500] loss: 0.075
[1, 23520] loss: 0.008
[1, 23540] loss: 0.017
[1, 23560] loss: 0.168
[1, 23580] loss: 0.054
[1, 23600] loss: 0.040
[1, 23620] loss: 0.041
[1, 23640] loss: 0.219
[1, 23660] loss: 0.055
[1, 23680] loss: 0.193
[1, 23700] loss: 0.128
[1, 23720] loss: 0.116
[1, 23740] loss: 0.212
[1, 23760] loss: 0.137
[1, 23780] loss: 0.112
[1, 23800] loss: 0.300
[1, 23820] loss: 0.096
[1, 23840] loss: 0.192
[1, 23860] loss: 0.122
[1, 23880] loss: 0.034
[1, 23900] loss: 0.099
[1, 23920] loss: 0.059
[1, 23940] loss: 0.027
[1, 23960] loss: 0.110
[1, 23980] loss: 0.055
[1, 24000] loss: 0.230
[1, 24020] loss: 0.199
[1, 24040] loss: 0.086
[1, 24060] loss: 0.165
[1, 24080] loss: 0.086
[1, 24100] loss: 0.088
[1, 24120] loss: 0.121
[1, 24140] loss: 0.035
[1, 24160] loss: 0.068
[1, 24180] loss: 0.098
[1, 24200] loss: 0.042
[1, 24220] loss: 0.128
[1, 24240] loss: 0.180
[1, 24260] loss: 0.045
[1, 24280] loss: 0.130
[1, 24300] loss: 0.071
[1, 24320] loss: 0.079
[1, 24340] loss: 0.044
[1, 24360] loss: 0.065
[1, 24380] loss: 0.071
[1, 24400] loss: 0.019
[1, 24420] loss: 0.047
[1, 24440] loss: 0.158
[1, 24460] loss: 0.109
[1, 24480] loss: 0.106
[1, 24500] loss: 0.048
[1, 24520] loss: 0.177
[1, 24540] loss: 0.019
[1, 24560] loss: 0.044
[1, 24580] loss: 0.019
[1, 24600] loss: 0.295
[1, 24620] loss: 0.235
[1, 24640] loss: 0.843
[1, 24660] loss: 0.393
[1, 24680] loss: 0.219
[1, 24700] loss: 0.092
[1, 24720] loss: 0.206
[1, 24740] loss: 0.451
[1, 24760] loss: 0.124
[1, 24780] loss: 0.085
[1, 24800] loss: 0.073
[1, 24820] loss: 0.155
[1, 24840] loss: 0.068
[1, 24860] loss: 0.047
[1, 24880] loss: 0.069
[1, 24900] loss: 0.055
[1, 24920] loss: 0.042
[1, 24940] loss: 0.054
[1, 24960] loss: 0.038
[1, 24980] loss: 0.065
[1, 25000] loss: 0.024
[1, 25020] loss: 0.174
[1, 25040] loss: 0.049
[1, 25060] loss: 0.043
[1, 25080] loss: 0.044
[1, 25100] loss: 0.061
[1, 25120] loss: 0.037
[1, 25140] loss: 0.022
[1, 25160] loss: 0.026
[1, 25180] loss: 0.042
[1, 25200] loss: 0.092
[1, 25220] loss: 0.127
[1, 25240] loss: 0.075
[1, 25260] loss: 0.048
[1, 25280] loss: 0.073
[1, 25300] loss: 0.033
[1, 25320] loss: 0.055
[1, 25340] loss: 0.092
[1, 25360] loss: 0.023
[1, 25380] loss: 0.035
[1, 25400] loss: 0.025
[1, 25420] loss: 0.148
[1, 25440] loss: 0.101
[1, 25460] loss: 0.018
[1, 25480] loss: 0.039
[1, 25500] loss: 0.028
[1, 25520] loss: 0.023
[1, 25540] loss: 0.065
[1, 25560] loss: 0.064
[1, 25580] loss: 0.035
[1, 25600] loss: 0.068
[1, 25620] loss: 0.015
[1, 25640] loss: 0.051
[1, 25660] loss: 0.076
[1, 25680] loss: 0.037
[1, 25700] loss: 0.135
[1, 25720] loss: 0.034
[1, 25740] loss: 0.083
[1, 25760] loss: 0.117
[1, 25780] loss: 0.118
[1, 25800] loss: 0.076
[1, 25820] loss: 0.017
[1, 25840] loss: 0.117
[1, 25860] loss: 0.091
[1, 25880] loss: 0.100
[1, 25900] loss: 0.213
[1, 25920] loss: 0.057
[1, 25940] loss: 0.023
[1, 25960] loss: 0.132
[1, 25980] loss: 0.057
[1, 26000] loss: 0.107
[1, 26020] loss: 0.029
[1, 26040] loss: 0.094
[1, 26060] loss: 0.111
[1, 26080] loss: 0.128
[1, 26100] loss: 0.216
[1, 26120] loss: 0.060
[1, 26140] loss: 0.055
[1, 26160] loss: 0.108
[1, 26180] loss: 0.047
[1, 26200] loss: 0.129
[1, 26220] loss: 0.073
[1, 26240] loss: 0.219
[1, 26260] loss: 0.149
[1, 26280] loss: 0.102
[1, 26300] loss: 0.065
[1, 26320] loss: 0.069
[1, 26340] loss: 0.099
[1, 26360] loss: 0.235
[1, 26380] loss: 0.173
[1, 26400] loss: 0.059
[1, 26420] loss: 0.031
[1, 26440] loss: 0.049
[1, 26460] loss: 0.038
[1, 26480] loss: 0.087
[1, 26500] loss: 0.349
[1, 26520] loss: 1.060
[1, 26540] loss: 46619.689
[1, 26560] loss: 4263080.959
[1, 26580] loss: 5273781.063
[1, 26600] loss: 100541.263
[1, 26620] loss: 7903.964
[1, 26640] loss: 896.344
[1, 26660] loss: 720.081
[1, 26680] loss: 389.922
[1, 26700] loss: 650.357
[1, 26720] loss: 214.634
[1, 26740] loss: 191.488
[1, 26760] loss: 130.951
[1, 26780] loss: 396.451
[1, 26800] loss: 186.981
[1, 26820] loss: 213.896
[1, 26840] loss: 132.789
[1, 26860] loss: 169.488
[1, 26880] loss: 140.459
[1, 26900] loss: 86.615
[1, 26920] loss: 154.060
[1, 26940] loss: 95.755
[1, 26960] loss: 78.829
[1, 26980] loss: 191.618
[1, 27000] loss: 141.345
[1, 27020] loss: 80.994
[1, 27040] loss: 41.683
[1, 27060] loss: 71.984
[1, 27080] loss: 78.797
[1, 27100] loss: 53.523
[1, 27120] loss: 85.322
[1, 27140] loss: 143.146
[1, 27160] loss: 87.160
[1, 27180] loss: 49.267
[1, 27200] loss: 100.751
[1, 27220] loss: 84.195
[1, 27240] loss: 46.181
[1, 27260] loss: 44.976
[1, 27280] loss: 51.961
[1, 27300] loss: 70.215
[1, 27320] loss: 64.253
[1, 27340] loss: 54.634
[1, 27360] loss: 79.731
[1, 27380] loss: 92.249
[1, 27400] loss: 56.126
[1, 27420] loss: 44.649
[1, 27440] loss: 60.086
[1, 27460] loss: 51.162
[1, 27480] loss: 38.413
[1, 27500] loss: 46.200
[1, 27520] loss: 38.730
[1, 27540] loss: 62.023
[1, 27560] loss: 42.886
[1, 27580] loss: 31.840
[1, 27600] loss: 27.580
[1, 27620] loss: 49.459
[1, 27640] loss: 39.054
[1, 27660] loss: 61.987
[1, 27680] loss: 26.878
[1, 27700] loss: 21.822
[1, 27720] loss: 56.471
[1, 27740] loss: 29.676
[1, 27760] loss: 63.066
[1, 27780] loss: 24.233
[1, 27800] loss: 13.724
[1, 27820] loss: 33.118
[1, 27840] loss: 41.119
[1, 27860] loss: 30.099
[1, 27880] loss: 42.322
[1, 27900] loss: 44.729
[1, 27920] loss: 49.810
[1, 27940] loss: 37.352
[1, 27960] loss: 21.318
[1, 27980] loss: 24.423
[1, 28000] loss: 33.362
[1, 28020] loss: 24.694
[1, 28040] loss: 25.047
[1, 28060] loss: 22.522
[1, 28080] loss: 15.961
[1, 28100] loss: 26.815
[1, 28120] loss: 20.731
[1, 28140] loss: 11.261
[1, 28160] loss: 25.583
[1, 28180] loss: 25.171
[1, 28200] loss: 18.272
[1, 28220] loss: 16.771
[1, 28240] loss: 27.303
[1, 28260] loss: 13.701
[1, 28280] loss: 16.660
[1, 28300] loss: 6.458
[1, 28320] loss: 9.125
[1, 28340] loss: 14.046
[1, 28360] loss: 13.144
[1, 28380] loss: 14.104
[1, 28400] loss: 6.806
[1, 28420] loss: 8.442
[1, 28440] loss: 11.918
[1, 28460] loss: 18.606
[1, 28480] loss: 14.786
[1, 28500] loss: 15.401
[1, 28520] loss: 30.700
[1, 28540] loss: 11.069
[1, 28560] loss: 24.393
[1, 28580] loss: 24.070
[1, 28600] loss: 12.223
[1, 28620] loss: 14.699
[1, 28640] loss: 17.600
[1, 28660] loss: 14.509
[1, 28680] loss: 4.794
[1, 28700] loss: 18.305
[1, 28720] loss: 11.922
[1, 28740] loss: 17.078
[1, 28760] loss: 18.233
[1, 28780] loss: 8.981
[1, 28800] loss: 9.860
[1, 28820] loss: 4.435
[1, 28840] loss: 13.677
[1, 28860] loss: 4.750
[1, 28880] loss: 19.747
[1, 28900] loss: 8.219
[1, 28920] loss: 15.207
[1, 28940] loss: 13.719
[1, 28960] loss: 9.119
[1, 28980] loss: 11.109
[1, 29000] loss: 6.546
[1, 29020] loss: 14.486
[1, 29040] loss: 6.448
[1, 29060] loss: 6.886
[1, 29080] loss: 6.171
[1, 29100] loss: 6.636
[1, 29120] loss: 10.310
[1, 29140] loss: 11.142
[1, 29160] loss: 12.312
[1, 29180] loss: 6.271
[1, 29200] loss: 6.971
[1, 29220] loss: 10.753
[1, 29240] loss: 4.045
[1, 29260] loss: 6.001
[1, 29280] loss: 7.909
[1, 29300] loss: 6.016
[1, 29320] loss: 4.898
[1, 29340] loss: 4.888
[1, 29360] loss: 10.206
[1, 29380] loss: 5.138
[1, 29400] loss: 18.017
[1, 29420] loss: 14.427
[1, 29440] loss: 5.195
[1, 29460] loss: 12.372
[1, 29480] loss: 9.332
[1, 29500] loss: 8.611
[1, 29520] loss: 5.765
[1, 29540] loss: 5.858
[1, 29560] loss: 4.304
[1, 29580] loss: 3.978
[1, 29600] loss: 5.846
[1, 29620] loss: 6.892
[1, 29640] loss: 9.553
[1, 29660] loss: 6.443
[1, 29680] loss: 3.084
[1, 29700] loss: 2.011
[1, 29720] loss: 5.206
[1, 29740] loss: 2.266
[1, 29760] loss: 7.005
[1, 29780] loss: 2.937
[1, 29800] loss: 4.371
[1, 29820] loss: 3.454
[1, 29840] loss: 6.032
[1, 29860] loss: 6.697
[1, 29880] loss: 6.383
[1, 29900] loss: 2.401
[1, 29920] loss: 2.422
[1, 29940] loss: 1.629
[1, 29960] loss: 1.950
[1, 29980] loss: 4.985
[1, 30000] loss: 3.988
[1, 30020] loss: 2.795
[1, 30040] loss: 2.722
[1, 30060] loss: 1.797
[1, 30080] loss: 3.585
[1, 30100] loss: 4.488
[1, 30120] loss: 4.429
[1, 30140] loss: 3.627
[1, 30160] loss: 4.194
[1, 30180] loss: 2.074
[1, 30200] loss: 5.803
[1, 30220] loss: 3.956
[1, 30240] loss: 2.858
[1, 30260] loss: 3.846
[1, 30280] loss: 2.635
[1, 30300] loss: 3.680
[1, 30320] loss: 3.749
[1, 30340] loss: 4.551
[1, 30360] loss: 1.553
[1, 30380] loss: 1.737
[1, 30400] loss: 2.092
[1, 30420] loss: 2.147
[1,    20] loss: 5.566
[1,    40] loss: 5.638
[1,    60] loss: 5.015
[1,    80] loss: 4.269
[1,   100] loss: 5.064
[1,   120] loss: 4.941
[1,   140] loss: 4.272
[1,   160] loss: 4.007
[1,   180] loss: 3.989
[1,   200] loss: 3.915
[1,   220] loss: 3.667
[1,   240] loss: 3.435
[1,   260] loss: 3.193
[1,   280] loss: 2.977
[1,   300] loss: 2.787
[1,   320] loss: 2.625
[1,   340] loss: 2.509
[1,   360] loss: 2.412
[1,   380] loss: 2.294
[1,   400] loss: 2.182
[1,   420] loss: 2.141
[1,   440] loss: 2.081
[1,   460] loss: 1.995
[1,   480] loss: 1.919
[1,   500] loss: 1.850
[1,   520] loss: 1.812
[1,   540] loss: 1.763
[1,   560] loss: 1.713
[1,   580] loss: 1.662
[1,   600] loss: 1.609
[1,   620] loss: 1.570
[1,   640] loss: 1.532
[1,   660] loss: 1.495
[1,   680] loss: 1.469
[1,   700] loss: 1.450
[1,   720] loss: 1.427
[1,   740] loss: 1.407
[1,   760] loss: 1.400
[1,   780] loss: 1.390
[1,   800] loss: 1.392
[1,   820] loss: 1.383
[1,   840] loss: 1.387
[1,   860] loss: 1.406
[1,   880] loss: 1.423
[1,   900] loss: 1.433
[1,   920] loss: 1.449
[1,   940] loss: 1.471
[1,   960] loss: 1.508
[1,   980] loss: 1.549
[1,  1000] loss: 1.569
[1,  1020] loss: 1.602
[1,  1040] loss: 1.604
[1,  1060] loss: 1.597
[1,  1080] loss: 1.591
[1,  1100] loss: 1.606
[1,  1120] loss: 1.659
[1,  1140] loss: 1.663
[1,  1160] loss: 1.658
[1,  1180] loss: 1.660
[1,  1200] loss: 1.715
[1,  1220] loss: 1.760
[1,  1240] loss: 1.814
[1,  1260] loss: 1.849
[1,  1280] loss: 1.901
[1,  1300] loss: 1.956
[1,  1320] loss: 1.981
[1,  1340] loss: 1.988
[1,  1360] loss: 1.989
[1,  1380] loss: 1.974
[1,  1400] loss: 1.958
[1,  1420] loss: 1.939
[1,  1440] loss: 1.917
[1,  1460] loss: 1.891
[1,  1480] loss: 1.867
[1,  1500] loss: 1.842
[1,  1520] loss: 1.818
[1,  1540] loss: 1.795
[1,  1560] loss: 1.774
[1,  1580] loss: 1.754
[1,  1600] loss: 1.732
[1,  1620] loss: 1.712
[1,  1640] loss: 1.694
[1,  1660] loss: 1.678
[1,  1680] loss: 1.665
[1,  1700] loss: 1.647
[1,  1720] loss: 1.644
[1,  1740] loss: 1.633
[1,  1760] loss: 1.622
[1,  1780] loss: 1.615
[1,  1800] loss: 1.599
[1,  1820] loss: 1.586
[1,  1840] loss: 1.582
[1,  1860] loss: 1.590
[1,  1880] loss: 1.598
[1,  1900] loss: 1.597
[1,  1920] loss: 1.603
[1,  1940] loss: 1.612
[1,  1960] loss: 1.633
[1,  1980] loss: 1.676
[1,  2000] loss: 1.739
[1,  2020] loss: 1.786
[1,  2040] loss: 1.811
[1,  2060] loss: 1.826
[1,  2080] loss: 1.838
[1,  2100] loss: 1.834
[1,  2120] loss: 1.834
[1,  2140] loss: 1.823
[1,  2160] loss: 1.806
[1,  2180] loss: 1.790
[1,  2200] loss: 1.776
[1,  2220] loss: 1.764
[1,  2240] loss: 1.749
[1,  2260] loss: 1.735
[1,  2280] loss: 1.721
[1,  2300] loss: 1.709
[1,  2320] loss: 1.694
[1,  2340] loss: 1.681
[1,  2360] loss: 1.680
[1,  2380] loss: 1.669
[1,  2400] loss: 1.658
[1,  2420] loss: 1.650
[1,  2440] loss: 1.638
[1,  2460] loss: 1.625
[1,  2480] loss: 1.614
[1,  2500] loss: 1.603
[1,  2520] loss: 1.592
[1,  2540] loss: 1.582
[1,  2560] loss: 1.571
[1,  2580] loss: 1.559
[1,  2600] loss: 1.548
[1,  2620] loss: 1.537
[1,  2640] loss: 1.526
[1,  2660] loss: 1.515
[1,  2680] loss: 1.504
[1,  2700] loss: 1.493
[1,  2720] loss: 1.483
[1,  2740] loss: 1.472
[1,  2760] loss: 1.462
[1,  2780] loss: 1.454
[1,  2800] loss: 1.445
[1,  2820] loss: 1.436
[1,  2840] loss: 1.427
[1,  2860] loss: 1.418
[1,  2880] loss: 1.409
[1,  2900] loss: 1.401
[1,  2920] loss: 1.392
[1,  2940] loss: 1.383
[1,  2960] loss: 1.377
[1,  2980] loss: 1.369
[1,  3000] loss: 1.362
[1,  3020] loss: 1.356
[1,  3040] loss: 1.349
[1,  3060] loss: 1.346
[1,  3080] loss: 1.339
[1,  3100] loss: 1.337
[1,  3120] loss: 1.331
[1,  3140] loss: 1.324
[1,  3160] loss: 1.319
[1,  3180] loss: 1.317
[1,  3200] loss: 1.312
[1,  3220] loss: 1.305
[1,  3240] loss: 1.299
[1,  3260] loss: 1.304
[1,  3280] loss: 1.325
[1,  3300] loss: 1.319
[1,  3320] loss: 1.312
[1,  3340] loss: 1.307
[1,  3360] loss: 1.303

