cuda:  4
color_space: RGB
batch_size: 1
num_epcochs: 1
learning_rate: 0.002
[1,    20] loss: 0.803
[1,    40] loss: 6.516
[1,    60] loss: 0.954
[1,    80] loss: 9.607
[1,   100] loss: 26.145
[1,   120] loss: 204.683
[1,   140] loss: 501.482
[1,   160] loss: 410330.934
[1,   180] loss: 163801.470
[1,   200] loss: 144002.118
[1,   220] loss: 17281.489
[1,   240] loss: 518.556
[1,   260] loss: 446.617
[1,   280] loss: 125.520
[1,   300] loss: 95.076
[1,   320] loss: 57.214
[1,   340] loss: 35.923
[1,   360] loss: 26.566
[1,   380] loss: 34.735
[1,   400] loss: 23.035
[1,   420] loss: 10.041
[1,   440] loss: 14.533
[1,   460] loss: 40.155
[1,   480] loss: 23.584
[1,   500] loss: 5.761
[1,   520] loss: 19.059
[1,   540] loss: 11.603
[1,   560] loss: 9.896
[1,   580] loss: 15.461
[1,   600] loss: 15.301
[1,   620] loss: 11.634
[1,   640] loss: 10.963
[1,   660] loss: 7.642
[1,   680] loss: 11.508
[1,   700] loss: 8.012
[1,   720] loss: 4.658
[1,   740] loss: 6.117
[1,   760] loss: 8.421
[1,   780] loss: 8.430
[1,   800] loss: 4.680
[1,   820] loss: 9.210
[1,   840] loss: 6.576
[1,   860] loss: 6.151
[1,   880] loss: 4.423
[1,   900] loss: 7.427
[1,   920] loss: 5.747
[1,   940] loss: 5.872
[1,   960] loss: 4.093
[1,   980] loss: 2.595
[1,  1000] loss: 3.688
[1,  1020] loss: 4.496
[1,  1040] loss: 2.574
[1,  1060] loss: 1.679
[1,  1080] loss: 2.315
[1,  1100] loss: 3.453
[1,  1120] loss: 1.930
[1,  1140] loss: 4.856
[1,  1160] loss: 3.778
[1,  1180] loss: 1.787
[1,  1200] loss: 7.825
[1,  1220] loss: 3.713
[1,  1240] loss: 1.543
[1,  1260] loss: 2.756
[1,  1280] loss: 2.419
[1,  1300] loss: 4.491
[1,  1320] loss: 1.728
[1,  1340] loss: 3.123
[1,  1360] loss: 2.076
[1,  1380] loss: 2.926
[1,  1400] loss: 1.672
[1,  1420] loss: 2.094
[1,  1440] loss: 2.014
[1,  1460] loss: 1.636
[1,  1480] loss: 1.996
[1,  1500] loss: 2.286
[1,  1520] loss: 4.214
[1,  1540] loss: 1.426
[1,  1560] loss: 2.093
[1,  1580] loss: 1.886
[1,  1600] loss: 1.611
[1,  1620] loss: 2.077
[1,  1640] loss: 1.552
[1,  1660] loss: 1.443
[1,  1680] loss: 1.722
[1,  1700] loss: 1.089
[1,  1720] loss: 1.286
[1,  1740] loss: 0.924
[1,  1760] loss: 2.152
[1,  1780] loss: 1.044
[1,  1800] loss: 1.221
[1,  1820] loss: 0.885
[1,  1840] loss: 0.901
[1,  1860] loss: 0.848
[1,  1880] loss: 0.561
[1,  1900] loss: 0.884
[1,  1920] loss: 1.309
[1,  1940] loss: 0.724
[1,  1960] loss: 0.574
[1,  1980] loss: 1.454
[1,  2000] loss: 1.316
[1,  2020] loss: 0.715
[1,  2040] loss: 0.637
[1,  2060] loss: 1.211
[1,  2080] loss: 0.954
[1,  2100] loss: 1.397
[1,  2120] loss: 0.527
[1,  2140] loss: 0.461
[1,  2160] loss: 0.709
[1,  2180] loss: 0.641
[1,  2200] loss: 1.073
[1,  2220] loss: 0.971
[1,  2240] loss: 0.738
[1,  2260] loss: 0.965
[1,  2280] loss: 1.142
[1,  2300] loss: 1.316
[1,  2320] loss: 0.609
[1,  2340] loss: 0.606
[1,  2360] loss: 0.914
[1,  2380] loss: 0.608
[1,  2400] loss: 0.552
[1,  2420] loss: 0.547
[1,  2440] loss: 0.507
[1,  2460] loss: 0.562
[1,  2480] loss: 0.513
[1,  2500] loss: 0.575
[1,  2520] loss: 0.687
[1,  2540] loss: 0.458
[1,  2560] loss: 0.488
[1,  2580] loss: 0.402
[1,  2600] loss: 0.318
[1,  2620] loss: 0.433
[1,  2640] loss: 0.817
[1,  2660] loss: 0.639
[1,  2680] loss: 0.372
[1,  2700] loss: 0.816
[1,  2720] loss: 0.801
[1,  2740] loss: 0.455
[1,  2760] loss: 0.500
[1,  2780] loss: 0.455
[1,  2800] loss: 0.327
[1,  2820] loss: 0.368
[1,  2840] loss: 0.373
[1,  2860] loss: 0.649
[1,  2880] loss: 0.434
[1,  2900] loss: 0.414
[1,  2920] loss: 0.434
[1,  2940] loss: 0.423
[1,  2960] loss: 0.328
[1,  2980] loss: 0.208
[1,  3000] loss: 0.402
[1,  3020] loss: 0.349
[1,  3040] loss: 0.250
[1,  3060] loss: 0.244
[1,  3080] loss: 0.628
[1,  3100] loss: 0.325
[1,  3120] loss: 0.297
[1,  3140] loss: 0.300
[1,  3160] loss: 0.449
[1,  3180] loss: 0.445
[1,  3200] loss: 0.348
[1,  3220] loss: 0.292
[1,  3240] loss: 0.524
[1,  3260] loss: 0.345
[1,  3280] loss: 0.520
[1,  3300] loss: 0.367
[1,  3320] loss: 0.320
[1,  3340] loss: 0.278
[1,  3360] loss: 0.419
[1,  3380] loss: 0.379
[1,  3400] loss: 0.392
[1,  3420] loss: 0.191
[1,  3440] loss: 0.179
[1,  3460] loss: 0.217
[1,  3480] loss: 0.196
[1,  3500] loss: 0.388
[1,  3520] loss: 0.421
[1,  3540] loss: 0.273
[1,  3560] loss: 0.364
[1,  3580] loss: 0.127
[1,  3600] loss: 0.171
[1,  3620] loss: 0.346
[1,  3640] loss: 0.333
[1,  3660] loss: 0.259
[1,  3680] loss: 0.202
[1,  3700] loss: 0.234
[1,  3720] loss: 0.214
[1,  3740] loss: 0.359
[1,  3760] loss: 0.162
[1,  3780] loss: 0.165
[1,  3800] loss: 0.326
[1,  3820] loss: 0.239
[1,  3840] loss: 0.190
[1,  3860] loss: 0.182
[1,  3880] loss: 0.108
[1,  3900] loss: 0.096
[1,  3920] loss: 0.240
[1,  3940] loss: 0.274
[1,  3960] loss: 0.181
[1,  3980] loss: 0.133
[1,  4000] loss: 0.185
[1,  4020] loss: 0.082
[1,  4040] loss: 0.172
[1,  4060] loss: 0.172
[1,  4080] loss: 0.128
[1,  4100] loss: 0.239
[1,  4120] loss: 0.178
[1,  4140] loss: 0.183
[1,  4160] loss: 0.144
[1,  4180] loss: 0.188
[1,  4200] loss: 0.101
[1,  4220] loss: 0.111
[1,  4240] loss: 0.259
[1,  4260] loss: 0.219
[1,  4280] loss: 0.067
[1,  4300] loss: 0.127
[1,  4320] loss: 0.219
[1,  4340] loss: 0.218
[1,  4360] loss: 0.357
[1,  4380] loss: 0.101
[1,  4400] loss: 0.103
[1,  4420] loss: 0.201
[1,  4440] loss: 0.091
[1,  4460] loss: 0.191
[1,  4480] loss: 0.144
[1,  4500] loss: 0.179
[1,  4520] loss: 0.094
[1,  4540] loss: 0.086
[1,  4560] loss: 0.198
[1,  4580] loss: 0.253
[1,  4600] loss: 0.097
[1,  4620] loss: 0.176
[1,  4640] loss: 0.084
[1,  4660] loss: 0.082
[1,  4680] loss: 0.166
[1,  4700] loss: 0.132
[1,  4720] loss: 0.088
[1,  4740] loss: 0.090
[1,  4760] loss: 0.085
[1,  4780] loss: 0.194
[1,  4800] loss: 0.106
[1,  4820] loss: 0.094
[1,  4840] loss: 0.144
[1,  4860] loss: 0.086
[1,  4880] loss: 0.081
[1,  4900] loss: 0.090
[1,  4920] loss: 0.159
[1,  4940] loss: 0.112
[1,  4960] loss: 0.160
[1,  4980] loss: 0.212
[1,  5000] loss: 0.073
[1,  5020] loss: 0.077
[1,  5040] loss: 0.117
[1,  5060] loss: 0.053
[1,  5080] loss: 0.123
[1,  5100] loss: 0.215
[1,  5120] loss: 0.230
[1,  5140] loss: 0.057
[1,  5160] loss: 0.141
[1,  5180] loss: 0.053
[1,  5200] loss: 0.140
[1,  5220] loss: 0.049
[1,  5240] loss: 0.072
[1,  5260] loss: 0.076
[1,  5280] loss: 0.177
[1,  5300] loss: 0.146
[1,  5320] loss: 0.289
[1,  5340] loss: 0.163
[1,  5360] loss: 0.084
[1,  5380] loss: 0.273
[1,  5400] loss: 0.110
[1,  5420] loss: 0.045
[1,  5440] loss: 0.107
[1,  5460] loss: 0.050
[1,  5480] loss: 0.145
[1,  5500] loss: 0.156
[1,  5520] loss: 0.101
[1,  5540] loss: 0.117
[1,  5560] loss: 0.047
[1,  5580] loss: 0.124
[1,  5600] loss: 0.115
[1,  5620] loss: 0.065
[1,  5640] loss: 0.035
[1,  5660] loss: 0.213
[1,  5680] loss: 0.078
[1,  5700] loss: 0.048
[1,  5720] loss: 0.192
[1,  5740] loss: 0.209
[1,  5760] loss: 0.161
[1,  5780] loss: 0.102
[1,  5800] loss: 0.071
[1,  5820] loss: 0.174
[1,  5840] loss: 0.137
[1,  5860] loss: 0.097
[1,  5880] loss: 0.084
[1,  5900] loss: 0.079
[1,  5920] loss: 0.065
[1,  5940] loss: 0.038
[1,  5960] loss: 0.061
[1,  5980] loss: 0.132
[1,  6000] loss: 0.100
[1,  6020] loss: 0.175
[1,  6040] loss: 0.103
[1,  6060] loss: 0.138
[1,  6080] loss: 0.088
[1,  6100] loss: 0.024
[1,  6120] loss: 0.140
[1,  6140] loss: 0.139
[1,  6160] loss: 0.118
[1,  6180] loss: 0.164
[1,  6200] loss: 0.128
[1,  6220] loss: 0.066
[1,  6240] loss: 0.171
[1,  6260] loss: 0.098
[1,  6280] loss: 0.078
[1,  6300] loss: 0.049
[1,  6320] loss: 0.262
[1,  6340] loss: 0.065
[1,  6360] loss: 0.042
[1,  6380] loss: 0.085
[1,  6400] loss: 0.048
[1,  6420] loss: 0.069
[1,  6440] loss: 0.149
[1,  6460] loss: 0.183
[1,  6480] loss: 0.082
[1,  6500] loss: 0.095
[1,  6520] loss: 0.063
[1,  6540] loss: 0.062
[1,  6560] loss: 0.209
[1,  6580] loss: 0.074
[1,  6600] loss: 0.074
[1,  6620] loss: 0.038
[1,  6640] loss: 0.157
[1,  6660] loss: 0.091
[1,  6680] loss: 0.357
[1,  6700] loss: 0.098
[1,  6720] loss: 0.049
[1,  6740] loss: 0.074
[1,  6760] loss: 0.169
[1,  6780] loss: 0.063
[1,  6800] loss: 0.118
[1,  6820] loss: 0.091
[1,  6840] loss: 0.249
[1,  6860] loss: 0.049
[1,  6880] loss: 0.220
[1,  6900] loss: 0.089
[1,  6920] loss: 0.100
[1,  6940] loss: 0.052
[1,  6960] loss: 0.071
[1,  6980] loss: 0.070
[1,  7000] loss: 0.314
[1,  7020] loss: 0.121
[1,  7040] loss: 0.079
[1,  7060] loss: 0.069
[1,  7080] loss: 0.114
[1,  7100] loss: 0.099
[1,  7120] loss: 0.162
[1,  7140] loss: 0.147
[1,  7160] loss: 0.093
[1,  7180] loss: 0.049
[1,  7200] loss: 0.036
[1,  7220] loss: 0.037
[1,  7240] loss: 0.135
[1,  7260] loss: 0.114
[1,  7280] loss: 0.219
[1,  7300] loss: 0.115
[1,  7320] loss: 0.128
[1,  7340] loss: 0.128
[1,  7360] loss: 0.050
[1,  7380] loss: 0.051
[1,  7400] loss: 0.038
[1,  7420] loss: 0.158
[1,  7440] loss: 0.123
[1,  7460] loss: 0.110
[1,  7480] loss: 0.073
[1,  7500] loss: 0.221
[1,  7520] loss: 0.039
[1,  7540] loss: 0.147
[1,  7560] loss: 0.249
[1,  7580] loss: 0.046
[1,  7600] loss: 0.142
[1,  7620] loss: 0.120
[1,  7640] loss: 0.060
[1,  7660] loss: 0.064
[1,  7680] loss: 0.095
[1,  7700] loss: 0.168
[1,  7720] loss: 0.140
[1,  7740] loss: 0.078
[1,  7760] loss: 0.070
[1,  7780] loss: 0.077
[1,  7800] loss: 0.063
[1,  7820] loss: 0.168
[1,  7840] loss: 0.213
[1,  7860] loss: 0.116
[1,  7880] loss: 0.141
[1,  7900] loss: 0.414
[1,  7920] loss: 0.171
[1,  7940] loss: 0.132
[1,  7960] loss: 0.133
[1,  7980] loss: 0.089
[1,  8000] loss: 0.072
[1,  8020] loss: 0.020
[1,  8040] loss: 0.068
[1,  8060] loss: 0.069
[1,  8080] loss: 0.080
[1,  8100] loss: 0.042
[1,  8120] loss: 0.048
[1,  8140] loss: 0.035
[1,  8160] loss: 0.151
[1,  8180] loss: 0.176
[1,  8200] loss: 0.090
[1,  8220] loss: 0.217
[1,  8240] loss: 0.126
[1,  8260] loss: 0.110
[1,  8280] loss: 0.054
[1,  8300] loss: 0.075
[1,  8320] loss: 0.061
[1,  8340] loss: 0.060
[1,  8360] loss: 0.095
[1,  8380] loss: 0.076
[1,  8400] loss: 0.037
[1,  8420] loss: 0.074
[1,  8440] loss: 0.065
[1,  8460] loss: 0.079
[1,  8480] loss: 0.064
[1,  8500] loss: 0.084
[1,  8520] loss: 0.068
[1,  8540] loss: 0.100
[1,  8560] loss: 0.106
[1,  8580] loss: 0.079
[1,  8600] loss: 0.111
[1,  8620] loss: 0.106
[1,  8640] loss: 0.165
[1,  8660] loss: 0.130
[1,  8680] loss: 0.150
[1,  8700] loss: 0.312
[1,  8720] loss: 0.088
[1,  8740] loss: 0.070
[1,  8760] loss: 0.086
[1,  8780] loss: 0.105
[1,  8800] loss: 0.133
[1,  8820] loss: 0.274
[1,  8840] loss: 0.278
[1,  8860] loss: 0.163
[1,  8880] loss: 0.128
[1,  8900] loss: 0.109
[1,  8920] loss: 0.057
[1,  8940] loss: 0.084
[1,  8960] loss: 0.074
[1,  8980] loss: 0.129
[1,  9000] loss: 0.081
[1,  9020] loss: 0.056
[1,  9040] loss: 0.143
[1,  9060] loss: 0.091
[1,  9080] loss: 0.099
[1,  9100] loss: 0.119
[1,  9120] loss: 0.151
[1,  9140] loss: 0.163
[1,  9160] loss: 0.053
[1,  9180] loss: 0.029
[1,  9200] loss: 0.065
[1,  9220] loss: 0.037
[1,  9240] loss: 0.069
[1,  9260] loss: 0.035
[1,  9280] loss: 0.102
[1,  9300] loss: 0.160
[1,  9320] loss: 0.260
[1,  9340] loss: 0.291
[1,  9360] loss: 0.121
[1,  9380] loss: 0.131
[1,  9400] loss: 0.047
[1,  9420] loss: 0.036
[1,  9440] loss: 0.048
[1,  9460] loss: 0.033
[1,  9480] loss: 0.161
[1,  9500] loss: 0.136
[1,  9520] loss: 0.167
[1,  9540] loss: 0.166
[1,  9560] loss: 0.134
[1,  9580] loss: 0.386
[1,  9600] loss: 0.508
[1,  9620] loss: 0.278
[1,  9640] loss: 0.386
[1,  9660] loss: 0.328
[1,  9680] loss: 0.172
[1,  9700] loss: 0.032
[1,  9720] loss: 0.209
[1,  9740] loss: 0.035
[1,  9760] loss: 0.070
[1,  9780] loss: 0.065
[1,  9800] loss: 0.057
[1,  9820] loss: 0.069
[1,  9840] loss: 0.044
[1,  9860] loss: 0.095
[1,  9880] loss: 0.088
[1,  9900] loss: 0.096
[1,  9920] loss: 0.121
[1,  9940] loss: 0.036
[1,  9960] loss: 0.108
[1,  9980] loss: 0.066
[1, 10000] loss: 0.054
[1, 10020] loss: 0.080
[1, 10040] loss: 0.072
[1, 10060] loss: 0.033
[1, 10080] loss: 0.047
[1, 10100] loss: 0.087
[1, 10120] loss: 0.023
[1, 10140] loss: 0.071
[1, 10160] loss: 0.137
[1, 10180] loss: 0.064
[1, 10200] loss: 0.158
[1, 10220] loss: 0.159
[1, 10240] loss: 0.100
[1, 10260] loss: 0.065
[1, 10280] loss: 0.034
[1, 10300] loss: 0.078
[1, 10320] loss: 0.033
[1, 10340] loss: 0.053
[1, 10360] loss: 0.053
[1, 10380] loss: 0.147
[1, 10400] loss: 0.063
[1, 10420] loss: 0.265
[1, 10440] loss: 0.159
[1, 10460] loss: 0.169
[1, 10480] loss: 0.042
[1, 10500] loss: 0.062
[1, 10520] loss: 0.524
[1, 10540] loss: 0.314
[1, 10560] loss: 0.156
[1, 10580] loss: 0.105
[1, 10600] loss: 0.052
[1, 10620] loss: 0.168
[1, 10640] loss: 0.065
[1, 10660] loss: 0.075
[1, 10680] loss: 0.057
[1, 10700] loss: 0.228
[1, 10720] loss: 0.172
[1, 10740] loss: 0.204
[1, 10760] loss: 0.181
[1, 10780] loss: 0.060
[1, 10800] loss: 0.134
[1, 10820] loss: 0.077
[1, 10840] loss: 0.103
[1, 10860] loss: 0.088
[1, 10880] loss: 0.079
[1, 10900] loss: 0.060
[1, 10920] loss: 0.039
[1, 10940] loss: 0.033
[1, 10960] loss: 0.028
[1, 10980] loss: 0.051
[1, 11000] loss: 0.161
[1, 11020] loss: 0.243
[1, 11040] loss: 0.057
[1, 11060] loss: 0.253
[1, 11080] loss: 0.107
[1, 11100] loss: 0.172
[1, 11120] loss: 0.127
[1, 11140] loss: 0.210
[1, 11160] loss: 0.048
[1, 11180] loss: 0.041
[1, 11200] loss: 0.076
[1, 11220] loss: 0.059
[1, 11240] loss: 0.037
[1, 11260] loss: 0.135
[1, 11280] loss: 0.079
[1, 11300] loss: 0.075
[1, 11320] loss: 0.116
[1, 11340] loss: 0.079
[1, 11360] loss: 0.227
[1, 11380] loss: 0.326
[1, 11400] loss: 0.194
[1, 11420] loss: 0.361
[1, 11440] loss: 0.069
[1, 11460] loss: 0.058
[1, 11480] loss: 0.131
[1, 11500] loss: 0.099
[1, 11520] loss: 0.091
[1, 11540] loss: 0.063
[1, 11560] loss: 0.162
[1, 11580] loss: 0.312
[1, 11600] loss: 0.220
[1, 11620] loss: 0.180
[1, 11640] loss: 0.179
[1, 11660] loss: 0.153
[1, 11680] loss: 0.049
[1, 11700] loss: 0.102
[1, 11720] loss: 0.109
[1, 11740] loss: 0.076
[1, 11760] loss: 0.301
[1, 11780] loss: 0.055
[1, 11800] loss: 0.189
[1, 11820] loss: 0.140
[1, 11840] loss: 0.247
[1, 11860] loss: 0.095
[1, 11880] loss: 0.054
[1, 11900] loss: 0.042
[1, 11920] loss: 0.157
[1, 11940] loss: 0.135
[1, 11960] loss: 0.201
[1, 11980] loss: 0.285
[1, 12000] loss: 0.095
[1, 12020] loss: 0.023
[1, 12040] loss: 0.057
[1, 12060] loss: 0.028
[1, 12080] loss: 0.040
[1, 12100] loss: 0.245
[1, 12120] loss: 0.142
[1, 12140] loss: 0.100
[1, 12160] loss: 0.110
[1, 12180] loss: 0.135
[1, 12200] loss: 0.150
[1, 12220] loss: 0.077
[1, 12240] loss: 0.242
[1, 12260] loss: 0.149
[1, 12280] loss: 0.092
[1, 12300] loss: 0.365
[1, 12320] loss: 0.298
[1, 12340] loss: 1.249
[1, 12360] loss: 4.927
[1, 12380] loss: 24.106
[1, 12400] loss: 1162397448.516
[1, 12420] loss: 310323337919.700
[1, 12440] loss: 4248500490478.438
[1, 12460] loss: 2743271019143.200
[1, 12480] loss: 350721213798.400
[1, 12500] loss: 43162387414.400
[1, 12520] loss: 11164371569.100
[1, 12540] loss: 827701933.350
[1, 12560] loss: 254851756.438
[1, 12580] loss: 140885030.762
[1, 12600] loss: 68563833.565
[1, 12620] loss: 23212098.419
[1, 12640] loss: 11759909.805
[1, 12660] loss: 11355075.356
[1, 12680] loss: 10687872.549
[1, 12700] loss: 10664060.530
[1, 12720] loss: 7635342.508
[1, 12740] loss: 9158411.247
[1, 12760] loss: 4565093.456
[1, 12780] loss: 9151046.596
[1, 12800] loss: 11922701.731
[1, 12820] loss: 10342276.530
[1, 12840] loss: 6060280.934
[1, 12860] loss: 5871221.308
[1, 12880] loss: 6142150.608
[1, 12900] loss: 2468137.753
[1, 12920] loss: 6778413.919
[1, 12940] loss: 8838039.452
[1, 12960] loss: 5980403.564
[1, 12980] loss: 5049201.255
[1, 13000] loss: 5541969.637
[1, 13020] loss: 8323197.835
[1, 13040] loss: 2660317.385
[1, 13060] loss: 5538556.037
[1, 13080] loss: 3559738.910
[1, 13100] loss: 3866576.042
[1, 13120] loss: 3875120.156
[1, 13140] loss: 5470707.438
[1, 13160] loss: 6826818.994
[1, 13180] loss: 6433435.162
[1, 13200] loss: 4618646.236
[1, 13220] loss: 7854116.252
[1, 13240] loss: 4693542.277
[1, 13260] loss: 4722039.077
[1, 13280] loss: 9605230.476
[1, 13300] loss: 10615583.964
[1, 13320] loss: 9338654.524
[1, 13340] loss: 3616353.144
[1, 13360] loss: 4179351.952
[1, 13380] loss: 4311965.427
[1, 13400] loss: 8211842.332
[1, 13420] loss: 3950362.345
[1, 13440] loss: 4720027.646
[1, 13460] loss: 5212717.414
[1, 13480] loss: 5809534.480
[1, 13500] loss: 8455272.441
[1, 13520] loss: 7396691.346
[1, 13540] loss: 3962975.928
[1, 13560] loss: 2512376.887
[1, 13580] loss: 3551682.546
[1, 13600] loss: 4714227.593
[1, 13620] loss: 1938434.924
[1, 13640] loss: 3062822.328
[1, 13660] loss: 1867629.211
[1, 13680] loss: 2809278.854
[1, 13700] loss: 3781114.540
[1, 13720] loss: 3421492.691
[1, 13740] loss: 4680046.530
[1, 13760] loss: 2486850.137
[1, 13780] loss: 6744083.025
[1, 13800] loss: 7568340.581
[1, 13820] loss: 4489291.313
[1, 13840] loss: 2296116.299
[1, 13860] loss: 3643470.760
[1, 13880] loss: 3212480.009
[1, 13900] loss: 2627375.674
[1, 13920] loss: 3777097.739
[1, 13940] loss: 7922253.089
[1, 13960] loss: 4275086.094
[1, 13980] loss: 4810324.814
[1, 14000] loss: 4122727.924
[1, 14020] loss: 6124605.220
[1, 14040] loss: 4891029.759
[1, 14060] loss: 3271096.637
[1, 14080] loss: 2858228.830
[1, 14100] loss: 5376672.035
[1, 14120] loss: 3194510.628
[1, 14140] loss: 2239986.237
[1, 14160] loss: 3869621.654
[1, 14180] loss: 4910642.676
[1, 14200] loss: 3426193.959
[1, 14220] loss: 5250497.352
[1, 14240] loss: 4225060.599
[1, 14260] loss: 6199008.039
[1, 14280] loss: 4408528.807
[1, 14300] loss: 3267513.294
[1, 14320] loss: 4107660.316
[1, 14340] loss: 2175025.061
[1, 14360] loss: 5826915.588
[1, 14380] loss: 3894882.349
[1, 14400] loss: 3987023.570
[1, 14420] loss: 4049000.304
[1, 14440] loss: 3062562.325
[1, 14460] loss: 3600406.902
[1, 14480] loss: 3355339.593
[1, 14500] loss: 6618692.221
[1, 14520] loss: 5258630.446
[1, 14540] loss: 3931752.550
[1, 14560] loss: 4191446.829
[1, 14580] loss: 2365648.757
[1, 14600] loss: 2933408.770
[1, 14620] loss: 3426279.154
[1, 14640] loss: 7539091.055
[1, 14660] loss: 3878389.133
[1, 14680] loss: 2715927.208
[1, 14700] loss: 4392345.867
[1, 14720] loss: 2488188.109
[1, 14740] loss: 3808371.048
[1, 14760] loss: 2981667.274
[1, 14780] loss: 7703554.931
[1, 14800] loss: 3005248.319
[1, 14820] loss: 2105555.328
[1, 14840] loss: 5014087.715
[1, 14860] loss: 2535836.907
[1, 14880] loss: 2965232.766
[1, 14900] loss: 1646394.015
[1, 14920] loss: 4361651.165
[1, 14940] loss: 1963341.628
[1, 14960] loss: 2858795.171
[1, 14980] loss: 8510197.054
[1, 15000] loss: 5100576.633
[1, 15020] loss: 3637793.344
[1, 15040] loss: 6363181.242
[1, 15060] loss: 5287676.698
[1, 15080] loss: 6065962.804
[1, 15100] loss: 4517814.620
[1, 15120] loss: 3832366.820
[1, 15140] loss: 2572703.957
[1, 15160] loss: 2276381.942
[1, 15180] loss: 3704155.306
[1, 15200] loss: 3477141.827
[1, 15220] loss: 3646054.655
[1, 15240] loss: 2520108.799
[1, 15260] loss: 4702108.889
[1, 15280] loss: 2457595.117
[1, 15300] loss: 2192789.850
[1, 15320] loss: 3952593.871
[1, 15340] loss: 2266871.551
[1, 15360] loss: 2630726.480
[1, 15380] loss: 1685296.428
[1, 15400] loss: 1068495.448
[1, 15420] loss: 1880754.221
[1, 15440] loss: 1711827.241
[1, 15460] loss: 2738153.736
[1, 15480] loss: 3798074.129
[1, 15500] loss: 2590046.753
[1, 15520] loss: 4567876.114
[1, 15540] loss: 4728637.834
[1, 15560] loss: 2178494.305
[1, 15580] loss: 3847938.167
[1, 15600] loss: 7596733.420
[1, 15620] loss: 2030366.662
[1, 15640] loss: 3807370.189
[1, 15660] loss: 2494454.484
[1, 15680] loss: 2221124.626
[1, 15700] loss: 3312902.006
[1, 15720] loss: 2798677.131
[1, 15740] loss: 3883079.454
[1, 15760] loss: 7231361.812
[1, 15780] loss: 3415226.764
[1, 15800] loss: 9023858.262
[1, 15820] loss: 7680318.733
[1, 15840] loss: 7207542.203
[1, 15860] loss: 5293171.444
[1, 15880] loss: 2744750.086
[1, 15900] loss: 3255607.823
[1, 15920] loss: 1264735.929
[1, 15940] loss: 1506391.683
[1, 15960] loss: 3513654.092
[1, 15980] loss: 2569237.693
[1, 16000] loss: 6359979.568
[1, 16020] loss: 4235716.827
[1, 16040] loss: 7293679.358
[1, 16060] loss: 11223634.849
[1, 16080] loss: 2175645.369
[1, 16100] loss: 2200796.053
[1, 16120] loss: 2274885.025
[1, 16140] loss: 2268163.945
[1, 16160] loss: 2592702.091
[1, 16180] loss: 3062091.226
[1, 16200] loss: 3884657.289
[1, 16220] loss: 2797311.436
[1, 16240] loss: 5994387.595
[1, 16260] loss: 2552035.528
[1, 16280] loss: 2777243.106
[1, 16300] loss: 4139998.059
[1, 16320] loss: 2250441.651
[1, 16340] loss: 2249680.082
[1, 16360] loss: 9101679.991
[1, 16380] loss: 1564572.035
[1, 16400] loss: 2378113.288
[1, 16420] loss: 3453964.864
[1, 16440] loss: 5188759.997
[1, 16460] loss: 7401465.836
[1, 16480] loss: 7699939.880
[1, 16500] loss: 5164391.134
[1, 16520] loss: 1652515.917
[1, 16540] loss: 960558.932
[1, 16560] loss: 3613963.102
[1, 16580] loss: 5370683.630
[1, 16600] loss: 7001961.530
[1, 16620] loss: 3540809.028
[1, 16640] loss: 2341745.966
[1, 16660] loss: 8021761.914
[1, 16680] loss: 18310546.943
[1, 16700] loss: 6835574.331
[1, 16720] loss: 14495592.617
[1, 16740] loss: 7901736.483
[1, 16760] loss: 9747869.276
[1, 16780] loss: 5360426.699
[1, 16800] loss: 1636980.979
[1, 16820] loss: 1587819.135
[1, 16840] loss: 5528281.749
[1, 16860] loss: 6385441.650
[1, 16880] loss: 6898322.779
[1, 16900] loss: 2203852.808
[1, 16920] loss: 5125808.187
[1, 16940] loss: 3482929.693
[1, 16960] loss: 5800775.859
[1, 16980] loss: 7241551.263
[1, 17000] loss: 9887668.709
[1, 17020] loss: 5281010.213
[1, 17040] loss: 3832674.893
[1, 17060] loss: 2078747.816
[1, 17080] loss: 8838990.620
[1, 17100] loss: 2080877.729
[1, 17120] loss: 3864767.879
[1, 17140] loss: 5008284.709
[1, 17160] loss: 23193831.004
[1, 17180] loss: 48058386.166
[1, 17200] loss: 234736141.225
[1, 17220] loss: 153365284.098
[1, 17240] loss: 44497621.756
[1, 17260] loss: 36598088.166
[1, 17280] loss: 2206334.851
[1, 17300] loss: 2302956.370
[1, 17320] loss: 2974928.811
[1, 17340] loss: 2434223.823
[1, 17360] loss: 1191690.964
[1, 17380] loss: 979416.331
[1, 17400] loss: 4611553.966
[1, 17420] loss: 2995425.870
[1, 17440] loss: 5017504.360
[1, 17460] loss: 2522932.145
[1, 17480] loss: 4658524.872
[1, 17500] loss: 4036030.014
[1, 17520] loss: 10899526.530
[1, 17540] loss: 22694664.143
[1, 17560] loss: 29769981.051
[1, 17580] loss: 16998206.555
[1, 17600] loss: 28910274.281
[1, 17620] loss: 15907697.430
[1, 17640] loss: 5446674.558
[1, 17660] loss: 5902374.030
[1, 17680] loss: 12301114.018
[1, 17700] loss: 30215406.235
[1, 17720] loss: 21844566.607
[1, 17740] loss: 7674152.770
[1, 17760] loss: 4649923.686
[1, 17780] loss: 5683862.307
[1, 17800] loss: 4435982.810
[1, 17820] loss: 8805091.305
[1, 17840] loss: 9592184.370
[1, 17860] loss: 5558397.828
[1, 17880] loss: 17532977.306
[1, 17900] loss: 38878125.902
[1, 17920] loss: 121275988.031
[1, 17940] loss: 63155273.959
[1, 17960] loss: 162698889.480
[1, 17980] loss: 312243992.555
[1, 18000] loss: 577160033.600
[1, 18020] loss: 298379186.150
[1, 18040] loss: 87000653.741
[1, 18060] loss: 7690478.769
[1, 18080] loss: 1485669.905
[1, 18100] loss: 1751928.702
[1, 18120] loss: 2420819.241
[1, 18140] loss: 2437911.405
[1, 18160] loss: 1257702.097
[1, 18180] loss: 2381112.910
[1, 18200] loss: 931407.022
[1, 18220] loss: 494875.078
[1, 18240] loss: 315762.777
[1, 18260] loss: 279377.947
[1, 18280] loss: 297331.634
[1, 18300] loss: 255140.241
[1, 18320] loss: 397832.811
[1, 18340] loss: 363010.161
[1, 18360] loss: 166392.383
[1, 18380] loss: 347274.283
[1, 18400] loss: 246216.216
[1, 18420] loss: 156534.272
[1, 18440] loss: 301801.825
[1, 18460] loss: 312437.671
[1, 18480] loss: 144017.371
[1, 18500] loss: 183304.635
[1, 18520] loss: 364313.385
[1, 18540] loss: 186878.693
[1, 18560] loss: 163146.967
[1, 18580] loss: 474356.570
[1, 18600] loss: 282211.364
[1, 18620] loss: 148178.014
[1, 18640] loss: 334425.355
[1, 18660] loss: 432641.134
[1, 18680] loss: 424447.715
[1, 18700] loss: 235895.175
[1, 18720] loss: 144688.539
[1, 18740] loss: 81373.776
[1, 18760] loss: 245347.239
[1, 18780] loss: 86737.659
[1, 18800] loss: 137342.302
[1, 18820] loss: 754854.842
[1, 18840] loss: 225024.584
[1, 18860] loss: 175647.943
[1, 18880] loss: 476715.897
[1, 18900] loss: 104716.269
[1, 18920] loss: 251743.580
[1, 18940] loss: 405620.670
[1, 18960] loss: 493107.959
[1, 18980] loss: 319984.614
[1, 19000] loss: 392289.391
[1, 19020] loss: 358222.076
[1, 19040] loss: 638092.936
[1, 19060] loss: 2719684.927
[1, 19080] loss: 4811967.388
[1, 19100] loss: 4410547.056
[1, 19120] loss: 2099393.204
[1, 19140] loss: 442962.654
[1, 19160] loss: 247742.910
[1, 19180] loss: 269573.282
[1, 19200] loss: 259552.047
[1, 19220] loss: 999787.553
[1, 19240] loss: 1012184.199
[1, 19260] loss: 3119585.733
[1, 19280] loss: 3682578.448
[1, 19300] loss: 2523104.819
[1, 19320] loss: 18280504.941
[1, 19340] loss: 26290518.718
[1, 19360] loss: 53851091.750
[1, 19380] loss: 13527188.857
[1, 19400] loss: 15897554.120
[1, 19420] loss: 3970532.710
[1, 19440] loss: 6667127.003
[1, 19460] loss: 4172140.528
[1, 19480] loss: 627345.962
[1, 19500] loss: 1337652.446
[1, 19520] loss: 2044561.860
[1, 19540] loss: 549679.204
[1, 19560] loss: 346952.785
[1, 19580] loss: 570139.088
[1, 19600] loss: 583697.852
[1, 19620] loss: 524155.764
[1, 19640] loss: 1149737.611
[1, 19660] loss: 704418.944
[1, 19680] loss: 3479416.758
[1, 19700] loss: 6050540.502
[1, 19720] loss: 23923031.787
[1, 19740] loss: 34806721.442
[1, 19760] loss: 38440870.341
[1, 19780] loss: 17933194.959
[1, 19800] loss: 23943310.600
[1, 19820] loss: 6713706.850
[1, 19840] loss: 8356961.050
[1, 19860] loss: 14985234.690
[1, 19880] loss: 19963704.802
[1, 19900] loss: 21990655.863
[1, 19920] loss: 9320938.724
[1, 19940] loss: 2904376.308
[1, 19960] loss: 1806973.760
[1, 19980] loss: 1582707.312
[1, 20000] loss: 370610.667
[1, 20020] loss: 1559444.210
[1, 20040] loss: 4159047.644
[1, 20060] loss: 1600411.560
[1, 20080] loss: 1755507.235
[1, 20100] loss: 2883930.955
[1, 20120] loss: 2803833.751
[1, 20140] loss: 1896691.320
[1, 20160] loss: 2226287.520
[1, 20180] loss: 1122123.427
[1, 20200] loss: 1964191.578
[1, 20220] loss: 2922979.614
[1, 20240] loss: 3595697.963
[1, 20260] loss: 5678041.162
[1, 20280] loss: 5979288.563
[1, 20300] loss: 5153417.145
[1, 20320] loss: 2528445.363
[1, 20340] loss: 1355437.214
[1, 20360] loss: 1153619.021
[1, 20380] loss: 1417757.356
[1, 20400] loss: 634606.225
[1, 20420] loss: 279352.683
[1, 20440] loss: 607386.946
[1, 20460] loss: 594555.438
[1, 20480] loss: 912694.917
[1, 20500] loss: 361838.434
[1, 20520] loss: 162971.965
[1, 20540] loss: 96923.612
[1, 20560] loss: 52537.946
[1, 20580] loss: 47861.036
[1, 20600] loss: 150362.468
[1, 20620] loss: 294459.637
[1, 20640] loss: 49262.918
[1, 20660] loss: 51873.711
[1, 20680] loss: 45342.476
[1, 20700] loss: 93955.597
[1, 20720] loss: 79917.751
[1, 20740] loss: 88429.489
[1, 20760] loss: 85108.093
[1, 20780] loss: 66288.849
[1, 20800] loss: 127858.788
[1, 20820] loss: 285385.443
[1, 20840] loss: 119598.246
[1, 20860] loss: 133482.990
[1, 20880] loss: 65891.623
[1, 20900] loss: 80894.576
[1, 20920] loss: 298543.199
[1, 20940] loss: 43793.355
[1, 20960] loss: 66068.701
[1, 20980] loss: 119803.506
[1, 21000] loss: 143026.582
[1, 21020] loss: 80772.502
[1, 21040] loss: 267694.899
[1, 21060] loss: 78918.820
[1, 21080] loss: 50594.784
[1, 21100] loss: 132336.796
[1, 21120] loss: 6784713.263
[1, 21140] loss: 5595121.400
[1, 21160] loss: 26548715.302
[1, 21180] loss: 54132221.387
[1, 21200] loss: 70405638.484
[1, 21220] loss: 173738237.928
[1, 21240] loss: 107023900.163
[1, 21260] loss: 15006623.439
[1, 21280] loss: 21841221.876
[1, 21300] loss: 15450735.978
[1, 21320] loss: 2918402.182
[1, 21340] loss: 1108253.844
[1, 21360] loss: 508276.231
[1, 21380] loss: 783753.693
[1, 21400] loss: 460740.928
[1, 21420] loss: 327266.206
[1, 21440] loss: 296789.732
[1, 21460] loss: 252444.629
[1, 21480] loss: 178041.915
[1, 21500] loss: 218434.301
[1, 21520] loss: 275811.791
[1, 21540] loss: 123578.260
[1, 21560] loss: 139766.974
[1, 21580] loss: 147295.558
[1, 21600] loss: 126380.196
[1, 21620] loss: 186540.029
[1, 21640] loss: 312335.686
[1, 21660] loss: 406560.432
[1, 21680] loss: 228030.369
[1, 21700] loss: 277637.927
[1, 21720] loss: 175265.690
[1, 21740] loss: 231330.065
[1, 21760] loss: 248511.412
[1, 21780] loss: 163156.265
[1, 21800] loss: 481998.097
[1, 21820] loss: 153914.357
[1, 21840] loss: 54300.738
[1, 21860] loss: 34380.409
[1, 21880] loss: 54034.211
[1, 21900] loss: 22451.625
[1, 21920] loss: 15035.604
[1, 21940] loss: 29632.872
[1, 21960] loss: 46880.765
[1, 21980] loss: 172168.057
[1, 22000] loss: 300836.699
[1, 22020] loss: 97304.207
[1, 22040] loss: 68242.562
[1, 22060] loss: 89644.416
[1, 22080] loss: 84680.007
[1, 22100] loss: 73329.312
[1, 22120] loss: 31791.226
[1, 22140] loss: 24865.559
[1, 22160] loss: 28849.051
[1, 22180] loss: 27717.336
[1, 22200] loss: 46114.731
[1, 22220] loss: 348410.856
[1, 22240] loss: 143437.886
[1, 22260] loss: 59101.077
[1, 22280] loss: 41005.054
[1, 22300] loss: 67985.749
[1, 22320] loss: 65478.531
[1, 22340] loss: 34437.357
[1, 22360] loss: 105751.386
[1, 22380] loss: 69017.141
[1, 22400] loss: 88883.304
[1, 22420] loss: 83953.413
[1, 22440] loss: 28078.715
[1, 22460] loss: 27681.298
[1, 22480] loss: 29197.866
[1, 22500] loss: 38742.112
[1, 22520] loss: 17614.202
[1, 22540] loss: 12763.323
[1, 22560] loss: 23438.807
[1, 22580] loss: 24401.210
[1, 22600] loss: 10638.407
[1, 22620] loss: 23722.357
[1, 22640] loss: 26036.574
[1, 22660] loss: 77161.169
[1, 22680] loss: 66747.538
[1, 22700] loss: 56428.247
[1, 22720] loss: 327152.884
[1, 22740] loss: 515996.431
[1, 22760] loss: 70065.432
[1, 22780] loss: 88027.717
[1, 22800] loss: 121292.419
[1, 22820] loss: 268916.689
[1, 22840] loss: 41928.904
[1, 22860] loss: 22199.640
[1, 22880] loss: 36246.902
[1, 22900] loss: 28014.540
[1, 22920] loss: 64332.128
[1, 22940] loss: 51119.219
[1, 22960] loss: 230519.761
[1, 22980] loss: 363672.398
[1, 23000] loss: 673986.372
[1, 23020] loss: 168918.373
[1, 23040] loss: 290471.002
[1, 23060] loss: 271989.937
[1, 23080] loss: 1307822.284
[1, 23100] loss: 233682.698
[1, 23120] loss: 111991.311
[1, 23140] loss: 49098.732
[1, 23160] loss: 45559.784
[1, 23180] loss: 108625.822
[1, 23200] loss: 18369.379
[1, 23220] loss: 17099.113
[1, 23240] loss: 24341.085
[1, 23260] loss: 50699.011
[1, 23280] loss: 78944.565
[1, 23300] loss: 97010.480
[1, 23320] loss: 66133.808
[1, 23340] loss: 61413.775
[1, 23360] loss: 20562.683
[1, 23380] loss: 12789.325
[1, 23400] loss: 17885.470
[1, 23420] loss: 40887.454
[1, 23440] loss: 69777.770
[1, 23460] loss: 92560.688
[1, 23480] loss: 48538.103
[1, 23500] loss: 226845.860
[1, 23520] loss: 400461.102
[1, 23540] loss: 376232.912
[1, 23560] loss: 1178862.531
[1, 23580] loss: 1345399.162
[1, 23600] loss: 2020938.384
[1, 23620] loss: 1895315.554
[1, 23640] loss: 2362339.195
[1, 23660] loss: 783240.984
[1, 23680] loss: 2791314.219
[1, 23700] loss: 8595573.554
[1, 23720] loss: 1568201.737
[1, 23740] loss: 519094.416
[1, 23760] loss: 888123.021
[1, 23780] loss: 677768.776
[1, 23800] loss: 1066170.134
[1, 23820] loss: 1077759.447
[1, 23840] loss: 744438.992
[1, 23860] loss: 1036281.811
[1, 23880] loss: 798564.197
[1, 23900] loss: 513324.976
[1, 23920] loss: 233283.083
[1, 23940] loss: 273099.448
[1, 23960] loss: 48819.084
[1, 23980] loss: 32870.223
[1, 24000] loss: 51055.569
[1, 24020] loss: 79999.761
[1, 24040] loss: 108756.687
[1, 24060] loss: 123603.832
[1, 24080] loss: 186749.235
[1, 24100] loss: 2531671.776
[1, 24120] loss: 2601389.635
[1, 24140] loss: 4644110.961
[1, 24160] loss: 11861403.194
[1, 24180] loss: 25632090.311
[1, 24200] loss: 11699518.673
[1, 24220] loss: 7087625.191
[1, 24240] loss: 1850615.135
[1, 24260] loss: 814380.223
[1, 24280] loss: 235107.333
[1, 24300] loss: 160827.751
[1, 24320] loss: 151874.660
[1, 24340] loss: 87775.744
[1, 24360] loss: 150563.654
[1, 24380] loss: 35691.992
[1, 24400] loss: 29157.189
[1, 24420] loss: 25648.983
[1, 24440] loss: 19622.851
[1, 24460] loss: 32925.747
[1, 24480] loss: 30045.786
[1, 24500] loss: 202700.241
[1, 24520] loss: 49792.162
[1, 24540] loss: 28915.006
[1, 24560] loss: 9689.155
[1, 24580] loss: 15494.240
[1, 24600] loss: 5669.212
[1, 24620] loss: 5984.337
[1, 24640] loss: 6289.161
[1, 24660] loss: 8128.321
[1, 24680] loss: 10448.919
[1, 24700] loss: 7914.868
[1, 24720] loss: 14015.339
[1, 24740] loss: 15249.996
[1, 24760] loss: 20725.363
[1, 24780] loss: 7169.426
[1, 24800] loss: 8372.314
[1, 24820] loss: 7783.349
[1, 24840] loss: 14608.321
[1, 24860] loss: 2565.540
[1, 24880] loss: 7576.546
[1, 24900] loss: 7738.690
[1, 24920] loss: 5098.295
[1, 24940] loss: 8052.940
[1, 24960] loss: 3485.429
[1, 24980] loss: 10249.355
[1, 25000] loss: 16551.883
[1, 25020] loss: 13854.245
[1, 25040] loss: 10597.040
[1, 25060] loss: 12610.186
[1, 25080] loss: 11118.363
[1, 25100] loss: 9588.194
[1, 25120] loss: 13463.856
[1, 25140] loss: 9302.958
[1, 25160] loss: 16411.502
[1, 25180] loss: 22464.644
[1, 25200] loss: 17151.439
[1, 25220] loss: 19814.815
[1, 25240] loss: 15355.425
[1, 25260] loss: 7380.772
[1, 25280] loss: 12046.283
[1, 25300] loss: 7658.452
[1, 25320] loss: 7162.471
[1, 25340] loss: 6379.213
[1, 25360] loss: 10531.926
[1, 25380] loss: 13285.510
[1, 25400] loss: 52412.301
[1, 25420] loss: 35372.654
[1, 25440] loss: 118632.154
[1, 25460] loss: 32903.408
[1, 25480] loss: 39781.326
[1, 25500] loss: 33104.307
[1, 25520] loss: 77961.725
[1, 25540] loss: 37628.902
[1, 25560] loss: 19260.903
[1, 25580] loss: 10730.058
[1, 25600] loss: 17055.296
[1, 25620] loss: 9045.784
[1, 25640] loss: 34622.483
[1, 25660] loss: 42884.426
[1, 25680] loss: 65594.508
[1, 25700] loss: 31754.016
[1, 25720] loss: 7147.295
[1, 25740] loss: 12637.174
[1, 25760] loss: 12543.443
[1, 25780] loss: 18163.176
[1, 25800] loss: 13670.986
[1, 25820] loss: 11602.482
[1, 25840] loss: 15878.468
[1, 25860] loss: 63998.796
[1, 25880] loss: 130229.832
[1, 25900] loss: 306780.173
[1, 25920] loss: 154221.974
[1, 25940] loss: 568659.126
[1, 25960] loss: 312799.071
[1, 25980] loss: 208744.860
[1, 26000] loss: 89763.632
[1, 26020] loss: 356952.823
[1, 26040] loss: 71814.164
[1, 26060] loss: 58479.404
[1, 26080] loss: 137547.472
[1, 26100] loss: 47347.162
[1, 26120] loss: 96251.925
[1, 26140] loss: 859622.360
[1, 26160] loss: 938879.060
[1, 26180] loss: 420935.629
[1, 26200] loss: 206921.842
[1, 26220] loss: 313739.231
[1, 26240] loss: 227023.018
[1, 26260] loss: 158586.345
[1, 26280] loss: 84636.957
[1, 26300] loss: 67164.252
[1, 26320] loss: 221215.696
[1, 26340] loss: 170137.678
[1, 26360] loss: 98641.268
[1, 26380] loss: 136864.219
[1, 26400] loss: 135172.489
[1, 26420] loss: 169512.374
[1, 26440] loss: 130025.614
[1, 26460] loss: 48760.371
[1, 26480] loss: 19356.015
[1, 26500] loss: 33744.263
[1, 26520] loss: 16220.643
[1, 26540] loss: 16816.950
[1, 26560] loss: 18924.788
[1, 26580] loss: 29570.967
[1, 26600] loss: 43295.170
[1, 26620] loss: 17346.530
[1, 26640] loss: 25647.509
[1, 26660] loss: 103876.472
[1, 26680] loss: 401622.935
[1, 26700] loss: 714120.962
[1, 26720] loss: 246874.816
[1, 26740] loss: 810671.332
[1, 26760] loss: 1673065.793
[1, 26780] loss: 990933.240
[1, 26800] loss: 1461306.222
[1, 26820] loss: 1491151.422
[1, 26840] loss: 2889095.567
[1, 26860] loss: 1532583.387
[1, 26880] loss: 730333.081
[1, 26900] loss: 100302.607
[1, 26920] loss: 37895.049
[1, 26940] loss: 35160.321
[1, 26960] loss: 37789.700
[1, 26980] loss: 16358.375
[1, 27000] loss: 14774.379
[1, 27020] loss: 7810.472
[1, 27040] loss: 3297.692
[1, 27060] loss: 2624.390
[1, 27080] loss: 4828.386
[1, 27100] loss: 3224.232
[1, 27120] loss: 4383.100
[1, 27140] loss: 5223.766
[1, 27160] loss: 14917.512
[1, 27180] loss: 22529.061
[1, 27200] loss: 7664.463
[1, 27220] loss: 5471.255
[1, 27240] loss: 8714.244
[1, 27260] loss: 4676.910
[1, 27280] loss: 1924.618
[1, 27300] loss: 1544.539
[1, 27320] loss: 3070.151
[1, 27340] loss: 6472.424
[1, 27360] loss: 13390.318
[1, 27380] loss: 4953.478
[1, 27400] loss: 8526.558
[1, 27420] loss: 16474.174
[1, 27440] loss: 50352.505
[1, 27460] loss: 35401.316
[1, 27480] loss: 31915.149
[1, 27500] loss: 4541.350
[1, 27520] loss: 4570.693
[1, 27540] loss: 3487.739
[1, 27560] loss: 2144.400
[1, 27580] loss: 2946.840
[1, 27600] loss: 1508.940
[1, 27620] loss: 717.750
[1, 27640] loss: 1030.522
[1, 27660] loss: 2221.360
[1, 27680] loss: 3209.950
[1, 27700] loss: 4267.305
[1, 27720] loss: 2655.158
[1, 27740] loss: 5647.982
[1, 27760] loss: 7473.282
[1, 27780] loss: 11782.262
[1, 27800] loss: 52380.033
[1, 27820] loss: 9287.362
[1, 27840] loss: 11169.979
[1, 27860] loss: 15310.438
[1, 27880] loss: 25467.091
[1, 27900] loss: 12394.718
[1, 27920] loss: 36461.581
[1, 27940] loss: 12581.592
[1, 27960] loss: 10252.357
[1, 27980] loss: 13314.827
[1, 28000] loss: 15795.093
[1, 28020] loss: 40191.842
[1, 28040] loss: 50717.993
[1, 28060] loss: 62903.818
[1, 28080] loss: 134040.457
[1, 28100] loss: 206668.702
[1, 28120] loss: 1730938.305
[1, 28140] loss: 3559060.846
[1, 28160] loss: 1236729.927
[1, 28180] loss: 1341066.057
[1, 28200] loss: 359496.861
[1, 28220] loss: 140709.780
[1, 28240] loss: 120504.677
[1, 28260] loss: 65579.721
[1, 28280] loss: 50529.650
[1, 28300] loss: 67999.284
[1, 28320] loss: 46101.192
[1, 28340] loss: 24135.736
[1, 28360] loss: 14191.883
[1, 28380] loss: 11483.239
[1, 28400] loss: 28234.758
[1, 28420] loss: 9750.233
[1, 28440] loss: 13266.610
[1, 28460] loss: 7069.163
[1, 28480] loss: 6032.902
[1, 28500] loss: 4083.231
[1, 28520] loss: 2601.118
[1, 28540] loss: 1652.002
[1, 28560] loss: 6442.886
[1, 28580] loss: 14441.896
[1, 28600] loss: 14274.331
[1, 28620] loss: 19115.566
[1, 28640] loss: 23553.220
[1, 28660] loss: 66784.212
[1, 28680] loss: 76191.790
[1, 28700] loss: 19187.683
[1, 28720] loss: 11487.014
[1, 28740] loss: 37328.121
[1, 28760] loss: 8353.930
[1, 28780] loss: 8124.906
[1, 28800] loss: 7441.423
[1, 28820] loss: 2955.703
[1, 28840] loss: 3791.652
[1, 28860] loss: 4884.011
[1, 28880] loss: 5695.113
[1, 28900] loss: 8573.264
[1, 28920] loss: 5588.295
[1, 28940] loss: 4143.869
[1, 28960] loss: 17295.242
[1, 28980] loss: 16949.384
[1, 29000] loss: 41296.867
[1, 29020] loss: 26251.279
[1, 29040] loss: 61012.942
[1, 29060] loss: 106800.451
[1, 29080] loss: 216292.386
[1, 29100] loss: 211792.852
[1, 29120] loss: 126766.365
[1, 29140] loss: 72613.751
[1, 29160] loss: 16470.519
[1, 29180] loss: 21348.102
[1, 29200] loss: 19272.924
[1, 29220] loss: 25284.172
[1, 29240] loss: 17660.680
[1, 29260] loss: 12377.086
[1, 29280] loss: 17965.877
[1, 29300] loss: 17364.596
[1, 29320] loss: 15010.037
[1, 29340] loss: 6386.906
[1, 29360] loss: 5854.818
[1, 29380] loss: 20681.923
[1, 29400] loss: 16061.821
[1, 29420] loss: 6339.870
[1, 29440] loss: 1434.918
[1, 29460] loss: 879.818
[1, 29480] loss: 1154.407
[1, 29500] loss: 761.135
[1, 29520] loss: 1147.515
[1, 29540] loss: 4483.846
[1, 29560] loss: 18100.616
[1, 29580] loss: 32614.748
[1, 29600] loss: 173979.575
[1, 29620] loss: 272771.000
[1, 29640] loss: 632012.507
[1, 29660] loss: 1023759.201
[1, 29680] loss: 763645.682
[1, 29700] loss: 568156.761
[1, 29720] loss: 467161.981
[1, 29740] loss: 337302.700
[1, 29760] loss: 164215.667
[1, 29780] loss: 186858.008
[1, 29800] loss: 186211.559
[1, 29820] loss: 127432.580
[1, 29840] loss: 173691.459
[1, 29860] loss: 83994.142
[1, 29880] loss: 104852.848
[1, 29900] loss: 58169.331
[1, 29920] loss: 16499.035
[1, 29940] loss: 15071.868
[1, 29960] loss: 12342.487
[1, 29980] loss: 7264.849
[1, 30000] loss: 7806.097
[1, 30020] loss: 7523.141
[1, 30040] loss: 4759.659
[1, 30060] loss: 2950.133
[1, 30080] loss: 2480.197
[1, 30100] loss: 963.773
[1, 30120] loss: 658.125
[1, 30140] loss: 643.955
[1, 30160] loss: 738.381
[1, 30180] loss: 1251.553
[1, 30200] loss: 859.630
[1, 30220] loss: 1299.702
[1, 30240] loss: 1770.041
[1, 30260] loss: 1149.915
[1, 30280] loss: 1110.807
[1, 30300] loss: 2288.788
[1, 30320] loss: 978.004
[1, 30340] loss: 1337.627
[1, 30360] loss: 963.718
[1, 30380] loss: 1110.734
[1, 30400] loss: 890.664
[1, 30420] loss: 2357.928
[1,    20] loss: 97.433
[1,    40] loss: 263.286
[1,    60] loss: 1175.497
[1,    80] loss: 1039.398
[1,   100] loss: 959.419
[1,   120] loss: 1244.879
[1,   140] loss: 1132.406
[1,   160] loss: 1306.219
[1,   180] loss: 1304.774
[1,   200] loss: 1254.272
[1,   220] loss: 1390.091
[1,   240] loss: 1444.324
[1,   260] loss: 1363.371
[1,   280] loss: 1270.608
[1,   300] loss: 1193.101
[1,   320] loss: 1131.823
[1,   340] loss: 1066.801
[1,   360] loss: 1017.139
[1,   380] loss: 970.532
[1,   400] loss: 936.811
[1,   420] loss: 902.050
[1,   440] loss: 868.627
[1,   460] loss: 980.397
[1,   480] loss: 964.971
[1,   500] loss: 943.068
[1,   520] loss: 919.254
[1,   540] loss: 1012.805
[1,   560] loss: 1158.958
[1,   580] loss: 1250.333
[1,   600] loss: 1284.859
[1,   620] loss: 1258.013
[1,   640] loss: 1220.834
[1,   660] loss: 1200.057
[1,   680] loss: 1202.435
[1,   700] loss: 1229.155
[1,   720] loss: 1250.434
[1,   740] loss: 1265.948
[1,   760] loss: 1281.608
[1,   780] loss: 1300.831
[1,   800] loss: 1320.240
[1,   820] loss: 1345.108
[1,   840] loss: 1359.734
[1,   860] loss: 1383.634
[1,   880] loss: 1400.497
[1,   900] loss: 1411.731
[1,   920] loss: 1432.291
[1,   940] loss: 1559.116
[1,   960] loss: 1716.944
[1,   980] loss: 1855.031
[1,  1000] loss: 1920.916
[1,  1020] loss: 1909.404
[1,  1040] loss: 1880.715
[1,  1060] loss: 1857.685
[1,  1080] loss: 1845.072
[1,  1100] loss: 1830.856
[1,  1120] loss: 1822.319
[1,  1140] loss: 1806.504
[1,  1160] loss: 1800.525
[1,  1180] loss: 1816.683
[1,  1200] loss: 1858.517
[1,  1220] loss: 1867.720
[1,  1240] loss: 1858.932
[1,  1260] loss: 1836.550
[1,  1280] loss: 1808.448
[1,  1300] loss: 1781.054
[1,  1320] loss: 1760.504
[1,  1340] loss: 1741.735
[1,  1360] loss: 1717.552
[1,  1380] loss: 1693.035
[1,  1400] loss: 1668.983
[1,  1420] loss: 1645.807
[1,  1440] loss: 1624.900
[1,  1460] loss: 1605.261
[1,  1480] loss: 1583.946
[1,  1500] loss: 1564.096
[1,  1520] loss: 1548.128
[1,  1540] loss: 1532.683
[1,  1560] loss: 1517.490
[1,  1580] loss: 1504.044
[1,  1600] loss: 1506.711
[1,  1620] loss: 1528.973
[1,  1640] loss: 1565.437
[1,  1660] loss: 1597.239
[1,  1680] loss: 1600.947
[1,  1700] loss: 1621.424
[1,  1720] loss: 1631.115
[1,  1740] loss: 1656.576
[1,  1760] loss: 1703.467
[1,  1780] loss: 1729.711
[1,  1800] loss: 1762.577
[1,  1820] loss: 1788.823
[1,  1840] loss: 1825.604
[1,  1860] loss: 1863.125
[1,  1880] loss: 1906.048
[1,  1900] loss: 1963.711
[1,  1920] loss: 2003.436
[1,  1940] loss: 2038.208
[1,  1960] loss: 2074.651
[1,  1980] loss: 2106.738
[1,  2000] loss: 2113.332
[1,  2020] loss: 2137.451
[1,  2040] loss: 2149.625
[1,  2060] loss: 2156.519
[1,  2080] loss: 2161.644
[1,  2100] loss: 2151.032
[1,  2120] loss: 2131.576
[1,  2140] loss: 2113.348
[1,  2160] loss: 2094.972
[1,  2180] loss: 2076.483
[1,  2200] loss: 2057.983
[1,  2220] loss: 2045.284
[1,  2240] loss: 2028.371
[1,  2260] loss: 2010.858
[1,  2280] loss: 1993.690
[1,  2300] loss: 1976.613
[1,  2320] loss: 1965.005
[1,  2340] loss: 1993.514
[1,  2360] loss: 2015.220
[1,  2380] loss: 2013.366
[1,  2400] loss: 2001.339
[1,  2420] loss: 1997.766
[1,  2440] loss: 1994.764
[1,  2460] loss: 2003.097
[1,  2480] loss: 2044.369
[1,  2500] loss: 2088.095
[1,  2520] loss: 2105.268
[1,  2540] loss: 2098.953
[1,  2560] loss: 2083.254
[1,  2580] loss: 2067.131
[1,  2600] loss: 2051.293
[1,  2620] loss: 2035.642
[1,  2640] loss: 2020.370
[1,  2660] loss: 2005.364
[1,  2680] loss: 1992.892
[1,  2700] loss: 1979.885
[1,  2720] loss: 1965.598
[1,  2740] loss: 1955.111
[1,  2760] loss: 1945.395
[1,  2780] loss: 1932.253
[1,  2800] loss: 1920.781
[1,  2820] loss: 1909.963
[1,  2840] loss: 1898.082
[1,  2860] loss: 1886.387
[1,  2880] loss: 1874.696
[1,  2900] loss: 1864.420
[1,  2920] loss: 1852.570
[1,  2940] loss: 1852.359
[1,  2960] loss: 1870.432
[1,  2980] loss: 1859.030
[1,  3000] loss: 1846.968
[1,  3020] loss: 1835.536
[1,  3040] loss: 1831.950
[1,  3060] loss: 1836.339
[1,  3080] loss: 1834.149
[1,  3100] loss: 1832.225
[1,  3120] loss: 1827.645
[1,  3140] loss: 1822.459
[1,  3160] loss: 1813.182
[1,  3180] loss: 1803.514
[1,  3200] loss: 1793.135
[1,  3220] loss: 1785.664
[1,  3240] loss: 1786.810
[1,  3260] loss: 1785.723
[1,  3280] loss: 1792.386
[1,  3300] loss: 1790.012
[1,  3320] loss: 1782.103
[1,  3340] loss: 1773.961
[1,  3360] loss: 1766.730
