cuda:  5
color_space: RGB
batch_size: 1
num_epcochs: 1
learning_rate: 0.002
[1,    20] loss: 0.189
[1,    40] loss: 1.398
[1,    60] loss: 0.466
[1,    80] loss: 1.680
[1,   100] loss: 4.760
[1,   120] loss: 24.858
[1,   140] loss: 1752.093
[1,   160] loss: 7310.469
[1,   180] loss: 1815.636
[1,   200] loss: 1923.436
[1,   220] loss: 361.881
[1,   240] loss: 68.984
[1,   260] loss: 4.422
[1,   280] loss: 2.868
[1,   300] loss: 1.893
[1,   320] loss: 0.674
[1,   340] loss: 0.547
[1,   360] loss: 0.381
[1,   380] loss: 0.307
[1,   400] loss: 0.428
[1,   420] loss: 0.306
[1,   440] loss: 0.507
[1,   460] loss: 0.295
[1,   480] loss: 0.360
[1,   500] loss: 0.190
[1,   520] loss: 0.201
[1,   540] loss: 0.387
[1,   560] loss: 0.308
[1,   580] loss: 0.191
[1,   600] loss: 0.139
[1,   620] loss: 0.173
[1,   640] loss: 0.108
[1,   660] loss: 0.072
[1,   680] loss: 0.259
[1,   700] loss: 0.044
[1,   720] loss: 0.168
[1,   740] loss: 0.111
[1,   760] loss: 0.132
[1,   780] loss: 0.063
[1,   800] loss: 0.123
[1,   820] loss: 0.101
[1,   840] loss: 0.068
[1,   860] loss: 0.066
[1,   880] loss: 0.115
[1,   900] loss: 0.052
[1,   920] loss: 0.073
[1,   940] loss: 0.091
[1,   960] loss: 0.117
[1,   980] loss: 0.153
[1,  1000] loss: 0.175
[1,  1020] loss: 0.062
[1,  1040] loss: 0.113
[1,  1060] loss: 0.070
[1,  1080] loss: 0.152
[1,  1100] loss: 0.066
[1,  1120] loss: 0.106
[1,  1140] loss: 0.209
[1,  1160] loss: 0.118
[1,  1180] loss: 0.031
[1,  1200] loss: 0.144
[1,  1220] loss: 0.102
[1,  1240] loss: 0.039
[1,  1260] loss: 0.030
[1,  1280] loss: 0.116
[1,  1300] loss: 0.096
[1,  1320] loss: 0.051
[1,  1340] loss: 0.046
[1,  1360] loss: 0.023
[1,  1380] loss: 0.064
[1,  1400] loss: 0.052
[1,  1420] loss: 0.091
[1,  1440] loss: 0.234
[1,  1460] loss: 0.031
[1,  1480] loss: 0.162
[1,  1500] loss: 0.070
[1,  1520] loss: 0.110
[1,  1540] loss: 0.047
[1,  1560] loss: 0.085
[1,  1580] loss: 0.034
[1,  1600] loss: 0.043
[1,  1620] loss: 0.061
[1,  1640] loss: 0.040
[1,  1660] loss: 0.030
[1,  1680] loss: 0.059
[1,  1700] loss: 0.072
[1,  1720] loss: 0.048
[1,  1740] loss: 0.038
[1,  1760] loss: 0.040
[1,  1780] loss: 0.033
[1,  1800] loss: 0.180
[1,  1820] loss: 0.121
[1,  1840] loss: 0.037
[1,  1860] loss: 0.078
[1,  1880] loss: 0.097
[1,  1900] loss: 0.114
[1,  1920] loss: 0.046
[1,  1940] loss: 0.020
[1,  1960] loss: 0.046
[1,  1980] loss: 0.148
[1,  2000] loss: 0.086
[1,  2020] loss: 0.080
[1,  2040] loss: 0.025
[1,  2060] loss: 0.193
[1,  2080] loss: 0.067
[1,  2100] loss: 0.055
[1,  2120] loss: 0.076
[1,  2140] loss: 0.066
[1,  2160] loss: 0.041
[1,  2180] loss: 0.101
[1,  2200] loss: 0.092
[1,  2220] loss: 0.179
[1,  2240] loss: 0.233
[1,  2260] loss: 0.057
[1,  2280] loss: 0.126
[1,  2300] loss: 0.052
[1,  2320] loss: 0.052
[1,  2340] loss: 0.081
[1,  2360] loss: 0.056
[1,  2380] loss: 0.122
[1,  2400] loss: 0.026
[1,  2420] loss: 0.190
[1,  2440] loss: 0.025
[1,  2460] loss: 0.244
[1,  2480] loss: 0.221
[1,  2500] loss: 0.074
[1,  2520] loss: 0.080
[1,  2540] loss: 0.124
[1,  2560] loss: 0.133
[1,  2580] loss: 0.054
[1,  2600] loss: 0.334
[1,  2620] loss: 0.056
[1,  2640] loss: 0.038
[1,  2660] loss: 0.138
[1,  2680] loss: 0.101
[1,  2700] loss: 0.030
[1,  2720] loss: 0.142
[1,  2740] loss: 0.056
[1,  2760] loss: 0.041
[1,  2780] loss: 0.022
[1,  2800] loss: 0.020
[1,  2820] loss: 0.089
[1,  2840] loss: 0.150
[1,  2860] loss: 0.065
[1,  2880] loss: 0.100
[1,  2900] loss: 0.031
[1,  2920] loss: 0.072
[1,  2940] loss: 0.055
[1,  2960] loss: 0.214
[1,  2980] loss: 0.029
[1,  3000] loss: 0.058
[1,  3020] loss: 0.023
[1,  3040] loss: 0.058
[1,  3060] loss: 0.041
[1,  3080] loss: 0.104
[1,  3100] loss: 0.218
[1,  3120] loss: 0.067
[1,  3140] loss: 0.207
[1,  3160] loss: 0.080
[1,  3180] loss: 0.052
[1,  3200] loss: 0.261
[1,  3220] loss: 0.053
[1,  3240] loss: 0.054
[1,  3260] loss: 0.063
[1,  3280] loss: 0.058
[1,  3300] loss: 0.136
[1,  3320] loss: 0.027
[1,  3340] loss: 0.043
[1,  3360] loss: 0.161
[1,  3380] loss: 0.153
[1,  3400] loss: 0.048
[1,  3420] loss: 0.056
[1,  3440] loss: 0.022
[1,  3460] loss: 0.093
[1,  3480] loss: 0.190
[1,  3500] loss: 0.013
[1,  3520] loss: 0.020
[1,  3540] loss: 0.018
[1,  3560] loss: 0.041
[1,  3580] loss: 0.028
[1,  3600] loss: 0.059
[1,  3620] loss: 0.019
[1,  3640] loss: 0.075
[1,  3660] loss: 0.014
[1,  3680] loss: 0.091
[1,  3700] loss: 0.095
[1,  3720] loss: 0.033
[1,  3740] loss: 0.039
[1,  3760] loss: 0.186
[1,  3780] loss: 0.035
[1,  3800] loss: 0.082
[1,  3820] loss: 0.022
[1,  3840] loss: 0.025
[1,  3860] loss: 0.120
[1,  3880] loss: 0.082
[1,  3900] loss: 0.038
[1,  3920] loss: 0.109
[1,  3940] loss: 0.040
[1,  3960] loss: 0.080
[1,  3980] loss: 0.248
[1,  4000] loss: 0.058
[1,  4020] loss: 0.045
[1,  4040] loss: 0.058
[1,  4060] loss: 0.088
[1,  4080] loss: 0.105
[1,  4100] loss: 0.060
[1,  4120] loss: 0.030
[1,  4140] loss: 0.030
[1,  4160] loss: 0.012
[1,  4180] loss: 0.059
[1,  4200] loss: 0.124
[1,  4220] loss: 0.036
[1,  4240] loss: 0.022
[1,  4260] loss: 0.039
[1,  4280] loss: 0.145
[1,  4300] loss: 0.128
[1,  4320] loss: 0.076
[1,  4340] loss: 0.109
[1,  4360] loss: 0.069
[1,  4380] loss: 0.064
[1,  4400] loss: 0.036
[1,  4420] loss: 0.069
[1,  4440] loss: 0.026
[1,  4460] loss: 0.080
[1,  4480] loss: 0.124
[1,  4500] loss: 0.054
[1,  4520] loss: 0.054
[1,  4540] loss: 0.214
[1,  4560] loss: 0.043
[1,  4580] loss: 0.071
[1,  4600] loss: 0.068
[1,  4620] loss: 0.145
[1,  4640] loss: 0.095
[1,  4660] loss: 0.050
[1,  4680] loss: 0.030
[1,  4700] loss: 0.045
[1,  4720] loss: 0.089
[1,  4740] loss: 0.025
[1,  4760] loss: 0.036
[1,  4780] loss: 0.145
[1,  4800] loss: 0.225
[1,  4820] loss: 0.027
[1,  4840] loss: 0.040
[1,  4860] loss: 0.070
[1,  4880] loss: 0.161
[1,  4900] loss: 0.051
[1,  4920] loss: 0.086
[1,  4940] loss: 0.053
[1,  4960] loss: 0.035
[1,  4980] loss: 0.114
[1,  5000] loss: 0.184
[1,  5020] loss: 0.071
[1,  5040] loss: 0.097
[1,  5060] loss: 0.039
[1,  5080] loss: 0.030
[1,  5100] loss: 0.042
[1,  5120] loss: 0.034
[1,  5140] loss: 0.036
[1,  5160] loss: 0.028
[1,  5180] loss: 0.087
[1,  5200] loss: 0.040
[1,  5220] loss: 0.069
[1,  5240] loss: 0.049
[1,  5260] loss: 0.150
[1,  5280] loss: 0.043
[1,  5300] loss: 0.043
[1,  5320] loss: 0.043
[1,  5340] loss: 0.023
[1,  5360] loss: 0.052
[1,  5380] loss: 0.049
[1,  5400] loss: 0.065
[1,  5420] loss: 0.013
[1,  5440] loss: 0.094
[1,  5460] loss: 0.127
[1,  5480] loss: 0.088
[1,  5500] loss: 0.129
[1,  5520] loss: 0.383
[1,  5540] loss: 0.030
[1,  5560] loss: 0.077
[1,  5580] loss: 0.174
[1,  5600] loss: 0.017
[1,  5620] loss: 0.224
[1,  5640] loss: 0.094
[1,  5660] loss: 0.040
[1,  5680] loss: 0.035
[1,  5700] loss: 0.052
[1,  5720] loss: 0.033
[1,  5740] loss: 0.102
[1,  5760] loss: 0.065
[1,  5780] loss: 0.162
[1,  5800] loss: 0.077
[1,  5820] loss: 0.032
[1,  5840] loss: 0.197
[1,  5860] loss: 0.235
[1,  5880] loss: 0.092
[1,  5900] loss: 0.043
[1,  5920] loss: 0.022
[1,  5940] loss: 0.026
[1,  5960] loss: 0.158
[1,  5980] loss: 0.045
[1,  6000] loss: 0.241
[1,  6020] loss: 0.065
[1,  6040] loss: 0.054
[1,  6060] loss: 0.035
[1,  6080] loss: 0.018
[1,  6100] loss: 0.048
[1,  6120] loss: 0.047
[1,  6140] loss: 0.101
[1,  6160] loss: 0.052
[1,  6180] loss: 0.037
[1,  6200] loss: 0.187
[1,  6220] loss: 0.108
[1,  6240] loss: 0.028
[1,  6260] loss: 0.029
[1,  6280] loss: 0.104
[1,  6300] loss: 0.045
[1,  6320] loss: 0.054
[1,  6340] loss: 0.019
[1,  6360] loss: 0.095
[1,  6380] loss: 0.033
[1,  6400] loss: 0.133
[1,  6420] loss: 0.324
[1,  6440] loss: 0.233
[1,  6460] loss: 0.049
[1,  6480] loss: 0.034
[1,  6500] loss: 0.073
[1,  6520] loss: 0.067
[1,  6540] loss: 0.067
[1,  6560] loss: 0.035
[1,  6580] loss: 0.102
[1,  6600] loss: 0.080
[1,  6620] loss: 0.042
[1,  6640] loss: 0.033
[1,  6660] loss: 0.036
[1,  6680] loss: 0.028
[1,  6700] loss: 0.027
[1,  6720] loss: 0.079
[1,  6740] loss: 0.028
[1,  6760] loss: 0.077
[1,  6780] loss: 0.029
[1,  6800] loss: 0.063
[1,  6820] loss: 0.054
[1,  6840] loss: 0.030
[1,  6860] loss: 0.044
[1,  6880] loss: 0.185
[1,  6900] loss: 0.282
[1,  6920] loss: 0.114
[1,  6940] loss: 0.156
[1,  6960] loss: 0.075
[1,  6980] loss: 0.037
[1,  7000] loss: 0.025
[1,  7020] loss: 0.025
[1,  7040] loss: 0.204
[1,  7060] loss: 0.040
[1,  7080] loss: 0.209
[1,  7100] loss: 0.046
[1,  7120] loss: 0.046
[1,  7140] loss: 0.168
[1,  7160] loss: 0.133
[1,  7180] loss: 0.027
[1,  7200] loss: 0.036
[1,  7220] loss: 0.117
[1,  7240] loss: 0.056
[1,  7260] loss: 0.044
[1,  7280] loss: 0.062
[1,  7300] loss: 0.025
[1,  7320] loss: 0.054
[1,  7340] loss: 0.047
[1,  7360] loss: 0.075
[1,  7380] loss: 0.064
[1,  7400] loss: 0.089
[1,  7420] loss: 0.019
[1,  7440] loss: 0.077
[1,  7460] loss: 0.064
[1,  7480] loss: 0.030
[1,  7500] loss: 0.034
[1,  7520] loss: 0.077
[1,  7540] loss: 0.049
[1,  7560] loss: 0.066
[1,  7580] loss: 0.044
[1,  7600] loss: 0.115
[1,  7620] loss: 0.070
[1,  7640] loss: 0.062
[1,  7660] loss: 0.179
[1,  7680] loss: 0.062
[1,  7700] loss: 0.040
[1,  7720] loss: 0.033
[1,  7740] loss: 0.055
[1,  7760] loss: 0.035
[1,  7780] loss: 0.021
[1,  7800] loss: 0.026
[1,  7820] loss: 0.149
[1,  7840] loss: 0.127
[1,  7860] loss: 0.159
[1,  7880] loss: 0.226
[1,  7900] loss: 0.131
[1,  7920] loss: 0.048
[1,  7940] loss: 0.035
[1,  7960] loss: 0.082
[1,  7980] loss: 0.043
[1,  8000] loss: 0.071
[1,  8020] loss: 0.023
[1,  8040] loss: 0.260
[1,  8060] loss: 0.064
[1,  8080] loss: 0.063
[1,  8100] loss: 0.179
[1,  8120] loss: 0.022
[1,  8140] loss: 0.101
[1,  8160] loss: 0.092
[1,  8180] loss: 0.123
[1,  8200] loss: 0.050
[1,  8220] loss: 0.217
[1,  8240] loss: 0.092
[1,  8260] loss: 0.078
[1,  8280] loss: 0.017
[1,  8300] loss: 0.065
[1,  8320] loss: 0.055
[1,  8340] loss: 0.019
[1,  8360] loss: 0.104
[1,  8380] loss: 0.080
[1,  8400] loss: 0.117
[1,  8420] loss: 0.029
[1,  8440] loss: 0.089
[1,  8460] loss: 0.029
[1,  8480] loss: 0.047
[1,  8500] loss: 0.022
[1,  8520] loss: 0.024
[1,  8540] loss: 0.026
[1,  8560] loss: 0.125
[1,  8580] loss: 0.151
[1,  8600] loss: 0.029
[1,  8620] loss: 0.040
[1,  8640] loss: 0.198
[1,  8660] loss: 0.077
[1,  8680] loss: 0.076
[1,  8700] loss: 0.022
[1,  8720] loss: 0.024
[1,  8740] loss: 0.049
[1,  8760] loss: 0.038
[1,  8780] loss: 0.070
[1,  8800] loss: 0.076
[1,  8820] loss: 0.138
[1,  8840] loss: 0.115
[1,  8860] loss: 0.071
[1,  8880] loss: 0.034
[1,  8900] loss: 0.021
[1,  8920] loss: 0.046
[1,  8940] loss: 0.100
[1,  8960] loss: 0.049
[1,  8980] loss: 0.029
[1,  9000] loss: 0.058
[1,  9020] loss: 0.095
[1,  9040] loss: 0.030
[1,  9060] loss: 0.128
[1,  9080] loss: 0.101
[1,  9100] loss: 0.071
[1,  9120] loss: 0.090
[1,  9140] loss: 0.055
[1,  9160] loss: 0.419
[1,  9180] loss: 0.092
[1,  9200] loss: 0.037
[1,  9220] loss: 0.033
[1,  9240] loss: 0.226
[1,  9260] loss: 0.132
[1,  9280] loss: 0.040
[1,  9300] loss: 0.056
[1,  9320] loss: 0.093
[1,  9340] loss: 0.219
[1,  9360] loss: 0.127
[1,  9380] loss: 0.141
[1,  9400] loss: 0.053
[1,  9420] loss: 0.070
[1,  9440] loss: 0.041
[1,  9460] loss: 0.171
[1,  9480] loss: 0.138
[1,  9500] loss: 0.106
[1,  9520] loss: 0.036
[1,  9540] loss: 0.030
[1,  9560] loss: 0.052
[1,  9580] loss: 0.178
[1,  9600] loss: 0.112
[1,  9620] loss: 0.049
[1,  9640] loss: 0.035
[1,  9660] loss: 0.045
[1,  9680] loss: 0.028
[1,  9700] loss: 0.157
[1,  9720] loss: 0.156
[1,  9740] loss: 0.055
[1,  9760] loss: 0.072
[1,  9780] loss: 0.034
[1,  9800] loss: 0.046
[1,  9820] loss: 0.100
[1,  9840] loss: 0.035
[1,  9860] loss: 0.064
[1,  9880] loss: 0.090
[1,  9900] loss: 0.062
[1,  9920] loss: 0.026
[1,  9940] loss: 0.131
[1,  9960] loss: 0.026
[1,  9980] loss: 0.025
[1, 10000] loss: 0.069
[1, 10020] loss: 0.020
[1, 10040] loss: 0.032
[1, 10060] loss: 0.148
[1, 10080] loss: 0.036
[1, 10100] loss: 0.038
[1, 10120] loss: 0.107
[1, 10140] loss: 0.096
[1, 10160] loss: 0.027
[1, 10180] loss: 0.112
[1, 10200] loss: 0.068
[1, 10220] loss: 0.126
[1, 10240] loss: 0.135
[1, 10260] loss: 0.020
[1, 10280] loss: 0.079
[1, 10300] loss: 0.082
[1, 10320] loss: 0.034
[1, 10340] loss: 0.037
[1, 10360] loss: 0.066
[1, 10380] loss: 0.054
[1, 10400] loss: 0.026
[1, 10420] loss: 0.028
[1, 10440] loss: 0.044
[1, 10460] loss: 0.198
[1, 10480] loss: 0.173
[1, 10500] loss: 0.180
[1, 10520] loss: 0.032
[1, 10540] loss: 0.063
[1, 10560] loss: 0.178
[1, 10580] loss: 0.091
[1, 10600] loss: 0.033
[1, 10620] loss: 0.030
[1, 10640] loss: 0.034
[1, 10660] loss: 0.282
[1, 10680] loss: 0.027
[1, 10700] loss: 0.167
[1, 10720] loss: 0.139
[1, 10740] loss: 0.211
[1, 10760] loss: 0.186
[1, 10780] loss: 0.093
[1, 10800] loss: 0.097
[1, 10820] loss: 0.235
[1, 10840] loss: 0.065
[1, 10860] loss: 0.071
[1, 10880] loss: 0.124
[1, 10900] loss: 0.126
[1, 10920] loss: 0.104
[1, 10940] loss: 0.119
[1, 10960] loss: 0.034
[1, 10980] loss: 0.060
[1, 11000] loss: 0.075
[1, 11020] loss: 0.030
[1, 11040] loss: 0.075
[1, 11060] loss: 0.034
[1, 11080] loss: 0.027
[1, 11100] loss: 0.033
[1, 11120] loss: 0.046
[1, 11140] loss: 0.053
[1, 11160] loss: 0.014
[1, 11180] loss: 0.109
[1, 11200] loss: 0.106
[1, 11220] loss: 0.035
[1, 11240] loss: 0.161
[1, 11260] loss: 0.071
[1, 11280] loss: 0.086
[1, 11300] loss: 0.036
[1, 11320] loss: 0.019
[1, 11340] loss: 0.018
[1, 11360] loss: 0.066
[1, 11380] loss: 0.047
[1, 11400] loss: 0.033
[1, 11420] loss: 0.055
[1, 11440] loss: 0.023
[1, 11460] loss: 0.033
[1, 11480] loss: 0.102
[1, 11500] loss: 0.073
[1, 11520] loss: 0.029
[1, 11540] loss: 0.023
[1, 11560] loss: 0.071
[1, 11580] loss: 0.077
[1, 11600] loss: 0.046
[1, 11620] loss: 0.120
[1, 11640] loss: 0.029
[1, 11660] loss: 0.066
[1, 11680] loss: 0.106
[1, 11700] loss: 0.031
[1, 11720] loss: 0.035
[1, 11740] loss: 0.097
[1, 11760] loss: 0.065
[1, 11780] loss: 0.089
[1, 11800] loss: 0.069
[1, 11820] loss: 0.022
[1, 11840] loss: 0.032
[1, 11860] loss: 0.071
[1, 11880] loss: 0.167
[1, 11900] loss: 0.131
[1, 11920] loss: 0.039
[1, 11940] loss: 0.046
[1, 11960] loss: 0.035
[1, 11980] loss: 0.040
[1, 12000] loss: 0.199
[1, 12020] loss: 0.042
[1, 12040] loss: 0.205
[1, 12060] loss: 0.039
[1, 12080] loss: 0.109
[1, 12100] loss: 0.036
[1, 12120] loss: 0.044
[1, 12140] loss: 0.208
[1, 12160] loss: 0.030
[1, 12180] loss: 0.124
[1, 12200] loss: 0.085
[1, 12220] loss: 0.216
[1, 12240] loss: 0.064
[1, 12260] loss: 0.045
[1, 12280] loss: 0.031
[1, 12300] loss: 0.084
[1, 12320] loss: 0.126
[1, 12340] loss: 0.077
[1, 12360] loss: 0.117
[1, 12380] loss: 0.034
[1, 12400] loss: 0.125
[1, 12420] loss: 0.053
[1, 12440] loss: 0.079
[1, 12460] loss: 0.130
[1, 12480] loss: 0.091
[1, 12500] loss: 0.072
[1, 12520] loss: 0.054
[1, 12540] loss: 0.034
[1, 12560] loss: 0.044
[1, 12580] loss: 0.040
[1, 12600] loss: 0.077
[1, 12620] loss: 0.027
[1, 12640] loss: 0.014
[1, 12660] loss: 0.016
[1, 12680] loss: 0.138
[1, 12700] loss: 0.011
[1, 12720] loss: 0.055
[1, 12740] loss: 0.064
[1, 12760] loss: 0.030
[1, 12780] loss: 0.038
[1, 12800] loss: 0.102
[1, 12820] loss: 0.034
[1, 12840] loss: 0.114
[1, 12860] loss: 0.061
[1, 12880] loss: 0.026
[1, 12900] loss: 0.060
[1, 12920] loss: 0.415
[1, 12940] loss: 0.028
[1, 12960] loss: 0.044
[1, 12980] loss: 0.125
[1, 13000] loss: 0.063
[1, 13020] loss: 0.207
[1, 13040] loss: 0.051
[1, 13060] loss: 0.064
[1, 13080] loss: 0.097
[1, 13100] loss: 0.057
[1, 13120] loss: 0.058
[1, 13140] loss: 0.044
[1, 13160] loss: 0.041
[1, 13180] loss: 0.039
[1, 13200] loss: 0.067
[1, 13220] loss: 0.035
[1, 13240] loss: 0.022
[1, 13260] loss: 0.355
[1, 13280] loss: 0.062
[1, 13300] loss: 0.044
[1, 13320] loss: 0.019
[1, 13340] loss: 0.039
[1, 13360] loss: 0.152
[1, 13380] loss: 0.080
[1, 13400] loss: 0.044
[1, 13420] loss: 0.030
[1, 13440] loss: 0.085
[1, 13460] loss: 0.016
[1, 13480] loss: 0.130
[1, 13500] loss: 0.046
[1, 13520] loss: 0.195
[1, 13540] loss: 0.098
[1, 13560] loss: 0.055
[1, 13580] loss: 0.037
[1, 13600] loss: 0.021
[1, 13620] loss: 0.107
[1, 13640] loss: 0.017
[1, 13660] loss: 0.054
[1, 13680] loss: 0.257
[1, 13700] loss: 0.051
[1, 13720] loss: 0.062
[1, 13740] loss: 0.062
[1, 13760] loss: 0.026
[1, 13780] loss: 0.048
[1, 13800] loss: 0.054
[1, 13820] loss: 0.122
[1, 13840] loss: 0.086
[1, 13860] loss: 0.151
[1, 13880] loss: 0.046
[1, 13900] loss: 0.153
[1, 13920] loss: 0.093
[1, 13940] loss: 0.173
[1, 13960] loss: 0.035
[1, 13980] loss: 0.033
[1, 14000] loss: 0.025
[1, 14020] loss: 0.164
[1, 14040] loss: 0.037
[1, 14060] loss: 0.048
[1, 14080] loss: 0.041
[1, 14100] loss: 0.075
[1, 14120] loss: 0.071
[1, 14140] loss: 0.035
[1, 14160] loss: 0.048
[1, 14180] loss: 0.118
[1, 14200] loss: 0.099
[1, 14220] loss: 0.047
[1, 14240] loss: 0.336
[1, 14260] loss: 0.097
[1, 14280] loss: 0.066
[1, 14300] loss: 0.050
[1, 14320] loss: 0.077
[1, 14340] loss: 0.039
[1, 14360] loss: 0.064
[1, 14380] loss: 0.042
[1, 14400] loss: 0.019
[1, 14420] loss: 0.046
[1, 14440] loss: 0.061
[1, 14460] loss: 0.067
[1, 14480] loss: 0.048
[1, 14500] loss: 0.047
[1, 14520] loss: 0.098
[1, 14540] loss: 0.008
[1, 14560] loss: 0.027
[1, 14580] loss: 0.083
[1, 14600] loss: 0.019
[1, 14620] loss: 0.066
[1, 14640] loss: 0.044
[1, 14660] loss: 0.077
[1, 14680] loss: 0.080
[1, 14700] loss: 0.025
[1, 14720] loss: 0.033
[1, 14740] loss: 0.040
[1, 14760] loss: 0.032
[1, 14780] loss: 0.103
[1, 14800] loss: 0.069
[1, 14820] loss: 0.069
[1, 14840] loss: 0.233
[1, 14860] loss: 0.033
[1, 14880] loss: 0.080
[1, 14900] loss: 0.065
[1, 14920] loss: 0.016
[1, 14940] loss: 0.065
[1, 14960] loss: 0.075
[1, 14980] loss: 0.135
[1, 15000] loss: 0.095
[1, 15020] loss: 0.040
[1, 15040] loss: 0.037
[1, 15060] loss: 0.164
[1, 15080] loss: 0.035
[1, 15100] loss: 0.032
[1, 15120] loss: 0.058
[1, 15140] loss: 0.072
[1, 15160] loss: 0.057
[1, 15180] loss: 0.116
[1, 15200] loss: 0.019
[1, 15220] loss: 0.107
[1, 15240] loss: 0.095
[1, 15260] loss: 0.214
[1, 15280] loss: 0.034
[1, 15300] loss: 0.078
[1, 15320] loss: 0.205
[1, 15340] loss: 0.094
[1, 15360] loss: 0.132
[1, 15380] loss: 0.108
[1, 15400] loss: 0.087
[1, 15420] loss: 0.155
[1, 15440] loss: 0.230
[1, 15460] loss: 0.160
[1, 15480] loss: 0.070
[1, 15500] loss: 0.055
[1, 15520] loss: 0.049
[1, 15540] loss: 0.232
[1, 15560] loss: 0.110
[1, 15580] loss: 0.029
[1, 15600] loss: 0.025
[1, 15620] loss: 0.107
[1, 15640] loss: 0.115
[1, 15660] loss: 0.033
[1, 15680] loss: 0.221
[1, 15700] loss: 0.065
[1, 15720] loss: 0.230
[1, 15740] loss: 0.208
[1, 15760] loss: 0.041
[1, 15780] loss: 0.031
[1, 15800] loss: 0.076
[1, 15820] loss: 0.008
[1, 15840] loss: 0.194
[1, 15860] loss: 0.035
[1, 15880] loss: 0.035
[1, 15900] loss: 0.099
[1, 15920] loss: 0.050
[1, 15940] loss: 0.036
[1, 15960] loss: 0.210
[1, 15980] loss: 0.059
[1, 16000] loss: 0.098
[1, 16020] loss: 0.124
[1, 16040] loss: 0.024
[1, 16060] loss: 0.093
[1, 16080] loss: 0.061
[1, 16100] loss: 0.229
[1, 16120] loss: 0.168
[1, 16140] loss: 0.052
[1, 16160] loss: 0.146
[1, 16180] loss: 0.119
[1, 16200] loss: 0.110
[1, 16220] loss: 0.064
[1, 16240] loss: 0.025
[1, 16260] loss: 0.047
[1, 16280] loss: 0.093
[1, 16300] loss: 0.064
[1, 16320] loss: 0.155
[1, 16340] loss: 0.026
[1, 16360] loss: 0.060
[1, 16380] loss: 0.021
[1, 16400] loss: 0.156
[1, 16420] loss: 0.102
[1, 16440] loss: 0.063
[1, 16460] loss: 0.056
[1, 16480] loss: 0.131
[1, 16500] loss: 0.052
[1, 16520] loss: 0.168
[1, 16540] loss: 0.049
[1, 16560] loss: 0.028
[1, 16580] loss: 0.012
[1, 16600] loss: 0.036
[1, 16620] loss: 0.095
[1, 16640] loss: 0.048
[1, 16660] loss: 0.078
[1, 16680] loss: 0.071
[1, 16700] loss: 0.038
[1, 16720] loss: 0.093
[1, 16740] loss: 0.032
[1, 16760] loss: 0.049
[1, 16780] loss: 0.023
[1, 16800] loss: 0.133
[1, 16820] loss: 0.068
[1, 16840] loss: 0.084
[1, 16860] loss: 0.223
[1, 16880] loss: 0.032
[1, 16900] loss: 0.019
[1, 16920] loss: 0.124
[1, 16940] loss: 0.390
[1, 16960] loss: 0.019
[1, 16980] loss: 0.117
[1, 17000] loss: 0.014
[1, 17020] loss: 0.134
[1, 17040] loss: 0.141
[1, 17060] loss: 0.185
[1, 17080] loss: 0.060
[1, 17100] loss: 0.361
[1, 17120] loss: 0.019
[1, 17140] loss: 0.122
[1, 17160] loss: 0.079
[1, 17180] loss: 0.034
[1, 17200] loss: 0.166
[1, 17220] loss: 0.153
[1, 17240] loss: 0.121
[1, 17260] loss: 0.197
[1, 17280] loss: 0.054
[1, 17300] loss: 0.057
[1, 17320] loss: 0.039
[1, 17340] loss: 0.094
[1, 17360] loss: 0.039
[1, 17380] loss: 0.019
[1, 17400] loss: 0.145
[1, 17420] loss: 0.067
[1, 17440] loss: 0.055
[1, 17460] loss: 0.348
[1, 17480] loss: 0.210
[1, 17500] loss: 0.092
[1, 17520] loss: 0.136
[1, 17540] loss: 0.157
[1, 17560] loss: 0.014
[1, 17580] loss: 0.067
[1, 17600] loss: 0.030
[1, 17620] loss: 0.048
[1, 17640] loss: 0.022
[1, 17660] loss: 0.076
[1, 17680] loss: 0.031
[1, 17700] loss: 0.048
[1, 17720] loss: 0.060
[1, 17740] loss: 0.180
[1, 17760] loss: 0.045
[1, 17780] loss: 0.025
[1, 17800] loss: 0.036
[1, 17820] loss: 0.048
[1, 17840] loss: 0.152
[1, 17860] loss: 0.077
[1, 17880] loss: 0.096
[1, 17900] loss: 0.132
[1, 17920] loss: 0.070
[1, 17940] loss: 0.139
[1, 17960] loss: 0.034
[1, 17980] loss: 0.119
[1, 18000] loss: 0.090
[1, 18020] loss: 0.077
[1, 18040] loss: 0.115
[1, 18060] loss: 0.014
[1, 18080] loss: 0.057
[1, 18100] loss: 0.070
[1, 18120] loss: 0.010
[1, 18140] loss: 0.011
[1, 18160] loss: 0.036
[1, 18180] loss: 0.061
[1, 18200] loss: 0.005
[1, 18220] loss: 0.024
[1, 18240] loss: 0.025
[1, 18260] loss: 0.075
[1, 18280] loss: 0.014
[1, 18300] loss: 0.040
[1, 18320] loss: 0.052
[1, 18340] loss: 0.016
[1, 18360] loss: 0.050
[1, 18380] loss: 0.034
[1, 18400] loss: 0.070
[1, 18420] loss: 0.115
[1, 18440] loss: 0.085
[1, 18460] loss: 0.032
[1, 18480] loss: 0.125
[1, 18500] loss: 0.029
[1, 18520] loss: 0.222
[1, 18540] loss: 0.040
[1, 18560] loss: 0.062
[1, 18580] loss: 0.086
[1, 18600] loss: 0.154
[1, 18620] loss: 0.199
[1, 18640] loss: 64.121
[1, 18660] loss: 364846244.117
[1, 18680] loss: 6902443438.594
[1, 18700] loss: 3706202262.898
[1, 18720] loss: 146837171.283
[1, 18740] loss: 35325204.050
[1, 18760] loss: 6627766.726
[1, 18780] loss: 2085814.795
[1, 18800] loss: 814182.183
[1, 18820] loss: 728533.464
[1, 18840] loss: 1651095.963
[1, 18860] loss: 1506091.613
[1, 18880] loss: 744685.496
[1, 18900] loss: 1071036.451
[1, 18920] loss: 1137412.318
[1, 18940] loss: 1248193.702
[1, 18960] loss: 881961.941
[1, 18980] loss: 1296486.505
[1, 19000] loss: 530083.450
[1, 19020] loss: 361695.613
[1, 19040] loss: 1047419.649
[1, 19060] loss: 768304.210
[1, 19080] loss: 421864.576
[1, 19100] loss: 518434.206
[1, 19120] loss: 597363.677
[1, 19140] loss: 603296.893
[1, 19160] loss: 511621.227
[1, 19180] loss: 428964.973
[1, 19200] loss: 539613.116
[1, 19220] loss: 412512.434
[1, 19240] loss: 226657.304
[1, 19260] loss: 478248.710
[1, 19280] loss: 225519.390
[1, 19300] loss: 207997.605
[1, 19320] loss: 280382.962
[1, 19340] loss: 364849.364
[1, 19360] loss: 197385.613
[1, 19380] loss: 302508.980
[1, 19400] loss: 281445.572
[1, 19420] loss: 283669.264
[1, 19440] loss: 395256.081
[1, 19460] loss: 339387.422
[1, 19480] loss: 70532.460
[1, 19500] loss: 208332.002
[1, 19520] loss: 173578.317
[1, 19540] loss: 134270.330
[1, 19560] loss: 199845.610
[1, 19580] loss: 289313.522
[1, 19600] loss: 165642.673
[1, 19620] loss: 232455.358
[1, 19640] loss: 219477.969
[1, 19660] loss: 225805.389
[1, 19680] loss: 109718.757
[1, 19700] loss: 166348.398
[1, 19720] loss: 208361.123
[1, 19740] loss: 158403.465
[1, 19760] loss: 127218.204
[1, 19780] loss: 135200.218
[1, 19800] loss: 175834.363
[1, 19820] loss: 107766.373
[1, 19840] loss: 141814.753
[1, 19860] loss: 136269.759
[1, 19880] loss: 164362.806
[1, 19900] loss: 113235.206
[1, 19920] loss: 108673.856
[1, 19940] loss: 178232.315
[1, 19960] loss: 91857.489
[1, 19980] loss: 51258.401
[1, 20000] loss: 87029.756
[1, 20020] loss: 70778.839
[1, 20040] loss: 59079.525
[1, 20060] loss: 116728.967
[1, 20080] loss: 122566.954
[1, 20100] loss: 90138.833
[1, 20120] loss: 116279.767
[1, 20140] loss: 91652.249
[1, 20160] loss: 39477.794
[1, 20180] loss: 79711.450
[1, 20200] loss: 57945.491
[1, 20220] loss: 48681.364
[1, 20240] loss: 28756.546
[1, 20260] loss: 80069.358
[1, 20280] loss: 50425.566
[1, 20300] loss: 54941.736
[1, 20320] loss: 53066.459
[1, 20340] loss: 41979.917
[1, 20360] loss: 71465.346
[1, 20380] loss: 102161.218
[1, 20400] loss: 42640.754
[1, 20420] loss: 30335.016
[1, 20440] loss: 70205.913
[1, 20460] loss: 50808.606
[1, 20480] loss: 35379.842
[1, 20500] loss: 44326.617
[1, 20520] loss: 20968.942
[1, 20540] loss: 47209.641
[1, 20560] loss: 58596.539
[1, 20580] loss: 27998.755
[1, 20600] loss: 61080.249
[1, 20620] loss: 27583.571
[1, 20640] loss: 29635.077
[1, 20660] loss: 52947.882
[1, 20680] loss: 39477.929
[1, 20700] loss: 34248.688
[1, 20720] loss: 35236.453
[1, 20740] loss: 27944.825
[1, 20760] loss: 22117.856
[1, 20780] loss: 61218.837
[1, 20800] loss: 32076.204
[1, 20820] loss: 23774.136
[1, 20840] loss: 44722.582
[1, 20860] loss: 48467.636
[1, 20880] loss: 26080.394
[1, 20900] loss: 31032.280
[1, 20920] loss: 17000.562
[1, 20940] loss: 43603.098
[1, 20960] loss: 24280.970
[1, 20980] loss: 41541.853
[1, 21000] loss: 33081.856
[1, 21020] loss: 32569.166
[1, 21040] loss: 19832.663
[1, 21060] loss: 32883.255
[1, 21080] loss: 19566.877
[1, 21100] loss: 18601.766
[1, 21120] loss: 14198.658
[1, 21140] loss: 13669.771
[1, 21160] loss: 27854.071
[1, 21180] loss: 19156.167
[1, 21200] loss: 11311.419
[1, 21220] loss: 12405.035
[1, 21240] loss: 22301.144
[1, 21260] loss: 17392.245
[1, 21280] loss: 21540.671
[1, 21300] loss: 20732.324
[1, 21320] loss: 19512.194
[1, 21340] loss: 19540.842
[1, 21360] loss: 18105.201
[1, 21380] loss: 15612.906
[1, 21400] loss: 5861.278
[1, 21420] loss: 10350.390
[1, 21440] loss: 13309.253
[1, 21460] loss: 27999.077
[1, 21480] loss: 18255.885
[1, 21500] loss: 14899.475
[1, 21520] loss: 15046.710
[1, 21540] loss: 15056.354
[1, 21560] loss: 14276.053
[1, 21580] loss: 10896.490
[1, 21600] loss: 14328.223
[1, 21620] loss: 12805.742
[1, 21640] loss: 18728.797
[1, 21660] loss: 20194.160
[1, 21680] loss: 8123.338
[1, 21700] loss: 6949.160
[1, 21720] loss: 8146.985
[1, 21740] loss: 11852.763
[1, 21760] loss: 8444.803
[1, 21780] loss: 17693.786
[1, 21800] loss: 11277.582
[1, 21820] loss: 12395.459
[1, 21840] loss: 10560.496
[1, 21860] loss: 8935.286
[1, 21880] loss: 12332.071
[1, 21900] loss: 13364.417
[1, 21920] loss: 5444.734
[1, 21940] loss: 5229.148
[1, 21960] loss: 13816.003
[1, 21980] loss: 8699.653
[1, 22000] loss: 5769.611
[1, 22020] loss: 11400.834
[1, 22040] loss: 3972.522
[1, 22060] loss: 11863.437
[1, 22080] loss: 4041.340
[1, 22100] loss: 11380.139
[1, 22120] loss: 4186.657
[1, 22140] loss: 4273.581
[1, 22160] loss: 8684.707
[1, 22180] loss: 6536.797
[1, 22200] loss: 6128.183
[1, 22220] loss: 6317.362
[1, 22240] loss: 7152.461
[1, 22260] loss: 6066.089
[1, 22280] loss: 4772.468
[1, 22300] loss: 8450.732
[1, 22320] loss: 11989.825
[1, 22340] loss: 6607.394
[1, 22360] loss: 8941.916
[1, 22380] loss: 2323.933
[1, 22400] loss: 3307.856
[1, 22420] loss: 6626.655
[1, 22440] loss: 8521.288
[1, 22460] loss: 6622.432
[1, 22480] loss: 8548.161
[1, 22500] loss: 6140.197
[1, 22520] loss: 7175.991
[1, 22540] loss: 5204.473
[1, 22560] loss: 3083.343
[1, 22580] loss: 5056.166
[1, 22600] loss: 5129.340
[1, 22620] loss: 5011.772
[1, 22640] loss: 6265.738
[1, 22660] loss: 2534.868
[1, 22680] loss: 5299.230
[1, 22700] loss: 7898.739
[1, 22720] loss: 4198.543
[1, 22740] loss: 6469.365
[1, 22760] loss: 4123.548
[1, 22780] loss: 2930.859
[1, 22800] loss: 4091.773
[1, 22820] loss: 5621.757
[1, 22840] loss: 5183.328
[1, 22860] loss: 5205.332
[1, 22880] loss: 6640.079
[1, 22900] loss: 3175.380
[1, 22920] loss: 2538.620
[1, 22940] loss: 4086.450
[1, 22960] loss: 3949.392
[1, 22980] loss: 3641.785
[1, 23000] loss: 4813.655
[1, 23020] loss: 2937.166
[1, 23040] loss: 5116.960
[1, 23060] loss: 3368.229
[1, 23080] loss: 3313.565
[1, 23100] loss: 4672.203
[1, 23120] loss: 3566.118
[1, 23140] loss: 2078.960
[1, 23160] loss: 2999.752
[1, 23180] loss: 5786.760
[1, 23200] loss: 2902.664
[1, 23220] loss: 1842.226
[1, 23240] loss: 3515.245
[1, 23260] loss: 3578.072
[1, 23280] loss: 3758.391
[1, 23300] loss: 4936.917
[1, 23320] loss: 4575.663
[1, 23340] loss: 3111.284
[1, 23360] loss: 6957.660
[1, 23380] loss: 4266.910
[1, 23400] loss: 4059.282
[1, 23420] loss: 3992.278
[1, 23440] loss: 2502.158
[1, 23460] loss: 2920.127
[1, 23480] loss: 2834.449
[1, 23500] loss: 2069.479
[1, 23520] loss: 1887.515
[1, 23540] loss: 4700.313
[1, 23560] loss: 4319.351
[1, 23580] loss: 1889.392
[1, 23600] loss: 3227.647
[1, 23620] loss: 2536.208
[1, 23640] loss: 1592.547
[1, 23660] loss: 3511.006
[1, 23680] loss: 2669.134
[1, 23700] loss: 1896.442
[1, 23720] loss: 1508.107
[1, 23740] loss: 2441.839
[1, 23760] loss: 3114.874
[1, 23780] loss: 1521.498
[1, 23800] loss: 3444.716
[1, 23820] loss: 2063.728
[1, 23840] loss: 3904.549
[1, 23860] loss: 4054.861
[1, 23880] loss: 3086.631
[1, 23900] loss: 2198.663
[1, 23920] loss: 2755.869
[1, 23940] loss: 456.294
[1, 23960] loss: 2097.689
[1, 23980] loss: 2477.904
[1, 24000] loss: 1687.304
[1, 24020] loss: 960.259
[1, 24040] loss: 1341.167
[1, 24060] loss: 2080.578
[1, 24080] loss: 916.985
[1, 24100] loss: 3051.216
[1, 24120] loss: 1740.834
[1, 24140] loss: 1373.967
[1, 24160] loss: 1656.346
[1, 24180] loss: 2696.570
[1, 24200] loss: 1431.402
[1, 24220] loss: 1559.872
[1, 24240] loss: 1501.560
[1, 24260] loss: 1157.597
[1, 24280] loss: 1530.241
[1, 24300] loss: 2353.415
[1, 24320] loss: 1116.193
[1, 24340] loss: 844.321
[1, 24360] loss: 1479.532
[1, 24380] loss: 2254.178
[1, 24400] loss: 1003.552
[1, 24420] loss: 1153.350
[1, 24440] loss: 1461.800
[1, 24460] loss: 1561.359
[1, 24480] loss: 2121.059
[1, 24500] loss: 1957.248
[1, 24520] loss: 807.129
[1, 24540] loss: 1268.924
[1, 24560] loss: 1318.749
[1, 24580] loss: 1506.409
[1, 24600] loss: 617.745
[1, 24620] loss: 729.400
[1, 24640] loss: 760.658
[1, 24660] loss: 1306.080
[1, 24680] loss: 1645.416
[1, 24700] loss: 2472.139
[1, 24720] loss: 1672.931
[1, 24740] loss: 1180.043
[1, 24760] loss: 990.299
[1, 24780] loss: 1252.674
[1, 24800] loss: 1960.230
[1, 24820] loss: 1996.111
[1, 24840] loss: 684.067
[1, 24860] loss: 1419.732
[1, 24880] loss: 1606.208
[1, 24900] loss: 607.033
[1, 24920] loss: 847.754
[1, 24940] loss: 1454.629
[1, 24960] loss: 1292.533
[1, 24980] loss: 434.246
[1, 25000] loss: 826.838
[1, 25020] loss: 1884.747
[1, 25040] loss: 3078.813
[1, 25060] loss: 1223.908
[1, 25080] loss: 1222.255
[1, 25100] loss: 901.302
[1, 25120] loss: 684.809
[1, 25140] loss: 1268.087
[1, 25160] loss: 591.564
[1, 25180] loss: 676.161
[1, 25200] loss: 1709.025
[1, 25220] loss: 1612.617
[1, 25240] loss: 1018.718
[1, 25260] loss: 991.540
[1, 25280] loss: 912.324
[1, 25300] loss: 796.349
[1, 25320] loss: 628.521
[1, 25340] loss: 794.771
[1, 25360] loss: 1437.210
[1, 25380] loss: 664.689
[1, 25400] loss: 1653.425
[1, 25420] loss: 1459.830
[1, 25440] loss: 1253.796
[1, 25460] loss: 726.345
[1, 25480] loss: 1221.231
[1, 25500] loss: 993.385
[1, 25520] loss: 617.321
[1, 25540] loss: 613.660
[1, 25560] loss: 1093.970
[1, 25580] loss: 908.815
[1, 25600] loss: 687.590
[1, 25620] loss: 819.274
[1, 25640] loss: 840.629
[1, 25660] loss: 1123.792
[1, 25680] loss: 870.448
[1, 25700] loss: 969.765
[1, 25720] loss: 1819.423
[1, 25740] loss: 783.910
[1, 25760] loss: 1081.793
[1, 25780] loss: 521.115
[1, 25800] loss: 737.003
[1, 25820] loss: 1226.781
[1, 25840] loss: 1420.656
[1, 25860] loss: 1851.561
[1, 25880] loss: 665.274
[1, 25900] loss: 1416.191
[1, 25920] loss: 1325.591
[1, 25940] loss: 875.040
[1, 25960] loss: 979.283
[1, 25980] loss: 1678.228
[1, 26000] loss: 2339.255
[1, 26020] loss: 1218.706
[1, 26040] loss: 813.149
[1, 26060] loss: 796.445
[1, 26080] loss: 802.628
[1, 26100] loss: 878.993
[1, 26120] loss: 450.386
[1, 26140] loss: 425.737
[1, 26160] loss: 755.617
[1, 26180] loss: 681.458
[1, 26200] loss: 515.424
[1, 26220] loss: 864.404
[1, 26240] loss: 1533.585
[1, 26260] loss: 492.113
[1, 26280] loss: 303.852
[1, 26300] loss: 685.350
[1, 26320] loss: 940.886
[1, 26340] loss: 742.592
[1, 26360] loss: 303.663
[1, 26380] loss: 479.829
[1, 26400] loss: 309.744
[1, 26420] loss: 970.218
[1, 26440] loss: 833.392
[1, 26460] loss: 613.695
[1, 26480] loss: 757.271
[1, 26500] loss: 710.052
[1, 26520] loss: 1094.247
[1, 26540] loss: 304.337
[1, 26560] loss: 585.662
[1, 26580] loss: 355.216
[1, 26600] loss: 339.472
[1, 26620] loss: 393.295
[1, 26640] loss: 1114.788
[1, 26660] loss: 678.453
[1, 26680] loss: 335.355
[1, 26700] loss: 214.848
[1, 26720] loss: 463.721
[1, 26740] loss: 619.371
[1, 26760] loss: 366.426
[1, 26780] loss: 448.253
[1, 26800] loss: 622.176
[1, 26820] loss: 414.905
[1, 26840] loss: 283.179
[1, 26860] loss: 301.555
[1, 26880] loss: 743.923
[1, 26900] loss: 492.780
[1, 26920] loss: 709.458
[1, 26940] loss: 913.385
[1, 26960] loss: 475.856
[1, 26980] loss: 1043.726
[1, 27000] loss: 291.939
[1, 27020] loss: 560.768
[1, 27040] loss: 864.626
[1, 27060] loss: 923.134
[1, 27080] loss: 488.875
[1, 27100] loss: 603.180
[1, 27120] loss: 467.666
[1, 27140] loss: 510.977
[1, 27160] loss: 389.453
[1, 27180] loss: 300.981
[1, 27200] loss: 686.788
[1, 27220] loss: 434.372
[1, 27240] loss: 272.025
[1, 27260] loss: 671.276
[1, 27280] loss: 222.180
[1, 27300] loss: 226.185
[1, 27320] loss: 378.592
[1, 27340] loss: 487.352
[1, 27360] loss: 1085.247
[1, 27380] loss: 481.385
[1, 27400] loss: 268.721
[1, 27420] loss: 249.935
[1, 27440] loss: 301.509
[1, 27460] loss: 465.854
[1, 27480] loss: 355.029
[1, 27500] loss: 257.610
[1, 27520] loss: 201.959
[1, 27540] loss: 440.291
[1, 27560] loss: 331.847
[1, 27580] loss: 180.583
[1, 27600] loss: 281.009
[1, 27620] loss: 375.041
[1, 27640] loss: 305.609
[1, 27660] loss: 394.406
[1, 27680] loss: 544.664
[1, 27700] loss: 463.127
[1, 27720] loss: 407.596
[1, 27740] loss: 459.132
[1, 27760] loss: 343.106
[1, 27780] loss: 268.079
[1, 27800] loss: 137.620
[1, 27820] loss: 156.652
[1, 27840] loss: 231.067
[1, 27860] loss: 228.062
[1, 27880] loss: 296.224
[1, 27900] loss: 326.868
[1, 27920] loss: 219.484
[1, 27940] loss: 248.295
[1, 27960] loss: 151.574
[1, 27980] loss: 393.265
[1, 28000] loss: 221.614
[1, 28020] loss: 313.465
[1, 28040] loss: 282.114
[1, 28060] loss: 363.442
[1, 28080] loss: 202.819
[1, 28100] loss: 351.852
[1, 28120] loss: 134.844
[1, 28140] loss: 171.387
[1, 28160] loss: 172.482
[1, 28180] loss: 199.854
[1, 28200] loss: 391.643
[1, 28220] loss: 140.800
[1, 28240] loss: 312.657
[1, 28260] loss: 273.682
[1, 28280] loss: 228.521
[1, 28300] loss: 440.608
[1, 28320] loss: 228.338
[1, 28340] loss: 354.753
[1, 28360] loss: 365.024
[1, 28380] loss: 171.568
[1, 28400] loss: 102.412
[1, 28420] loss: 73.872
[1, 28440] loss: 147.715
[1, 28460] loss: 74.595
[1, 28480] loss: 308.441
[1, 28500] loss: 225.344
[1, 28520] loss: 176.944
[1, 28540] loss: 96.643
[1, 28560] loss: 135.932
[1, 28580] loss: 142.547
[1, 28600] loss: 243.867
[1, 28620] loss: 151.812
[1, 28640] loss: 189.586
[1, 28660] loss: 291.389
[1, 28680] loss: 274.383
[1, 28700] loss: 201.624
[1, 28720] loss: 148.808
[1, 28740] loss: 327.084
[1, 28760] loss: 154.146
[1, 28780] loss: 167.531
[1, 28800] loss: 80.470
[1, 28820] loss: 187.901
[1, 28840] loss: 96.917
[1, 28860] loss: 108.182
[1, 28880] loss: 135.407
[1, 28900] loss: 105.924
[1, 28920] loss: 162.946
[1, 28940] loss: 119.470
[1, 28960] loss: 102.684
[1, 28980] loss: 288.328
[1, 29000] loss: 193.970
[1, 29020] loss: 231.547
[1, 29040] loss: 229.306
[1, 29060] loss: 95.987
[1, 29080] loss: 117.854
[1, 29100] loss: 143.131
[1, 29120] loss: 199.381
[1, 29140] loss: 145.992
[1, 29160] loss: 187.348
[1, 29180] loss: 93.316
[1, 29200] loss: 112.252
[1, 29220] loss: 83.223
[1, 29240] loss: 79.293
[1, 29260] loss: 111.655
[1, 29280] loss: 54.741
[1, 29300] loss: 78.016
[1, 29320] loss: 67.833
[1, 29340] loss: 125.714
[1, 29360] loss: 199.941
[1, 29380] loss: 142.403
[1, 29400] loss: 103.959
[1, 29420] loss: 132.273
[1, 29440] loss: 90.544
[1, 29460] loss: 72.654
[1, 29480] loss: 109.898
[1, 29500] loss: 96.801
[1, 29520] loss: 79.165
[1, 29540] loss: 75.469
[1, 29560] loss: 88.885
[1, 29580] loss: 119.342
[1, 29600] loss: 51.564
[1, 29620] loss: 67.182
[1, 29640] loss: 71.567
[1, 29660] loss: 78.277
[1, 29680] loss: 77.651
[1, 29700] loss: 50.293
[1, 29720] loss: 86.332
[1, 29740] loss: 288.452
[1, 29760] loss: 162.591
[1, 29780] loss: 145.499
[1, 29800] loss: 203.369
[1, 29820] loss: 93.085
[1, 29840] loss: 158.937
[1, 29860] loss: 225.338
[1, 29880] loss: 131.670
[1, 29900] loss: 181.553
[1, 29920] loss: 190.070
[1, 29940] loss: 173.213
[1, 29960] loss: 55.807
[1, 29980] loss: 95.762
[1, 30000] loss: 50.950
[1, 30020] loss: 42.239
[1, 30040] loss: 87.139
[1, 30060] loss: 102.160
[1, 30080] loss: 150.960
[1, 30100] loss: 64.554
[1, 30120] loss: 68.090
[1, 30140] loss: 91.977
[1, 30160] loss: 93.637
[1, 30180] loss: 208.176
[1, 30200] loss: 216.360
[1, 30220] loss: 280.461
[1, 30240] loss: 453.024
[1, 30260] loss: 170.733
[1, 30280] loss: 154.050
[1, 30300] loss: 181.327
[1, 30320] loss: 122.385
[1, 30340] loss: 54.000
[1, 30360] loss: 128.048
[1, 30380] loss: 100.058
[1, 30400] loss: 183.711
[1, 30420] loss: 178.050
[1,    20] loss: 159.354
[1,    40] loss: 100.797
[1,    60] loss: 73.689
[1,    80] loss: 57.291
[1,   100] loss: 54.396
[1,   120] loss: 50.824
[1,   140] loss: 44.039
[1,   160] loss: 45.102
[1,   180] loss: 41.669
[1,   200] loss: 39.665
[1,   220] loss: 48.533
[1,   240] loss: 56.515
[1,   260] loss: 57.459
[1,   280] loss: 57.365
[1,   300] loss: 56.169
[1,   320] loss: 57.531
[1,   340] loss: 65.534
[1,   360] loss: 74.981
[1,   380] loss: 82.195
[1,   400] loss: 98.094
[1,   420] loss: 118.216
[1,   440] loss: 139.305
[1,   460] loss: 155.159
[1,   480] loss: 165.293
[1,   500] loss: 171.710
[1,   520] loss: 184.882
[1,   540] loss: 196.441
[1,   560] loss: 195.434
[1,   580] loss: 189.548
[1,   600] loss: 183.292
[1,   620] loss: 177.587
[1,   640] loss: 172.490
[1,   660] loss: 167.750
[1,   680] loss: 166.110
[1,   700] loss: 163.539
[1,   720] loss: 160.143
[1,   740] loss: 156.638
[1,   760] loss: 153.468
[1,   780] loss: 150.631
[1,   800] loss: 147.957
[1,   820] loss: 146.360
[1,   840] loss: 144.657
[1,   860] loss: 142.657
[1,   880] loss: 140.831
[1,   900] loss: 138.557
[1,   920] loss: 135.869
[1,   940] loss: 133.314
[1,   960] loss: 130.603
[1,   980] loss: 128.088
[1,  1000] loss: 125.911
[1,  1020] loss: 123.922
[1,  1040] loss: 122.162
[1,  1060] loss: 121.268
[1,  1080] loss: 119.841
[1,  1100] loss: 118.708
[1,  1120] loss: 117.555
[1,  1140] loss: 116.540
[1,  1160] loss: 115.141
[1,  1180] loss: 113.636
[1,  1200] loss: 112.164
[1,  1220] loss: 110.359
[1,  1240] loss: 108.723
[1,  1260] loss: 107.319
[1,  1280] loss: 105.752
[1,  1300] loss: 104.214
[1,  1320] loss: 102.707
[1,  1340] loss: 101.469
[1,  1360] loss: 100.184
[1,  1380] loss: 99.021
[1,  1400] loss: 97.969
[1,  1420] loss: 96.894
[1,  1440] loss: 96.231
[1,  1460] loss: 95.894
[1,  1480] loss: 95.314
[1,  1500] loss: 95.188
[1,  1520] loss: 95.315
[1,  1540] loss: 94.918
[1,  1560] loss: 93.975
[1,  1580] loss: 92.944
[1,  1600] loss: 92.070
[1,  1620] loss: 91.344
[1,  1640] loss: 90.620
[1,  1660] loss: 90.034
[1,  1680] loss: 89.485
[1,  1700] loss: 88.883
[1,  1720] loss: 88.330
[1,  1740] loss: 87.622
[1,  1760] loss: 86.774
[1,  1780] loss: 85.909
[1,  1800] loss: 85.054
[1,  1820] loss: 84.128
[1,  1840] loss: 83.228
[1,  1860] loss: 82.456
[1,  1880] loss: 81.642
[1,  1900] loss: 80.861
[1,  1920] loss: 80.054
[1,  1940] loss: 79.288
[1,  1960] loss: 78.600
[1,  1980] loss: 77.901
[1,  2000] loss: 77.709
[1,  2020] loss: 77.150
[1,  2040] loss: 76.415
[1,  2060] loss: 75.702
[1,  2080] loss: 75.014
[1,  2100] loss: 74.341
[1,  2120] loss: 73.707
[1,  2140] loss: 73.278
[1,  2160] loss: 72.985
[1,  2180] loss: 72.894
[1,  2200] loss: 72.687
[1,  2220] loss: 72.997
[1,  2240] loss: 73.614
[1,  2260] loss: 73.411
[1,  2280] loss: 73.819
[1,  2300] loss: 74.415
[1,  2320] loss: 74.313
[1,  2340] loss: 73.780
[1,  2360] loss: 73.392
[1,  2380] loss: 72.893
[1,  2400] loss: 72.327
[1,  2420] loss: 71.905
[1,  2440] loss: 71.350
[1,  2460] loss: 71.197
[1,  2480] loss: 71.106
[1,  2500] loss: 70.604
[1,  2520] loss: 70.185
[1,  2540] loss: 70.147
[1,  2560] loss: 70.056
[1,  2580] loss: 69.950
[1,  2600] loss: 69.783
[1,  2620] loss: 69.470
[1,  2640] loss: 69.110
[1,  2660] loss: 68.779
[1,  2680] loss: 68.851
[1,  2700] loss: 69.065
[1,  2720] loss: 68.986
[1,  2740] loss: 68.787
[1,  2760] loss: 68.410
[1,  2780] loss: 67.967
[1,  2800] loss: 67.609
[1,  2820] loss: 67.643
[1,  2840] loss: 68.413
[1,  2860] loss: 68.442
[1,  2880] loss: 68.045
[1,  2900] loss: 67.619
[1,  2920] loss: 67.301
[1,  2940] loss: 66.935
[1,  2960] loss: 66.718
[1,  2980] loss: 66.567
[1,  3000] loss: 66.646
[1,  3020] loss: 67.230
[1,  3040] loss: 66.894
[1,  3060] loss: 66.572
[1,  3080] loss: 66.210
[1,  3100] loss: 65.820
[1,  3120] loss: 65.492
[1,  3140] loss: 65.079
[1,  3160] loss: 64.731
[1,  3180] loss: 64.636
[1,  3200] loss: 64.719
[1,  3220] loss: 64.580
[1,  3240] loss: 64.219
[1,  3260] loss: 64.178
[1,  3280] loss: 64.516
[1,  3300] loss: 65.055
[1,  3320] loss: 65.492
[1,  3340] loss: 66.140
[1,  3360] loss: 66.362
