cuda:  7
color_space: RGB
batch_size: 1
num_epcochs: 1
learning_rate: 0.002
[1,    20] loss: 0.549
[1,    40] loss: 2.216
[1,    60] loss: 0.539
[1,    80] loss: 0.453
[1,   100] loss: 1.084
[1,   120] loss: 0.120
[1,   140] loss: 0.170
[1,   160] loss: 0.038
[1,   180] loss: 0.143
[1,   200] loss: 0.036
[1,   220] loss: 0.057
[1,   240] loss: 0.054
[1,   260] loss: 0.013
[1,   280] loss: 0.068
[1,   300] loss: 0.107
[1,   320] loss: 0.047
[1,   340] loss: 0.204
[1,   360] loss: 0.099
[1,   380] loss: 0.053
[1,   400] loss: 0.035
[1,   420] loss: 0.014
[1,   440] loss: 0.042
[1,   460] loss: 0.064
[1,   480] loss: 0.071
[1,   500] loss: 0.038
[1,   520] loss: 0.030
[1,   540] loss: 0.088
[1,   560] loss: 0.042
[1,   580] loss: 0.048
[1,   600] loss: 0.196
[1,   620] loss: 0.097
[1,   640] loss: 0.249
[1,   660] loss: 0.025
[1,   680] loss: 0.129
[1,   700] loss: 0.201
[1,   720] loss: 0.014
[1,   740] loss: 0.024
[1,   760] loss: 0.056
[1,   780] loss: 0.018
[1,   800] loss: 0.081
[1,   820] loss: 0.041
[1,   840] loss: 0.030
[1,   860] loss: 0.116
[1,   880] loss: 0.092
[1,   900] loss: 0.037
[1,   920] loss: 0.015
[1,   940] loss: 0.027
[1,   960] loss: 0.017
[1,   980] loss: 0.274
[1,  1000] loss: 0.053
[1,  1020] loss: 0.087
[1,  1040] loss: 0.211
[1,  1060] loss: 0.089
[1,  1080] loss: 0.104
[1,  1100] loss: 0.039
[1,  1120] loss: 0.187
[1,  1140] loss: 0.128
[1,  1160] loss: 0.033
[1,  1180] loss: 0.074
[1,  1200] loss: 0.160
[1,  1220] loss: 0.045
[1,  1240] loss: 0.058
[1,  1260] loss: 0.018
[1,  1280] loss: 0.126
[1,  1300] loss: 0.050
[1,  1320] loss: 0.083
[1,  1340] loss: 0.025
[1,  1360] loss: 0.094
[1,  1380] loss: 0.051
[1,  1400] loss: 0.034
[1,  1420] loss: 0.088
[1,  1440] loss: 0.081
[1,  1460] loss: 0.187
[1,  1480] loss: 0.062
[1,  1500] loss: 0.072
[1,  1520] loss: 0.136
[1,  1540] loss: 0.060
[1,  1560] loss: 0.089
[1,  1580] loss: 0.021
[1,  1600] loss: 0.054
[1,  1620] loss: 0.061
[1,  1640] loss: 0.091
[1,  1660] loss: 0.028
[1,  1680] loss: 0.069
[1,  1700] loss: 0.034
[1,  1720] loss: 0.043
[1,  1740] loss: 0.064
[1,  1760] loss: 0.047
[1,  1780] loss: 0.029
[1,  1800] loss: 0.109
[1,  1820] loss: 0.086
[1,  1840] loss: 0.107
[1,  1860] loss: 0.020
[1,  1880] loss: 0.151
[1,  1900] loss: 0.114
[1,  1920] loss: 0.028
[1,  1940] loss: 0.038
[1,  1960] loss: 0.084
[1,  1980] loss: 0.143
[1,  2000] loss: 0.124
[1,  2020] loss: 0.059
[1,  2040] loss: 0.048
[1,  2060] loss: 0.196
[1,  2080] loss: 0.218
[1,  2100] loss: 0.134
[1,  2120] loss: 0.039
[1,  2140] loss: 0.008
[1,  2160] loss: 0.217
[1,  2180] loss: 0.038
[1,  2200] loss: 0.178
[1,  2220] loss: 0.038
[1,  2240] loss: 0.249
[1,  2260] loss: 0.032
[1,  2280] loss: 0.013
[1,  2300] loss: 0.015
[1,  2320] loss: 0.022
[1,  2340] loss: 0.216
[1,  2360] loss: 0.043
[1,  2380] loss: 0.039
[1,  2400] loss: 0.038
[1,  2420] loss: 0.097
[1,  2440] loss: 0.022
[1,  2460] loss: 0.095
[1,  2480] loss: 0.135
[1,  2500] loss: 0.047
[1,  2520] loss: 0.081
[1,  2540] loss: 0.081
[1,  2560] loss: 0.196
[1,  2580] loss: 0.030
[1,  2600] loss: 0.042
[1,  2620] loss: 0.236
[1,  2640] loss: 0.122
[1,  2660] loss: 0.080
[1,  2680] loss: 0.126
[1,  2700] loss: 0.089
[1,  2720] loss: 0.032
[1,  2740] loss: 0.057
[1,  2760] loss: 0.081
[1,  2780] loss: 0.026
[1,  2800] loss: 0.053
[1,  2820] loss: 0.074
[1,  2840] loss: 0.074
[1,  2860] loss: 0.073
[1,  2880] loss: 0.032
[1,  2900] loss: 0.045
[1,  2920] loss: 0.036
[1,  2940] loss: 0.061
[1,  2960] loss: 0.097
[1,  2980] loss: 0.034
[1,  3000] loss: 0.008
[1,  3020] loss: 0.091
[1,  3040] loss: 0.255
[1,  3060] loss: 0.066
[1,  3080] loss: 0.068
[1,  3100] loss: 0.320
[1,  3120] loss: 0.035
[1,  3140] loss: 0.116
[1,  3160] loss: 0.046
[1,  3180] loss: 0.033
[1,  3200] loss: 0.043
[1,  3220] loss: 0.014
[1,  3240] loss: 0.026
[1,  3260] loss: 0.083
[1,  3280] loss: 0.031
[1,  3300] loss: 0.160
[1,  3320] loss: 0.081
[1,  3340] loss: 0.028
[1,  3360] loss: 0.047
[1,  3380] loss: 0.065
[1,  3400] loss: 0.036
[1,  3420] loss: 0.067
[1,  3440] loss: 0.098
[1,  3460] loss: 0.035
[1,  3480] loss: 0.090
[1,  3500] loss: 0.024
[1,  3520] loss: 0.153
[1,  3540] loss: 0.069
[1,  3560] loss: 0.063
[1,  3580] loss: 0.049
[1,  3600] loss: 0.104
[1,  3620] loss: 0.051
[1,  3640] loss: 0.106
[1,  3660] loss: 0.071
[1,  3680] loss: 0.019
[1,  3700] loss: 0.116
[1,  3720] loss: 0.083
[1,  3740] loss: 0.037
[1,  3760] loss: 0.032
[1,  3780] loss: 0.219
[1,  3800] loss: 0.057
[1,  3820] loss: 0.145
[1,  3840] loss: 0.108
[1,  3860] loss: 0.105
[1,  3880] loss: 0.225
[1,  3900] loss: 0.067
[1,  3920] loss: 0.083
[1,  3940] loss: 0.084
[1,  3960] loss: 0.169
[1,  3980] loss: 0.099
[1,  4000] loss: 0.022
[1,  4020] loss: 0.041
[1,  4040] loss: 0.151
[1,  4060] loss: 0.134
[1,  4080] loss: 0.049
[1,  4100] loss: 0.135
[1,  4120] loss: 0.058
[1,  4140] loss: 0.058
[1,  4160] loss: 0.054
[1,  4180] loss: 0.158
[1,  4200] loss: 0.031
[1,  4220] loss: 0.036
[1,  4240] loss: 0.085
[1,  4260] loss: 0.035
[1,  4280] loss: 0.034
[1,  4300] loss: 0.032
[1,  4320] loss: 0.070
[1,  4340] loss: 0.042
[1,  4360] loss: 0.055
[1,  4380] loss: 0.089
[1,  4400] loss: 28315697.220
[1,  4420] loss: 8255402475.650
[1,  4440] loss: 764411093.987
[1,  4460] loss: 23221806.716
[1,  4480] loss: 4272099.876
[1,  4500] loss: 1138092.947
[1,  4520] loss: 546346.856
[1,  4540] loss: 476347.192
[1,  4560] loss: 754038.993
[1,  4580] loss: 313034.667
[1,  4600] loss: 360042.707
[1,  4620] loss: 190805.010
[1,  4640] loss: 292473.116
[1,  4660] loss: 291013.665
[1,  4680] loss: 154265.767
[1,  4700] loss: 119175.543
[1,  4720] loss: 206555.776
[1,  4740] loss: 201507.559
[1,  4760] loss: 176765.585
[1,  4780] loss: 126921.774
[1,  4800] loss: 273191.140
[1,  4820] loss: 116222.109
[1,  4840] loss: 344868.023
[1,  4860] loss: 91671.369
[1,  4880] loss: 92626.516
[1,  4900] loss: 64226.958
[1,  4920] loss: 93676.662
[1,  4940] loss: 145229.734
[1,  4960] loss: 151934.171
[1,  4980] loss: 166061.212
[1,  5000] loss: 90464.979
[1,  5020] loss: 150877.494
[1,  5040] loss: 171696.439
[1,  5060] loss: 81134.485
[1,  5080] loss: 91990.878
[1,  5100] loss: 92364.232
[1,  5120] loss: 56838.083
[1,  5140] loss: 77507.419
[1,  5160] loss: 67483.586
[1,  5180] loss: 183597.937
[1,  5200] loss: 114496.136
[1,  5220] loss: 127131.030
[1,  5240] loss: 154990.815
[1,  5260] loss: 99967.515
[1,  5280] loss: 73890.404
[1,  5300] loss: 69962.674
[1,  5320] loss: 175835.117
[1,  5340] loss: 62506.208
[1,  5360] loss: 100155.974
[1,  5380] loss: 143208.599
[1,  5400] loss: 73756.763
[1,  5420] loss: 107887.541
[1,  5440] loss: 68703.309
[1,  5460] loss: 69240.670
[1,  5480] loss: 74199.575
[1,  5500] loss: 48367.947
[1,  5520] loss: 65443.686
[1,  5540] loss: 77355.721
[1,  5560] loss: 81927.448
[1,  5580] loss: 69798.168
[1,  5600] loss: 121368.358
[1,  5620] loss: 67155.053
[1,  5640] loss: 23976.976
[1,  5660] loss: 59035.073
[1,  5680] loss: 51320.300
[1,  5700] loss: 74605.868
[1,  5720] loss: 42825.341
[1,  5740] loss: 48257.576
[1,  5760] loss: 65401.435
[1,  5780] loss: 64510.867
[1,  5800] loss: 58835.436
[1,  5820] loss: 62022.414
[1,  5840] loss: 69411.547
[1,  5860] loss: 47113.036
[1,  5880] loss: 70986.546
[1,  5900] loss: 65883.495
[1,  5920] loss: 55258.665
[1,  5940] loss: 13774.457
[1,  5960] loss: 38827.830
[1,  5980] loss: 91268.139
[1,  6000] loss: 33114.778
[1,  6020] loss: 55190.768
[1,  6040] loss: 69647.794
[1,  6060] loss: 49429.112
[1,  6080] loss: 28072.897
[1,  6100] loss: 45379.071
[1,  6120] loss: 34985.859
[1,  6140] loss: 27225.803
[1,  6160] loss: 42534.212
[1,  6180] loss: 71000.754
[1,  6200] loss: 36152.228
[1,  6220] loss: 40395.012
[1,  6240] loss: 45605.077
[1,  6260] loss: 60975.544
[1,  6280] loss: 24342.670
[1,  6300] loss: 16888.014
[1,  6320] loss: 43098.432
[1,  6340] loss: 17268.118
[1,  6360] loss: 27525.478
[1,  6380] loss: 30844.036
[1,  6400] loss: 42317.748
[1,  6420] loss: 43917.614
[1,  6440] loss: 34838.845
[1,  6460] loss: 20535.197
[1,  6480] loss: 23599.344
[1,  6500] loss: 26393.306
[1,  6520] loss: 27258.820
[1,  6540] loss: 20225.518
[1,  6560] loss: 16344.084
[1,  6580] loss: 22217.242
[1,  6600] loss: 20470.689
[1,  6620] loss: 13913.899
[1,  6640] loss: 27984.635
[1,  6660] loss: 26407.550
[1,  6680] loss: 17879.138
[1,  6700] loss: 27588.803
[1,  6720] loss: 28965.623
[1,  6740] loss: 24796.023
[1,  6760] loss: 11706.007
[1,  6780] loss: 24210.509
[1,  6800] loss: 29404.118
[1,  6820] loss: 12328.577
[1,  6840] loss: 28528.015
[1,  6860] loss: 23198.207
[1,  6880] loss: 16952.382
[1,  6900] loss: 33583.408
[1,  6920] loss: 22239.477
[1,  6940] loss: 17942.347
[1,  6960] loss: 22540.257
[1,  6980] loss: 14738.095
[1,  7000] loss: 17378.197
[1,  7020] loss: 15198.317
[1,  7040] loss: 26807.817
[1,  7060] loss: 7721.255
[1,  7080] loss: 8752.689
[1,  7100] loss: 12844.105
[1,  7120] loss: 10277.609
[1,  7140] loss: 20058.596
[1,  7160] loss: 17669.958
[1,  7180] loss: 11588.307
[1,  7200] loss: 7593.315
[1,  7220] loss: 11603.360
[1,  7240] loss: 15902.168
[1,  7260] loss: 12709.639
[1,  7280] loss: 15359.895
[1,  7300] loss: 9083.873
[1,  7320] loss: 14037.713
[1,  7340] loss: 10899.592
[1,  7360] loss: 9982.036
[1,  7380] loss: 11621.615
[1,  7400] loss: 4351.349
[1,  7420] loss: 8790.642
[1,  7440] loss: 8947.555
[1,  7460] loss: 12813.063
[1,  7480] loss: 15795.862
[1,  7500] loss: 7872.802
[1,  7520] loss: 7300.978
[1,  7540] loss: 14309.966
[1,  7560] loss: 3427.795
[1,  7580] loss: 11702.405
[1,  7600] loss: 18614.677
[1,  7620] loss: 10206.276
[1,  7640] loss: 10078.391
[1,  7660] loss: 5280.643
[1,  7680] loss: 5373.434
[1,  7700] loss: 6168.537
[1,  7720] loss: 7052.542
[1,  7740] loss: 9073.818
[1,  7760] loss: 7605.897
[1,  7780] loss: 9265.130
[1,  7800] loss: 10352.399
[1,  7820] loss: 8318.045
[1,  7840] loss: 5599.781
[1,  7860] loss: 4535.277
[1,  7880] loss: 8341.607
[1,  7900] loss: 10974.960
[1,  7920] loss: 5853.922
[1,  7940] loss: 9265.453
[1,  7960] loss: 5359.926
[1,  7980] loss: 6010.275
[1,  8000] loss: 6773.542
[1,  8020] loss: 6674.862
[1,  8040] loss: 5495.457
[1,  8060] loss: 8425.366
[1,  8080] loss: 10892.572
[1,  8100] loss: 6123.639
[1,  8120] loss: 8250.187
[1,  8140] loss: 3624.950
[1,  8160] loss: 5896.305
[1,  8180] loss: 10438.631
[1,  8200] loss: 5695.082
[1,  8220] loss: 4664.697
[1,  8240] loss: 4521.174
[1,  8260] loss: 7211.531
[1,  8280] loss: 6964.446
[1,  8300] loss: 7696.645
[1,  8320] loss: 5863.099
[1,  8340] loss: 5678.438
[1,  8360] loss: 4901.627
[1,  8380] loss: 7758.019
[1,  8400] loss: 5612.573
[1,  8420] loss: 7061.829
[1,  8440] loss: 1655.238
[1,  8460] loss: 6918.064
[1,  8480] loss: 5155.164
[1,  8500] loss: 5989.146
[1,  8520] loss: 4337.710
[1,  8540] loss: 5257.835
[1,  8560] loss: 2650.873
[1,  8580] loss: 4603.256
[1,  8600] loss: 5607.104
[1,  8620] loss: 5743.030
[1,  8640] loss: 3755.445
[1,  8660] loss: 4369.513
[1,  8680] loss: 4266.229
[1,  8700] loss: 2823.690
[1,  8720] loss: 1541.986
[1,  8740] loss: 3123.192
[1,  8760] loss: 7140.723
[1,  8780] loss: 3658.981
[1,  8800] loss: 3463.957
[1,  8820] loss: 2326.841
[1,  8840] loss: 4935.609
[1,  8860] loss: 2577.450
[1,  8880] loss: 3987.536
[1,  8900] loss: 3046.348
[1,  8920] loss: 2933.678
[1,  8940] loss: 3605.409
[1,  8960] loss: 4225.683
[1,  8980] loss: 2214.412
[1,  9000] loss: 2372.360
[1,  9020] loss: 1838.706
[1,  9040] loss: 2809.517
[1,  9060] loss: 1947.906
[1,  9080] loss: 2568.793
[1,  9100] loss: 2306.997
[1,  9120] loss: 2768.053
[1,  9140] loss: 4087.508
[1,  9160] loss: 2284.712
[1,  9180] loss: 1981.547
[1,  9200] loss: 3195.108
[1,  9220] loss: 5785.690
[1,  9240] loss: 3674.532
[1,  9260] loss: 2412.399
[1,  9280] loss: 3474.587
[1,  9300] loss: 2506.649
[1,  9320] loss: 3254.065
[1,  9340] loss: 3193.680
[1,  9360] loss: 2727.588
[1,  9380] loss: 2428.987
[1,  9400] loss: 1875.822
[1,  9420] loss: 2517.644
[1,  9440] loss: 2856.861
[1,  9460] loss: 1883.057
[1,  9480] loss: 1424.644
[1,  9500] loss: 3818.262
[1,  9520] loss: 2013.619
[1,  9540] loss: 2319.774
[1,  9560] loss: 1975.754
[1,  9580] loss: 2722.193
[1,  9600] loss: 4605.479
[1,  9620] loss: 3385.173
[1,  9640] loss: 3409.405
[1,  9660] loss: 2191.996
[1,  9680] loss: 2271.669
[1,  9700] loss: 1305.605
[1,  9720] loss: 1872.659
[1,  9740] loss: 1149.043
[1,  9760] loss: 1376.447
[1,  9780] loss: 876.885
[1,  9800] loss: 1022.478
[1,  9820] loss: 1324.307
[1,  9840] loss: 1510.447
[1,  9860] loss: 1837.923
[1,  9880] loss: 1153.354
[1,  9900] loss: 1882.983
[1,  9920] loss: 1650.783
[1,  9940] loss: 2585.234
[1,  9960] loss: 927.719
[1,  9980] loss: 1773.280
[1, 10000] loss: 1504.716
[1, 10020] loss: 2060.222
[1, 10040] loss: 828.029
[1, 10060] loss: 2290.401
[1, 10080] loss: 2767.481
[1, 10100] loss: 1278.688
[1, 10120] loss: 1183.415
[1, 10140] loss: 1389.580
[1, 10160] loss: 1180.795
[1, 10180] loss: 1385.328
[1, 10200] loss: 2148.566
[1, 10220] loss: 1554.223
[1, 10240] loss: 3194.207
[1, 10260] loss: 1501.591
[1, 10280] loss: 2927.852
[1, 10300] loss: 1986.607
[1, 10320] loss: 1864.665
[1, 10340] loss: 885.420
[1, 10360] loss: 2215.091
[1, 10380] loss: 1850.942
[1, 10400] loss: 1045.673
[1, 10420] loss: 962.722
[1, 10440] loss: 2045.450
[1, 10460] loss: 1248.021
[1, 10480] loss: 851.801
[1, 10500] loss: 866.178
[1, 10520] loss: 940.749
[1, 10540] loss: 2090.433
[1, 10560] loss: 1824.710
[1, 10580] loss: 2610.984
[1, 10600] loss: 1256.052
[1, 10620] loss: 2550.910
[1, 10640] loss: 1164.878
[1, 10660] loss: 1467.126
[1, 10680] loss: 1394.217
[1, 10700] loss: 1338.467
[1, 10720] loss: 1571.994
[1, 10740] loss: 1762.313
[1, 10760] loss: 884.712
[1, 10780] loss: 2042.731
[1, 10800] loss: 820.687
[1, 10820] loss: 558.486
[1, 10840] loss: 678.970
[1, 10860] loss: 1695.141
[1, 10880] loss: 1092.589
[1, 10900] loss: 1196.486
[1, 10920] loss: 839.533
[1, 10940] loss: 1354.134
[1, 10960] loss: 1649.739
[1, 10980] loss: 1898.320
[1, 11000] loss: 2097.178
[1, 11020] loss: 1713.659
[1, 11040] loss: 1003.164
[1, 11060] loss: 1596.330
[1, 11080] loss: 1395.347
[1, 11100] loss: 756.526
[1, 11120] loss: 1274.093
[1, 11140] loss: 1024.604
[1, 11160] loss: 1075.838
[1, 11180] loss: 1795.474
[1, 11200] loss: 2974.090
[1, 11220] loss: 1130.653
[1, 11240] loss: 2270.368
[1, 11260] loss: 1611.851
[1, 11280] loss: 958.628
[1, 11300] loss: 1022.041
[1, 11320] loss: 1542.964
[1, 11340] loss: 840.721
[1, 11360] loss: 820.692
[1, 11380] loss: 1238.423
[1, 11400] loss: 927.467
[1, 11420] loss: 535.589
[1, 11440] loss: 667.831
[1, 11460] loss: 773.437
[1, 11480] loss: 995.393
[1, 11500] loss: 772.508
[1, 11520] loss: 1115.459
[1, 11540] loss: 601.227
[1, 11560] loss: 525.169
[1, 11580] loss: 871.424
[1, 11600] loss: 978.549
[1, 11620] loss: 622.466
[1, 11640] loss: 558.377
[1, 11660] loss: 1177.176
[1, 11680] loss: 1689.805
[1, 11700] loss: 2188.432
[1, 11720] loss: 1143.303
[1, 11740] loss: 861.235
[1, 11760] loss: 667.808
[1, 11780] loss: 1241.711
[1, 11800] loss: 1064.898
[1, 11820] loss: 2247.324
[1, 11840] loss: 1492.051
[1, 11860] loss: 1899.900
[1, 11880] loss: 549.913
[1, 11900] loss: 459.258
[1, 11920] loss: 722.404
[1, 11940] loss: 528.473
[1, 11960] loss: 1006.184
[1, 11980] loss: 1894.499
[1, 12000] loss: 942.926
[1, 12020] loss: 688.484
[1, 12040] loss: 989.586
[1, 12060] loss: 498.453
[1, 12080] loss: 386.346
[1, 12100] loss: 814.672
[1, 12120] loss: 876.586
[1, 12140] loss: 431.437
[1, 12160] loss: 725.701
[1, 12180] loss: 928.878
[1, 12200] loss: 530.399
[1, 12220] loss: 756.197
[1, 12240] loss: 798.979
[1, 12260] loss: 381.476
[1, 12280] loss: 508.895
[1, 12300] loss: 437.440
[1, 12320] loss: 821.149
[1, 12340] loss: 558.940
[1, 12360] loss: 562.820
[1, 12380] loss: 594.891
[1, 12400] loss: 862.612
[1, 12420] loss: 751.105
[1, 12440] loss: 1350.096
[1, 12460] loss: 521.108
[1, 12480] loss: 1127.839
[1, 12500] loss: 351.860
[1, 12520] loss: 1325.862
[1, 12540] loss: 662.801
[1, 12560] loss: 361.025
[1, 12580] loss: 683.444
[1, 12600] loss: 497.502
[1, 12620] loss: 522.857
[1, 12640] loss: 393.620
[1, 12660] loss: 974.043
[1, 12680] loss: 832.113
[1, 12700] loss: 1395.952
[1, 12720] loss: 622.290
[1, 12740] loss: 352.953
[1, 12760] loss: 539.653
[1, 12780] loss: 714.792
[1, 12800] loss: 671.856
[1, 12820] loss: 1073.752
[1, 12840] loss: 839.012
[1, 12860] loss: 695.252
[1, 12880] loss: 458.341
[1, 12900] loss: 324.573
[1, 12920] loss: 195.525
[1, 12940] loss: 478.370
[1, 12960] loss: 2832.558
[1, 12980] loss: 13814.851
[1, 13000] loss: 8102.589
[1, 13020] loss: 2514.131
[1, 13040] loss: 878.184
[1, 13060] loss: 693.138
[1, 13080] loss: 5164.182
[1, 13100] loss: 2561.347
[1, 13120] loss: 1054.790
[1, 13140] loss: 1842.812
[1, 13160] loss: 311.334
[1, 13180] loss: 477.634
[1, 13200] loss: 563.245
[1, 13220] loss: 515.234
[1, 13240] loss: 2034.021
[1, 13260] loss: 5459.207
[1, 13280] loss: 2171.014
[1, 13300] loss: 1271.656
[1, 13320] loss: 433.082
[1, 13340] loss: 338.104
[1, 13360] loss: 1328.499
[1, 13380] loss: 619.470
[1, 13400] loss: 725.480
[1, 13420] loss: 323.722
[1, 13440] loss: 1284.750
[1, 13460] loss: 34124.733
[1, 13480] loss: 68988.139
[1, 13500] loss: 25011.602
[1, 13520] loss: 17019.012
[1, 13540] loss: 5693.090
[1, 13560] loss: 2864.669
[1, 13580] loss: 1834.537
[1, 13600] loss: 970.706
[1, 13620] loss: 804.500
[1, 13640] loss: 237.194
[1, 13660] loss: 276.424
[1, 13680] loss: 137.480
[1, 13700] loss: 199.932
[1, 13720] loss: 247.570
[1, 13740] loss: 304.327
[1, 13760] loss: 212.538
[1, 13780] loss: 541.460
[1, 13800] loss: 2030.527
[1, 13820] loss: 1048.828
[1, 13840] loss: 774.495
[1, 13860] loss: 584.387
[1, 13880] loss: 439.588
[1, 13900] loss: 319.930
[1, 13920] loss: 1337.797
[1, 13940] loss: 662.187
[1, 13960] loss: 651.140
[1, 13980] loss: 244.434
[1, 14000] loss: 244.176
[1, 14020] loss: 286.813
[1, 14040] loss: 195.710
[1, 14060] loss: 148.332
[1, 14080] loss: 130.021
[1, 14100] loss: 698.558
[1, 14120] loss: 1129.897
[1, 14140] loss: 2511.480
[1, 14160] loss: 2584.213
[1, 14180] loss: 648.619
[1, 14200] loss: 418.498
[1, 14220] loss: 513.421
[1, 14240] loss: 215.401
[1, 14260] loss: 400.912
[1, 14280] loss: 462.195
[1, 14300] loss: 251.254
[1, 14320] loss: 330.421
[1, 14340] loss: 146.687
[1, 14360] loss: 130.243
[1, 14380] loss: 189.988
[1, 14400] loss: 111.986
[1, 14420] loss: 318.531
[1, 14440] loss: 339.963
[1, 14460] loss: 325.345
[1, 14480] loss: 238.220
[1, 14500] loss: 222.446
[1, 14520] loss: 398.391
[1, 14540] loss: 161.941
[1, 14560] loss: 338.146
[1, 14580] loss: 225.795
[1, 14600] loss: 326.453
[1, 14620] loss: 500.858
[1, 14640] loss: 778.087
[1, 14660] loss: 1192.505
[1, 14680] loss: 654.523
[1, 14700] loss: 335.368
[1, 14720] loss: 285.453
[1, 14740] loss: 398.738
[1, 14760] loss: 160.151
[1, 14780] loss: 1409.988
[1, 14800] loss: 2103.072
[1, 14820] loss: 513.935
[1, 14840] loss: 352.703
[1, 14860] loss: 148.771
[1, 14880] loss: 74.749
[1, 14900] loss: 82.775
[1, 14920] loss: 100.549
[1, 14940] loss: 153.278
[1, 14960] loss: 103.368
[1, 14980] loss: 287.950
[1, 15000] loss: 146.225
[1, 15020] loss: 165.871
[1, 15040] loss: 57.639
[1, 15060] loss: 57.351
[1, 15080] loss: 192.220
[1, 15100] loss: 452.219
[1, 15120] loss: 393.107
[1, 15140] loss: 384.490
[1, 15160] loss: 120.358
[1, 15180] loss: 236.452
[1, 15200] loss: 920.448
[1, 15220] loss: 1712.026
[1, 15240] loss: 2638.639
[1, 15260] loss: 2225.390
[1, 15280] loss: 176.244
[1, 15300] loss: 125.369
[1, 15320] loss: 982.926
[1, 15340] loss: 109.524
[1, 15360] loss: 126.577
[1, 15380] loss: 169.382
[1, 15400] loss: 77.110
[1, 15420] loss: 50.819
[1, 15440] loss: 88.018
[1, 15460] loss: 164.708
[1, 15480] loss: 343.948
[1, 15500] loss: 155.599
[1, 15520] loss: 158.787
[1, 15540] loss: 201.939
[1, 15560] loss: 210.551
[1, 15580] loss: 814.837
[1, 15600] loss: 301.808
[1, 15620] loss: 325.620
[1, 15640] loss: 103.935
[1, 15660] loss: 73.708
[1, 15680] loss: 236.959
[1, 15700] loss: 1449.679
[1, 15720] loss: 3029.373
[1, 15740] loss: 2959.801
[1, 15760] loss: 2860.630
[1, 15780] loss: 539.211
[1, 15800] loss: 185.837
[1, 15820] loss: 173.580
[1, 15840] loss: 76.884
[1, 15860] loss: 135.354
[1, 15880] loss: 94.922
[1, 15900] loss: 135.875
[1, 15920] loss: 86.927
[1, 15940] loss: 111.016
[1, 15960] loss: 63.715
[1, 15980] loss: 43.880
[1, 16000] loss: 97.616
[1, 16020] loss: 52.049
[1, 16040] loss: 47.306
[1, 16060] loss: 26.989
[1, 16080] loss: 74.933
[1, 16100] loss: 56.965
[1, 16120] loss: 331.324
[1, 16140] loss: 314.504
[1, 16160] loss: 199.694
[1, 16180] loss: 24779.783
[1, 16200] loss: 286245022.194
[1, 16220] loss: 299184015.192
[1, 16240] loss: 130397731.375
[1, 16260] loss: 8037220.771
[1, 16280] loss: 236762.413
[1, 16300] loss: 157863.364
[1, 16320] loss: 40790.946
[1, 16340] loss: 39687.697
[1, 16360] loss: 13857.789
[1, 16380] loss: 13705.819
[1, 16400] loss: 13263.404
[1, 16420] loss: 16947.545
[1, 16440] loss: 4650.612
[1, 16460] loss: 4520.663
[1, 16480] loss: 3444.951
[1, 16500] loss: 4812.634
[1, 16520] loss: 5403.198
[1, 16540] loss: 4096.307
[1, 16560] loss: 2975.014
[1, 16580] loss: 4529.195
[1, 16600] loss: 2645.130
[1, 16620] loss: 2144.735
[1, 16640] loss: 3428.351
[1, 16660] loss: 2358.559
[1, 16680] loss: 1715.512
[1, 16700] loss: 2149.475
[1, 16720] loss: 1691.301
[1, 16740] loss: 3282.865
[1, 16760] loss: 1737.199
[1, 16780] loss: 1519.626
[1, 16800] loss: 1174.218
[1, 16820] loss: 1646.253
[1, 16840] loss: 656.435
[1, 16860] loss: 1264.481
[1, 16880] loss: 1763.828
[1, 16900] loss: 1137.658
[1, 16920] loss: 1248.373
[1, 16940] loss: 1581.791
[1, 16960] loss: 1795.353
[1, 16980] loss: 614.904
[1, 17000] loss: 754.883
[1, 17020] loss: 1140.131
[1, 17040] loss: 1218.678
[1, 17060] loss: 712.406
[1, 17080] loss: 518.071
[1, 17100] loss: 722.857
[1, 17120] loss: 1006.453
[1, 17140] loss: 965.348
[1, 17160] loss: 1058.622
[1, 17180] loss: 759.398
[1, 17200] loss: 534.361
[1, 17220] loss: 357.188
[1, 17240] loss: 451.456
[1, 17260] loss: 565.858
[1, 17280] loss: 359.343
[1, 17300] loss: 818.152
[1, 17320] loss: 328.510
[1, 17340] loss: 440.921
[1, 17360] loss: 718.538
[1, 17380] loss: 384.074
[1, 17400] loss: 265.032
[1, 17420] loss: 737.602
[1, 17440] loss: 648.679
[1, 17460] loss: 329.928
[1, 17480] loss: 450.886
[1, 17500] loss: 315.431
[1, 17520] loss: 378.417
[1, 17540] loss: 563.104
[1, 17560] loss: 246.344
[1, 17580] loss: 444.543
[1, 17600] loss: 421.126
[1, 17620] loss: 364.580
[1, 17640] loss: 365.219
[1, 17660] loss: 289.663
[1, 17680] loss: 269.662
[1, 17700] loss: 218.615
[1, 17720] loss: 236.310
[1, 17740] loss: 202.092
[1, 17760] loss: 345.623
[1, 17780] loss: 224.509
[1, 17800] loss: 259.179
[1, 17820] loss: 345.902
[1, 17840] loss: 291.848
[1, 17860] loss: 205.072
[1, 17880] loss: 278.497
[1, 17900] loss: 156.204
[1, 17920] loss: 185.612
[1, 17940] loss: 196.958
[1, 17960] loss: 159.831
[1, 17980] loss: 189.145
[1, 18000] loss: 145.483
[1, 18020] loss: 181.088
[1, 18040] loss: 206.571
[1, 18060] loss: 105.535
[1, 18080] loss: 107.515
[1, 18100] loss: 144.000
[1, 18120] loss: 108.770
[1, 18140] loss: 79.524
[1, 18160] loss: 74.633
[1, 18180] loss: 111.033
[1, 18200] loss: 74.881
[1, 18220] loss: 95.099
[1, 18240] loss: 119.576
[1, 18260] loss: 69.779
[1, 18280] loss: 67.905
[1, 18300] loss: 95.970
[1, 18320] loss: 36.608
[1, 18340] loss: 113.450
[1, 18360] loss: 49.124
[1, 18380] loss: 107.583
[1, 18400] loss: 57.628
[1, 18420] loss: 68.447
[1, 18440] loss: 53.234
[1, 18460] loss: 57.355
[1, 18480] loss: 42.715
[1, 18500] loss: 40.716
[1, 18520] loss: 50.674
[1, 18540] loss: 77.113
[1, 18560] loss: 110.565
[1, 18580] loss: 64.395
[1, 18600] loss: 51.483
[1, 18620] loss: 44.294
[1, 18640] loss: 38.350
[1, 18660] loss: 23.234
[1, 18680] loss: 33.659
[1, 18700] loss: 46.229
[1, 18720] loss: 23.593
[1, 18740] loss: 35.253
[1, 18760] loss: 39.681
[1, 18780] loss: 42.158
[1, 18800] loss: 51.049
[1, 18820] loss: 27.195
[1, 18840] loss: 41.418
[1, 18860] loss: 17.545
[1, 18880] loss: 26.602
[1, 18900] loss: 30.537
[1, 18920] loss: 27.521
[1, 18940] loss: 19.142
[1, 18960] loss: 32.786
[1, 18980] loss: 24.679
[1, 19000] loss: 21.486
[1, 19020] loss: 34.393
[1, 19040] loss: 25.910
[1, 19060] loss: 21.746
[1, 19080] loss: 18.175
[1, 19100] loss: 17.155
[1, 19120] loss: 20.625
[1, 19140] loss: 18.905
[1, 19160] loss: 28.177
[1, 19180] loss: 22.973
[1, 19200] loss: 29.862
[1, 19220] loss: 22.496
[1, 19240] loss: 16.030
[1, 19260] loss: 16.483
[1, 19280] loss: 11.780
[1, 19300] loss: 19.467
[1, 19320] loss: 19.566
[1, 19340] loss: 20.168
[1, 19360] loss: 24.826
[1, 19380] loss: 45.996
[1, 19400] loss: 24.237
[1, 19420] loss: 31.325
[1, 19440] loss: 18.823
[1, 19460] loss: 17.451
[1, 19480] loss: 21.507
[1, 19500] loss: 13.683
[1, 19520] loss: 18.914
[1, 19540] loss: 14.311
[1, 19560] loss: 18.770
[1, 19580] loss: 14.300
[1, 19600] loss: 17.398
[1, 19620] loss: 19.639
[1, 19640] loss: 15.307
[1, 19660] loss: 12.690
[1, 19680] loss: 23.098
[1, 19700] loss: 8.528
[1, 19720] loss: 20.976
[1, 19740] loss: 14.140
[1, 19760] loss: 30.791
[1, 19780] loss: 10.583
[1, 19800] loss: 12.729
[1, 19820] loss: 6.977
[1, 19840] loss: 12.999
[1, 19860] loss: 12.066
[1, 19880] loss: 15.853
[1, 19900] loss: 2.621
[1, 19920] loss: 12.731
[1, 19940] loss: 12.823
[1, 19960] loss: 9.919
[1, 19980] loss: 15.780
[1, 20000] loss: 10.873
[1, 20020] loss: 14.904
[1, 20040] loss: 11.516
[1, 20060] loss: 8.359
[1, 20080] loss: 20.358
[1, 20100] loss: 19.094
[1, 20120] loss: 8.236
[1, 20140] loss: 13.928
[1, 20160] loss: 18.341
[1, 20180] loss: 13.313
[1, 20200] loss: 7.161
[1, 20220] loss: 12.715
[1, 20240] loss: 9.435
[1, 20260] loss: 10.836
[1, 20280] loss: 21.780
[1, 20300] loss: 11.752
[1, 20320] loss: 10.488
[1, 20340] loss: 8.708
[1, 20360] loss: 15.425
[1, 20380] loss: 16.535
[1, 20400] loss: 14.798
[1, 20420] loss: 9.939
[1, 20440] loss: 11.218
[1, 20460] loss: 12.289
[1, 20480] loss: 17.993
[1, 20500] loss: 10.441
[1, 20520] loss: 10.714
[1, 20540] loss: 12.390
[1, 20560] loss: 10.222
[1, 20580] loss: 8.004
[1, 20600] loss: 20.414
[1, 20620] loss: 14.236
[1, 20640] loss: 15.368
[1, 20660] loss: 12.326
[1, 20680] loss: 12.683
[1, 20700] loss: 6.236
[1, 20720] loss: 3.239
[1, 20740] loss: 12.006
[1, 20760] loss: 9.846
[1, 20780] loss: 12.855
[1, 20800] loss: 12.788
[1, 20820] loss: 11.432
[1, 20840] loss: 4.241
[1, 20860] loss: 4.524
[1, 20880] loss: 12.025
[1, 20900] loss: 8.419
[1, 20920] loss: 9.502
[1, 20940] loss: 8.400
[1, 20960] loss: 10.452
[1, 20980] loss: 12.161
[1, 21000] loss: 6.108
[1, 21020] loss: 10.130
[1, 21040] loss: 19.371
[1, 21060] loss: 39.272
[1, 21080] loss: 36.440
[1, 21100] loss: 28.998
[1, 21120] loss: 15.819
[1, 21140] loss: 10.119
[1, 21160] loss: 11.297
[1, 21180] loss: 13.683
[1, 21200] loss: 9.112
[1, 21220] loss: 6.811
[1, 21240] loss: 7.463
[1, 21260] loss: 3.041
[1, 21280] loss: 6.253
[1, 21300] loss: 12.268
[1, 21320] loss: 4.128
[1, 21340] loss: 6.586
[1, 21360] loss: 13.431
[1, 21380] loss: 6.068
[1, 21400] loss: 15.233
[1, 21420] loss: 7.617
[1, 21440] loss: 5.232
[1, 21460] loss: 7.702
[1, 21480] loss: 6.631
[1, 21500] loss: 11.709
[1, 21520] loss: 1.789
[1, 21540] loss: 9.528
[1, 21560] loss: 5.826
[1, 21580] loss: 7.918
[1, 21600] loss: 3.295
[1, 21620] loss: 5.985
[1, 21640] loss: 7.106
[1, 21660] loss: 13.222
[1, 21680] loss: 5.052
[1, 21700] loss: 5.915
[1, 21720] loss: 5.986
[1, 21740] loss: 4.932
[1, 21760] loss: 7.271
[1, 21780] loss: 9.816
[1, 21800] loss: 5.344
[1, 21820] loss: 3.386
[1, 21840] loss: 2.525
[1, 21860] loss: 7.714
[1, 21880] loss: 5.008
[1, 21900] loss: 6.724
[1, 21920] loss: 5.904
[1, 21940] loss: 6.085
[1, 21960] loss: 7.704
[1, 21980] loss: 6.384
[1, 22000] loss: 7.043
[1, 22020] loss: 9.232
[1, 22040] loss: 3.462
[1, 22060] loss: 6.038
[1, 22080] loss: 8.447
[1, 22100] loss: 10.573
[1, 22120] loss: 9.237
[1, 22140] loss: 5.257
[1, 22160] loss: 6.007
[1, 22180] loss: 4.388
[1, 22200] loss: 3.455
[1, 22220] loss: 7.880
[1, 22240] loss: 4.503
[1, 22260] loss: 4.853
[1, 22280] loss: 2.906
[1, 22300] loss: 5.613
[1, 22320] loss: 3.589
[1, 22340] loss: 8.515
[1, 22360] loss: 9.634
[1, 22380] loss: 7.000
[1, 22400] loss: 4.712
[1, 22420] loss: 3.336
[1, 22440] loss: 3.245
[1, 22460] loss: 2.740
[1, 22480] loss: 6.080
[1, 22500] loss: 10.552
[1, 22520] loss: 3.743
[1, 22540] loss: 6.294
[1, 22560] loss: 8.680
[1, 22580] loss: 6.843
[1, 22600] loss: 7.400
[1, 22620] loss: 3.778
[1, 22640] loss: 3.896
[1, 22660] loss: 2.590
[1, 22680] loss: 1.892
[1, 22700] loss: 3.684
[1, 22720] loss: 6.172
[1, 22740] loss: 8.591
[1, 22760] loss: 6.548
[1, 22780] loss: 7.401
[1, 22800] loss: 4.432
[1, 22820] loss: 3.693
[1, 22840] loss: 2.987
[1, 22860] loss: 2.660
[1, 22880] loss: 5.748
[1, 22900] loss: 7.929
[1, 22920] loss: 2.287
[1, 22940] loss: 4.095
[1, 22960] loss: 5.095
[1, 22980] loss: 2.307
[1, 23000] loss: 6.814
[1, 23020] loss: 2.058
[1, 23040] loss: 6.851
[1, 23060] loss: 4.234
[1, 23080] loss: 6.250
[1, 23100] loss: 10.555
[1, 23120] loss: 15.887
[1, 23140] loss: 5.784
[1, 23160] loss: 3.084
[1, 23180] loss: 2.452
[1, 23200] loss: 3.055
[1, 23220] loss: 4.760
[1, 23240] loss: 37.947
[1, 23260] loss: 25.931
[1, 23280] loss: 17.258
[1, 23300] loss: 14.969
[1, 23320] loss: 9.775
[1, 23340] loss: 2.058
[1, 23360] loss: 2.927
[1, 23380] loss: 4.271
[1, 23400] loss: 1.952
[1, 23420] loss: 2.539
[1, 23440] loss: 5.868
[1, 23460] loss: 3.662
[1, 23480] loss: 6.739
[1, 23500] loss: 9.065
[1, 23520] loss: 14.537
[1, 23540] loss: 10.250
[1, 23560] loss: 10.615
[1, 23580] loss: 7.047
[1, 23600] loss: 13.844
[1, 23620] loss: 10.720
[1, 23640] loss: 7.390
[1, 23660] loss: 6.338
[1, 23680] loss: 19.132
[1, 23700] loss: 46.566
[1, 23720] loss: 251.852
[1, 23740] loss: 170.835
[1, 23760] loss: 264.705
[1, 23780] loss: 78.506
[1, 23800] loss: 129.402
[1, 23820] loss: 69.514
[1, 23840] loss: 92.760
[1, 23860] loss: 625.702
[1, 23880] loss: 396.670
[1, 23900] loss: 194.016
[1, 23920] loss: 181.558
[1, 23940] loss: 78.747
[1, 23960] loss: 146.747
[1, 23980] loss: 74.161
[1, 24000] loss: 121.711
[1, 24020] loss: 121.034
[1, 24040] loss: 78.601
[1, 24060] loss: 91.993
[1, 24080] loss: 33.707
[1, 24100] loss: 15.857
[1, 24120] loss: 15.487
[1, 24140] loss: 6.807
[1, 24160] loss: 4.983
[1, 24180] loss: 6.153
[1, 24200] loss: 6.595
[1, 24220] loss: 35.438
[1, 24240] loss: 27.209
[1, 24260] loss: 39.805
[1, 24280] loss: 154.052
[1, 24300] loss: 31.495
[1, 24320] loss: 47.176
[1, 24340] loss: 26.764
[1, 24360] loss: 150.030
[1, 24380] loss: 181.186
[1, 24400] loss: 121.874
[1, 24420] loss: 86.385
[1, 24440] loss: 43.205
[1, 24460] loss: 72.863
[1, 24480] loss: 62.162
[1, 24500] loss: 58.289
[1, 24520] loss: 33.513
[1, 24540] loss: 57.443
[1, 24560] loss: 839.157
[1, 24580] loss: 878.899
[1, 24600] loss: 965.665
[1, 24620] loss: 2354.710
[1, 24640] loss: 3381.857
[1, 24660] loss: 1523.405
[1, 24680] loss: 476.121
[1, 24700] loss: 392.802
[1, 24720] loss: 230.133
[1, 24740] loss: 153.487
[1, 24760] loss: 54.956
[1, 24780] loss: 54.899
[1, 24800] loss: 50.285
[1, 24820] loss: 85.547
[1, 24840] loss: 98.246
[1, 24860] loss: 82.604
[1, 24880] loss: 130.905
[1, 24900] loss: 149.546
[1, 24920] loss: 145.542
[1, 24940] loss: 23.465
[1, 24960] loss: 10.038
[1, 24980] loss: 14.440
[1, 25000] loss: 43.965
[1, 25020] loss: 43.409
[1, 25040] loss: 16.041
[1, 25060] loss: 17.772
[1, 25080] loss: 12.167
[1, 25100] loss: 19.020
[1, 25120] loss: 56.879
[1, 25140] loss: 31.739
[1, 25160] loss: 29.585
[1, 25180] loss: 67.916
[1, 25200] loss: 52.727
[1, 25220] loss: 18.265
[1, 25240] loss: 5.685
[1, 25260] loss: 8.891
[1, 25280] loss: 21.107
[1, 25300] loss: 43.196
[1, 25320] loss: 9.495
[1, 25340] loss: 26.759
[1, 25360] loss: 22.835
[1, 25380] loss: 15.747
[1, 25400] loss: 24.934
[1, 25420] loss: 8.466
[1, 25440] loss: 12.322
[1, 25460] loss: 214.514
[1, 25480] loss: 189.739
[1, 25500] loss: 86.053
[1, 25520] loss: 38.057
[1, 25540] loss: 40.438
[1, 25560] loss: 53.911
[1, 25580] loss: 74.852
[1, 25600] loss: 202.633
[1, 25620] loss: 347.849
[1, 25640] loss: 421.912
[1, 25660] loss: 227.373
[1, 25680] loss: 103.709
[1, 25700] loss: 504.160
[1, 25720] loss: 1492.582
[1, 25740] loss: 1587.768
[1, 25760] loss: 1090.763
[1, 25780] loss: 1382.344
[1, 25800] loss: 1084.821
[1, 25820] loss: 1432.655
[1, 25840] loss: 3089.218
[1, 25860] loss: 625.744
[1, 25880] loss: 393.247
[1, 25900] loss: 158.746
[1, 25920] loss: 302.305
[1, 25940] loss: 128.779
[1, 25960] loss: 43.069
[1, 25980] loss: 46.010
[1, 26000] loss: 23.046
[1, 26020] loss: 19.076
[1, 26040] loss: 8.234
[1, 26060] loss: 6.438
[1, 26080] loss: 5.677
[1, 26100] loss: 7.908
[1, 26120] loss: 32.684
[1, 26140] loss: 19.814
[1, 26160] loss: 28.743
[1, 26180] loss: 35.229
[1, 26200] loss: 14.479
[1, 26220] loss: 5.446
[1, 26240] loss: 4.314
[1, 26260] loss: 3.412
[1, 26280] loss: 1.120
[1, 26300] loss: 1.884
[1, 26320] loss: 0.915
[1, 26340] loss: 2.197
[1, 26360] loss: 2.066
[1, 26380] loss: 1.087
[1, 26400] loss: 2.956
[1, 26420] loss: 1.856
[1, 26440] loss: 2.170
[1, 26460] loss: 4.338
[1, 26480] loss: 4.995
[1, 26500] loss: 2.194
[1, 26520] loss: 1.800
[1, 26540] loss: 2.903
[1, 26560] loss: 14.786
[1, 26580] loss: 25.780
[1, 26600] loss: 41.629
[1, 26620] loss: 95.881
[1, 26640] loss: 296.857
[1, 26660] loss: 168.061
[1, 26680] loss: 40.018
[1, 26700] loss: 38.344
[1, 26720] loss: 4.134
[1, 26740] loss: 2.608
[1, 26760] loss: 2.456
[1, 26780] loss: 3.485
[1, 26800] loss: 3.452
[1, 26820] loss: 2.407
[1, 26840] loss: 1.001
[1, 26860] loss: 0.798
[1, 26880] loss: 1.527
[1, 26900] loss: 3.304
[1, 26920] loss: 4.410
[1, 26940] loss: 7.224
[1, 26960] loss: 4.245
[1, 26980] loss: 1.258
[1, 27000] loss: 2.354
[1, 27020] loss: 6.505
[1, 27040] loss: 4.803
[1, 27060] loss: 21.594
[1, 27080] loss: 28.596
[1, 27100] loss: 27.282
[1, 27120] loss: 32.723
[1, 27140] loss: 69.476
[1, 27160] loss: 118.277
[1, 27180] loss: 86.599
[1, 27200] loss: 25.871
[1, 27220] loss: 18.801
[1, 27240] loss: 3.307
[1, 27260] loss: 10.021
[1, 27280] loss: 5.573
[1, 27300] loss: 13.609
[1, 27320] loss: 9.034
[1, 27340] loss: 7.036
[1, 27360] loss: 2.443
[1, 27380] loss: 3.444
[1, 27400] loss: 2.290
[1, 27420] loss: 3.601
[1, 27440] loss: 4.561
[1, 27460] loss: 19.671
[1, 27480] loss: 9.923
[1, 27500] loss: 29.407
[1, 27520] loss: 74.086
[1, 27540] loss: 84.294
[1, 27560] loss: 123.386
[1, 27580] loss: 75.920
[1, 27600] loss: 21.388
[1, 27620] loss: 15.912
[1, 27640] loss: 10.642
[1, 27660] loss: 7.325
[1, 27680] loss: 4.794
[1, 27700] loss: 3.050
[1, 27720] loss: 69.394
[1, 27740] loss: 15.644
[1, 27760] loss: 5.660
[1, 27780] loss: 15.888
[1, 27800] loss: 28.716
[1, 27820] loss: 264.458
[1, 27840] loss: 238.499
[1, 27860] loss: 695.616
[1, 27880] loss: 270.163
[1, 27900] loss: 402.906
[1, 27920] loss: 248.057
[1, 27940] loss: 186.903
[1, 27960] loss: 182.262
[1, 27980] loss: 87.076
[1, 28000] loss: 16.166
[1, 28020] loss: 14.511
[1, 28040] loss: 11.034
[1, 28060] loss: 15.511
[1, 28080] loss: 37.180
[1, 28100] loss: 169.971
[1, 28120] loss: 143.054
[1, 28140] loss: 188.835
[1, 28160] loss: 113.519
[1, 28180] loss: 211.466
[1, 28200] loss: 298.097
[1, 28220] loss: 105.809
[1, 28240] loss: 34.514
[1, 28260] loss: 12.975
[1, 28280] loss: 3.190
[1, 28300] loss: 1.755
[1, 28320] loss: 0.869
[1, 28340] loss: 1.019
[1, 28360] loss: 0.518
[1, 28380] loss: 0.534
[1, 28400] loss: 0.825
[1, 28420] loss: 0.453
[1, 28440] loss: 0.534
[1, 28460] loss: 1.506
[1, 28480] loss: 1.494
[1, 28500] loss: 0.787
[1, 28520] loss: 1.918
[1, 28540] loss: 1.711
[1, 28560] loss: 1.085
[1, 28580] loss: 1.046
[1, 28600] loss: 2.190
[1, 28620] loss: 2.112
[1, 28640] loss: 1.389
[1, 28660] loss: 1.703
[1, 28680] loss: 1.494
[1, 28700] loss: 0.793
[1, 28720] loss: 0.222
[1, 28740] loss: 0.876
[1, 28760] loss: 2.321
[1, 28780] loss: 5.910
[1, 28800] loss: 5.287
[1, 28820] loss: 1.458
[1, 28840] loss: 1.796
[1, 28860] loss: 0.615
[1, 28880] loss: 0.758
[1, 28900] loss: 1.029
[1, 28920] loss: 1.207
[1, 28940] loss: 4.832
[1, 28960] loss: 7.370
[1, 28980] loss: 4.310
[1, 29000] loss: 1.110
[1, 29020] loss: 0.404
[1, 29040] loss: 1.086
[1, 29060] loss: 1.291
[1, 29080] loss: 3.006
[1, 29100] loss: 1.783
[1, 29120] loss: 1.423
[1, 29140] loss: 8.029
[1, 29160] loss: 16.987
[1, 29180] loss: 19.899
[1, 29200] loss: 6.444
[1, 29220] loss: 3.139
[1, 29240] loss: 1.412
[1, 29260] loss: 0.724
[1, 29280] loss: 5.358
[1, 29300] loss: 3.357
[1, 29320] loss: 4.708
[1, 29340] loss: 17.057
[1, 29360] loss: 11.887
[1, 29380] loss: 17.990
[1, 29400] loss: 6.338
[1, 29420] loss: 1.998
[1, 29440] loss: 2.523
[1, 29460] loss: 2.155
[1, 29480] loss: 1.383
[1, 29500] loss: 3.148
[1, 29520] loss: 8.334
[1, 29540] loss: 2.209
[1, 29560] loss: 5.835
[1, 29580] loss: 4.734
[1, 29600] loss: 2.255
[1, 29620] loss: 2.189
[1, 29640] loss: 7.353
[1, 29660] loss: 2.107
[1, 29680] loss: 1.290
[1, 29700] loss: 1.822
[1, 29720] loss: 4.477
[1, 29740] loss: 9.255
[1, 29760] loss: 2.584
[1, 29780] loss: 3.653
[1, 29800] loss: 7.160
[1, 29820] loss: 32.841
[1, 29840] loss: 59.707
[1, 29860] loss: 92.705
[1, 29880] loss: 129.623
[1, 29900] loss: 171.282
[1, 29920] loss: 302.600
[1, 29940] loss: 146.364
[1, 29960] loss: 39.736
[1, 29980] loss: 16.611
[1, 30000] loss: 12.930
[1, 30020] loss: 8.677
[1, 30040] loss: 2.897
[1, 30060] loss: 1.745
[1, 30080] loss: 2.740
[1, 30100] loss: 2.096
[1, 30120] loss: 2.325
[1, 30140] loss: 1.419
[1, 30160] loss: 2.097
[1, 30180] loss: 4.348
[1, 30200] loss: 3.124
[1, 30220] loss: 6.407
[1, 30240] loss: 1.060
[1, 30260] loss: 2.223
[1, 30280] loss: 2.406
[1, 30300] loss: 1.359
[1, 30320] loss: 2.053
[1, 30340] loss: 2.055
[1, 30360] loss: 0.336
[1, 30380] loss: 0.381
[1, 30400] loss: 0.671
[1, 30420] loss: 0.428
[1,    20] loss: 0.536
[1,    40] loss: 0.669
[1,    60] loss: 0.541
[1,    80] loss: 0.528
[1,   100] loss: 0.560
[1,   120] loss: 0.499
[1,   140] loss: 0.588
[1,   160] loss: 0.573
[1,   180] loss: 0.513
[1,   200] loss: 0.475
[1,   220] loss: 0.530
[1,   240] loss: 0.515
[1,   260] loss: 0.481
[1,   280] loss: 0.460
[1,   300] loss: 0.455
[1,   320] loss: 0.451
[1,   340] loss: 0.439
[1,   360] loss: 0.428
[1,   380] loss: 0.422
[1,   400] loss: 0.422
[1,   420] loss: 0.416
[1,   440] loss: 0.403
[1,   460] loss: 0.408
[1,   480] loss: 0.425
[1,   500] loss: 0.416
[1,   520] loss: 0.400
[1,   540] loss: 0.386
[1,   560] loss: 0.377
[1,   580] loss: 0.392
[1,   600] loss: 0.424
[1,   620] loss: 0.430
[1,   640] loss: 0.418
[1,   660] loss: 0.412
[1,   680] loss: 0.403
[1,   700] loss: 0.398
[1,   720] loss: 0.393
[1,   740] loss: 0.392
[1,   760] loss: 0.395
[1,   780] loss: 0.397
[1,   800] loss: 0.404
[1,   820] loss: 0.405
[1,   840] loss: 0.409
[1,   860] loss: 0.415
[1,   880] loss: 0.417
[1,   900] loss: 0.426
[1,   920] loss: 0.447
[1,   940] loss: 0.481
[1,   960] loss: 0.511
[1,   980] loss: 0.547
[1,  1000] loss: 0.591
[1,  1020] loss: 0.661
[1,  1040] loss: 0.758
[1,  1060] loss: 0.866
[1,  1080] loss: 0.958
[1,  1100] loss: 1.028
[1,  1120] loss: 1.089
[1,  1140] loss: 1.154
[1,  1160] loss: 1.213
[1,  1180] loss: 1.250
[1,  1200] loss: 1.257
[1,  1220] loss: 1.253
[1,  1240] loss: 1.254
[1,  1260] loss: 1.266
[1,  1280] loss: 1.279
[1,  1300] loss: 1.289
[1,  1320] loss: 1.277
[1,  1340] loss: 1.262
[1,  1360] loss: 1.247
[1,  1380] loss: 1.230
[1,  1400] loss: 1.215
[1,  1420] loss: 1.202
[1,  1440] loss: 1.197
[1,  1460] loss: 1.196
[1,  1480] loss: 1.193
[1,  1500] loss: 1.194
[1,  1520] loss: 1.196
[1,  1540] loss: 1.195
[1,  1560] loss: 1.191
[1,  1580] loss: 1.189
[1,  1600] loss: 1.189
[1,  1620] loss: 1.190
[1,  1640] loss: 1.188
[1,  1660] loss: 1.183
[1,  1680] loss: 1.171
[1,  1700] loss: 1.159
[1,  1720] loss: 1.150
[1,  1740] loss: 1.144
[1,  1760] loss: 1.139
[1,  1780] loss: 1.135
[1,  1800] loss: 1.133
[1,  1820] loss: 1.130
[1,  1840] loss: 1.125
[1,  1860] loss: 1.118
[1,  1880] loss: 1.109
[1,  1900] loss: 1.101
[1,  1920] loss: 1.092
[1,  1940] loss: 1.082
[1,  1960] loss: 1.071
[1,  1980] loss: 1.061
[1,  2000] loss: 1.052
[1,  2020] loss: 1.042
[1,  2040] loss: 1.033
[1,  2060] loss: 1.025
[1,  2080] loss: 1.016
[1,  2100] loss: 1.008
[1,  2120] loss: 0.999
[1,  2140] loss: 0.991
[1,  2160] loss: 0.983
[1,  2180] loss: 0.976
[1,  2200] loss: 0.968
[1,  2220] loss: 0.961
[1,  2240] loss: 0.952
[1,  2260] loss: 0.944
[1,  2280] loss: 0.937
[1,  2300] loss: 0.929
[1,  2320] loss: 0.922
[1,  2340] loss: 0.914
[1,  2360] loss: 0.907
[1,  2380] loss: 0.900
[1,  2400] loss: 0.895
[1,  2420] loss: 0.889
[1,  2440] loss: 0.885
[1,  2460] loss: 0.880
[1,  2480] loss: 0.875
[1,  2500] loss: 0.876
[1,  2520] loss: 0.874
[1,  2540] loss: 0.870
[1,  2560] loss: 0.865
[1,  2580] loss: 0.861
[1,  2600] loss: 0.860
[1,  2620] loss: 0.858
[1,  2640] loss: 0.854
[1,  2660] loss: 0.848
[1,  2680] loss: 0.842
[1,  2700] loss: 0.836
[1,  2720] loss: 0.830
[1,  2740] loss: 0.824
[1,  2760] loss: 0.818
[1,  2780] loss: 0.813
[1,  2800] loss: 0.808
[1,  2820] loss: 0.804
[1,  2840] loss: 0.799
[1,  2860] loss: 0.793
[1,  2880] loss: 0.788
[1,  2900] loss: 0.783
[1,  2920] loss: 0.777
[1,  2940] loss: 0.772
[1,  2960] loss: 0.769
[1,  2980] loss: 0.765
[1,  3000] loss: 0.762
[1,  3020] loss: 0.761
[1,  3040] loss: 0.759
[1,  3060] loss: 0.756
[1,  3080] loss: 0.753
[1,  3100] loss: 0.751
[1,  3120] loss: 0.747
[1,  3140] loss: 0.743
[1,  3160] loss: 0.740
[1,  3180] loss: 0.737
[1,  3200] loss: 0.735
[1,  3220] loss: 0.733
[1,  3240] loss: 0.732
[1,  3260] loss: 0.734
[1,  3280] loss: 0.732
[1,  3300] loss: 0.732
[1,  3320] loss: 0.732
[1,  3340] loss: 0.733
[1,  3360] loss: 0.733
