cuda:  6
color_space: RGB
batch_size: 1
num_epcochs: 1
learning_rate: 0.002
[1,    20] loss: 0.577
[1,    40] loss: 2.203
[1,    60] loss: 1.304
[1,    80] loss: 56.201
[1,   100] loss: 575.873
[1,   120] loss: 251.173
[1,   140] loss: 204.149
[1,   160] loss: 15.824
[1,   180] loss: 2.969
[1,   200] loss: 0.302
[1,   220] loss: 0.221
[1,   240] loss: 0.264
[1,   260] loss: 0.196
[1,   280] loss: 0.119
[1,   300] loss: 0.149
[1,   320] loss: 0.175
[1,   340] loss: 0.132
[1,   360] loss: 0.191
[1,   380] loss: 0.086
[1,   400] loss: 0.288
[1,   420] loss: 0.220
[1,   440] loss: 0.200
[1,   460] loss: 0.078
[1,   480] loss: 0.069
[1,   500] loss: 0.065
[1,   520] loss: 0.131
[1,   540] loss: 0.211
[1,   560] loss: 0.125
[1,   580] loss: 0.206
[1,   600] loss: 0.056
[1,   620] loss: 0.137
[1,   640] loss: 0.212
[1,   660] loss: 0.052
[1,   680] loss: 0.049
[1,   700] loss: 0.045
[1,   720] loss: 0.026
[1,   740] loss: 0.039
[1,   760] loss: 0.142
[1,   780] loss: 0.041
[1,   800] loss: 0.064
[1,   820] loss: 0.129
[1,   840] loss: 0.298
[1,   860] loss: 0.116
[1,   880] loss: 0.104
[1,   900] loss: 0.100
[1,   920] loss: 0.064
[1,   940] loss: 0.022
[1,   960] loss: 0.042
[1,   980] loss: 0.124
[1,  1000] loss: 0.136
[1,  1020] loss: 0.073
[1,  1040] loss: 0.028
[1,  1060] loss: 0.038
[1,  1080] loss: 0.073
[1,  1100] loss: 0.182
[1,  1120] loss: 0.314
[1,  1140] loss: 0.031
[1,  1160] loss: 0.036
[1,  1180] loss: 0.022
[1,  1200] loss: 0.059
[1,  1220] loss: 0.139
[1,  1240] loss: 0.112
[1,  1260] loss: 0.038
[1,  1280] loss: 0.094
[1,  1300] loss: 0.088
[1,  1320] loss: 0.049
[1,  1340] loss: 0.034
[1,  1360] loss: 0.059
[1,  1380] loss: 0.080
[1,  1400] loss: 0.039
[1,  1420] loss: 0.048
[1,  1440] loss: 0.100
[1,  1460] loss: 0.063
[1,  1480] loss: 0.013
[1,  1500] loss: 0.022
[1,  1520] loss: 0.013
[1,  1540] loss: 0.037
[1,  1560] loss: 0.189
[1,  1580] loss: 0.052
[1,  1600] loss: 0.040
[1,  1620] loss: 0.060
[1,  1640] loss: 0.022
[1,  1660] loss: 0.035
[1,  1680] loss: 0.031
[1,  1700] loss: 0.033
[1,  1720] loss: 0.032
[1,  1740] loss: 0.039
[1,  1760] loss: 0.042
[1,  1780] loss: 0.053
[1,  1800] loss: 0.017
[1,  1820] loss: 0.113
[1,  1840] loss: 0.209
[1,  1860] loss: 0.029
[1,  1880] loss: 0.016
[1,  1900] loss: 0.042
[1,  1920] loss: 0.043
[1,  1940] loss: 0.145
[1,  1960] loss: 0.055
[1,  1980] loss: 0.106
[1,  2000] loss: 0.106
[1,  2020] loss: 0.079
[1,  2040] loss: 0.036
[1,  2060] loss: 0.054
[1,  2080] loss: 0.127
[1,  2100] loss: 0.089
[1,  2120] loss: 0.023
[1,  2140] loss: 0.079
[1,  2160] loss: 0.067
[1,  2180] loss: 0.039
[1,  2200] loss: 0.051
[1,  2220] loss: 0.029
[1,  2240] loss: 0.091
[1,  2260] loss: 0.108
[1,  2280] loss: 0.134
[1,  2300] loss: 0.023
[1,  2320] loss: 0.075
[1,  2340] loss: 0.026
[1,  2360] loss: 0.072
[1,  2380] loss: 0.125
[1,  2400] loss: 0.047
[1,  2420] loss: 0.024
[1,  2440] loss: 0.037
[1,  2460] loss: 0.028
[1,  2480] loss: 0.186
[1,  2500] loss: 0.059
[1,  2520] loss: 0.030
[1,  2540] loss: 0.174
[1,  2560] loss: 0.058
[1,  2580] loss: 0.090
[1,  2600] loss: 0.133
[1,  2620] loss: 0.121
[1,  2640] loss: 0.007
[1,  2660] loss: 0.055
[1,  2680] loss: 0.027
[1,  2700] loss: 0.034
[1,  2720] loss: 0.028
[1,  2740] loss: 0.236
[1,  2760] loss: 0.023
[1,  2780] loss: 0.042
[1,  2800] loss: 0.114
[1,  2820] loss: 0.181
[1,  2840] loss: 0.018
[1,  2860] loss: 0.019
[1,  2880] loss: 0.142
[1,  2900] loss: 0.024
[1,  2920] loss: 0.119
[1,  2940] loss: 0.149
[1,  2960] loss: 0.047
[1,  2980] loss: 0.124
[1,  3000] loss: 0.035
[1,  3020] loss: 0.040
[1,  3040] loss: 0.105
[1,  3060] loss: 0.034
[1,  3080] loss: 0.019
[1,  3100] loss: 0.090
[1,  3120] loss: 0.057
[1,  3140] loss: 0.092
[1,  3160] loss: 0.102
[1,  3180] loss: 0.168
[1,  3200] loss: 0.069
[1,  3220] loss: 0.100
[1,  3240] loss: 0.226
[1,  3260] loss: 0.070
[1,  3280] loss: 0.114
[1,  3300] loss: 0.132
[1,  3320] loss: 0.027
[1,  3340] loss: 0.085
[1,  3360] loss: 0.026
[1,  3380] loss: 0.076
[1,  3400] loss: 0.075
[1,  3420] loss: 0.048
[1,  3440] loss: 0.022
[1,  3460] loss: 0.033
[1,  3480] loss: 0.009
[1,  3500] loss: 0.078
[1,  3520] loss: 0.040
[1,  3540] loss: 0.037
[1,  3560] loss: 0.052
[1,  3580] loss: 0.117
[1,  3600] loss: 0.035
[1,  3620] loss: 0.024
[1,  3640] loss: 0.049
[1,  3660] loss: 0.023
[1,  3680] loss: 0.020
[1,  3700] loss: 0.028
[1,  3720] loss: 0.015
[1,  3740] loss: 0.022
[1,  3760] loss: 0.065
[1,  3780] loss: 0.031
[1,  3800] loss: 0.142
[1,  3820] loss: 0.097
[1,  3840] loss: 0.093
[1,  3860] loss: 0.265
[1,  3880] loss: 0.048
[1,  3900] loss: 0.050
[1,  3920] loss: 0.046
[1,  3940] loss: 0.083
[1,  3960] loss: 0.063
[1,  3980] loss: 0.048
[1,  4000] loss: 0.040
[1,  4020] loss: 0.130
[1,  4040] loss: 0.119
[1,  4060] loss: 0.128
[1,  4080] loss: 0.162
[1,  4100] loss: 0.039
[1,  4120] loss: 0.147
[1,  4140] loss: 0.034
[1,  4160] loss: 0.048
[1,  4180] loss: 0.030
[1,  4200] loss: 0.121
[1,  4220] loss: 0.183
[1,  4240] loss: 0.056
[1,  4260] loss: 0.045
[1,  4280] loss: 0.024
[1,  4300] loss: 0.029
[1,  4320] loss: 0.030
[1,  4340] loss: 0.017
[1,  4360] loss: 0.064
[1,  4380] loss: 0.132
[1,  4400] loss: 0.165
[1,  4420] loss: 0.048
[1,  4440] loss: 0.023
[1,  4460] loss: 0.041
[1,  4480] loss: 0.156
[1,  4500] loss: 0.059
[1,  4520] loss: 0.047
[1,  4540] loss: 0.050
[1,  4560] loss: 0.043
[1,  4580] loss: 0.012
[1,  4600] loss: 0.087
[1,  4620] loss: 0.123
[1,  4640] loss: 0.121
[1,  4660] loss: 0.018
[1,  4680] loss: 0.261
[1,  4700] loss: 0.018
[1,  4720] loss: 0.042
[1,  4740] loss: 0.050
[1,  4760] loss: 0.148
[1,  4780] loss: 0.040
[1,  4800] loss: 0.052
[1,  4820] loss: 0.051
[1,  4840] loss: 0.162
[1,  4860] loss: 0.048
[1,  4880] loss: 0.076
[1,  4900] loss: 0.167
[1,  4920] loss: 0.033
[1,  4940] loss: 0.012
[1,  4960] loss: 0.413
[1,  4980] loss: 0.202
[1,  5000] loss: 0.070
[1,  5020] loss: 0.065
[1,  5040] loss: 0.041
[1,  5060] loss: 0.116
[1,  5080] loss: 0.057
[1,  5100] loss: 0.092
[1,  5120] loss: 0.149
[1,  5140] loss: 0.073
[1,  5160] loss: 0.067
[1,  5180] loss: 0.026
[1,  5200] loss: 0.072
[1,  5220] loss: 0.035
[1,  5240] loss: 0.028
[1,  5260] loss: 0.038
[1,  5280] loss: 0.065
[1,  5300] loss: 0.018
[1,  5320] loss: 0.165
[1,  5340] loss: 0.078
[1,  5360] loss: 0.049
[1,  5380] loss: 0.228
[1,  5400] loss: 0.148
[1,  5420] loss: 0.078
[1,  5440] loss: 0.011
[1,  5460] loss: 0.093
[1,  5480] loss: 0.054
[1,  5500] loss: 0.072
[1,  5520] loss: 0.045
[1,  5540] loss: 0.026
[1,  5560] loss: 0.032
[1,  5580] loss: 0.065
[1,  5600] loss: 0.017
[1,  5620] loss: 0.109
[1,  5640] loss: 0.036
[1,  5660] loss: 0.136
[1,  5680] loss: 0.115
[1,  5700] loss: 0.063
[1,  5720] loss: 0.024
[1,  5740] loss: 0.387
[1,  5760] loss: 0.121
[1,  5780] loss: 0.026
[1,  5800] loss: 0.015
[1,  5820] loss: 0.180
[1,  5840] loss: 0.093
[1,  5860] loss: 0.123
[1,  5880] loss: 0.102
[1,  5900] loss: 0.070
[1,  5920] loss: 0.021
[1,  5940] loss: 0.145
[1,  5960] loss: 0.068
[1,  5980] loss: 0.032
[1,  6000] loss: 0.020
[1,  6020] loss: 0.094
[1,  6040] loss: 0.067
[1,  6060] loss: 0.217
[1,  6080] loss: 0.029
[1,  6100] loss: 0.212
[1,  6120] loss: 0.036
[1,  6140] loss: 0.158
[1,  6160] loss: 0.088
[1,  6180] loss: 0.056
[1,  6200] loss: 0.244
[1,  6220] loss: 0.042
[1,  6240] loss: 0.054
[1,  6260] loss: 0.044
[1,  6280] loss: 0.040
[1,  6300] loss: 0.052
[1,  6320] loss: 0.067
[1,  6340] loss: 0.037
[1,  6360] loss: 0.057
[1,  6380] loss: 0.053
[1,  6400] loss: 0.067
[1,  6420] loss: 0.132
[1,  6440] loss: 0.138
[1,  6460] loss: 0.076
[1,  6480] loss: 0.057
[1,  6500] loss: 0.035
[1,  6520] loss: 0.038
[1,  6540] loss: 0.057
[1,  6560] loss: 0.049
[1,  6580] loss: 0.135
[1,  6600] loss: 0.186
[1,  6620] loss: 0.208
[1,  6640] loss: 0.068
[1,  6660] loss: 0.052
[1,  6680] loss: 0.078
[1,  6700] loss: 0.126
[1,  6720] loss: 0.095
[1,  6740] loss: 0.147
[1,  6760] loss: 0.047
[1,  6780] loss: 0.030
[1,  6800] loss: 0.100
[1,  6820] loss: 0.054
[1,  6840] loss: 0.029
[1,  6860] loss: 0.049
[1,  6880] loss: 0.120
[1,  6900] loss: 0.052
[1,  6920] loss: 0.063
[1,  6940] loss: 0.015
[1,  6960] loss: 0.196
[1,  6980] loss: 0.076
[1,  7000] loss: 0.071
[1,  7020] loss: 0.060
[1,  7040] loss: 0.105
[1,  7060] loss: 0.029
[1,  7080] loss: 0.124
[1,  7100] loss: 0.032
[1,  7120] loss: 0.039
[1,  7140] loss: 0.056
[1,  7160] loss: 0.070
[1,  7180] loss: 0.037
[1,  7200] loss: 0.074
[1,  7220] loss: 0.031
[1,  7240] loss: 0.022
[1,  7260] loss: 0.027
[1,  7280] loss: 0.044
[1,  7300] loss: 0.056
[1,  7320] loss: 0.143
[1,  7340] loss: 0.028
[1,  7360] loss: 0.165
[1,  7380] loss: 0.060
[1,  7400] loss: 0.072
[1,  7420] loss: 0.237
[1,  7440] loss: 0.046
[1,  7460] loss: 0.055
[1,  7480] loss: 0.045
[1,  7500] loss: 0.010
[1,  7520] loss: 0.094
[1,  7540] loss: 0.036
[1,  7560] loss: 0.023
[1,  7580] loss: 0.183
[1,  7600] loss: 0.086
[1,  7620] loss: 0.058
[1,  7640] loss: 0.116
[1,  7660] loss: 0.026
[1,  7680] loss: 0.101
[1,  7700] loss: 0.166
[1,  7720] loss: 0.125
[1,  7740] loss: 0.028
[1,  7760] loss: 0.045
[1,  7780] loss: 0.102
[1,  7800] loss: 0.034
[1,  7820] loss: 0.085
[1,  7840] loss: 0.017
[1,  7860] loss: 0.045
[1,  7880] loss: 0.044
[1,  7900] loss: 0.034
[1,  7920] loss: 0.031
[1,  7940] loss: 0.074
[1,  7960] loss: 0.027
[1,  7980] loss: 0.016
[1,  8000] loss: 0.041
[1,  8020] loss: 0.039
[1,  8040] loss: 0.013
[1,  8060] loss: 0.051
[1,  8080] loss: 0.056
[1,  8100] loss: 0.014
[1,  8120] loss: 0.032
[1,  8140] loss: 0.039
[1,  8160] loss: 0.147
[1,  8180] loss: 0.026
[1,  8200] loss: 0.062
[1,  8220] loss: 0.124
[1,  8240] loss: 0.024
[1,  8260] loss: 0.060
[1,  8280] loss: 0.204
[1,  8300] loss: 0.022
[1,  8320] loss: 0.060
[1,  8340] loss: 0.068
[1,  8360] loss: 0.203
[1,  8380] loss: 0.204
[1,  8400] loss: 0.220
[1,  8420] loss: 0.040
[1,  8440] loss: 0.074
[1,  8460] loss: 0.046
[1,  8480] loss: 0.016
[1,  8500] loss: 0.057
[1,  8520] loss: 0.141
[1,  8540] loss: 0.033
[1,  8560] loss: 0.075
[1,  8580] loss: 0.056
[1,  8600] loss: 0.104
[1,  8620] loss: 0.025
[1,  8640] loss: 0.059
[1,  8660] loss: 0.109
[1,  8680] loss: 0.287
[1,  8700] loss: 0.151
[1,  8720] loss: 0.028
[1,  8740] loss: 0.021
[1,  8760] loss: 0.099
[1,  8780] loss: 0.046
[1,  8800] loss: 0.064
[1,  8820] loss: 0.020
[1,  8840] loss: 0.055
[1,  8860] loss: 0.061
[1,  8880] loss: 0.139
[1,  8900] loss: 0.110
[1,  8920] loss: 0.104
[1,  8940] loss: 0.137
[1,  8960] loss: 0.209
[1,  8980] loss: 0.054
[1,  9000] loss: 0.018
[1,  9020] loss: 0.054
[1,  9040] loss: 0.065
[1,  9060] loss: 0.017
[1,  9080] loss: 0.094
[1,  9100] loss: 0.048
[1,  9120] loss: 0.087
[1,  9140] loss: 0.022
[1,  9160] loss: 0.063
[1,  9180] loss: 0.043
[1,  9200] loss: 0.147
[1,  9220] loss: 0.046
[1,  9240] loss: 0.040
[1,  9260] loss: 0.057
[1,  9280] loss: 0.032
[1,  9300] loss: 0.084
[1,  9320] loss: 0.200
[1,  9340] loss: 0.050
[1,  9360] loss: 0.042
[1,  9380] loss: 0.309
[1,  9400] loss: 0.161
[1,  9420] loss: 0.029
[1,  9440] loss: 0.047
[1,  9460] loss: 0.020
[1,  9480] loss: 0.026
[1,  9500] loss: 0.089
[1,  9520] loss: 0.076
[1,  9540] loss: 0.087
[1,  9560] loss: 0.175
[1,  9580] loss: 0.086
[1,  9600] loss: 0.063
[1,  9620] loss: 0.064
[1,  9640] loss: 0.037
[1,  9660] loss: 0.094
[1,  9680] loss: 0.115
[1,  9700] loss: 0.241
[1,  9720] loss: 0.089
[1,  9740] loss: 0.132
[1,  9760] loss: 0.105
[1,  9780] loss: 0.057
[1,  9800] loss: 0.052
[1,  9820] loss: 0.109
[1,  9840] loss: 0.039
[1,  9860] loss: 0.026
[1,  9880] loss: 0.037
[1,  9900] loss: 0.020
[1,  9920] loss: 0.039
[1,  9940] loss: 0.115
[1,  9960] loss: 0.114
[1,  9980] loss: 0.058
[1, 10000] loss: 0.023
[1, 10020] loss: 0.074
[1, 10040] loss: 0.079
[1, 10060] loss: 0.033
[1, 10080] loss: 0.022
[1, 10100] loss: 0.276
[1, 10120] loss: 0.131
[1, 10140] loss: 0.080
[1, 10160] loss: 0.140
[1, 10180] loss: 0.045
[1, 10200] loss: 0.088
[1, 10220] loss: 0.075
[1, 10240] loss: 0.097
[1, 10260] loss: 0.166
[1, 10280] loss: 0.032
[1, 10300] loss: 0.160
[1, 10320] loss: 0.159
[1, 10340] loss: 0.054
[1, 10360] loss: 0.075
[1, 10380] loss: 0.327
[1, 10400] loss: 0.096
[1, 10420] loss: 0.039
[1, 10440] loss: 0.108
[1, 10460] loss: 0.040
[1, 10480] loss: 0.024
[1, 10500] loss: 0.051
[1, 10520] loss: 0.043
[1, 10540] loss: 0.093
[1, 10560] loss: 0.077
[1, 10580] loss: 0.071
[1, 10600] loss: 0.059
[1, 10620] loss: 0.055
[1, 10640] loss: 0.178
[1, 10660] loss: 0.277
[1, 10680] loss: 0.054
[1, 10700] loss: 0.057
[1, 10720] loss: 0.138
[1, 10740] loss: 0.058
[1, 10760] loss: 0.012
[1, 10780] loss: 0.194
[1, 10800] loss: 0.051
[1, 10820] loss: 0.158
[1, 10840] loss: 0.032
[1, 10860] loss: 0.038
[1, 10880] loss: 0.150
[1, 10900] loss: 0.020
[1, 10920] loss: 0.080
[1, 10940] loss: 0.208
[1, 10960] loss: 0.032
[1, 10980] loss: 0.161
[1, 11000] loss: 14.951
[1, 11020] loss: 16259871354.826
[1, 11040] loss: 3673675142102.400
[1, 11060] loss: 18460198756659.199
[1, 11080] loss: 8725122484019.200
[1, 11100] loss: 1872786496647.000
[1, 11120] loss: 22414326305.845
[1, 11140] loss: 30839259597.425
[1, 11160] loss: 10547975096.500
[1, 11180] loss: 8948491054.000
[1, 11200] loss: 7058137964.000
[1, 11220] loss: 3287748808.800
[1, 11240] loss: 5073613728.200
[1, 11260] loss: 2810577697.262
[1, 11280] loss: 4485601435.155
[1, 11300] loss: 3362682574.225
[1, 11320] loss: 1977383220.188
[1, 11340] loss: 3597788641.300
[1, 11360] loss: 1203979906.619
[1, 11380] loss: 1809032666.338
[1, 11400] loss: 1103231902.362
[1, 11420] loss: 2218377647.812
[1, 11440] loss: 988122900.487
[1, 11460] loss: 1165138937.167
[1, 11480] loss: 781327408.968
[1, 11500] loss: 1414623187.475
[1, 11520] loss: 693204937.566
[1, 11540] loss: 541316220.345
[1, 11560] loss: 921877610.611
[1, 11580] loss: 739870165.928
[1, 11600] loss: 723452567.161
[1, 11620] loss: 1002743838.200
[1, 11640] loss: 1336716913.198
[1, 11660] loss: 614845762.094
[1, 11680] loss: 860156467.100
[1, 11700] loss: 937042809.200
[1, 11720] loss: 366344939.975
[1, 11740] loss: 416498763.486
[1, 11760] loss: 516495247.025
[1, 11780] loss: 410472477.875
[1, 11800] loss: 393270177.700
[1, 11820] loss: 700454997.044
[1, 11840] loss: 550162603.100
[1, 11860] loss: 421687078.900
[1, 11880] loss: 198293452.738
[1, 11900] loss: 187763190.923
[1, 11920] loss: 399433076.050
[1, 11940] loss: 503828803.447
[1, 11960] loss: 199584286.959
[1, 11980] loss: 454204587.636
[1, 12000] loss: 230436267.750
[1, 12020] loss: 217908229.800
[1, 12040] loss: 257786643.441
[1, 12060] loss: 331893143.053
[1, 12080] loss: 383683121.016
[1, 12100] loss: 271203688.516
[1, 12120] loss: 255831357.472
[1, 12140] loss: 328802706.288
[1, 12160] loss: 194515976.281
[1, 12180] loss: 329224356.919
[1, 12200] loss: 372007466.762
[1, 12220] loss: 260692107.661
[1, 12240] loss: 191499661.444
[1, 12260] loss: 241043088.948
[1, 12280] loss: 174741842.813
[1, 12300] loss: 278644566.195
[1, 12320] loss: 237208498.698
[1, 12340] loss: 258665725.250
[1, 12360] loss: 243789187.656
[1, 12380] loss: 173050976.459
[1, 12400] loss: 120484832.978
[1, 12420] loss: 178386866.939
[1, 12440] loss: 125988299.950
[1, 12460] loss: 270717722.633
[1, 12480] loss: 164130034.029
[1, 12500] loss: 119477161.662
[1, 12520] loss: 214736732.850
[1, 12540] loss: 172354671.034
[1, 12560] loss: 143827689.649
[1, 12580] loss: 170224796.417
[1, 12600] loss: 220484007.659
[1, 12620] loss: 194538248.968
[1, 12640] loss: 124338999.564
[1, 12660] loss: 122855902.272
[1, 12680] loss: 111367383.669
[1, 12700] loss: 160502041.031
[1, 12720] loss: 111373891.025
[1, 12740] loss: 125220173.417
[1, 12760] loss: 197971217.313
[1, 12780] loss: 134096069.603
[1, 12800] loss: 155363717.412
[1, 12820] loss: 97512964.260
[1, 12840] loss: 100707470.088
[1, 12860] loss: 77689983.969
[1, 12880] loss: 91002489.100
[1, 12900] loss: 196443134.316
[1, 12920] loss: 101609023.047
[1, 12940] loss: 195823917.363
[1, 12960] loss: 107979229.669
[1, 12980] loss: 144939654.497
[1, 13000] loss: 122221198.389
[1, 13020] loss: 133307178.641
[1, 13040] loss: 100769610.277
[1, 13060] loss: 139129331.675
[1, 13080] loss: 99649476.982
[1, 13100] loss: 123287478.088
[1, 13120] loss: 211073084.025
[1, 13140] loss: 112140794.781
[1, 13160] loss: 93615118.922
[1, 13180] loss: 84918452.533
[1, 13200] loss: 155765861.238
[1, 13220] loss: 120248338.650
[1, 13240] loss: 83622055.175
[1, 13260] loss: 109089548.037
[1, 13280] loss: 109084013.398
[1, 13300] loss: 50068858.119
[1, 13320] loss: 67138711.143
[1, 13340] loss: 97522779.906
[1, 13360] loss: 66333947.327
[1, 13380] loss: 113171157.912
[1, 13400] loss: 166468750.475
[1, 13420] loss: 83652020.013
[1, 13440] loss: 88577457.559
[1, 13460] loss: 62098023.894
[1, 13480] loss: 69392001.285
[1, 13500] loss: 65855170.929
[1, 13520] loss: 32054960.956
[1, 13540] loss: 72446523.402
[1, 13560] loss: 35518333.211
[1, 13580] loss: 57680471.085
[1, 13600] loss: 76439599.098
[1, 13620] loss: 52320882.774
[1, 13640] loss: 72933069.992
[1, 13660] loss: 78374542.766
[1, 13680] loss: 205703185.489
[1, 13700] loss: 132778764.981
[1, 13720] loss: 53630831.722
[1, 13740] loss: 73078811.288
[1, 13760] loss: 39955702.326
[1, 13780] loss: 79301184.451
[1, 13800] loss: 43273195.560
[1, 13820] loss: 61274950.810
[1, 13840] loss: 98671233.100
[1, 13860] loss: 50945225.650
[1, 13880] loss: 72345599.335
[1, 13900] loss: 59857788.593
[1, 13920] loss: 101179292.431
[1, 13940] loss: 72584527.744
[1, 13960] loss: 76627571.122
[1, 13980] loss: 77585246.213
[1, 14000] loss: 57455092.391
[1, 14020] loss: 47215130.575
[1, 14040] loss: 67341693.076
[1, 14060] loss: 57852396.766
[1, 14080] loss: 54885462.630
[1, 14100] loss: 85119645.756
[1, 14120] loss: 69160541.014
[1, 14140] loss: 61427200.776
[1, 14160] loss: 82767468.834
[1, 14180] loss: 41368193.419
[1, 14200] loss: 54793316.843
[1, 14220] loss: 47811781.447
[1, 14240] loss: 45075291.594
[1, 14260] loss: 68086061.195
[1, 14280] loss: 38468706.082
[1, 14300] loss: 63713365.800
[1, 14320] loss: 32237994.175
[1, 14340] loss: 55441005.450
[1, 14360] loss: 39719478.353
[1, 14380] loss: 37355927.867
[1, 14400] loss: 59302240.521
[1, 14420] loss: 46006500.225
[1, 14440] loss: 50376823.791
[1, 14460] loss: 45589237.667
[1, 14480] loss: 52116367.371
[1, 14500] loss: 55487400.371
[1, 14520] loss: 50176661.605
[1, 14540] loss: 81178984.666
[1, 14560] loss: 63941529.991
[1, 14580] loss: 61693799.482
[1, 14600] loss: 56766225.423
[1, 14620] loss: 73918910.052
[1, 14640] loss: 57820457.235
[1, 14660] loss: 31750485.280
[1, 14680] loss: 46750336.930
[1, 14700] loss: 39748070.431
[1, 14720] loss: 37827685.039
[1, 14740] loss: 40564430.163
[1, 14760] loss: 56261410.668
[1, 14780] loss: 62396795.618
[1, 14800] loss: 39256200.525
[1, 14820] loss: 38883829.925
[1, 14840] loss: 42133395.761
[1, 14860] loss: 29157781.969
[1, 14880] loss: 29386616.403
[1, 14900] loss: 31255393.149
[1, 14920] loss: 51877775.027
[1, 14940] loss: 23589668.597
[1, 14960] loss: 29854885.919
[1, 14980] loss: 39472928.597
[1, 15000] loss: 36677997.171
[1, 15020] loss: 37608180.880
[1, 15040] loss: 47612879.275
[1, 15060] loss: 52531159.120
[1, 15080] loss: 41226459.804
[1, 15100] loss: 29722565.020
[1, 15120] loss: 29190005.713
[1, 15140] loss: 17389486.677
[1, 15160] loss: 47402537.447
[1, 15180] loss: 29251467.526
[1, 15200] loss: 40828527.050
[1, 15220] loss: 23757282.623
[1, 15240] loss: 31984949.556
[1, 15260] loss: 35442411.441
[1, 15280] loss: 51997638.098
[1, 15300] loss: 29874371.598
[1, 15320] loss: 15358721.364
[1, 15340] loss: 36358905.259
[1, 15360] loss: 33338142.717
[1, 15380] loss: 33480828.167
[1, 15400] loss: 23850732.574
[1, 15420] loss: 33749396.794
[1, 15440] loss: 28482489.634
[1, 15460] loss: 28762593.029
[1, 15480] loss: 46442167.875
[1, 15500] loss: 35430599.307
[1, 15520] loss: 22560330.941
[1, 15540] loss: 23038395.247
[1, 15560] loss: 27245917.085
[1, 15580] loss: 17472143.565
[1, 15600] loss: 27483159.578
[1, 15620] loss: 32537062.037
[1, 15640] loss: 28087539.035
[1, 15660] loss: 19246444.190
[1, 15680] loss: 26732011.998
[1, 15700] loss: 37512655.782
[1, 15720] loss: 16716455.870
[1, 15740] loss: 25720639.172
[1, 15760] loss: 32903617.230
[1, 15780] loss: 32077485.674
[1, 15800] loss: 9033164.846
[1, 15820] loss: 36136468.106
[1, 15840] loss: 20358307.908
[1, 15860] loss: 18070818.748
[1, 15880] loss: 38844400.788
[1, 15900] loss: 22317937.252
[1, 15920] loss: 47613020.530
[1, 15940] loss: 9873776.025
[1, 15960] loss: 23879177.108
[1, 15980] loss: 25620288.995
[1, 16000] loss: 21746333.292
[1, 16020] loss: 26013327.623
[1, 16040] loss: 19747607.331
[1, 16060] loss: 31156011.540
[1, 16080] loss: 39263741.926
[1, 16100] loss: 23017254.067
[1, 16120] loss: 14580849.769
[1, 16140] loss: 32987649.020
[1, 16160] loss: 18537707.724
[1, 16180] loss: 23559709.063
[1, 16200] loss: 21584375.351
[1, 16220] loss: 12233289.188
[1, 16240] loss: 22567382.407
[1, 16260] loss: 30155537.928
[1, 16280] loss: 14533324.103
[1, 16300] loss: 14176846.622
[1, 16320] loss: 14632990.351
[1, 16340] loss: 25213502.663
[1, 16360] loss: 15123869.343
[1, 16380] loss: 16770676.729
[1, 16400] loss: 19667096.317
[1, 16420] loss: 11227746.688
[1, 16440] loss: 26548244.672
[1, 16460] loss: 21227110.788
[1, 16480] loss: 18595598.238
[1, 16500] loss: 20864741.880
[1, 16520] loss: 9468432.989
[1, 16540] loss: 18888952.838
[1, 16560] loss: 17834119.367
[1, 16580] loss: 29427705.212
[1, 16600] loss: 24766604.505
[1, 16620] loss: 21310437.088
[1, 16640] loss: 21163703.217
[1, 16660] loss: 25444955.985
[1, 16680] loss: 26527679.538
[1, 16700] loss: 10464253.102
[1, 16720] loss: 11648330.770
[1, 16740] loss: 16429912.887
[1, 16760] loss: 17664500.269
[1, 16780] loss: 13993214.102
[1, 16800] loss: 12916320.456
[1, 16820] loss: 19653880.329
[1, 16840] loss: 17225942.364
[1, 16860] loss: 12899920.033
[1, 16880] loss: 19269121.637
[1, 16900] loss: 10977566.920
[1, 16920] loss: 10591467.434
[1, 16940] loss: 6841275.464
[1, 16960] loss: 29022644.692
[1, 16980] loss: 18741290.897
[1, 17000] loss: 11460310.471
[1, 17020] loss: 23948377.487
[1, 17040] loss: 22123747.203
[1, 17060] loss: 14699947.125
[1, 17080] loss: 12084245.534
[1, 17100] loss: 12952015.080
[1, 17120] loss: 13076004.370
[1, 17140] loss: 13030898.123
[1, 17160] loss: 13822164.194
[1, 17180] loss: 10015415.315
[1, 17200] loss: 19485999.406
[1, 17220] loss: 14975409.915
[1, 17240] loss: 15629123.118
[1, 17260] loss: 15088635.984
[1, 17280] loss: 13431809.676
[1, 17300] loss: 13967589.880
[1, 17320] loss: 8828438.484
[1, 17340] loss: 29814637.392
[1, 17360] loss: 11493367.716
[1, 17380] loss: 5897603.135
[1, 17400] loss: 16069723.533
[1, 17420] loss: 18972403.010
[1, 17440] loss: 7094461.548
[1, 17460] loss: 18369572.867
[1, 17480] loss: 12001212.690
[1, 17500] loss: 8191158.888
[1, 17520] loss: 15397783.506
[1, 17540] loss: 9640781.180
[1, 17560] loss: 14241165.094
[1, 17580] loss: 19616154.637
[1, 17600] loss: 9841881.749
[1, 17620] loss: 8106804.422
[1, 17640] loss: 9175553.290
[1, 17660] loss: 10427599.181
[1, 17680] loss: 17760708.948
[1, 17700] loss: 8403570.188
[1, 17720] loss: 6978023.649
[1, 17740] loss: 9045920.873
[1, 17760] loss: 15689227.339
[1, 17780] loss: 17712813.702
[1, 17800] loss: 8357226.357
[1, 17820] loss: 11829493.401
[1, 17840] loss: 16493274.542
[1, 17860] loss: 10125578.704
[1, 17880] loss: 6392199.269
[1, 17900] loss: 9773523.041
[1, 17920] loss: 7667143.142
[1, 17940] loss: 14103776.245
[1, 17960] loss: 12892587.979
[1, 17980] loss: 14533809.815
[1, 18000] loss: 9276175.723
[1, 18020] loss: 13471999.901
[1, 18040] loss: 11938744.472
[1, 18060] loss: 12414401.863
[1, 18080] loss: 7334389.590
[1, 18100] loss: 10366267.909
[1, 18120] loss: 7823545.346
[1, 18140] loss: 10707613.155
[1, 18160] loss: 3736125.087
[1, 18180] loss: 7693447.522
[1, 18200] loss: 9163538.206
[1, 18220] loss: 6890086.716
[1, 18240] loss: 8301224.130
[1, 18260] loss: 6290085.743
[1, 18280] loss: 3264901.993
[1, 18300] loss: 10450628.440
[1, 18320] loss: 9633077.268
[1, 18340] loss: 6875699.906
[1, 18360] loss: 11459356.703
[1, 18380] loss: 7683489.989
[1, 18400] loss: 11555865.340
[1, 18420] loss: 10094034.017
[1, 18440] loss: 10672529.589
[1, 18460] loss: 4148711.336
[1, 18480] loss: 5242808.723
[1, 18500] loss: 6769527.267
[1, 18520] loss: 6944196.075
[1, 18540] loss: 9818046.572
[1, 18560] loss: 8284595.539
[1, 18580] loss: 6227026.967
[1, 18600] loss: 5113095.535
[1, 18620] loss: 4417664.719
[1, 18640] loss: 6595126.750
[1, 18660] loss: 5177926.389
[1, 18680] loss: 10709312.240
[1, 18700] loss: 5609860.373
[1, 18720] loss: 5645277.317
[1, 18740] loss: 5472463.336
[1, 18760] loss: 4818942.688
[1, 18780] loss: 8080502.121
[1, 18800] loss: 6618313.460
[1, 18820] loss: 6624836.020
[1, 18840] loss: 11577730.054
[1, 18860] loss: 9867115.282
[1, 18880] loss: 5155184.901
[1, 18900] loss: 8996030.269
[1, 18920] loss: 5943391.521
[1, 18940] loss: 5010591.580
[1, 18960] loss: 4547125.486
[1, 18980] loss: 6848910.777
[1, 19000] loss: 4163666.014
[1, 19020] loss: 3175443.189
[1, 19040] loss: 1920448.977
[1, 19060] loss: 3759958.648
[1, 19080] loss: 4197596.965
[1, 19100] loss: 3457860.128
[1, 19120] loss: 6202246.590
[1, 19140] loss: 5049948.934
[1, 19160] loss: 4809236.839
[1, 19180] loss: 5043944.984
[1, 19200] loss: 8281086.926
[1, 19220] loss: 4875710.541
[1, 19240] loss: 5163764.673
[1, 19260] loss: 4247188.352
[1, 19280] loss: 6420709.724
[1, 19300] loss: 5012936.473
[1, 19320] loss: 9189727.332
[1, 19340] loss: 3753327.895
[1, 19360] loss: 3247529.212
[1, 19380] loss: 2902626.600
[1, 19400] loss: 2670399.809
[1, 19420] loss: 4618464.577
[1, 19440] loss: 4917624.951
[1, 19460] loss: 6757392.125
[1, 19480] loss: 4255075.612
[1, 19500] loss: 6931291.634
[1, 19520] loss: 5677067.553
[1, 19540] loss: 3754323.134
[1, 19560] loss: 3771309.801
[1, 19580] loss: 6358152.811
[1, 19600] loss: 4763550.376
[1, 19620] loss: 4897429.020
[1, 19640] loss: 2340886.975
[1, 19660] loss: 7502475.761
[1, 19680] loss: 3463611.405
[1, 19700] loss: 4600081.155
[1, 19720] loss: 3554856.740
[1, 19740] loss: 4155205.131
[1, 19760] loss: 2460582.797
[1, 19780] loss: 1061746.566
[1, 19800] loss: 1819986.953
[1, 19820] loss: 4528584.882
[1, 19840] loss: 2198245.035
[1, 19860] loss: 4085765.713
[1, 19880] loss: 3271039.771
[1, 19900] loss: 2522308.078
[1, 19920] loss: 3828048.632
[1, 19940] loss: 3131496.377
[1, 19960] loss: 8239636.946
[1, 19980] loss: 4647844.248
[1, 20000] loss: 3578571.020
[1, 20020] loss: 3695878.197
[1, 20040] loss: 3563228.069
[1, 20060] loss: 2425805.783
[1, 20080] loss: 2050624.534
[1, 20100] loss: 2783116.363
[1, 20120] loss: 2570903.517
[1, 20140] loss: 3796874.093
[1, 20160] loss: 2481317.341
[1, 20180] loss: 2416728.452
[1, 20200] loss: 3929213.805
[1, 20220] loss: 2637093.881
[1, 20240] loss: 2317903.006
[1, 20260] loss: 2898407.198
[1, 20280] loss: 2459463.360
[1, 20300] loss: 4119621.152
[1, 20320] loss: 2101307.423
[1, 20340] loss: 2099189.620
[1, 20360] loss: 2002840.499
[1, 20380] loss: 1235315.451
[1, 20400] loss: 2321239.741
[1, 20420] loss: 3021261.818
[1, 20440] loss: 2693112.839
[1, 20460] loss: 5045169.968
[1, 20480] loss: 2717573.999
[1, 20500] loss: 2526940.091
[1, 20520] loss: 2045951.846
[1, 20540] loss: 1354781.309
[1, 20560] loss: 2554648.658
[1, 20580] loss: 1589470.737
[1, 20600] loss: 1728779.238
[1, 20620] loss: 1775263.853
[1, 20640] loss: 1853136.537
[1, 20660] loss: 932554.577
[1, 20680] loss: 1283532.906
[1, 20700] loss: 2713091.300
[1, 20720] loss: 4460153.678
[1, 20740] loss: 2103784.864
[1, 20760] loss: 1323773.435
[1, 20780] loss: 1631404.950
[1, 20800] loss: 3714946.125
[1, 20820] loss: 1810949.655
[1, 20840] loss: 2626315.225
[1, 20860] loss: 1050537.813
[1, 20880] loss: 1076586.014
[1, 20900] loss: 2078122.417
[1, 20920] loss: 1529468.485
[1, 20940] loss: 1760536.951
[1, 20960] loss: 2539422.086
[1, 20980] loss: 2589537.040
[1, 21000] loss: 1288349.457
[1, 21020] loss: 1628182.366
[1, 21040] loss: 2029849.484
[1, 21060] loss: 1051042.858
[1, 21080] loss: 1205111.909
[1, 21100] loss: 1854674.749
[1, 21120] loss: 2316105.335
[1, 21140] loss: 1431710.801
[1, 21160] loss: 1214262.492
[1, 21180] loss: 1173708.014
[1, 21200] loss: 1045641.832
[1, 21220] loss: 1471343.555
[1, 21240] loss: 1815034.557
[1, 21260] loss: 1040839.615
[1, 21280] loss: 1116690.073
[1, 21300] loss: 962541.498
[1, 21320] loss: 1805900.710
[1, 21340] loss: 877335.403
[1, 21360] loss: 897199.237
[1, 21380] loss: 1483697.793
[1, 21400] loss: 2779161.726
[1, 21420] loss: 866484.108
[1, 21440] loss: 1002084.837
[1, 21460] loss: 760727.725
[1, 21480] loss: 2597845.568
[1, 21500] loss: 1532823.290
[1, 21520] loss: 775283.663
[1, 21540] loss: 934063.126
[1, 21560] loss: 609469.245
[1, 21580] loss: 973220.561
[1, 21600] loss: 939437.079
[1, 21620] loss: 551236.687
[1, 21640] loss: 794114.601
[1, 21660] loss: 1217670.747
[1, 21680] loss: 1027433.003
[1, 21700] loss: 1097584.731
[1, 21720] loss: 1484669.598
[1, 21740] loss: 1029805.167
[1, 21760] loss: 1205827.698
[1, 21780] loss: 939024.146
[1, 21800] loss: 917262.056
[1, 21820] loss: 1209507.561
[1, 21840] loss: 1878970.362
[1, 21860] loss: 570463.417
[1, 21880] loss: 626606.177
[1, 21900] loss: 1681374.087
[1, 21920] loss: 811822.217
[1, 21940] loss: 1225774.187
[1, 21960] loss: 504746.255
[1, 21980] loss: 1765383.446
[1, 22000] loss: 747946.021
[1, 22020] loss: 679339.206
[1, 22040] loss: 713251.555
[1, 22060] loss: 1472294.685
[1, 22080] loss: 1432249.328
[1, 22100] loss: 1222605.568
[1, 22120] loss: 784753.209
[1, 22140] loss: 2412477.812
[1, 22160] loss: 855219.872
[1, 22180] loss: 1195854.222
[1, 22200] loss: 1342182.176
[1, 22220] loss: 1135664.200
[1, 22240] loss: 717136.258
[1, 22260] loss: 1101076.363
[1, 22280] loss: 846728.368
[1, 22300] loss: 444716.240
[1, 22320] loss: 677978.996
[1, 22340] loss: 876534.221
[1, 22360] loss: 348594.075
[1, 22380] loss: 283257.650
[1, 22400] loss: 536556.562
[1, 22420] loss: 883751.364
[1, 22440] loss: 1176666.540
[1, 22460] loss: 2167147.066
[1, 22480] loss: 588275.743
[1, 22500] loss: 637300.566
[1, 22520] loss: 853439.017
[1, 22540] loss: 581354.407
[1, 22560] loss: 756000.688
[1, 22580] loss: 718924.511
[1, 22600] loss: 941486.938
[1, 22620] loss: 514161.174
[1, 22640] loss: 615446.250
[1, 22660] loss: 569992.215
[1, 22680] loss: 391631.207
[1, 22700] loss: 491369.578
[1, 22720] loss: 1138091.275
[1, 22740] loss: 488838.860
[1, 22760] loss: 484428.505
[1, 22780] loss: 378931.377
[1, 22800] loss: 685539.703
[1, 22820] loss: 420098.087
[1, 22840] loss: 601500.505
[1, 22860] loss: 471830.400
[1, 22880] loss: 271028.699
[1, 22900] loss: 214901.252
[1, 22920] loss: 321173.725
[1, 22940] loss: 440728.435
[1, 22960] loss: 558408.946
[1, 22980] loss: 561402.944
[1, 23000] loss: 359287.067
[1, 23020] loss: 404891.403
[1, 23040] loss: 315636.663
[1, 23060] loss: 536106.493
[1, 23080] loss: 557427.268
[1, 23100] loss: 249261.684
[1, 23120] loss: 366140.699
[1, 23140] loss: 299776.265
[1, 23160] loss: 452464.681
[1, 23180] loss: 489750.209
[1, 23200] loss: 553019.913
[1, 23220] loss: 311299.774
[1, 23240] loss: 336199.214
[1, 23260] loss: 299368.885
[1, 23280] loss: 512335.822
[1, 23300] loss: 497215.075
[1, 23320] loss: 194116.573
[1, 23340] loss: 300443.340
[1, 23360] loss: 217638.538
[1, 23380] loss: 363927.568
[1, 23400] loss: 267932.943
[1, 23420] loss: 141365.360
[1, 23440] loss: 214023.725
[1, 23460] loss: 148645.976
[1, 23480] loss: 390044.113
[1, 23500] loss: 418526.715
[1, 23520] loss: 383130.795
[1, 23540] loss: 706885.224
[1, 23560] loss: 162725.181
[1, 23580] loss: 741273.888
[1, 23600] loss: 252005.472
[1, 23620] loss: 308525.837
[1, 23640] loss: 241166.296
[1, 23660] loss: 284678.617
[1, 23680] loss: 227489.205
[1, 23700] loss: 246003.930
[1, 23720] loss: 179513.003
[1, 23740] loss: 328542.880
[1, 23760] loss: 247281.820
[1, 23780] loss: 102099.011
[1, 23800] loss: 352996.439
[1, 23820] loss: 201401.709
[1, 23840] loss: 224434.922
[1, 23860] loss: 184931.506
[1, 23880] loss: 218524.148
[1, 23900] loss: 156308.719
[1, 23920] loss: 235427.364
[1, 23940] loss: 306241.537
[1, 23960] loss: 194918.104
[1, 23980] loss: 164309.230
[1, 24000] loss: 470113.171
[1, 24020] loss: 306334.242
[1, 24040] loss: 146779.760
[1, 24060] loss: 159290.382
[1, 24080] loss: 186527.520
[1, 24100] loss: 344675.571
[1, 24120] loss: 111439.454
[1, 24140] loss: 228387.973
[1, 24160] loss: 779001.028
[1, 24180] loss: 197332.829
[1, 24200] loss: 284379.519
[1, 24220] loss: 100479.694
[1, 24240] loss: 155915.707
[1, 24260] loss: 103205.361
[1, 24280] loss: 196407.196
[1, 24300] loss: 157846.982
[1, 24320] loss: 121929.192
[1, 24340] loss: 474536.388
[1, 24360] loss: 257757.891
[1, 24380] loss: 170072.911
[1, 24400] loss: 159830.252
[1, 24420] loss: 132306.688
[1, 24440] loss: 90511.268
[1, 24460] loss: 135113.012
[1, 24480] loss: 94723.912
[1, 24500] loss: 161870.463
[1, 24520] loss: 115194.895
[1, 24540] loss: 121725.180
[1, 24560] loss: 109728.909
[1, 24580] loss: 50761.117
[1, 24600] loss: 103037.471
[1, 24620] loss: 294503.936
[1, 24640] loss: 68438.648
[1, 24660] loss: 140501.190
[1, 24680] loss: 87029.309
[1, 24700] loss: 100887.743
[1, 24720] loss: 122147.385
[1, 24740] loss: 56980.495
[1, 24760] loss: 101617.593
[1, 24780] loss: 95796.321
[1, 24800] loss: 57329.169
[1, 24820] loss: 101715.960
[1, 24840] loss: 135522.877
[1, 24860] loss: 81985.449
[1, 24880] loss: 72133.974
[1, 24900] loss: 135171.129
[1, 24920] loss: 72029.931
[1, 24940] loss: 79094.703
[1, 24960] loss: 51282.718
[1, 24980] loss: 111018.597
[1, 25000] loss: 83474.445
[1, 25020] loss: 48829.077
[1, 25040] loss: 108255.915
[1, 25060] loss: 30328.531
[1, 25080] loss: 66763.897
[1, 25100] loss: 101175.347
[1, 25120] loss: 89154.850
[1, 25140] loss: 83468.762
[1, 25160] loss: 93263.461
[1, 25180] loss: 69925.884
[1, 25200] loss: 119038.941
[1, 25220] loss: 70261.235
[1, 25240] loss: 77649.346
[1, 25260] loss: 81407.079
[1, 25280] loss: 82250.117
[1, 25300] loss: 96193.205
[1, 25320] loss: 90390.625
[1, 25340] loss: 57190.451
[1, 25360] loss: 68010.823
[1, 25380] loss: 71032.800
[1, 25400] loss: 33089.261
[1, 25420] loss: 78248.143
[1, 25440] loss: 102635.293
[1, 25460] loss: 62397.040
[1, 25480] loss: 48919.609
[1, 25500] loss: 120612.153
[1, 25520] loss: 52580.624
[1, 25540] loss: 43651.094
[1, 25560] loss: 56912.766
[1, 25580] loss: 128206.997
[1, 25600] loss: 48250.800
[1, 25620] loss: 80221.741
[1, 25640] loss: 65386.637
[1, 25660] loss: 58698.418
[1, 25680] loss: 65412.750
[1, 25700] loss: 89580.100
[1, 25720] loss: 57550.278
[1, 25740] loss: 55919.639
[1, 25760] loss: 63667.504
[1, 25780] loss: 106560.267
[1, 25800] loss: 90747.426
[1, 25820] loss: 35973.884
[1, 25840] loss: 37480.503
[1, 25860] loss: 62871.915
[1, 25880] loss: 47792.416
[1, 25900] loss: 97667.378
[1, 25920] loss: 35241.669
[1, 25940] loss: 53840.399
[1, 25960] loss: 77122.648
[1, 25980] loss: 60994.964
[1, 26000] loss: 22166.881
[1, 26020] loss: 33842.801
[1, 26040] loss: 20581.179
[1, 26060] loss: 34597.748
[1, 26080] loss: 42570.137
[1, 26100] loss: 58122.867
[1, 26120] loss: 69288.821
[1, 26140] loss: 63635.179
[1, 26160] loss: 48923.681
[1, 26180] loss: 41801.709
[1, 26200] loss: 27058.871
[1, 26220] loss: 25855.070
[1, 26240] loss: 42950.632
[1, 26260] loss: 34102.852
[1, 26280] loss: 72598.092
[1, 26300] loss: 33793.922
[1, 26320] loss: 39231.510
[1, 26340] loss: 32076.953
[1, 26360] loss: 23530.004
[1, 26380] loss: 54464.545
[1, 26400] loss: 38247.215
[1, 26420] loss: 37194.187
[1, 26440] loss: 21879.315
[1, 26460] loss: 32804.995
[1, 26480] loss: 70659.361
[1, 26500] loss: 58413.019
[1, 26520] loss: 45296.276
[1, 26540] loss: 34229.448
[1, 26560] loss: 36197.058
[1, 26580] loss: 34928.366
[1, 26600] loss: 18029.963
[1, 26620] loss: 30296.811
[1, 26640] loss: 27237.879
[1, 26660] loss: 49881.264
[1, 26680] loss: 33429.671
[1, 26700] loss: 18132.527
[1, 26720] loss: 23888.234
[1, 26740] loss: 47146.505
[1, 26760] loss: 35867.573
[1, 26780] loss: 16482.454
[1, 26800] loss: 24324.417
[1, 26820] loss: 14485.996
[1, 26840] loss: 25557.376
[1, 26860] loss: 33856.120
[1, 26880] loss: 16396.780
[1, 26900] loss: 18466.983
[1, 26920] loss: 27859.262
[1, 26940] loss: 29649.477
[1, 26960] loss: 43984.001
[1, 26980] loss: 44841.186
[1, 27000] loss: 47557.852
[1, 27020] loss: 16456.074
[1, 27040] loss: 40566.570
[1, 27060] loss: 47517.481
[1, 27080] loss: 17379.505
[1, 27100] loss: 10309.318
[1, 27120] loss: 17733.040
[1, 27140] loss: 32888.339
[1, 27160] loss: 26672.624
[1, 27180] loss: 29063.902
[1, 27200] loss: 67152.993
[1, 27220] loss: 23925.770
[1, 27240] loss: 28001.141
[1, 27260] loss: 34855.485
[1, 27280] loss: 39902.188
[1, 27300] loss: 26989.853
[1, 27320] loss: 43973.316
[1, 27340] loss: 18726.571
[1, 27360] loss: 19438.834
[1, 27380] loss: 9526.789
[1, 27400] loss: 20796.489
[1, 27420] loss: 23381.287
[1, 27440] loss: 23464.358
[1, 27460] loss: 13255.466
[1, 27480] loss: 26095.092
[1, 27500] loss: 30527.754
[1, 27520] loss: 10026.175
[1, 27540] loss: 26377.367
[1, 27560] loss: 19600.325
[1, 27580] loss: 16246.452
[1, 27600] loss: 30827.873
[1, 27620] loss: 40151.154
[1, 27640] loss: 18359.260
[1, 27660] loss: 28824.646
[1, 27680] loss: 23416.623
[1, 27700] loss: 16741.270
[1, 27720] loss: 19855.898
[1, 27740] loss: 18920.101
[1, 27760] loss: 10128.826
[1, 27780] loss: 19781.602
[1, 27800] loss: 10761.907
[1, 27820] loss: 19991.029
[1, 27840] loss: 14148.051
[1, 27860] loss: 28067.116
[1, 27880] loss: 15177.837
[1, 27900] loss: 20182.508
[1, 27920] loss: 11156.447
[1, 27940] loss: 6071.349
[1, 27960] loss: 15537.239
[1, 27980] loss: 19776.066
[1, 28000] loss: 11360.094
[1, 28020] loss: 5306.568
[1, 28040] loss: 15591.043
[1, 28060] loss: 10727.184
[1, 28080] loss: 9896.837
[1, 28100] loss: 9808.526
[1, 28120] loss: 14432.436
[1, 28140] loss: 17508.193
[1, 28160] loss: 13393.480
[1, 28180] loss: 26635.732
[1, 28200] loss: 26257.873
[1, 28220] loss: 30988.843
[1, 28240] loss: 11042.280
[1, 28260] loss: 16299.843
[1, 28280] loss: 6698.641
[1, 28300] loss: 15124.409
[1, 28320] loss: 8606.899
[1, 28340] loss: 13790.161
[1, 28360] loss: 12808.334
[1, 28380] loss: 10548.272
[1, 28400] loss: 17488.231
[1, 28420] loss: 11879.090
[1, 28440] loss: 9795.410
[1, 28460] loss: 17960.663
[1, 28480] loss: 10274.981
[1, 28500] loss: 12637.083
[1, 28520] loss: 7034.968
[1, 28540] loss: 10077.293
[1, 28560] loss: 12121.721
[1, 28580] loss: 13269.445
[1, 28600] loss: 12294.136
[1, 28620] loss: 9067.803
[1, 28640] loss: 7899.070
[1, 28660] loss: 9485.319
[1, 28680] loss: 10909.079
[1, 28700] loss: 8593.583
[1, 28720] loss: 6004.138
[1, 28740] loss: 5452.820
[1, 28760] loss: 6890.301
[1, 28780] loss: 6548.948
[1, 28800] loss: 9370.183
[1, 28820] loss: 10466.121
[1, 28840] loss: 11694.649
[1, 28860] loss: 11324.064
[1, 28880] loss: 10547.091
[1, 28900] loss: 9800.190
[1, 28920] loss: 18774.458
[1, 28940] loss: 10612.477
[1, 28960] loss: 4555.619
[1, 28980] loss: 10215.285
[1, 29000] loss: 5353.688
[1, 29020] loss: 4663.221
[1, 29040] loss: 4634.369
[1, 29060] loss: 15195.232
[1, 29080] loss: 10340.414
[1, 29100] loss: 9583.695
[1, 29120] loss: 8701.912
[1, 29140] loss: 2490.940
[1, 29160] loss: 2079.880
[1, 29180] loss: 7302.231
[1, 29200] loss: 13629.452
[1, 29220] loss: 8079.368
[1, 29240] loss: 13565.584
[1, 29260] loss: 14385.295
[1, 29280] loss: 16087.525
[1, 29300] loss: 5790.082
[1, 29320] loss: 7475.713
[1, 29340] loss: 4134.527
[1, 29360] loss: 19488.269
[1, 29380] loss: 7563.012
[1, 29400] loss: 8971.056
[1, 29420] loss: 13530.299
[1, 29440] loss: 8868.659
[1, 29460] loss: 9309.640
[1, 29480] loss: 6634.647
[1, 29500] loss: 2415.206
[1, 29520] loss: 2777.032
[1, 29540] loss: 5647.778
[1, 29560] loss: 5108.617
[1, 29580] loss: 7797.723
[1, 29600] loss: 6635.404
[1, 29620] loss: 10141.321
[1, 29640] loss: 8581.498
[1, 29660] loss: 4630.500
[1, 29680] loss: 6774.229
[1, 29700] loss: 5705.052
[1, 29720] loss: 3273.070
[1, 29740] loss: 2104.407
[1, 29760] loss: 6513.332
[1, 29780] loss: 3771.644
[1, 29800] loss: 6167.678
[1, 29820] loss: 3865.187
[1, 29840] loss: 2630.418
[1, 29860] loss: 2962.358
[1, 29880] loss: 2605.982
[1, 29900] loss: 2881.446
[1, 29920] loss: 2609.863
[1, 29940] loss: 8018.324
[1, 29960] loss: 5268.374
[1, 29980] loss: 3869.100
[1, 30000] loss: 4251.763
[1, 30020] loss: 2621.647
[1, 30040] loss: 5838.636
[1, 30060] loss: 11375.954
[1, 30080] loss: 24338.989
[1, 30100] loss: 26889.638
[1, 30120] loss: 17697.320
[1, 30140] loss: 2181.144
[1, 30160] loss: 2139.323
[1, 30180] loss: 3551.855
[1, 30200] loss: 5720.840
[1, 30220] loss: 12615.443
[1, 30240] loss: 9604.602
[1, 30260] loss: 3718.044
[1, 30280] loss: 3426.882
[1, 30300] loss: 8875.838
[1, 30320] loss: 7850.564
[1, 30340] loss: 9704.475
[1, 30360] loss: 3534.669
[1, 30380] loss: 14948.247
[1, 30400] loss: 10383.403
[1, 30420] loss: 11209.786
[1,    20] loss: 1018.567
[1,    40] loss: 1452.751
[1,    60] loss: 1980.152
[1,    80] loss: 1583.571
[1,   100] loss: 1914.808
[1,   120] loss: 2011.964
[1,   140] loss: 1813.995
[1,   160] loss: 2275.862
[1,   180] loss: 2371.039
[1,   200] loss: 2352.331
[1,   220] loss: 2385.631
[1,   240] loss: 2268.216
[1,   260] loss: 2141.516
[1,   280] loss: 2019.771
[1,   300] loss: 1906.031
[1,   320] loss: 1789.997
[1,   340] loss: 1688.943
[1,   360] loss: 1606.154
[1,   380] loss: 1550.882
[1,   400] loss: 1494.557
[1,   420] loss: 1466.731
[1,   440] loss: 1591.727
[1,   460] loss: 1664.922
[1,   480] loss: 1683.171
[1,   500] loss: 1669.725
[1,   520] loss: 1677.247
[1,   540] loss: 1788.819
[1,   560] loss: 1957.152
[1,   580] loss: 2204.640
[1,   600] loss: 2567.446
[1,   620] loss: 2892.907
[1,   640] loss: 3009.625
[1,   660] loss: 2943.719
[1,   680] loss: 2875.465
[1,   700] loss: 2794.512
[1,   720] loss: 2717.218
[1,   740] loss: 2644.121
[1,   760] loss: 2575.188
[1,   780] loss: 2511.247
[1,   800] loss: 2449.258
[1,   820] loss: 2390.827
[1,   840] loss: 2334.782
[1,   860] loss: 2280.957
[1,   880] loss: 2230.896
[1,   900] loss: 2185.242
[1,   920] loss: 2143.412
[1,   940] loss: 2109.759
[1,   960] loss: 2075.332
[1,   980] loss: 2035.433
[1,  1000] loss: 1998.968
[1,  1020] loss: 1976.158
[1,  1040] loss: 1950.664
[1,  1060] loss: 1931.840
[1,  1080] loss: 1910.235
[1,  1100] loss: 1909.075
[1,  1120] loss: 1941.253
[1,  1140] loss: 1925.467
[1,  1160] loss: 1893.573
[1,  1180] loss: 1867.117
[1,  1200] loss: 1858.413
[1,  1220] loss: 1861.782
[1,  1240] loss: 1863.476
[1,  1260] loss: 1868.294
[1,  1280] loss: 1888.194
[1,  1300] loss: 1900.102
[1,  1320] loss: 1924.704
[1,  1340] loss: 1978.689
[1,  1360] loss: 2046.913
[1,  1380] loss: 2121.517
[1,  1400] loss: 2219.007
[1,  1420] loss: 2324.597
[1,  1440] loss: 2418.117
[1,  1460] loss: 2495.496
[1,  1480] loss: 2594.411
[1,  1500] loss: 2686.563
[1,  1520] loss: 2794.583
[1,  1540] loss: 2913.147
[1,  1560] loss: 3025.715
[1,  1580] loss: 3127.751
[1,  1600] loss: 3231.095
[1,  1620] loss: 3312.062
[1,  1640] loss: 3386.529
[1,  1660] loss: 3441.256
[1,  1680] loss: 3514.304
[1,  1700] loss: 3557.248
[1,  1720] loss: 3585.314
[1,  1740] loss: 3667.671
[1,  1760] loss: 3735.435
[1,  1780] loss: 3797.562
[1,  1800] loss: 3861.173
[1,  1820] loss: 3953.251
[1,  1840] loss: 4008.986
[1,  1860] loss: 4028.563
[1,  1880] loss: 4051.345
[1,  1900] loss: 4082.646
[1,  1920] loss: 4115.337
[1,  1940] loss: 4147.779
[1,  1960] loss: 4190.356
[1,  1980] loss: 4218.676
[1,  2000] loss: 4276.355
[1,  2020] loss: 4312.289
[1,  2040] loss: 4337.095
[1,  2060] loss: 4361.378
[1,  2080] loss: 4384.711
[1,  2100] loss: 4393.232
[1,  2120] loss: 4390.748
[1,  2140] loss: 4376.525
[1,  2160] loss: 4356.433
[1,  2180] loss: 4335.984
[1,  2200] loss: 4326.597
[1,  2220] loss: 4328.559
[1,  2240] loss: 4333.391
[1,  2260] loss: 4343.125
[1,  2280] loss: 4349.804
[1,  2300] loss: 4349.989
[1,  2320] loss: 4347.775
[1,  2340] loss: 4339.771
[1,  2360] loss: 4331.384
[1,  2380] loss: 4346.545
[1,  2400] loss: 4352.141
[1,  2420] loss: 4341.531
[1,  2440] loss: 4347.175
[1,  2460] loss: 4392.346
[1,  2480] loss: 4429.613
[1,  2500] loss: 4457.550
[1,  2520] loss: 4475.053
[1,  2540] loss: 4489.441
[1,  2560] loss: 4507.595
[1,  2580] loss: 4545.902
[1,  2600] loss: 4596.871
[1,  2620] loss: 4638.729
[1,  2640] loss: 4660.145
[1,  2660] loss: 4668.605
[1,  2680] loss: 4677.304
[1,  2700] loss: 4686.629
[1,  2720] loss: 4701.448
[1,  2740] loss: 4711.703
[1,  2760] loss: 4733.681
[1,  2780] loss: 4758.816
[1,  2800] loss: 4783.805
[1,  2820] loss: 4794.708
[1,  2840] loss: 4782.078
[1,  2860] loss: 4774.529
[1,  2880] loss: 4765.261
[1,  2900] loss: 4754.485
[1,  2920] loss: 4760.364
[1,  2940] loss: 4800.123
[1,  2960] loss: 4822.219
[1,  2980] loss: 4836.726
[1,  3000] loss: 4861.923
[1,  3020] loss: 4861.961
[1,  3040] loss: 4880.592
[1,  3060] loss: 4899.927
[1,  3080] loss: 4921.061
[1,  3100] loss: 4921.342
[1,  3120] loss: 4916.405
[1,  3140] loss: 4920.934
[1,  3160] loss: 4920.557
[1,  3180] loss: 4915.751
[1,  3200] loss: 4897.333
[1,  3220] loss: 4881.711
[1,  3240] loss: 4859.525
[1,  3260] loss: 4835.694
[1,  3280] loss: 4828.610
[1,  3300] loss: 4823.853
[1,  3320] loss: 4812.086
[1,  3340] loss: 4796.381
[1,  3360] loss: 4786.931
