cuda:  2
color_space: RGB
batch_size: 1
num_epcochs: 1
learning_rate: 0.003
[1,    20] loss: 8.244
[1,    40] loss: 1427.271
[1,    60] loss: 31100.769
[1,    80] loss: 141440.090
[1,   100] loss: 42248.529
[1,   120] loss: 15703.946
[1,   140] loss: 1964.100
[1,   160] loss: 920.943
[1,   180] loss: 209.734
[1,   200] loss: 84.730
[1,   220] loss: 13.048
[1,   240] loss: 19.224
[1,   260] loss: 32.027
[1,   280] loss: 15.459
[1,   300] loss: 7.739
[1,   320] loss: 17.863
[1,   340] loss: 10.264
[1,   360] loss: 20.692
[1,   380] loss: 6.800
[1,   400] loss: 8.753
[1,   420] loss: 7.821
[1,   440] loss: 7.849
[1,   460] loss: 4.449
[1,   480] loss: 10.787
[1,   500] loss: 5.727
[1,   520] loss: 2.536
[1,   540] loss: 4.891
[1,   560] loss: 8.364
[1,   580] loss: 4.398
[1,   600] loss: 4.262
[1,   620] loss: 6.175
[1,   640] loss: 6.792
[1,   660] loss: 7.120
[1,   680] loss: 3.259
[1,   700] loss: 2.991
[1,   720] loss: 1.934
[1,   740] loss: 4.939
[1,   760] loss: 2.749
[1,   780] loss: 2.964
[1,   800] loss: 2.260
[1,   820] loss: 2.052
[1,   840] loss: 1.191
[1,   860] loss: 2.943
[1,   880] loss: 2.253
[1,   900] loss: 1.904
[1,   920] loss: 2.891
[1,   940] loss: 1.385
[1,   960] loss: 3.615
[1,   980] loss: 4.043
[1,  1000] loss: 2.064
[1,  1020] loss: 1.986
[1,  1040] loss: 0.906
[1,  1060] loss: 1.605
[1,  1080] loss: 1.436
[1,  1100] loss: 1.305
[1,  1120] loss: 2.671
[1,  1140] loss: 1.173
[1,  1160] loss: 1.415
[1,  1180] loss: 0.776
[1,  1200] loss: 1.289
[1,  1220] loss: 0.944
[1,  1240] loss: 1.587
[1,  1260] loss: 1.007
[1,  1280] loss: 0.957
[1,  1300] loss: 0.951
[1,  1320] loss: 1.813
[1,  1340] loss: 0.906
[1,  1360] loss: 0.693
[1,  1380] loss: 0.996
[1,  1400] loss: 0.619
[1,  1420] loss: 0.645
[1,  1440] loss: 0.538
[1,  1460] loss: 0.575
[1,  1480] loss: 0.820
[1,  1500] loss: 1.048
[1,  1520] loss: 0.548
[1,  1540] loss: 0.479
[1,  1560] loss: 1.127
[1,  1580] loss: 0.638
[1,  1600] loss: 1.007
[1,  1620] loss: 0.620
[1,  1640] loss: 0.625
[1,  1660] loss: 0.311
[1,  1680] loss: 0.398
[1,  1700] loss: 0.490
[1,  1720] loss: 0.412
[1,  1740] loss: 0.652
[1,  1760] loss: 0.363
[1,  1780] loss: 0.308
[1,  1800] loss: 0.794
[1,  1820] loss: 0.478
[1,  1840] loss: 0.409
[1,  1860] loss: 0.495
[1,  1880] loss: 0.569
[1,  1900] loss: 0.318
[1,  1920] loss: 0.245
[1,  1940] loss: 0.187
[1,  1960] loss: 0.518
[1,  1980] loss: 0.321
[1,  2000] loss: 0.311
[1,  2020] loss: 0.453
[1,  2040] loss: 0.371
[1,  2060] loss: 0.600
[1,  2080] loss: 0.426
[1,  2100] loss: 0.256
[1,  2120] loss: 0.160
[1,  2140] loss: 0.254
[1,  2160] loss: 0.230
[1,  2180] loss: 0.335
[1,  2200] loss: 0.199
[1,  2220] loss: 0.266
[1,  2240] loss: 0.141
[1,  2260] loss: 0.229
[1,  2280] loss: 0.168
[1,  2300] loss: 0.316
[1,  2320] loss: 0.168
[1,  2340] loss: 0.283
[1,  2360] loss: 0.318
[1,  2380] loss: 0.125
[1,  2400] loss: 0.132
[1,  2420] loss: 0.086
[1,  2440] loss: 0.243
[1,  2460] loss: 0.095
[1,  2480] loss: 0.209
[1,  2500] loss: 0.166
[1,  2520] loss: 0.217
[1,  2540] loss: 0.085
[1,  2560] loss: 0.153
[1,  2580] loss: 0.109
[1,  2600] loss: 0.114
[1,  2620] loss: 0.194
[1,  2640] loss: 0.178
[1,  2660] loss: 0.321
[1,  2680] loss: 0.162
[1,  2700] loss: 0.167
[1,  2720] loss: 0.144
[1,  2740] loss: 0.084
[1,  2760] loss: 0.136
[1,  2780] loss: 0.252
[1,  2800] loss: 0.209
[1,  2820] loss: 0.173
[1,  2840] loss: 0.104
[1,  2860] loss: 0.258
[1,  2880] loss: 0.248
[1,  2900] loss: 0.097
[1,  2920] loss: 0.111
[1,  2940] loss: 0.158
[1,  2960] loss: 0.154
[1,  2980] loss: 0.125
[1,  3000] loss: 0.222
[1,  3020] loss: 0.101
[1,  3040] loss: 0.070
[1,  3060] loss: 0.191
[1,  3080] loss: 0.109
[1,  3100] loss: 0.280
[1,  3120] loss: 0.070
[1,  3140] loss: 0.177
[1,  3160] loss: 0.041
[1,  3180] loss: 0.070
[1,  3200] loss: 0.106
[1,  3220] loss: 0.086
[1,  3240] loss: 0.165
[1,  3260] loss: 0.174
[1,  3280] loss: 0.119
[1,  3300] loss: 0.071
[1,  3320] loss: 0.125
[1,  3340] loss: 0.036
[1,  3360] loss: 0.065
[1,  3380] loss: 0.053
[1,  3400] loss: 0.151
[1,  3420] loss: 0.093
[1,  3440] loss: 0.091
[1,  3460] loss: 0.148
[1,  3480] loss: 0.216
[1,  3500] loss: 0.283
[1,  3520] loss: 0.133
[1,  3540] loss: 0.093
[1,  3560] loss: 0.068
[1,  3580] loss: 0.112
[1,  3600] loss: 0.096
[1,  3620] loss: 0.045
[1,  3640] loss: 0.053
[1,  3660] loss: 0.030
[1,  3680] loss: 0.031
[1,  3700] loss: 0.026
[1,  3720] loss: 0.193
[1,  3740] loss: 0.055
[1,  3760] loss: 0.077
[1,  3780] loss: 0.029
[1,  3800] loss: 0.058
[1,  3820] loss: 0.041
[1,  3840] loss: 0.170
[1,  3860] loss: 0.063
[1,  3880] loss: 0.033
[1,  3900] loss: 0.264
[1,  3920] loss: 0.231
[1,  3940] loss: 0.087
[1,  3960] loss: 0.104
[1,  3980] loss: 0.051
[1,  4000] loss: 0.185
[1,  4020] loss: 0.085
[1,  4040] loss: 0.092
[1,  4060] loss: 0.056
[1,  4080] loss: 0.036
[1,  4100] loss: 0.064
[1,  4120] loss: 0.269
[1,  4140] loss: 0.066
[1,  4160] loss: 0.079
[1,  4180] loss: 0.195
[1,  4200] loss: 0.120
[1,  4220] loss: 0.032
[1,  4240] loss: 0.095
[1,  4260] loss: 0.085
[1,  4280] loss: 0.089
[1,  4300] loss: 0.027
[1,  4320] loss: 0.027
[1,  4340] loss: 0.162
[1,  4360] loss: 0.218
[1,  4380] loss: 0.100
[1,  4400] loss: 0.043
[1,  4420] loss: 0.120
[1,  4440] loss: 0.081
[1,  4460] loss: 0.044
[1,  4480] loss: 0.033
[1,  4500] loss: 0.112
[1,  4520] loss: 0.051
[1,  4540] loss: 0.050
[1,  4560] loss: 0.053
[1,  4580] loss: 0.097
[1,  4600] loss: 0.142
[1,  4620] loss: 0.083
[1,  4640] loss: 0.065
[1,  4660] loss: 0.109
[1,  4680] loss: 0.145
[1,  4700] loss: 0.072
[1,  4720] loss: 0.060
[1,  4740] loss: 0.098
[1,  4760] loss: 0.055
[1,  4780] loss: 0.057
[1,  4800] loss: 0.035
[1,  4820] loss: 0.147
[1,  4840] loss: 0.143
[1,  4860] loss: 0.035
[1,  4880] loss: 0.121
[1,  4900] loss: 0.051
[1,  4920] loss: 0.052
[1,  4940] loss: 0.034
[1,  4960] loss: 0.031
[1,  4980] loss: 0.138
[1,  5000] loss: 0.083
[1,  5020] loss: 0.162
[1,  5040] loss: 0.090
[1,  5060] loss: 0.301
[1,  5080] loss: 0.135
[1,  5100] loss: 0.057
[1,  5120] loss: 0.094
[1,  5140] loss: 0.078
[1,  5160] loss: 0.057
[1,  5180] loss: 0.180
[1,  5200] loss: 0.120
[1,  5220] loss: 0.053
[1,  5240] loss: 0.034
[1,  5260] loss: 0.064
[1,  5280] loss: 0.018
[1,  5300] loss: 0.065
[1,  5320] loss: 0.119
[1,  5340] loss: 0.115
[1,  5360] loss: 0.043
[1,  5380] loss: 0.097
[1,  5400] loss: 0.078
[1,  5420] loss: 0.142
[1,  5440] loss: 0.105
[1,  5460] loss: 0.098
[1,  5480] loss: 0.087
[1,  5500] loss: 0.033
[1,  5520] loss: 0.082
[1,  5540] loss: 0.145
[1,  5560] loss: 0.098
[1,  5580] loss: 0.090
[1,  5600] loss: 0.207
[1,  5620] loss: 0.076
[1,  5640] loss: 0.195
[1,  5660] loss: 0.077
[1,  5680] loss: 0.103
[1,  5700] loss: 0.054
[1,  5720] loss: 0.056
[1,  5740] loss: 0.160
[1,  5760] loss: 0.232
[1,  5780] loss: 0.317
[1,  5800] loss: 0.224
[1,  5820] loss: 0.091
[1,  5840] loss: 0.039
[1,  5860] loss: 0.053
[1,  5880] loss: 0.049
[1,  5900] loss: 0.163
[1,  5920] loss: 0.125
[1,  5940] loss: 0.092
[1,  5960] loss: 0.089
[1,  5980] loss: 0.057
[1,  6000] loss: 0.109
[1,  6020] loss: 0.019
[1,  6040] loss: 0.074
[1,  6060] loss: 0.092
[1,  6080] loss: 0.222
[1,  6100] loss: 0.110
[1,  6120] loss: 0.048
[1,  6140] loss: 0.029
[1,  6160] loss: 0.084
[1,  6180] loss: 0.042
[1,  6200] loss: 0.076
[1,  6220] loss: 0.137
[1,  6240] loss: 0.140
[1,  6260] loss: 0.076
[1,  6280] loss: 0.047
[1,  6300] loss: 0.025
[1,  6320] loss: 0.037
[1,  6340] loss: 0.092
[1,  6360] loss: 0.128
[1,  6380] loss: 0.036
[1,  6400] loss: 0.075
[1,  6420] loss: 0.098
[1,  6440] loss: 0.046
[1,  6460] loss: 0.084
[1,  6480] loss: 0.162
[1,  6500] loss: 0.080
[1,  6520] loss: 0.075
[1,  6540] loss: 0.082
[1,  6560] loss: 0.043
[1,  6580] loss: 0.212
[1,  6600] loss: 0.135
[1,  6620] loss: 0.093
[1,  6640] loss: 0.060
[1,  6660] loss: 0.045
[1,  6680] loss: 0.058
[1,  6700] loss: 0.085
[1,  6720] loss: 0.102
[1,  6740] loss: 0.069
[1,  6760] loss: 0.101
[1,  6780] loss: 0.160
[1,  6800] loss: 0.241
[1,  6820] loss: 0.055
[1,  6840] loss: 0.241
[1,  6860] loss: 0.210
[1,  6880] loss: 0.104
[1,  6900] loss: 0.123
[1,  6920] loss: 0.102
[1,  6940] loss: 0.356
[1,  6960] loss: 0.201
[1,  6980] loss: 0.049
[1,  7000] loss: 0.073
[1,  7020] loss: 0.064
[1,  7040] loss: 0.060
[1,  7060] loss: 0.052
[1,  7080] loss: 0.076
[1,  7100] loss: 0.049
[1,  7120] loss: 0.082
[1,  7140] loss: 0.050
[1,  7160] loss: 0.072
[1,  7180] loss: 0.460
[1,  7200] loss: 0.285
[1,  7220] loss: 0.133
[1,  7240] loss: 0.062
[1,  7260] loss: 0.100
[1,  7280] loss: 0.278
[1,  7300] loss: 0.105
[1,  7320] loss: 0.212
[1,  7340] loss: 0.083
[1,  7360] loss: 0.086
[1,  7380] loss: 0.086
[1,  7400] loss: 0.112
[1,  7420] loss: 0.064
[1,  7440] loss: 0.098
[1,  7460] loss: 0.026
[1,  7480] loss: 0.225
[1,  7500] loss: 0.147
[1,  7520] loss: 0.054
[1,  7540] loss: 0.175
[1,  7560] loss: 0.102
[1,  7580] loss: 0.110
[1,  7600] loss: 0.135
[1,  7620] loss: 0.204
[1,  7640] loss: 0.209
[1,  7660] loss: 0.198
[1,  7680] loss: 0.102
[1,  7700] loss: 0.374
[1,  7720] loss: 0.224
[1,  7740] loss: 0.188
[1,  7760] loss: 0.242
[1,  7780] loss: 0.124
[1,  7800] loss: 0.076
[1,  7820] loss: 0.058
[1,  7840] loss: 0.060
[1,  7860] loss: 0.076
[1,  7880] loss: 0.027
[1,  7900] loss: 0.130
[1,  7920] loss: 0.132
[1,  7940] loss: 0.134
[1,  7960] loss: 0.037
[1,  7980] loss: 0.161
[1,  8000] loss: 0.115
[1,  8020] loss: 0.069
[1,  8040] loss: 0.084
[1,  8060] loss: 0.133
[1,  8080] loss: 0.070
[1,  8100] loss: 0.056
[1,  8120] loss: 0.126
[1,  8140] loss: 0.081
[1,  8160] loss: 0.112
[1,  8180] loss: 0.107
[1,  8200] loss: 0.059
[1,  8220] loss: 0.176
[1,  8240] loss: 0.181
[1,  8260] loss: 0.074
[1,  8280] loss: 0.060
[1,  8300] loss: 0.216
[1,  8320] loss: 0.346
[1,  8340] loss: 0.061
[1,  8360] loss: 0.047
[1,  8380] loss: 0.076
[1,  8400] loss: 0.166
[1,  8420] loss: 0.134
[1,  8440] loss: 0.041
[1,  8460] loss: 0.166
[1,  8480] loss: 0.047
[1,  8500] loss: 0.068
[1,  8520] loss: 0.032
[1,  8540] loss: 0.082
[1,  8560] loss: 0.125
[1,  8580] loss: 0.064
[1,  8600] loss: 0.029
[1,  8620] loss: 0.083
[1,  8640] loss: 0.052
[1,  8660] loss: 0.065
[1,  8680] loss: 0.041
[1,  8700] loss: 0.198
[1,  8720] loss: 0.105
[1,  8740] loss: 0.105
[1,  8760] loss: 0.263
[1,  8780] loss: 0.135
[1,  8800] loss: 0.239
[1,  8820] loss: 0.145
[1,  8840] loss: 0.263
[1,  8860] loss: 0.113
[1,  8880] loss: 0.279
[1,  8900] loss: 0.115
[1,  8920] loss: 0.061
[1,  8940] loss: 0.061
[1,  8960] loss: 0.055
[1,  8980] loss: 0.344
[1,  9000] loss: 0.171
[1,  9020] loss: 0.098
[1,  9040] loss: 0.066
[1,  9060] loss: 0.076
[1,  9080] loss: 0.084
[1,  9100] loss: 0.077
[1,  9120] loss: 0.058
[1,  9140] loss: 0.048
[1,  9160] loss: 0.049
[1,  9180] loss: 0.018
[1,  9200] loss: 0.106
[1,  9220] loss: 0.061
[1,  9240] loss: 0.092
[1,  9260] loss: 0.207
[1,  9280] loss: 0.056
[1,  9300] loss: 0.030
[1,  9320] loss: 0.074
[1,  9340] loss: 0.062
[1,  9360] loss: 0.159
[1,  9380] loss: 0.127
[1,  9400] loss: 0.169
[1,  9420] loss: 0.040
[1,  9440] loss: 0.043
[1,  9460] loss: 0.088
[1,  9480] loss: 0.047
[1,  9500] loss: 0.023
[1,  9520] loss: 0.115
[1,  9540] loss: 0.154
[1,  9560] loss: 0.086
[1,  9580] loss: 0.212
[1,  9600] loss: 0.056
[1,  9620] loss: 0.051
[1,  9640] loss: 0.056
[1,  9660] loss: 0.163
[1,  9680] loss: 0.119
[1,  9700] loss: 0.035
[1,  9720] loss: 0.071
[1,  9740] loss: 0.165
[1,  9760] loss: 0.070
[1,  9780] loss: 0.122
[1,  9800] loss: 0.044
[1,  9820] loss: 0.040
[1,  9840] loss: 0.025
[1,  9860] loss: 0.033
[1,  9880] loss: 0.158
[1,  9900] loss: 0.122
[1,  9920] loss: 0.038
[1,  9940] loss: 0.049
[1,  9960] loss: 0.029
[1,  9980] loss: 0.120
[1, 10000] loss: 0.029
[1, 10020] loss: 0.047
[1, 10040] loss: 0.052
[1, 10060] loss: 0.051
[1, 10080] loss: 0.041
[1, 10100] loss: 0.029
[1, 10120] loss: 0.104
[1, 10140] loss: 0.120
[1, 10160] loss: 0.197
[1, 10180] loss: 0.078
[1, 10200] loss: 0.056
[1, 10220] loss: 0.066
[1, 10240] loss: 0.089
[1, 10260] loss: 0.076
[1, 10280] loss: 0.074
[1, 10300] loss: 0.100
[1, 10320] loss: 0.092
[1, 10340] loss: 0.033
[1, 10360] loss: 0.073
[1, 10380] loss: 0.091
[1, 10400] loss: 0.142
[1, 10420] loss: 0.100
[1, 10440] loss: 0.026
[1, 10460] loss: 0.067
[1, 10480] loss: 0.025
[1, 10500] loss: 0.059
[1, 10520] loss: 0.041
[1, 10540] loss: 0.068
[1, 10560] loss: 0.056
[1, 10580] loss: 0.063
[1, 10600] loss: 0.092
[1, 10620] loss: 0.185
[1, 10640] loss: 0.094
[1, 10660] loss: 0.023
[1, 10680] loss: 0.101
[1, 10700] loss: 0.166
[1, 10720] loss: 0.086
[1, 10740] loss: 0.238
[1, 10760] loss: 0.064
[1, 10780] loss: 0.043
[1, 10800] loss: 0.068
[1, 10820] loss: 0.117
[1, 10840] loss: 0.130
[1, 10860] loss: 0.062
[1, 10880] loss: 0.073
[1, 10900] loss: 0.036
[1, 10920] loss: 0.016
[1, 10940] loss: 0.200
[1, 10960] loss: 0.069
[1, 10980] loss: 0.055
[1, 11000] loss: 0.059
[1, 11020] loss: 0.041
[1, 11040] loss: 0.184
[1, 11060] loss: 0.096
[1, 11080] loss: 0.046
[1, 11100] loss: 0.136
[1, 11120] loss: 0.206
[1, 11140] loss: 0.246
[1, 11160] loss: 0.139
[1, 11180] loss: 0.055
[1, 11200] loss: 0.075
[1, 11220] loss: 0.278
[1, 11240] loss: 0.127
[1, 11260] loss: 0.130
[1, 11280] loss: 0.113
[1, 11300] loss: 0.100
[1, 11320] loss: 0.033
[1, 11340] loss: 0.051
[1, 11360] loss: 0.059
[1, 11380] loss: 0.103
[1, 11400] loss: 0.097
[1, 11420] loss: 0.044
[1, 11440] loss: 0.041
[1, 11460] loss: 0.028
[1, 11480] loss: 0.073
[1, 11500] loss: 0.038
[1, 11520] loss: 0.056
[1, 11540] loss: 0.038
[1, 11560] loss: 0.155
[1, 11580] loss: 0.056
[1, 11600] loss: 0.083
[1, 11620] loss: 0.102
[1, 11640] loss: 0.082
[1, 11660] loss: 0.195
[1, 11680] loss: 0.052
[1, 11700] loss: 0.018
[1, 11720] loss: 0.063
[1, 11740] loss: 0.103
[1, 11760] loss: 0.092
[1, 11780] loss: 0.040
[1, 11800] loss: 0.101
[1, 11820] loss: 0.031
[1, 11840] loss: 0.155
[1, 11860] loss: 0.085
[1, 11880] loss: 0.138
[1, 11900] loss: 0.098
[1, 11920] loss: 0.131
[1, 11940] loss: 0.057
[1, 11960] loss: 0.044
[1, 11980] loss: 0.034
[1, 12000] loss: 0.086
[1, 12020] loss: 0.039
[1, 12040] loss: 0.026
[1, 12060] loss: 0.150
[1, 12080] loss: 0.097
[1, 12100] loss: 0.082
[1, 12120] loss: 0.029
[1, 12140] loss: 0.067
[1, 12160] loss: 0.046
[1, 12180] loss: 0.038
[1, 12200] loss: 0.072
[1, 12220] loss: 0.091
[1, 12240] loss: 0.084
[1, 12260] loss: 0.155
[1, 12280] loss: 0.032
[1, 12300] loss: 0.146
[1, 12320] loss: 0.081
[1, 12340] loss: 0.369
[1, 12360] loss: 0.200
[1, 12380] loss: 0.157
[1, 12400] loss: 0.269
[1, 12420] loss: 0.514
[1, 12440] loss: 0.164
[1, 12460] loss: 0.125
[1, 12480] loss: 0.354
[1, 12500] loss: 0.244
[1, 12520] loss: 0.074
[1, 12540] loss: 0.051
[1, 12560] loss: 0.049
[1, 12580] loss: 0.188
[1, 12600] loss: 0.317
[1, 12620] loss: 0.261
[1, 12640] loss: 0.096
[1, 12660] loss: 0.061
[1, 12680] loss: 0.156
[1, 12700] loss: 0.032
[1, 12720] loss: 0.034
[1, 12740] loss: 0.060
[1, 12760] loss: 0.095
[1, 12780] loss: 0.128
[1, 12800] loss: 0.041
[1, 12820] loss: 0.027
[1, 12840] loss: 0.045
[1, 12860] loss: 0.037
[1, 12880] loss: 0.233
[1, 12900] loss: 0.060
[1, 12920] loss: 0.210
[1, 12940] loss: 0.043
[1, 12960] loss: 0.086
[1, 12980] loss: 0.098
[1, 13000] loss: 0.152
[1, 13020] loss: 0.074
[1, 13040] loss: 0.239
[1, 13060] loss: 0.037
[1, 13080] loss: 0.031
[1, 13100] loss: 0.100
[1, 13120] loss: 0.041
[1, 13140] loss: 0.076
[1, 13160] loss: 0.146
[1, 13180] loss: 0.077
[1, 13200] loss: 0.053
[1, 13220] loss: 0.024
[1, 13240] loss: 0.044
[1, 13260] loss: 0.104
[1, 13280] loss: 0.054
[1, 13300] loss: 0.028
[1, 13320] loss: 0.059
[1, 13340] loss: 0.053
[1, 13360] loss: 0.037
[1, 13380] loss: 0.130
[1, 13400] loss: 0.021
[1, 13420] loss: 0.163
[1, 13440] loss: 0.075
[1, 13460] loss: 0.134
[1, 13480] loss: 0.035
[1, 13500] loss: 0.128
[1, 13520] loss: 0.025
[1, 13540] loss: 0.107
[1, 13560] loss: 0.019
[1, 13580] loss: 0.053
[1, 13600] loss: 0.027
[1, 13620] loss: 0.062
[1, 13640] loss: 0.015
[1, 13660] loss: 0.067
[1, 13680] loss: 0.127
[1, 13700] loss: 0.109
[1, 13720] loss: 0.052
[1, 13740] loss: 0.064
[1, 13760] loss: 0.114
[1, 13780] loss: 0.013
[1, 13800] loss: 0.028
[1, 13820] loss: 0.049
[1, 13840] loss: 0.107
[1, 13860] loss: 0.041
[1, 13880] loss: 0.167
[1, 13900] loss: 0.303
[1, 13920] loss: 0.337
[1, 13940] loss: 0.067
[1, 13960] loss: 0.069
[1, 13980] loss: 0.227
[1, 14000] loss: 0.061
[1, 14020] loss: 0.073
[1, 14040] loss: 0.077
[1, 14060] loss: 0.012
[1, 14080] loss: 0.095
[1, 14100] loss: 0.035
[1, 14120] loss: 0.080
[1, 14140] loss: 0.031
[1, 14160] loss: 0.043
[1, 14180] loss: 0.015
[1, 14200] loss: 0.051
[1, 14220] loss: 0.139
[1, 14240] loss: 0.080
[1, 14260] loss: 0.205
[1, 14280] loss: 0.042
[1, 14300] loss: 0.055
[1, 14320] loss: 0.038
[1, 14340] loss: 0.223
[1, 14360] loss: 0.043
[1, 14380] loss: 0.046
[1, 14400] loss: 0.161
[1, 14420] loss: 0.070
[1, 14440] loss: 0.026
[1, 14460] loss: 0.029
[1, 14480] loss: 0.034
[1, 14500] loss: 0.151
[1, 14520] loss: 0.044
[1, 14540] loss: 0.045
[1, 14560] loss: 0.216
[1, 14580] loss: 0.071
[1, 14600] loss: 0.074
[1, 14620] loss: 0.097
[1, 14640] loss: 0.034
[1, 14660] loss: 0.075
[1, 14680] loss: 0.133
[1, 14700] loss: 0.065
[1, 14720] loss: 0.067
[1, 14740] loss: 0.080
[1, 14760] loss: 0.099
[1, 14780] loss: 0.176
[1, 14800] loss: 0.034
[1, 14820] loss: 0.033
[1, 14840] loss: 0.031
[1, 14860] loss: 0.036
[1, 14880] loss: 0.108
[1, 14900] loss: 0.094
[1, 14920] loss: 0.091
[1, 14940] loss: 0.058
[1, 14960] loss: 0.042
[1, 14980] loss: 0.031
[1, 15000] loss: 0.146
[1, 15020] loss: 0.132
[1, 15040] loss: 0.141
[1, 15060] loss: 0.179
[1, 15080] loss: 0.071
[1, 15100] loss: 0.052
[1, 15120] loss: 0.112
[1, 15140] loss: 0.194
[1, 15160] loss: 0.044
[1, 15180] loss: 0.110
[1, 15200] loss: 0.028
[1, 15220] loss: 0.134
[1, 15240] loss: 0.052
[1, 15260] loss: 0.081
[1, 15280] loss: 0.023
[1, 15300] loss: 0.096
[1, 15320] loss: 0.044
[1, 15340] loss: 0.063
[1, 15360] loss: 0.045
[1, 15380] loss: 0.057
[1, 15400] loss: 0.034
[1, 15420] loss: 0.056
[1, 15440] loss: 0.138
[1, 15460] loss: 0.032
[1, 15480] loss: 0.031
[1, 15500] loss: 0.024
[1, 15520] loss: 0.179
[1, 15540] loss: 0.168
[1, 15560] loss: 0.256
[1, 15580] loss: 0.332
[1, 15600] loss: 0.193
[1, 15620] loss: 0.192
[1, 15640] loss: 0.070
[1, 15660] loss: 0.085
[1, 15680] loss: 0.056
[1, 15700] loss: 0.051
[1, 15720] loss: 0.119
[1, 15740] loss: 0.087
[1, 15760] loss: 0.018
[1, 15780] loss: 0.230
[1, 15800] loss: 0.094
[1, 15820] loss: 0.063
[1, 15840] loss: 0.081
[1, 15860] loss: 0.024
[1, 15880] loss: 0.099
[1, 15900] loss: 0.067
[1, 15920] loss: 0.090
[1, 15940] loss: 0.090
[1, 15960] loss: 0.025
[1, 15980] loss: 0.111
[1, 16000] loss: 0.105
[1, 16020] loss: 0.026
[1, 16040] loss: 0.066
[1, 16060] loss: 0.161
[1, 16080] loss: 0.049
[1, 16100] loss: 0.050
[1, 16120] loss: 0.071
[1, 16140] loss: 0.051
[1, 16160] loss: 0.020
[1, 16180] loss: 0.082
[1, 16200] loss: 0.028
[1, 16220] loss: 0.022
[1, 16240] loss: 0.089
[1, 16260] loss: 0.055
[1, 16280] loss: 0.046
[1, 16300] loss: 0.222
[1, 16320] loss: 0.091
[1, 16340] loss: 0.106
[1, 16360] loss: 0.044
[1, 16380] loss: 0.013
[1, 16400] loss: 0.071
[1, 16420] loss: 0.053
[1, 16440] loss: 0.092
[1, 16460] loss: 0.037
[1, 16480] loss: 0.045
[1, 16500] loss: 0.070
[1, 16520] loss: 0.233
[1, 16540] loss: 0.116
[1, 16560] loss: 0.115
[1, 16580] loss: 0.096
[1, 16600] loss: 0.165
[1, 16620] loss: 0.265
[1, 16640] loss: 0.081
[1, 16660] loss: 0.060
[1, 16680] loss: 0.074
[1, 16700] loss: 0.067
[1, 16720] loss: 0.034
[1, 16740] loss: 0.090
[1, 16760] loss: 0.043
[1, 16780] loss: 0.017
[1, 16800] loss: 0.108
[1, 16820] loss: 0.079
[1, 16840] loss: 0.043
[1, 16860] loss: 0.014
[1, 16880] loss: 0.045
[1, 16900] loss: 0.077
[1, 16920] loss: 0.120
[1, 16940] loss: 0.029
[1, 16960] loss: 0.069
[1, 16980] loss: 0.031
[1, 17000] loss: 0.081
[1, 17020] loss: 0.076
[1, 17040] loss: 0.064
[1, 17060] loss: 0.261
[1, 17080] loss: 0.109
[1, 17100] loss: 0.117
[1, 17120] loss: 0.123
[1, 17140] loss: 0.825
[1, 17160] loss: 20222818458.928
[1, 17180] loss: 6902283643520.000
[1, 17200] loss: 2198947745844531.250
[1, 17220] loss: 9051812704341196.000
[1, 17240] loss: 988951752566374.375
[1, 17260] loss: 483455606238720.000
[1, 17280] loss: 33274009706496.000
[1, 17300] loss: 284629311518.400
[1, 17320] loss: 381430138784.000
[1, 17340] loss: 241333263987.200
[1, 17360] loss: 323798136089.600
[1, 17380] loss: 280410396934.400
[1, 17400] loss: 277628380505.600
[1, 17420] loss: 287912825081.600
[1, 17440] loss: 276287837911.650
[1, 17460] loss: 100888909753.600
[1, 17480] loss: 127268442153.200
[1, 17500] loss: 145553805404.800
[1, 17520] loss: 168275252645.600
[1, 17540] loss: 175590940812.000
[1, 17560] loss: 74851234279.300
[1, 17580] loss: 152101343321.600
[1, 17600] loss: 84393813816.800
[1, 17620] loss: 163072937208.000
[1, 17640] loss: 172581324386.400
[1, 17660] loss: 156224267377.600
[1, 17680] loss: 80487020054.400
[1, 17700] loss: 99095272018.400
[1, 17720] loss: 132609921556.000
[1, 17740] loss: 108803640593.600
[1, 17760] loss: 167990896803.200
[1, 17780] loss: 100623394781.600
[1, 17800] loss: 106992328815.200
[1, 17820] loss: 97002607876.000
[1, 17840] loss: 124601181746.691
[1, 17860] loss: 120366580814.800
[1, 17880] loss: 75588879871.200
[1, 17900] loss: 121475299500.800
[1, 17920] loss: 60173643672.000
[1, 17940] loss: 79496730848.000
[1, 17960] loss: 113782627392.000
[1, 17980] loss: 74373613398.400
[1, 18000] loss: 108545137240.000
[1, 18020] loss: 94068941601.600
[1, 18040] loss: 88303345873.600
[1, 18060] loss: 88586805178.000
[1, 18080] loss: 51662718540.800
[1, 18100] loss: 100972909126.400
[1, 18120] loss: 35828171633.600
[1, 18140] loss: 61790875923.200
[1, 18160] loss: 40265387860.300
[1, 18180] loss: 39251117592.000
[1, 18200] loss: 84318017353.800
[1, 18220] loss: 33179675114.800
[1, 18240] loss: 52383176009.600
[1, 18260] loss: 48205233155.200
[1, 18280] loss: 59157459325.600
[1, 18300] loss: 31931418352.000
[1, 18320] loss: 51358807111.314
[1, 18340] loss: 51186879435.200
[1, 18360] loss: 40915121801.500
[1, 18380] loss: 45848975575.700
[1, 18400] loss: 39488504270.400
[1, 18420] loss: 33639433757.600
[1, 18440] loss: 33672156348.000
[1, 18460] loss: 40248297304.800
[1, 18480] loss: 52659117331.200
[1, 18500] loss: 45491051073.600
[1, 18520] loss: 26710174838.400
[1, 18540] loss: 44092896901.300
[1, 18560] loss: 34224444623.400
[1, 18580] loss: 28224943537.987
[1, 18600] loss: 34494868096.200
[1, 18620] loss: 48643230201.600
[1, 18640] loss: 35095031840.000
[1, 18660] loss: 60231529325.000
[1, 18680] loss: 36103651489.800
[1, 18700] loss: 43680297718.100
[1, 18720] loss: 39750173592.000
[1, 18740] loss: 37091162466.863
[1, 18760] loss: 28329960605.600
[1, 18780] loss: 29600970801.700
[1, 18800] loss: 31655005553.200
[1, 18820] loss: 28468074414.400
[1, 18840] loss: 36228426170.400
[1, 18860] loss: 32604514832.150
[1, 18880] loss: 35453893509.500
[1, 18900] loss: 32069715834.200
[1, 18920] loss: 27952806996.316
[1, 18940] loss: 11219227210.700
[1, 18960] loss: 25145786860.000
[1, 18980] loss: 49758477911.800
[1, 19000] loss: 24887212294.400
[1, 19020] loss: 16727137073.900
[1, 19040] loss: 25270949313.000
[1, 19060] loss: 22103485947.675
[1, 19080] loss: 33259772914.600
[1, 19100] loss: 24465373465.600
[1, 19120] loss: 35031820438.400
[1, 19140] loss: 27681985796.800
[1, 19160] loss: 23454159300.800
[1, 19180] loss: 41983906211.800
[1, 19200] loss: 21397496171.600
[1, 19220] loss: 29592575528.800
[1, 19240] loss: 19959447192.916
[1, 19260] loss: 13380465412.000
[1, 19280] loss: 32832336376.000
[1, 19300] loss: 22219079277.850
[1, 19320] loss: 28917100405.525
[1, 19340] loss: 14831353733.800
[1, 19360] loss: 11514230490.400
[1, 19380] loss: 19810393774.400
[1, 19400] loss: 25444708827.200
[1, 19420] loss: 16002666181.600
[1, 19440] loss: 29516402421.213
[1, 19460] loss: 18632615094.400
[1, 19480] loss: 20927316940.400
[1, 19500] loss: 25766298608.000
[1, 19520] loss: 43261359366.400
[1, 19540] loss: 19294921952.700
[1, 19560] loss: 19474627966.600
[1, 19580] loss: 24192844580.000
[1, 19600] loss: 18630812904.800
[1, 19620] loss: 19719602978.800
[1, 19640] loss: 23675748691.200
[1, 19660] loss: 15018998480.100
[1, 19680] loss: 21150047790.400
[1, 19700] loss: 16037079097.600
[1, 19720] loss: 17998993077.200
[1, 19740] loss: 11954859085.300
[1, 19760] loss: 18124645689.600
[1, 19780] loss: 9850364394.200
[1, 19800] loss: 16631427535.341
[1, 19820] loss: 19379370462.469
[1, 19840] loss: 13462827353.700
[1, 19860] loss: 9206239218.500
[1, 19880] loss: 10367499331.850
[1, 19900] loss: 9445199182.000
[1, 19920] loss: 13482582873.934
[1, 19940] loss: 9026166039.551
[1, 19960] loss: 15928017337.200
[1, 19980] loss: 16068960811.200
[1, 20000] loss: 12469866270.800
[1, 20020] loss: 10972360347.900
[1, 20040] loss: 12792853652.000
[1, 20060] loss: 14144333384.450
[1, 20080] loss: 11020264849.400
[1, 20100] loss: 10924136834.800
[1, 20120] loss: 16774334722.100
[1, 20140] loss: 20198534457.100
[1, 20160] loss: 15246051691.200
[1, 20180] loss: 14440778054.400
[1, 20200] loss: 10457025384.600
[1, 20220] loss: 9615249337.600
[1, 20240] loss: 17934917657.600
[1, 20260] loss: 8174584748.400
[1, 20280] loss: 6899546509.700
[1, 20300] loss: 7090597895.640
[1, 20320] loss: 11540451582.500
[1, 20340] loss: 14611388280.800
[1, 20360] loss: 9459696713.225
[1, 20380] loss: 9416070221.200
[1, 20400] loss: 10865195525.000
[1, 20420] loss: 7678292623.600
[1, 20440] loss: 7551689624.800
[1, 20460] loss: 8836272542.000
[1, 20480] loss: 8946103157.000
[1, 20500] loss: 6747144518.250
[1, 20520] loss: 6487083173.200
[1, 20540] loss: 9839477614.600
[1, 20560] loss: 10094028066.200
[1, 20580] loss: 10926616891.400
[1, 20600] loss: 8703942774.475
[1, 20620] loss: 7268451220.200
[1, 20640] loss: 12388712560.085
[1, 20660] loss: 12894562294.400
[1, 20680] loss: 7257264190.800
[1, 20700] loss: 10429732990.000
[1, 20720] loss: 6527668424.000
[1, 20740] loss: 11333126725.200
[1, 20760] loss: 11666257740.000
[1, 20780] loss: 11187269300.200
[1, 20800] loss: 5059957329.900
[1, 20820] loss: 5132888144.000
[1, 20840] loss: 6978271228.850
[1, 20860] loss: 5228524087.000
[1, 20880] loss: 5942290519.200
[1, 20900] loss: 9332503821.419
[1, 20920] loss: 11622161755.000
[1, 20940] loss: 7875724588.800
[1, 20960] loss: 10629166352.202
[1, 20980] loss: 5153190684.904
[1, 21000] loss: 12342818268.500
[1, 21020] loss: 4943078598.209
[1, 21040] loss: 6815735122.400
[1, 21060] loss: 10467098711.481
[1, 21080] loss: 5676682968.350
[1, 21100] loss: 3164661781.531
[1, 21120] loss: 3709862627.600
[1, 21140] loss: 4562036318.700
[1, 21160] loss: 5640264748.022
[1, 21180] loss: 8829853476.800
[1, 21200] loss: 6511206132.906
[1, 21220] loss: 3698600949.200
[1, 21240] loss: 6458583160.150
[1, 21260] loss: 4335083606.800
[1, 21280] loss: 4716846964.800
[1, 21300] loss: 4570475863.200
[1, 21320] loss: 8239472301.587
[1, 21340] loss: 6456889998.137
[1, 21360] loss: 5417754224.200
[1, 21380] loss: 7237878956.000
[1, 21400] loss: 3896226445.900
[1, 21420] loss: 3946441887.012
[1, 21440] loss: 5003614711.200
[1, 21460] loss: 4805844901.200
[1, 21480] loss: 5736375724.600
[1, 21500] loss: 7434565984.000
[1, 21520] loss: 4252101415.600
[1, 21540] loss: 6875920542.400
[1, 21560] loss: 3292232033.975
[1, 21580] loss: 4392108484.987
[1, 21600] loss: 2783915211.200
[1, 21620] loss: 3169713333.844
[1, 21640] loss: 5681222248.000
[1, 21660] loss: 6340302343.000
[1, 21680] loss: 5171100778.707
[1, 21700] loss: 5692116085.200
[1, 21720] loss: 3282478954.400
[1, 21740] loss: 5236373609.931
[1, 21760] loss: 3121731036.000
[1, 21780] loss: 2867424136.000
[1, 21800] loss: 4483192725.800
[1, 21820] loss: 3170629964.000
[1, 21840] loss: 7026007336.500
[1, 21860] loss: 5290744383.200
[1, 21880] loss: 4877004035.400
[1, 21900] loss: 3965323549.800
[1, 21920] loss: 2407080215.800
[1, 21940] loss: 4849305944.800
[1, 21960] loss: 3071079936.297
[1, 21980] loss: 3486955039.300
[1, 22000] loss: 4070754841.044
[1, 22020] loss: 2291728276.527
[1, 22040] loss: 2519851034.000
[1, 22060] loss: 2671674804.100
[1, 22080] loss: 1564223608.275
[1, 22100] loss: 4806641905.200
[1, 22120] loss: 4593005717.650
[1, 22140] loss: 2518186787.200
[1, 22160] loss: 2077497265.400
[1, 22180] loss: 1767727031.094
[1, 22200] loss: 4986954209.281
[1, 22220] loss: 3267375232.647
[1, 22240] loss: 3308868949.200
[1, 22260] loss: 2911681400.800
[1, 22280] loss: 2677038745.145
[1, 22300] loss: 3525207500.762
[1, 22320] loss: 3148249321.800
[1, 22340] loss: 2239098322.900
[1, 22360] loss: 4292017647.738
[1, 22380] loss: 1616137865.239
[1, 22400] loss: 4265214660.000
[1, 22420] loss: 2719977251.550
[1, 22440] loss: 2527657009.162
[1, 22460] loss: 2471718794.787
[1, 22480] loss: 1997826222.650
[1, 22500] loss: 1974209401.575
[1, 22520] loss: 2528952191.873
[1, 22540] loss: 2361407848.800
[1, 22560] loss: 3721028015.700
[1, 22580] loss: 2814316572.600
[1, 22600] loss: 2381073551.900
[1, 22620] loss: 1330923114.556
[1, 22640] loss: 1778572689.300
[1, 22660] loss: 1359141378.575
[1, 22680] loss: 3102666339.600
[1, 22700] loss: 1699375571.377
[1, 22720] loss: 2244107580.562
[1, 22740] loss: 1893110475.600
[1, 22760] loss: 3577767481.244
[1, 22780] loss: 1486730808.438
[1, 22800] loss: 1827114881.400
[1, 22820] loss: 1372019405.000
[1, 22840] loss: 1996484564.800
[1, 22860] loss: 2000055452.800
[1, 22880] loss: 1686668035.469
[1, 22900] loss: 1019384910.263
[1, 22920] loss: 2504412540.025
[1, 22940] loss: 1174883992.025
[1, 22960] loss: 1171828577.877
[1, 22980] loss: 1815347263.775
[1, 23000] loss: 2139029017.850
[1, 23020] loss: 2176278856.875
[1, 23040] loss: 1149389000.666
[1, 23060] loss: 1751777722.600
[1, 23080] loss: 1379292994.093
[1, 23100] loss: 2262625340.613
[1, 23120] loss: 1205035883.353
[1, 23140] loss: 1933127398.222
[1, 23160] loss: 2511795728.650
[1, 23180] loss: 1167211940.700
[1, 23200] loss: 1270159395.975
[1, 23220] loss: 1618951812.900
[1, 23240] loss: 767273692.800
[1, 23260] loss: 2170501850.350
[1, 23280] loss: 1222131084.819
[1, 23300] loss: 1605293504.075
[1, 23320] loss: 1353768749.650
[1, 23340] loss: 1234907078.875
[1, 23360] loss: 1205095765.985
[1, 23380] loss: 2472184843.850
[1, 23400] loss: 845884083.556
[1, 23420] loss: 1009238185.078
[1, 23440] loss: 1291187275.013
[1, 23460] loss: 1704079029.500
[1, 23480] loss: 1565062125.600
[1, 23500] loss: 1267412582.650
[1, 23520] loss: 730434337.075
[1, 23540] loss: 1154562948.600
[1, 23560] loss: 512599452.225
[1, 23580] loss: 927002491.462
[1, 23600] loss: 1501736454.150
[1, 23620] loss: 1486698263.250
[1, 23640] loss: 854873024.388
[1, 23660] loss: 1045897942.200
[1, 23680] loss: 830468315.369
[1, 23700] loss: 2420649397.954
[1, 23720] loss: 2041667065.200
[1, 23740] loss: 1039541182.753
[1, 23760] loss: 625001139.000
[1, 23780] loss: 785146132.700
[1, 23800] loss: 1699257153.700
[1, 23820] loss: 958036716.272
[1, 23840] loss: 675114531.259
[1, 23860] loss: 1405429024.200
[1, 23880] loss: 1094423889.050
[1, 23900] loss: 1198141582.900
[1, 23920] loss: 767233315.206
[1, 23940] loss: 558863454.648
[1, 23960] loss: 782875332.462
[1, 23980] loss: 1199217623.600
[1, 24000] loss: 1159843168.281
[1, 24020] loss: 925111585.362
[1, 24040] loss: 628627156.413
[1, 24060] loss: 915894315.197
[1, 24080] loss: 990620847.231
[1, 24100] loss: 488715002.350
[1, 24120] loss: 1031334600.800
[1, 24140] loss: 902081427.819
[1, 24160] loss: 608115378.602
[1, 24180] loss: 710321368.500
[1, 24200] loss: 1260334606.950
[1, 24220] loss: 574793085.250
[1, 24240] loss: 1216411871.600
[1, 24260] loss: 738444629.904
[1, 24280] loss: 1406535635.600
[1, 24300] loss: 1208005961.578
[1, 24320] loss: 756475039.000
[1, 24340] loss: 1074636369.523
[1, 24360] loss: 1080118963.850
[1, 24380] loss: 650498275.994
[1, 24400] loss: 916399796.375
[1, 24420] loss: 1752822438.348
[1, 24440] loss: 555533219.375
[1, 24460] loss: 1102877646.331
[1, 24480] loss: 1411240006.574
[1, 24500] loss: 504938213.413
[1, 24520] loss: 771367535.789
[1, 24540] loss: 963992155.900
[1, 24560] loss: 939959949.943
[1, 24580] loss: 617955903.400
[1, 24600] loss: 591367611.523
[1, 24620] loss: 1330424695.375
[1, 24640] loss: 668652824.400
[1, 24660] loss: 656269716.131
[1, 24680] loss: 1030567157.950
[1, 24700] loss: 657022203.850
[1, 24720] loss: 978462730.702
[1, 24740] loss: 551075957.600
[1, 24760] loss: 582664978.400
[1, 24780] loss: 793731273.800
[1, 24800] loss: 529987377.153
[1, 24820] loss: 404028737.500
[1, 24840] loss: 343435674.662
[1, 24860] loss: 840803324.706
[1, 24880] loss: 716451363.538
[1, 24900] loss: 331460007.144
[1, 24920] loss: 774855343.120
[1, 24940] loss: 352267748.587
[1, 24960] loss: 746941071.513
[1, 24980] loss: 941451594.845
[1, 25000] loss: 543474658.538
[1, 25020] loss: 592522179.100
[1, 25040] loss: 218928587.188
[1, 25060] loss: 872241057.600
[1, 25080] loss: 415869847.983
[1, 25100] loss: 707580703.690
[1, 25120] loss: 914339175.472
[1, 25140] loss: 460848081.709
[1, 25160] loss: 804194685.100
[1, 25180] loss: 505473507.118
[1, 25200] loss: 794797402.481
[1, 25220] loss: 520357080.625
[1, 25240] loss: 897721610.650
[1, 25260] loss: 532054927.800
[1, 25280] loss: 349658331.470
[1, 25300] loss: 345828085.045
[1, 25320] loss: 960940521.250
[1, 25340] loss: 557954611.413
[1, 25360] loss: 344699175.663
[1, 25380] loss: 442063522.278
[1, 25400] loss: 683223745.999
[1, 25420] loss: 513687187.375
[1, 25440] loss: 428806498.172
[1, 25460] loss: 662583120.875
[1, 25480] loss: 305275941.337
[1, 25500] loss: 521025179.494
[1, 25520] loss: 877626654.400
[1, 25540] loss: 646089028.837
[1, 25560] loss: 274175889.850
[1, 25580] loss: 551515632.881
[1, 25600] loss: 502701325.900
[1, 25620] loss: 562464440.660
[1, 25640] loss: 690676619.250
[1, 25660] loss: 560392534.057
[1, 25680] loss: 767725753.563
[1, 25700] loss: 629635580.987
[1, 25720] loss: 476458432.879
[1, 25740] loss: 752317657.066
[1, 25760] loss: 164143873.166
[1, 25780] loss: 489523058.997
[1, 25800] loss: 388071247.038
[1, 25820] loss: 472610745.349
[1, 25840] loss: 253469491.449
[1, 25860] loss: 147390322.067
[1, 25880] loss: 327772825.898
[1, 25900] loss: 445193609.969
[1, 25920] loss: 314142811.075
[1, 25940] loss: 168853330.294
[1, 25960] loss: 190097476.316
[1, 25980] loss: 322306594.475
[1, 26000] loss: 365336381.248
[1, 26020] loss: 481581112.791
[1, 26040] loss: 606253077.750
[1, 26060] loss: 204693469.537
[1, 26080] loss: 266396900.421
[1, 26100] loss: 318220716.925
[1, 26120] loss: 255397621.702
[1, 26140] loss: 313118648.106
[1, 26160] loss: 255595461.488
[1, 26180] loss: 261495596.821
[1, 26200] loss: 395758762.225
[1, 26220] loss: 501640852.977
[1, 26240] loss: 167352999.034
[1, 26260] loss: 291620169.878
[1, 26280] loss: 206207997.059
[1, 26300] loss: 224584875.694
[1, 26320] loss: 257378588.350
[1, 26340] loss: 396107871.163
[1, 26360] loss: 441963632.462
[1, 26380] loss: 203373980.371
[1, 26400] loss: 223196501.688
[1, 26420] loss: 283542083.125
[1, 26440] loss: 407559453.603
[1, 26460] loss: 412161676.663
[1, 26480] loss: 305204751.569
[1, 26500] loss: 179166031.724
[1, 26520] loss: 300964026.985
[1, 26540] loss: 234911472.050
[1, 26560] loss: 472061105.384
[1, 26580] loss: 222300422.512
[1, 26600] loss: 324153041.175
[1, 26620] loss: 408839482.900
[1, 26640] loss: 207418463.969
[1, 26660] loss: 265026267.300
[1, 26680] loss: 430941469.650
[1, 26700] loss: 271582368.008
[1, 26720] loss: 167579967.934
[1, 26740] loss: 366170509.659
[1, 26760] loss: 198887601.662
[1, 26780] loss: 306736093.212
[1, 26800] loss: 267517703.258
[1, 26820] loss: 315281046.792
[1, 26840] loss: 176674539.916
[1, 26860] loss: 351447554.469
[1, 26880] loss: 322575369.829
[1, 26900] loss: 241763436.597
[1, 26920] loss: 122840725.850
[1, 26940] loss: 369432541.450
[1, 26960] loss: 187253349.191
[1, 26980] loss: 130142805.963
[1, 27000] loss: 163080455.306
[1, 27020] loss: 112585240.608
[1, 27040] loss: 196210258.537
[1, 27060] loss: 219285699.697
[1, 27080] loss: 130157433.308
[1, 27100] loss: 236044727.550
[1, 27120] loss: 182467436.222
[1, 27140] loss: 148277795.234
[1, 27160] loss: 95441641.467
[1, 27180] loss: 220420365.493
[1, 27200] loss: 218706284.387
[1, 27220] loss: 175391318.787
[1, 27240] loss: 186472429.574
[1, 27260] loss: 255484200.130
[1, 27280] loss: 167126815.488
[1, 27300] loss: 309956830.030
[1, 27320] loss: 183781548.544
[1, 27340] loss: 295773744.797
[1, 27360] loss: 222952736.812
[1, 27380] loss: 183900548.805
[1, 27400] loss: 149670836.804
[1, 27420] loss: 106274453.627
[1, 27440] loss: 145293184.398
[1, 27460] loss: 78009101.900
[1, 27480] loss: 148249614.409
[1, 27500] loss: 160824801.972
[1, 27520] loss: 106518239.481
[1, 27540] loss: 65817957.760
[1, 27560] loss: 175481603.300
[1, 27580] loss: 96179794.847
[1, 27600] loss: 154328188.661
[1, 27620] loss: 97354023.969
[1, 27640] loss: 153911937.119
[1, 27660] loss: 112657234.156
[1, 27680] loss: 149715752.056
[1, 27700] loss: 209166875.481
[1, 27720] loss: 78156100.050
[1, 27740] loss: 263692897.287
[1, 27760] loss: 131611747.700
[1, 27780] loss: 107744670.613
[1, 27800] loss: 208431770.720
[1, 27820] loss: 124978845.984
[1, 27840] loss: 71859459.954
[1, 27860] loss: 97650768.860
[1, 27880] loss: 171105435.500
[1, 27900] loss: 98394096.252
[1, 27920] loss: 121236113.573
[1, 27940] loss: 102953397.002
[1, 27960] loss: 72134494.466
[1, 27980] loss: 74825658.763
[1, 28000] loss: 51536159.809
[1, 28020] loss: 80687968.564
[1, 28040] loss: 145383846.484
[1, 28060] loss: 181593667.163
[1, 28080] loss: 117884227.037
[1, 28100] loss: 74804915.406
[1, 28120] loss: 96227142.630
[1, 28140] loss: 92129813.775
[1, 28160] loss: 94144979.912
[1, 28180] loss: 114074323.597
[1, 28200] loss: 121994696.682
[1, 28220] loss: 65949217.335
[1, 28240] loss: 92253844.273
[1, 28260] loss: 98060341.620
[1, 28280] loss: 198105510.963
[1, 28300] loss: 44807922.338
[1, 28320] loss: 166909929.420
[1, 28340] loss: 135336323.363
[1, 28360] loss: 58089615.081
[1, 28380] loss: 77268136.492
[1, 28400] loss: 60352828.677
[1, 28420] loss: 72153300.713
[1, 28440] loss: 65018487.567
[1, 28460] loss: 105407755.888
[1, 28480] loss: 56326131.508
[1, 28500] loss: 48879392.488
[1, 28520] loss: 75651102.409
[1, 28540] loss: 90240370.526
[1, 28560] loss: 76220875.836
[1, 28580] loss: 54504254.696
[1, 28600] loss: 69543809.162
[1, 28620] loss: 94116872.880
[1, 28640] loss: 183782799.571
[1, 28660] loss: 23164790.262
[1, 28680] loss: 67428920.201
[1, 28700] loss: 64106452.990
[1, 28720] loss: 24385215.349
[1, 28740] loss: 105645186.803
[1, 28760] loss: 47974261.384
[1, 28780] loss: 76329191.403
[1, 28800] loss: 28554881.862
[1, 28820] loss: 75349135.092
[1, 28840] loss: 71899093.098
[1, 28860] loss: 29111431.054
[1, 28880] loss: 30426693.615
[1, 28900] loss: 45790238.522
[1, 28920] loss: 52032839.261
[1, 28940] loss: 51783677.584
[1, 28960] loss: 46671149.671
[1, 28980] loss: 49037901.697
[1, 29000] loss: 79196568.356
[1, 29020] loss: 115056569.701
[1, 29040] loss: 33207383.398
[1, 29060] loss: 22923757.367
[1, 29080] loss: 76468166.722
[1, 29100] loss: 129452452.028
[1, 29120] loss: 44019990.964
[1, 29140] loss: 56055411.945
[1, 29160] loss: 189239524.943
[1, 29180] loss: 33097289.921
[1, 29200] loss: 30925887.761
[1, 29220] loss: 27138363.914
[1, 29240] loss: 31449561.988
[1, 29260] loss: 45104953.549
[1, 29280] loss: 31705178.156
[1, 29300] loss: 16437231.655
[1, 29320] loss: 25672536.727
[1, 29340] loss: 18849464.288
[1, 29360] loss: 30876662.288
[1, 29380] loss: 23882766.398
[1, 29400] loss: 46533411.355
[1, 29420] loss: 41443279.919
[1, 29440] loss: 28507298.689
[1, 29460] loss: 35351736.605
[1, 29480] loss: 34908214.075
[1, 29500] loss: 74503271.173
[1, 29520] loss: 59250248.536
[1, 29540] loss: 31063963.441
[1, 29560] loss: 30819125.008
[1, 29580] loss: 19036027.645
[1, 29600] loss: 52921687.495
[1, 29620] loss: 39682878.087
[1, 29640] loss: 32460945.736
[1, 29660] loss: 25758405.242
[1, 29680] loss: 30859909.709
[1, 29700] loss: 57803731.167
[1, 29720] loss: 33721133.298
[1, 29740] loss: 37137878.955
[1, 29760] loss: 27974970.951
[1, 29780] loss: 40456685.458
[1, 29800] loss: 63508280.902
[1, 29820] loss: 35348606.008
[1, 29840] loss: 81164993.209
[1, 29860] loss: 68159523.678
[1, 29880] loss: 61464023.836
[1, 29900] loss: 12264362.318
[1, 29920] loss: 30013808.631
[1, 29940] loss: 31757825.798
[1, 29960] loss: 18818072.349
[1, 29980] loss: 22704425.063
[1, 30000] loss: 70164758.312
[1, 30020] loss: 109702208.237
[1, 30040] loss: 59354970.066
[1, 30060] loss: 107314314.356
[1, 30080] loss: 27272557.457
[1, 30100] loss: 17449246.911
[1, 30120] loss: 112129286.912
[1, 30140] loss: 199734362.387
[1, 30160] loss: 87914111.320
[1, 30180] loss: 37508949.873
[1, 30200] loss: 22566294.101
[1, 30220] loss: 68333144.321
[1, 30240] loss: 66633098.125
[1, 30260] loss: 43723396.136
[1, 30280] loss: 42100009.131
[1, 30300] loss: 26519233.114
[1, 30320] loss: 391440476.980
[1, 30340] loss: 492349593.093
[1, 30360] loss: 1044025094.896
[1, 30380] loss: 984764376.300
[1, 30400] loss: 870513362.956
[1, 30420] loss: 827056153.087
[1,    20] loss: 2126654656.842
[1,    40] loss: 1241630961.775
[1,    60] loss: 1050771703.699
[1,    80] loss: 1523842131.079
[1,   100] loss: 1568866343.719
[1,   120] loss: 1431377756.800
[1,   140] loss: 1487333429.088
[1,   160] loss: 1331444886.474
[1,   180] loss: 1275379747.606
[1,   200] loss: 1153749652.282
[1,   220] loss: 1138662415.193
[1,   240] loss: 1074456673.878
[1,   260] loss: 1010569287.818
[1,   280] loss: 1003238089.781
[1,   300] loss: 957284909.193
[1,   320] loss: 906133783.593
[1,   340] loss: 864021213.198
[1,   360] loss: 869630085.644
[1,   380] loss: 880519210.834
[1,   400] loss: 861219718.281
[1,   420] loss: 827223042.974
[1,   440] loss: 796479922.088
[1,   460] loss: 795406009.735
[1,   480] loss: 772656328.753
[1,   500] loss: 746600210.544
[1,   520] loss: 762232457.105
[1,   540] loss: 770157375.802
[1,   560] loss: 745273835.117
[1,   580] loss: 782677261.551
[1,   600] loss: 808725252.979
[1,   620] loss: 792290978.015
[1,   640] loss: 866749424.875
[1,   660] loss: 986912282.123
[1,   680] loss: 1001284136.906
[1,   700] loss: 1006125180.977
[1,   720] loss: 1014476610.669
[1,   740] loss: 1020081245.704
[1,   760] loss: 1020145396.025
[1,   780] loss: 1013369118.561
[1,   800] loss: 1002134305.731
[1,   820] loss: 979081698.464
[1,   840] loss: 955804304.803
[1,   860] loss: 934762442.889
[1,   880] loss: 914006616.488
[1,   900] loss: 895977470.483
[1,   920] loss: 876842634.843
[1,   940] loss: 869440116.940
[1,   960] loss: 877488941.562
[1,   980] loss: 878940826.491
[1,  1000] loss: 902227639.814
[1,  1020] loss: 995437223.645
[1,  1040] loss: 1101698877.673
[1,  1060] loss: 1140486556.599
[1,  1080] loss: 1139724354.504
[1,  1100] loss: 1128162854.331
[1,  1120] loss: 1122596811.266
[1,  1140] loss: 1105608175.226
[1,  1160] loss: 1087840764.468
[1,  1180] loss: 1070661160.558
[1,  1200] loss: 1052988515.284
[1,  1220] loss: 1037046836.841
[1,  1240] loss: 1048648757.022
[1,  1260] loss: 1088237099.436
[1,  1280] loss: 1086162022.228
[1,  1300] loss: 1072213216.497
[1,  1320] loss: 1067836299.189
[1,  1340] loss: 1073781735.508
[1,  1360] loss: 1088472231.351
[1,  1380] loss: 1103456536.486
[1,  1400] loss: 1109163312.016
[1,  1420] loss: 1105310896.872
[1,  1440] loss: 1096735753.855
[1,  1460] loss: 1086433874.515
[1,  1480] loss: 1077579573.835
[1,  1500] loss: 1068627491.654
[1,  1520] loss: 1059609453.149
[1,  1540] loss: 1054850446.891
[1,  1560] loss: 1051919598.085
[1,  1580] loss: 1043106697.833
[1,  1600] loss: 1031164377.406
[1,  1620] loss: 1018475815.838
[1,  1640] loss: 1006081966.396
[1,  1660] loss: 994842342.750
[1,  1680] loss: 995650376.061
[1,  1700] loss: 989677988.623
[1,  1720] loss: 979076181.388
[1,  1740] loss: 968194315.336
[1,  1760] loss: 962519122.102
[1,  1780] loss: 953211530.478
[1,  1800] loss: 942638648.804
[1,  1820] loss: 932377717.943
[1,  1840] loss: 922692005.531
[1,  1860] loss: 915564294.668
[1,  1880] loss: 909759445.874
[1,  1900] loss: 901225812.551
[1,  1920] loss: 894681687.520
[1,  1940] loss: 893653547.708
[1,  1960] loss: 894050370.817
[1,  1980] loss: 897498664.205
[1,  2000] loss: 934684177.136
[1,  2020] loss: 957633286.125
[1,  2040] loss: 960515672.552
[1,  2060] loss: 959768756.631
[1,  2080] loss: 958745454.737
[1,  2100] loss: 959789063.965
[1,  2120] loss: 968476719.516
[1,  2140] loss: 977729651.650
[1,  2160] loss: 976700844.146
[1,  2180] loss: 971488239.823
[1,  2200] loss: 968097089.054
[1,  2220] loss: 962692211.882
[1,  2240] loss: 956479623.270
[1,  2260] loss: 965593385.402
[1,  2280] loss: 966668411.355
[1,  2300] loss: 964472391.443
[1,  2320] loss: 963032285.005
[1,  2340] loss: 955242806.976
[1,  2360] loss: 953186559.754
[1,  2380] loss: 946650670.398
[1,  2400] loss: 939949419.407
[1,  2420] loss: 933436193.077
[1,  2440] loss: 933595972.899
[1,  2460] loss: 927937970.115
[1,  2480] loss: 921642271.177
[1,  2500] loss: 917291306.596
[1,  2520] loss: 913305502.838
[1,  2540] loss: 907437048.754
[1,  2560] loss: 907913471.488
[1,  2580] loss: 905740064.262
[1,  2600] loss: 901236239.829
[1,  2620] loss: 895991132.971
[1,  2640] loss: 891398789.500
[1,  2660] loss: 891806931.503
[1,  2680] loss: 892126595.564
[1,  2700] loss: 886701307.318
[1,  2720] loss: 886866185.311
[1,  2740] loss: 891645593.459
[1,  2760] loss: 902222476.331
[1,  2780] loss: 920276567.089
[1,  2800] loss: 937154517.964
[1,  2820] loss: 939055450.802
[1,  2840] loss: 934043086.057
[1,  2860] loss: 930456909.668
[1,  2880] loss: 932297702.026
[1,  2900] loss: 942672640.255
[1,  2920] loss: 947802738.857
[1,  2940] loss: 942988554.210
[1,  2960] loss: 949065684.742
[1,  2980] loss: 950765028.286
[1,  3000] loss: 957076693.319
[1,  3020] loss: 952969959.840
[1,  3040] loss: 949405951.048
[1,  3060] loss: 945744364.942
[1,  3080] loss: 940541880.020
[1,  3100] loss: 936333983.610
[1,  3120] loss: 932537849.935
[1,  3140] loss: 927011861.935
[1,  3160] loss: 921341333.344
[1,  3180] loss: 916300833.094
[1,  3200] loss: 916694061.391
[1,  3220] loss: 915279835.633
[1,  3240] loss: 925887243.635
[1,  3260] loss: 939114348.253
[1,  3280] loss: 935996181.800
[1,  3300] loss: 960027206.468
[1,  3320] loss: 964073389.043
[1,  3340] loss: 959910697.158
[1,  3360] loss: 957609912.611
