cuda:  1
color_space: RGB
batch_size: 1
num_epcochs: 1
learning_rate: 0.003
[1,    20] loss: 334.199
[1,    40] loss: 2245.474
[1,    60] loss: 229.153
[1,    80] loss: 23.988
[1,   100] loss: 7.049
[1,   120] loss: 0.507
[1,   140] loss: 0.505
[1,   160] loss: 0.407
[1,   180] loss: 0.395
[1,   200] loss: 0.353
[1,   220] loss: 0.108
[1,   240] loss: 0.079
[1,   260] loss: 0.151
[1,   280] loss: 0.177
[1,   300] loss: 0.143
[1,   320] loss: 0.113
[1,   340] loss: 0.081
[1,   360] loss: 0.258
[1,   380] loss: 0.202
[1,   400] loss: 0.301
[1,   420] loss: 0.188
[1,   440] loss: 0.025
[1,   460] loss: 0.043
[1,   480] loss: 0.166
[1,   500] loss: 0.082
[1,   520] loss: 0.071
[1,   540] loss: 0.062
[1,   560] loss: 0.107
[1,   580] loss: 0.084
[1,   600] loss: 0.324
[1,   620] loss: 0.250
[1,   640] loss: 0.079
[1,   660] loss: 0.090
[1,   680] loss: 0.095
[1,   700] loss: 0.053
[1,   720] loss: 0.045
[1,   740] loss: 0.304
[1,   760] loss: 0.046
[1,   780] loss: 0.077
[1,   800] loss: 0.031
[1,   820] loss: 0.137
[1,   840] loss: 0.339
[1,   860] loss: 0.058
[1,   880] loss: 0.044
[1,   900] loss: 0.056
[1,   920] loss: 0.098
[1,   940] loss: 0.059
[1,   960] loss: 0.066
[1,   980] loss: 0.068
[1,  1000] loss: 0.063
[1,  1020] loss: 0.085
[1,  1040] loss: 0.056
[1,  1060] loss: 0.079
[1,  1080] loss: 0.024
[1,  1100] loss: 0.174
[1,  1120] loss: 0.047
[1,  1140] loss: 0.139
[1,  1160] loss: 0.082
[1,  1180] loss: 0.113
[1,  1200] loss: 0.105
[1,  1220] loss: 0.034
[1,  1240] loss: 0.053
[1,  1260] loss: 0.148
[1,  1280] loss: 0.039
[1,  1300] loss: 0.095
[1,  1320] loss: 0.028
[1,  1340] loss: 0.205
[1,  1360] loss: 0.042
[1,  1380] loss: 0.028
[1,  1400] loss: 0.058
[1,  1420] loss: 0.237
[1,  1440] loss: 0.092
[1,  1460] loss: 0.032
[1,  1480] loss: 0.064
[1,  1500] loss: 0.057
[1,  1520] loss: 0.047
[1,  1540] loss: 0.114
[1,  1560] loss: 0.078
[1,  1580] loss: 0.134
[1,  1600] loss: 0.117
[1,  1620] loss: 0.079
[1,  1640] loss: 0.095
[1,  1660] loss: 0.058
[1,  1680] loss: 0.142
[1,  1700] loss: 0.051
[1,  1720] loss: 0.078
[1,  1740] loss: 0.080
[1,  1760] loss: 0.058
[1,  1780] loss: 0.036
[1,  1800] loss: 0.079
[1,  1820] loss: 0.065
[1,  1840] loss: 0.151
[1,  1860] loss: 0.155
[1,  1880] loss: 0.010
[1,  1900] loss: 0.034
[1,  1920] loss: 0.027
[1,  1940] loss: 0.071
[1,  1960] loss: 0.047
[1,  1980] loss: 0.060
[1,  2000] loss: 0.031
[1,  2020] loss: 0.306
[1,  2040] loss: 0.117
[1,  2060] loss: 0.121
[1,  2080] loss: 0.082
[1,  2100] loss: 0.057
[1,  2120] loss: 0.055
[1,  2140] loss: 0.068
[1,  2160] loss: 0.053
[1,  2180] loss: 0.059
[1,  2200] loss: 0.121
[1,  2220] loss: 0.067
[1,  2240] loss: 0.060
[1,  2260] loss: 0.043
[1,  2280] loss: 0.143
[1,  2300] loss: 0.053
[1,  2320] loss: 0.178
[1,  2340] loss: 0.099
[1,  2360] loss: 0.067
[1,  2380] loss: 0.113
[1,  2400] loss: 0.113
[1,  2420] loss: 0.137
[1,  2440] loss: 0.073
[1,  2460] loss: 0.072
[1,  2480] loss: 0.136
[1,  2500] loss: 0.041
[1,  2520] loss: 0.041
[1,  2540] loss: 0.131
[1,  2560] loss: 0.045
[1,  2580] loss: 0.077
[1,  2600] loss: 0.056
[1,  2620] loss: 0.031
[1,  2640] loss: 0.226
[1,  2660] loss: 0.296
[1,  2680] loss: 0.127
[1,  2700] loss: 0.093
[1,  2720] loss: 0.051
[1,  2740] loss: 0.143
[1,  2760] loss: 0.064
[1,  2780] loss: 0.068
[1,  2800] loss: 0.018
[1,  2820] loss: 0.085
[1,  2840] loss: 0.050
[1,  2860] loss: 0.148
[1,  2880] loss: 0.089
[1,  2900] loss: 0.048
[1,  2920] loss: 0.034
[1,  2940] loss: 0.055
[1,  2960] loss: 0.095
[1,  2980] loss: 0.039
[1,  3000] loss: 0.073
[1,  3020] loss: 0.029
[1,  3040] loss: 0.107
[1,  3060] loss: 0.016
[1,  3080] loss: 0.063
[1,  3100] loss: 0.060
[1,  3120] loss: 0.046
[1,  3140] loss: 0.152
[1,  3160] loss: 0.069
[1,  3180] loss: 0.011
[1,  3200] loss: 0.035
[1,  3220] loss: 0.061
[1,  3240] loss: 0.022
[1,  3260] loss: 0.165
[1,  3280] loss: 0.102
[1,  3300] loss: 0.113
[1,  3320] loss: 0.073
[1,  3340] loss: 0.041
[1,  3360] loss: 0.114
[1,  3380] loss: 0.026
[1,  3400] loss: 0.026
[1,  3420] loss: 0.021
[1,  3440] loss: 0.017
[1,  3460] loss: 0.190
[1,  3480] loss: 0.122
[1,  3500] loss: 0.228
[1,  3520] loss: 0.042
[1,  3540] loss: 0.054
[1,  3560] loss: 0.190
[1,  3580] loss: 0.079
[1,  3600] loss: 0.217
[1,  3620] loss: 0.075
[1,  3640] loss: 0.031
[1,  3660] loss: 0.078
[1,  3680] loss: 0.040
[1,  3700] loss: 0.330
[1,  3720] loss: 0.032
[1,  3740] loss: 0.108
[1,  3760] loss: 0.031
[1,  3780] loss: 0.135
[1,  3800] loss: 0.084
[1,  3820] loss: 0.109
[1,  3840] loss: 0.145
[1,  3860] loss: 0.046
[1,  3880] loss: 0.024
[1,  3900] loss: 0.069
[1,  3920] loss: 0.112
[1,  3940] loss: 0.119
[1,  3960] loss: 0.045
[1,  3980] loss: 0.013
[1,  4000] loss: 0.031
[1,  4020] loss: 0.045
[1,  4040] loss: 0.171
[1,  4060] loss: 0.101
[1,  4080] loss: 0.025
[1,  4100] loss: 0.091
[1,  4120] loss: 0.033
[1,  4140] loss: 0.017
[1,  4160] loss: 0.218
[1,  4180] loss: 0.218
[1,  4200] loss: 0.064
[1,  4220] loss: 0.097
[1,  4240] loss: 0.066
[1,  4260] loss: 0.143
[1,  4280] loss: 0.077
[1,  4300] loss: 0.047
[1,  4320] loss: 0.034
[1,  4340] loss: 0.054
[1,  4360] loss: 0.095
[1,  4380] loss: 0.108
[1,  4400] loss: 0.047
[1,  4420] loss: 0.040
[1,  4440] loss: 0.116
[1,  4460] loss: 0.024
[1,  4480] loss: 0.202
[1,  4500] loss: 0.113
[1,  4520] loss: 0.070
[1,  4540] loss: 0.122
[1,  4560] loss: 0.017
[1,  4580] loss: 0.171
[1,  4600] loss: 0.063
[1,  4620] loss: 0.098
[1,  4640] loss: 0.042
[1,  4660] loss: 0.028
[1,  4680] loss: 0.085
[1,  4700] loss: 0.155
[1,  4720] loss: 0.054
[1,  4740] loss: 0.158
[1,  4760] loss: 0.049
[1,  4780] loss: 0.258
[1,  4800] loss: 0.075
[1,  4820] loss: 0.122
[1,  4840] loss: 0.040
[1,  4860] loss: 0.071
[1,  4880] loss: 0.036
[1,  4900] loss: 0.050
[1,  4920] loss: 0.081
[1,  4940] loss: 0.025
[1,  4960] loss: 0.094
[1,  4980] loss: 0.042
[1,  5000] loss: 0.056
[1,  5020] loss: 0.024
[1,  5040] loss: 0.053
[1,  5060] loss: 0.045
[1,  5080] loss: 0.134
[1,  5100] loss: 0.046
[1,  5120] loss: 0.021
[1,  5140] loss: 0.039
[1,  5160] loss: 0.054
[1,  5180] loss: 0.084
[1,  5200] loss: 0.111
[1,  5220] loss: 0.130
[1,  5240] loss: 0.052
[1,  5260] loss: 0.087
[1,  5280] loss: 0.053
[1,  5300] loss: 0.082
[1,  5320] loss: 0.094
[1,  5340] loss: 0.256
[1,  5360] loss: 0.067
[1,  5380] loss: 0.018
[1,  5400] loss: 0.036
[1,  5420] loss: 0.087
[1,  5440] loss: 0.037
[1,  5460] loss: 0.089
[1,  5480] loss: 0.138
[1,  5500] loss: 0.048
[1,  5520] loss: 0.237
[1,  5540] loss: 0.253
[1,  5560] loss: 0.052
[1,  5580] loss: 0.067
[1,  5600] loss: 0.026
[1,  5620] loss: 0.054
[1,  5640] loss: 0.044
[1,  5660] loss: 0.016
[1,  5680] loss: 0.088
[1,  5700] loss: 0.055
[1,  5720] loss: 0.067
[1,  5740] loss: 0.047
[1,  5760] loss: 0.103
[1,  5780] loss: 0.028
[1,  5800] loss: 0.020
[1,  5820] loss: 0.046
[1,  5840] loss: 0.059
[1,  5860] loss: 0.082
[1,  5880] loss: 0.122
[1,  5900] loss: 0.039
[1,  5920] loss: 0.017
[1,  5940] loss: 0.023
[1,  5960] loss: 0.037
[1,  5980] loss: 0.019
[1,  6000] loss: 0.052
[1,  6020] loss: 0.115
[1,  6040] loss: 0.061
[1,  6060] loss: 0.102
[1,  6080] loss: 0.134
[1,  6100] loss: 0.090
[1,  6120] loss: 0.083
[1,  6140] loss: 0.178
[1,  6160] loss: 0.019
[1,  6180] loss: 0.090
[1,  6200] loss: 0.036
[1,  6220] loss: 0.107
[1,  6240] loss: 0.041
[1,  6260] loss: 0.061
[1,  6280] loss: 0.074
[1,  6300] loss: 0.017
[1,  6320] loss: 0.085
[1,  6340] loss: 0.042
[1,  6360] loss: 0.121
[1,  6380] loss: 0.046
[1,  6400] loss: 0.094
[1,  6420] loss: 0.071
[1,  6440] loss: 0.068
[1,  6460] loss: 0.165
[1,  6480] loss: 0.146
[1,  6500] loss: 0.193
[1,  6520] loss: 0.106
[1,  6540] loss: 0.036
[1,  6560] loss: 0.090
[1,  6580] loss: 0.047
[1,  6600] loss: 0.134
[1,  6620] loss: 0.054
[1,  6640] loss: 0.047
[1,  6660] loss: 0.019
[1,  6680] loss: 0.077
[1,  6700] loss: 0.017
[1,  6720] loss: 0.054
[1,  6740] loss: 0.024
[1,  6760] loss: 0.070
[1,  6780] loss: 0.066
[1,  6800] loss: 0.112
[1,  6820] loss: 0.133
[1,  6840] loss: 0.062
[1,  6860] loss: 0.053
[1,  6880] loss: 0.046
[1,  6900] loss: 0.078
[1,  6920] loss: 0.085
[1,  6940] loss: 0.087
[1,  6960] loss: 0.159
[1,  6980] loss: 0.034
[1,  7000] loss: 0.027
[1,  7020] loss: 0.091
[1,  7040] loss: 0.022
[1,  7060] loss: 0.031
[1,  7080] loss: 0.037
[1,  7100] loss: 0.096
[1,  7120] loss: 0.044
[1,  7140] loss: 0.089
[1,  7160] loss: 0.109
[1,  7180] loss: 0.043
[1,  7200] loss: 0.063
[1,  7220] loss: 0.029
[1,  7240] loss: 0.057
[1,  7260] loss: 0.032
[1,  7280] loss: 0.030
[1,  7300] loss: 0.032
[1,  7320] loss: 0.090
[1,  7340] loss: 0.046
[1,  7360] loss: 0.195
[1,  7380] loss: 0.092
[1,  7400] loss: 0.076
[1,  7420] loss: 0.104
[1,  7440] loss: 0.020
[1,  7460] loss: 0.104
[1,  7480] loss: 0.097
[1,  7500] loss: 0.211
[1,  7520] loss: 0.229
[1,  7540] loss: 0.094
[1,  7560] loss: 0.079
[1,  7580] loss: 0.118
[1,  7600] loss: 0.065
[1,  7620] loss: 0.051
[1,  7640] loss: 0.074
[1,  7660] loss: 0.073
[1,  7680] loss: 0.047
[1,  7700] loss: 0.041
[1,  7720] loss: 0.038
[1,  7740] loss: 0.080
[1,  7760] loss: 0.027
[1,  7780] loss: 0.018
[1,  7800] loss: 0.016
[1,  7820] loss: 0.017
[1,  7840] loss: 0.038
[1,  7860] loss: 0.022
[1,  7880] loss: 0.290
[1,  7900] loss: 0.102
[1,  7920] loss: 0.053
[1,  7940] loss: 0.033
[1,  7960] loss: 0.191
[1,  7980] loss: 0.032
[1,  8000] loss: 0.071
[1,  8020] loss: 0.056
[1,  8040] loss: 0.102
[1,  8060] loss: 0.139
[1,  8080] loss: 0.136
[1,  8100] loss: 0.081
[1,  8120] loss: 0.057
[1,  8140] loss: 0.022
[1,  8160] loss: 0.058
[1,  8180] loss: 0.071
[1,  8200] loss: 0.189
[1,  8220] loss: 0.036
[1,  8240] loss: 0.024
[1,  8260] loss: 0.053
[1,  8280] loss: 0.027
[1,  8300] loss: 0.100
[1,  8320] loss: 0.095
[1,  8340] loss: 0.044
[1,  8360] loss: 0.134
[1,  8380] loss: 0.190
[1,  8400] loss: 0.033
[1,  8420] loss: 0.037
[1,  8440] loss: 0.049
[1,  8460] loss: 0.103
[1,  8480] loss: 0.052
[1,  8500] loss: 0.009
[1,  8520] loss: 0.200
[1,  8540] loss: 0.068
[1,  8560] loss: 0.136
[1,  8580] loss: 0.026
[1,  8600] loss: 0.064
[1,  8620] loss: 0.098
[1,  8640] loss: 0.017
[1,  8660] loss: 0.009
[1,  8680] loss: 0.076
[1,  8700] loss: 0.058
[1,  8720] loss: 0.217
[1,  8740] loss: 0.027
[1,  8760] loss: 0.034
[1,  8780] loss: 0.081
[1,  8800] loss: 0.059
[1,  8820] loss: 0.156
[1,  8840] loss: 0.170
[1,  8860] loss: 0.089
[1,  8880] loss: 0.035
[1,  8900] loss: 0.134
[1,  8920] loss: 0.040
[1,  8940] loss: 0.081
[1,  8960] loss: 0.130
[1,  8980] loss: 0.020
[1,  9000] loss: 0.073
[1,  9020] loss: 0.154
[1,  9040] loss: 0.037
[1,  9060] loss: 0.182
[1,  9080] loss: 0.022
[1,  9100] loss: 0.037
[1,  9120] loss: 0.058
[1,  9140] loss: 0.035
[1,  9160] loss: 0.020
[1,  9180] loss: 0.035
[1,  9200] loss: 0.034
[1,  9220] loss: 0.101
[1,  9240] loss: 0.117
[1,  9260] loss: 0.100
[1,  9280] loss: 0.073
[1,  9300] loss: 0.242
[1,  9320] loss: 0.043
[1,  9340] loss: 0.098
[1,  9360] loss: 0.196
[1,  9380] loss: 0.090
[1,  9400] loss: 0.029
[1,  9420] loss: 0.149
[1,  9440] loss: 0.044
[1,  9460] loss: 0.041
[1,  9480] loss: 0.095
[1,  9500] loss: 0.225
[1,  9520] loss: 0.073
[1,  9540] loss: 0.040
[1,  9560] loss: 0.026
[1,  9580] loss: 0.062
[1,  9600] loss: 0.070
[1,  9620] loss: 0.196
[1,  9640] loss: 0.059
[1,  9660] loss: 0.121
[1,  9680] loss: 0.068
[1,  9700] loss: 0.022
[1,  9720] loss: 0.022
[1,  9740] loss: 0.188
[1,  9760] loss: 0.107
[1,  9780] loss: 0.361
[1,  9800] loss: 0.219
[1,  9820] loss: 0.057
[1,  9840] loss: 0.071
[1,  9860] loss: 0.265
[1,  9880] loss: 0.038
[1,  9900] loss: 0.064
[1,  9920] loss: 0.026
[1,  9940] loss: 0.045
[1,  9960] loss: 0.028
[1,  9980] loss: 0.082
[1, 10000] loss: 0.046
[1, 10020] loss: 0.093
[1, 10040] loss: 0.047
[1, 10060] loss: 0.076
[1, 10080] loss: 0.033
[1, 10100] loss: 0.111
[1, 10120] loss: 0.057
[1, 10140] loss: 0.168
[1, 10160] loss: 0.160
[1, 10180] loss: 0.170
[1, 10200] loss: 0.149
[1, 10220] loss: 0.090
[1, 10240] loss: 0.054
[1, 10260] loss: 0.107
[1, 10280] loss: 0.062
[1, 10300] loss: 0.096
[1, 10320] loss: 0.096
[1, 10340] loss: 0.066
[1, 10360] loss: 0.024
[1, 10380] loss: 0.109
[1, 10400] loss: 0.031
[1, 10420] loss: 0.103
[1, 10440] loss: 0.096
[1, 10460] loss: 0.060
[1, 10480] loss: 0.105
[1, 10500] loss: 0.127
[1, 10520] loss: 0.161
[1, 10540] loss: 0.153
[1, 10560] loss: 0.161
[1, 10580] loss: 0.120
[1, 10600] loss: 0.159
[1, 10620] loss: 0.168
[1, 10640] loss: 0.085
[1, 10660] loss: 0.035
[1, 10680] loss: 0.103
[1, 10700] loss: 0.137
[1, 10720] loss: 0.013
[1, 10740] loss: 0.051
[1, 10760] loss: 0.215
[1, 10780] loss: 0.070
[1, 10800] loss: 0.021
[1, 10820] loss: 0.428
[1, 10840] loss: 0.202
[1, 10860] loss: 0.233
[1, 10880] loss: 0.600
[1, 10900] loss: 0.189
[1, 10920] loss: 0.114
[1, 10940] loss: 0.081
[1, 10960] loss: 0.043
[1, 10980] loss: 0.299
[1, 11000] loss: 0.095
[1, 11020] loss: 0.179
[1, 11040] loss: 0.058
[1, 11060] loss: 0.042
[1, 11080] loss: 0.065
[1, 11100] loss: 0.096
[1, 11120] loss: 0.130
[1, 11140] loss: 0.044
[1, 11160] loss: 0.061
[1, 11180] loss: 0.149
[1, 11200] loss: 0.032
[1, 11220] loss: 0.018
[1, 11240] loss: 0.173
[1, 11260] loss: 0.081
[1, 11280] loss: 0.181
[1, 11300] loss: 0.050
[1, 11320] loss: 0.026
[1, 11340] loss: 0.186
[1, 11360] loss: 0.028
[1, 11380] loss: 0.206
[1, 11400] loss: 0.061
[1, 11420] loss: 0.136
[1, 11440] loss: 0.184
[1, 11460] loss: 0.063
[1, 11480] loss: 0.149
[1, 11500] loss: 0.136
[1, 11520] loss: 0.043
[1, 11540] loss: 0.067
[1, 11560] loss: 0.151
[1, 11580] loss: 0.174
[1, 11600] loss: 0.023
[1, 11620] loss: 0.032
[1, 11640] loss: 0.222
[1, 11660] loss: 0.039
[1, 11680] loss: 0.177
[1, 11700] loss: 0.087
[1, 11720] loss: 0.051
[1, 11740] loss: 0.077
[1, 11760] loss: 0.087
[1, 11780] loss: 0.131
[1, 11800] loss: 0.022
[1, 11820] loss: 0.167
[1, 11840] loss: 0.059
[1, 11860] loss: 0.025
[1, 11880] loss: 0.017
[1, 11900] loss: 0.171
[1, 11920] loss: 0.049
[1, 11940] loss: 0.069
[1, 11960] loss: 0.059
[1, 11980] loss: 0.068
[1, 12000] loss: 0.097
[1, 12020] loss: 0.028
[1, 12040] loss: 0.030
[1, 12060] loss: 0.051
[1, 12080] loss: 0.041
[1, 12100] loss: 0.067
[1, 12120] loss: 0.054
[1, 12140] loss: 0.208
[1, 12160] loss: 0.039
[1, 12180] loss: 0.025
[1, 12200] loss: 0.106
[1, 12220] loss: 0.029
[1, 12240] loss: 0.820
[1, 12260] loss: 2538904498.026
[1, 12280] loss: 106019465675443.203
[1, 12300] loss: 170949944940851.188
[1, 12320] loss: 103393635566700.797
[1, 12340] loss: 21879868149116.000
[1, 12360] loss: 2067711836876.800
[1, 12380] loss: 234020743018.400
[1, 12400] loss: 262923298643.200
[1, 12420] loss: 181800199577.600
[1, 12440] loss: 119344333516.800
[1, 12460] loss: 96102396722.600
[1, 12480] loss: 92189085790.400
[1, 12500] loss: 107167036624.000
[1, 12520] loss: 97110266540.800
[1, 12540] loss: 43892189007.275
[1, 12560] loss: 40235768403.200
[1, 12580] loss: 47353889405.600
[1, 12600] loss: 28377262281.850
[1, 12620] loss: 69874300185.600
[1, 12640] loss: 33445674743.700
[1, 12660] loss: 46820645228.145
[1, 12680] loss: 25493843582.500
[1, 12700] loss: 20074623813.509
[1, 12720] loss: 21119045116.800
[1, 12740] loss: 32464229576.000
[1, 12760] loss: 28970522777.600
[1, 12780] loss: 21719146906.713
[1, 12800] loss: 30182550119.287
[1, 12820] loss: 20553341218.175
[1, 12840] loss: 23602440804.800
[1, 12860] loss: 12839257932.800
[1, 12880] loss: 12499995047.000
[1, 12900] loss: 18273039083.675
[1, 12920] loss: 14962038320.800
[1, 12940] loss: 12295405456.164
[1, 12960] loss: 13723107006.300
[1, 12980] loss: 24768065768.800
[1, 13000] loss: 14651217125.642
[1, 13020] loss: 14930108456.800
[1, 13040] loss: 12458448688.500
[1, 13060] loss: 10684688954.525
[1, 13080] loss: 11360420985.288
[1, 13100] loss: 12219121286.100
[1, 13120] loss: 11436195882.800
[1, 13140] loss: 10380813304.200
[1, 13160] loss: 10203356599.100
[1, 13180] loss: 6987358728.450
[1, 13200] loss: 26130623580.000
[1, 13220] loss: 9934823627.200
[1, 13240] loss: 8611243720.800
[1, 13260] loss: 8455871012.000
[1, 13280] loss: 7390198855.750
[1, 13300] loss: 9223582836.975
[1, 13320] loss: 4653148569.400
[1, 13340] loss: 5568181651.812
[1, 13360] loss: 7056042553.450
[1, 13380] loss: 6644991603.550
[1, 13400] loss: 5533055519.200
[1, 13420] loss: 5162290946.600
[1, 13440] loss: 5810257409.747
[1, 13460] loss: 7752394197.325
[1, 13480] loss: 7264502288.975
[1, 13500] loss: 8621481033.038
[1, 13520] loss: 4320801873.200
[1, 13540] loss: 6870780255.450
[1, 13560] loss: 4551050735.834
[1, 13580] loss: 5753587479.143
[1, 13600] loss: 7560783604.659
[1, 13620] loss: 9313660470.500
[1, 13640] loss: 6838498540.850
[1, 13660] loss: 5051633054.000
[1, 13680] loss: 9855627895.000
[1, 13700] loss: 6696748961.050
[1, 13720] loss: 12415211461.150
[1, 13740] loss: 3889127410.253
[1, 13760] loss: 6158356948.000
[1, 13780] loss: 5567974345.600
[1, 13800] loss: 7002676058.400
[1, 13820] loss: 3093403260.600
[1, 13840] loss: 4950867281.575
[1, 13860] loss: 4970491298.950
[1, 13880] loss: 5053618177.400
[1, 13900] loss: 3642595645.784
[1, 13920] loss: 4097333510.300
[1, 13940] loss: 7292112036.000
[1, 13960] loss: 14962884309.639
[1, 13980] loss: 7434162391.200
[1, 14000] loss: 7971613306.900
[1, 14020] loss: 3047520107.650
[1, 14040] loss: 4196808848.550
[1, 14060] loss: 6877661321.750
[1, 14080] loss: 3552837629.463
[1, 14100] loss: 4327630997.100
[1, 14120] loss: 4205593835.200
[1, 14140] loss: 5226407984.300
[1, 14160] loss: 2267741067.250
[1, 14180] loss: 7933694041.400
[1, 14200] loss: 2243712608.777
[1, 14220] loss: 2885055181.200
[1, 14240] loss: 4659077507.512
[1, 14260] loss: 5767973518.200
[1, 14280] loss: 3637547930.700
[1, 14300] loss: 2724459383.050
[1, 14320] loss: 2449481561.600
[1, 14340] loss: 3594784131.000
[1, 14360] loss: 2857968320.456
[1, 14380] loss: 3467800395.200
[1, 14400] loss: 5293722984.956
[1, 14420] loss: 2076416079.519
[1, 14440] loss: 4466525045.200
[1, 14460] loss: 2791038548.000
[1, 14480] loss: 3175082785.700
[1, 14500] loss: 3901175114.444
[1, 14520] loss: 4466365720.900
[1, 14540] loss: 3421281345.419
[1, 14560] loss: 3209234065.075
[1, 14580] loss: 1518992086.400
[1, 14600] loss: 1947682638.537
[1, 14620] loss: 4465558273.800
[1, 14640] loss: 3704347498.750
[1, 14660] loss: 3678176441.100
[1, 14680] loss: 3788948198.600
[1, 14700] loss: 1402749056.475
[1, 14720] loss: 1780348369.100
[1, 14740] loss: 2523871296.662
[1, 14760] loss: 2803866081.800
[1, 14780] loss: 1130927606.432
[1, 14800] loss: 1810048749.600
[1, 14820] loss: 1615916408.400
[1, 14840] loss: 3116387814.637
[1, 14860] loss: 2029515335.987
[1, 14880] loss: 1996218725.200
[1, 14900] loss: 2991866580.400
[1, 14920] loss: 1478903480.984
[1, 14940] loss: 3546451537.297
[1, 14960] loss: 2466259916.949
[1, 14980] loss: 3953661362.000
[1, 15000] loss: 2536586651.307
[1, 15020] loss: 1889597878.235
[1, 15040] loss: 1928343378.050
[1, 15060] loss: 2949423012.200
[1, 15080] loss: 3120407803.200
[1, 15100] loss: 3822375129.414
[1, 15120] loss: 2150981465.200
[1, 15140] loss: 3287578005.312
[1, 15160] loss: 2178650731.557
[1, 15180] loss: 1665563820.325
[1, 15200] loss: 1766993108.662
[1, 15220] loss: 1752493481.800
[1, 15240] loss: 1516261034.875
[1, 15260] loss: 2463766645.600
[1, 15280] loss: 4691045538.500
[1, 15300] loss: 1877881891.285
[1, 15320] loss: 1755338100.925
[1, 15340] loss: 1937574833.000
[1, 15360] loss: 1779730389.500
[1, 15380] loss: 1417520431.900
[1, 15400] loss: 2223412111.081
[1, 15420] loss: 3282793702.850
[1, 15440] loss: 2612811008.069
[1, 15460] loss: 3795741391.900
[1, 15480] loss: 2306025440.400
[1, 15500] loss: 1121096902.501
[1, 15520] loss: 3341276140.300
[1, 15540] loss: 2588690965.675
[1, 15560] loss: 1256609812.000
[1, 15580] loss: 2400909691.675
[1, 15600] loss: 1701480070.884
[1, 15620] loss: 1584523346.306
[1, 15640] loss: 1052276154.150
[1, 15660] loss: 1103336999.812
[1, 15680] loss: 2270955797.067
[1, 15700] loss: 2084950959.900
[1, 15720] loss: 2094899130.600
[1, 15740] loss: 3339890327.141
[1, 15760] loss: 1473181132.200
[1, 15780] loss: 1535893394.412
[1, 15800] loss: 1698285248.125
[1, 15820] loss: 1354677737.925
[1, 15840] loss: 1203392395.600
[1, 15860] loss: 1042143836.156
[1, 15880] loss: 2146435317.925
[1, 15900] loss: 2401775140.000
[1, 15920] loss: 2649959611.650
[1, 15940] loss: 805362289.575
[1, 15960] loss: 1166133568.433
[1, 15980] loss: 1791132764.959
[1, 16000] loss: 1565150256.083
[1, 16020] loss: 920507407.925
[1, 16040] loss: 1430465849.800
[1, 16060] loss: 1581977715.900
[1, 16080] loss: 949768892.200
[1, 16100] loss: 1417027261.600
[1, 16120] loss: 1339464170.700
[1, 16140] loss: 893769688.600
[1, 16160] loss: 1503297718.057
[1, 16180] loss: 1065018378.525
[1, 16200] loss: 3113111127.201
[1, 16220] loss: 1188687548.244
[1, 16240] loss: 976250067.300
[1, 16260] loss: 1662390225.500
[1, 16280] loss: 1627199865.405
[1, 16300] loss: 1401606737.519
[1, 16320] loss: 1406331248.550
[1, 16340] loss: 1103117044.866
[1, 16360] loss: 1555459606.984
[1, 16380] loss: 941633083.550
[1, 16400] loss: 389942413.069
[1, 16420] loss: 1307655739.736
[1, 16440] loss: 1188468631.500
[1, 16460] loss: 1337379525.859
[1, 16480] loss: 1447762107.882
[1, 16500] loss: 1561227438.050
[1, 16520] loss: 1053127158.100
[1, 16540] loss: 943948692.581
[1, 16560] loss: 929978859.888
[1, 16580] loss: 1179510890.400
[1, 16600] loss: 691433484.350
[1, 16620] loss: 2311784874.544
[1, 16640] loss: 1316550396.994
[1, 16660] loss: 1020526852.355
[1, 16680] loss: 1194381716.750
[1, 16700] loss: 740596824.750
[1, 16720] loss: 993491878.400
[1, 16740] loss: 342000684.219
[1, 16760] loss: 702113961.997
[1, 16780] loss: 839680295.931
[1, 16800] loss: 1187010269.150
[1, 16820] loss: 895746787.712
[1, 16840] loss: 1532519351.825
[1, 16860] loss: 1365217440.950
[1, 16880] loss: 773705751.112
[1, 16900] loss: 1112801982.917
[1, 16920] loss: 992012066.800
[1, 16940] loss: 702513106.781
[1, 16960] loss: 1142751128.094
[1, 16980] loss: 1661478513.400
[1, 17000] loss: 600780886.842
[1, 17020] loss: 1149597957.150
[1, 17040] loss: 597313687.100
[1, 17060] loss: 438417103.325
[1, 17080] loss: 537179603.743
[1, 17100] loss: 915279243.400
[1, 17120] loss: 832568696.812
[1, 17140] loss: 851763674.862
[1, 17160] loss: 737186233.600
[1, 17180] loss: 1475813719.775
[1, 17200] loss: 978528390.850
[1, 17220] loss: 407173778.950
[1, 17240] loss: 666107721.311
[1, 17260] loss: 827247721.250
[1, 17280] loss: 1076089695.247
[1, 17300] loss: 545876662.794
[1, 17320] loss: 478847499.650
[1, 17340] loss: 864866991.525
[1, 17360] loss: 742690536.800
[1, 17380] loss: 749381876.800
[1, 17400] loss: 431819036.121
[1, 17420] loss: 973109514.853
[1, 17440] loss: 434842025.988
[1, 17460] loss: 388551619.275
[1, 17480] loss: 300184180.000
[1, 17500] loss: 923530621.200
[1, 17520] loss: 474675187.438
[1, 17540] loss: 462086212.725
[1, 17560] loss: 600715238.577
[1, 17580] loss: 410397819.758
[1, 17600] loss: 532273129.900
[1, 17620] loss: 600536113.250
[1, 17640] loss: 1090170322.690
[1, 17660] loss: 541816588.797
[1, 17680] loss: 312037844.625
[1, 17700] loss: 795410441.850
[1, 17720] loss: 142940612.225
[1, 17740] loss: 232352232.481
[1, 17760] loss: 411119108.779
[1, 17780] loss: 608388344.050
[1, 17800] loss: 424653215.900
[1, 17820] loss: 610024084.800
[1, 17840] loss: 319672356.419
[1, 17860] loss: 543283675.431
[1, 17880] loss: 612029106.467
[1, 17900] loss: 294721661.488
[1, 17920] loss: 262258611.459
[1, 17940] loss: 471360352.984
[1, 17960] loss: 573637833.100
[1, 17980] loss: 486333629.277
[1, 18000] loss: 444413510.363
[1, 18020] loss: 560206874.522
[1, 18040] loss: 763080511.219
[1, 18060] loss: 417855820.550
[1, 18080] loss: 253594317.632
[1, 18100] loss: 358720081.962
[1, 18120] loss: 520222220.431
[1, 18140] loss: 355170269.372
[1, 18160] loss: 768921645.600
[1, 18180] loss: 256473470.066
[1, 18200] loss: 409909332.306
[1, 18220] loss: 341975461.900
[1, 18240] loss: 783009872.375
[1, 18260] loss: 426152167.473
[1, 18280] loss: 248287099.850
[1, 18300] loss: 470796233.050
[1, 18320] loss: 499834395.616
[1, 18340] loss: 1125645542.743
[1, 18360] loss: 237284930.800
[1, 18380] loss: 344234955.900
[1, 18400] loss: 194051317.672
[1, 18420] loss: 338422235.382
[1, 18440] loss: 175629514.562
[1, 18460] loss: 251114380.803
[1, 18480] loss: 197472319.589
[1, 18500] loss: 356332760.959
[1, 18520] loss: 226277638.641
[1, 18540] loss: 319207338.500
[1, 18560] loss: 609146007.291
[1, 18580] loss: 244527092.463
[1, 18600] loss: 432743301.398
[1, 18620] loss: 246996845.409
[1, 18640] loss: 196356881.150
[1, 18660] loss: 139654704.898
[1, 18680] loss: 272621464.812
[1, 18700] loss: 403720703.387
[1, 18720] loss: 249779770.000
[1, 18740] loss: 183584597.338
[1, 18760] loss: 181367728.427
[1, 18780] loss: 231291497.262
[1, 18800] loss: 261251801.962
[1, 18820] loss: 149801682.374
[1, 18840] loss: 403981863.081
[1, 18860] loss: 127649294.661
[1, 18880] loss: 291784007.320
[1, 18900] loss: 131348702.281
[1, 18920] loss: 413529902.491
[1, 18940] loss: 575737255.225
[1, 18960] loss: 451698894.462
[1, 18980] loss: 221368639.117
[1, 19000] loss: 621586168.155
[1, 19020] loss: 364954730.384
[1, 19040] loss: 744469397.469
[1, 19060] loss: 328646099.903
[1, 19080] loss: 295522890.141
[1, 19100] loss: 252218896.077
[1, 19120] loss: 159279230.748
[1, 19140] loss: 145764064.094
[1, 19160] loss: 221812054.975
[1, 19180] loss: 129003414.641
[1, 19200] loss: 100490701.683
[1, 19220] loss: 132615217.335
[1, 19240] loss: 172634888.200
[1, 19260] loss: 264374154.237
[1, 19280] loss: 294212964.483
[1, 19300] loss: 128303406.209
[1, 19320] loss: 107984164.055
[1, 19340] loss: 188613714.772
[1, 19360] loss: 115569977.017
[1, 19380] loss: 158137945.836
[1, 19400] loss: 116984466.895
[1, 19420] loss: 513690520.575
[1, 19440] loss: 439185472.400
[1, 19460] loss: 175161457.809
[1, 19480] loss: 258085625.975
[1, 19500] loss: 275925909.424
[1, 19520] loss: 120343770.862
[1, 19540] loss: 97318453.419
[1, 19560] loss: 132576162.200
[1, 19580] loss: 230859598.800
[1, 19600] loss: 218093729.887
[1, 19620] loss: 63365259.102
[1, 19640] loss: 98940569.598
[1, 19660] loss: 120795939.388
[1, 19680] loss: 215180550.194
[1, 19700] loss: 115837591.106
[1, 19720] loss: 502421604.778
[1, 19740] loss: 216948569.287
[1, 19760] loss: 110753527.594
[1, 19780] loss: 154495230.725
[1, 19800] loss: 286289371.400
[1, 19820] loss: 149788461.417
[1, 19840] loss: 161646288.525
[1, 19860] loss: 141273012.262
[1, 19880] loss: 195615776.269
[1, 19900] loss: 135463584.327
[1, 19920] loss: 150926087.465
[1, 19940] loss: 185729366.975
[1, 19960] loss: 143014940.287
[1, 19980] loss: 103236461.909
[1, 20000] loss: 126333082.406
[1, 20020] loss: 97848777.856
[1, 20040] loss: 165218527.114
[1, 20060] loss: 87921992.981
[1, 20080] loss: 179271286.704
[1, 20100] loss: 114983403.130
[1, 20120] loss: 103883464.849
[1, 20140] loss: 118677096.345
[1, 20160] loss: 168101294.281
[1, 20180] loss: 68503179.119
[1, 20200] loss: 147130217.209
[1, 20220] loss: 151237935.875
[1, 20240] loss: 184702646.132
[1, 20260] loss: 121139693.803
[1, 20280] loss: 175496966.050
[1, 20300] loss: 210672978.722
[1, 20320] loss: 78646233.305
[1, 20340] loss: 100713064.112
[1, 20360] loss: 130929358.480
[1, 20380] loss: 127082857.480
[1, 20400] loss: 77934488.499
[1, 20420] loss: 153275456.012
[1, 20440] loss: 142283630.611
[1, 20460] loss: 227161927.586
[1, 20480] loss: 141171645.939
[1, 20500] loss: 37453689.256
[1, 20520] loss: 98863494.228
[1, 20540] loss: 71453152.618
[1, 20560] loss: 59933893.933
[1, 20580] loss: 95903717.175
[1, 20600] loss: 50988869.622
[1, 20620] loss: 85048850.462
[1, 20640] loss: 62489292.112
[1, 20660] loss: 81206924.758
[1, 20680] loss: 74372678.953
[1, 20700] loss: 56121499.230
[1, 20720] loss: 38477196.106
[1, 20740] loss: 64340795.207
[1, 20760] loss: 79179863.677
[1, 20780] loss: 101215989.828
[1, 20800] loss: 65557791.003
[1, 20820] loss: 84421824.569
[1, 20840] loss: 51861113.463
[1, 20860] loss: 51637315.288
[1, 20880] loss: 114124410.198
[1, 20900] loss: 60153728.356
[1, 20920] loss: 30118226.054
[1, 20940] loss: 64876293.452
[1, 20960] loss: 53068842.360
[1, 20980] loss: 85024247.402
[1, 21000] loss: 55837724.679
[1, 21020] loss: 100569893.398
[1, 21040] loss: 201716571.323
[1, 21060] loss: 53299898.634
[1, 21080] loss: 108107121.333
[1, 21100] loss: 94110001.706
[1, 21120] loss: 62206377.787
[1, 21140] loss: 71392563.699
[1, 21160] loss: 68737930.691
[1, 21180] loss: 63575263.620
[1, 21200] loss: 66919941.109
[1, 21220] loss: 103147024.762
[1, 21240] loss: 62453474.969
[1, 21260] loss: 66310731.081
[1, 21280] loss: 87886908.127
[1, 21300] loss: 63185020.697
[1, 21320] loss: 41217299.508
[1, 21340] loss: 120714859.275
[1, 21360] loss: 55805627.888
[1, 21380] loss: 27197944.839
[1, 21400] loss: 34475588.146
[1, 21420] loss: 56754194.098
[1, 21440] loss: 30520401.837
[1, 21460] loss: 55282536.773
[1, 21480] loss: 30265520.559
[1, 21500] loss: 42677509.454
[1, 21520] loss: 45211576.615
[1, 21540] loss: 31686227.028
[1, 21560] loss: 52849268.006
[1, 21580] loss: 38929489.841
[1, 21600] loss: 50886687.259
[1, 21620] loss: 71501342.331
[1, 21640] loss: 53003257.984
[1, 21660] loss: 25211397.880
[1, 21680] loss: 28498264.132
[1, 21700] loss: 33414285.402
[1, 21720] loss: 127002377.711
[1, 21740] loss: 60274230.291
[1, 21760] loss: 61277545.231
[1, 21780] loss: 36042773.587
[1, 21800] loss: 42690707.097
[1, 21820] loss: 35765437.299
[1, 21840] loss: 93531577.338
[1, 21860] loss: 71376143.152
[1, 21880] loss: 13427294.437
[1, 21900] loss: 53846036.708
[1, 21920] loss: 30417450.009
[1, 21940] loss: 32717454.039
[1, 21960] loss: 14820973.106
[1, 21980] loss: 55207848.152
[1, 22000] loss: 21858307.445
[1, 22020] loss: 39412559.788
[1, 22040] loss: 20221053.099
[1, 22060] loss: 42363446.294
[1, 22080] loss: 42635781.300
[1, 22100] loss: 18097857.439
[1, 22120] loss: 43876578.401
[1, 22140] loss: 61598159.712
[1, 22160] loss: 39304618.606
[1, 22180] loss: 29575918.395
[1, 22200] loss: 38829296.848
[1, 22220] loss: 36113005.991
[1, 22240] loss: 48767045.447
[1, 22260] loss: 57829511.880
[1, 22280] loss: 53106972.318
[1, 22300] loss: 31588687.226
[1, 22320] loss: 37439882.134
[1, 22340] loss: 26457284.317
[1, 22360] loss: 25771125.708
[1, 22380] loss: 34911055.681
[1, 22400] loss: 59517944.159
[1, 22420] loss: 23548211.775
[1, 22440] loss: 54403299.692
[1, 22460] loss: 34366100.316
[1, 22480] loss: 34290341.598
[1, 22500] loss: 30979124.934
[1, 22520] loss: 24658318.495
[1, 22540] loss: 28914588.147
[1, 22560] loss: 38806677.337
[1, 22580] loss: 26015171.065
[1, 22600] loss: 19046878.773
[1, 22620] loss: 30823184.168
[1, 22640] loss: 20220939.882
[1, 22660] loss: 21681275.600
[1, 22680] loss: 17889238.797
[1, 22700] loss: 18412323.749
[1, 22720] loss: 26300158.643
[1, 22740] loss: 18726467.865
[1, 22760] loss: 28093540.648
[1, 22780] loss: 33198086.748
[1, 22800] loss: 20617815.043
[1, 22820] loss: 23333362.952
[1, 22840] loss: 28810365.581
[1, 22860] loss: 22181476.583
[1, 22880] loss: 30047056.889
[1, 22900] loss: 23757497.246
[1, 22920] loss: 16672412.194
[1, 22940] loss: 16343063.148
[1, 22960] loss: 29148816.553
[1, 22980] loss: 18618064.889
[1, 23000] loss: 16500704.589
[1, 23020] loss: 6051518.281
[1, 23040] loss: 22181515.234
[1, 23060] loss: 19310614.421
[1, 23080] loss: 35977650.158
[1, 23100] loss: 19452310.851
[1, 23120] loss: 14208852.560
[1, 23140] loss: 17309161.482
[1, 23160] loss: 23842598.602
[1, 23180] loss: 10475969.056
[1, 23200] loss: 15334817.974
[1, 23220] loss: 19577050.976
[1, 23240] loss: 5189428.251
[1, 23260] loss: 20350203.877
[1, 23280] loss: 15490616.015
[1, 23300] loss: 27395168.799
[1, 23320] loss: 28806319.600
[1, 23340] loss: 21537512.829
[1, 23360] loss: 36541987.509
[1, 23380] loss: 15985015.852
[1, 23400] loss: 16294257.947
[1, 23420] loss: 16081771.269
[1, 23440] loss: 8760571.175
[1, 23460] loss: 14534470.670
[1, 23480] loss: 12977281.396
[1, 23500] loss: 18972494.079
[1, 23520] loss: 9019157.808
[1, 23540] loss: 11717186.702
[1, 23560] loss: 10380300.831
[1, 23580] loss: 13958798.427
[1, 23600] loss: 17741046.684
[1, 23620] loss: 11187001.623
[1, 23640] loss: 18299107.769
[1, 23660] loss: 21868298.793
[1, 23680] loss: 7804575.793
[1, 23700] loss: 8102435.134
[1, 23720] loss: 7597838.875
[1, 23740] loss: 13378541.193
[1, 23760] loss: 21395146.912
[1, 23780] loss: 31492792.466
[1, 23800] loss: 18880788.984
[1, 23820] loss: 20521418.577
[1, 23840] loss: 10228960.788
[1, 23860] loss: 7869865.829
[1, 23880] loss: 13733741.738
[1, 23900] loss: 12487010.779
[1, 23920] loss: 11806929.852
[1, 23940] loss: 9799048.584
[1, 23960] loss: 15843653.394
[1, 23980] loss: 15055974.851
[1, 24000] loss: 7522305.312
[1, 24020] loss: 12178206.578
[1, 24040] loss: 13453875.434
[1, 24060] loss: 7215846.080
[1, 24080] loss: 18378548.893
[1, 24100] loss: 14935556.429
[1, 24120] loss: 14385000.620
[1, 24140] loss: 6711071.927
[1, 24160] loss: 10972851.413
[1, 24180] loss: 8344582.827
[1, 24200] loss: 10415353.226
[1, 24220] loss: 15594634.069
[1, 24240] loss: 39287901.785
[1, 24260] loss: 8720726.696
[1, 24280] loss: 9866290.840
[1, 24300] loss: 5522620.871
[1, 24320] loss: 8458710.464
[1, 24340] loss: 4752204.216
[1, 24360] loss: 2833654.573
[1, 24380] loss: 7773049.386
[1, 24400] loss: 8421602.364
[1, 24420] loss: 8544785.172
[1, 24440] loss: 6948308.499
[1, 24460] loss: 4604135.272
[1, 24480] loss: 9772322.903
[1, 24500] loss: 4650375.682
[1, 24520] loss: 10719787.613
[1, 24540] loss: 5602577.476
[1, 24560] loss: 8222459.039
[1, 24580] loss: 6966880.975
[1, 24600] loss: 2058273.051
[1, 24620] loss: 11643322.548
[1, 24640] loss: 3412756.521
[1, 24660] loss: 10639339.575
[1, 24680] loss: 6126132.621
[1, 24700] loss: 11747166.207
[1, 24720] loss: 7128012.855
[1, 24740] loss: 6609806.631
[1, 24760] loss: 4156375.129
[1, 24780] loss: 6939689.279
[1, 24800] loss: 6406836.208
[1, 24820] loss: 5379111.770
[1, 24840] loss: 8221857.058
[1, 24860] loss: 8363030.320
[1, 24880] loss: 4209498.447
[1, 24900] loss: 5615369.713
[1, 24920] loss: 2880617.127
[1, 24940] loss: 4459761.966
[1, 24960] loss: 7166034.957
[1, 24980] loss: 8206425.338
[1, 25000] loss: 4472915.303
[1, 25020] loss: 4513330.037
[1, 25040] loss: 6259840.672
[1, 25060] loss: 3879501.985
[1, 25080] loss: 6103209.722
[1, 25100] loss: 3419311.472
[1, 25120] loss: 4686280.743
[1, 25140] loss: 6795920.329
[1, 25160] loss: 4786150.544
[1, 25180] loss: 2887193.067
[1, 25200] loss: 6709934.984
[1, 25220] loss: 4653597.023
[1, 25240] loss: 8624663.339
[1, 25260] loss: 2879014.783
[1, 25280] loss: 3145635.390
[1, 25300] loss: 3050244.205
[1, 25320] loss: 4481394.962
[1, 25340] loss: 1871009.480
[1, 25360] loss: 4801915.274
[1, 25380] loss: 6678165.792
[1, 25400] loss: 8260168.489
[1, 25420] loss: 3189225.803
[1, 25440] loss: 3521542.850
[1, 25460] loss: 1648785.286
[1, 25480] loss: 4434879.574
[1, 25500] loss: 9118548.968
[1, 25520] loss: 5110057.734
[1, 25540] loss: 2661429.899
[1, 25560] loss: 3368892.246
[1, 25580] loss: 8641369.289
[1, 25600] loss: 7195251.913
[1, 25620] loss: 8210696.627
[1, 25640] loss: 6326450.165
[1, 25660] loss: 3648551.888
[1, 25680] loss: 4856198.685
[1, 25700] loss: 2606602.577
[1, 25720] loss: 2027682.004
[1, 25740] loss: 3685942.894
[1, 25760] loss: 2233972.069
[1, 25780] loss: 1589831.768
[1, 25800] loss: 6516772.166
[1, 25820] loss: 2150498.677
[1, 25840] loss: 2116732.497
[1, 25860] loss: 2965210.798
[1, 25880] loss: 11263141.058
[1, 25900] loss: 3506236.915
[1, 25920] loss: 1998301.638
[1, 25940] loss: 1945057.612
[1, 25960] loss: 4371844.813
[1, 25980] loss: 3743743.212
[1, 26000] loss: 1295929.551
[1, 26020] loss: 2463896.639
[1, 26040] loss: 3151158.389
[1, 26060] loss: 2161963.065
[1, 26080] loss: 2834291.831
[1, 26100] loss: 2722694.710
[1, 26120] loss: 1895099.082
[1, 26140] loss: 3236505.270
[1, 26160] loss: 4273916.753
[1, 26180] loss: 3688534.029
[1, 26200] loss: 2656859.017
[1, 26220] loss: 1916152.080
[1, 26240] loss: 2092874.067
[1, 26260] loss: 2883192.115
[1, 26280] loss: 2068523.304
[1, 26300] loss: 1763194.892
[1, 26320] loss: 1911645.471
[1, 26340] loss: 1328346.941
[1, 26360] loss: 2349247.857
[1, 26380] loss: 2031680.463
[1, 26400] loss: 1850379.218
[1, 26420] loss: 1602984.944
[1, 26440] loss: 2320491.924
[1, 26460] loss: 1566839.452
[1, 26480] loss: 1335216.782
[1, 26500] loss: 632273.148
[1, 26520] loss: 1502917.326
[1, 26540] loss: 1220048.964
[1, 26560] loss: 1294569.179
[1, 26580] loss: 1881860.115
[1, 26600] loss: 2406185.627
[1, 26620] loss: 1692180.855
[1, 26640] loss: 1689151.392
[1, 26660] loss: 1361819.854
[1, 26680] loss: 1674779.209
[1, 26700] loss: 2004744.739
[1, 26720] loss: 1739699.834
[1, 26740] loss: 1163163.308
[1, 26760] loss: 2277275.374
[1, 26780] loss: 1511616.199
[1, 26800] loss: 879072.759
[1, 26820] loss: 821324.549
[1, 26840] loss: 2209767.231
[1, 26860] loss: 1165284.886
[1, 26880] loss: 1728317.197
[1, 26900] loss: 695313.784
[1, 26920] loss: 1212056.557
[1, 26940] loss: 1767505.848
[1, 26960] loss: 996990.891
[1, 26980] loss: 1369217.474
[1, 27000] loss: 530426.200
[1, 27020] loss: 898950.961
[1, 27040] loss: 1257839.792
[1, 27060] loss: 1082203.265
[1, 27080] loss: 2484842.211
[1, 27100] loss: 1682063.788
[1, 27120] loss: 1155036.079
[1, 27140] loss: 1439277.476
[1, 27160] loss: 2398317.623
[1, 27180] loss: 1655125.946
[1, 27200] loss: 2948008.920
[1, 27220] loss: 1060466.905
[1, 27240] loss: 1610606.635
[1, 27260] loss: 1342092.654
[1, 27280] loss: 1155778.865
[1, 27300] loss: 1565865.888
[1, 27320] loss: 2088972.668
[1, 27340] loss: 885731.452
[1, 27360] loss: 3516566.287
[1, 27380] loss: 1050323.615
[1, 27400] loss: 793135.492
[1, 27420] loss: 1181351.230
[1, 27440] loss: 973628.831
[1, 27460] loss: 955321.292
[1, 27480] loss: 1966546.738
[1, 27500] loss: 1582045.675
[1, 27520] loss: 831017.616
[1, 27540] loss: 1505934.298
[1, 27560] loss: 886706.282
[1, 27580] loss: 966415.899
[1, 27600] loss: 503219.061
[1, 27620] loss: 1073781.948
[1, 27640] loss: 936830.464
[1, 27660] loss: 716529.744
[1, 27680] loss: 291783.891
[1, 27700] loss: 864248.157
[1, 27720] loss: 476219.376
[1, 27740] loss: 615887.133
[1, 27760] loss: 2223426.940
[1, 27780] loss: 1454614.867
[1, 27800] loss: 688271.149
[1, 27820] loss: 511021.910
[1, 27840] loss: 1451281.231
[1, 27860] loss: 716038.825
[1, 27880] loss: 424066.000
[1, 27900] loss: 514325.328
[1, 27920] loss: 599401.920
[1, 27940] loss: 878782.304
[1, 27960] loss: 541986.396
[1, 27980] loss: 658304.007
[1, 28000] loss: 1942919.301
[1, 28020] loss: 794605.019
[1, 28040] loss: 651875.531
[1, 28060] loss: 796716.691
[1, 28080] loss: 443764.567
[1, 28100] loss: 978830.043
[1, 28120] loss: 629502.045
[1, 28140] loss: 1837161.933
[1, 28160] loss: 1065317.213
[1, 28180] loss: 805146.196
[1, 28200] loss: 396753.250
[1, 28220] loss: 821943.236
[1, 28240] loss: 697856.463
[1, 28260] loss: 626339.397
[1, 28280] loss: 934500.471
[1, 28300] loss: 826925.602
[1, 28320] loss: 1013846.700
[1, 28340] loss: 305983.075
[1, 28360] loss: 478715.161
[1, 28380] loss: 391255.622
[1, 28400] loss: 406540.929
[1, 28420] loss: 510614.527
[1, 28440] loss: 502359.994
[1, 28460] loss: 361850.048
[1, 28480] loss: 468151.726
[1, 28500] loss: 498795.330
[1, 28520] loss: 491996.272
[1, 28540] loss: 303038.314
[1, 28560] loss: 376367.171
[1, 28580] loss: 1030262.602
[1, 28600] loss: 852031.933
[1, 28620] loss: 593383.893
[1, 28640] loss: 1254220.228
[1, 28660] loss: 318717.288
[1, 28680] loss: 472611.411
[1, 28700] loss: 545767.898
[1, 28720] loss: 581490.405
[1, 28740] loss: 249646.015
[1, 28760] loss: 609955.342
[1, 28780] loss: 318132.421
[1, 28800] loss: 440048.055
[1, 28820] loss: 355517.274
[1, 28840] loss: 265015.981
[1, 28860] loss: 506883.675
[1, 28880] loss: 643999.021
[1, 28900] loss: 189656.386
[1, 28920] loss: 770340.913
[1, 28940] loss: 734034.352
[1, 28960] loss: 548256.960
[1, 28980] loss: 277319.171
[1, 29000] loss: 427261.393
[1, 29020] loss: 413846.576
[1, 29040] loss: 562155.772
[1, 29060] loss: 398155.654
[1, 29080] loss: 426695.117
[1, 29100] loss: 271367.563
[1, 29120] loss: 672144.885
[1, 29140] loss: 732069.777
[1, 29160] loss: 660946.568
[1, 29180] loss: 500310.279
[1, 29200] loss: 388238.703
[1, 29220] loss: 418840.010
[1, 29240] loss: 614062.274
[1, 29260] loss: 557973.050
[1, 29280] loss: 424305.350
[1, 29300] loss: 159442.419
[1, 29320] loss: 467689.216
[1, 29340] loss: 749783.692
[1, 29360] loss: 438137.924
[1, 29380] loss: 487243.024
[1, 29400] loss: 219248.440
[1, 29420] loss: 387832.580
[1, 29440] loss: 470105.331
[1, 29460] loss: 557789.984
[1, 29480] loss: 292240.116
[1, 29500] loss: 465836.789
[1, 29520] loss: 609656.281
[1, 29540] loss: 326448.034
[1, 29560] loss: 205633.315
[1, 29580] loss: 321951.852
[1, 29600] loss: 319904.524
[1, 29620] loss: 379753.987
[1, 29640] loss: 513238.098
[1, 29660] loss: 317037.146
[1, 29680] loss: 343874.565
[1, 29700] loss: 351716.574
[1, 29720] loss: 298010.259
[1, 29740] loss: 535961.557
[1, 29760] loss: 266898.595
[1, 29780] loss: 307707.343
[1, 29800] loss: 376928.853
[1, 29820] loss: 141883.152
[1, 29840] loss: 204761.868
[1, 29860] loss: 392514.862
[1, 29880] loss: 246703.533
[1, 29900] loss: 349753.323
[1, 29920] loss: 211250.201
[1, 29940] loss: 364948.849
[1, 29960] loss: 306922.156
[1, 29980] loss: 174243.462
[1, 30000] loss: 171873.726
[1, 30020] loss: 237645.750
[1, 30040] loss: 285161.323
[1, 30060] loss: 368323.933
[1, 30080] loss: 462291.622
[1, 30100] loss: 318278.012
[1, 30120] loss: 683309.897
[1, 30140] loss: 329251.296
[1, 30160] loss: 386961.633
[1, 30180] loss: 201288.728
[1, 30200] loss: 224488.318
[1, 30220] loss: 144099.165
[1, 30240] loss: 69562.381
[1, 30260] loss: 150578.139
[1, 30280] loss: 251658.495
[1, 30300] loss: 280854.728
[1, 30320] loss: 219277.860
[1, 30340] loss: 177732.232
[1, 30360] loss: 329202.971
[1, 30380] loss: 286809.484
[1, 30400] loss: 425409.131
[1, 30420] loss: 320252.287
[1,    20] loss: 636949.371
[1,    40] loss: 368982.165
[1,    60] loss: 259484.902
[1,    80] loss: 234884.752
[1,   100] loss: 288714.508
[1,   120] loss: 275118.187
[1,   140] loss: 265283.988
[1,   160] loss: 249189.726
[1,   180] loss: 229233.585
[1,   200] loss: 229876.623
[1,   220] loss: 214539.700
[1,   240] loss: 213923.408
[1,   260] loss: 214123.191
[1,   280] loss: 209480.608
[1,   300] loss: 203680.709
[1,   320] loss: 202466.788
[1,   340] loss: 206250.661
[1,   360] loss: 207724.067
[1,   380] loss: 201476.929
[1,   400] loss: 192773.554
[1,   420] loss: 183986.904
[1,   440] loss: 176766.049
[1,   460] loss: 173801.926
[1,   480] loss: 167496.348
[1,   500] loss: 165347.263
[1,   520] loss: 169470.288
[1,   540] loss: 169101.834
[1,   560] loss: 163740.016
[1,   580] loss: 160140.573
[1,   600] loss: 155788.038
[1,   620] loss: 151024.705
[1,   640] loss: 147269.848
[1,   660] loss: 145369.892
[1,   680] loss: 141876.758
[1,   700] loss: 138157.876
[1,   720] loss: 134750.918
[1,   740] loss: 131888.337
[1,   760] loss: 128927.565
[1,   780] loss: 126257.319
[1,   800] loss: 123369.795
[1,   820] loss: 120888.386
[1,   840] loss: 118320.373
[1,   860] loss: 115647.447
[1,   880] loss: 113109.833
[1,   900] loss: 110798.078
[1,   920] loss: 108518.227
[1,   940] loss: 107054.274
[1,   960] loss: 106267.495
[1,   980] loss: 107116.909
[1,  1000] loss: 105756.225
[1,  1020] loss: 105785.991
[1,  1040] loss: 104760.934
[1,  1060] loss: 103638.473
[1,  1080] loss: 104193.839
[1,  1100] loss: 113433.632
[1,  1120] loss: 121582.178
[1,  1140] loss: 133236.077
[1,  1160] loss: 140685.715
[1,  1180] loss: 141982.245
[1,  1200] loss: 140635.569
[1,  1220] loss: 141489.481
[1,  1240] loss: 142331.297
[1,  1260] loss: 143453.030
[1,  1280] loss: 145174.075
[1,  1300] loss: 147733.543
[1,  1320] loss: 146773.022
[1,  1340] loss: 145037.921
[1,  1360] loss: 144096.230
[1,  1380] loss: 143800.036
[1,  1400] loss: 142491.298
[1,  1420] loss: 140830.834
[1,  1440] loss: 138905.210
[1,  1460] loss: 137009.353
[1,  1480] loss: 135159.796
[1,  1500] loss: 133369.268
[1,  1520] loss: 131731.094
[1,  1540] loss: 130461.136
[1,  1560] loss: 130049.521
[1,  1580] loss: 130150.449
[1,  1600] loss: 131282.834
[1,  1620] loss: 131272.998
[1,  1640] loss: 131327.441
[1,  1660] loss: 133326.178
[1,  1680] loss: 132520.101
[1,  1700] loss: 132379.040
[1,  1720] loss: 132880.189
[1,  1740] loss: 133782.803
[1,  1760] loss: 134007.489
[1,  1780] loss: 133936.322
[1,  1800] loss: 135947.198
[1,  1820] loss: 137907.426
[1,  1840] loss: 141858.673
[1,  1860] loss: 143270.423
[1,  1880] loss: 144965.048
[1,  1900] loss: 147059.837
[1,  1920] loss: 148818.276
[1,  1940] loss: 149901.371
[1,  1960] loss: 151429.629
[1,  1980] loss: 154774.575
[1,  2000] loss: 156695.099
[1,  2020] loss: 160456.805
[1,  2040] loss: 163869.762
[1,  2060] loss: 165357.227
[1,  2080] loss: 166433.903
[1,  2100] loss: 166644.801
[1,  2120] loss: 166041.221
[1,  2140] loss: 164785.187
[1,  2160] loss: 163920.010
[1,  2180] loss: 162991.390
[1,  2200] loss: 161610.678
[1,  2220] loss: 160187.930
[1,  2240] loss: 159717.272
[1,  2260] loss: 158525.031
[1,  2280] loss: 157731.777
[1,  2300] loss: 156781.050
[1,  2320] loss: 155611.410
[1,  2340] loss: 156515.848
[1,  2360] loss: 157607.539
[1,  2380] loss: 156829.697
[1,  2400] loss: 155887.377
[1,  2420] loss: 155385.857
[1,  2440] loss: 154526.971
[1,  2460] loss: 153364.128
[1,  2480] loss: 152651.038
[1,  2500] loss: 151557.712
[1,  2520] loss: 150448.627
[1,  2540] loss: 149431.549
[1,  2560] loss: 148348.299
[1,  2580] loss: 147213.898
[1,  2600] loss: 146107.029
[1,  2620] loss: 145344.961
[1,  2640] loss: 145036.663
[1,  2660] loss: 144415.571
[1,  2680] loss: 143365.420
[1,  2700] loss: 142320.295
[1,  2720] loss: 141363.937
[1,  2740] loss: 140365.307
[1,  2760] loss: 139480.882
[1,  2780] loss: 138679.313
[1,  2800] loss: 138011.350
[1,  2820] loss: 137302.261
[1,  2840] loss: 136398.236
[1,  2860] loss: 135718.808
[1,  2880] loss: 135317.118
[1,  2900] loss: 134515.478
[1,  2920] loss: 133649.252
[1,  2940] loss: 133086.575
[1,  2960] loss: 132957.579
[1,  2980] loss: 132238.210
[1,  3000] loss: 131496.729
[1,  3020] loss: 130785.765
[1,  3040] loss: 129990.050
[1,  3060] loss: 129186.842
[1,  3080] loss: 128422.090
[1,  3100] loss: 127789.452
[1,  3120] loss: 127166.086
[1,  3140] loss: 126825.427
[1,  3160] loss: 128593.240
[1,  3180] loss: 132337.568
[1,  3200] loss: 137253.555
[1,  3220] loss: 140054.224
[1,  3240] loss: 139693.792
[1,  3260] loss: 139316.612
[1,  3280] loss: 140261.578
[1,  3300] loss: 140674.648
[1,  3320] loss: 141023.802
[1,  3340] loss: 141334.956
[1,  3360] loss: 141614.094
