cuda:  0
color_space: RGB
batch_size: 1
num_epcochs: 1
learning_rate: 0.003
[1,    20] loss: 387.353
[1,    40] loss: 562.005
[1,    60] loss: 96017.769
[1,    80] loss: 768024.687
[1,   100] loss: 1534918.105
[1,   120] loss: 40486896.935
[1,   140] loss: 17032341.432
[1,   160] loss: 84201281.587
[1,   180] loss: 3374086.960
[1,   200] loss: 702335.282
[1,   220] loss: 373696.720
[1,   240] loss: 59113.760
[1,   260] loss: 17830.471
[1,   280] loss: 20569.544
[1,   300] loss: 15054.025
[1,   320] loss: 7242.841
[1,   340] loss: 5606.541
[1,   360] loss: 3175.481
[1,   380] loss: 2446.352
[1,   400] loss: 2017.852
[1,   420] loss: 1719.098
[1,   440] loss: 1854.869
[1,   460] loss: 1237.011
[1,   480] loss: 1444.996
[1,   500] loss: 1681.724
[1,   520] loss: 2253.047
[1,   540] loss: 1431.812
[1,   560] loss: 874.795
[1,   580] loss: 1106.134
[1,   600] loss: 961.870
[1,   620] loss: 771.955
[1,   640] loss: 792.498
[1,   660] loss: 340.186
[1,   680] loss: 429.024
[1,   700] loss: 526.909
[1,   720] loss: 819.125
[1,   740] loss: 1124.538
[1,   760] loss: 1161.836
[1,   780] loss: 1116.984
[1,   800] loss: 699.275
[1,   820] loss: 624.007
[1,   840] loss: 786.872
[1,   860] loss: 548.726
[1,   880] loss: 470.079
[1,   900] loss: 777.448
[1,   920] loss: 973.282
[1,   940] loss: 736.961
[1,   960] loss: 772.080
[1,   980] loss: 340.324
[1,  1000] loss: 193.959
[1,  1020] loss: 395.695
[1,  1040] loss: 449.976
[1,  1060] loss: 368.568
[1,  1080] loss: 236.060
[1,  1100] loss: 211.067
[1,  1120] loss: 622.902
[1,  1140] loss: 256.450
[1,  1160] loss: 504.203
[1,  1180] loss: 205.811
[1,  1200] loss: 510.008
[1,  1220] loss: 225.095
[1,  1240] loss: 201.927
[1,  1260] loss: 292.202
[1,  1280] loss: 340.551
[1,  1300] loss: 405.653
[1,  1320] loss: 341.702
[1,  1340] loss: 523.741
[1,  1360] loss: 496.292
[1,  1380] loss: 382.209
[1,  1400] loss: 138.507
[1,  1420] loss: 256.454
[1,  1440] loss: 168.712
[1,  1460] loss: 158.781
[1,  1480] loss: 240.425
[1,  1500] loss: 736.174
[1,  1520] loss: 974.727
[1,  1540] loss: 384.496
[1,  1560] loss: 317.992
[1,  1580] loss: 167.354
[1,  1600] loss: 169.584
[1,  1620] loss: 214.887
[1,  1640] loss: 463.820
[1,  1660] loss: 95.424
[1,  1680] loss: 247.072
[1,  1700] loss: 159.406
[1,  1720] loss: 195.549
[1,  1740] loss: 110.834
[1,  1760] loss: 372.700
[1,  1780] loss: 348.894
[1,  1800] loss: 400.720
[1,  1820] loss: 266.681
[1,  1840] loss: 144.789
[1,  1860] loss: 68.587
[1,  1880] loss: 116.213
[1,  1900] loss: 273.801
[1,  1920] loss: 33.911
[1,  1940] loss: 113.809
[1,  1960] loss: 163.576
[1,  1980] loss: 101.326
[1,  2000] loss: 69.994
[1,  2020] loss: 105.844
[1,  2040] loss: 207.711
[1,  2060] loss: 212.560
[1,  2080] loss: 244.506
[1,  2100] loss: 262.867
[1,  2120] loss: 395.706
[1,  2140] loss: 593.992
[1,  2160] loss: 374.278
[1,  2180] loss: 185.779
[1,  2200] loss: 94.393
[1,  2220] loss: 62.164
[1,  2240] loss: 97.984
[1,  2260] loss: 230.194
[1,  2280] loss: 103.124
[1,  2300] loss: 161.899
[1,  2320] loss: 236.649
[1,  2340] loss: 188.435
[1,  2360] loss: 155.406
[1,  2380] loss: 130.178
[1,  2400] loss: 213.232
[1,  2420] loss: 43.867
[1,  2440] loss: 164.095
[1,  2460] loss: 384.760
[1,  2480] loss: 371.120
[1,  2500] loss: 344.269
[1,  2520] loss: 235.982
[1,  2540] loss: 155.901
[1,  2560] loss: 156.764
[1,  2580] loss: 72.149
[1,  2600] loss: 62.565
[1,  2620] loss: 81.295
[1,  2640] loss: 240.480
[1,  2660] loss: 430.119
[1,  2680] loss: 332.903
[1,  2700] loss: 129.448
[1,  2720] loss: 143.487
[1,  2740] loss: 151.868
[1,  2760] loss: 43.999
[1,  2780] loss: 70.522
[1,  2800] loss: 42.356
[1,  2820] loss: 49.848
[1,  2840] loss: 53.126
[1,  2860] loss: 77.857
[1,  2880] loss: 54.329
[1,  2900] loss: 99.218
[1,  2920] loss: 98.528
[1,  2940] loss: 219.631
[1,  2960] loss: 446.838
[1,  2980] loss: 1011.198
[1,  3000] loss: 615.514
[1,  3020] loss: 161.115
[1,  3040] loss: 116.316
[1,  3060] loss: 63.945
[1,  3080] loss: 145.601
[1,  3100] loss: 55.084
[1,  3120] loss: 51.233
[1,  3140] loss: 66.119
[1,  3160] loss: 31.272
[1,  3180] loss: 53.705
[1,  3200] loss: 117.676
[1,  3220] loss: 139.434
[1,  3240] loss: 248.826
[1,  3260] loss: 220.103
[1,  3280] loss: 103.241
[1,  3300] loss: 113.151
[1,  3320] loss: 35.000
[1,  3340] loss: 69.110
[1,  3360] loss: 49.303
[1,  3380] loss: 82.800
[1,  3400] loss: 65.111
[1,  3420] loss: 39.803
[1,  3440] loss: 186.185
[1,  3460] loss: 170.143
[1,  3480] loss: 144.229
[1,  3500] loss: 160.775
[1,  3520] loss: 126.093
[1,  3540] loss: 46.049
[1,  3560] loss: 60.738
[1,  3580] loss: 22.745
[1,  3600] loss: 43.796
[1,  3620] loss: 85.081
[1,  3640] loss: 274.823
[1,  3660] loss: 140.411
[1,  3680] loss: 29.110
[1,  3700] loss: 75.746
[1,  3720] loss: 53.531
[1,  3740] loss: 92.838
[1,  3760] loss: 136.009
[1,  3780] loss: 133.524
[1,  3800] loss: 232.003
[1,  3820] loss: 178.590
[1,  3840] loss: 838.536
[1,  3860] loss: 924.459
[1,  3880] loss: 233.244
[1,  3900] loss: 44.339
[1,  3920] loss: 37.016
[1,  3940] loss: 21.492
[1,  3960] loss: 26.291
[1,  3980] loss: 27.004
[1,  4000] loss: 29.940
[1,  4020] loss: 20.105
[1,  4040] loss: 13.685
[1,  4060] loss: 14.738
[1,  4080] loss: 68.784
[1,  4100] loss: 31.447
[1,  4120] loss: 14.777
[1,  4140] loss: 29.266
[1,  4160] loss: 37.505
[1,  4180] loss: 13.127
[1,  4200] loss: 14.435
[1,  4220] loss: 22.799
[1,  4240] loss: 13.086
[1,  4260] loss: 31.590
[1,  4280] loss: 27.148
[1,  4300] loss: 15.118
[1,  4320] loss: 77.734
[1,  4340] loss: 53.389
[1,  4360] loss: 36.892
[1,  4380] loss: 45.632
[1,  4400] loss: 30.951
[1,  4420] loss: 26.362
[1,  4440] loss: 26.357
[1,  4460] loss: 23.416
[1,  4480] loss: 47.525
[1,  4500] loss: 22.674
[1,  4520] loss: 26.393
[1,  4540] loss: 24.732
[1,  4560] loss: 16.155
[1,  4580] loss: 45.603
[1,  4600] loss: 15.842
[1,  4620] loss: 10.829
[1,  4640] loss: 17.692
[1,  4660] loss: 28.297
[1,  4680] loss: 10.527
[1,  4700] loss: 19.971
[1,  4720] loss: 20.812
[1,  4740] loss: 11.892
[1,  4760] loss: 20.047
[1,  4780] loss: 13.678
[1,  4800] loss: 21.241
[1,  4820] loss: 31.328
[1,  4840] loss: 39.974
[1,  4860] loss: 37.984
[1,  4880] loss: 8.670
[1,  4900] loss: 5.325
[1,  4920] loss: 15.229
[1,  4940] loss: 15.851
[1,  4960] loss: 12.602
[1,  4980] loss: 31.713
[1,  5000] loss: 17.453
[1,  5020] loss: 55.541
[1,  5040] loss: 26.279
[1,  5060] loss: 37.781
[1,  5080] loss: 17.707
[1,  5100] loss: 20.475
[1,  5120] loss: 24.466
[1,  5140] loss: 24.510
[1,  5160] loss: 48.255
[1,  5180] loss: 30.249
[1,  5200] loss: 18.317
[1,  5220] loss: 15.997
[1,  5240] loss: 26.847
[1,  5260] loss: 10.925
[1,  5280] loss: 14.343
[1,  5300] loss: 34.994
[1,  5320] loss: 16.379
[1,  5340] loss: 12.626
[1,  5360] loss: 17.319
[1,  5380] loss: 22.074
[1,  5400] loss: 21.608
[1,  5420] loss: 30.642
[1,  5440] loss: 13.039
[1,  5460] loss: 9.272
[1,  5480] loss: 15.291
[1,  5500] loss: 36.115
[1,  5520] loss: 44.007
[1,  5540] loss: 76.132
[1,  5560] loss: 429.215
[1,  5580] loss: 166.770
[1,  5600] loss: 47.752
[1,  5620] loss: 30.306
[1,  5640] loss: 35.599
[1,  5660] loss: 96.624
[1,  5680] loss: 48.362
[1,  5700] loss: 26.207
[1,  5720] loss: 65.149
[1,  5740] loss: 18.284
[1,  5760] loss: 5.184
[1,  5780] loss: 12.370
[1,  5800] loss: 10.951
[1,  5820] loss: 11.887
[1,  5840] loss: 28.860
[1,  5860] loss: 11.799
[1,  5880] loss: 22.260
[1,  5900] loss: 27.625
[1,  5920] loss: 45.078
[1,  5940] loss: 10.885
[1,  5960] loss: 11.197
[1,  5980] loss: 8.892
[1,  6000] loss: 8.255
[1,  6020] loss: 9.971
[1,  6040] loss: 8.182
[1,  6060] loss: 4.293
[1,  6080] loss: 3.140
[1,  6100] loss: 7.404
[1,  6120] loss: 19.205
[1,  6140] loss: 14.562
[1,  6160] loss: 23.803
[1,  6180] loss: 114.512
[1,  6200] loss: 364.993
[1,  6220] loss: 288.411
[1,  6240] loss: 158.544
[1,  6260] loss: 136.046
[1,  6280] loss: 20.890
[1,  6300] loss: 12.582
[1,  6320] loss: 14.553
[1,  6340] loss: 18.260
[1,  6360] loss: 6.965
[1,  6380] loss: 11.542
[1,  6400] loss: 13.251
[1,  6420] loss: 8.266
[1,  6440] loss: 9.949
[1,  6460] loss: 5.458
[1,  6480] loss: 23.321
[1,  6500] loss: 46.619
[1,  6520] loss: 18.407
[1,  6540] loss: 13.623
[1,  6560] loss: 8.133
[1,  6580] loss: 10.010
[1,  6600] loss: 6.173
[1,  6620] loss: 13.387
[1,  6640] loss: 7.912
[1,  6660] loss: 8.619
[1,  6680] loss: 10.121
[1,  6700] loss: 5.334
[1,  6720] loss: 11.029
[1,  6740] loss: 12.470
[1,  6760] loss: 12.378
[1,  6780] loss: 5.616
[1,  6800] loss: 4.464
[1,  6820] loss: 2.306
[1,  6840] loss: 2.031
[1,  6860] loss: 2.750
[1,  6880] loss: 1.048
[1,  6900] loss: 3.435
[1,  6920] loss: 3.746
[1,  6940] loss: 5.033
[1,  6960] loss: 4.575
[1,  6980] loss: 1.656
[1,  7000] loss: 2.509
[1,  7020] loss: 2.943
[1,  7040] loss: 4.459
[1,  7060] loss: 3.302
[1,  7080] loss: 4.294
[1,  7100] loss: 7.635
[1,  7120] loss: 5.193
[1,  7140] loss: 5.833
[1,  7160] loss: 2.166
[1,  7180] loss: 3.501
[1,  7200] loss: 3.091
[1,  7220] loss: 6.146
[1,  7240] loss: 3.715
[1,  7260] loss: 2.904
[1,  7280] loss: 3.311
[1,  7300] loss: 3.566
[1,  7320] loss: 3.920
[1,  7340] loss: 3.900
[1,  7360] loss: 7.159
[1,  7380] loss: 2.471
[1,  7400] loss: 1.905
[1,  7420] loss: 1.807
[1,  7440] loss: 5.063
[1,  7460] loss: 3.529
[1,  7480] loss: 4.070
[1,  7500] loss: 1.941
[1,  7520] loss: 7.903
[1,  7540] loss: 20.020
[1,  7560] loss: 9.443
[1,  7580] loss: 24.583
[1,  7600] loss: 17.917
[1,  7620] loss: 16.271
[1,  7640] loss: 10.395
[1,  7660] loss: 2.920
[1,  7680] loss: 3.168
[1,  7700] loss: 7.681
[1,  7720] loss: 2.298
[1,  7740] loss: 2.124
[1,  7760] loss: 4.547
[1,  7780] loss: 8.711
[1,  7800] loss: 5.856
[1,  7820] loss: 4.576
[1,  7840] loss: 8.737
[1,  7860] loss: 8.791
[1,  7880] loss: 6.029
[1,  7900] loss: 5.845
[1,  7920] loss: 1.666
[1,  7940] loss: 3.919
[1,  7960] loss: 7.563
[1,  7980] loss: 8.470
[1,  8000] loss: 37.264
[1,  8020] loss: 19.292
[1,  8040] loss: 10.809
[1,  8060] loss: 20.110
[1,  8080] loss: 43.865
[1,  8100] loss: 94.579
[1,  8120] loss: 131.655
[1,  8140] loss: 19.125
[1,  8160] loss: 27.031
[1,  8180] loss: 6.941
[1,  8200] loss: 10.395
[1,  8220] loss: 2.243
[1,  8240] loss: 4.153
[1,  8260] loss: 1.312
[1,  8280] loss: 2.066
[1,  8300] loss: 2.401
[1,  8320] loss: 1.756
[1,  8340] loss: 2.286
[1,  8360] loss: 7.533
[1,  8380] loss: 4.819
[1,  8400] loss: 6.311
[1,  8420] loss: 3.300
[1,  8440] loss: 3.997
[1,  8460] loss: 1.326
[1,  8480] loss: 1.665
[1,  8500] loss: 1.984
[1,  8520] loss: 2.147
[1,  8540] loss: 3.141
[1,  8560] loss: 10.153
[1,  8580] loss: 9.025
[1,  8600] loss: 6.844
[1,  8620] loss: 3.382
[1,  8640] loss: 0.423
[1,  8660] loss: 2.037
[1,  8680] loss: 1.896
[1,  8700] loss: 1.134
[1,  8720] loss: 1.015
[1,  8740] loss: 1.228
[1,  8760] loss: 3.328
[1,  8780] loss: 2.272
[1,  8800] loss: 1.255
[1,  8820] loss: 1.718
[1,  8840] loss: 1.855
[1,  8860] loss: 3.064
[1,  8880] loss: 5.274
[1,  8900] loss: 2.518
[1,  8920] loss: 2.352
[1,  8940] loss: 0.997
[1,  8960] loss: 1.175
[1,  8980] loss: 2.119
[1,  9000] loss: 4.799
[1,  9020] loss: 3.467
[1,  9040] loss: 1.938
[1,  9060] loss: 4.184
[1,  9080] loss: 7.125
[1,  9100] loss: 6.960
[1,  9120] loss: 4.192
[1,  9140] loss: 4.798
[1,  9160] loss: 4.817
[1,  9180] loss: 3.356
[1,  9200] loss: 3.022
[1,  9220] loss: 6.988
[1,  9240] loss: 2.999
[1,  9260] loss: 1.657
[1,  9280] loss: 2.136
[1,  9300] loss: 2.705
[1,  9320] loss: 0.598
[1,  9340] loss: 0.921
[1,  9360] loss: 0.772
[1,  9380] loss: 0.654
[1,  9400] loss: 0.831
[1,  9420] loss: 0.697
[1,  9440] loss: 0.411
[1,  9460] loss: 0.821
[1,  9480] loss: 1.683
[1,  9500] loss: 1.561
[1,  9520] loss: 1.201
[1,  9540] loss: 1.118
[1,  9560] loss: 1.136
[1,  9580] loss: 0.444
[1,  9600] loss: 0.443
[1,  9620] loss: 0.469
[1,  9640] loss: 0.502
[1,  9660] loss: 1.039
[1,  9680] loss: 0.732
[1,  9700] loss: 1.224
[1,  9720] loss: 0.865
[1,  9740] loss: 1.116
[1,  9760] loss: 0.354
[1,  9780] loss: 0.873
[1,  9800] loss: 0.641
[1,  9820] loss: 1.076
[1,  9840] loss: 1.045
[1,  9860] loss: 0.856
[1,  9880] loss: 2.133
[1,  9900] loss: 4.843
[1,  9920] loss: 2.676
[1,  9940] loss: 4.236
[1,  9960] loss: 0.796
[1,  9980] loss: 0.730
[1, 10000] loss: 1.350
[1, 10020] loss: 2.400
[1, 10040] loss: 2.587
[1, 10060] loss: 1.182
[1, 10080] loss: 0.720
[1, 10100] loss: 0.792
[1, 10120] loss: 0.541
[1, 10140] loss: 1.344
[1, 10160] loss: 7.480
[1, 10180] loss: 9.152
[1, 10200] loss: 5.370
[1, 10220] loss: 3.376
[1, 10240] loss: 1.598
[1, 10260] loss: 0.894
[1, 10280] loss: 0.416
[1, 10300] loss: 1.339
[1, 10320] loss: 1.822
[1, 10340] loss: 0.860
[1, 10360] loss: 0.445
[1, 10380] loss: 0.836
[1, 10400] loss: 0.750
[1, 10420] loss: 0.793
[1, 10440] loss: 0.566
[1, 10460] loss: 0.508
[1, 10480] loss: 0.636
[1, 10500] loss: 1.455
[1, 10520] loss: 0.746
[1, 10540] loss: 1.071
[1, 10560] loss: 1.754
[1, 10580] loss: 0.903
[1, 10600] loss: 0.809
[1, 10620] loss: 0.372
[1, 10640] loss: 0.532
[1, 10660] loss: 0.340
[1, 10680] loss: 1.287
[1, 10700] loss: 1.752
[1, 10720] loss: 1.533
[1, 10740] loss: 1.530
[1, 10760] loss: 4.144
[1, 10780] loss: 2.215
[1, 10800] loss: 1.709
[1, 10820] loss: 3.253
[1, 10840] loss: 1.619
[1, 10860] loss: 2.796
[1, 10880] loss: 5.204
[1, 10900] loss: 5.543
[1, 10920] loss: 1.512
[1, 10940] loss: 1.311
[1, 10960] loss: 1.427
[1, 10980] loss: 1.565
[1, 11000] loss: 1.251
[1, 11020] loss: 3.082
[1, 11040] loss: 3.823
[1, 11060] loss: 0.602
[1, 11080] loss: 1.734
[1, 11100] loss: 1.704
[1, 11120] loss: 1.114
[1, 11140] loss: 1.367
[1, 11160] loss: 1.064
[1, 11180] loss: 0.726
[1, 11200] loss: 1.373
[1, 11220] loss: 3.611
[1, 11240] loss: 2.450
[1, 11260] loss: 4.928
[1, 11280] loss: 7.320
[1, 11300] loss: 2.329
[1, 11320] loss: 1.037
[1, 11340] loss: 0.857
[1, 11360] loss: 1.512
[1, 11380] loss: 3.285
[1, 11400] loss: 2.365
[1, 11420] loss: 1.534
[1, 11440] loss: 0.567
[1, 11460] loss: 0.947
[1, 11480] loss: 0.871
[1, 11500] loss: 0.659
[1, 11520] loss: 0.172
[1, 11540] loss: 0.268
[1, 11560] loss: 0.272
[1, 11580] loss: 0.236
[1, 11600] loss: 0.833
[1, 11620] loss: 0.842
[1, 11640] loss: 0.295
[1, 11660] loss: 0.924
[1, 11680] loss: 0.131
[1, 11700] loss: 0.233
[1, 11720] loss: 0.489
[1, 11740] loss: 0.506
[1, 11760] loss: 0.758
[1, 11780] loss: 0.401
[1, 11800] loss: 0.140
[1, 11820] loss: 0.169
[1, 11840] loss: 0.216
[1, 11860] loss: 0.231
[1, 11880] loss: 0.637
[1, 11900] loss: 0.398
[1, 11920] loss: 0.228
[1, 11940] loss: 0.192
[1, 11960] loss: 0.304
[1, 11980] loss: 0.266
[1, 12000] loss: 0.826
[1, 12020] loss: 2.650
[1, 12040] loss: 3.501
[1, 12060] loss: 2.165
[1, 12080] loss: 2.002
[1, 12100] loss: 0.909
[1, 12120] loss: 0.592
[1, 12140] loss: 0.795
[1, 12160] loss: 0.452
[1, 12180] loss: 0.235
[1, 12200] loss: 0.558
[1, 12220] loss: 0.734
[1, 12240] loss: 0.778
[1, 12260] loss: 0.349
[1, 12280] loss: 0.372
[1, 12300] loss: 0.563
[1, 12320] loss: 0.335
[1, 12340] loss: 0.728
[1, 12360] loss: 0.587
[1, 12380] loss: 0.909
[1, 12400] loss: 0.483
[1, 12420] loss: 1.084
[1, 12440] loss: 2.365
[1, 12460] loss: 2.177
[1, 12480] loss: 1.412
[1, 12500] loss: 1.542
[1, 12520] loss: 0.601
[1, 12540] loss: 0.226
[1, 12560] loss: 0.384
[1, 12580] loss: 0.735
[1, 12600] loss: 1.548
[1, 12620] loss: 1.183
[1, 12640] loss: 2.109
[1, 12660] loss: 5.324
[1, 12680] loss: 3.579
[1, 12700] loss: 1.454
[1, 12720] loss: 1.409
[1, 12740] loss: 1.955
[1, 12760] loss: 0.656
[1, 12780] loss: 0.406
[1, 12800] loss: 0.581
[1, 12820] loss: 0.577
[1, 12840] loss: 0.415
[1, 12860] loss: 0.674
[1, 12880] loss: 2.248
[1, 12900] loss: 3.467
[1, 12920] loss: 2.452
[1, 12940] loss: 1.104
[1, 12960] loss: 1.378
[1, 12980] loss: 2.884
[1, 13000] loss: 2.351
[1, 13020] loss: 2.441
[1, 13040] loss: 2.466
[1, 13060] loss: 0.278
[1, 13080] loss: 0.770
[1, 13100] loss: 0.150
[1, 13120] loss: 0.238
[1, 13140] loss: 0.178
[1, 13160] loss: 1.097
[1, 13180] loss: 1.429
[1, 13200] loss: 1.124
[1, 13220] loss: 0.307
[1, 13240] loss: 0.221
[1, 13260] loss: 0.247
[1, 13280] loss: 0.181
[1, 13300] loss: 0.258
[1, 13320] loss: 0.109
[1, 13340] loss: 0.292
[1, 13360] loss: 0.254
[1, 13380] loss: 0.342
[1, 13400] loss: 0.813
[1, 13420] loss: 1.992
[1, 13440] loss: 0.782
[1, 13460] loss: 0.230
[1, 13480] loss: 0.452
[1, 13500] loss: 0.666
[1, 13520] loss: 0.212
[1, 13540] loss: 0.279
[1, 13560] loss: 0.263
[1, 13580] loss: 0.164
[1, 13600] loss: 0.398
[1, 13620] loss: 0.967
[1, 13640] loss: 0.408
[1, 13660] loss: 0.552
[1, 13680] loss: 0.218
[1, 13700] loss: 0.194
[1, 13720] loss: 0.168
[1, 13740] loss: 0.111
[1, 13760] loss: 0.146
[1, 13780] loss: 0.414
[1, 13800] loss: 0.338
[1, 13820] loss: 0.849
[1, 13840] loss: 0.438
[1, 13860] loss: 0.474
[1, 13880] loss: 0.759
[1, 13900] loss: 0.299
[1, 13920] loss: 0.772
[1, 13940] loss: 0.950
[1, 13960] loss: 0.407
[1, 13980] loss: 0.614
[1, 14000] loss: 0.286
[1, 14020] loss: 0.328
[1, 14040] loss: 0.207
[1, 14060] loss: 0.734
[1, 14080] loss: 0.323
[1, 14100] loss: 0.108
[1, 14120] loss: 0.133
[1, 14140] loss: 0.208
[1, 14160] loss: 0.633
[1, 14180] loss: 0.699
[1, 14200] loss: 0.376
[1, 14220] loss: 1.143
[1, 14240] loss: 0.541
[1, 14260] loss: 0.926
[1, 14280] loss: 1.558
[1, 14300] loss: 1.807
[1, 14320] loss: 32.582
[1, 14340] loss: 1405150731026.693
[1, 14360] loss: 20477997905494964.000
[1, 14380] loss: 16497443702230220.000
[1, 14400] loss: 34670895271601768.000
[1, 14420] loss: 2140205887710822.500
[1, 14440] loss: 57131511874867.203
[1, 14460] loss: 28030775761305.602
[1, 14480] loss: 7068571140502.400
[1, 14500] loss: 3579972670464.000
[1, 14520] loss: 3607117774710.400
[1, 14540] loss: 2810105298406.400
[1, 14560] loss: 1105339265977.600
[1, 14580] loss: 1529841955952.800
[1, 14600] loss: 1447846094745.600
[1, 14620] loss: 1280648121369.600
[1, 14640] loss: 2257341083699.200
[1, 14660] loss: 899258989890.600
[1, 14680] loss: 662760462964.800
[1, 14700] loss: 1093813189632.000
[1, 14720] loss: 905785544070.400
[1, 14740] loss: 759739357619.200
[1, 14760] loss: 1176074934406.800
[1, 14780] loss: 1024609073408.000
[1, 14800] loss: 1726417192867.900
[1, 14820] loss: 804031078297.600
[1, 14840] loss: 500002410918.400
[1, 14860] loss: 550332772297.600
[1, 14880] loss: 981985092236.800
[1, 14900] loss: 1016415040343.000
[1, 14920] loss: 838939455897.600
[1, 14940] loss: 796907914636.800
[1, 14960] loss: 687203244108.800
[1, 14980] loss: 729522136780.800
[1, 15000] loss: 973488760294.400
[1, 15020] loss: 704593391616.000
[1, 15040] loss: 845293065687.800
[1, 15060] loss: 746496212620.800
[1, 15080] loss: 638763212595.200
[1, 15100] loss: 1006208241126.400
[1, 15120] loss: 536422851347.400
[1, 15140] loss: 541180799752.600
[1, 15160] loss: 678066511820.800
[1, 15180] loss: 427870594156.800
[1, 15200] loss: 410352043372.800
[1, 15220] loss: 558361063782.400
[1, 15240] loss: 228404795448.000
[1, 15260] loss: 266638491293.075
[1, 15280] loss: 431933593348.600
[1, 15300] loss: 396384898854.400
[1, 15320] loss: 534981875273.600
[1, 15340] loss: 351362518071.600
[1, 15360] loss: 891572465609.200
[1, 15380] loss: 583509287072.000
[1, 15400] loss: 664173570204.800
[1, 15420] loss: 698347766585.600
[1, 15440] loss: 910662483456.000
[1, 15460] loss: 460845491592.500
[1, 15480] loss: 315312281792.000
[1, 15500] loss: 445370745833.050
[1, 15520] loss: 618516119974.400
[1, 15540] loss: 564457994436.400
[1, 15560] loss: 468694476441.600
[1, 15580] loss: 452011886522.600
[1, 15600] loss: 381758817045.600
[1, 15620] loss: 435713467110.400
[1, 15640] loss: 448189454339.200
[1, 15660] loss: 714126849305.600
[1, 15680] loss: 298757650748.800
[1, 15700] loss: 730349003571.200
[1, 15720] loss: 228183963584.000
[1, 15740] loss: 487366009216.000
[1, 15760] loss: 504117944629.600
[1, 15780] loss: 317261703590.400
[1, 15800] loss: 388074635827.200
[1, 15820] loss: 217253680876.800
[1, 15840] loss: 454456633196.800
[1, 15860] loss: 409908405902.000
[1, 15880] loss: 585115481468.800
[1, 15900] loss: 290415342660.425
[1, 15920] loss: 308779621651.200
[1, 15940] loss: 215129236652.800
[1, 15960] loss: 534785337151.200
[1, 15980] loss: 220192985758.000
[1, 16000] loss: 296152005887.513
[1, 16020] loss: 289537543840.000
[1, 16040] loss: 560764901707.429
[1, 16060] loss: 541872603980.800
[1, 16080] loss: 583337707868.300
[1, 16100] loss: 437044903673.400
[1, 16120] loss: 343946861580.800
[1, 16140] loss: 444609988224.000
[1, 16160] loss: 253230909952.000
[1, 16180] loss: 413758386880.000
[1, 16200] loss: 726344343827.200
[1, 16220] loss: 396627774732.800
[1, 16240] loss: 167185577392.000
[1, 16260] loss: 283163902144.700
[1, 16280] loss: 208411211377.200
[1, 16300] loss: 218352096614.400
[1, 16320] loss: 238555648623.200
[1, 16340] loss: 611354799052.800
[1, 16360] loss: 185438090303.800
[1, 16380] loss: 270934499343.200
[1, 16400] loss: 287384395180.800
[1, 16420] loss: 297227668352.000
[1, 16440] loss: 281270938643.200
[1, 16460] loss: 89538229915.200
[1, 16480] loss: 216395203740.000
[1, 16500] loss: 244445582743.600
[1, 16520] loss: 290897333683.200
[1, 16540] loss: 272548587011.200
[1, 16560] loss: 340043227059.200
[1, 16580] loss: 333863372947.200
[1, 16600] loss: 226052305527.350
[1, 16620] loss: 331943023739.825
[1, 16640] loss: 198197556817.600
[1, 16660] loss: 191257822931.200
[1, 16680] loss: 279877836838.400
[1, 16700] loss: 227351953843.200
[1, 16720] loss: 288358262708.800
[1, 16740] loss: 369650365913.600
[1, 16760] loss: 229055585155.200
[1, 16780] loss: 228231169625.600
[1, 16800] loss: 245725867544.400
[1, 16820] loss: 358800591759.803
[1, 16840] loss: 259183236433.400
[1, 16860] loss: 167831883681.500
[1, 16880] loss: 313898213768.000
[1, 16900] loss: 301320922554.800
[1, 16920] loss: 241979623733.200
[1, 16940] loss: 186984276184.000
[1, 16960] loss: 238062553213.600
[1, 16980] loss: 222539928725.600
[1, 17000] loss: 290511916438.400
[1, 17020] loss: 342258536726.400
[1, 17040] loss: 199024229731.050
[1, 17060] loss: 175569935319.200
[1, 17080] loss: 261710792777.600
[1, 17100] loss: 166971910473.600
[1, 17120] loss: 106463613240.000
[1, 17140] loss: 274063485508.000
[1, 17160] loss: 129189869163.200
[1, 17180] loss: 179012308401.600
[1, 17200] loss: 200222473958.400
[1, 17220] loss: 206160870448.000
[1, 17240] loss: 159726951718.400
[1, 17260] loss: 102433061540.800
[1, 17280] loss: 197249183755.200
[1, 17300] loss: 131958611207.600
[1, 17320] loss: 170303204620.800
[1, 17340] loss: 146183184648.000
[1, 17360] loss: 159038009100.800
[1, 17380] loss: 176923237376.000
[1, 17400] loss: 124887722201.600
[1, 17420] loss: 131515436560.400
[1, 17440] loss: 157354181710.850
[1, 17460] loss: 132862897500.850
[1, 17480] loss: 59955711940.800
[1, 17500] loss: 133930944768.000
[1, 17520] loss: 101671190662.400
[1, 17540] loss: 117916152645.850
[1, 17560] loss: 67346103604.200
[1, 17580] loss: 173969602863.200
[1, 17600] loss: 214693248107.200
[1, 17620] loss: 163005320854.400
[1, 17640] loss: 143215207055.150
[1, 17660] loss: 109224108227.200
[1, 17680] loss: 87499702009.634
[1, 17700] loss: 104460433646.400
[1, 17720] loss: 125565280205.400
[1, 17740] loss: 130979450788.800
[1, 17760] loss: 92425433424.000
[1, 17780] loss: 125616375235.000
[1, 17800] loss: 86487600072.000
[1, 17820] loss: 90921679412.400
[1, 17840] loss: 114148405354.288
[1, 17860] loss: 181393199488.000
[1, 17880] loss: 95423339757.600
[1, 17900] loss: 153888493714.000
[1, 17920] loss: 101125673612.800
[1, 17940] loss: 80862687035.200
[1, 17960] loss: 117856250511.250
[1, 17980] loss: 86816228452.800
[1, 18000] loss: 135170836995.200
[1, 18020] loss: 77091895552.000
[1, 18040] loss: 122378205292.000
[1, 18060] loss: 98954759782.400
[1, 18080] loss: 94319457337.600
[1, 18100] loss: 96087971923.200
[1, 18120] loss: 81692348758.400
[1, 18140] loss: 94648181308.025
[1, 18160] loss: 65158290041.400
[1, 18180] loss: 141783772918.000
[1, 18200] loss: 47053771188.800
[1, 18220] loss: 85169379957.600
[1, 18240] loss: 213020849237.600
[1, 18260] loss: 249875102936.000
[1, 18280] loss: 77436991184.000
[1, 18300] loss: 91621244272.825
[1, 18320] loss: 100585204086.400
[1, 18340] loss: 68657980705.000
[1, 18360] loss: 68335751475.200
[1, 18380] loss: 109998807123.200
[1, 18400] loss: 96716944921.600
[1, 18420] loss: 87445948269.519
[1, 18440] loss: 76011512089.600
[1, 18460] loss: 100491356246.400
[1, 18480] loss: 37604714947.056
[1, 18500] loss: 52961765344.600
[1, 18520] loss: 52477372064.637
[1, 18540] loss: 63856417264.800
[1, 18560] loss: 37459055452.000
[1, 18580] loss: 64693617611.248
[1, 18600] loss: 96517415638.756
[1, 18620] loss: 88623100934.400
[1, 18640] loss: 69317031116.800
[1, 18660] loss: 84664971237.600
[1, 18680] loss: 115348973682.000
[1, 18700] loss: 78126800665.600
[1, 18720] loss: 83948221702.700
[1, 18740] loss: 72133425497.600
[1, 18760] loss: 99366874828.200
[1, 18780] loss: 81468736291.200
[1, 18800] loss: 71331801843.200
[1, 18820] loss: 92330156797.125
[1, 18840] loss: 115880031104.000
[1, 18860] loss: 65616223566.805
[1, 18880] loss: 68288326017.800
[1, 18900] loss: 58374368888.000
[1, 18920] loss: 59685290644.800
[1, 18940] loss: 84092037680.000
[1, 18960] loss: 88301041774.000
[1, 18980] loss: 85095257062.400
[1, 19000] loss: 22272985702.400
[1, 19020] loss: 55481465414.152
[1, 19040] loss: 55882501164.800
[1, 19060] loss: 36898229014.700
[1, 19080] loss: 60801201235.081
[1, 19100] loss: 35915866592.500
[1, 19120] loss: 79477993169.800
[1, 19140] loss: 37763270299.475
[1, 19160] loss: 52567186659.200
[1, 19180] loss: 76414065557.163
[1, 19200] loss: 40785092084.575
[1, 19220] loss: 17295531102.800
[1, 19240] loss: 63297077009.600
[1, 19260] loss: 31528820184.000
[1, 19280] loss: 46977241414.400
[1, 19300] loss: 54180187234.600
[1, 19320] loss: 62941360038.150
[1, 19340] loss: 50897427168.000
[1, 19360] loss: 59031461115.400
[1, 19380] loss: 44208401326.400
[1, 19400] loss: 31165507856.866
[1, 19420] loss: 32827568826.200
[1, 19440] loss: 37207894236.000
[1, 19460] loss: 39586171110.988
[1, 19480] loss: 48520341168.238
[1, 19500] loss: 40017454319.200
[1, 19520] loss: 20184497799.750
[1, 19540] loss: 37052111781.900
[1, 19560] loss: 45719600560.000
[1, 19580] loss: 58803227118.300
[1, 19600] loss: 47722300401.600
[1, 19620] loss: 51636284310.400
[1, 19640] loss: 36713907672.050
[1, 19660] loss: 27595046259.300
[1, 19680] loss: 73671496468.800
[1, 19700] loss: 50427907913.600
[1, 19720] loss: 33138831877.126
[1, 19740] loss: 38033497067.200
[1, 19760] loss: 37840721131.400
[1, 19780] loss: 24731022418.150
[1, 19800] loss: 44310773604.700
[1, 19820] loss: 38967408848.400
[1, 19840] loss: 20117956957.800
[1, 19860] loss: 49075589002.400
[1, 19880] loss: 50111873350.400
[1, 19900] loss: 22856864185.600
[1, 19920] loss: 46840120539.200
[1, 19940] loss: 41152635785.600
[1, 19960] loss: 28699323385.800
[1, 19980] loss: 21226139487.825
[1, 20000] loss: 19244955177.700
[1, 20020] loss: 24403570377.200
[1, 20040] loss: 45500358446.400
[1, 20060] loss: 51414335994.012
[1, 20080] loss: 44778706906.000
[1, 20100] loss: 12746678842.400
[1, 20120] loss: 22519855984.800
[1, 20140] loss: 23677783181.400
[1, 20160] loss: 28972692132.725
[1, 20180] loss: 23868828400.569
[1, 20200] loss: 22026760612.475
[1, 20220] loss: 37235410930.200
[1, 20240] loss: 32863793043.000
[1, 20260] loss: 29204590299.200
[1, 20280] loss: 14406629007.800
[1, 20300] loss: 53996318643.200
[1, 20320] loss: 21987105820.600
[1, 20340] loss: 39052635728.800
[1, 20360] loss: 29066505537.500
[1, 20380] loss: 8945907197.200
[1, 20400] loss: 16629562184.000
[1, 20420] loss: 5893362088.000
[1, 20440] loss: 20166914579.300
[1, 20460] loss: 25920225184.000
[1, 20480] loss: 12045860764.800
[1, 20500] loss: 17009187463.200
[1, 20520] loss: 40825666076.600
[1, 20540] loss: 28948930947.225
[1, 20560] loss: 23400534545.600
[1, 20580] loss: 27629715519.200
[1, 20600] loss: 8853501894.400
[1, 20620] loss: 31852611559.400
[1, 20640] loss: 19420527119.200
[1, 20660] loss: 22237070851.600
[1, 20680] loss: 14542010050.175
[1, 20700] loss: 30456019812.400
[1, 20720] loss: 17349845130.231
[1, 20740] loss: 15746645619.200
[1, 20760] loss: 12851032474.800
[1, 20780] loss: 11936586176.800
[1, 20800] loss: 16461433123.200
[1, 20820] loss: 22761111560.800
[1, 20840] loss: 12954300979.200
[1, 20860] loss: 19867202769.000
[1, 20880] loss: 19001871988.800
[1, 20900] loss: 18100875859.200
[1, 20920] loss: 21767022376.000
[1, 20940] loss: 29405876652.650
[1, 20960] loss: 18806201317.900
[1, 20980] loss: 25558893494.600
[1, 21000] loss: 30475484823.500
[1, 21020] loss: 13056853413.669
[1, 21040] loss: 15196215530.700
[1, 21060] loss: 9317831373.150
[1, 21080] loss: 10918778268.800
[1, 21100] loss: 14177005613.388
[1, 21120] loss: 18109741388.800
[1, 21140] loss: 15140190208.800
[1, 21160] loss: 10148773991.251
[1, 21180] loss: 18253232344.000
[1, 21200] loss: 29235971524.800
[1, 21220] loss: 16947059538.400
[1, 21240] loss: 10933733277.867
[1, 21260] loss: 13039494353.300
[1, 21280] loss: 19423946167.800
[1, 21300] loss: 13713763440.156
[1, 21320] loss: 8385189447.100
[1, 21340] loss: 11861407342.119
[1, 21360] loss: 16714692220.800
[1, 21380] loss: 6332009509.945
[1, 21400] loss: 10588324576.800
[1, 21420] loss: 8212823289.000
[1, 21440] loss: 14598630654.400
[1, 21460] loss: 8867156766.800
[1, 21480] loss: 20626234051.450
[1, 21500] loss: 19537954668.800
[1, 21520] loss: 14043731539.211
[1, 21540] loss: 12512817367.031
[1, 21560] loss: 22150991896.000
[1, 21580] loss: 12390939000.000
[1, 21600] loss: 7643509296.581
[1, 21620] loss: 15541934116.727
[1, 21640] loss: 11555922133.600
[1, 21660] loss: 9616710211.850
[1, 21680] loss: 16245031383.000
[1, 21700] loss: 12637092217.825
[1, 21720] loss: 5468408864.400
[1, 21740] loss: 10277404770.125
[1, 21760] loss: 9563513775.600
[1, 21780] loss: 12995755611.200
[1, 21800] loss: 12856040850.925
[1, 21820] loss: 12560497312.800
[1, 21840] loss: 13604557161.833
[1, 21860] loss: 8627792729.650
[1, 21880] loss: 7081717843.600
[1, 21900] loss: 8439169328.000
[1, 21920] loss: 11014474101.850
[1, 21940] loss: 13749338270.600
[1, 21960] loss: 15824953585.900
[1, 21980] loss: 9684020247.125
[1, 22000] loss: 7716131820.800
[1, 22020] loss: 6323561820.475
[1, 22040] loss: 6145483687.950
[1, 22060] loss: 6627068206.300
[1, 22080] loss: 21370201830.700
[1, 22100] loss: 26291250886.400
[1, 22120] loss: 7475055667.545
[1, 22140] loss: 10679366904.587
[1, 22160] loss: 11500874896.175
[1, 22180] loss: 14087700508.800
[1, 22200] loss: 4337436962.700
[1, 22220] loss: 5950490955.666
[1, 22240] loss: 8756922400.600
[1, 22260] loss: 7984341461.188
[1, 22280] loss: 9049395142.300
[1, 22300] loss: 6797740798.212
[1, 22320] loss: 5878896234.250
[1, 22340] loss: 9081201815.087
[1, 22360] loss: 7830409334.600
[1, 22380] loss: 7060733071.200
[1, 22400] loss: 6931066959.600
[1, 22420] loss: 7686848699.750
[1, 22440] loss: 5246737765.700
[1, 22460] loss: 5161792732.270
[1, 22480] loss: 5806388443.800
[1, 22500] loss: 3086845601.550
[1, 22520] loss: 4920811084.800
[1, 22540] loss: 13645826978.413
[1, 22560] loss: 9007804013.575
[1, 22580] loss: 7361167144.100
[1, 22600] loss: 5868281862.950
[1, 22620] loss: 13527197042.700
[1, 22640] loss: 7676594159.400
[1, 22660] loss: 2543497477.000
[1, 22680] loss: 3229705505.600
[1, 22700] loss: 5630796953.012
[1, 22720] loss: 4244116103.100
[1, 22740] loss: 4609508803.087
[1, 22760] loss: 4200779797.775
[1, 22780] loss: 4987664068.802
[1, 22800] loss: 2306291032.900
[1, 22820] loss: 3459979276.676
[1, 22840] loss: 6242947723.567
[1, 22860] loss: 4351995271.400
[1, 22880] loss: 4462685564.317
[1, 22900] loss: 3851798298.000
[1, 22920] loss: 7005412820.808
[1, 22940] loss: 2956780724.169
[1, 22960] loss: 4242471938.662
[1, 22980] loss: 2726165688.950
[1, 23000] loss: 5285225737.500
[1, 23020] loss: 2921835481.975
[1, 23040] loss: 4539049492.600
[1, 23060] loss: 3626729567.575
[1, 23080] loss: 3671923370.081
[1, 23100] loss: 7506974476.750
[1, 23120] loss: 5584777037.400
[1, 23140] loss: 2904622104.641
[1, 23160] loss: 1283255026.900
[1, 23180] loss: 4354155252.200
[1, 23200] loss: 3373858852.700
[1, 23220] loss: 2077506323.777
[1, 23240] loss: 3834446923.200
[1, 23260] loss: 3630438087.147
[1, 23280] loss: 3719056747.628
[1, 23300] loss: 1602699769.162
[1, 23320] loss: 2481068758.187
[1, 23340] loss: 2713284447.800
[1, 23360] loss: 4153020249.200
[1, 23380] loss: 4274180898.856
[1, 23400] loss: 3972648526.882
[1, 23420] loss: 3448302614.325
[1, 23440] loss: 2170271159.944
[1, 23460] loss: 3948611209.800
[1, 23480] loss: 4344328090.550
[1, 23500] loss: 2378645543.544
[1, 23520] loss: 3541423320.600
[1, 23540] loss: 2125705353.096
[1, 23560] loss: 2472124626.870
[1, 23580] loss: 4067177421.600
[1, 23600] loss: 1230134124.950
[1, 23620] loss: 2022089030.500
[1, 23640] loss: 2345932977.550
[1, 23660] loss: 4691120437.650
[1, 23680] loss: 1704942551.138
[1, 23700] loss: 1862109697.777
[1, 23720] loss: 1604577764.252
[1, 23740] loss: 4669407446.200
[1, 23760] loss: 2277577315.075
[1, 23780] loss: 2180955645.750
[1, 23800] loss: 2308894103.200
[1, 23820] loss: 2826907649.600
[1, 23840] loss: 2106522704.000
[1, 23860] loss: 1888750245.175
[1, 23880] loss: 1619099874.178
[1, 23900] loss: 4320797360.000
[1, 23920] loss: 5662782228.500
[1, 23940] loss: 1714951875.088
[1, 23960] loss: 738201598.719
[1, 23980] loss: 2170667248.400
[1, 24000] loss: 2100445572.700
[1, 24020] loss: 1711208172.800
[1, 24040] loss: 2124793198.900
[1, 24060] loss: 1007643592.306
[1, 24080] loss: 2541466706.189
[1, 24100] loss: 2909418825.125
[1, 24120] loss: 2146276533.100
[1, 24140] loss: 1905701078.475
[1, 24160] loss: 1772771874.300
[1, 24180] loss: 2896280004.600
[1, 24200] loss: 2044287274.175
[1, 24220] loss: 1684400858.750
[1, 24240] loss: 1162581736.886
[1, 24260] loss: 953208840.575
[1, 24280] loss: 1964811014.000
[1, 24300] loss: 1022303088.797
[1, 24320] loss: 928028311.862
[1, 24340] loss: 886744811.700
[1, 24360] loss: 2171644267.262
[1, 24380] loss: 625597077.870
[1, 24400] loss: 2033611167.129
[1, 24420] loss: 1725096792.275
[1, 24440] loss: 1190304851.075
[1, 24460] loss: 1036425372.750
[1, 24480] loss: 1331468985.031
[1, 24500] loss: 714809023.950
[1, 24520] loss: 1392296242.594
[1, 24540] loss: 1104926670.075
[1, 24560] loss: 1409416409.400
[1, 24580] loss: 680424972.800
[1, 24600] loss: 1082007508.088
[1, 24620] loss: 649962812.775
[1, 24640] loss: 1118662956.800
[1, 24660] loss: 1204220561.925
[1, 24680] loss: 1148565681.950
[1, 24700] loss: 984040920.650
[1, 24720] loss: 857980226.000
[1, 24740] loss: 1442015846.666
[1, 24760] loss: 1136500439.600
[1, 24780] loss: 1244931817.600
[1, 24800] loss: 665822214.225
[1, 24820] loss: 531333885.997
[1, 24840] loss: 759641626.714
[1, 24860] loss: 733967218.862
[1, 24880] loss: 267618959.650
[1, 24900] loss: 1192231842.812
[1, 24920] loss: 908369166.425
[1, 24940] loss: 1824174071.500
[1, 24960] loss: 629316866.161
[1, 24980] loss: 885575970.013
[1, 25000] loss: 715818021.150
[1, 25020] loss: 971543983.688
[1, 25040] loss: 2082293801.487
[1, 25060] loss: 1487574100.850
[1, 25080] loss: 1574840771.825
[1, 25100] loss: 1001118817.300
[1, 25120] loss: 914251304.175
[1, 25140] loss: 893595018.000
[1, 25160] loss: 682196082.789
[1, 25180] loss: 662275111.500
[1, 25200] loss: 774624987.216
[1, 25220] loss: 1185801384.641
[1, 25240] loss: 1267635338.213
[1, 25260] loss: 1103547101.200
[1, 25280] loss: 1427479699.780
[1, 25300] loss: 1045712684.206
[1, 25320] loss: 941899001.373
[1, 25340] loss: 835587516.475
[1, 25360] loss: 936190787.700
[1, 25380] loss: 898645198.811
[1, 25400] loss: 1071195929.343
[1, 25420] loss: 1249994420.775
[1, 25440] loss: 1135491623.633
[1, 25460] loss: 593136128.400
[1, 25480] loss: 663651164.550
[1, 25500] loss: 1593674424.000
[1, 25520] loss: 963395865.207
[1, 25540] loss: 1335156439.674
[1, 25560] loss: 962601827.413
[1, 25580] loss: 445492676.275
[1, 25600] loss: 403851999.637
[1, 25620] loss: 1142561286.925
[1, 25640] loss: 1205564867.175
[1, 25660] loss: 609442125.700
[1, 25680] loss: 1003566023.400
[1, 25700] loss: 731215486.562
[1, 25720] loss: 760491063.750
[1, 25740] loss: 391136842.923
[1, 25760] loss: 329750909.178
[1, 25780] loss: 543841317.200
[1, 25800] loss: 436743839.941
[1, 25820] loss: 350899349.407
[1, 25840] loss: 626079395.612
[1, 25860] loss: 641558223.020
[1, 25880] loss: 237731766.050
[1, 25900] loss: 190378588.338
[1, 25920] loss: 413708525.232
[1, 25940] loss: 493871573.914
[1, 25960] loss: 266969659.203
[1, 25980] loss: 452963322.056
[1, 26000] loss: 152745087.488
[1, 26020] loss: 119189673.401
[1, 26040] loss: 281228999.498
[1, 26060] loss: 330365464.897
[1, 26080] loss: 590262200.288
[1, 26100] loss: 305893923.150
[1, 26120] loss: 221484199.846
[1, 26140] loss: 375084380.775
[1, 26160] loss: 390236742.764
[1, 26180] loss: 775900780.891
[1, 26200] loss: 729642725.833
[1, 26220] loss: 408768091.866
[1, 26240] loss: 434909777.630
[1, 26260] loss: 245470415.516
[1, 26280] loss: 155237545.075
[1, 26300] loss: 451366565.300
[1, 26320] loss: 410166093.712
[1, 26340] loss: 1036244024.070
[1, 26360] loss: 1083754385.193
[1, 26380] loss: 304603165.650
[1, 26400] loss: 296136081.022
[1, 26420] loss: 295635878.495
[1, 26440] loss: 924766778.638
[1, 26460] loss: 751693336.115
[1, 26480] loss: 747504382.587
[1, 26500] loss: 1555901725.409
[1, 26520] loss: 3394034904.800
[1, 26540] loss: 8410829044.183
[1, 26560] loss: 6600662019264458.000
[1, 26580] loss: 40867756001014576.000
[1, 26600] loss: 13970406525855334.000
[1, 26620] loss: 9786101486557594.000
[1, 26640] loss: 2834185071466905.500
[1, 26660] loss: 132944091938816.000
[1, 26680] loss: 67265401624809.602
[1, 26700] loss: 112205674355481.594
[1, 26720] loss: 41923356970854.398
[1, 26740] loss: 51367705768601.602
[1, 26760] loss: 18456697513755.199
[1, 26780] loss: 5081395508633.600
[1, 26800] loss: 9950804641843.199
[1, 26820] loss: 6755597800960.000
[1, 26840] loss: 8985960117657.600
[1, 26860] loss: 9155425545872.000
[1, 26880] loss: 5251029471682.200
[1, 26900] loss: 1990678836051.200
[1, 26920] loss: 4955334163584.000
[1, 26940] loss: 3910064839270.400
[1, 26960] loss: 3253346007171.200
[1, 26980] loss: 2724427520185.600
[1, 27000] loss: 4745855740313.600
[1, 27020] loss: 3058743149798.400
[1, 27040] loss: 2394636087296.000
[1, 27060] loss: 2667886832092.800
[1, 27080] loss: 2423364906905.600
[1, 27100] loss: 3364039515801.600
[1, 27120] loss: 1316374365491.200
[1, 27140] loss: 2313018330409.600
[1, 27160] loss: 1390121726873.600
[1, 27180] loss: 2195722824192.000
[1, 27200] loss: 2007177229810.600
[1, 27220] loss: 2031204923776.000
[1, 27240] loss: 2505225782886.400
[1, 27260] loss: 1773522787072.000
[1, 27280] loss: 3018540438214.400
[1, 27300] loss: 1409963258291.200
[1, 27320] loss: 2414303804416.000
[1, 27340] loss: 868388724697.600
[1, 27360] loss: 1265327591731.200
[1, 27380] loss: 1161357156792.000
[1, 27400] loss: 942572336809.600
[1, 27420] loss: 1945452501535.100
[1, 27440] loss: 1315057055193.600
[1, 27460] loss: 1719071924979.200
[1, 27480] loss: 1039010268582.400
[1, 27500] loss: 2132178967291.200
[1, 27520] loss: 944399581440.000
[1, 27540] loss: 1660744083942.400
[1, 27560] loss: 650602329992.800
[1, 27580] loss: 1877108055436.800
[1, 27600] loss: 789196816768.000
[1, 27620] loss: 595523257881.753
[1, 27640] loss: 747804803276.300
[1, 27660] loss: 726720269696.000
[1, 27680] loss: 728524470451.200
[1, 27700] loss: 679895443712.000
[1, 27720] loss: 929785389891.200
[1, 27740] loss: 1406266685900.800
[1, 27760] loss: 892397570560.000
[1, 27780] loss: 1087606689063.200
[1, 27800] loss: 334097080524.800
[1, 27820] loss: 1595684363196.000
[1, 27840] loss: 1003609830364.800
[1, 27860] loss: 574308320456.200
[1, 27880] loss: 561453072287.800
[1, 27900] loss: 1210706566601.600
[1, 27920] loss: 928622268006.400
[1, 27940] loss: 1110345982937.600
[1, 27960] loss: 1470411050502.400
[1, 27980] loss: 603684040940.800
[1, 28000] loss: 764502159303.000
[1, 28020] loss: 1775874320304.000
[1, 28040] loss: 500650917745.997
[1, 28060] loss: 1246936355244.800
[1, 28080] loss: 868487407257.600
[1, 28100] loss: 902084634451.200
[1, 28120] loss: 1145554074726.400
[1, 28140] loss: 621259510279.800
[1, 28160] loss: 452674175070.000
[1, 28180] loss: 1007283162777.600
[1, 28200] loss: 797905228841.600
[1, 28220] loss: 437363780729.600
[1, 28240] loss: 972278663686.400
[1, 28260] loss: 448322759801.600
[1, 28280] loss: 524363500974.000
[1, 28300] loss: 491441901760.000
[1, 28320] loss: 548982520179.200
[1, 28340] loss: 651647987097.600
[1, 28360] loss: 655742496870.400
[1, 28380] loss: 347971228326.400
[1, 28400] loss: 334945554105.600
[1, 28420] loss: 497999368806.400
[1, 28440] loss: 736357420640.000
[1, 28460] loss: 637740134234.800
[1, 28480] loss: 409418792454.400
[1, 28500] loss: 313047907248.000
[1, 28520] loss: 779093339078.400
[1, 28540] loss: 384772605952.000
[1, 28560] loss: 710241716288.300
[1, 28580] loss: 1051047009424.000
[1, 28600] loss: 240363412076.800
[1, 28620] loss: 847539331443.200
[1, 28640] loss: 558597708221.600
[1, 28660] loss: 613411377888.000
[1, 28680] loss: 1031420593228.800
[1, 28700] loss: 980829153305.600
[1, 28720] loss: 274795320115.200
[1, 28740] loss: 561944347816.000
[1, 28760] loss: 849696409433.600
[1, 28780] loss: 644743693395.000
[1, 28800] loss: 774412512198.800
[1, 28820] loss: 276220678947.681
[1, 28840] loss: 494331871443.200
[1, 28860] loss: 484577051460.100
[1, 28880] loss: 734445421821.200
[1, 28900] loss: 262549573153.600
[1, 28920] loss: 593420863366.800
[1, 28940] loss: 461991758899.200
[1, 28960] loss: 256359073970.300
[1, 28980] loss: 270630500748.800
[1, 29000] loss: 115405305755.200
[1, 29020] loss: 148519450752.000
[1, 29040] loss: 297003489945.600
[1, 29060] loss: 249240868288.000
[1, 29080] loss: 318096288460.800
[1, 29100] loss: 360242627072.000
[1, 29120] loss: 178373268358.800
[1, 29140] loss: 595871221913.600
[1, 29160] loss: 764384203359.200
[1, 29180] loss: 219379827779.200
[1, 29200] loss: 421290323180.800
[1, 29220] loss: 272569842489.600
[1, 29240] loss: 445553492725.700
[1, 29260] loss: 452249286656.000
[1, 29280] loss: 574043064619.200
[1, 29300] loss: 427511964764.200
[1, 29320] loss: 548233621798.400
[1, 29340] loss: 714248011804.000
[1, 29360] loss: 219469329382.400
[1, 29380] loss: 232426819526.400
[1, 29400] loss: 302242646924.800
[1, 29420] loss: 201520459208.400
[1, 29440] loss: 244899520920.800
[1, 29460] loss: 336665338216.000
[1, 29480] loss: 185272210500.000
[1, 29500] loss: 209939012288.000
[1, 29520] loss: 191261688452.400
[1, 29540] loss: 114575992665.600
[1, 29560] loss: 167986320985.600
[1, 29580] loss: 505528644343.200
[1, 29600] loss: 360662376448.000
[1, 29620] loss: 300932448931.200
[1, 29640] loss: 165050986870.000
[1, 29660] loss: 290178625382.400
[1, 29680] loss: 259201593257.600
[1, 29700] loss: 97995163454.400
[1, 29720] loss: 318315774749.600
[1, 29740] loss: 250389310577.325
[1, 29760] loss: 412811211457.450
[1, 29780] loss: 221779762450.400
[1, 29800] loss: 265453761888.000
[1, 29820] loss: 395786234673.600
[1, 29840] loss: 248755486976.000
[1, 29860] loss: 335126349107.200
[1, 29880] loss: 171647136140.597
[1, 29900] loss: 213888450324.800
[1, 29920] loss: 357193479392.000
[1, 29940] loss: 168713990148.800
[1, 29960] loss: 130778090882.400
[1, 29980] loss: 139383647700.000
[1, 30000] loss: 128369892083.200
[1, 30020] loss: 161650062262.550
[1, 30040] loss: 525763636934.400
[1, 30060] loss: 138979641456.000
[1, 30080] loss: 168924014387.200
[1, 30100] loss: 119255184365.600
[1, 30120] loss: 187197686675.300
[1, 30140] loss: 94123259132.800
[1, 30160] loss: 237448842329.650
[1, 30180] loss: 193816529805.450
[1, 30200] loss: 147693608035.200
[1, 30220] loss: 176012730227.200
[1, 30240] loss: 109847357696.000
[1, 30260] loss: 124722153814.400
[1, 30280] loss: 138850979814.400
[1, 30300] loss: 148823608275.200
[1, 30320] loss: 363582355996.800
[1, 30340] loss: 171487428265.156
[1, 30360] loss: 221450032636.400
[1, 30380] loss: 109057813171.200
[1, 30400] loss: 145156004376.100
[1, 30420] loss: 153529047366.600
[1,    20] loss: 52784553528.421
[1,    40] loss: 62511931485.128
[1,    60] loss: 94348231635.797
[1,    80] loss: 87870746701.519
[1,   100] loss: 93861602302.828
[1,   120] loss: 101528366113.445
[1,   140] loss: 96609043508.921
[1,   160] loss: 197010424826.742
[1,   180] loss: 219681170644.715
[1,   200] loss: 209528816897.487
[1,   220] loss: 198536176351.890
[1,   240] loss: 193284122682.410
[1,   260] loss: 192064168859.706
[1,   280] loss: 194690052146.036
[1,   300] loss: 194915800703.170
[1,   320] loss: 191737201839.373
[1,   340] loss: 192893285565.192
[1,   360] loss: 210431426256.602
[1,   380] loss: 214490690653.572
[1,   400] loss: 210423939774.256
[1,   420] loss: 215872175877.823
[1,   440] loss: 214285977237.594
[1,   460] loss: 205408283525.756
[1,   480] loss: 199345925936.539
[1,   500] loss: 192208249011.467
[1,   520] loss: 185650867405.839
[1,   540] loss: 184333490957.444
[1,   560] loss: 179400839967.847
[1,   580] loss: 173812750052.636
[1,   600] loss: 169488104988.468
[1,   620] loss: 165360425087.632
[1,   640] loss: 161989675272.658
[1,   660] loss: 157812974229.409
[1,   680] loss: 153474420332.860
[1,   700] loss: 149106538832.842
[1,   720] loss: 144975402508.852
[1,   740] loss: 141065032135.891
[1,   760] loss: 137446986561.274
[1,   780] loss: 134032632259.254
[1,   800] loss: 130768364851.273
[1,   820] loss: 127632015362.974
[1,   840] loss: 124606932844.878
[1,   860] loss: 121845778640.909
[1,   880] loss: 119310017630.977
[1,   900] loss: 116789025360.948
[1,   920] loss: 114980983554.581
[1,   940] loss: 113422757491.054
[1,   960] loss: 111524645213.335
[1,   980] loss: 110480374062.451
[1,  1000] loss: 108942278735.539
[1,  1020] loss: 107386563376.082
[1,  1040] loss: 105541131702.745
[1,  1060] loss: 104653921245.839
[1,  1080] loss: 103248437238.198
[1,  1100] loss: 102284024886.659
[1,  1120] loss: 101922619409.078
[1,  1140] loss: 101328423345.031
[1,  1160] loss: 100559614128.405
[1,  1180] loss: 99377457987.235
[1,  1200] loss: 97858031278.256
[1,  1220] loss: 96715101968.411
[1,  1240] loss: 95447618803.751
[1,  1260] loss: 94459281858.585
[1,  1280] loss: 93448436127.067
[1,  1300] loss: 94620638570.167
[1,  1320] loss: 93610546803.376
[1,  1340] loss: 92226623297.635
[1,  1360] loss: 90925458744.193
[1,  1380] loss: 89618027242.534
[1,  1400] loss: 88355683420.026
[1,  1420] loss: 87119003337.669
[1,  1440] loss: 85945020898.337
[1,  1460] loss: 84893742182.691
[1,  1480] loss: 84130015797.876
[1,  1500] loss: 83791702582.524
[1,  1520] loss: 83421461492.078
[1,  1540] loss: 83064240514.788
[1,  1560] loss: 83098039092.589
[1,  1580] loss: 82318601011.923
[1,  1600] loss: 81573496594.934
[1,  1620] loss: 80811196921.242
[1,  1640] loss: 80053162424.036
[1,  1660] loss: 79313794517.759
[1,  1680] loss: 79911467038.534
[1,  1700] loss: 81622298614.396
[1,  1720] loss: 83892285087.387
[1,  1740] loss: 84256124206.115
[1,  1760] loss: 83856327395.367
[1,  1780] loss: 83013228474.582
[1,  1800] loss: 82113947103.621
[1,  1820] loss: 81274866551.338
[1,  1840] loss: 80494987327.426
[1,  1860] loss: 79942297970.660
[1,  1880] loss: 79745153693.718
[1,  1900] loss: 79793497892.483
[1,  1920] loss: 79314468846.341
[1,  1940] loss: 78577984830.577
[1,  1960] loss: 77794115001.629
[1,  1980] loss: 77135885166.589
[1,  2000] loss: 76550167772.018
[1,  2020] loss: 76507543626.306
[1,  2040] loss: 75819942658.327
[1,  2060] loss: 75097047973.101
[1,  2080] loss: 74392346107.666
[1,  2100] loss: 73707580795.421
[1,  2120] loss: 73066871996.582
[1,  2140] loss: 72423639336.936
[1,  2160] loss: 71969628531.495
[1,  2180] loss: 71568171701.284
[1,  2200] loss: 72323468501.396
[1,  2220] loss: 71922237392.283
[1,  2240] loss: 71336792010.193
[1,  2260] loss: 71069341454.098
[1,  2280] loss: 70781255089.189
[1,  2300] loss: 70236006412.739
[1,  2320] loss: 69737489577.828
[1,  2340] loss: 69210402068.747
[1,  2360] loss: 68961385590.253
[1,  2380] loss: 68680318613.649
[1,  2400] loss: 68361677675.568
[1,  2420] loss: 67877205375.580
[1,  2440] loss: 67412234058.370
[1,  2460] loss: 66946645453.858
[1,  2480] loss: 66523994619.984
[1,  2500] loss: 66246345288.642
[1,  2520] loss: 66201409952.583
[1,  2540] loss: 66121451229.932
[1,  2560] loss: 65815760064.886
[1,  2580] loss: 65308340311.928
[1,  2600] loss: 64805951899.481
[1,  2620] loss: 64311307740.680
[1,  2640] loss: 63824511592.197
[1,  2660] loss: 63350825740.300
[1,  2680] loss: 62892813168.343
[1,  2700] loss: 62863007197.347
[1,  2720] loss: 62913422967.258
[1,  2740] loss: 62836553676.842
[1,  2760] loss: 62423378730.574
[1,  2780] loss: 62010181951.870
[1,  2800] loss: 61624205570.866
[1,  2820] loss: 61542717410.426
[1,  2840] loss: 61681019867.060
[1,  2860] loss: 61575951078.332
[1,  2880] loss: 61373049565.896
[1,  2900] loss: 61029212220.001
[1,  2920] loss: 60664835499.376
[1,  2940] loss: 60492957352.206
[1,  2960] loss: 60898467430.010
[1,  2980] loss: 60622975318.779
[1,  3000] loss: 60903808254.107
[1,  3020] loss: 60909500901.444
[1,  3040] loss: 60911981685.329
[1,  3060] loss: 61338006967.261
[1,  3080] loss: 61635243415.806
[1,  3100] loss: 61522917584.578
[1,  3120] loss: 61443300220.999
[1,  3140] loss: 61168213594.358
[1,  3160] loss: 60835428608.147
[1,  3180] loss: 60481306223.533
[1,  3200] loss: 60126486908.110
[1,  3220] loss: 60000089040.116
[1,  3240] loss: 59926559795.840
[1,  3260] loss: 60223879044.381
[1,  3280] loss: 60066088085.971
[1,  3300] loss: 60077190232.573
[1,  3320] loss: 60529892516.554
[1,  3340] loss: 61020400975.308
[1,  3360] loss: 61147070709.819
