cuda:  3
color_space: RGB
batch_size: 1
num_epcochs: 1
learning_rate: 0.003
[1,    20] loss: 41.297
[1,    40] loss: 273.799
[1,    60] loss: 2266.977
[1,    80] loss: 3815.129
[1,   100] loss: 229.777
[1,   120] loss: 65.030
[1,   140] loss: 4.582
[1,   160] loss: 1.909
[1,   180] loss: 0.877
[1,   200] loss: 0.644
[1,   220] loss: 0.658
[1,   240] loss: 0.570
[1,   260] loss: 0.421
[1,   280] loss: 0.436
[1,   300] loss: 0.359
[1,   320] loss: 0.232
[1,   340] loss: 0.184
[1,   360] loss: 0.577
[1,   380] loss: 0.237
[1,   400] loss: 0.206
[1,   420] loss: 0.161
[1,   440] loss: 0.191
[1,   460] loss: 0.186
[1,   480] loss: 0.367
[1,   500] loss: 0.341
[1,   520] loss: 0.219
[1,   540] loss: 0.080
[1,   560] loss: 0.304
[1,   580] loss: 0.264
[1,   600] loss: 0.392
[1,   620] loss: 0.204
[1,   640] loss: 0.075
[1,   660] loss: 0.099
[1,   680] loss: 0.083
[1,   700] loss: 0.156
[1,   720] loss: 0.133
[1,   740] loss: 0.267
[1,   760] loss: 0.064
[1,   780] loss: 0.086
[1,   800] loss: 0.259
[1,   820] loss: 0.146
[1,   840] loss: 0.067
[1,   860] loss: 0.067
[1,   880] loss: 0.082
[1,   900] loss: 0.080
[1,   920] loss: 0.062
[1,   940] loss: 0.107
[1,   960] loss: 0.155
[1,   980] loss: 0.066
[1,  1000] loss: 0.070
[1,  1020] loss: 0.056
[1,  1040] loss: 0.057
[1,  1060] loss: 0.137
[1,  1080] loss: 0.090
[1,  1100] loss: 0.107
[1,  1120] loss: 0.078
[1,  1140] loss: 0.097
[1,  1160] loss: 0.034
[1,  1180] loss: 0.110
[1,  1200] loss: 0.104
[1,  1220] loss: 0.082
[1,  1240] loss: 0.074
[1,  1260] loss: 0.218
[1,  1280] loss: 0.059
[1,  1300] loss: 0.139
[1,  1320] loss: 0.064
[1,  1340] loss: 0.054
[1,  1360] loss: 0.121
[1,  1380] loss: 0.092
[1,  1400] loss: 0.088
[1,  1420] loss: 0.064
[1,  1440] loss: 0.073
[1,  1460] loss: 0.025
[1,  1480] loss: 0.117
[1,  1500] loss: 0.356
[1,  1520] loss: 0.169
[1,  1540] loss: 0.131
[1,  1560] loss: 0.318
[1,  1580] loss: 0.062
[1,  1600] loss: 0.068
[1,  1620] loss: 0.115
[1,  1640] loss: 0.094
[1,  1660] loss: 0.057
[1,  1680] loss: 0.132
[1,  1700] loss: 0.095
[1,  1720] loss: 0.097
[1,  1740] loss: 0.041
[1,  1760] loss: 0.053
[1,  1780] loss: 0.230
[1,  1800] loss: 0.206
[1,  1820] loss: 0.053
[1,  1840] loss: 0.069
[1,  1860] loss: 0.097
[1,  1880] loss: 0.086
[1,  1900] loss: 0.128
[1,  1920] loss: 0.060
[1,  1940] loss: 0.094
[1,  1960] loss: 0.050
[1,  1980] loss: 0.046
[1,  2000] loss: 0.046
[1,  2020] loss: 0.162
[1,  2040] loss: 0.107
[1,  2060] loss: 0.075
[1,  2080] loss: 0.045
[1,  2100] loss: 0.111
[1,  2120] loss: 0.014
[1,  2140] loss: 0.093
[1,  2160] loss: 0.040
[1,  2180] loss: 0.042
[1,  2200] loss: 0.165
[1,  2220] loss: 0.115
[1,  2240] loss: 0.219
[1,  2260] loss: 0.075
[1,  2280] loss: 0.076
[1,  2300] loss: 0.107
[1,  2320] loss: 0.198
[1,  2340] loss: 0.031
[1,  2360] loss: 0.116
[1,  2380] loss: 0.087
[1,  2400] loss: 0.034
[1,  2420] loss: 0.048
[1,  2440] loss: 0.207
[1,  2460] loss: 0.056
[1,  2480] loss: 0.055
[1,  2500] loss: 0.167
[1,  2520] loss: 0.154
[1,  2540] loss: 0.099
[1,  2560] loss: 0.041
[1,  2580] loss: 0.047
[1,  2600] loss: 0.070
[1,  2620] loss: 0.078
[1,  2640] loss: 0.059
[1,  2660] loss: 0.098
[1,  2680] loss: 0.030
[1,  2700] loss: 0.105
[1,  2720] loss: 0.118
[1,  2740] loss: 0.021
[1,  2760] loss: 0.064
[1,  2780] loss: 0.167
[1,  2800] loss: 0.116
[1,  2820] loss: 0.025
[1,  2840] loss: 0.072
[1,  2860] loss: 0.147
[1,  2880] loss: 0.033
[1,  2900] loss: 0.038
[1,  2920] loss: 0.097
[1,  2940] loss: 0.131
[1,  2960] loss: 0.032
[1,  2980] loss: 0.073
[1,  3000] loss: 0.066
[1,  3020] loss: 0.188
[1,  3040] loss: 0.201
[1,  3060] loss: 0.086
[1,  3080] loss: 0.098
[1,  3100] loss: 0.024
[1,  3120] loss: 0.130
[1,  3140] loss: 0.071
[1,  3160] loss: 0.063
[1,  3180] loss: 0.032
[1,  3200] loss: 0.049
[1,  3220] loss: 0.032
[1,  3240] loss: 0.043
[1,  3260] loss: 0.304
[1,  3280] loss: 0.110
[1,  3300] loss: 0.144
[1,  3320] loss: 0.014
[1,  3340] loss: 0.022
[1,  3360] loss: 0.154
[1,  3380] loss: 0.236
[1,  3400] loss: 0.091
[1,  3420] loss: 0.260
[1,  3440] loss: 0.106
[1,  3460] loss: 0.043
[1,  3480] loss: 0.107
[1,  3500] loss: 0.032
[1,  3520] loss: 0.060
[1,  3540] loss: 0.040
[1,  3560] loss: 0.099
[1,  3580] loss: 0.135
[1,  3600] loss: 0.092
[1,  3620] loss: 0.037
[1,  3640] loss: 0.050
[1,  3660] loss: 0.168
[1,  3680] loss: 0.061
[1,  3700] loss: 0.088
[1,  3720] loss: 0.046
[1,  3740] loss: 0.079
[1,  3760] loss: 0.053
[1,  3780] loss: 0.057
[1,  3800] loss: 0.138
[1,  3820] loss: 0.077
[1,  3840] loss: 0.071
[1,  3860] loss: 0.130
[1,  3880] loss: 0.061
[1,  3900] loss: 0.017
[1,  3920] loss: 0.071
[1,  3940] loss: 0.115
[1,  3960] loss: 0.027
[1,  3980] loss: 0.229
[1,  4000] loss: 0.161
[1,  4020] loss: 0.096
[1,  4040] loss: 0.031
[1,  4060] loss: 0.065
[1,  4080] loss: 0.050
[1,  4100] loss: 0.163
[1,  4120] loss: 0.134
[1,  4140] loss: 0.149
[1,  4160] loss: 0.169
[1,  4180] loss: 0.030
[1,  4200] loss: 0.029
[1,  4220] loss: 0.049
[1,  4240] loss: 0.080
[1,  4260] loss: 0.045
[1,  4280] loss: 0.112
[1,  4300] loss: 0.050
[1,  4320] loss: 0.064
[1,  4340] loss: 0.052
[1,  4360] loss: 0.043
[1,  4380] loss: 0.123
[1,  4400] loss: 0.052
[1,  4420] loss: 0.026
[1,  4440] loss: 0.032
[1,  4460] loss: 0.119
[1,  4480] loss: 0.043
[1,  4500] loss: 0.036
[1,  4520] loss: 0.035
[1,  4540] loss: 0.058
[1,  4560] loss: 0.043
[1,  4580] loss: 0.127
[1,  4600] loss: 0.023
[1,  4620] loss: 0.023
[1,  4640] loss: 0.057
[1,  4660] loss: 0.071
[1,  4680] loss: 0.079
[1,  4700] loss: 0.046
[1,  4720] loss: 0.030
[1,  4740] loss: 0.030
[1,  4760] loss: 0.255
[1,  4780] loss: 0.098
[1,  4800] loss: 0.117
[1,  4820] loss: 0.070
[1,  4840] loss: 0.024
[1,  4860] loss: 0.073
[1,  4880] loss: 0.082
[1,  4900] loss: 0.048
[1,  4920] loss: 0.075
[1,  4940] loss: 0.122
[1,  4960] loss: 0.050
[1,  4980] loss: 0.022
[1,  5000] loss: 0.024
[1,  5020] loss: 0.057
[1,  5040] loss: 0.047
[1,  5060] loss: 0.031
[1,  5080] loss: 0.028
[1,  5100] loss: 0.096
[1,  5120] loss: 0.195
[1,  5140] loss: 0.037
[1,  5160] loss: 0.038
[1,  5180] loss: 0.017
[1,  5200] loss: 0.142
[1,  5220] loss: 0.062
[1,  5240] loss: 0.049
[1,  5260] loss: 0.193
[1,  5280] loss: 0.150
[1,  5300] loss: 0.084
[1,  5320] loss: 0.023
[1,  5340] loss: 0.085
[1,  5360] loss: 0.038
[1,  5380] loss: 0.037
[1,  5400] loss: 0.074
[1,  5420] loss: 0.107
[1,  5440] loss: 0.037
[1,  5460] loss: 0.053
[1,  5480] loss: 0.034
[1,  5500] loss: 0.042
[1,  5520] loss: 0.171
[1,  5540] loss: 0.146
[1,  5560] loss: 0.110
[1,  5580] loss: 0.067
[1,  5600] loss: 0.035
[1,  5620] loss: 0.045
[1,  5640] loss: 0.069
[1,  5660] loss: 0.047
[1,  5680] loss: 0.180
[1,  5700] loss: 0.077
[1,  5720] loss: 0.178
[1,  5740] loss: 0.064
[1,  5760] loss: 0.132
[1,  5780] loss: 0.126
[1,  5800] loss: 0.033
[1,  5820] loss: 0.043
[1,  5840] loss: 0.098
[1,  5860] loss: 0.024
[1,  5880] loss: 0.045
[1,  5900] loss: 0.036
[1,  5920] loss: 0.031
[1,  5940] loss: 0.056
[1,  5960] loss: 0.083
[1,  5980] loss: 0.024
[1,  6000] loss: 0.090
[1,  6020] loss: 0.037
[1,  6040] loss: 0.058
[1,  6060] loss: 0.176
[1,  6080] loss: 0.130
[1,  6100] loss: 0.105
[1,  6120] loss: 0.042
[1,  6140] loss: 0.088
[1,  6160] loss: 0.019
[1,  6180] loss: 0.042
[1,  6200] loss: 0.030
[1,  6220] loss: 0.080
[1,  6240] loss: 0.041
[1,  6260] loss: 0.041
[1,  6280] loss: 0.011
[1,  6300] loss: 0.013
[1,  6320] loss: 0.019
[1,  6340] loss: 0.148
[1,  6360] loss: 0.044
[1,  6380] loss: 0.039
[1,  6400] loss: 0.128
[1,  6420] loss: 0.080
[1,  6440] loss: 0.049
[1,  6460] loss: 0.044
[1,  6480] loss: 0.122
[1,  6500] loss: 0.053
[1,  6520] loss: 0.072
[1,  6540] loss: 0.087
[1,  6560] loss: 0.033
[1,  6580] loss: 0.028
[1,  6600] loss: 0.063
[1,  6620] loss: 0.022
[1,  6640] loss: 0.013
[1,  6660] loss: 0.072
[1,  6680] loss: 0.033
[1,  6700] loss: 0.026
[1,  6720] loss: 0.026
[1,  6740] loss: 0.107
[1,  6760] loss: 0.040
[1,  6780] loss: 0.081
[1,  6800] loss: 0.028
[1,  6820] loss: 0.036
[1,  6840] loss: 0.054
[1,  6860] loss: 0.039
[1,  6880] loss: 0.121
[1,  6900] loss: 0.161
[1,  6920] loss: 0.274
[1,  6940] loss: 0.065
[1,  6960] loss: 0.041
[1,  6980] loss: 0.044
[1,  7000] loss: 0.027
[1,  7020] loss: 0.014
[1,  7040] loss: 0.036
[1,  7060] loss: 0.049
[1,  7080] loss: 0.135
[1,  7100] loss: 0.050
[1,  7120] loss: 0.020
[1,  7140] loss: 0.050
[1,  7160] loss: 0.043
[1,  7180] loss: 0.063
[1,  7200] loss: 0.100
[1,  7220] loss: 0.070
[1,  7240] loss: 0.090
[1,  7260] loss: 0.110
[1,  7280] loss: 0.150
[1,  7300] loss: 0.022
[1,  7320] loss: 0.100
[1,  7340] loss: 0.089
[1,  7360] loss: 0.074
[1,  7380] loss: 0.053
[1,  7400] loss: 0.033
[1,  7420] loss: 0.031
[1,  7440] loss: 0.063
[1,  7460] loss: 0.066
[1,  7480] loss: 0.032
[1,  7500] loss: 0.022
[1,  7520] loss: 0.096
[1,  7540] loss: 0.027
[1,  7560] loss: 0.058
[1,  7580] loss: 0.032
[1,  7600] loss: 0.306
[1,  7620] loss: 0.021
[1,  7640] loss: 0.094
[1,  7660] loss: 0.052
[1,  7680] loss: 0.063
[1,  7700] loss: 0.053
[1,  7720] loss: 0.095
[1,  7740] loss: 0.031
[1,  7760] loss: 0.049
[1,  7780] loss: 0.119
[1,  7800] loss: 0.060
[1,  7820] loss: 0.023
[1,  7840] loss: 0.066
[1,  7860] loss: 0.034
[1,  7880] loss: 0.072
[1,  7900] loss: 0.075
[1,  7920] loss: 0.029
[1,  7940] loss: 0.029
[1,  7960] loss: 0.050
[1,  7980] loss: 0.098
[1,  8000] loss: 0.045
[1,  8020] loss: 0.029
[1,  8040] loss: 0.068
[1,  8060] loss: 0.037
[1,  8080] loss: 0.103
[1,  8100] loss: 0.051
[1,  8120] loss: 0.139
[1,  8140] loss: 0.071
[1,  8160] loss: 0.040
[1,  8180] loss: 0.025
[1,  8200] loss: 0.260
[1,  8220] loss: 0.160
[1,  8240] loss: 0.063
[1,  8260] loss: 0.090
[1,  8280] loss: 0.102
[1,  8300] loss: 0.153
[1,  8320] loss: 0.076
[1,  8340] loss: 0.108
[1,  8360] loss: 0.103
[1,  8380] loss: 0.110
[1,  8400] loss: 0.085
[1,  8420] loss: 0.040
[1,  8440] loss: 0.065
[1,  8460] loss: 0.034
[1,  8480] loss: 0.039
[1,  8500] loss: 0.034
[1,  8520] loss: 0.033
[1,  8540] loss: 0.056
[1,  8560] loss: 0.087
[1,  8580] loss: 0.361
[1,  8600] loss: 0.175
[1,  8620] loss: 0.058
[1,  8640] loss: 0.380
[1,  8660] loss: 0.123
[1,  8680] loss: 0.061
[1,  8700] loss: 0.032
[1,  8720] loss: 0.024
[1,  8740] loss: 0.270
[1,  8760] loss: 0.047
[1,  8780] loss: 0.098
[1,  8800] loss: 0.012
[1,  8820] loss: 0.074
[1,  8840] loss: 0.026
[1,  8860] loss: 0.044
[1,  8880] loss: 0.052
[1,  8900] loss: 0.017
[1,  8920] loss: 0.028
[1,  8940] loss: 0.035
[1,  8960] loss: 0.134
[1,  8980] loss: 0.135
[1,  9000] loss: 0.046
[1,  9020] loss: 0.196
[1,  9040] loss: 0.194
[1,  9060] loss: 0.145
[1,  9080] loss: 0.016
[1,  9100] loss: 0.140
[1,  9120] loss: 0.056
[1,  9140] loss: 0.063
[1,  9160] loss: 0.014
[1,  9180] loss: 0.025
[1,  9200] loss: 0.030
[1,  9220] loss: 0.074
[1,  9240] loss: 0.047
[1,  9260] loss: 0.039
[1,  9280] loss: 0.042
[1,  9300] loss: 0.105
[1,  9320] loss: 0.036
[1,  9340] loss: 0.024
[1,  9360] loss: 0.032
[1,  9380] loss: 0.028
[1,  9400] loss: 0.167
[1,  9420] loss: 0.074
[1,  9440] loss: 0.254
[1,  9460] loss: 0.385
[1,  9480] loss: 0.231
[1,  9500] loss: 0.097
[1,  9520] loss: 0.027
[1,  9540] loss: 0.387
[1,  9560] loss: 0.086
[1,  9580] loss: 0.062
[1,  9600] loss: 0.100
[1,  9620] loss: 0.098
[1,  9640] loss: 0.054
[1,  9660] loss: 0.102
[1,  9680] loss: 0.080
[1,  9700] loss: 0.082
[1,  9720] loss: 0.119
[1,  9740] loss: 0.051
[1,  9760] loss: 0.282
[1,  9780] loss: 0.062
[1,  9800] loss: 0.105
[1,  9820] loss: 0.034
[1,  9840] loss: 0.020
[1,  9860] loss: 0.058
[1,  9880] loss: 0.078
[1,  9900] loss: 0.180
[1,  9920] loss: 0.084
[1,  9940] loss: 0.017
[1,  9960] loss: 0.032
[1,  9980] loss: 0.028
[1, 10000] loss: 0.213
[1, 10020] loss: 0.042
[1, 10040] loss: 0.041
[1, 10060] loss: 0.166
[1, 10080] loss: 0.040
[1, 10100] loss: 0.048
[1, 10120] loss: 0.043
[1, 10140] loss: 0.012
[1, 10160] loss: 0.055
[1, 10180] loss: 0.102
[1, 10200] loss: 0.209
[1, 10220] loss: 0.167
[1, 10240] loss: 0.076
[1, 10260] loss: 0.067
[1, 10280] loss: 0.177
[1, 10300] loss: 0.059
[1, 10320] loss: 0.072
[1, 10340] loss: 0.112
[1, 10360] loss: 0.074
[1, 10380] loss: 0.184
[1, 10400] loss: 0.063
[1, 10420] loss: 0.086
[1, 10440] loss: 0.331
[1, 10460] loss: 0.092
[1, 10480] loss: 0.035
[1, 10500] loss: 0.025
[1, 10520] loss: 0.090
[1, 10540] loss: 0.071
[1, 10560] loss: 0.091
[1, 10580] loss: 0.167
[1, 10600] loss: 0.053
[1, 10620] loss: 0.028
[1, 10640] loss: 0.051
[1, 10660] loss: 0.105
[1, 10680] loss: 0.036
[1, 10700] loss: 0.024
[1, 10720] loss: 0.147
[1, 10740] loss: 0.030
[1, 10760] loss: 0.087
[1, 10780] loss: 0.028
[1, 10800] loss: 0.126
[1, 10820] loss: 0.090
[1, 10840] loss: 0.139
[1, 10860] loss: 0.031
[1, 10880] loss: 0.040
[1, 10900] loss: 0.019
[1, 10920] loss: 0.058
[1, 10940] loss: 0.055
[1, 10960] loss: 0.026
[1, 10980] loss: 0.086
[1, 11000] loss: 0.021
[1, 11020] loss: 0.039
[1, 11040] loss: 0.030
[1, 11060] loss: 0.032
[1, 11080] loss: 0.023
[1, 11100] loss: 0.115
[1, 11120] loss: 0.044
[1, 11140] loss: 0.075
[1, 11160] loss: 0.057
[1, 11180] loss: 0.056
[1, 11200] loss: 0.081
[1, 11220] loss: 0.045
[1, 11240] loss: 0.285
[1, 11260] loss: 0.120
[1, 11280] loss: 0.109
[1, 11300] loss: 0.096
[1, 11320] loss: 0.035
[1, 11340] loss: 0.076
[1, 11360] loss: 0.049
[1, 11380] loss: 0.051
[1, 11400] loss: 0.045
[1, 11420] loss: 0.049
[1, 11440] loss: 0.020
[1, 11460] loss: 0.079
[1, 11480] loss: 0.060
[1, 11500] loss: 0.089
[1, 11520] loss: 0.031
[1, 11540] loss: 0.026
[1, 11560] loss: 0.015
[1, 11580] loss: 0.095
[1, 11600] loss: 0.077
[1, 11620] loss: 0.112
[1, 11640] loss: 0.024
[1, 11660] loss: 0.044
[1, 11680] loss: 0.028
[1, 11700] loss: 0.022
[1, 11720] loss: 0.031
[1, 11740] loss: 0.054
[1, 11760] loss: 0.092
[1, 11780] loss: 0.058
[1, 11800] loss: 0.071
[1, 11820] loss: 0.039
[1, 11840] loss: 0.027
[1, 11860] loss: 0.041
[1, 11880] loss: 0.053
[1, 11900] loss: 0.108
[1, 11920] loss: 0.066
[1, 11940] loss: 0.063
[1, 11960] loss: 0.051
[1, 11980] loss: 0.088
[1, 12000] loss: 0.011
[1, 12020] loss: 0.037
[1, 12040] loss: 0.026
[1, 12060] loss: 0.087
[1, 12080] loss: 0.025
[1, 12100] loss: 0.043
[1, 12120] loss: 0.030
[1, 12140] loss: 0.053
[1, 12160] loss: 0.131
[1, 12180] loss: 0.061
[1, 12200] loss: 0.025
[1, 12220] loss: 0.035
[1, 12240] loss: 0.030
[1, 12260] loss: 0.031
[1, 12280] loss: 0.043
[1, 12300] loss: 0.031
[1, 12320] loss: 0.032
[1, 12340] loss: 0.084
[1, 12360] loss: 0.033
[1, 12380] loss: 0.036
[1, 12400] loss: 0.099
[1, 12420] loss: 0.090
[1, 12440] loss: 0.050
[1, 12460] loss: 0.066
[1, 12480] loss: 0.085
[1, 12500] loss: 0.277
[1, 12520] loss: 0.039
[1, 12540] loss: 0.042
[1, 12560] loss: 0.092
[1, 12580] loss: 0.075
[1, 12600] loss: 0.064
[1, 12620] loss: 0.201
[1, 12640] loss: 0.044
[1, 12660] loss: 0.066
[1, 12680] loss: 0.014
[1, 12700] loss: 0.240
[1, 12720] loss: 0.149
[1, 12740] loss: 0.071
[1, 12760] loss: 0.092
[1, 12780] loss: 0.047
[1, 12800] loss: 0.168
[1, 12820] loss: 0.269
[1, 12840] loss: 0.121
[1, 12860] loss: 0.094
[1, 12880] loss: 0.149
[1, 12900] loss: 0.065
[1, 12920] loss: 0.129
[1, 12940] loss: 0.103
[1, 12960] loss: 0.089
[1, 12980] loss: 0.184
[1, 13000] loss: 0.303
[1, 13020] loss: 0.085
[1, 13040] loss: 0.072
[1, 13060] loss: 0.059
[1, 13080] loss: 0.102
[1, 13100] loss: 0.027
[1, 13120] loss: 0.021
[1, 13140] loss: 0.018
[1, 13160] loss: 0.023
[1, 13180] loss: 0.200
[1, 13200] loss: 0.019
[1, 13220] loss: 0.081
[1, 13240] loss: 0.052
[1, 13260] loss: 0.175
[1, 13280] loss: 0.152
[1, 13300] loss: 0.137
[1, 13320] loss: 0.015
[1, 13340] loss: 0.056
[1, 13360] loss: 0.109
[1, 13380] loss: 0.081
[1, 13400] loss: 0.089
[1, 13420] loss: 0.035
[1, 13440] loss: 0.062
[1, 13460] loss: 0.225
[1, 13480] loss: 0.053
[1, 13500] loss: 0.013
[1, 13520] loss: 0.029
[1, 13540] loss: 0.057
[1, 13560] loss: 0.050
[1, 13580] loss: 0.176
[1, 13600] loss: 0.097
[1, 13620] loss: 0.059
[1, 13640] loss: 0.038
[1, 13660] loss: 0.018
[1, 13680] loss: 0.047
[1, 13700] loss: 0.045
[1, 13720] loss: 0.091
[1, 13740] loss: 0.058
[1, 13760] loss: 0.251
[1, 13780] loss: 0.016
[1, 13800] loss: 0.074
[1, 13820] loss: 0.007
[1, 13840] loss: 0.071
[1, 13860] loss: 0.041
[1, 13880] loss: 0.034
[1, 13900] loss: 0.054
[1, 13920] loss: 0.118
[1, 13940] loss: 0.193
[1, 13960] loss: 0.090
[1, 13980] loss: 0.054
[1, 14000] loss: 0.044
[1, 14020] loss: 0.033
[1, 14040] loss: 0.074
[1, 14060] loss: 0.114
[1, 14080] loss: 0.048
[1, 14100] loss: 0.074
[1, 14120] loss: 0.073
[1, 14140] loss: 0.178
[1, 14160] loss: 0.034
[1, 14180] loss: 0.017
[1, 14200] loss: 0.023
[1, 14220] loss: 0.022
[1, 14240] loss: 0.143
[1, 14260] loss: 0.060
[1, 14280] loss: 0.189
[1, 14300] loss: 0.040
[1, 14320] loss: 0.237
[1, 14340] loss: 0.040
[1, 14360] loss: 0.043
[1, 14380] loss: 0.209
[1, 14400] loss: 0.117
[1, 14420] loss: 0.015
[1, 14440] loss: 0.072
[1, 14460] loss: 0.046
[1, 14480] loss: 0.029
[1, 14500] loss: 0.029
[1, 14520] loss: 0.067
[1, 14540] loss: 0.085
[1, 14560] loss: 0.042
[1, 14580] loss: 0.095
[1, 14600] loss: 0.036
[1, 14620] loss: 0.067
[1, 14640] loss: 0.120
[1, 14660] loss: 0.101
[1, 14680] loss: 0.059
[1, 14700] loss: 0.067
[1, 14720] loss: 0.129
[1, 14740] loss: 0.084
[1, 14760] loss: 0.258
[1, 14780] loss: 0.050
[1, 14800] loss: 0.046
[1, 14820] loss: 0.096
[1, 14840] loss: 0.148
[1, 14860] loss: 0.070
[1, 14880] loss: 0.122
[1, 14900] loss: 0.283
[1, 14920] loss: 0.019
[1, 14940] loss: 0.029
[1, 14960] loss: 0.459
[1, 14980] loss: 4.280
[1, 15000] loss: 1820718224724.410
[1, 15020] loss: 64379713982136.297
[1, 15040] loss: 95002440569241.594
[1, 15060] loss: 10227274611097.600
[1, 15080] loss: 407237750156.800
[1, 15100] loss: 68187146430.900
[1, 15120] loss: 35987620991.800
[1, 15140] loss: 30980591003.875
[1, 15160] loss: 18000480049.830
[1, 15180] loss: 29374503475.200
[1, 15200] loss: 17825208168.513
[1, 15220] loss: 8717221967.675
[1, 15240] loss: 27200017324.000
[1, 15260] loss: 18828835924.077
[1, 15280] loss: 20140717240.000
[1, 15300] loss: 7850165364.400
[1, 15320] loss: 11066940869.491
[1, 15340] loss: 7711685335.550
[1, 15360] loss: 11102098820.800
[1, 15380] loss: 5362236788.753
[1, 15400] loss: 6709159610.400
[1, 15420] loss: 6778523173.200
[1, 15440] loss: 11575377470.200
[1, 15460] loss: 5478491458.600
[1, 15480] loss: 2470983186.400
[1, 15500] loss: 3930190813.294
[1, 15520] loss: 9045006175.581
[1, 15540] loss: 5878848543.087
[1, 15560] loss: 4392654500.788
[1, 15580] loss: 4516234775.800
[1, 15600] loss: 4334283737.600
[1, 15620] loss: 7196982999.000
[1, 15640] loss: 18936955883.000
[1, 15660] loss: 6869875927.400
[1, 15680] loss: 5077614920.000
[1, 15700] loss: 3084665836.400
[1, 15720] loss: 3119045356.688
[1, 15740] loss: 10335450728.000
[1, 15760] loss: 4923149604.200
[1, 15780] loss: 5489744748.100
[1, 15800] loss: 7233530939.212
[1, 15820] loss: 5244425312.800
[1, 15840] loss: 2972485920.062
[1, 15860] loss: 4512646654.600
[1, 15880] loss: 3939931682.800
[1, 15900] loss: 10356208648.600
[1, 15920] loss: 10580408994.700
[1, 15940] loss: 2002462539.100
[1, 15960] loss: 2751123519.262
[1, 15980] loss: 1125138762.000
[1, 16000] loss: 10231470722.200
[1, 16020] loss: 1483590690.966
[1, 16040] loss: 2079363764.700
[1, 16060] loss: 1658796439.550
[1, 16080] loss: 2366377518.000
[1, 16100] loss: 2716933992.000
[1, 16120] loss: 3403087236.400
[1, 16140] loss: 1731237232.234
[1, 16160] loss: 2345326747.050
[1, 16180] loss: 3516477983.200
[1, 16200] loss: 1953610708.436
[1, 16220] loss: 2757033540.000
[1, 16240] loss: 1220266852.475
[1, 16260] loss: 1114008110.550
[1, 16280] loss: 2893085079.975
[1, 16300] loss: 1773683288.719
[1, 16320] loss: 1173146996.900
[1, 16340] loss: 1219202744.600
[1, 16360] loss: 2565797776.000
[1, 16380] loss: 774346135.062
[1, 16400] loss: 781793442.550
[1, 16420] loss: 1864062260.737
[1, 16440] loss: 3238806346.600
[1, 16460] loss: 1862079598.150
[1, 16480] loss: 711829904.500
[1, 16500] loss: 1225412477.762
[1, 16520] loss: 971776307.388
[1, 16540] loss: 806414013.714
[1, 16560] loss: 1670733032.274
[1, 16580] loss: 5272583904.581
[1, 16600] loss: 1547033978.450
[1, 16620] loss: 1720890949.950
[1, 16640] loss: 523306061.944
[1, 16660] loss: 1345876002.225
[1, 16680] loss: 1481608025.050
[1, 16700] loss: 2115165953.600
[1, 16720] loss: 1379436557.237
[1, 16740] loss: 2002770308.894
[1, 16760] loss: 3014817120.602
[1, 16780] loss: 1977175988.600
[1, 16800] loss: 1335598737.100
[1, 16820] loss: 1426170295.645
[1, 16840] loss: 1381898306.689
[1, 16860] loss: 841156073.138
[1, 16880] loss: 703280778.170
[1, 16900] loss: 1844272598.537
[1, 16920] loss: 901770004.962
[1, 16940] loss: 661317715.329
[1, 16960] loss: 1996621271.300
[1, 16980] loss: 1671054899.550
[1, 17000] loss: 797727537.688
[1, 17020] loss: 3991817125.600
[1, 17040] loss: 1960214613.800
[1, 17060] loss: 888210178.558
[1, 17080] loss: 479250824.159
[1, 17100] loss: 1375131466.359
[1, 17120] loss: 2123551417.675
[1, 17140] loss: 1871854435.981
[1, 17160] loss: 1462989902.114
[1, 17180] loss: 1873159556.700
[1, 17200] loss: 1213036151.495
[1, 17220] loss: 4146729590.000
[1, 17240] loss: 1564951789.200
[1, 17260] loss: 3677085761.350
[1, 17280] loss: 1169420196.225
[1, 17300] loss: 1076466216.036
[1, 17320] loss: 2595844226.400
[1, 17340] loss: 1513605754.950
[1, 17360] loss: 609196158.488
[1, 17380] loss: 608881573.556
[1, 17400] loss: 564484894.309
[1, 17420] loss: 1540083003.000
[1, 17440] loss: 893278379.675
[1, 17460] loss: 376830357.150
[1, 17480] loss: 988233020.500
[1, 17500] loss: 491762018.200
[1, 17520] loss: 1340172740.000
[1, 17540] loss: 894910457.573
[1, 17560] loss: 330090537.348
[1, 17580] loss: 5025324836.700
[1, 17600] loss: 682379122.688
[1, 17620] loss: 454771192.595
[1, 17640] loss: 1798893615.000
[1, 17660] loss: 1361731519.502
[1, 17680] loss: 2237772121.094
[1, 17700] loss: 1120116350.784
[1, 17720] loss: 847050550.678
[1, 17740] loss: 517226506.937
[1, 17760] loss: 1573729326.178
[1, 17780] loss: 2952565300.684
[1, 17800] loss: 2860096867.575
[1, 17820] loss: 170334581.506
[1, 17840] loss: 493095877.377
[1, 17860] loss: 308741963.250
[1, 17880] loss: 780099657.353
[1, 17900] loss: 310574809.127
[1, 17920] loss: 325199883.200
[1, 17940] loss: 432062841.126
[1, 17960] loss: 1491352084.041
[1, 17980] loss: 687054383.959
[1, 18000] loss: 644988519.575
[1, 18020] loss: 241529100.533
[1, 18040] loss: 984475028.225
[1, 18060] loss: 636410346.237
[1, 18080] loss: 787718452.850
[1, 18100] loss: 385465469.525
[1, 18120] loss: 275740788.875
[1, 18140] loss: 1657736929.400
[1, 18160] loss: 630977676.600
[1, 18180] loss: 294512976.725
[1, 18200] loss: 883198932.587
[1, 18220] loss: 1079245862.728
[1, 18240] loss: 1312821072.400
[1, 18260] loss: 775977042.071
[1, 18280] loss: 493782542.250
[1, 18300] loss: 563179126.200
[1, 18320] loss: 541429170.675
[1, 18340] loss: 1127926287.200
[1, 18360] loss: 424213259.856
[1, 18380] loss: 1104996736.750
[1, 18400] loss: 1389124882.833
[1, 18420] loss: 618279570.969
[1, 18440] loss: 413739324.995
[1, 18460] loss: 423313710.575
[1, 18480] loss: 317131379.700
[1, 18500] loss: 221193540.625
[1, 18520] loss: 306101088.941
[1, 18540] loss: 277117824.969
[1, 18560] loss: 450631257.225
[1, 18580] loss: 248211851.136
[1, 18600] loss: 592518893.039
[1, 18620] loss: 210683503.139
[1, 18640] loss: 510834628.787
[1, 18660] loss: 747574979.850
[1, 18680] loss: 695506708.175
[1, 18700] loss: 492142175.205
[1, 18720] loss: 2210532051.606
[1, 18740] loss: 1380376321.200
[1, 18760] loss: 407328575.300
[1, 18780] loss: 223768579.863
[1, 18800] loss: 650636214.596
[1, 18820] loss: 1762382773.475
[1, 18840] loss: 686538006.809
[1, 18860] loss: 256671498.875
[1, 18880] loss: 268022851.341
[1, 18900] loss: 312846744.363
[1, 18920] loss: 770704825.800
[1, 18940] loss: 302587106.912
[1, 18960] loss: 273150581.500
[1, 18980] loss: 460253083.325
[1, 19000] loss: 645556135.678
[1, 19020] loss: 172391631.133
[1, 19040] loss: 150530677.800
[1, 19060] loss: 152513577.113
[1, 19080] loss: 315368164.225
[1, 19100] loss: 391406558.519
[1, 19120] loss: 160161259.425
[1, 19140] loss: 327079401.625
[1, 19160] loss: 247108668.750
[1, 19180] loss: 238345154.360
[1, 19200] loss: 211631391.017
[1, 19220] loss: 311151555.575
[1, 19240] loss: 275190296.409
[1, 19260] loss: 362349835.688
[1, 19280] loss: 147527538.007
[1, 19300] loss: 121984489.608
[1, 19320] loss: 799112115.648
[1, 19340] loss: 483018861.234
[1, 19360] loss: 783193547.075
[1, 19380] loss: 203039483.743
[1, 19400] loss: 908596693.122
[1, 19420] loss: 257419728.084
[1, 19440] loss: 618874003.408
[1, 19460] loss: 183148685.200
[1, 19480] loss: 166376516.059
[1, 19500] loss: 186354245.269
[1, 19520] loss: 210847219.884
[1, 19540] loss: 185556779.775
[1, 19560] loss: 155745039.631
[1, 19580] loss: 250730438.325
[1, 19600] loss: 455716937.039
[1, 19620] loss: 488259813.100
[1, 19640] loss: 274465213.312
[1, 19660] loss: 407210394.146
[1, 19680] loss: 169591337.844
[1, 19700] loss: 182617843.975
[1, 19720] loss: 152323348.498
[1, 19740] loss: 201679925.803
[1, 19760] loss: 174191788.547
[1, 19780] loss: 228107953.076
[1, 19800] loss: 227636848.775
[1, 19820] loss: 116343298.164
[1, 19840] loss: 78523088.488
[1, 19860] loss: 203504515.326
[1, 19880] loss: 329935786.950
[1, 19900] loss: 205597876.981
[1, 19920] loss: 365202160.775
[1, 19940] loss: 268536771.352
[1, 19960] loss: 685887350.150
[1, 19980] loss: 576147891.650
[1, 20000] loss: 210802498.275
[1, 20020] loss: 352047211.816
[1, 20040] loss: 188528637.438
[1, 20060] loss: 137366693.700
[1, 20080] loss: 76826364.751
[1, 20100] loss: 95206008.837
[1, 20120] loss: 115502701.925
[1, 20140] loss: 802445760.763
[1, 20160] loss: 346813492.400
[1, 20180] loss: 120450521.189
[1, 20200] loss: 369630901.467
[1, 20220] loss: 193622689.458
[1, 20240] loss: 327411505.800
[1, 20260] loss: 597881413.065
[1, 20280] loss: 252401871.672
[1, 20300] loss: 309587534.300
[1, 20320] loss: 177514475.550
[1, 20340] loss: 184997544.387
[1, 20360] loss: 440828113.300
[1, 20380] loss: 120852491.669
[1, 20400] loss: 65610837.519
[1, 20420] loss: 90969670.877
[1, 20440] loss: 50385214.122
[1, 20460] loss: 58904209.814
[1, 20480] loss: 73333400.609
[1, 20500] loss: 161537487.763
[1, 20520] loss: 127509063.162
[1, 20540] loss: 123077170.633
[1, 20560] loss: 369276300.706
[1, 20580] loss: 180236658.625
[1, 20600] loss: 105857873.456
[1, 20620] loss: 454272309.684
[1, 20640] loss: 289606659.845
[1, 20660] loss: 176414826.214
[1, 20680] loss: 74782941.125
[1, 20700] loss: 53709927.128
[1, 20720] loss: 69259018.450
[1, 20740] loss: 119956350.035
[1, 20760] loss: 174167711.084
[1, 20780] loss: 65340896.266
[1, 20800] loss: 88144095.584
[1, 20820] loss: 33035303.947
[1, 20840] loss: 131092773.735
[1, 20860] loss: 182274136.125
[1, 20880] loss: 160084344.150
[1, 20900] loss: 161499263.037
[1, 20920] loss: 143547701.552
[1, 20940] loss: 65996902.279
[1, 20960] loss: 72497201.246
[1, 20980] loss: 52817108.479
[1, 21000] loss: 34446363.151
[1, 21020] loss: 81033436.455
[1, 21040] loss: 70101626.011
[1, 21060] loss: 159433715.975
[1, 21080] loss: 93279145.330
[1, 21100] loss: 127269936.748
[1, 21120] loss: 42971496.226
[1, 21140] loss: 75500237.048
[1, 21160] loss: 42413888.052
[1, 21180] loss: 49402337.933
[1, 21200] loss: 184856930.800
[1, 21220] loss: 51383336.299
[1, 21240] loss: 32258897.581
[1, 21260] loss: 36203134.794
[1, 21280] loss: 116675624.610
[1, 21300] loss: 358067142.413
[1, 21320] loss: 161596941.911
[1, 21340] loss: 172094904.950
[1, 21360] loss: 55549012.452
[1, 21380] loss: 138189339.995
[1, 21400] loss: 202630547.850
[1, 21420] loss: 134705496.315
[1, 21440] loss: 52411174.935
[1, 21460] loss: 228892301.634
[1, 21480] loss: 254065279.382
[1, 21500] loss: 36537215.147
[1, 21520] loss: 105340023.370
[1, 21540] loss: 142286652.837
[1, 21560] loss: 38156778.102
[1, 21580] loss: 21060322.314
[1, 21600] loss: 70740581.106
[1, 21620] loss: 15555134.494
[1, 21640] loss: 36464567.196
[1, 21660] loss: 170385395.637
[1, 21680] loss: 133207528.588
[1, 21700] loss: 51119467.420
[1, 21720] loss: 38759180.419
[1, 21740] loss: 12068849.685
[1, 21760] loss: 55991165.888
[1, 21780] loss: 125003164.562
[1, 21800] loss: 59684566.700
[1, 21820] loss: 95578536.312
[1, 21840] loss: 96278529.382
[1, 21860] loss: 61999302.122
[1, 21880] loss: 12252198.432
[1, 21900] loss: 79266846.004
[1, 21920] loss: 41424958.216
[1, 21940] loss: 38631005.516
[1, 21960] loss: 37489457.281
[1, 21980] loss: 56961027.227
[1, 22000] loss: 52298313.775
[1, 22020] loss: 17677384.460
[1, 22040] loss: 27049607.763
[1, 22060] loss: 49294216.959
[1, 22080] loss: 19268471.181
[1, 22100] loss: 48625296.221
[1, 22120] loss: 18178482.100
[1, 22140] loss: 29510762.438
[1, 22160] loss: 28241327.631
[1, 22180] loss: 37581680.503
[1, 22200] loss: 68602735.795
[1, 22220] loss: 20182416.256
[1, 22240] loss: 118785790.464
[1, 22260] loss: 57506741.119
[1, 22280] loss: 18864874.466
[1, 22300] loss: 12795242.125
[1, 22320] loss: 23608873.755
[1, 22340] loss: 87591015.550
[1, 22360] loss: 70748712.981
[1, 22380] loss: 21540506.329
[1, 22400] loss: 53316928.381
[1, 22420] loss: 22756619.485
[1, 22440] loss: 61228916.052
[1, 22460] loss: 62601884.762
[1, 22480] loss: 31339738.462
[1, 22500] loss: 67552232.000
[1, 22520] loss: 65103373.200
[1, 22540] loss: 19404023.654
[1, 22560] loss: 9625599.158
[1, 22580] loss: 14097730.651
[1, 22600] loss: 41414476.137
[1, 22620] loss: 11079586.440
[1, 22640] loss: 38758592.511
[1, 22660] loss: 13308386.332
[1, 22680] loss: 13282292.963
[1, 22700] loss: 22011828.036
[1, 22720] loss: 7745036.388
[1, 22740] loss: 15311494.472
[1, 22760] loss: 4334213.720
[1, 22780] loss: 11107734.355
[1, 22800] loss: 4218627.322
[1, 22820] loss: 32332896.754
[1, 22840] loss: 20659544.870
[1, 22860] loss: 85292870.650
[1, 22880] loss: 24455231.504
[1, 22900] loss: 20967108.957
[1, 22920] loss: 6563931.507
[1, 22940] loss: 14393757.289
[1, 22960] loss: 31888579.062
[1, 22980] loss: 12462251.042
[1, 23000] loss: 13203484.041
[1, 23020] loss: 7755886.693
[1, 23040] loss: 11566740.472
[1, 23060] loss: 19740385.744
[1, 23080] loss: 74484318.427
[1, 23100] loss: 42443127.475
[1, 23120] loss: 9800722.462
[1, 23140] loss: 20679008.122
[1, 23160] loss: 9403900.634
[1, 23180] loss: 12875033.294
[1, 23200] loss: 7986436.815
[1, 23220] loss: 9230656.854
[1, 23240] loss: 13862444.840
[1, 23260] loss: 13631717.047
[1, 23280] loss: 30973767.082
[1, 23300] loss: 29359076.782
[1, 23320] loss: 13207334.690
[1, 23340] loss: 11502983.677
[1, 23360] loss: 4772463.967
[1, 23380] loss: 6961788.996
[1, 23400] loss: 19724834.034
[1, 23420] loss: 22615822.098
[1, 23440] loss: 7768845.651
[1, 23460] loss: 7045678.787
[1, 23480] loss: 7564254.638
[1, 23500] loss: 7012689.654
[1, 23520] loss: 13313600.609
[1, 23540] loss: 10465673.705
[1, 23560] loss: 3243759.830
[1, 23580] loss: 32984331.902
[1, 23600] loss: 23706139.594
[1, 23620] loss: 20872761.068
[1, 23640] loss: 7104774.986
[1, 23660] loss: 10174215.655
[1, 23680] loss: 16174878.108
[1, 23700] loss: 17652441.121
[1, 23720] loss: 5141149.990
[1, 23740] loss: 8700478.586
[1, 23760] loss: 6846517.477
[1, 23780] loss: 4588597.712
[1, 23800] loss: 7210224.224
[1, 23820] loss: 11558304.622
[1, 23840] loss: 3260374.336
[1, 23860] loss: 5075480.488
[1, 23880] loss: 8526794.339
[1, 23900] loss: 4742869.950
[1, 23920] loss: 4965530.172
[1, 23940] loss: 8348829.091
[1, 23960] loss: 15030286.556
[1, 23980] loss: 8496657.161
[1, 24000] loss: 14809585.606
[1, 24020] loss: 8162693.155
[1, 24040] loss: 18941424.247
[1, 24060] loss: 9302557.507
[1, 24080] loss: 13392810.230
[1, 24100] loss: 7518727.905
[1, 24120] loss: 9035105.610
[1, 24140] loss: 8949019.895
[1, 24160] loss: 3224551.222
[1, 24180] loss: 7070142.060
[1, 24200] loss: 13642508.510
[1, 24220] loss: 11933523.269
[1, 24240] loss: 3929451.200
[1, 24260] loss: 7950519.234
[1, 24280] loss: 7522055.391
[1, 24300] loss: 3347889.749
[1, 24320] loss: 6041929.017
[1, 24340] loss: 10858313.958
[1, 24360] loss: 2401884.778
[1, 24380] loss: 5946125.740
[1, 24400] loss: 10346571.534
[1, 24420] loss: 12739012.233
[1, 24440] loss: 5123583.102
[1, 24460] loss: 7366769.575
[1, 24480] loss: 13618073.423
[1, 24500] loss: 29597695.134
[1, 24520] loss: 36373595.500
[1, 24540] loss: 15350296.646
[1, 24560] loss: 14131038.139
[1, 24580] loss: 8572771.347
[1, 24600] loss: 9007449.661
[1, 24620] loss: 8507699.239
[1, 24640] loss: 3524352.255
[1, 24660] loss: 4048248.245
[1, 24680] loss: 3440760.112
[1, 24700] loss: 3729127.586
[1, 24720] loss: 5820718.765
[1, 24740] loss: 3733568.234
[1, 24760] loss: 3085610.705
[1, 24780] loss: 5699302.434
[1, 24800] loss: 2536206.389
[1, 24820] loss: 5509524.270
[1, 24840] loss: 4588420.644
[1, 24860] loss: 30508514.281
[1, 24880] loss: 28270855.644
[1, 24900] loss: 18099458.616
[1, 24920] loss: 41236653.573
[1, 24940] loss: 79379189.688
[1, 24960] loss: 36276524.898
[1, 24980] loss: 5251428.574
[1, 25000] loss: 2154161.517
[1, 25020] loss: 2109866.415
[1, 25040] loss: 2095119.878
[1, 25060] loss: 4019346.020
[1, 25080] loss: 2565447.908
[1, 25100] loss: 2394637.960
[1, 25120] loss: 4952212.177
[1, 25140] loss: 4266673.662
[1, 25160] loss: 5023176.051
[1, 25180] loss: 2639251.123
[1, 25200] loss: 3352706.357
[1, 25220] loss: 1730419.244
[1, 25240] loss: 5066982.985
[1, 25260] loss: 3833822.171
[1, 25280] loss: 3711545.740
[1, 25300] loss: 900280.686
[1, 25320] loss: 3603924.648
[1, 25340] loss: 2183830.551
[1, 25360] loss: 2794730.486
[1, 25380] loss: 3984593.243
[1, 25400] loss: 6571530.423
[1, 25420] loss: 3721508.341
[1, 25440] loss: 5174358.628
[1, 25460] loss: 4258566.118
[1, 25480] loss: 1520746.698
[1, 25500] loss: 2153493.149
[1, 25520] loss: 1222492.693
[1, 25540] loss: 2206302.595
[1, 25560] loss: 1307571.743
[1, 25580] loss: 3779210.516
[1, 25600] loss: 7066811.882
[1, 25620] loss: 4232157.978
[1, 25640] loss: 3355033.976
[1, 25660] loss: 4337390.991
[1, 25680] loss: 3124185.475
[1, 25700] loss: 4974975.981
[1, 25720] loss: 3366382.247
[1, 25740] loss: 2835331.135
[1, 25760] loss: 4045059.766
[1, 25780] loss: 1776641.963
[1, 25800] loss: 2271699.896
[1, 25820] loss: 2695805.108
[1, 25840] loss: 3880554.959
[1, 25860] loss: 1328934.048
[1, 25880] loss: 1987443.508
[1, 25900] loss: 1477633.025
[1, 25920] loss: 3328930.879
[1, 25940] loss: 4430224.705
[1, 25960] loss: 2154856.856
[1, 25980] loss: 1229384.006
[1, 26000] loss: 1323604.645
[1, 26020] loss: 2237953.261
[1, 26040] loss: 6793087.680
[1, 26060] loss: 5674940.307
[1, 26080] loss: 19170114.969
[1, 26100] loss: 6958003.584
[1, 26120] loss: 1690891.682
[1, 26140] loss: 1073054.024
[1, 26160] loss: 1902923.549
[1, 26180] loss: 4213590.265
[1, 26200] loss: 1260216.923
[1, 26220] loss: 2131551.618
[1, 26240] loss: 2555278.402
[1, 26260] loss: 1655803.304
[1, 26280] loss: 4252568.708
[1, 26300] loss: 2402565.692
[1, 26320] loss: 3081782.151
[1, 26340] loss: 3429475.984
[1, 26360] loss: 2740271.208
[1, 26380] loss: 2730219.890
[1, 26400] loss: 1928222.791
[1, 26420] loss: 1475852.350
[1, 26440] loss: 2606871.307
[1, 26460] loss: 1877804.602
[1, 26480] loss: 1538279.706
[1, 26500] loss: 7018955.478
[1, 26520] loss: 3691148.446
[1, 26540] loss: 2829877.073
[1, 26560] loss: 602908.973
[1, 26580] loss: 1594445.269
[1, 26600] loss: 2192651.672
[1, 26620] loss: 2456687.481
[1, 26640] loss: 1909561.270
[1, 26660] loss: 1141610.391
[1, 26680] loss: 1059915.077
[1, 26700] loss: 753806.096
[1, 26720] loss: 930676.757
[1, 26740] loss: 2627471.884
[1, 26760] loss: 4160363.493
[1, 26780] loss: 3059509.081
[1, 26800] loss: 3639208.784
[1, 26820] loss: 2753235.108
[1, 26840] loss: 4767485.030
[1, 26860] loss: 1994891.058
[1, 26880] loss: 2312193.099
[1, 26900] loss: 2440015.025
[1, 26920] loss: 2152859.339
[1, 26940] loss: 2036552.224
[1, 26960] loss: 2526315.128
[1, 26980] loss: 475438.854
[1, 27000] loss: 687578.509
[1, 27020] loss: 615347.149
[1, 27040] loss: 1238048.594
[1, 27060] loss: 781013.300
[1, 27080] loss: 1070854.965
[1, 27100] loss: 643598.725
[1, 27120] loss: 752402.195
[1, 27140] loss: 508005.175
[1, 27160] loss: 1070460.066
[1, 27180] loss: 650742.727
[1, 27200] loss: 1487387.248
[1, 27220] loss: 1628147.501
[1, 27240] loss: 2901898.119
[1, 27260] loss: 821167.503
[1, 27280] loss: 1185288.960
[1, 27300] loss: 1079221.122
[1, 27320] loss: 835879.777
[1, 27340] loss: 1746075.154
[1, 27360] loss: 855247.344
[1, 27380] loss: 1066993.058
[1, 27400] loss: 1956870.844
[1, 27420] loss: 1572680.238
[1, 27440] loss: 898770.774
[1, 27460] loss: 3180670.530
[1, 27480] loss: 874805.788
[1, 27500] loss: 901809.527
[1, 27520] loss: 771701.647
[1, 27540] loss: 1408487.591
[1, 27560] loss: 860626.904
[1, 27580] loss: 2371238.176
[1, 27600] loss: 1522380.418
[1, 27620] loss: 1058535.629
[1, 27640] loss: 794414.598
[1, 27660] loss: 648383.643
[1, 27680] loss: 511323.880
[1, 27700] loss: 384649.593
[1, 27720] loss: 731386.557
[1, 27740] loss: 1052864.787
[1, 27760] loss: 339317.938
[1, 27780] loss: 920633.490
[1, 27800] loss: 906689.388
[1, 27820] loss: 1035564.599
[1, 27840] loss: 1409864.599
[1, 27860] loss: 817254.846
[1, 27880] loss: 262607.974
[1, 27900] loss: 462919.111
[1, 27920] loss: 369853.699
[1, 27940] loss: 693568.231
[1, 27960] loss: 686844.766
[1, 27980] loss: 604765.839
[1, 28000] loss: 745486.312
[1, 28020] loss: 343853.234
[1, 28040] loss: 638131.734
[1, 28060] loss: 527630.693
[1, 28080] loss: 585270.528
[1, 28100] loss: 290656.597
[1, 28120] loss: 333534.942
[1, 28140] loss: 422435.862
[1, 28160] loss: 544359.282
[1, 28180] loss: 434497.742
[1, 28200] loss: 1097231.352
[1, 28220] loss: 1057206.622
[1, 28240] loss: 884595.442
[1, 28260] loss: 599440.428
[1, 28280] loss: 888893.571
[1, 28300] loss: 907543.946
[1, 28320] loss: 960466.645
[1, 28340] loss: 1525180.474
[1, 28360] loss: 960450.686
[1, 28380] loss: 812578.748
[1, 28400] loss: 605623.324
[1, 28420] loss: 274112.429
[1, 28440] loss: 569523.510
[1, 28460] loss: 340800.615
[1, 28480] loss: 393765.003
[1, 28500] loss: 516585.031
[1, 28520] loss: 849028.540
[1, 28540] loss: 659612.419
[1, 28560] loss: 415768.436
[1, 28580] loss: 270587.730
[1, 28600] loss: 642685.123
[1, 28620] loss: 1233357.057
[1, 28640] loss: 521747.878
[1, 28660] loss: 347377.315
[1, 28680] loss: 226699.545
[1, 28700] loss: 456889.660
[1, 28720] loss: 927931.828
[1, 28740] loss: 1847544.277
[1, 28760] loss: 777736.661
[1, 28780] loss: 385559.819
[1, 28800] loss: 297898.674
[1, 28820] loss: 363931.762
[1, 28840] loss: 626221.687
[1, 28860] loss: 1307718.050
[1, 28880] loss: 875560.706
[1, 28900] loss: 277388.193
[1, 28920] loss: 351626.447
[1, 28940] loss: 414276.383
[1, 28960] loss: 442245.059
[1, 28980] loss: 533680.223
[1, 29000] loss: 345961.499
[1, 29020] loss: 703695.813
[1, 29040] loss: 225345.054
[1, 29060] loss: 468566.342
[1, 29080] loss: 285673.744
[1, 29100] loss: 396333.815
[1, 29120] loss: 261049.389
[1, 29140] loss: 366880.336
[1, 29160] loss: 553099.286
[1, 29180] loss: 499272.013
[1, 29200] loss: 327245.478
[1, 29220] loss: 526810.845
[1, 29240] loss: 383311.567
[1, 29260] loss: 489339.644
[1, 29280] loss: 353711.795
[1, 29300] loss: 198218.360
[1, 29320] loss: 194613.996
[1, 29340] loss: 675027.428
[1, 29360] loss: 313630.871
[1, 29380] loss: 412999.076
[1, 29400] loss: 546348.209
[1, 29420] loss: 191341.308
[1, 29440] loss: 158422.791
[1, 29460] loss: 292360.921
[1, 29480] loss: 220884.458
[1, 29500] loss: 355337.432
[1, 29520] loss: 354265.418
[1, 29540] loss: 202604.458
[1, 29560] loss: 185390.984
[1, 29580] loss: 147346.485
[1, 29600] loss: 513568.122
[1, 29620] loss: 203965.896
[1, 29640] loss: 234038.720
[1, 29660] loss: 264133.360
[1, 29680] loss: 151168.944
[1, 29700] loss: 566984.554
[1, 29720] loss: 208824.279
[1, 29740] loss: 205426.156
[1, 29760] loss: 375977.692
[1, 29780] loss: 467844.473
[1, 29800] loss: 574615.971
[1, 29820] loss: 494532.826
[1, 29840] loss: 494616.367
[1, 29860] loss: 290383.600
[1, 29880] loss: 221006.317
[1, 29900] loss: 400319.801
[1, 29920] loss: 771622.419
[1, 29940] loss: 467014.934
[1, 29960] loss: 676560.310
[1, 29980] loss: 547885.534
[1, 30000] loss: 167411.218
[1, 30020] loss: 684263.419
[1, 30040] loss: 536640.495
[1, 30060] loss: 399865.048
[1, 30080] loss: 261282.430
[1, 30100] loss: 332867.270
[1, 30120] loss: 477729.732
[1, 30140] loss: 1183290.477
[1, 30160] loss: 664254.678
[1, 30180] loss: 1158996.398
[1, 30200] loss: 219087.324
[1, 30220] loss: 169517.005
[1, 30240] loss: 157996.021
[1, 30260] loss: 146259.506
[1, 30280] loss: 207777.678
[1, 30300] loss: 190237.731
[1, 30320] loss: 196681.192
[1, 30340] loss: 135465.199
[1, 30360] loss: 147442.472
[1, 30380] loss: 91751.383
[1, 30400] loss: 93721.279
[1, 30420] loss: 311056.317
[1,    20] loss: 73156.736
[1,    40] loss: 134623.087
[1,    60] loss: 198738.439
[1,    80] loss: 192319.953
[1,   100] loss: 186530.091
[1,   120] loss: 210379.208
[1,   140] loss: 181485.011
[1,   160] loss: 181360.158
[1,   180] loss: 168490.844
[1,   200] loss: 154303.143
[1,   220] loss: 143846.919
[1,   240] loss: 137901.249
[1,   260] loss: 133849.067
[1,   280] loss: 132589.724
[1,   300] loss: 136753.699
[1,   320] loss: 139164.571
[1,   340] loss: 147723.709
[1,   360] loss: 156704.124
[1,   380] loss: 156878.637
[1,   400] loss: 149735.066
[1,   420] loss: 145779.596
[1,   440] loss: 141770.888
[1,   460] loss: 139724.837
[1,   480] loss: 140029.519
[1,   500] loss: 142500.168
[1,   520] loss: 139358.203
[1,   540] loss: 134704.480
[1,   560] loss: 130009.995
[1,   580] loss: 129661.962
[1,   600] loss: 134825.868
[1,   620] loss: 139827.569
[1,   640] loss: 138938.871
[1,   660] loss: 135066.679
[1,   680] loss: 131812.747
[1,   700] loss: 128259.170
[1,   720] loss: 124808.842
[1,   740] loss: 121874.657
[1,   760] loss: 118919.011
[1,   780] loss: 116152.162
[1,   800] loss: 113324.520
[1,   820] loss: 110608.430
[1,   840] loss: 108427.835
[1,   860] loss: 106456.348
[1,   880] loss: 104282.032
[1,   900] loss: 102244.054
[1,   920] loss: 100211.889
[1,   940] loss: 99379.953
[1,   960] loss: 105664.672
[1,   980] loss: 110434.409
[1,  1000] loss: 109921.990
[1,  1020] loss: 107951.855
[1,  1040] loss: 106396.835
[1,  1060] loss: 105547.986
[1,  1080] loss: 107014.807
[1,  1100] loss: 108330.968
[1,  1120] loss: 108037.569
[1,  1140] loss: 107501.610
[1,  1160] loss: 105988.395
[1,  1180] loss: 105346.675
[1,  1200] loss: 107327.082
[1,  1220] loss: 111680.920
[1,  1240] loss: 114997.473
[1,  1260] loss: 117775.870
[1,  1280] loss: 119635.680
[1,  1300] loss: 120128.095
[1,  1320] loss: 120081.207
[1,  1340] loss: 120440.729
[1,  1360] loss: 120342.058
[1,  1380] loss: 120974.210
[1,  1400] loss: 123238.798
[1,  1420] loss: 126962.491
[1,  1440] loss: 129018.904
[1,  1460] loss: 130063.028
[1,  1480] loss: 131378.273
[1,  1500] loss: 131430.293
[1,  1520] loss: 130580.277
[1,  1540] loss: 130695.121
[1,  1560] loss: 131899.951
[1,  1580] loss: 132331.062
[1,  1600] loss: 133223.493
[1,  1620] loss: 133255.211
[1,  1640] loss: 133172.524
[1,  1660] loss: 132518.314
[1,  1680] loss: 130963.116
[1,  1700] loss: 130072.935
[1,  1720] loss: 130379.337
[1,  1740] loss: 130858.081
[1,  1760] loss: 131322.673
[1,  1780] loss: 131556.615
[1,  1800] loss: 133128.970
[1,  1820] loss: 135177.408
[1,  1840] loss: 136779.914
[1,  1860] loss: 135946.426
[1,  1880] loss: 134812.005
[1,  1900] loss: 133799.060
[1,  1920] loss: 132706.792
[1,  1940] loss: 131408.115
[1,  1960] loss: 130091.439
[1,  1980] loss: 129033.945
[1,  2000] loss: 129033.753
[1,  2020] loss: 130214.645
[1,  2040] loss: 129668.996
[1,  2060] loss: 129165.857
[1,  2080] loss: 128990.686
[1,  2100] loss: 128673.500
[1,  2120] loss: 128098.529
[1,  2140] loss: 127001.139
[1,  2160] loss: 126124.603
[1,  2180] loss: 125403.795
[1,  2200] loss: 124958.135
[1,  2220] loss: 124064.843
[1,  2240] loss: 123120.866
[1,  2260] loss: 122243.694
[1,  2280] loss: 121531.947
[1,  2300] loss: 120799.508
[1,  2320] loss: 119832.046
[1,  2340] loss: 118946.730
[1,  2360] loss: 118682.209
[1,  2380] loss: 117806.002
[1,  2400] loss: 117184.453
[1,  2420] loss: 116643.495
[1,  2440] loss: 116590.752
[1,  2460] loss: 116878.222
[1,  2480] loss: 116381.207
[1,  2500] loss: 116090.028
[1,  2520] loss: 115286.828
[1,  2540] loss: 114445.479
[1,  2560] loss: 113603.549
[1,  2580] loss: 112757.838
[1,  2600] loss: 111951.064
[1,  2620] loss: 111206.654
[1,  2640] loss: 110530.208
[1,  2660] loss: 109734.441
[1,  2680] loss: 108976.785
[1,  2700] loss: 108297.807
[1,  2720] loss: 107750.183
[1,  2740] loss: 107436.262
[1,  2760] loss: 106827.136
[1,  2780] loss: 106070.233
[1,  2800] loss: 105338.119
[1,  2820] loss: 104609.163
[1,  2840] loss: 104004.217
[1,  2860] loss: 103444.584
[1,  2880] loss: 102820.605
[1,  2900] loss: 102155.475
[1,  2920] loss: 101470.810
[1,  2940] loss: 100820.056
[1,  2960] loss: 100324.884
[1,  2980] loss: 99936.599
[1,  3000] loss: 99512.014
[1,  3020] loss: 98960.950
[1,  3040] loss: 98587.420
[1,  3060] loss: 98019.237
[1,  3080] loss: 97933.409
[1,  3100] loss: 97481.200
[1,  3120] loss: 97250.319
[1,  3140] loss: 96876.379
[1,  3160] loss: 96478.728
[1,  3180] loss: 95954.007
[1,  3200] loss: 95551.772
[1,  3220] loss: 95464.380
[1,  3240] loss: 95144.563
[1,  3260] loss: 95148.357
[1,  3280] loss: 94928.382
[1,  3300] loss: 95011.411
[1,  3320] loss: 94733.839
[1,  3340] loss: 94263.381
[1,  3360] loss: 93918.447
