cuda:  4
color_space: RGB
batch_size: 1
num_epcochs: 2
learning_rate: 0.001
[1,    20] loss: 0.152
[1,    40] loss: 0.133
[1,    60] loss: 0.139
[1,    80] loss: 0.158
[1,   100] loss: 0.136
[1,   120] loss: 0.293
[1,   140] loss: 0.073
[1,   160] loss: 0.050
[1,   180] loss: 0.065
[1,   200] loss: 0.067
[1,   220] loss: 0.045
[1,   240] loss: 0.074
[1,   260] loss: 0.053
[1,   280] loss: 0.049
[1,   300] loss: 0.259
[1,   320] loss: 0.028
[1,   340] loss: 0.057
[1,   360] loss: 0.073
[1,   380] loss: 0.239
[1,   400] loss: 0.045
[1,   420] loss: 0.089
[1,   440] loss: 0.040
[1,   460] loss: 0.039
[1,   480] loss: 0.069
[1,   500] loss: 0.089
[1,   520] loss: 0.074
[1,   540] loss: 0.049
[1,   560] loss: 0.229
[1,   580] loss: 0.145
[1,   600] loss: 0.102
[1,   620] loss: 123.488
[1,   640] loss: 22300.685
[1,   660] loss: 102743.536
[1,   680] loss: 2288.255
[1,   700] loss: 430.509
[1,   720] loss: 71.589
[1,   740] loss: 68.815
[1,   760] loss: 23.104
[1,   780] loss: 12.675
[1,   800] loss: 19.706
[1,   820] loss: 3.744
[1,   840] loss: 4.587
[1,   860] loss: 3.607
[1,   880] loss: 6.218
[1,   900] loss: 3.248
[1,   920] loss: 2.182
[1,   940] loss: 5.595
[1,   960] loss: 2.357
[1,   980] loss: 4.136
[1,  1000] loss: 1.361
[1,  1020] loss: 3.003
[1,  1040] loss: 3.379
[1,  1060] loss: 2.458
[1,  1080] loss: 1.060
[1,  1100] loss: 1.847
[1,  1120] loss: 2.093
[1,  1140] loss: 2.234
[1,  1160] loss: 2.026
[1,  1180] loss: 1.500
[1,  1200] loss: 1.313
[1,  1220] loss: 1.468
[1,  1240] loss: 1.888
[1,  1260] loss: 1.915
[1,  1280] loss: 1.401
[1,  1300] loss: 0.854
[1,  1320] loss: 1.155
[1,  1340] loss: 1.101
[1,  1360] loss: 0.688
[1,  1380] loss: 1.209
[1,  1400] loss: 0.640
[1,  1420] loss: 0.744
[1,  1440] loss: 1.064
[1,  1460] loss: 0.593
[1,  1480] loss: 0.585
[1,  1500] loss: 0.405
[1,  1520] loss: 0.313
[1,  1540] loss: 1.145
[1,  1560] loss: 0.382
[1,  1580] loss: 0.517
[1,  1600] loss: 0.433
[1,  1620] loss: 1.014
[1,  1640] loss: 0.376
[1,  1660] loss: 0.513
[1,  1680] loss: 0.453
[1,  1700] loss: 0.613
[1,  1720] loss: 0.190
[1,  1740] loss: 0.351
[1,  1760] loss: 0.423
[1,  1780] loss: 0.384
[1,  1800] loss: 0.572
[1,  1820] loss: 0.517
[1,  1840] loss: 0.796
[1,  1860] loss: 0.693
[1,  1880] loss: 0.550
[1,  1900] loss: 0.209
[1,  1920] loss: 0.429
[1,  1940] loss: 0.381
[1,  1960] loss: 0.290
[1,  1980] loss: 0.637
[1,  2000] loss: 0.587
[1,  2020] loss: 0.278
[1,  2040] loss: 0.187
[1,  2060] loss: 0.377
[1,  2080] loss: 0.329
[1,  2100] loss: 0.196
[1,  2120] loss: 0.284
[1,  2140] loss: 0.485
[1,  2160] loss: 0.400
[1,  2180] loss: 0.390
[1,  2200] loss: 0.300
[1,  2220] loss: 0.281
[1,  2240] loss: 0.169
[1,  2260] loss: 0.333
[1,  2280] loss: 0.415
[1,  2300] loss: 0.176
[1,  2320] loss: 0.394
[1,  2340] loss: 0.322
[1,  2360] loss: 0.204
[1,  2380] loss: 0.224
[1,  2400] loss: 0.229
[1,  2420] loss: 0.265
[1,  2440] loss: 0.203
[1,  2460] loss: 0.159
[1,  2480] loss: 0.093
[1,  2500] loss: 0.213
[1,  2520] loss: 0.180
[1,  2540] loss: 0.151
[1,  2560] loss: 0.183
[1,  2580] loss: 0.408
[1,  2600] loss: 0.096
[1,  2620] loss: 0.310
[1,  2640] loss: 0.216
[1,  2660] loss: 0.172
[1,  2680] loss: 0.159
[1,  2700] loss: 0.126
[1,  2720] loss: 0.221
[1,  2740] loss: 0.193
[1,  2760] loss: 0.237
[1,  2780] loss: 0.205
[1,  2800] loss: 0.173
[1,  2820] loss: 0.348
[1,  2840] loss: 0.096
[1,  2860] loss: 0.283
[1,  2880] loss: 0.132
[1,  2900] loss: 0.252
[1,  2920] loss: 0.153
[1,  2940] loss: 0.196
[1,  2960] loss: 0.191
[1,  2980] loss: 0.145
[1,  3000] loss: 0.180
[1,  3020] loss: 0.255
[1,  3040] loss: 0.207
[1,  3060] loss: 0.065
[1,  3080] loss: 0.167
[1,  3100] loss: 0.369
[1,  3120] loss: 0.203
[1,  3140] loss: 0.135
[1,  3160] loss: 0.123
[1,  3180] loss: 0.123
[1,  3200] loss: 0.183
[1,  3220] loss: 0.129
[1,  3240] loss: 0.167
[1,  3260] loss: 0.131
[1,  3280] loss: 0.075
[1,  3300] loss: 0.137
[1,  3320] loss: 0.179
[1,  3340] loss: 0.072
[1,  3360] loss: 0.211
[1,  3380] loss: 0.105
[1,  3400] loss: 0.146
[1,  3420] loss: 0.187
[1,  3440] loss: 0.142
[1,  3460] loss: 0.287
[1,  3480] loss: 0.168
[1,  3500] loss: 0.168
[1,  3520] loss: 0.108
[1,  3540] loss: 0.127
[1,  3560] loss: 0.173
[1,  3580] loss: 0.163
[1,  3600] loss: 0.184
[1,  3620] loss: 0.070
[1,  3640] loss: 0.038
[1,  3660] loss: 0.152
[1,  3680] loss: 0.072
[1,  3700] loss: 0.125
[1,  3720] loss: 0.140
[1,  3740] loss: 0.127
[1,  3760] loss: 0.235
[1,  3780] loss: 0.170
[1,  3800] loss: 0.118
[1,  3820] loss: 0.571
[1,  3840] loss: 0.572
[1,  3860] loss: 0.314
[1,  3880] loss: 0.099
[1,  3900] loss: 0.193
[1,  3920] loss: 0.247
[1,  3940] loss: 0.070
[1,  3960] loss: 0.037
[1,  3980] loss: 0.208
[1,  4000] loss: 0.256
[1,  4020] loss: 0.072
[1,  4040] loss: 0.043
[1,  4060] loss: 0.047
[1,  4080] loss: 0.124
[1,  4100] loss: 0.361
[1,  4120] loss: 0.076
[1,  4140] loss: 0.174
[1,  4160] loss: 0.107
[1,  4180] loss: 0.079
[1,  4200] loss: 0.115
[1,  4220] loss: 0.091
[1,  4240] loss: 0.229
[1,  4260] loss: 0.164
[1,  4280] loss: 0.069
[1,  4300] loss: 0.249
[1,  4320] loss: 0.172
[1,  4340] loss: 0.055
[1,  4360] loss: 0.226
[1,  4380] loss: 0.181
[1,  4400] loss: 0.088
[1,  4420] loss: 0.113
[1,  4440] loss: 0.092
[1,  4460] loss: 0.075
[1,  4480] loss: 0.052
[1,  4500] loss: 0.092
[1,  4520] loss: 0.109
[1,  4540] loss: 0.107
[1,  4560] loss: 0.242
[1,  4580] loss: 0.228
[1,  4600] loss: 0.312
[1,  4620] loss: 0.292
[1,  4640] loss: 0.173
[1,  4660] loss: 0.176
[1,  4680] loss: 0.098
[1,  4700] loss: 0.066
[1,  4720] loss: 0.033
[1,  4740] loss: 0.050
[1,  4760] loss: 0.053
[1,  4780] loss: 0.074
[1,  4800] loss: 0.065
[1,  4820] loss: 0.036
[1,  4840] loss: 0.176
[1,  4860] loss: 0.607
[1,  4880] loss: 0.718
[1,  4900] loss: 0.985
[1,  4920] loss: 0.345
[1,  4940] loss: 0.105
[1,  4960] loss: 0.094
[1,  4980] loss: 0.095
[1,  5000] loss: 0.156
[1,  5020] loss: 0.193
[1,  5040] loss: 0.076
[1,  5060] loss: 0.117
[1,  5080] loss: 0.260
[1,  5100] loss: 0.164
[1,  5120] loss: 0.296
[1,  5140] loss: 0.198
[1,  5160] loss: 0.117
[1,  5180] loss: 0.063
[1,  5200] loss: 0.162
[1,  5220] loss: 0.042
[1,  5240] loss: 0.169
[1,  5260] loss: 0.043
[1,  5280] loss: 0.085
[1,  5300] loss: 0.186
[1,  5320] loss: 0.084
[1,  5340] loss: 0.173
[1,  5360] loss: 0.048
[1,  5380] loss: 0.052
[1,  5400] loss: 0.091
[1,  5420] loss: 0.237
[1,  5440] loss: 0.252
[1,  5460] loss: 0.070
[1,  5480] loss: 0.024
[1,  5500] loss: 0.225
[1,  5520] loss: 0.125
[1,  5540] loss: 0.200
[1,  5560] loss: 0.051
[1,  5580] loss: 0.335
[1,  5600] loss: 0.133
[1,  5620] loss: 0.059
[1,  5640] loss: 0.076
[1,  5660] loss: 0.222
[1,  5680] loss: 0.275
[1,  5700] loss: 0.092
[1,  5720] loss: 0.074
[1,  5740] loss: 0.123
[1,  5760] loss: 0.130
[1,  5780] loss: 0.083
[1,  5800] loss: 0.207
[1,  5820] loss: 0.192
[1,  5840] loss: 0.086
[1,  5860] loss: 0.114
[1,  5880] loss: 0.101
[1,  5900] loss: 0.040
[1,  5920] loss: 0.061
[1,  5940] loss: 0.238
[1,  5960] loss: 0.086
[1,  5980] loss: 0.240
[1,  6000] loss: 0.149
[1,  6020] loss: 0.096
[1,  6040] loss: 0.095
[1,  6060] loss: 0.044
[1,  6080] loss: 0.076
[1,  6100] loss: 0.032
[1,  6120] loss: 0.101
[1,  6140] loss: 0.048
[1,  6160] loss: 0.048
[1,  6180] loss: 0.067
[1,  6200] loss: 0.055
[1,  6220] loss: 0.036
[1,  6240] loss: 0.037
[1,  6260] loss: 0.137
[1,  6280] loss: 0.094
[1,  6300] loss: 0.163
[1,  6320] loss: 0.081
[1,  6340] loss: 0.093
[1,  6360] loss: 0.108
[1,  6380] loss: 0.095
[1,  6400] loss: 0.188
[1,  6420] loss: 0.183
[1,  6440] loss: 0.125
[1,  6460] loss: 0.092
[1,  6480] loss: 0.184
[1,  6500] loss: 0.072
[1,  6520] loss: 0.093
[1,  6540] loss: 0.121
[1,  6560] loss: 0.148
[1,  6580] loss: 0.038
[1,  6600] loss: 0.025
[1,  6620] loss: 0.027
[1,  6640] loss: 0.039
[1,  6660] loss: 0.105
[1,  6680] loss: 0.225
[1,  6700] loss: 0.101
[1,  6720] loss: 0.064
[1,  6740] loss: 0.066
[1,  6760] loss: 0.040
[1,  6780] loss: 0.065
[1,  6800] loss: 0.191
[1,  6820] loss: 0.076
[1,  6840] loss: 0.249
[1,  6860] loss: 0.117
[1,  6880] loss: 0.131
[1,  6900] loss: 0.109
[1,  6920] loss: 0.023
[1,  6940] loss: 0.102
[1,  6960] loss: 0.451
[1,  6980] loss: 0.349
[1,  7000] loss: 0.216
[1,  7020] loss: 0.104
[1,  7040] loss: 0.085
[1,  7060] loss: 0.099
[1,  7080] loss: 0.083
[1,  7100] loss: 0.046
[1,  7120] loss: 0.023
[1,  7140] loss: 0.144
[1,  7160] loss: 0.146
[1,  7180] loss: 0.086
[1,  7200] loss: 0.037
[1,  7220] loss: 0.041
[1,  7240] loss: 0.075
[1,  7260] loss: 0.032
[1,  7280] loss: 0.026
[1,  7300] loss: 0.120
[1,  7320] loss: 0.056
[1,  7340] loss: 0.300
[1,  7360] loss: 0.174
[1,  7380] loss: 0.067
[1,  7400] loss: 0.037
[1,  7420] loss: 0.131
[1,  7440] loss: 0.234
[1,  7460] loss: 0.054
[1,  7480] loss: 0.052
[1,  7500] loss: 0.064
[1,  7520] loss: 0.319
[1,  7540] loss: 0.083
[1,  7560] loss: 0.154
[1,  7580] loss: 0.097
[1,  7600] loss: 0.367
[1,  7620] loss: 0.222
[1,  7640] loss: 0.079
[1,  7660] loss: 0.076
[1,  7680] loss: 0.048
[1,  7700] loss: 0.101
[1,  7720] loss: 0.195
[1,  7740] loss: 0.231
[1,  7760] loss: 0.201
[1,  7780] loss: 0.335
[1,  7800] loss: 0.097
[1,  7820] loss: 0.155
[1,  7840] loss: 0.117
[1,  7860] loss: 0.079
[1,  7880] loss: 0.016
[1,  7900] loss: 0.043
[1,  7920] loss: 0.074
[1,  7940] loss: 0.115
[1,  7960] loss: 0.105
[1,  7980] loss: 0.135
[1,  8000] loss: 0.313
[1,  8020] loss: 0.293
[1,  8040] loss: 0.266
[1,  8060] loss: 0.221
[1,  8080] loss: 0.173
[1,  8100] loss: 0.110
[1,  8120] loss: 0.057
[1,  8140] loss: 0.071
[1,  8160] loss: 0.051
[1,  8180] loss: 0.067
[1,  8200] loss: 0.056
[1,  8220] loss: 0.078
[1,  8240] loss: 0.194
[1,  8260] loss: 0.125
[1,  8280] loss: 0.117
[1,  8300] loss: 0.100
[1,  8320] loss: 0.107
[1,  8340] loss: 0.044
[1,  8360] loss: 0.063
[1,  8380] loss: 0.054
[1,  8400] loss: 0.372
[1,  8420] loss: 0.335
[1,  8440] loss: 0.234
[1,  8460] loss: 0.197
[1,  8480] loss: 0.041
[1,  8500] loss: 0.100
[1,  8520] loss: 0.132
[1,  8540] loss: 0.078
[1,  8560] loss: 0.143
[1,  8580] loss: 0.146
[1,  8600] loss: 0.192
[1,  8620] loss: 0.405
[1,  8640] loss: 0.052
[1,  8660] loss: 0.110
[1,  8680] loss: 0.126
[1,  8700] loss: 0.189
[1,  8720] loss: 0.234
[1,  8740] loss: 0.099
[1,  8760] loss: 0.147
[1,  8780] loss: 0.044
[1,  8800] loss: 0.093
[1,  8820] loss: 0.071
[1,  8840] loss: 0.072
[1,  8860] loss: 0.039
[1,  8880] loss: 0.114
[1,  8900] loss: 0.043
[1,  8920] loss: 0.131
[1,  8940] loss: 0.059
[1,  8960] loss: 0.036
[1,  8980] loss: 0.039
[1,  9000] loss: 0.044
[1,  9020] loss: 0.099
[1,  9040] loss: 0.112
[1,  9060] loss: 0.038
[1,  9080] loss: 0.074
[1,  9100] loss: 0.045
[1,  9120] loss: 0.097
[1,  9140] loss: 0.053
[1,  9160] loss: 0.141
[1,  9180] loss: 0.292
[1,  9200] loss: 0.081
[1,  9220] loss: 0.162
[1,  9240] loss: 0.077
[1,  9260] loss: 0.022
[1,  9280] loss: 0.031
[1,  9300] loss: 0.266
[1,  9320] loss: 0.272
[1,  9340] loss: 0.249
[1,  9360] loss: 0.066
[1,  9380] loss: 0.036
[1,  9400] loss: 0.064
[1,  9420] loss: 0.122
[1,  9440] loss: 0.178
[1,  9460] loss: 0.073
[1,  9480] loss: 0.040
[1,  9500] loss: 0.082
[1,  9520] loss: 0.106
[1,  9540] loss: 0.134
[1,  9560] loss: 0.219
[1,  9580] loss: 0.358
[1,  9600] loss: 0.132
[1,  9620] loss: 0.136
[1,  9640] loss: 0.219
[1,  9660] loss: 0.165
[1,  9680] loss: 0.146
[1,  9700] loss: 0.078
[1,  9720] loss: 0.057
[1,  9740] loss: 0.092
[1,  9760] loss: 0.196
[1,  9780] loss: 0.083
[1,  9800] loss: 0.172
[1,  9820] loss: 0.241
[1,  9840] loss: 0.072
[1,  9860] loss: 0.046
[1,  9880] loss: 0.039
[1,  9900] loss: 0.089
[1,  9920] loss: 0.143
[1,  9940] loss: 0.142
[1,  9960] loss: 0.049
[1,  9980] loss: 0.073
[1, 10000] loss: 0.050
[1, 10020] loss: 0.093
[1, 10040] loss: 0.051
[1, 10060] loss: 0.057
[1, 10080] loss: 0.284
[1, 10100] loss: 0.083
[1, 10120] loss: 0.170
[1, 10140] loss: 0.159
[1, 10160] loss: 0.098
[1, 10180] loss: 0.207
[1, 10200] loss: 0.315
[1, 10220] loss: 0.108
[1, 10240] loss: 0.230
[1, 10260] loss: 0.163
[1, 10280] loss: 0.113
[1, 10300] loss: 0.080
[1, 10320] loss: 0.177
[1, 10340] loss: 0.078
[1, 10360] loss: 0.037
[1, 10380] loss: 0.106
[1, 10400] loss: 0.043
[1, 10420] loss: 0.423
[1, 10440] loss: 1.921
[1, 10460] loss: 17206.977
[1, 10480] loss: 504729.650
[1, 10500] loss: 124579.938
[1, 10520] loss: 29345.624
[1, 10540] loss: 5189.557
[1, 10560] loss: 973.009
[1, 10580] loss: 354.512
[1, 10600] loss: 282.139
[1, 10620] loss: 213.359
[1, 10640] loss: 136.954
[1, 10660] loss: 123.252
[1, 10680] loss: 61.092
[1, 10700] loss: 47.680
[1, 10720] loss: 30.134
[1, 10740] loss: 53.179
[1, 10760] loss: 39.962
[1, 10780] loss: 39.088
[1, 10800] loss: 33.519
[1, 10820] loss: 37.000
[1, 10840] loss: 44.605
[1, 10860] loss: 36.530
[1, 10880] loss: 16.092
[1, 10900] loss: 31.650
[1, 10920] loss: 43.404
[1, 10940] loss: 17.840
[1, 10960] loss: 43.265
[1, 10980] loss: 11.225
[1, 11000] loss: 19.777
[1, 11020] loss: 33.933
[1, 11040] loss: 56.844
[1, 11060] loss: 17.586
[1, 11080] loss: 25.914
[1, 11100] loss: 19.434
[1, 11120] loss: 18.991
[1, 11140] loss: 15.644
[1, 11160] loss: 17.119
[1, 11180] loss: 35.503
[1, 11200] loss: 26.686
[1, 11220] loss: 21.787
[1, 11240] loss: 12.229
[1, 11260] loss: 15.007
[1, 11280] loss: 16.937
[1, 11300] loss: 25.442
[1, 11320] loss: 11.507
[1, 11340] loss: 13.079
[1, 11360] loss: 19.088
[1, 11380] loss: 17.639
[1, 11400] loss: 17.469
[1, 11420] loss: 8.533
[1, 11440] loss: 8.694
[1, 11460] loss: 7.254
[1, 11480] loss: 9.186
[1, 11500] loss: 17.357
[1, 11520] loss: 21.156
[1, 11540] loss: 20.075
[1, 11560] loss: 15.374
[1, 11580] loss: 13.978
[1, 11600] loss: 12.572
[1, 11620] loss: 10.427
[1, 11640] loss: 11.056
[1, 11660] loss: 8.873
[1, 11680] loss: 13.555
[1, 11700] loss: 8.636
[1, 11720] loss: 7.968
[1, 11740] loss: 8.403
[1, 11760] loss: 14.974
[1, 11780] loss: 7.362
[1, 11800] loss: 11.729
[1, 11820] loss: 7.575
[1, 11840] loss: 7.816
[1, 11860] loss: 5.073
[1, 11880] loss: 6.523
[1, 11900] loss: 8.608
[1, 11920] loss: 4.068
[1, 11940] loss: 7.784
[1, 11960] loss: 6.234
[1, 11980] loss: 8.882
[1, 12000] loss: 9.024
[1, 12020] loss: 8.160
[1, 12040] loss: 6.495
[1, 12060] loss: 6.103
[1, 12080] loss: 33.451
[1, 12100] loss: 6.409
[1, 12120] loss: 7.613
[1, 12140] loss: 7.590
[1, 12160] loss: 8.533
[1, 12180] loss: 9.937
[1, 12200] loss: 4.086
[1, 12220] loss: 4.927
[1, 12240] loss: 9.900
[1, 12260] loss: 4.098
[1, 12280] loss: 2.379
[1, 12300] loss: 8.394
[1, 12320] loss: 7.933
[1, 12340] loss: 12.296
[1, 12360] loss: 2.780
[1, 12380] loss: 2.668
[1, 12400] loss: 8.002
[1, 12420] loss: 7.435
[1, 12440] loss: 4.103
[1, 12460] loss: 3.574
[1, 12480] loss: 5.394
[1, 12500] loss: 5.275
[1, 12520] loss: 4.417
[1, 12540] loss: 11.585
[1, 12560] loss: 3.778
[1, 12580] loss: 4.243
[1, 12600] loss: 4.912
[1, 12620] loss: 4.338
[1, 12640] loss: 5.282
[1, 12660] loss: 5.674
[1, 12680] loss: 5.942
[1, 12700] loss: 3.667
[1, 12720] loss: 9.784
[1, 12740] loss: 6.802
[1, 12760] loss: 3.524
[1, 12780] loss: 1.594
[1, 12800] loss: 6.769
[1, 12820] loss: 4.807
[1, 12840] loss: 6.548
[1, 12860] loss: 3.356
[1, 12880] loss: 4.230
[1, 12900] loss: 6.582
[1, 12920] loss: 1.862
[1, 12940] loss: 4.885
[1, 12960] loss: 3.952
[1, 12980] loss: 4.268
[1, 13000] loss: 5.809
[1, 13020] loss: 1.312
[1, 13040] loss: 2.736
[1, 13060] loss: 3.026
[1, 13080] loss: 5.603
[1, 13100] loss: 4.299
[1, 13120] loss: 1.980
[1, 13140] loss: 2.361
[1, 13160] loss: 5.786
[1, 13180] loss: 2.549
[1, 13200] loss: 1.571
[1, 13220] loss: 2.439
[1, 13240] loss: 6.798
[1, 13260] loss: 3.175
[1, 13280] loss: 3.135
[1, 13300] loss: 6.058
[1, 13320] loss: 7.932
[1, 13340] loss: 3.381
[1, 13360] loss: 5.449
[1, 13380] loss: 2.644
[1, 13400] loss: 1.691
[1, 13420] loss: 2.882
[1, 13440] loss: 1.934
[1, 13460] loss: 4.882
[1, 13480] loss: 1.511
[1, 13500] loss: 2.263
[1, 13520] loss: 3.343
[1, 13540] loss: 1.218
[1, 13560] loss: 1.904
[1, 13580] loss: 2.555
[1, 13600] loss: 4.695
[1, 13620] loss: 1.741
[1, 13640] loss: 3.868
[1, 13660] loss: 3.373
[1, 13680] loss: 2.450
[1, 13700] loss: 1.997
[1, 13720] loss: 2.215
[1, 13740] loss: 2.176
[1, 13760] loss: 1.644
[1, 13780] loss: 1.687
[1, 13800] loss: 1.563
[1, 13820] loss: 1.663
[1, 13840] loss: 3.116
[1, 13860] loss: 5.261
[1, 13880] loss: 2.237
[1, 13900] loss: 1.636
[1, 13920] loss: 2.038
[1, 13940] loss: 1.646
[1, 13960] loss: 1.693
[1, 13980] loss: 1.771
[1, 14000] loss: 1.984
[1, 14020] loss: 3.708
[1, 14040] loss: 3.118
[1, 14060] loss: 1.913
[1, 14080] loss: 2.152
[1, 14100] loss: 5.579
[1, 14120] loss: 2.226
[1, 14140] loss: 1.698
[1, 14160] loss: 1.451
[1, 14180] loss: 1.667
[1, 14200] loss: 1.061
[1, 14220] loss: 1.820
[1, 14240] loss: 1.180
[1, 14260] loss: 3.211
[1, 14280] loss: 1.946
[1, 14300] loss: 3.451
[1, 14320] loss: 1.751
[1, 14340] loss: 0.897
[1, 14360] loss: 2.320
[1, 14380] loss: 1.627
[1, 14400] loss: 2.094
[1, 14420] loss: 1.470
[1, 14440] loss: 2.748
[1, 14460] loss: 2.386
[1, 14480] loss: 0.660
[1, 14500] loss: 1.199
[1, 14520] loss: 0.898
[1, 14540] loss: 1.017
[1, 14560] loss: 0.717
[1, 14580] loss: 1.351
[1, 14600] loss: 1.965
[1, 14620] loss: 0.882
[1, 14640] loss: 0.758
[1, 14660] loss: 2.131
[1, 14680] loss: 0.840
[1, 14700] loss: 1.113
[1, 14720] loss: 1.292
[1, 14740] loss: 1.080
[1, 14760] loss: 1.030
[1, 14780] loss: 0.637
[1, 14800] loss: 1.023
[1, 14820] loss: 0.988
[1, 14840] loss: 0.536
[1, 14860] loss: 1.541
[1, 14880] loss: 1.122
[1, 14900] loss: 0.986
[1, 14920] loss: 0.691
[1, 14940] loss: 0.393
[1, 14960] loss: 1.093
[1, 14980] loss: 1.138
[1, 15000] loss: 0.684
[1, 15020] loss: 1.135
[1, 15040] loss: 2.268
[1, 15060] loss: 0.646
[1, 15080] loss: 0.914
[1, 15100] loss: 1.439
[1, 15120] loss: 1.698
[1, 15140] loss: 3.406
[1, 15160] loss: 1.534
[1, 15180] loss: 0.766
[1, 15200] loss: 0.707
[1, 15220] loss: 0.884
[1, 15240] loss: 1.118
[1, 15260] loss: 1.203
[1, 15280] loss: 1.871
[1, 15300] loss: 0.638
[1, 15320] loss: 0.794
[1, 15340] loss: 0.712
[1, 15360] loss: 1.084
[1, 15380] loss: 0.814
[1, 15400] loss: 1.299
[1, 15420] loss: 0.415
[1, 15440] loss: 0.950
[1, 15460] loss: 0.844
[1, 15480] loss: 1.089
[1, 15500] loss: 1.799
[1, 15520] loss: 1.012
[1, 15540] loss: 0.507
[1, 15560] loss: 0.400
[1, 15580] loss: 0.427
[1, 15600] loss: 0.550
[1, 15620] loss: 0.743
[1, 15640] loss: 0.520
[1, 15660] loss: 0.874
[1, 15680] loss: 1.474
[1, 15700] loss: 0.811
[1, 15720] loss: 0.500
[1, 15740] loss: 0.432
[1, 15760] loss: 0.417
[1, 15780] loss: 0.771
[1, 15800] loss: 0.694
[1, 15820] loss: 0.603
[1, 15840] loss: 0.917
[1, 15860] loss: 0.552
[1, 15880] loss: 0.243
[1, 15900] loss: 0.365
[1, 15920] loss: 0.992
[1, 15940] loss: 1.169
[1, 15960] loss: 0.488
[1, 15980] loss: 0.826
[1, 16000] loss: 0.309
[1, 16020] loss: 0.866
[1, 16040] loss: 0.716
[1, 16060] loss: 0.650
[1, 16080] loss: 0.519
[1, 16100] loss: 0.685
[1, 16120] loss: 0.916
[1, 16140] loss: 0.380
[1, 16160] loss: 0.203
[1, 16180] loss: 0.391
[1, 16200] loss: 0.745
[1, 16220] loss: 0.190
[1, 16240] loss: 0.432
[1, 16260] loss: 0.394
[1, 16280] loss: 0.610
[1, 16300] loss: 0.360
[1, 16320] loss: 0.317
[1, 16340] loss: 0.480
[1, 16360] loss: 0.287
[1, 16380] loss: 0.404
[1, 16400] loss: 0.501
[1, 16420] loss: 0.464
[1, 16440] loss: 0.432
[1, 16460] loss: 0.439
[1, 16480] loss: 0.586
[1, 16500] loss: 0.256
[1, 16520] loss: 0.187
[1, 16540] loss: 0.201
[1, 16560] loss: 0.291
[1, 16580] loss: 0.212
[1, 16600] loss: 0.421
[1, 16620] loss: 0.677
[1, 16640] loss: 0.310
[1, 16660] loss: 0.412
[1, 16680] loss: 0.478
[1, 16700] loss: 0.593
[1, 16720] loss: 0.778
[1, 16740] loss: 0.446
[1, 16760] loss: 0.673
[1, 16780] loss: 0.683
[1, 16800] loss: 0.557
[1, 16820] loss: 0.259
[1, 16840] loss: 0.235
[1, 16860] loss: 0.711
[1, 16880] loss: 0.185
[1, 16900] loss: 0.337
[1, 16920] loss: 0.261
[1, 16940] loss: 0.339
[1, 16960] loss: 0.283
[1, 16980] loss: 0.221
[1, 17000] loss: 0.249
[1, 17020] loss: 0.263
[1, 17040] loss: 0.393
[1, 17060] loss: 0.476
[1, 17080] loss: 0.469
[1, 17100] loss: 0.133
[1, 17120] loss: 0.227
[1, 17140] loss: 0.218
[1, 17160] loss: 0.267
[1, 17180] loss: 0.135
[1, 17200] loss: 0.246
[1, 17220] loss: 0.250
[1, 17240] loss: 0.160
[1, 17260] loss: 0.176
[1, 17280] loss: 0.123
[1, 17300] loss: 0.192
[1, 17320] loss: 0.212
[1, 17340] loss: 0.411
[1, 17360] loss: 0.191
[1, 17380] loss: 0.166
[1, 17400] loss: 0.181
[1, 17420] loss: 0.325
[1, 17440] loss: 0.173
[1, 17460] loss: 0.192
[1, 17480] loss: 0.587
[1, 17500] loss: 0.213
[1, 17520] loss: 0.382
[1, 17540] loss: 0.109
[1, 17560] loss: 0.109
[1, 17580] loss: 0.165
[1, 17600] loss: 0.234
[1, 17620] loss: 0.134
[1, 17640] loss: 0.367
[1, 17660] loss: 0.299
[1, 17680] loss: 0.311
[1, 17700] loss: 0.177
[1, 17720] loss: 0.229
[1, 17740] loss: 0.148
[1, 17760] loss: 0.288
[1, 17780] loss: 0.673
[1, 17800] loss: 0.464
[1, 17820] loss: 0.395
[1, 17840] loss: 0.161
[1, 17860] loss: 0.176
[1, 17880] loss: 0.246
[1, 17900] loss: 0.360
[1, 17920] loss: 0.231
[1, 17940] loss: 0.111
[1, 17960] loss: 0.242
[1, 17980] loss: 0.264
[1, 18000] loss: 0.146
[1, 18020] loss: 0.069
[1, 18040] loss: 0.584
[1, 18060] loss: 0.334
[1, 18080] loss: 0.278
[1, 18100] loss: 0.196
[1, 18120] loss: 0.115
[1, 18140] loss: 0.264
[1, 18160] loss: 0.146
[1, 18180] loss: 0.259
[1, 18200] loss: 0.105
[1, 18220] loss: 0.129
[1, 18240] loss: 0.258
[1, 18260] loss: 0.178
[1, 18280] loss: 0.209
[1, 18300] loss: 0.092
[1, 18320] loss: 0.104
[1, 18340] loss: 0.155
[1, 18360] loss: 0.131
[1, 18380] loss: 0.169
[1, 18400] loss: 0.107
[1, 18420] loss: 0.159
[1, 18440] loss: 0.062
[1, 18460] loss: 0.104
[1, 18480] loss: 0.372
[1, 18500] loss: 0.143
[1, 18520] loss: 0.147
[1, 18540] loss: 0.087
[1, 18560] loss: 0.059
[1, 18580] loss: 0.482
[1, 18600] loss: 0.359
[1, 18620] loss: 0.568
[1, 18640] loss: 0.097
[1, 18660] loss: 0.313
[1, 18680] loss: 0.183
[1, 18700] loss: 0.214
[1, 18720] loss: 0.281
[1, 18740] loss: 0.302
[1, 18760] loss: 0.170
[1, 18780] loss: 0.087
[1, 18800] loss: 0.105
[1, 18820] loss: 0.312
[1, 18840] loss: 0.153
[1, 18860] loss: 0.122
[1, 18880] loss: 0.324
[1, 18900] loss: 0.114
[1, 18920] loss: 0.149
[1, 18940] loss: 0.120
[1, 18960] loss: 0.136
[1, 18980] loss: 0.101
[1, 19000] loss: 0.279
[1, 19020] loss: 0.155
[1, 19040] loss: 0.077
[1, 19060] loss: 0.072
[1, 19080] loss: 0.118
[1, 19100] loss: 0.107
[1, 19120] loss: 0.164
[1, 19140] loss: 0.137
[1, 19160] loss: 0.222
[1, 19180] loss: 0.332
[1, 19200] loss: 0.290
[1, 19220] loss: 0.303
[1, 19240] loss: 0.436
[1, 19260] loss: 0.196
[1, 19280] loss: 0.146
[1, 19300] loss: 0.160
[1, 19320] loss: 0.303
[1, 19340] loss: 0.301
[1, 19360] loss: 0.193
[1, 19380] loss: 0.209
[1, 19400] loss: 0.280
[1, 19420] loss: 0.199
[1, 19440] loss: 0.173
[1, 19460] loss: 0.081
[1, 19480] loss: 0.140
[1, 19500] loss: 0.194
[1, 19520] loss: 0.087
[1, 19540] loss: 0.117
[1, 19560] loss: 0.207
[1, 19580] loss: 0.101
[1, 19600] loss: 0.108
[1, 19620] loss: 0.190
[1, 19640] loss: 0.046
[1, 19660] loss: 0.081
[1, 19680] loss: 0.106
[1, 19700] loss: 0.143
[1, 19720] loss: 0.082
[1, 19740] loss: 0.073
[1, 19760] loss: 0.077
[1, 19780] loss: 0.259
[1, 19800] loss: 0.147
[1, 19820] loss: 0.080
[1, 19840] loss: 0.061
[1, 19860] loss: 0.156
[1, 19880] loss: 0.192
[1, 19900] loss: 0.121
[1, 19920] loss: 0.093
[1, 19940] loss: 0.145
[1, 19960] loss: 0.164
[1, 19980] loss: 0.191
[1, 20000] loss: 0.185
[1, 20020] loss: 0.404
[1, 20040] loss: 0.066
[1, 20060] loss: 0.204
[1, 20080] loss: 0.172
[1, 20100] loss: 0.168
[1, 20120] loss: 0.150
[1, 20140] loss: 0.061
[1, 20160] loss: 0.239
[1, 20180] loss: 0.079
[1, 20200] loss: 0.098
[1, 20220] loss: 0.085
[1, 20240] loss: 0.188
[1, 20260] loss: 0.076
[1, 20280] loss: 0.089
[1, 20300] loss: 0.061
[1, 20320] loss: 0.222
[1, 20340] loss: 0.251
[1, 20360] loss: 0.328
[1, 20380] loss: 0.219
[1, 20400] loss: 0.640
[1, 20420] loss: 0.504
[1, 20440] loss: 0.618
[1, 20460] loss: 0.300
[1, 20480] loss: 0.214
[1, 20500] loss: 0.238
[1, 20520] loss: 0.241
[1, 20540] loss: 0.167
[1, 20560] loss: 0.197
[1, 20580] loss: 0.297
[1, 20600] loss: 0.381
[1, 20620] loss: 0.314
[1, 20640] loss: 0.238
[1, 20660] loss: 0.184
[1, 20680] loss: 0.146
[1, 20700] loss: 0.162
[1, 20720] loss: 0.175
[1, 20740] loss: 0.082
[1, 20760] loss: 0.115
[1, 20780] loss: 0.163
[1, 20800] loss: 0.028
[1, 20820] loss: 0.052
[1, 20840] loss: 0.053
[1, 20860] loss: 0.105
[1, 20880] loss: 0.048
[1, 20900] loss: 0.200
[1, 20920] loss: 0.099
[1, 20940] loss: 0.119
[1, 20960] loss: 0.131
[1, 20980] loss: 0.055
[1, 21000] loss: 0.097
[1, 21020] loss: 0.079
[1, 21040] loss: 0.310
[1, 21060] loss: 0.161
[1, 21080] loss: 0.069
[1, 21100] loss: 0.124
[1, 21120] loss: 0.135
[1, 21140] loss: 0.080
[1, 21160] loss: 0.104
[1, 21180] loss: 0.058
[1, 21200] loss: 0.083
[1, 21220] loss: 0.046
[1, 21240] loss: 0.191
[1, 21260] loss: 0.115
[1, 21280] loss: 0.100
[1, 21300] loss: 0.177
[1, 21320] loss: 0.080
[1, 21340] loss: 0.070
[1, 21360] loss: 0.123
[1, 21380] loss: 0.051
[1, 21400] loss: 0.065
[1, 21420] loss: 0.123
[1, 21440] loss: 0.137
[1, 21460] loss: 0.110
[1, 21480] loss: 0.115
[1, 21500] loss: 0.028
[1, 21520] loss: 0.181
[1, 21540] loss: 0.081
[1, 21560] loss: 0.059
[1, 21580] loss: 0.095
[1, 21600] loss: 0.068
[1, 21620] loss: 0.101
[1, 21640] loss: 0.070
[1, 21660] loss: 0.037
[1, 21680] loss: 0.075
[1, 21700] loss: 0.063
[1, 21720] loss: 0.106
[1, 21740] loss: 0.061
[1, 21760] loss: 0.068
[1, 21780] loss: 0.135
[1, 21800] loss: 0.100
[1, 21820] loss: 0.145
[1, 21840] loss: 0.222
[1, 21860] loss: 0.126
[1, 21880] loss: 0.429
[1, 21900] loss: 0.625
[1, 21920] loss: 0.624
[1, 21940] loss: 0.401
[1, 21960] loss: 0.944
[1, 21980] loss: 1.156
[1, 22000] loss: 1.042
[1, 22020] loss: 0.548
[1, 22040] loss: 1.579
[1, 22060] loss: 369.959
[1, 22080] loss: 38515467.244
[1, 22100] loss: 16831775.456
[1, 22120] loss: 51582509.039
[1, 22140] loss: 11911519.171
[1, 22160] loss: 2234841.170
[1, 22180] loss: 544892.584
[1, 22200] loss: 131314.834
[1, 22220] loss: 23732.911
[1, 22240] loss: 17037.374
[1, 22260] loss: 9026.793
[1, 22280] loss: 12521.731
[1, 22300] loss: 9673.735
[1, 22320] loss: 11042.086
[1, 22340] loss: 5340.027
[1, 22360] loss: 10358.201
[1, 22380] loss: 6582.701
[1, 22400] loss: 11127.476
[1, 22420] loss: 3385.629
[1, 22440] loss: 4540.464
[1, 22460] loss: 3735.283
[1, 22480] loss: 3809.043
[1, 22500] loss: 3417.879
[1, 22520] loss: 8912.653
[1, 22540] loss: 6257.520
[1, 22560] loss: 4884.550
[1, 22580] loss: 3373.003
[1, 22600] loss: 3923.417
[1, 22620] loss: 4824.766
[1, 22640] loss: 5966.965
[1, 22660] loss: 4399.458
[1, 22680] loss: 4132.550
[1, 22700] loss: 2999.195
[1, 22720] loss: 4098.178
[1, 22740] loss: 4021.588
[1, 22760] loss: 1691.878
[1, 22780] loss: 1890.126
[1, 22800] loss: 1488.639
[1, 22820] loss: 3970.480
[1, 22840] loss: 2961.191
[1, 22860] loss: 1473.765
[1, 22880] loss: 4755.036
[1, 22900] loss: 1895.409
[1, 22920] loss: 2287.671
[1, 22940] loss: 1723.865
[1, 22960] loss: 1518.812
[1, 22980] loss: 2442.537
[1, 23000] loss: 4895.464
[1, 23020] loss: 1694.602
[1, 23040] loss: 1933.019
[1, 23060] loss: 2614.283
[1, 23080] loss: 2241.507
[1, 23100] loss: 1250.844
[1, 23120] loss: 2284.185
[1, 23140] loss: 1532.778
[1, 23160] loss: 1583.763
[1, 23180] loss: 2681.556
[1, 23200] loss: 1351.777
[1, 23220] loss: 630.539
[1, 23240] loss: 1190.859
[1, 23260] loss: 1247.233
[1, 23280] loss: 2083.797
[1, 23300] loss: 2124.828
[1, 23320] loss: 771.977
[1, 23340] loss: 1770.213
[1, 23360] loss: 2010.116
[1, 23380] loss: 2071.764
[1, 23400] loss: 1267.717
[1, 23420] loss: 2048.876
[1, 23440] loss: 1369.198
[1, 23460] loss: 1762.559
[1, 23480] loss: 1972.856
[1, 23500] loss: 1477.593
[1, 23520] loss: 883.546
[1, 23540] loss: 2591.491
[1, 23560] loss: 1133.936
[1, 23580] loss: 1576.834
[1, 23600] loss: 920.915
[1, 23620] loss: 878.701
[1, 23640] loss: 1669.584
[1, 23660] loss: 922.783
[1, 23680] loss: 733.881
[1, 23700] loss: 1469.043
[1, 23720] loss: 1040.970
[1, 23740] loss: 2259.526
[1, 23760] loss: 925.815
[1, 23780] loss: 2001.695
[1, 23800] loss: 1263.318
[1, 23820] loss: 1574.871
[1, 23840] loss: 735.308
[1, 23860] loss: 1106.673
[1, 23880] loss: 1029.945
[1, 23900] loss: 1509.279
[1, 23920] loss: 599.945
[1, 23940] loss: 682.422
[1, 23960] loss: 1615.152
[1, 23980] loss: 1254.358
[1, 24000] loss: 778.108
[1, 24020] loss: 1444.535
[1, 24040] loss: 470.142
[1, 24060] loss: 882.753
[1, 24080] loss: 903.334
[1, 24100] loss: 796.933
[1, 24120] loss: 719.697
[1, 24140] loss: 742.762
[1, 24160] loss: 980.874
[1, 24180] loss: 634.329
[1, 24200] loss: 952.233
[1, 24220] loss: 430.110
[1, 24240] loss: 1141.364
[1, 24260] loss: 769.064
[1, 24280] loss: 892.217
[1, 24300] loss: 439.939
[1, 24320] loss: 447.721
[1, 24340] loss: 902.328
[1, 24360] loss: 663.841
[1, 24380] loss: 802.472
[1, 24400] loss: 608.529
[1, 24420] loss: 605.054
[1, 24440] loss: 730.424
[1, 24460] loss: 557.461
[1, 24480] loss: 898.749
[1, 24500] loss: 980.557
[1, 24520] loss: 461.167
[1, 24540] loss: 553.758
[1, 24560] loss: 436.611
[1, 24580] loss: 992.722
[1, 24600] loss: 442.188
[1, 24620] loss: 779.724
[1, 24640] loss: 193.884
[1, 24660] loss: 1262.872
[1, 24680] loss: 1717.489
[1, 24700] loss: 590.921
[1, 24720] loss: 807.939
[1, 24740] loss: 764.741
[1, 24760] loss: 766.388
[1, 24780] loss: 557.437
[1, 24800] loss: 372.094
[1, 24820] loss: 1281.874
[1, 24840] loss: 313.630
[1, 24860] loss: 724.434
[1, 24880] loss: 821.588
[1, 24900] loss: 550.777
[1, 24920] loss: 495.748
[1, 24940] loss: 918.585
[1, 24960] loss: 560.408
[1, 24980] loss: 451.041
[1, 25000] loss: 366.009
[1, 25020] loss: 623.593
[1, 25040] loss: 764.546
[1, 25060] loss: 595.477
[1, 25080] loss: 338.145
[1, 25100] loss: 366.976
[1, 25120] loss: 538.175
[1, 25140] loss: 635.534
[1, 25160] loss: 190.411
[1, 25180] loss: 303.838
[1, 25200] loss: 593.767
[1, 25220] loss: 432.716
[1, 25240] loss: 306.716
[1, 25260] loss: 592.677
[1, 25280] loss: 970.621
[1, 25300] loss: 340.792
[1, 25320] loss: 232.455
[1, 25340] loss: 481.346
[1, 25360] loss: 777.353
[1, 25380] loss: 633.640
[1, 25400] loss: 545.318
[1, 25420] loss: 371.689
[1, 25440] loss: 601.434
[1, 25460] loss: 699.665
[1, 25480] loss: 503.786
[1, 25500] loss: 401.590
[1, 25520] loss: 165.100
[1, 25540] loss: 466.837
[1, 25560] loss: 562.127
[1, 25580] loss: 712.864
[1, 25600] loss: 513.215
[1, 25620] loss: 218.825
[1, 25640] loss: 474.302
[1, 25660] loss: 935.895
[1, 25680] loss: 382.905
[1, 25700] loss: 467.881
[1, 25720] loss: 201.602
[1, 25740] loss: 314.788
[1, 25760] loss: 400.416
[1, 25780] loss: 469.951
[1, 25800] loss: 302.584
[1, 25820] loss: 589.340
[1, 25840] loss: 299.319
[1, 25860] loss: 285.520
[1, 25880] loss: 353.030
[1, 25900] loss: 210.607
[1, 25920] loss: 435.709
[1, 25940] loss: 602.420
[1, 25960] loss: 452.036
[1, 25980] loss: 287.858
[1, 26000] loss: 495.652
[1, 26020] loss: 278.774
[1, 26040] loss: 515.565
[1, 26060] loss: 553.711
[1, 26080] loss: 380.916
[1, 26100] loss: 252.505
[1, 26120] loss: 252.211
[1, 26140] loss: 375.094
[1, 26160] loss: 722.666
[1, 26180] loss: 453.139
[1, 26200] loss: 307.130
[1, 26220] loss: 253.288
[1, 26240] loss: 178.052
[1, 26260] loss: 284.063
[1, 26280] loss: 252.261
[1, 26300] loss: 522.990
[1, 26320] loss: 741.055
[1, 26340] loss: 497.700
[1, 26360] loss: 321.760
[1, 26380] loss: 335.833
[1, 26400] loss: 422.485
[1, 26420] loss: 253.111
[1, 26440] loss: 137.071
[1, 26460] loss: 116.021
[1, 26480] loss: 204.601
[1, 26500] loss: 223.161
[1, 26520] loss: 315.372
[1, 26540] loss: 171.961
[1, 26560] loss: 297.456
[1, 26580] loss: 385.661
[1, 26600] loss: 287.137
[1, 26620] loss: 335.720
[1, 26640] loss: 384.194
[1, 26660] loss: 253.135
[1, 26680] loss: 405.536
[1, 26700] loss: 444.351
[1, 26720] loss: 190.537
[1, 26740] loss: 202.539
[1, 26760] loss: 180.971
[1, 26780] loss: 411.829
[1, 26800] loss: 243.507
[1, 26820] loss: 165.818
[1, 26840] loss: 494.292
[1, 26860] loss: 201.615
[1, 26880] loss: 308.001
[1, 26900] loss: 453.031
[1, 26920] loss: 324.211
[1, 26940] loss: 231.134
[1, 26960] loss: 407.611
[1, 26980] loss: 270.589
[1, 27000] loss: 474.191
[1, 27020] loss: 107.274
[1, 27040] loss: 265.796
[1, 27060] loss: 318.255
[1, 27080] loss: 295.263
[1, 27100] loss: 153.213
[1, 27120] loss: 223.688
[1, 27140] loss: 473.638
[1, 27160] loss: 273.982
[1, 27180] loss: 511.724
[1, 27200] loss: 324.758
[1, 27220] loss: 203.754
[1, 27240] loss: 295.537
[1, 27260] loss: 202.924
[1, 27280] loss: 208.757
[1, 27300] loss: 262.139
[1, 27320] loss: 258.981
[1, 27340] loss: 143.258
[1, 27360] loss: 242.481
[1, 27380] loss: 102.036
[1, 27400] loss: 195.336
[1, 27420] loss: 182.082
[1, 27440] loss: 172.424
[1, 27460] loss: 96.307
[1, 27480] loss: 100.160
[1, 27500] loss: 147.705
[1, 27520] loss: 213.157
[1, 27540] loss: 288.873
[1, 27560] loss: 250.517
[1, 27580] loss: 307.171
[1, 27600] loss: 104.398
[1, 27620] loss: 174.414
[1, 27640] loss: 149.610
[1, 27660] loss: 118.873
[1, 27680] loss: 338.993
[1, 27700] loss: 187.719
[1, 27720] loss: 276.448
[1, 27740] loss: 123.615
[1, 27760] loss: 232.571
[1, 27780] loss: 184.180
[1, 27800] loss: 134.041
[1, 27820] loss: 198.486
[1, 27840] loss: 201.216
[1, 27860] loss: 613.074
[1, 27880] loss: 254.078
[1, 27900] loss: 154.760
[1, 27920] loss: 175.654
[1, 27940] loss: 164.187
[1, 27960] loss: 186.309
[1, 27980] loss: 192.012
[1, 28000] loss: 282.053
[1, 28020] loss: 320.662
[1, 28040] loss: 251.531
[1, 28060] loss: 166.234
[1, 28080] loss: 260.336
[1, 28100] loss: 115.573
[1, 28120] loss: 242.296
[1, 28140] loss: 240.635
[1, 28160] loss: 244.793
[1, 28180] loss: 301.869
[1, 28200] loss: 250.058
[1, 28220] loss: 99.852
[1, 28240] loss: 175.586
[1, 28260] loss: 144.177
[1, 28280] loss: 202.217
[1, 28300] loss: 140.810
[1, 28320] loss: 121.032
[1, 28340] loss: 85.331
[1, 28360] loss: 67.003
[1, 28380] loss: 347.509
[1, 28400] loss: 211.776
[1, 28420] loss: 122.559
[1, 28440] loss: 79.438
[1, 28460] loss: 212.611
[1, 28480] loss: 127.136
[1, 28500] loss: 164.317
[1, 28520] loss: 149.245
[1, 28540] loss: 194.981
[1, 28560] loss: 153.237
[1, 28580] loss: 278.679
[1, 28600] loss: 271.754
[1, 28620] loss: 127.847
[1, 28640] loss: 103.257
[1, 28660] loss: 161.168
[1, 28680] loss: 162.678
[1, 28700] loss: 119.647
[1, 28720] loss: 400.347
[1, 28740] loss: 95.923
[1, 28760] loss: 140.363
[1, 28780] loss: 235.096
[1, 28800] loss: 86.753
[1, 28820] loss: 89.016
[1, 28840] loss: 105.175
[1, 28860] loss: 134.687
[1, 28880] loss: 128.515
[1, 28900] loss: 72.454
[1, 28920] loss: 109.555
[1, 28940] loss: 254.066
[1, 28960] loss: 188.344
[1, 28980] loss: 123.062
[1, 29000] loss: 240.392
[1, 29020] loss: 122.685
[1, 29040] loss: 268.359
[1, 29060] loss: 138.772
[1, 29080] loss: 205.265
[1, 29100] loss: 83.360
[1, 29120] loss: 113.729
[1, 29140] loss: 129.245
[1, 29160] loss: 231.392
[1, 29180] loss: 114.333
[1, 29200] loss: 124.759
[1, 29220] loss: 102.577
[1, 29240] loss: 86.602
[1, 29260] loss: 97.699
[1, 29280] loss: 152.633
[1, 29300] loss: 64.033
[1, 29320] loss: 62.219
[1, 29340] loss: 55.622
[1, 29360] loss: 75.044
[1, 29380] loss: 50.914
[1, 29400] loss: 73.805
[1, 29420] loss: 102.877
[1, 29440] loss: 167.542
[1, 29460] loss: 265.095
[1, 29480] loss: 227.509
[1, 29500] loss: 174.232
[1, 29520] loss: 126.125
[1, 29540] loss: 153.164
[1, 29560] loss: 111.193
[1, 29580] loss: 75.624
[1, 29600] loss: 40.829
[1, 29620] loss: 61.722
[1, 29640] loss: 114.084
[1, 29660] loss: 100.636
[1, 29680] loss: 83.857
[1, 29700] loss: 54.755
[1, 29720] loss: 73.170
[1, 29740] loss: 174.314
[1, 29760] loss: 126.069
[1, 29780] loss: 137.381
[1, 29800] loss: 81.533
[1, 29820] loss: 104.514
[1, 29840] loss: 86.368
[1, 29860] loss: 42.410
[1, 29880] loss: 69.916
[1, 29900] loss: 94.891
[1, 29920] loss: 92.309
[1, 29940] loss: 32.792
[1, 29960] loss: 53.288
[1, 29980] loss: 33.608
[1, 30000] loss: 55.441
[1, 30020] loss: 60.847
[1, 30040] loss: 51.542
[1, 30060] loss: 68.958
[1, 30080] loss: 157.545
[1, 30100] loss: 218.009
[1, 30120] loss: 219.997
[1, 30140] loss: 129.172
[1, 30160] loss: 117.044
[1, 30180] loss: 177.722
[1, 30200] loss: 207.608
[1, 30220] loss: 56.181
[1, 30240] loss: 76.404
[1, 30260] loss: 80.312
[1, 30280] loss: 60.266
[1, 30300] loss: 76.229
[1, 30320] loss: 130.699
[1, 30340] loss: 133.194
[1, 30360] loss: 46.427
[1, 30380] loss: 49.101
[1, 30400] loss: 63.922
[1, 30420] loss: 47.300
[2,    20] loss: 56.995
[2,    40] loss: 46.929
[2,    60] loss: 101.615
[2,    80] loss: 70.712
[2,   100] loss: 76.416
[2,   120] loss: 81.477
[2,   140] loss: 38.757
[2,   160] loss: 35.790
[2,   180] loss: 40.373
[2,   200] loss: 126.047
[2,   220] loss: 40.510
[2,   240] loss: 50.738
[2,   260] loss: 75.746
[2,   280] loss: 24.378
[2,   300] loss: 38.375
[2,   320] loss: 65.655
[2,   340] loss: 51.390
[2,   360] loss: 48.630
[2,   380] loss: 62.009
[2,   400] loss: 61.983
[2,   420] loss: 75.943
[2,   440] loss: 75.470
[2,   460] loss: 92.696
[2,   480] loss: 63.327
[2,   500] loss: 67.966
[2,   520] loss: 161.660
[2,   540] loss: 122.571
[2,   560] loss: 191.444
[2,   580] loss: 47.118
[2,   600] loss: 42.123
[2,   620] loss: 51.685
[2,   640] loss: 41.150
[2,   660] loss: 166.668
[2,   680] loss: 99.507
[2,   700] loss: 116.808
[2,   720] loss: 27.452
[2,   740] loss: 39.930
[2,   760] loss: 34.055
[2,   780] loss: 42.682
[2,   800] loss: 45.147
[2,   820] loss: 60.601
[2,   840] loss: 15.384
[2,   860] loss: 33.948
[2,   880] loss: 55.357
[2,   900] loss: 58.967
[2,   920] loss: 88.248
[2,   940] loss: 34.566
[2,   960] loss: 45.984
[2,   980] loss: 25.192
[2,  1000] loss: 28.122
[2,  1020] loss: 34.974
[2,  1040] loss: 39.439
[2,  1060] loss: 28.907
[2,  1080] loss: 32.736
[2,  1100] loss: 57.242
[2,  1120] loss: 53.003
[2,  1140] loss: 38.858
[2,  1160] loss: 16.908
[2,  1180] loss: 31.154
[2,  1200] loss: 30.778
[2,  1220] loss: 26.750
[2,  1240] loss: 42.677
[2,  1260] loss: 35.205
[2,  1280] loss: 31.214
[2,  1300] loss: 25.357
[2,  1320] loss: 25.049
[2,  1340] loss: 20.908
[2,  1360] loss: 49.829
[2,  1380] loss: 39.740
[2,  1400] loss: 37.843
[2,  1420] loss: 46.393
[2,  1440] loss: 47.536
[2,  1460] loss: 71.080
[2,  1480] loss: 41.449
[2,  1500] loss: 29.926
[2,  1520] loss: 28.113
[2,  1540] loss: 20.725
[2,  1560] loss: 27.827
[2,  1580] loss: 70.413
[2,  1600] loss: 19.265
[2,  1620] loss: 49.456
[2,  1640] loss: 42.861
[2,  1660] loss: 23.930
[2,  1680] loss: 52.136
[2,  1700] loss: 25.318
[2,  1720] loss: 61.878
[2,  1740] loss: 60.661
[2,  1760] loss: 57.368
[2,  1780] loss: 51.920
[2,  1800] loss: 46.485
[2,  1820] loss: 39.990
[2,  1840] loss: 23.960
[2,  1860] loss: 19.993
[2,  1880] loss: 26.851
[2,  1900] loss: 25.043
[2,  1920] loss: 124.782
[2,  1940] loss: 52.408
[2,  1960] loss: 42.963
[2,  1980] loss: 94.497
[2,  2000] loss: 96.581
[2,  2020] loss: 40.180
[2,  2040] loss: 38.892
[2,  2060] loss: 22.614
[2,  2080] loss: 14.628
[2,  2100] loss: 21.937
[2,  2120] loss: 8.915
[2,  2140] loss: 19.617
[2,  2160] loss: 9.295
[2,  2180] loss: 12.519
[2,  2200] loss: 25.361
[2,  2220] loss: 32.735
[2,  2240] loss: 12.249
[2,  2260] loss: 13.144
[2,  2280] loss: 32.425
[2,  2300] loss: 23.888
[2,  2320] loss: 15.147
[2,  2340] loss: 9.304
[2,  2360] loss: 27.909
[2,  2380] loss: 21.871
[2,  2400] loss: 17.489
[2,  2420] loss: 22.108
[2,  2440] loss: 13.719
[2,  2460] loss: 18.666
[2,  2480] loss: 15.134
[2,  2500] loss: 25.146
[2,  2520] loss: 5.464
[2,  2540] loss: 16.475
[2,  2560] loss: 8.393
[2,  2580] loss: 9.124
[2,  2600] loss: 55.299
[2,  2620] loss: 16.248
[2,  2640] loss: 17.171
[2,  2660] loss: 26.208
[2,  2680] loss: 21.225
[2,  2700] loss: 19.152
[2,  2720] loss: 13.573
[2,  2740] loss: 13.657
[2,  2760] loss: 25.349
[2,  2780] loss: 34.248
[2,  2800] loss: 59.952
[2,  2820] loss: 25.059
[2,  2840] loss: 11.492
[2,  2860] loss: 18.133
[2,  2880] loss: 16.226
[2,  2900] loss: 13.128
[2,  2920] loss: 14.836
[2,  2940] loss: 9.404
[2,  2960] loss: 7.866
[2,  2980] loss: 23.289
[2,  3000] loss: 16.310
[2,  3020] loss: 13.695
[2,  3040] loss: 11.328
[2,  3060] loss: 9.483
[2,  3080] loss: 9.279
[2,  3100] loss: 8.856
[2,  3120] loss: 12.142
[2,  3140] loss: 28.235
[2,  3160] loss: 11.425
[2,  3180] loss: 13.014
[2,  3200] loss: 11.641
[2,  3220] loss: 21.461
[2,  3240] loss: 16.917
[2,  3260] loss: 24.307
[2,  3280] loss: 16.626
[2,  3300] loss: 17.894
[2,  3320] loss: 26.641
[2,  3340] loss: 14.835
[2,  3360] loss: 9.068
[2,  3380] loss: 17.681
[2,  3400] loss: 11.345
[2,  3420] loss: 21.913
[2,  3440] loss: 19.927
[2,  3460] loss: 10.416
[2,  3480] loss: 14.565
[2,  3500] loss: 12.288
[2,  3520] loss: 15.363
[2,  3540] loss: 12.507
[2,  3560] loss: 9.723
[2,  3580] loss: 25.875
[2,  3600] loss: 8.687
[2,  3620] loss: 21.584
[2,  3640] loss: 14.333
[2,  3660] loss: 10.674
[2,  3680] loss: 10.172
[2,  3700] loss: 5.381
[2,  3720] loss: 13.707
[2,  3740] loss: 7.280
[2,  3760] loss: 6.736
[2,  3780] loss: 9.050
[2,  3800] loss: 11.057
[2,  3820] loss: 10.305
[2,  3840] loss: 5.634
[2,  3860] loss: 11.009
[2,  3880] loss: 12.198
[2,  3900] loss: 9.108
[2,  3920] loss: 5.140
[2,  3940] loss: 8.608
[2,  3960] loss: 6.825
[2,  3980] loss: 13.611
[2,  4000] loss: 17.051
[2,  4020] loss: 9.328
[2,  4040] loss: 9.599
[2,  4060] loss: 3.132
[2,  4080] loss: 3.484
[2,  4100] loss: 10.131
[2,  4120] loss: 19.533
[2,  4140] loss: 14.238
[2,  4160] loss: 9.985
[2,  4180] loss: 8.205
[2,  4200] loss: 21.167
[2,  4220] loss: 9.199
[2,  4240] loss: 14.539
[2,  4260] loss: 8.769
[2,  4280] loss: 9.035
[2,  4300] loss: 10.182
[2,  4320] loss: 14.100
[2,  4340] loss: 14.005
[2,  4360] loss: 5.776
[2,  4380] loss: 9.885
[2,  4400] loss: 5.960
[2,  4420] loss: 7.568
[2,  4440] loss: 7.438
[2,  4460] loss: 3.020
[2,  4480] loss: 4.819
[2,  4500] loss: 4.090
[2,  4520] loss: 8.335
[2,  4540] loss: 3.712
[2,  4560] loss: 6.729
[2,  4580] loss: 5.420
[2,  4600] loss: 4.694
[2,  4620] loss: 10.333
[2,  4640] loss: 4.300
[2,  4660] loss: 2.932
[2,  4680] loss: 4.202
[2,  4700] loss: 4.742
[2,  4720] loss: 3.955
[2,  4740] loss: 3.097
[2,  4760] loss: 8.126
[2,  4780] loss: 3.939
[2,  4800] loss: 9.949
[2,  4820] loss: 12.950
[2,  4840] loss: 4.506
[2,  4860] loss: 7.649
[2,  4880] loss: 4.192
[2,  4900] loss: 7.147
[2,  4920] loss: 6.211
[2,  4940] loss: 12.619
[2,  4960] loss: 4.279
[2,  4980] loss: 8.584
[2,  5000] loss: 11.647
[2,  5020] loss: 8.579
[2,  5040] loss: 4.785
[2,  5060] loss: 5.949
[2,  5080] loss: 7.643
[2,  5100] loss: 3.959
[2,  5120] loss: 1.348
[2,  5140] loss: 4.569
[2,  5160] loss: 6.556
[2,  5180] loss: 3.564
[2,  5200] loss: 4.647
[2,  5220] loss: 4.103
[2,  5240] loss: 4.312
[2,  5260] loss: 2.528
[2,  5280] loss: 5.772
[2,  5300] loss: 3.456
[2,  5320] loss: 5.521
[2,  5340] loss: 4.910
[2,  5360] loss: 3.875
[2,  5380] loss: 4.672
[2,  5400] loss: 3.515
[2,  5420] loss: 2.857
[2,  5440] loss: 3.907
[2,  5460] loss: 2.189
[2,  5480] loss: 1.368
[2,  5500] loss: 3.122
[2,  5520] loss: 5.674
[2,  5540] loss: 4.492
[2,  5560] loss: 2.660
[2,  5580] loss: 1.480
[2,  5600] loss: 1.750
[2,  5620] loss: 2.068
[2,  5640] loss: 5.012
[2,  5660] loss: 3.283
[2,  5680] loss: 4.041
[2,  5700] loss: 4.423
[2,  5720] loss: 3.248
[2,  5740] loss: 6.152
[2,  5760] loss: 2.942
[2,  5780] loss: 4.028
[2,  5800] loss: 3.531
[2,  5820] loss: 1.658
[2,  5840] loss: 7.069
[2,  5860] loss: 3.719
[2,  5880] loss: 6.189
[2,  5900] loss: 9.029
[2,  5920] loss: 8.947
[2,  5940] loss: 6.483
[2,  5960] loss: 3.026
[2,  5980] loss: 2.217
[2,  6000] loss: 1.732
[2,  6020] loss: 2.200
[2,  6040] loss: 2.449
[2,  6060] loss: 2.211
[2,  6080] loss: 1.990
[2,  6100] loss: 2.872
[2,  6120] loss: 3.345
[2,  6140] loss: 2.815
[2,  6160] loss: 2.649
[2,  6180] loss: 2.177
[2,  6200] loss: 2.568
[2,  6220] loss: 3.693
[2,  6240] loss: 2.225
[2,  6260] loss: 2.431
[2,  6280] loss: 2.609
[2,  6300] loss: 4.640
[2,  6320] loss: 5.076
[2,  6340] loss: 2.760
[2,  6360] loss: 3.258
[2,  6380] loss: 1.159
[2,  6400] loss: 1.991
[2,  6420] loss: 2.048
[2,  6440] loss: 2.539
[2,  6460] loss: 1.671
[2,  6480] loss: 1.678
[2,  6500] loss: 2.502
[2,  6520] loss: 3.360
[2,  6540] loss: 4.010
[2,  6560] loss: 3.466
[2,  6580] loss: 2.315
[2,  6600] loss: 1.385
[2,  6620] loss: 4.562
[2,  6640] loss: 3.035
[2,  6660] loss: 2.386
[2,  6680] loss: 2.257
[2,  6700] loss: 1.860
[2,  6720] loss: 2.504
[2,  6740] loss: 1.538
[2,  6760] loss: 2.199
[2,  6780] loss: 1.364
[2,  6800] loss: 1.165
[2,  6820] loss: 1.040
[2,  6840] loss: 0.940
[2,  6860] loss: 1.551
[2,  6880] loss: 1.664
[2,  6900] loss: 1.091
[2,  6920] loss: 1.523
[2,  6940] loss: 2.584
[2,  6960] loss: 2.303
[2,  6980] loss: 1.238
[2,  7000] loss: 1.658
[2,  7020] loss: 2.335
[2,  7040] loss: 3.844
[2,  7060] loss: 1.638
[2,  7080] loss: 0.484
[2,  7100] loss: 0.856
[2,  7120] loss: 1.576
[2,  7140] loss: 1.313
[2,  7160] loss: 1.668
[2,  7180] loss: 1.461
[2,  7200] loss: 1.637
[2,  7220] loss: 1.055
[2,  7240] loss: 1.365
[2,  7260] loss: 1.757
[2,  7280] loss: 1.181
[2,  7300] loss: 1.136
[2,  7320] loss: 0.747
[2,  7340] loss: 0.752
[2,  7360] loss: 0.669
[2,  7380] loss: 0.732
[2,  7400] loss: 1.232
[2,  7420] loss: 1.145
[2,  7440] loss: 1.083
[2,  7460] loss: 1.468
[2,  7480] loss: 0.621
[2,  7500] loss: 0.934
[2,  7520] loss: 0.811
[2,  7540] loss: 0.763
[2,  7560] loss: 1.255
[2,  7580] loss: 1.187
[2,  7600] loss: 1.136
[2,  7620] loss: 1.604
[2,  7640] loss: 0.954
[2,  7660] loss: 1.254
[2,  7680] loss: 1.030
[2,  7700] loss: 1.036
[2,  7720] loss: 1.435
[2,  7740] loss: 0.582
[2,  7760] loss: 1.013
[2,  7780] loss: 0.618
[2,  7800] loss: 0.953
[2,  7820] loss: 0.372
[2,  7840] loss: 0.753
[2,  7860] loss: 0.891
[2,  7880] loss: 1.002
[2,  7900] loss: 1.060
[2,  7920] loss: 0.949
[2,  7940] loss: 0.278
[2,  7960] loss: 0.430
[2,  7980] loss: 1.231
[2,  8000] loss: 1.084
[2,  8020] loss: 0.758
[2,  8040] loss: 1.221
[2,  8060] loss: 1.275
[2,  8080] loss: 1.002
[2,  8100] loss: 0.842
[2,  8120] loss: 1.322
[2,  8140] loss: 0.533
[2,  8160] loss: 0.820
[2,  8180] loss: 0.631
[2,  8200] loss: 0.727
[2,  8220] loss: 0.687
[2,  8240] loss: 0.369
[2,  8260] loss: 0.566
[2,  8280] loss: 1.878
[2,  8300] loss: 0.844
[2,  8320] loss: 0.793
[2,  8340] loss: 0.606
[2,  8360] loss: 0.870
[2,  8380] loss: 0.670
[2,  8400] loss: 0.441
[2,  8420] loss: 0.457
[2,  8440] loss: 0.522
[2,  8460] loss: 0.366
[2,  8480] loss: 0.630
[2,  8500] loss: 0.654
[2,  8520] loss: 0.598
[2,  8540] loss: 0.387
[2,  8560] loss: 0.606
[2,  8580] loss: 0.354
[2,  8600] loss: 0.394
[2,  8620] loss: 0.438
[2,  8640] loss: 0.529
[2,  8660] loss: 0.726
[2,  8680] loss: 0.599
[2,  8700] loss: 0.386
[2,  8720] loss: 0.312
[2,  8740] loss: 0.758
[2,  8760] loss: 0.309
[2,  8780] loss: 0.232
[2,  8800] loss: 0.511
[2,  8820] loss: 0.628
[2,  8840] loss: 1.170
[2,  8860] loss: 0.683
[2,  8880] loss: 0.340
[2,  8900] loss: 0.403
[2,  8920] loss: 0.331
[2,  8940] loss: 0.608
[2,  8960] loss: 0.508
[2,  8980] loss: 0.453
[2,  9000] loss: 0.458
[2,  9020] loss: 0.340
[2,  9040] loss: 0.778
[2,  9060] loss: 0.211
[2,  9080] loss: 0.434
[2,  9100] loss: 0.209
[2,  9120] loss: 0.381
[2,  9140] loss: 0.187
[2,  9160] loss: 0.231
[2,  9180] loss: 0.349
[2,  9200] loss: 0.255
[2,  9220] loss: 0.305
[2,  9240] loss: 0.255
[2,  9260] loss: 0.171
[2,  9280] loss: 0.393
[2,  9300] loss: 0.799
[2,  9320] loss: 0.801
[2,  9340] loss: 0.685
[2,  9360] loss: 0.569
[2,  9380] loss: 0.425
[2,  9400] loss: 0.376
[2,  9420] loss: 0.466
[2,  9440] loss: 0.351
[2,  9460] loss: 0.558
[2,  9480] loss: 0.296
[2,  9500] loss: 0.535
[2,  9520] loss: 0.208
[2,  9540] loss: 0.174
[2,  9560] loss: 0.505
[2,  9580] loss: 0.297
[2,  9600] loss: 0.270
[2,  9620] loss: 0.928
[2,  9640] loss: 0.428
[2,  9660] loss: 0.255
[2,  9680] loss: 0.432
[2,  9700] loss: 0.328
[2,  9720] loss: 0.318
[2,  9740] loss: 0.372
[2,  9760] loss: 0.537
[2,  9780] loss: 0.253
[2,  9800] loss: 0.655
[2,  9820] loss: 0.231
[2,  9840] loss: 0.219
[2,  9860] loss: 0.402
[2,  9880] loss: 0.264
[2,  9900] loss: 0.233
[2,  9920] loss: 0.128
[2,  9940] loss: 0.313
[2,  9960] loss: 0.460
[2,  9980] loss: 0.426
[2, 10000] loss: 0.505
[2, 10020] loss: 0.297
[2, 10040] loss: 0.202
[2, 10060] loss: 0.262
[2, 10080] loss: 0.229
[2, 10100] loss: 0.231
[2, 10120] loss: 0.228
[2, 10140] loss: 0.340
[2, 10160] loss: 0.148
[2, 10180] loss: 0.181
[2, 10200] loss: 0.250
[2, 10220] loss: 0.421
[2, 10240] loss: 0.413
[2, 10260] loss: 0.169
[2, 10280] loss: 0.285
[2, 10300] loss: 0.180
[2, 10320] loss: 0.216
[2, 10340] loss: 0.160
[2, 10360] loss: 0.255
[2, 10380] loss: 0.169
[2, 10400] loss: 0.188
[2, 10420] loss: 0.510
[2, 10440] loss: 0.315
[2, 10460] loss: 0.142
[2, 10480] loss: 0.236
[2, 10500] loss: 0.161
[2, 10520] loss: 0.121
[2, 10540] loss: 0.107
[2, 10560] loss: 0.083
[2, 10580] loss: 0.223
[2, 10600] loss: 0.244
[2, 10620] loss: 0.210
[2, 10640] loss: 0.414
[2, 10660] loss: 0.285
[2, 10680] loss: 0.337
[2, 10700] loss: 0.246
[2, 10720] loss: 0.222
[2, 10740] loss: 0.414
[2, 10760] loss: 0.145
[2, 10780] loss: 0.349
[2, 10800] loss: 0.154
[2, 10820] loss: 0.149
[2, 10840] loss: 0.303
[2, 10860] loss: 0.149
[2, 10880] loss: 0.081
[2, 10900] loss: 0.418
[2, 10920] loss: 0.234
[2, 10940] loss: 0.051
[2, 10960] loss: 0.204
[2, 10980] loss: 0.241
[2, 11000] loss: 0.249
[2, 11020] loss: 0.209
[2, 11040] loss: 0.358
[2, 11060] loss: 0.189
[2, 11080] loss: 0.110
[2, 11100] loss: 0.102
[2, 11120] loss: 0.256
[2, 11140] loss: 0.337
[2, 11160] loss: 0.359
[2, 11180] loss: 0.281
[2, 11200] loss: 0.169
[2, 11220] loss: 0.113
[2, 11240] loss: 0.115
[2, 11260] loss: 0.210
[2, 11280] loss: 0.141
[2, 11300] loss: 0.147
[2, 11320] loss: 0.175
[2, 11340] loss: 0.135
[2, 11360] loss: 0.112
[2, 11380] loss: 0.101
[2, 11400] loss: 0.108
[2, 11420] loss: 0.116
[2, 11440] loss: 0.176
[2, 11460] loss: 0.200
[2, 11480] loss: 0.174
[2, 11500] loss: 0.110
[2, 11520] loss: 0.067
[2, 11540] loss: 0.110
[2, 11560] loss: 0.108
[2, 11580] loss: 0.209
[2, 11600] loss: 0.210
[2, 11620] loss: 0.257
[2, 11640] loss: 0.086
[2, 11660] loss: 0.112
[2, 11680] loss: 0.094
[2, 11700] loss: 0.120
[2, 11720] loss: 0.112
[2, 11740] loss: 0.110
[2, 11760] loss: 0.111
[2, 11780] loss: 0.044
[2, 11800] loss: 0.130
[2, 11820] loss: 0.108
[2, 11840] loss: 0.107
[2, 11860] loss: 0.114
[2, 11880] loss: 0.104
[2, 11900] loss: 0.204
[2, 11920] loss: 0.178
[2, 11940] loss: 0.085
[2, 11960] loss: 0.078
[2, 11980] loss: 0.096
[2, 12000] loss: 0.071
[2, 12020] loss: 0.071
[2, 12040] loss: 0.123
[2, 12060] loss: 0.096
[2, 12080] loss: 0.235
[2, 12100] loss: 0.170
[2, 12120] loss: 0.102
[2, 12140] loss: 0.071
[2, 12160] loss: 0.092
[2, 12180] loss: 0.206
[2, 12200] loss: 0.190
[2, 12220] loss: 0.100
[2, 12240] loss: 0.091
[2, 12260] loss: 0.302
[2, 12280] loss: 0.194
[2, 12300] loss: 0.291
[2, 12320] loss: 0.280
[2, 12340] loss: 0.050
[2, 12360] loss: 0.111
[2, 12380] loss: 0.246
[2, 12400] loss: 0.222
[2, 12420] loss: 0.146
[2, 12440] loss: 0.047
[2, 12460] loss: 0.076
[2, 12480] loss: 0.198
[2, 12500] loss: 0.139
[2, 12520] loss: 0.153
[2, 12540] loss: 0.110
[2, 12560] loss: 0.072
[2, 12580] loss: 0.073
[2, 12600] loss: 0.061
[2, 12620] loss: 0.036
[2, 12640] loss: 0.119
[2, 12660] loss: 0.275
[2, 12680] loss: 0.190
[2, 12700] loss: 0.081
[2, 12720] loss: 0.093
[2, 12740] loss: 0.078
[2, 12760] loss: 0.083
[2, 12780] loss: 0.315
[2, 12800] loss: 0.216
[2, 12820] loss: 0.133
[2, 12840] loss: 0.056
[2, 12860] loss: 0.097
[2, 12880] loss: 0.301
[2, 12900] loss: 0.270
[2, 12920] loss: 0.110
[2, 12940] loss: 0.104
[2, 12960] loss: 0.066
[2, 12980] loss: 0.061
[2, 13000] loss: 0.072
[2, 13020] loss: 0.098
[2, 13040] loss: 0.196
[2, 13060] loss: 0.095
[2, 13080] loss: 0.094
[2, 13100] loss: 0.058
[2, 13120] loss: 0.196
[2, 13140] loss: 0.211
[2, 13160] loss: 0.086
[2, 13180] loss: 0.110
[2, 13200] loss: 0.084
[2, 13220] loss: 0.142
[2, 13240] loss: 0.025
[2, 13260] loss: 0.143
[2, 13280] loss: 0.216
[2, 13300] loss: 0.148
[2, 13320] loss: 0.139
[2, 13340] loss: 0.473
[2, 13360] loss: 0.241
[2, 13380] loss: 0.105
[2, 13400] loss: 0.187
[2, 13420] loss: 0.114
[2, 13440] loss: 0.061
[2, 13460] loss: 0.031
[2, 13480] loss: 0.106
[2, 13500] loss: 0.098
[2, 13520] loss: 0.237
[2, 13540] loss: 0.133
[2, 13560] loss: 0.141
[2, 13580] loss: 0.110
[2, 13600] loss: 0.083
[2, 13620] loss: 0.047
[2, 13640] loss: 0.039
[2, 13660] loss: 0.113
[2, 13680] loss: 0.091
[2, 13700] loss: 0.116
[2, 13720] loss: 0.134
[2, 13740] loss: 0.144
[2, 13760] loss: 0.093
[2, 13780] loss: 0.030
[2, 13800] loss: 0.156
[2, 13820] loss: 0.086
[2, 13840] loss: 0.080
[2, 13860] loss: 0.055
[2, 13880] loss: 0.147
[2, 13900] loss: 0.202
[2, 13920] loss: 0.166
[2, 13940] loss: 0.052
[2, 13960] loss: 0.123
[2, 13980] loss: 0.107
[2, 14000] loss: 0.183
[2, 14020] loss: 0.087
[2, 14040] loss: 0.128
[2, 14060] loss: 0.157
[2, 14080] loss: 0.188
[2, 14100] loss: 0.179
[2, 14120] loss: 0.098
[2, 14140] loss: 0.092
[2, 14160] loss: 0.065
[2, 14180] loss: 0.032
[2, 14200] loss: 0.041
[2, 14220] loss: 0.034
[2, 14240] loss: 0.042
[2, 14260] loss: 0.064
[2, 14280] loss: 0.050
[2, 14300] loss: 0.164
[2, 14320] loss: 0.096
[2, 14340] loss: 0.185
[2, 14360] loss: 0.079
[2, 14380] loss: 0.165
[2, 14400] loss: 0.141
[2, 14420] loss: 0.239
[2, 14440] loss: 0.116
[2, 14460] loss: 0.112
[2, 14480] loss: 0.060
[2, 14500] loss: 0.081
[2, 14520] loss: 0.150
[2, 14540] loss: 0.136
[2, 14560] loss: 0.022
[2, 14580] loss: 0.094
[2, 14600] loss: 0.070
[2, 14620] loss: 0.260
[2, 14640] loss: 0.068
[2, 14660] loss: 0.117
[2, 14680] loss: 0.059
[2, 14700] loss: 0.159
[2, 14720] loss: 0.108
[2, 14740] loss: 0.199
[2, 14760] loss: 0.237
[2, 14780] loss: 0.071
[2, 14800] loss: 0.167
[2, 14820] loss: 0.090
[2, 14840] loss: 0.083
[2, 14860] loss: 0.123
[2, 14880] loss: 0.113
[2, 14900] loss: 0.045
[2, 14920] loss: 0.021
[2, 14940] loss: 0.048
[2, 14960] loss: 0.155
[2, 14980] loss: 0.188
[2, 15000] loss: 0.047
[2, 15020] loss: 0.054
[2, 15040] loss: 0.056
[2, 15060] loss: 0.037
[2, 15080] loss: 0.064
[2, 15100] loss: 0.038
[2, 15120] loss: 0.035
[2, 15140] loss: 0.062
[2, 15160] loss: 0.129
[2, 15180] loss: 0.182
[2, 15200] loss: 0.094
[2, 15220] loss: 0.251
[2, 15240] loss: 0.461
[2, 15260] loss: 0.232
[2, 15280] loss: 0.508
[2, 15300] loss: 57568.212
[2, 15320] loss: 4318734.222
[2, 15340] loss: 45785341.812
[2, 15360] loss: 19114894.612
[2, 15380] loss: 3476832.965
[2, 15400] loss: 1833418.269
[2, 15420] loss: 292646.563
[2, 15440] loss: 28607.944
[2, 15460] loss: 8061.112
[2, 15480] loss: 4244.083
[2, 15500] loss: 732.700
[2, 15520] loss: 871.625
[2, 15540] loss: 1044.634
[2, 15560] loss: 828.185
[2, 15580] loss: 513.124
[2, 15600] loss: 992.663
[2, 15620] loss: 910.145
[2, 15640] loss: 423.626
[2, 15660] loss: 1111.612
[2, 15680] loss: 323.376
[2, 15700] loss: 362.867
[2, 15720] loss: 487.425
[2, 15740] loss: 576.296
[2, 15760] loss: 389.537
[2, 15780] loss: 460.396
[2, 15800] loss: 341.893
[2, 15820] loss: 392.191
[2, 15840] loss: 510.406
[2, 15860] loss: 552.779
[2, 15880] loss: 235.061
[2, 15900] loss: 361.692
[2, 15920] loss: 371.830
[2, 15940] loss: 497.996
[2, 15960] loss: 299.230
[2, 15980] loss: 452.374
[2, 16000] loss: 267.551
[2, 16020] loss: 401.567
[2, 16040] loss: 545.925
[2, 16060] loss: 278.260
[2, 16080] loss: 307.207
[2, 16100] loss: 161.321
[2, 16120] loss: 217.992
[2, 16140] loss: 608.492
[2, 16160] loss: 440.665
[2, 16180] loss: 259.657
[2, 16200] loss: 277.133
[2, 16220] loss: 247.448
[2, 16240] loss: 314.978
[2, 16260] loss: 330.336
[2, 16280] loss: 203.260
[2, 16300] loss: 296.108
[2, 16320] loss: 155.233
[2, 16340] loss: 277.951
[2, 16360] loss: 274.488
[2, 16380] loss: 326.472
[2, 16400] loss: 390.539
[2, 16420] loss: 263.618
[2, 16440] loss: 262.447
[2, 16460] loss: 221.829
[2, 16480] loss: 187.633
[2, 16500] loss: 371.562
[2, 16520] loss: 213.054
[2, 16540] loss: 300.896
[2, 16560] loss: 214.086
[2, 16580] loss: 263.069
[2, 16600] loss: 191.918
[2, 16620] loss: 287.956
[2, 16640] loss: 114.885
[2, 16660] loss: 144.461
[2, 16680] loss: 368.460
[2, 16700] loss: 192.533
[2, 16720] loss: 193.997
[2, 16740] loss: 137.736
[2, 16760] loss: 217.510
[2, 16780] loss: 260.733
[2, 16800] loss: 134.350
[2, 16820] loss: 378.573
[2, 16840] loss: 191.923
[2, 16860] loss: 186.136
[2, 16880] loss: 231.349
[2, 16900] loss: 149.545
[2, 16920] loss: 147.785
[2, 16940] loss: 138.620
[2, 16960] loss: 243.925
[2, 16980] loss: 231.907
[2, 17000] loss: 167.943
[2, 17020] loss: 152.203
[2, 17040] loss: 222.564
[2, 17060] loss: 101.553
[2, 17080] loss: 239.049
[2, 17100] loss: 136.295
[2, 17120] loss: 152.827
[2, 17140] loss: 87.353
[2, 17160] loss: 154.770
[2, 17180] loss: 136.195
[2, 17200] loss: 263.557
[2, 17220] loss: 202.948
[2, 17240] loss: 216.172
[2, 17260] loss: 206.896
[2, 17280] loss: 85.597
[2, 17300] loss: 256.731
[2, 17320] loss: 229.224
[2, 17340] loss: 171.131
[2, 17360] loss: 211.847
[2, 17380] loss: 305.812
[2, 17400] loss: 203.670
[2, 17420] loss: 96.535
[2, 17440] loss: 68.444
[2, 17460] loss: 139.699
[2, 17480] loss: 64.244
[2, 17500] loss: 113.997
[2, 17520] loss: 148.525
[2, 17540] loss: 113.656
[2, 17560] loss: 79.921
[2, 17580] loss: 121.039
[2, 17600] loss: 113.902
[2, 17620] loss: 146.040
[2, 17640] loss: 119.466
[2, 17660] loss: 127.292
[2, 17680] loss: 47.471
[2, 17700] loss: 84.089
[2, 17720] loss: 108.804
[2, 17740] loss: 241.676
[2, 17760] loss: 150.534
[2, 17780] loss: 211.302
[2, 17800] loss: 58.180
[2, 17820] loss: 90.087
[2, 17840] loss: 101.515
[2, 17860] loss: 52.383
[2, 17880] loss: 154.446
[2, 17900] loss: 81.086
[2, 17920] loss: 133.405
[2, 17940] loss: 133.573
[2, 17960] loss: 38.345
[2, 17980] loss: 198.805
[2, 18000] loss: 119.916
[2, 18020] loss: 86.353
[2, 18040] loss: 209.442
[2, 18060] loss: 174.163
[2, 18080] loss: 106.571
[2, 18100] loss: 123.576
[2, 18120] loss: 160.731
[2, 18140] loss: 114.024
[2, 18160] loss: 143.269
[2, 18180] loss: 100.118
[2, 18200] loss: 95.208
[2, 18220] loss: 108.471
[2, 18240] loss: 86.448
[2, 18260] loss: 99.420
[2, 18280] loss: 130.799
[2, 18300] loss: 73.213
[2, 18320] loss: 72.500
[2, 18340] loss: 106.002
[2, 18360] loss: 106.937
[2, 18380] loss: 159.839
[2, 18400] loss: 62.914
[2, 18420] loss: 57.384
[2, 18440] loss: 52.129
[2, 18460] loss: 122.215
[2, 18480] loss: 131.004
[2, 18500] loss: 108.605
[2, 18520] loss: 287.997
[2, 18540] loss: 216.751
[2, 18560] loss: 85.853
[2, 18580] loss: 66.688
[2, 18600] loss: 68.638
[2, 18620] loss: 52.848
[2, 18640] loss: 115.980
[2, 18660] loss: 74.107
[2, 18680] loss: 69.535
[2, 18700] loss: 69.552
[2, 18720] loss: 63.483
[2, 18740] loss: 64.048
[2, 18760] loss: 63.277
[2, 18780] loss: 101.024
[2, 18800] loss: 71.111
[2, 18820] loss: 98.120
[2, 18840] loss: 58.236
[2, 18860] loss: 29.570
[2, 18880] loss: 30.296
[2, 18900] loss: 90.774
[2, 18920] loss: 68.121
[2, 18940] loss: 56.787
[2, 18960] loss: 60.028
[2, 18980] loss: 38.815
[2, 19000] loss: 115.453
[2, 19020] loss: 90.975
[2, 19040] loss: 70.699
[2, 19060] loss: 48.042
[2, 19080] loss: 52.298
[2, 19100] loss: 51.112
[2, 19120] loss: 47.258
[2, 19140] loss: 34.991
[2, 19160] loss: 96.785
[2, 19180] loss: 109.564
[2, 19200] loss: 86.234
[2, 19220] loss: 147.702
[2, 19240] loss: 108.411
[2, 19260] loss: 126.165
[2, 19280] loss: 66.287
[2, 19300] loss: 107.106
[2, 19320] loss: 33.879
[2, 19340] loss: 54.958
[2, 19360] loss: 30.872
[2, 19380] loss: 78.054
[2, 19400] loss: 119.204
[2, 19420] loss: 74.733
[2, 19440] loss: 55.054
[2, 19460] loss: 87.597
[2, 19480] loss: 85.195
[2, 19500] loss: 108.000
[2, 19520] loss: 41.490
[2, 19540] loss: 47.600
[2, 19560] loss: 50.556
[2, 19580] loss: 65.824
[2, 19600] loss: 53.043
[2, 19620] loss: 35.369
[2, 19640] loss: 91.194
[2, 19660] loss: 250.282
[2, 19680] loss: 121.378
[2, 19700] loss: 66.116
[2, 19720] loss: 61.827
[2, 19740] loss: 50.948
[2, 19760] loss: 33.492
[2, 19780] loss: 77.091
[2, 19800] loss: 61.246
[2, 19820] loss: 138.293
[2, 19840] loss: 64.016
[2, 19860] loss: 79.301
[2, 19880] loss: 66.072
[2, 19900] loss: 61.567
[2, 19920] loss: 11.653
[2, 19940] loss: 55.041
[2, 19960] loss: 59.781
[2, 19980] loss: 7.527
[2, 20000] loss: 30.198
[2, 20020] loss: 31.777
[2, 20040] loss: 35.163
[2, 20060] loss: 26.599
[2, 20080] loss: 70.889
[2, 20100] loss: 60.385
[2, 20120] loss: 27.876
[2, 20140] loss: 110.100
[2, 20160] loss: 209.153
[2, 20180] loss: 178.728
[2, 20200] loss: 632.918
[2, 20220] loss: 2054.531
[2, 20240] loss: 1076.874
[2, 20260] loss: 111.972
[2, 20280] loss: 46.969
[2, 20300] loss: 190.605
[2, 20320] loss: 49.652
[2, 20340] loss: 57.818
[2, 20360] loss: 20.937
[2, 20380] loss: 37.265
[2, 20400] loss: 77.015
[2, 20420] loss: 124.998
[2, 20440] loss: 40.387
[2, 20460] loss: 108.756
[2, 20480] loss: 30.148
[2, 20500] loss: 16.401
[2, 20520] loss: 34.550
[2, 20540] loss: 15.903
[2, 20560] loss: 35.591
[2, 20580] loss: 85.887
[2, 20600] loss: 61.150
[2, 20620] loss: 38.688
[2, 20640] loss: 48.218
[2, 20660] loss: 401.875
[2, 20680] loss: 197.764
[2, 20700] loss: 250.051
[2, 20720] loss: 74.589
[2, 20740] loss: 182.401
[2, 20760] loss: 103.910
[2, 20780] loss: 22.270
[2, 20800] loss: 17.568
[2, 20820] loss: 59.849
[2, 20840] loss: 46.994
[2, 20860] loss: 20.865
[2, 20880] loss: 28.676
[2, 20900] loss: 25.000
[2, 20920] loss: 13.302
[2, 20940] loss: 12.059
[2, 20960] loss: 19.319
[2, 20980] loss: 68.572
[2, 21000] loss: 18.758
[2, 21020] loss: 78.236
[2, 21040] loss: 165.895
[2, 21060] loss: 273.485
[2, 21080] loss: 674.257
[2, 21100] loss: 834.425
[2, 21120] loss: 1749.075
[2, 21140] loss: 521.864
[2, 21160] loss: 114.210
[2, 21180] loss: 74.894
[2, 21200] loss: 127.020
[2, 21220] loss: 75.666
[2, 21240] loss: 123.411
[2, 21260] loss: 79.977
[2, 21280] loss: 48.793
[2, 21300] loss: 20.552
[2, 21320] loss: 36.033
[2, 21340] loss: 20.827
[2, 21360] loss: 21.862
[2, 21380] loss: 21.644
[2, 21400] loss: 47.651
[2, 21420] loss: 48.545
[2, 21440] loss: 31.923
[2, 21460] loss: 47.682
[2, 21480] loss: 20.307
[2, 21500] loss: 13.300
[2, 21520] loss: 14.457
[2, 21540] loss: 12.221
[2, 21560] loss: 6.832
[2, 21580] loss: 17.126
[2, 21600] loss: 22.063
[2, 21620] loss: 74.509
[2, 21640] loss: 46.657
[2, 21660] loss: 314.589
[2, 21680] loss: 649.848
[2, 21700] loss: 1020.313
[2, 21720] loss: 2044.475
[2, 21740] loss: 777.512
[2, 21760] loss: 528.747
[2, 21780] loss: 289.856
[2, 21800] loss: 148.776
[2, 21820] loss: 105.398
[2, 21840] loss: 59.322
[2, 21860] loss: 14.010
[2, 21880] loss: 58.238
[2, 21900] loss: 40.721
[2, 21920] loss: 43.856
[2, 21940] loss: 34.443
[2, 21960] loss: 39.105
[2, 21980] loss: 12.827
[2, 22000] loss: 13.709
[2, 22020] loss: 7.530
[2, 22040] loss: 10.437
[2, 22060] loss: 12.819
[2, 22080] loss: 19.868
[2, 22100] loss: 10.135
[2, 22120] loss: 12.422
[2, 22140] loss: 10.873
[2, 22160] loss: 22.552
[2, 22180] loss: 59.437
[2, 22200] loss: 179.291
[2, 22220] loss: 1186.876
[2, 22240] loss: 566.907
[2, 22260] loss: 281.946
[2, 22280] loss: 77.418
[2, 22300] loss: 20.350
[2, 22320] loss: 9.580
[2, 22340] loss: 15.575
[2, 22360] loss: 13.443
[2, 22380] loss: 10.764
[2, 22400] loss: 10.317
[2, 22420] loss: 10.299
[2, 22440] loss: 8.274
[2, 22460] loss: 13.270
[2, 22480] loss: 9.910
[2, 22500] loss: 6.396
[2, 22520] loss: 12.192
[2, 22540] loss: 20.288
[2, 22560] loss: 6.911
[2, 22580] loss: 8.067
[2, 22600] loss: 13.766
[2, 22620] loss: 4.308
[2, 22640] loss: 7.101
[2, 22660] loss: 7.108
[2, 22680] loss: 19.721
[2, 22700] loss: 14.104
[2, 22720] loss: 16.816
[2, 22740] loss: 12.035
[2, 22760] loss: 14.662
[2, 22780] loss: 35.482
[2, 22800] loss: 27.826
[2, 22820] loss: 17.345
[2, 22840] loss: 5.282
[2, 22860] loss: 10.493
[2, 22880] loss: 10.967
[2, 22900] loss: 3.988
[2, 22920] loss: 4.334
[2, 22940] loss: 6.433
[2, 22960] loss: 15.471
[2, 22980] loss: 4.620
[2, 23000] loss: 2.546
[2, 23020] loss: 3.686
[2, 23040] loss: 3.011
[2, 23060] loss: 7.580
[2, 23080] loss: 3.117
[2, 23100] loss: 14.766
[2, 23120] loss: 17.263
[2, 23140] loss: 15.067
[2, 23160] loss: 11.819
[2, 23180] loss: 15.982
[2, 23200] loss: 11.518
[2, 23220] loss: 12.211
[2, 23240] loss: 20.429
[2, 23260] loss: 12.861
[2, 23280] loss: 8.284
[2, 23300] loss: 5.965
[2, 23320] loss: 3.313
[2, 23340] loss: 7.372
[2, 23360] loss: 16.417
[2, 23380] loss: 31.112
[2, 23400] loss: 24.855
[2, 23420] loss: 12.794
[2, 23440] loss: 17.917
[2, 23460] loss: 33.551
[2, 23480] loss: 55.373
[2, 23500] loss: 50.717
[2, 23520] loss: 11.704
[2, 23540] loss: 13.919
[2, 23560] loss: 16.246
[2, 23580] loss: 5.963
[2, 23600] loss: 9.768
[2, 23620] loss: 12.022
[2, 23640] loss: 14.375
[2, 23660] loss: 14.099
[2, 23680] loss: 76.504
[2, 23700] loss: 238.150
[2, 23720] loss: 347.870
[2, 23740] loss: 147.253
[2, 23760] loss: 636.469
[2, 23780] loss: 651.919
[2, 23800] loss: 264.916
[2, 23820] loss: 147.693
[2, 23840] loss: 123.902
[2, 23860] loss: 30.962
[2, 23880] loss: 10.637
[2, 23900] loss: 6.511
[2, 23920] loss: 4.833
[2, 23940] loss: 3.420
[2, 23960] loss: 1.977
[2, 23980] loss: 4.347
[2, 24000] loss: 1.807
[2, 24020] loss: 1.392
[2, 24040] loss: 2.356
[2, 24060] loss: 1.993
[2, 24080] loss: 1.308
[2, 24100] loss: 4.273
[2, 24120] loss: 1.289
[2, 24140] loss: 0.841
[2, 24160] loss: 2.618
[2, 24180] loss: 1.967
[2, 24200] loss: 1.454
[2, 24220] loss: 1.169
[2, 24240] loss: 1.042
[2, 24260] loss: 1.314
[2, 24280] loss: 2.048
[2, 24300] loss: 5.878
[2, 24320] loss: 9.894
[2, 24340] loss: 9.006
[2, 24360] loss: 10.201
[2, 24380] loss: 5.564
[2, 24400] loss: 5.518
[2, 24420] loss: 2.092
[2, 24440] loss: 3.586
[2, 24460] loss: 6.019
[2, 24480] loss: 9.455
[2, 24500] loss: 4.180
[2, 24520] loss: 2.428
[2, 24540] loss: 5.994
[2, 24560] loss: 19.436
[2, 24580] loss: 7.830
[2, 24600] loss: 5.523
[2, 24620] loss: 4.791
[2, 24640] loss: 4.483
[2, 24660] loss: 3.863
[2, 24680] loss: 5.468
[2, 24700] loss: 3.089
[2, 24720] loss: 1.522
[2, 24740] loss: 0.919
[2, 24760] loss: 4.489
[2, 24780] loss: 13.339
[2, 24800] loss: 4.171
[2, 24820] loss: 5.863
[2, 24840] loss: 9.598
[2, 24860] loss: 8.825
[2, 24880] loss: 7.165
[2, 24900] loss: 13.811
[2, 24920] loss: 9.731
[2, 24940] loss: 14.624
[2, 24960] loss: 32.203
[2, 24980] loss: 31.538
[2, 25000] loss: 17.225
[2, 25020] loss: 24.317
[2, 25040] loss: 14.957
[2, 25060] loss: 12.529
[2, 25080] loss: 2.986
[2, 25100] loss: 1.901
[2, 25120] loss: 1.882
[2, 25140] loss: 3.469
[2, 25160] loss: 1.424
[2, 25180] loss: 4.363
[2, 25200] loss: 4.084
[2, 25220] loss: 10.310
[2, 25240] loss: 22.002
[2, 25260] loss: 23.508
[2, 25280] loss: 38.769
[2, 25300] loss: 29.127
[2, 25320] loss: 13.839
[2, 25340] loss: 7.989
[2, 25360] loss: 17.162
[2, 25380] loss: 13.879
[2, 25400] loss: 11.646
[2, 25420] loss: 11.437
[2, 25440] loss: 13.949
[2, 25460] loss: 10.933
[2, 25480] loss: 129.423
[2, 25500] loss: 553.819
[2, 25520] loss: 17525.882
[2, 25540] loss: 1185385.368
[2, 25560] loss: 7037899.171
[2, 25580] loss: 134094408.364
[2, 25600] loss: 867266315.476
[2, 25620] loss: 2769049.251
[2, 25640] loss: 1649264.372
[2, 25660] loss: 606681.141
[2, 25680] loss: 151901.794
[2, 25700] loss: 136605.088
[2, 25720] loss: 70643.541
[2, 25740] loss: 58906.144
[2, 25760] loss: 40976.787
[2, 25780] loss: 62494.262
[2, 25800] loss: 40054.397
[2, 25820] loss: 30403.656
[2, 25840] loss: 20649.112
[2, 25860] loss: 13108.623
[2, 25880] loss: 27988.458
[2, 25900] loss: 25849.186
[2, 25920] loss: 21895.706
[2, 25940] loss: 30368.307
[2, 25960] loss: 16670.302
[2, 25980] loss: 14744.341
[2, 26000] loss: 17811.311
[2, 26020] loss: 26268.810
[2, 26040] loss: 16062.770
[2, 26060] loss: 8604.230
[2, 26080] loss: 9861.557
[2, 26100] loss: 9359.374
[2, 26120] loss: 6523.604
[2, 26140] loss: 8233.675
[2, 26160] loss: 8196.526
[2, 26180] loss: 7195.663
[2, 26200] loss: 6471.327
[2, 26220] loss: 10898.674
[2, 26240] loss: 5522.443
[2, 26260] loss: 7947.578
[2, 26280] loss: 8320.532
[2, 26300] loss: 4649.645
[2, 26320] loss: 3850.664
[2, 26340] loss: 5095.785
[2, 26360] loss: 12150.428
[2, 26380] loss: 5974.437
[2, 26400] loss: 6033.615
[2, 26420] loss: 7079.297
[2, 26440] loss: 6666.279
[2, 26460] loss: 3153.741
[2, 26480] loss: 5144.391
[2, 26500] loss: 2686.097
[2, 26520] loss: 4163.126
[2, 26540] loss: 10586.051
[2, 26560] loss: 2686.433
[2, 26580] loss: 1497.170
[2, 26600] loss: 1784.937
[2, 26620] loss: 5292.604
[2, 26640] loss: 4512.590
[2, 26660] loss: 2178.855
[2, 26680] loss: 3780.750
[2, 26700] loss: 2565.093
[2, 26720] loss: 3429.443
[2, 26740] loss: 3273.134
[2, 26760] loss: 2929.685
[2, 26780] loss: 959.847
[2, 26800] loss: 3536.374
[2, 26820] loss: 2373.609
[2, 26840] loss: 2961.080
[2, 26860] loss: 2830.976
[2, 26880] loss: 1783.341
[2, 26900] loss: 2862.293
[2, 26920] loss: 1627.032
[2, 26940] loss: 2015.278
[2, 26960] loss: 3611.335
[2, 26980] loss: 1609.602
[2, 27000] loss: 1826.631
[2, 27020] loss: 1445.915
[2, 27040] loss: 2837.198
[2, 27060] loss: 1856.722
[2, 27080] loss: 2127.692
[2, 27100] loss: 778.862
[2, 27120] loss: 1394.458
[2, 27140] loss: 1131.488
[2, 27160] loss: 2013.901
[2, 27180] loss: 1064.079
[2, 27200] loss: 930.173
[2, 27220] loss: 3437.277
[2, 27240] loss: 774.420
[2, 27260] loss: 1602.820
[2, 27280] loss: 1229.701
[2, 27300] loss: 1165.185
[2, 27320] loss: 1691.453
[2, 27340] loss: 1989.437
[2, 27360] loss: 1594.693
[2, 27380] loss: 1207.145
[2, 27400] loss: 1936.263
[2, 27420] loss: 2512.973
[2, 27440] loss: 1797.910
[2, 27460] loss: 777.025
[2, 27480] loss: 1201.330
[2, 27500] loss: 995.333
[2, 27520] loss: 870.644
[2, 27540] loss: 1207.797
[2, 27560] loss: 1579.059
[2, 27580] loss: 1670.588
[2, 27600] loss: 1520.553
[2, 27620] loss: 917.956
[2, 27640] loss: 1469.130
[2, 27660] loss: 1271.392
[2, 27680] loss: 1331.894
[2, 27700] loss: 500.937
[2, 27720] loss: 1111.803
[2, 27740] loss: 1341.625
[2, 27760] loss: 916.648
[2, 27780] loss: 1353.943
[2, 27800] loss: 1120.239
[2, 27820] loss: 1021.783
[2, 27840] loss: 936.221
[2, 27860] loss: 900.708
[2, 27880] loss: 1384.930
[2, 27900] loss: 994.158
[2, 27920] loss: 1165.463
[2, 27940] loss: 1005.938
[2, 27960] loss: 836.998
[2, 27980] loss: 951.166
[2, 28000] loss: 1066.223
[2, 28020] loss: 908.519
[2, 28040] loss: 1106.138
[2, 28060] loss: 1726.490
[2, 28080] loss: 711.867
[2, 28100] loss: 720.117
[2, 28120] loss: 479.863
[2, 28140] loss: 998.027
[2, 28160] loss: 800.665
[2, 28180] loss: 1232.275
[2, 28200] loss: 570.944
[2, 28220] loss: 953.149
[2, 28240] loss: 920.924
[2, 28260] loss: 960.387
[2, 28280] loss: 681.976
[2, 28300] loss: 556.814
[2, 28320] loss: 543.236
[2, 28340] loss: 995.065
[2, 28360] loss: 556.834
[2, 28380] loss: 528.919
[2, 28400] loss: 622.647
[2, 28420] loss: 515.970
[2, 28440] loss: 603.494
[2, 28460] loss: 504.491
[2, 28480] loss: 768.587
[2, 28500] loss: 274.760
[2, 28520] loss: 567.926
[2, 28540] loss: 1037.531
[2, 28560] loss: 807.029
[2, 28580] loss: 775.811
[2, 28600] loss: 902.380
[2, 28620] loss: 712.604
[2, 28640] loss: 714.285
[2, 28660] loss: 778.830
[2, 28680] loss: 531.282
[2, 28700] loss: 421.403
[2, 28720] loss: 334.122
[2, 28740] loss: 830.041
[2, 28760] loss: 364.304
[2, 28780] loss: 454.859
[2, 28800] loss: 229.157
[2, 28820] loss: 502.774
[2, 28840] loss: 449.114
[2, 28860] loss: 352.140
[2, 28880] loss: 450.836
[2, 28900] loss: 390.594
[2, 28920] loss: 860.041
[2, 28940] loss: 546.410
[2, 28960] loss: 525.747
[2, 28980] loss: 546.892
[2, 29000] loss: 588.862
[2, 29020] loss: 894.565
[2, 29040] loss: 723.602
[2, 29060] loss: 679.097
[2, 29080] loss: 472.086
[2, 29100] loss: 741.945
[2, 29120] loss: 325.899
[2, 29140] loss: 594.982
[2, 29160] loss: 577.865
[2, 29180] loss: 282.791
[2, 29200] loss: 553.500
[2, 29220] loss: 753.590
[2, 29240] loss: 339.911
[2, 29260] loss: 365.642
[2, 29280] loss: 406.411
[2, 29300] loss: 312.293
[2, 29320] loss: 372.618
[2, 29340] loss: 370.986
[2, 29360] loss: 352.696
[2, 29380] loss: 557.222
[2, 29400] loss: 558.539
[2, 29420] loss: 601.903
[2, 29440] loss: 362.893
[2, 29460] loss: 416.635
[2, 29480] loss: 431.799
[2, 29500] loss: 455.219
[2, 29520] loss: 358.022
[2, 29540] loss: 240.266
[2, 29560] loss: 535.179
[2, 29580] loss: 390.673
[2, 29600] loss: 377.528
[2, 29620] loss: 460.213
[2, 29640] loss: 279.356
[2, 29660] loss: 340.643
[2, 29680] loss: 458.405
[2, 29700] loss: 619.939
[2, 29720] loss: 280.490
[2, 29740] loss: 418.434
[2, 29760] loss: 333.123
[2, 29780] loss: 430.446
[2, 29800] loss: 555.257
[2, 29820] loss: 215.827
[2, 29840] loss: 226.359
[2, 29860] loss: 382.563
[2, 29880] loss: 323.260
[2, 29900] loss: 371.645
[2, 29920] loss: 549.127
[2, 29940] loss: 420.163
[2, 29960] loss: 431.669
[2, 29980] loss: 587.483
[2, 30000] loss: 446.611
[2, 30020] loss: 341.161
[2, 30040] loss: 137.236
[2, 30060] loss: 196.215
[2, 30080] loss: 166.080
[2, 30100] loss: 426.916
[2, 30120] loss: 400.015
[2, 30140] loss: 404.185
[2, 30160] loss: 787.654
[2, 30180] loss: 237.703
[2, 30200] loss: 264.301
[2, 30220] loss: 752.895
[2, 30240] loss: 263.240
[2, 30260] loss: 408.536
[2, 30280] loss: 433.900
[2, 30300] loss: 265.211
[2, 30320] loss: 242.700
[2, 30340] loss: 157.493
[2, 30360] loss: 344.356
[2, 30380] loss: 379.485
[2, 30400] loss: 256.188
[2, 30420] loss: 369.937
[1,    20] loss: 200.043
[1,    40] loss: 836.318
[1,    60] loss: 592.256
[1,    80] loss: 656.776
[1,   100] loss: 725.287
[1,   120] loss: 693.943
[1,   140] loss: 616.623
[1,   160] loss: 599.191
[1,   180] loss: 540.776
[1,   200] loss: 508.947
[1,   220] loss: 508.877
[1,   240] loss: 517.826
[1,   260] loss: 572.383
[1,   280] loss: 609.549
[1,   300] loss: 674.575
[1,   320] loss: 768.293
[1,   340] loss: 837.960
[1,   360] loss: 873.059
[1,   380] loss: 874.014
[1,   400] loss: 886.875
[1,   420] loss: 916.428
[1,   440] loss: 949.304
[1,   460] loss: 957.924
[1,   480] loss: 995.997
[1,   500] loss: 991.621
[1,   520] loss: 979.383
[1,   540] loss: 966.942
[1,   560] loss: 941.021
[1,   580] loss: 910.310
[1,   600] loss: 885.169
[1,   620] loss: 862.116
[1,   640] loss: 835.626
[1,   660] loss: 810.447
[1,   680] loss: 787.626
[1,   700] loss: 765.375
[1,   720] loss: 744.105
[1,   740] loss: 724.033
[1,   760] loss: 705.045
[1,   780] loss: 687.223
[1,   800] loss: 670.160
[1,   820] loss: 654.008
[1,   840] loss: 638.512
[1,   860] loss: 623.887
[1,   880] loss: 609.791
[1,   900] loss: 597.544
[1,   920] loss: 585.355
[1,   940] loss: 573.123
[1,   960] loss: 561.562
[1,   980] loss: 553.216
[1,  1000] loss: 548.198
[1,  1020] loss: 541.615
[1,  1040] loss: 533.150
[1,  1060] loss: 525.613
[1,  1080] loss: 519.221
[1,  1100] loss: 510.885
[1,  1120] loss: 502.502
[1,  1140] loss: 493.732
[1,  1160] loss: 485.456
[1,  1180] loss: 477.274
[1,  1200] loss: 469.404
[1,  1220] loss: 461.799
[1,  1240] loss: 454.659
[1,  1260] loss: 447.513
[1,  1280] loss: 441.249
[1,  1300] loss: 435.433
[1,  1320] loss: 428.979
[1,  1340] loss: 422.852
[1,  1360] loss: 416.785
[1,  1380] loss: 410.753
[1,  1400] loss: 405.221
[1,  1420] loss: 400.557
[1,  1440] loss: 397.328
[1,  1460] loss: 394.567
[1,  1480] loss: 390.452
[1,  1500] loss: 388.021
[1,  1520] loss: 385.613
[1,  1540] loss: 384.752
[1,  1560] loss: 386.067
[1,  1580] loss: 386.623
[1,  1600] loss: 385.283
[1,  1620] loss: 383.092
[1,  1640] loss: 380.239
[1,  1660] loss: 376.694
[1,  1680] loss: 373.075
[1,  1700] loss: 368.802
[1,  1720] loss: 369.566
[1,  1740] loss: 370.013
[1,  1760] loss: 369.999
[1,  1780] loss: 368.039
[1,  1800] loss: 364.875
[1,  1820] loss: 361.356
[1,  1840] loss: 357.882
[1,  1860] loss: 355.734
[1,  1880] loss: 353.582
[1,  1900] loss: 350.629
[1,  1920] loss: 347.498
[1,  1940] loss: 344.161
[1,  1960] loss: 340.849
[1,  1980] loss: 337.952
[1,  2000] loss: 336.268
[1,  2020] loss: 339.079
[1,  2040] loss: 336.233
[1,  2060] loss: 333.745
[1,  2080] loss: 331.099
[1,  2100] loss: 328.223
[1,  2120] loss: 325.375
[1,  2140] loss: 322.712
[1,  2160] loss: 320.797
[1,  2180] loss: 319.183
[1,  2200] loss: 318.875
[1,  2220] loss: 316.271
[1,  2240] loss: 314.586
[1,  2260] loss: 314.114
[1,  2280] loss: 313.173
[1,  2300] loss: 310.529
[1,  2320] loss: 307.936
[1,  2340] loss: 305.400
[1,  2360] loss: 303.875
[1,  2380] loss: 302.023
[1,  2400] loss: 299.988
[1,  2420] loss: 300.033
[1,  2440] loss: 298.486
[1,  2460] loss: 296.827
[1,  2480] loss: 296.372
[1,  2500] loss: 295.528
[1,  2520] loss: 294.598
[1,  2540] loss: 292.813
[1,  2560] loss: 291.306
[1,  2580] loss: 290.350
[1,  2600] loss: 289.270
[1,  2620] loss: 288.469
[1,  2640] loss: 288.150
[1,  2660] loss: 286.742
[1,  2680] loss: 285.436
[1,  2700] loss: 283.800
[1,  2720] loss: 281.888
[1,  2740] loss: 279.953
[1,  2760] loss: 279.383
[1,  2780] loss: 281.296
[1,  2800] loss: 283.588
[1,  2820] loss: 284.496
[1,  2840] loss: 283.621
[1,  2860] loss: 283.550
[1,  2880] loss: 283.166
[1,  2900] loss: 285.801
[1,  2920] loss: 288.471
[1,  2940] loss: 288.111
[1,  2960] loss: 287.845
[1,  2980] loss: 288.831
[1,  3000] loss: 287.046
[1,  3020] loss: 285.339
[1,  3040] loss: 283.558
[1,  3060] loss: 282.311
[1,  3080] loss: 283.462
[1,  3100] loss: 287.162
[1,  3120] loss: 291.313
[1,  3140] loss: 295.372
[1,  3160] loss: 298.840
[1,  3180] loss: 299.317
[1,  3200] loss: 297.733
[1,  3220] loss: 295.956
[1,  3240] loss: 294.885
[1,  3260] loss: 293.439
[1,  3280] loss: 295.604
[1,  3300] loss: 294.493
[1,  3320] loss: 292.779
[1,  3340] loss: 292.324
[1,  3360] loss: 292.468
[2,    20] loss: 200.043
[2,    40] loss: 836.318
[2,    60] loss: 592.256
[2,    80] loss: 656.776
[2,   100] loss: 725.287
[2,   120] loss: 693.943
[2,   140] loss: 616.623
[2,   160] loss: 599.191
[2,   180] loss: 540.776
[2,   200] loss: 508.947
[2,   220] loss: 508.877
[2,   240] loss: 517.826
[2,   260] loss: 572.383
[2,   280] loss: 609.549
[2,   300] loss: 674.575
[2,   320] loss: 768.293
[2,   340] loss: 837.960
[2,   360] loss: 873.059
[2,   380] loss: 874.014
[2,   400] loss: 886.875
[2,   420] loss: 916.428
[2,   440] loss: 949.304
[2,   460] loss: 957.924
[2,   480] loss: 995.997
[2,   500] loss: 991.621
[2,   520] loss: 979.383
[2,   540] loss: 966.942
[2,   560] loss: 941.021
[2,   580] loss: 910.310
[2,   600] loss: 885.169
[2,   620] loss: 862.116
[2,   640] loss: 835.626
[2,   660] loss: 810.447
[2,   680] loss: 787.626
[2,   700] loss: 765.375
[2,   720] loss: 744.105
[2,   740] loss: 724.033
[2,   760] loss: 705.045
[2,   780] loss: 687.223
[2,   800] loss: 670.160
[2,   820] loss: 654.008
[2,   840] loss: 638.512
[2,   860] loss: 623.887
[2,   880] loss: 609.791
[2,   900] loss: 597.544
[2,   920] loss: 585.355
[2,   940] loss: 573.123
[2,   960] loss: 561.562
[2,   980] loss: 553.216
[2,  1000] loss: 548.198
[2,  1020] loss: 541.615
[2,  1040] loss: 533.150
[2,  1060] loss: 525.613
[2,  1080] loss: 519.221
[2,  1100] loss: 510.885
[2,  1120] loss: 502.502
[2,  1140] loss: 493.732
[2,  1160] loss: 485.456
[2,  1180] loss: 477.274
[2,  1200] loss: 469.404
[2,  1220] loss: 461.799
[2,  1240] loss: 454.659
[2,  1260] loss: 447.513
[2,  1280] loss: 441.249
[2,  1300] loss: 435.433
[2,  1320] loss: 428.979
[2,  1340] loss: 422.852
[2,  1360] loss: 416.785
[2,  1380] loss: 410.753
[2,  1400] loss: 405.221
[2,  1420] loss: 400.557
[2,  1440] loss: 397.328
[2,  1460] loss: 394.567
[2,  1480] loss: 390.452
[2,  1500] loss: 388.021
[2,  1520] loss: 385.613
[2,  1540] loss: 384.752
[2,  1560] loss: 386.067
[2,  1580] loss: 386.623
[2,  1600] loss: 385.283
[2,  1620] loss: 383.092
[2,  1640] loss: 380.239
[2,  1660] loss: 376.694
[2,  1680] loss: 373.075
[2,  1700] loss: 368.802
[2,  1720] loss: 369.566
[2,  1740] loss: 370.013
[2,  1760] loss: 369.999
[2,  1780] loss: 368.039
[2,  1800] loss: 364.875
[2,  1820] loss: 361.356
[2,  1840] loss: 357.882
[2,  1860] loss: 355.734
[2,  1880] loss: 353.582
[2,  1900] loss: 350.629
[2,  1920] loss: 347.498
[2,  1940] loss: 344.161
[2,  1960] loss: 340.849
[2,  1980] loss: 337.952
[2,  2000] loss: 336.268
[2,  2020] loss: 339.079
[2,  2040] loss: 336.233
[2,  2060] loss: 333.745
[2,  2080] loss: 331.099
[2,  2100] loss: 328.223
[2,  2120] loss: 325.375
[2,  2140] loss: 322.712
[2,  2160] loss: 320.797
[2,  2180] loss: 319.183
[2,  2200] loss: 318.875
[2,  2220] loss: 316.271
[2,  2240] loss: 314.586
[2,  2260] loss: 314.114
[2,  2280] loss: 313.173
[2,  2300] loss: 310.529
[2,  2320] loss: 307.936
[2,  2340] loss: 305.400
[2,  2360] loss: 303.875
[2,  2380] loss: 302.023
[2,  2400] loss: 299.988
[2,  2420] loss: 300.033
[2,  2440] loss: 298.486
[2,  2460] loss: 296.827
[2,  2480] loss: 296.372
[2,  2500] loss: 295.528
[2,  2520] loss: 294.598
[2,  2540] loss: 292.813
[2,  2560] loss: 291.306
[2,  2580] loss: 290.350
[2,  2600] loss: 289.270
[2,  2620] loss: 288.469
[2,  2640] loss: 288.150
[2,  2660] loss: 286.742
[2,  2680] loss: 285.436
[2,  2700] loss: 283.800
[2,  2720] loss: 281.888
[2,  2740] loss: 279.953
[2,  2760] loss: 279.383
[2,  2780] loss: 281.296
[2,  2800] loss: 283.588
[2,  2820] loss: 284.496
[2,  2840] loss: 283.621
[2,  2860] loss: 283.550
[2,  2880] loss: 283.166
[2,  2900] loss: 285.801
[2,  2920] loss: 288.471
[2,  2940] loss: 288.111
[2,  2960] loss: 287.845
[2,  2980] loss: 288.831
[2,  3000] loss: 287.046
[2,  3020] loss: 285.339
[2,  3040] loss: 283.558
[2,  3060] loss: 282.311
[2,  3080] loss: 283.462
[2,  3100] loss: 287.162
[2,  3120] loss: 291.313
[2,  3140] loss: 295.372
[2,  3160] loss: 298.840
[2,  3180] loss: 299.317
[2,  3200] loss: 297.733
[2,  3220] loss: 295.956
[2,  3240] loss: 294.885
[2,  3260] loss: 293.439
[2,  3280] loss: 295.604
[2,  3300] loss: 294.493
[2,  3320] loss: 292.779
[2,  3340] loss: 292.324
[2,  3360] loss: 292.468
