cuda:  6
color_space: RGB
batch_size: 1
num_epcochs: 2
learning_rate: 0.001
[1,    20] loss: 0.106
[1,    40] loss: 0.134
[1,    60] loss: 0.122
[1,    80] loss: 0.115
[1,   100] loss: 0.398
[1,   120] loss: 0.081
[1,   140] loss: 0.419
[1,   160] loss: 0.382
[1,   180] loss: 0.250
[1,   200] loss: 0.051
[1,   220] loss: 0.037
[1,   240] loss: 0.133
[1,   260] loss: 0.204
[1,   280] loss: 0.040
[1,   300] loss: 0.118
[1,   320] loss: 0.061
[1,   340] loss: 0.086
[1,   360] loss: 0.033
[1,   380] loss: 0.249
[1,   400] loss: 0.053
[1,   420] loss: 0.048
[1,   440] loss: 0.074
[1,   460] loss: 0.076
[1,   480] loss: 0.075
[1,   500] loss: 0.165
[1,   520] loss: 0.085
[1,   540] loss: 0.044
[1,   560] loss: 0.194
[1,   580] loss: 0.036
[1,   600] loss: 0.226
[1,   620] loss: 0.082
[1,   640] loss: 0.190
[1,   660] loss: 0.084
[1,   680] loss: 0.065
[1,   700] loss: 0.054
[1,   720] loss: 0.050
[1,   740] loss: 0.093
[1,   760] loss: 0.027
[1,   780] loss: 0.087
[1,   800] loss: 0.016
[1,   820] loss: 0.018
[1,   840] loss: 0.115
[1,   860] loss: 0.057
[1,   880] loss: 0.208
[1,   900] loss: 0.217
[1,   920] loss: 0.184
[1,   940] loss: 0.083
[1,   960] loss: 0.029
[1,   980] loss: 0.079
[1,  1000] loss: 0.059
[1,  1020] loss: 0.028
[1,  1040] loss: 0.092
[1,  1060] loss: 0.017
[1,  1080] loss: 0.058
[1,  1100] loss: 0.094
[1,  1120] loss: 0.058
[1,  1140] loss: 0.026
[1,  1160] loss: 0.009
[1,  1180] loss: 0.118
[1,  1200] loss: 0.078
[1,  1220] loss: 0.028
[1,  1240] loss: 0.045
[1,  1260] loss: 0.030
[1,  1280] loss: 0.092
[1,  1300] loss: 0.064
[1,  1320] loss: 0.066
[1,  1340] loss: 0.022
[1,  1360] loss: 0.106
[1,  1380] loss: 0.156
[1,  1400] loss: 4914.362
[1,  1420] loss: 422244.867
[1,  1440] loss: 1293330.761
[1,  1460] loss: 1554953.100
[1,  1480] loss: 7339710.900
[1,  1500] loss: 521009.345
[1,  1520] loss: 55033.836
[1,  1540] loss: 9736.560
[1,  1560] loss: 2789.193
[1,  1580] loss: 2385.026
[1,  1600] loss: 2297.605
[1,  1620] loss: 909.224
[1,  1640] loss: 1110.026
[1,  1660] loss: 857.915
[1,  1680] loss: 787.097
[1,  1700] loss: 1234.570
[1,  1720] loss: 934.993
[1,  1740] loss: 1897.189
[1,  1760] loss: 825.744
[1,  1780] loss: 875.837
[1,  1800] loss: 312.142
[1,  1820] loss: 492.955
[1,  1840] loss: 314.738
[1,  1860] loss: 351.937
[1,  1880] loss: 507.178
[1,  1900] loss: 278.944
[1,  1920] loss: 216.790
[1,  1940] loss: 179.640
[1,  1960] loss: 243.325
[1,  1980] loss: 242.257
[1,  2000] loss: 165.115
[1,  2020] loss: 298.622
[1,  2040] loss: 159.678
[1,  2060] loss: 255.824
[1,  2080] loss: 186.039
[1,  2100] loss: 368.588
[1,  2120] loss: 252.527
[1,  2140] loss: 174.033
[1,  2160] loss: 85.582
[1,  2180] loss: 260.561
[1,  2200] loss: 144.792
[1,  2220] loss: 100.952
[1,  2240] loss: 184.784
[1,  2260] loss: 129.084
[1,  2280] loss: 134.790
[1,  2300] loss: 164.677
[1,  2320] loss: 118.819
[1,  2340] loss: 170.702
[1,  2360] loss: 44.993
[1,  2380] loss: 116.459
[1,  2400] loss: 170.339
[1,  2420] loss: 132.262
[1,  2440] loss: 90.016
[1,  2460] loss: 130.864
[1,  2480] loss: 104.693
[1,  2500] loss: 54.249
[1,  2520] loss: 82.691
[1,  2540] loss: 79.892
[1,  2560] loss: 63.755
[1,  2580] loss: 25.808
[1,  2600] loss: 92.519
[1,  2620] loss: 79.415
[1,  2640] loss: 84.777
[1,  2660] loss: 59.381
[1,  2680] loss: 47.025
[1,  2700] loss: 104.973
[1,  2720] loss: 77.097
[1,  2740] loss: 58.714
[1,  2760] loss: 82.884
[1,  2780] loss: 71.710
[1,  2800] loss: 66.740
[1,  2820] loss: 79.718
[1,  2840] loss: 96.520
[1,  2860] loss: 29.558
[1,  2880] loss: 63.720
[1,  2900] loss: 49.311
[1,  2920] loss: 113.507
[1,  2940] loss: 56.563
[1,  2960] loss: 122.989
[1,  2980] loss: 43.944
[1,  3000] loss: 45.023
[1,  3020] loss: 49.734
[1,  3040] loss: 36.716
[1,  3060] loss: 50.136
[1,  3080] loss: 78.527
[1,  3100] loss: 39.035
[1,  3120] loss: 23.534
[1,  3140] loss: 37.298
[1,  3160] loss: 35.094
[1,  3180] loss: 20.213
[1,  3200] loss: 29.577
[1,  3220] loss: 17.925
[1,  3240] loss: 61.883
[1,  3260] loss: 25.939
[1,  3280] loss: 31.699
[1,  3300] loss: 42.666
[1,  3320] loss: 30.955
[1,  3340] loss: 59.206
[1,  3360] loss: 38.864
[1,  3380] loss: 50.980
[1,  3400] loss: 18.789
[1,  3420] loss: 42.699
[1,  3440] loss: 25.894
[1,  3460] loss: 32.096
[1,  3480] loss: 26.948
[1,  3500] loss: 26.554
[1,  3520] loss: 20.224
[1,  3540] loss: 31.111
[1,  3560] loss: 28.103
[1,  3580] loss: 30.050
[1,  3600] loss: 24.385
[1,  3620] loss: 32.661
[1,  3640] loss: 24.358
[1,  3660] loss: 30.329
[1,  3680] loss: 33.808
[1,  3700] loss: 39.739
[1,  3720] loss: 38.243
[1,  3740] loss: 28.556
[1,  3760] loss: 39.608
[1,  3780] loss: 31.165
[1,  3800] loss: 32.549
[1,  3820] loss: 22.060
[1,  3840] loss: 29.698
[1,  3860] loss: 26.083
[1,  3880] loss: 20.961
[1,  3900] loss: 36.244
[1,  3920] loss: 26.210
[1,  3940] loss: 21.357
[1,  3960] loss: 29.686
[1,  3980] loss: 17.359
[1,  4000] loss: 26.980
[1,  4020] loss: 24.363
[1,  4040] loss: 19.725
[1,  4060] loss: 23.258
[1,  4080] loss: 20.310
[1,  4100] loss: 27.454
[1,  4120] loss: 13.789
[1,  4140] loss: 15.260
[1,  4160] loss: 25.796
[1,  4180] loss: 20.064
[1,  4200] loss: 23.998
[1,  4220] loss: 19.187
[1,  4240] loss: 26.616
[1,  4260] loss: 34.787
[1,  4280] loss: 25.088
[1,  4300] loss: 21.209
[1,  4320] loss: 40.751
[1,  4340] loss: 11.258
[1,  4360] loss: 17.196
[1,  4380] loss: 14.745
[1,  4400] loss: 11.021
[1,  4420] loss: 7.641
[1,  4440] loss: 11.739
[1,  4460] loss: 6.117
[1,  4480] loss: 12.138
[1,  4500] loss: 11.693
[1,  4520] loss: 27.900
[1,  4540] loss: 17.101
[1,  4560] loss: 7.954
[1,  4580] loss: 18.215
[1,  4600] loss: 22.162
[1,  4620] loss: 9.708
[1,  4640] loss: 9.191
[1,  4660] loss: 11.525
[1,  4680] loss: 15.793
[1,  4700] loss: 19.041
[1,  4720] loss: 16.461
[1,  4740] loss: 19.250
[1,  4760] loss: 20.652
[1,  4780] loss: 16.762
[1,  4800] loss: 20.018
[1,  4820] loss: 21.011
[1,  4840] loss: 12.602
[1,  4860] loss: 19.450
[1,  4880] loss: 9.608
[1,  4900] loss: 6.698
[1,  4920] loss: 14.319
[1,  4940] loss: 11.452
[1,  4960] loss: 7.916
[1,  4980] loss: 8.061
[1,  5000] loss: 12.704
[1,  5020] loss: 7.806
[1,  5040] loss: 13.529
[1,  5060] loss: 11.061
[1,  5080] loss: 9.936
[1,  5100] loss: 18.029
[1,  5120] loss: 5.552
[1,  5140] loss: 8.030
[1,  5160] loss: 8.950
[1,  5180] loss: 5.844
[1,  5200] loss: 7.962
[1,  5220] loss: 11.859
[1,  5240] loss: 7.255
[1,  5260] loss: 11.396
[1,  5280] loss: 12.785
[1,  5300] loss: 10.324
[1,  5320] loss: 6.865
[1,  5340] loss: 7.383
[1,  5360] loss: 7.433
[1,  5380] loss: 4.134
[1,  5400] loss: 7.851
[1,  5420] loss: 11.928
[1,  5440] loss: 6.551
[1,  5460] loss: 6.771
[1,  5480] loss: 7.035
[1,  5500] loss: 8.343
[1,  5520] loss: 10.288
[1,  5540] loss: 4.964
[1,  5560] loss: 5.586
[1,  5580] loss: 3.867
[1,  5600] loss: 6.406
[1,  5620] loss: 5.589
[1,  5640] loss: 6.300
[1,  5660] loss: 5.737
[1,  5680] loss: 7.198
[1,  5700] loss: 7.654
[1,  5720] loss: 7.716
[1,  5740] loss: 7.949
[1,  5760] loss: 6.398
[1,  5780] loss: 10.202
[1,  5800] loss: 5.578
[1,  5820] loss: 2.558
[1,  5840] loss: 5.549
[1,  5860] loss: 7.126
[1,  5880] loss: 3.579
[1,  5900] loss: 1.817
[1,  5920] loss: 3.277
[1,  5940] loss: 5.035
[1,  5960] loss: 6.797
[1,  5980] loss: 9.114
[1,  6000] loss: 3.094
[1,  6020] loss: 4.837
[1,  6040] loss: 3.451
[1,  6060] loss: 3.047
[1,  6080] loss: 3.318
[1,  6100] loss: 5.096
[1,  6120] loss: 7.079
[1,  6140] loss: 6.808
[1,  6160] loss: 5.045
[1,  6180] loss: 6.411
[1,  6200] loss: 5.300
[1,  6220] loss: 2.859
[1,  6240] loss: 5.507
[1,  6260] loss: 13.799
[1,  6280] loss: 3.468
[1,  6300] loss: 4.100
[1,  6320] loss: 3.643
[1,  6340] loss: 2.723
[1,  6360] loss: 1.651
[1,  6380] loss: 2.679
[1,  6400] loss: 4.083
[1,  6420] loss: 4.233
[1,  6440] loss: 1.679
[1,  6460] loss: 4.919
[1,  6480] loss: 3.936
[1,  6500] loss: 6.476
[1,  6520] loss: 4.910
[1,  6540] loss: 2.623
[1,  6560] loss: 3.803
[1,  6580] loss: 5.530
[1,  6600] loss: 8.396
[1,  6620] loss: 1.397
[1,  6640] loss: 3.556
[1,  6660] loss: 2.619
[1,  6680] loss: 9.801
[1,  6700] loss: 4.995
[1,  6720] loss: 7.544
[1,  6740] loss: 2.263
[1,  6760] loss: 3.236
[1,  6780] loss: 5.531
[1,  6800] loss: 8.571
[1,  6820] loss: 4.177
[1,  6840] loss: 3.507
[1,  6860] loss: 4.086
[1,  6880] loss: 2.831
[1,  6900] loss: 1.024
[1,  6920] loss: 1.825
[1,  6940] loss: 2.201
[1,  6960] loss: 2.035
[1,  6980] loss: 3.543
[1,  7000] loss: 0.795
[1,  7020] loss: 1.677
[1,  7040] loss: 2.392
[1,  7060] loss: 2.801
[1,  7080] loss: 2.327
[1,  7100] loss: 1.244
[1,  7120] loss: 1.917
[1,  7140] loss: 1.312
[1,  7160] loss: 3.021
[1,  7180] loss: 1.203
[1,  7200] loss: 1.574
[1,  7220] loss: 3.186
[1,  7240] loss: 2.446
[1,  7260] loss: 1.268
[1,  7280] loss: 2.103
[1,  7300] loss: 2.090
[1,  7320] loss: 2.445
[1,  7340] loss: 3.444
[1,  7360] loss: 2.724
[1,  7380] loss: 1.288
[1,  7400] loss: 1.283
[1,  7420] loss: 1.889
[1,  7440] loss: 2.030
[1,  7460] loss: 1.349
[1,  7480] loss: 2.729
[1,  7500] loss: 2.581
[1,  7520] loss: 2.300
[1,  7540] loss: 1.370
[1,  7560] loss: 0.659
[1,  7580] loss: 0.711
[1,  7600] loss: 1.701
[1,  7620] loss: 1.811
[1,  7640] loss: 0.298
[1,  7660] loss: 1.609
[1,  7680] loss: 1.203
[1,  7700] loss: 0.529
[1,  7720] loss: 1.210
[1,  7740] loss: 1.211
[1,  7760] loss: 2.683
[1,  7780] loss: 3.501
[1,  7800] loss: 1.671
[1,  7820] loss: 2.488
[1,  7840] loss: 1.762
[1,  7860] loss: 0.625
[1,  7880] loss: 0.450
[1,  7900] loss: 0.560
[1,  7920] loss: 0.810
[1,  7940] loss: 0.931
[1,  7960] loss: 1.197
[1,  7980] loss: 0.609
[1,  8000] loss: 0.431
[1,  8020] loss: 0.645
[1,  8040] loss: 0.642
[1,  8060] loss: 0.757
[1,  8080] loss: 1.021
[1,  8100] loss: 1.432
[1,  8120] loss: 1.146
[1,  8140] loss: 0.848
[1,  8160] loss: 1.030
[1,  8180] loss: 3.647
[1,  8200] loss: 1.475
[1,  8220] loss: 1.476
[1,  8240] loss: 0.571
[1,  8260] loss: 0.553
[1,  8280] loss: 1.502
[1,  8300] loss: 1.293
[1,  8320] loss: 2.183
[1,  8340] loss: 0.625
[1,  8360] loss: 0.608
[1,  8380] loss: 2.123
[1,  8400] loss: 2.837
[1,  8420] loss: 2.218
[1,  8440] loss: 1.495
[1,  8460] loss: 0.788
[1,  8480] loss: 1.738
[1,  8500] loss: 4.739
[1,  8520] loss: 1.710
[1,  8540] loss: 1.218
[1,  8560] loss: 2.693
[1,  8580] loss: 4.981
[1,  8600] loss: 1.449
[1,  8620] loss: 1.512
[1,  8640] loss: 2.002
[1,  8660] loss: 2.493
[1,  8680] loss: 2.216
[1,  8700] loss: 1.462
[1,  8720] loss: 0.828
[1,  8740] loss: 0.923
[1,  8760] loss: 1.073
[1,  8780] loss: 0.536
[1,  8800] loss: 0.433
[1,  8820] loss: 0.432
[1,  8840] loss: 0.925
[1,  8860] loss: 2.202
[1,  8880] loss: 0.493
[1,  8900] loss: 1.080
[1,  8920] loss: 1.012
[1,  8940] loss: 3.156
[1,  8960] loss: 13.972
[1,  8980] loss: 2.754
[1,  9000] loss: 3.979
[1,  9020] loss: 10.304
[1,  9040] loss: 4.776
[1,  9060] loss: 2.848
[1,  9080] loss: 9.375
[1,  9100] loss: 1.920
[1,  9120] loss: 2.931
[1,  9140] loss: 18.843
[1,  9160] loss: 40.772
[1,  9180] loss: 121.128
[1,  9200] loss: 104.552
[1,  9220] loss: 105.357
[1,  9240] loss: 33.078
[1,  9260] loss: 34.109
[1,  9280] loss: 100.175
[1,  9300] loss: 101.152
[1,  9320] loss: 24.967
[1,  9340] loss: 6.525
[1,  9360] loss: 3.216
[1,  9380] loss: 3.280
[1,  9400] loss: 2.168
[1,  9420] loss: 3.345
[1,  9440] loss: 1.033
[1,  9460] loss: 1.390
[1,  9480] loss: 0.902
[1,  9500] loss: 2.208
[1,  9520] loss: 1.546
[1,  9540] loss: 0.858
[1,  9560] loss: 2.757
[1,  9580] loss: 5.054
[1,  9600] loss: 1.679
[1,  9620] loss: 0.517
[1,  9640] loss: 0.334
[1,  9660] loss: 0.802
[1,  9680] loss: 0.547
[1,  9700] loss: 0.516
[1,  9720] loss: 0.271
[1,  9740] loss: 0.266
[1,  9760] loss: 0.204
[1,  9780] loss: 0.469
[1,  9800] loss: 0.766
[1,  9820] loss: 0.859
[1,  9840] loss: 1.704
[1,  9860] loss: 2.514
[1,  9880] loss: 2.633
[1,  9900] loss: 1.074
[1,  9920] loss: 0.945
[1,  9940] loss: 0.763
[1,  9960] loss: 0.391
[1,  9980] loss: 1.187
[1, 10000] loss: 0.766
[1, 10020] loss: 51.389
[1, 10040] loss: 67.003
[1, 10060] loss: 5.578
[1, 10080] loss: 4.302
[1, 10100] loss: 1.340
[1, 10120] loss: 1.215
[1, 10140] loss: 1.298
[1, 10160] loss: 1.162
[1, 10180] loss: 1.754
[1, 10200] loss: 1.544
[1, 10220] loss: 0.760
[1, 10240] loss: 0.754
[1, 10260] loss: 1.172
[1, 10280] loss: 2.542
[1, 10300] loss: 1.130
[1, 10320] loss: 0.554
[1, 10340] loss: 0.569
[1, 10360] loss: 0.754
[1, 10380] loss: 0.147
[1, 10400] loss: 0.548
[1, 10420] loss: 1.716
[1, 10440] loss: 0.513
[1, 10460] loss: 0.384
[1, 10480] loss: 0.393
[1, 10500] loss: 1.186
[1, 10520] loss: 5.283
[1, 10540] loss: 6.922
[1, 10560] loss: 2.752
[1, 10580] loss: 1.221
[1, 10600] loss: 1.473
[1, 10620] loss: 1.103
[1, 10640] loss: 1.398
[1, 10660] loss: 1.339
[1, 10680] loss: 0.564
[1, 10700] loss: 1.084
[1, 10720] loss: 1.109
[1, 10740] loss: 0.412
[1, 10760] loss: 5.703
[1, 10780] loss: 1.686
[1, 10800] loss: 0.467
[1, 10820] loss: 0.645
[1, 10840] loss: 0.786
[1, 10860] loss: 2.026
[1, 10880] loss: 2.614
[1, 10900] loss: 1.190
[1, 10920] loss: 3.525
[1, 10940] loss: 109.560
[1, 10960] loss: 116.811
[1, 10980] loss: 90.253
[1, 11000] loss: 165.783
[1, 11020] loss: 45.050
[1, 11040] loss: 78.290
[1, 11060] loss: 21.982
[1, 11080] loss: 7.683
[1, 11100] loss: 2.940
[1, 11120] loss: 1.713
[1, 11140] loss: 1.833
[1, 11160] loss: 0.692
[1, 11180] loss: 0.402
[1, 11200] loss: 0.535
[1, 11220] loss: 1.349
[1, 11240] loss: 2.179
[1, 11260] loss: 2.149
[1, 11280] loss: 0.810
[1, 11300] loss: 0.378
[1, 11320] loss: 0.369
[1, 11340] loss: 0.189
[1, 11360] loss: 0.180
[1, 11380] loss: 0.080
[1, 11400] loss: 0.226
[1, 11420] loss: 0.129
[1, 11440] loss: 0.277
[1, 11460] loss: 0.414
[1, 11480] loss: 0.247
[1, 11500] loss: 0.371
[1, 11520] loss: 0.269
[1, 11540] loss: 0.170
[1, 11560] loss: 0.520
[1, 11580] loss: 0.379
[1, 11600] loss: 0.160
[1, 11620] loss: 0.113
[1, 11640] loss: 0.113
[1, 11660] loss: 0.137
[1, 11680] loss: 0.137
[1, 11700] loss: 0.118
[1, 11720] loss: 0.105
[1, 11740] loss: 0.224
[1, 11760] loss: 0.267
[1, 11780] loss: 0.213
[1, 11800] loss: 0.069
[1, 11820] loss: 0.086
[1, 11840] loss: 0.113
[1, 11860] loss: 0.399
[1, 11880] loss: 0.308
[1, 11900] loss: 0.588
[1, 11920] loss: 0.851
[1, 11940] loss: 0.250
[1, 11960] loss: 0.294
[1, 11980] loss: 0.323
[1, 12000] loss: 0.568
[1, 12020] loss: 0.206
[1, 12040] loss: 0.188
[1, 12060] loss: 0.411
[1, 12080] loss: 0.150
[1, 12100] loss: 0.199
[1, 12120] loss: 0.449
[1, 12140] loss: 0.259
[1, 12160] loss: 0.258
[1, 12180] loss: 0.250
[1, 12200] loss: 0.219
[1, 12220] loss: 0.185
[1, 12240] loss: 0.078
[1, 12260] loss: 0.248
[1, 12280] loss: 0.115
[1, 12300] loss: 0.298
[1, 12320] loss: 0.279
[1, 12340] loss: 1.211
[1, 12360] loss: 0.507
[1, 12380] loss: 1.876
[1, 12400] loss: 0.266
[1, 12420] loss: 0.159
[1, 12440] loss: 0.047
[1, 12460] loss: 0.139
[1, 12480] loss: 0.126
[1, 12500] loss: 0.212
[1, 12520] loss: 0.203
[1, 12540] loss: 0.114
[1, 12560] loss: 0.148
[1, 12580] loss: 0.522
[1, 12600] loss: 0.299
[1, 12620] loss: 0.193
[1, 12640] loss: 0.242
[1, 12660] loss: 0.487
[1, 12680] loss: 0.142
[1, 12700] loss: 0.095
[1, 12720] loss: 0.106
[1, 12740] loss: 0.183
[1, 12760] loss: 0.278
[1, 12780] loss: 0.644
[1, 12800] loss: 0.153
[1, 12820] loss: 0.212
[1, 12840] loss: 0.114
[1, 12860] loss: 0.058
[1, 12880] loss: 0.039
[1, 12900] loss: 0.202
[1, 12920] loss: 0.370
[1, 12940] loss: 2.461
[1, 12960] loss: 7.727
[1, 12980] loss: 1058.945
[1, 13000] loss: 1312368.303
[1, 13020] loss: 309165.114
[1, 13040] loss: 792607.040
[1, 13060] loss: 49210.212
[1, 13080] loss: 6568.079
[1, 13100] loss: 1003.303
[1, 13120] loss: 266.758
[1, 13140] loss: 265.763
[1, 13160] loss: 208.156
[1, 13180] loss: 134.976
[1, 13200] loss: 105.616
[1, 13220] loss: 89.018
[1, 13240] loss: 91.844
[1, 13260] loss: 98.296
[1, 13280] loss: 35.944
[1, 13300] loss: 83.145
[1, 13320] loss: 33.215
[1, 13340] loss: 42.782
[1, 13360] loss: 34.057
[1, 13380] loss: 32.809
[1, 13400] loss: 82.302
[1, 13420] loss: 39.726
[1, 13440] loss: 51.879
[1, 13460] loss: 34.611
[1, 13480] loss: 62.473
[1, 13500] loss: 42.102
[1, 13520] loss: 33.509
[1, 13540] loss: 23.580
[1, 13560] loss: 20.035
[1, 13580] loss: 32.231
[1, 13600] loss: 24.232
[1, 13620] loss: 17.450
[1, 13640] loss: 17.397
[1, 13660] loss: 32.031
[1, 13680] loss: 33.154
[1, 13700] loss: 19.705
[1, 13720] loss: 16.158
[1, 13740] loss: 22.740
[1, 13760] loss: 27.283
[1, 13780] loss: 9.349
[1, 13800] loss: 16.379
[1, 13820] loss: 21.060
[1, 13840] loss: 16.511
[1, 13860] loss: 12.355
[1, 13880] loss: 22.377
[1, 13900] loss: 28.915
[1, 13920] loss: 24.620
[1, 13940] loss: 13.241
[1, 13960] loss: 11.097
[1, 13980] loss: 11.744
[1, 14000] loss: 18.842
[1, 14020] loss: 32.102
[1, 14040] loss: 6.821
[1, 14060] loss: 13.640
[1, 14080] loss: 9.995
[1, 14100] loss: 14.217
[1, 14120] loss: 8.311
[1, 14140] loss: 23.621
[1, 14160] loss: 17.832
[1, 14180] loss: 12.320
[1, 14200] loss: 10.783
[1, 14220] loss: 11.940
[1, 14240] loss: 15.950
[1, 14260] loss: 22.572
[1, 14280] loss: 14.248
[1, 14300] loss: 11.171
[1, 14320] loss: 7.536
[1, 14340] loss: 11.731
[1, 14360] loss: 9.390
[1, 14380] loss: 9.063
[1, 14400] loss: 11.978
[1, 14420] loss: 12.122
[1, 14440] loss: 12.184
[1, 14460] loss: 14.175
[1, 14480] loss: 7.432
[1, 14500] loss: 15.333
[1, 14520] loss: 9.369
[1, 14540] loss: 7.510
[1, 14560] loss: 7.308
[1, 14580] loss: 8.596
[1, 14600] loss: 5.416
[1, 14620] loss: 8.439
[1, 14640] loss: 8.111
[1, 14660] loss: 11.550
[1, 14680] loss: 11.647
[1, 14700] loss: 10.942
[1, 14720] loss: 16.980
[1, 14740] loss: 7.440
[1, 14760] loss: 7.030
[1, 14780] loss: 5.635
[1, 14800] loss: 10.118
[1, 14820] loss: 6.436
[1, 14840] loss: 3.633
[1, 14860] loss: 9.626
[1, 14880] loss: 12.735
[1, 14900] loss: 7.886
[1, 14920] loss: 5.503
[1, 14940] loss: 9.479
[1, 14960] loss: 5.791
[1, 14980] loss: 7.910
[1, 15000] loss: 11.374
[1, 15020] loss: 10.120
[1, 15040] loss: 5.249
[1, 15060] loss: 6.021
[1, 15080] loss: 11.323
[1, 15100] loss: 9.674
[1, 15120] loss: 9.434
[1, 15140] loss: 8.188
[1, 15160] loss: 4.969
[1, 15180] loss: 9.388
[1, 15200] loss: 6.369
[1, 15220] loss: 9.333
[1, 15240] loss: 5.077
[1, 15260] loss: 4.664
[1, 15280] loss: 6.419
[1, 15300] loss: 6.463
[1, 15320] loss: 12.649
[1, 15340] loss: 6.336
[1, 15360] loss: 5.552
[1, 15380] loss: 10.017
[1, 15400] loss: 5.398
[1, 15420] loss: 4.803
[1, 15440] loss: 6.841
[1, 15460] loss: 3.125
[1, 15480] loss: 8.063
[1, 15500] loss: 17.821
[1, 15520] loss: 6.275
[1, 15540] loss: 7.687
[1, 15560] loss: 8.125
[1, 15580] loss: 8.779
[1, 15600] loss: 4.838
[1, 15620] loss: 4.857
[1, 15640] loss: 4.279
[1, 15660] loss: 2.347
[1, 15680] loss: 9.448
[1, 15700] loss: 16.800
[1, 15720] loss: 8.603
[1, 15740] loss: 7.404
[1, 15760] loss: 8.937
[1, 15780] loss: 7.466
[1, 15800] loss: 4.325
[1, 15820] loss: 15.135
[1, 15840] loss: 8.757
[1, 15860] loss: 8.455
[1, 15880] loss: 3.411
[1, 15900] loss: 7.111
[1, 15920] loss: 4.909
[1, 15940] loss: 4.204
[1, 15960] loss: 4.756
[1, 15980] loss: 2.852
[1, 16000] loss: 2.893
[1, 16020] loss: 4.938
[1, 16040] loss: 7.244
[1, 16060] loss: 26.238
[1, 16080] loss: 23.852
[1, 16100] loss: 53.871
[1, 16120] loss: 28.485
[1, 16140] loss: 13.772
[1, 16160] loss: 4.231
[1, 16180] loss: 4.380
[1, 16200] loss: 4.381
[1, 16220] loss: 7.669
[1, 16240] loss: 3.599
[1, 16260] loss: 4.751
[1, 16280] loss: 3.354
[1, 16300] loss: 1.713
[1, 16320] loss: 0.945
[1, 16340] loss: 2.093
[1, 16360] loss: 4.442
[1, 16380] loss: 2.154
[1, 16400] loss: 4.760
[1, 16420] loss: 4.172
[1, 16440] loss: 2.192
[1, 16460] loss: 5.683
[1, 16480] loss: 4.593
[1, 16500] loss: 5.367
[1, 16520] loss: 5.056
[1, 16540] loss: 11.806
[1, 16560] loss: 14.130
[1, 16580] loss: 11.508
[1, 16600] loss: 6.675
[1, 16620] loss: 2.501
[1, 16640] loss: 10.606
[1, 16660] loss: 5.083
[1, 16680] loss: 1.235
[1, 16700] loss: 1.877
[1, 16720] loss: 1.170
[1, 16740] loss: 4.910
[1, 16760] loss: 2.600
[1, 16780] loss: 3.303
[1, 16800] loss: 2.872
[1, 16820] loss: 5.535
[1, 16840] loss: 9.091
[1, 16860] loss: 2.864
[1, 16880] loss: 6.634
[1, 16900] loss: 6.266
[1, 16920] loss: 5.936
[1, 16940] loss: 2.660
[1, 16960] loss: 1.991
[1, 16980] loss: 4.447
[1, 17000] loss: 5.928
[1, 17020] loss: 7.916
[1, 17040] loss: 6.399
[1, 17060] loss: 6.958
[1, 17080] loss: 3.199
[1, 17100] loss: 1.478
[1, 17120] loss: 1.224
[1, 17140] loss: 2.132
[1, 17160] loss: 2.292
[1, 17180] loss: 2.618
[1, 17200] loss: 3.134
[1, 17220] loss: 1.376
[1, 17240] loss: 4.509
[1, 17260] loss: 7.833
[1, 17280] loss: 1.355
[1, 17300] loss: 2.150
[1, 17320] loss: 1.328
[1, 17340] loss: 7.892
[1, 17360] loss: 26.480
[1, 17380] loss: 35.614
[1, 17400] loss: 25.606
[1, 17420] loss: 46.140
[1, 17440] loss: 10.330
[1, 17460] loss: 17.302
[1, 17480] loss: 3.589
[1, 17500] loss: 2.267
[1, 17520] loss: 1.326
[1, 17540] loss: 1.404
[1, 17560] loss: 1.138
[1, 17580] loss: 2.158
[1, 17600] loss: 1.276
[1, 17620] loss: 1.314
[1, 17640] loss: 1.449
[1, 17660] loss: 2.456
[1, 17680] loss: 0.651
[1, 17700] loss: 4.100
[1, 17720] loss: 7.918
[1, 17740] loss: 8.327
[1, 17760] loss: 3.847
[1, 17780] loss: 14.603
[1, 17800] loss: 33.962
[1, 17820] loss: 78.860
[1, 17840] loss: 78.761
[1, 17860] loss: 49.917
[1, 17880] loss: 26.421
[1, 17900] loss: 40.127
[1, 17920] loss: 15.783
[1, 17940] loss: 7.857
[1, 17960] loss: 2.200
[1, 17980] loss: 1.087
[1, 18000] loss: 0.965
[1, 18020] loss: 0.644
[1, 18040] loss: 0.828
[1, 18060] loss: 1.063
[1, 18080] loss: 0.703
[1, 18100] loss: 1.001
[1, 18120] loss: 0.832
[1, 18140] loss: 0.757
[1, 18160] loss: 1.508
[1, 18180] loss: 0.864
[1, 18200] loss: 0.933
[1, 18220] loss: 0.723
[1, 18240] loss: 0.788
[1, 18260] loss: 1.103
[1, 18280] loss: 1.094
[1, 18300] loss: 0.504
[1, 18320] loss: 1.043
[1, 18340] loss: 0.182
[1, 18360] loss: 1.055
[1, 18380] loss: 2.302
[1, 18400] loss: 1.832
[1, 18420] loss: 1.552
[1, 18440] loss: 1.215
[1, 18460] loss: 0.775
[1, 18480] loss: 1.102
[1, 18500] loss: 1.396
[1, 18520] loss: 0.613
[1, 18540] loss: 2.034
[1, 18560] loss: 1.796
[1, 18580] loss: 0.518
[1, 18600] loss: 1.475
[1, 18620] loss: 1.221
[1, 18640] loss: 0.509
[1, 18660] loss: 0.969
[1, 18680] loss: 2.251
[1, 18700] loss: 2.681
[1, 18720] loss: 3.391
[1, 18740] loss: 2.336
[1, 18760] loss: 0.762
[1, 18780] loss: 0.528
[1, 18800] loss: 3.656
[1, 18820] loss: 9.156
[1, 18840] loss: 13.526
[1, 18860] loss: 7.977
[1, 18880] loss: 1.051
[1, 18900] loss: 1.001
[1, 18920] loss: 0.858
[1, 18940] loss: 1.137
[1, 18960] loss: 1.463
[1, 18980] loss: 1.167
[1, 19000] loss: 0.532
[1, 19020] loss: 2.522
[1, 19040] loss: 1.625
[1, 19060] loss: 1.221
[1, 19080] loss: 4.376
[1, 19100] loss: 8.509
[1, 19120] loss: 1.673
[1, 19140] loss: 0.853
[1, 19160] loss: 0.457
[1, 19180] loss: 1.297
[1, 19200] loss: 0.894
[1, 19220] loss: 0.617
[1, 19240] loss: 0.373
[1, 19260] loss: 0.434
[1, 19280] loss: 0.615
[1, 19300] loss: 1.095
[1, 19320] loss: 0.730
[1, 19340] loss: 2.502
[1, 19360] loss: 3.319
[1, 19380] loss: 0.615
[1, 19400] loss: 0.833
[1, 19420] loss: 0.529
[1, 19440] loss: 1.046
[1, 19460] loss: 1.009
[1, 19480] loss: 1.012
[1, 19500] loss: 1.170
[1, 19520] loss: 1.246
[1, 19540] loss: 0.361
[1, 19560] loss: 0.476
[1, 19580] loss: 0.275
[1, 19600] loss: 0.576
[1, 19620] loss: 1.353
[1, 19640] loss: 1.415
[1, 19660] loss: 4.581
[1, 19680] loss: 1.177
[1, 19700] loss: 0.621
[1, 19720] loss: 4.737
[1, 19740] loss: 4.646
[1, 19760] loss: 4.428
[1, 19780] loss: 2.294
[1, 19800] loss: 1.127
[1, 19820] loss: 0.307
[1, 19840] loss: 0.627
[1, 19860] loss: 0.510
[1, 19880] loss: 0.470
[1, 19900] loss: 0.385
[1, 19920] loss: 0.266
[1, 19940] loss: 0.545
[1, 19960] loss: 0.842
[1, 19980] loss: 2.684
[1, 20000] loss: 4.628
[1, 20020] loss: 6.076
[1, 20040] loss: 0.900
[1, 20060] loss: 4.381
[1, 20080] loss: 22.349
[1, 20100] loss: 13.132
[1, 20120] loss: 14.988
[1, 20140] loss: 38.364
[1, 20160] loss: 87.422
[1, 20180] loss: 15.010
[1, 20200] loss: 24.429
[1, 20220] loss: 13.865
[1, 20240] loss: 5.873
[1, 20260] loss: 5.988
[1, 20280] loss: 2.808
[1, 20300] loss: 1.917
[1, 20320] loss: 0.975
[1, 20340] loss: 0.815
[1, 20360] loss: 1.336
[1, 20380] loss: 0.916
[1, 20400] loss: 1.098
[1, 20420] loss: 2.129
[1, 20440] loss: 0.773
[1, 20460] loss: 0.497
[1, 20480] loss: 0.718
[1, 20500] loss: 1.330
[1, 20520] loss: 2.743
[1, 20540] loss: 2.948
[1, 20560] loss: 1.403
[1, 20580] loss: 1.438
[1, 20600] loss: 0.262
[1, 20620] loss: 0.319
[1, 20640] loss: 0.583
[1, 20660] loss: 0.738
[1, 20680] loss: 0.599
[1, 20700] loss: 0.345
[1, 20720] loss: 0.319
[1, 20740] loss: 0.396
[1, 20760] loss: 0.590
[1, 20780] loss: 0.448
[1, 20800] loss: 0.451
[1, 20820] loss: 0.114
[1, 20840] loss: 0.220
[1, 20860] loss: 0.257
[1, 20880] loss: 0.243
[1, 20900] loss: 0.157
[1, 20920] loss: 0.378
[1, 20940] loss: 0.664
[1, 20960] loss: 0.895
[1, 20980] loss: 0.750
[1, 21000] loss: 1.738
[1, 21020] loss: 1.609
[1, 21040] loss: 1.994
[1, 21060] loss: 1.328
[1, 21080] loss: 1.167
[1, 21100] loss: 0.629
[1, 21120] loss: 0.792
[1, 21140] loss: 1.993
[1, 21160] loss: 0.872
[1, 21180] loss: 1.114
[1, 21200] loss: 1.465
[1, 21220] loss: 0.327
[1, 21240] loss: 0.268
[1, 21260] loss: 0.193
[1, 21280] loss: 0.381
[1, 21300] loss: 0.460
[1, 21320] loss: 1.595
[1, 21340] loss: 0.716
[1, 21360] loss: 0.213
[1, 21380] loss: 0.343
[1, 21400] loss: 0.706
[1, 21420] loss: 0.383
[1, 21440] loss: 0.419
[1, 21460] loss: 0.165
[1, 21480] loss: 0.490
[1, 21500] loss: 0.329
[1, 21520] loss: 0.481
[1, 21540] loss: 1.693
[1, 21560] loss: 3.091
[1, 21580] loss: 3.994
[1, 21600] loss: 1.688
[1, 21620] loss: 0.765
[1, 21640] loss: 1.037
[1, 21660] loss: 0.924
[1, 21680] loss: 3.819
[1, 21700] loss: 1.941
[1, 21720] loss: 1.218
[1, 21740] loss: 0.512
[1, 21760] loss: 0.428
[1, 21780] loss: 0.251
[1, 21800] loss: 1.023
[1, 21820] loss: 0.791
[1, 21840] loss: 1.139
[1, 21860] loss: 1.093
[1, 21880] loss: 0.854
[1, 21900] loss: 1.004
[1, 21920] loss: 0.840
[1, 21940] loss: 5.576
[1, 21960] loss: 3.916
[1, 21980] loss: 0.833
[1, 22000] loss: 0.560
[1, 22020] loss: 0.219
[1, 22040] loss: 0.277
[1, 22060] loss: 0.416
[1, 22080] loss: 0.512
[1, 22100] loss: 1.113
[1, 22120] loss: 1.552
[1, 22140] loss: 2.256
[1, 22160] loss: 14.322
[1, 22180] loss: 82.986
[1, 22200] loss: 27.793
[1, 22220] loss: 13.465
[1, 22240] loss: 9.732
[1, 22260] loss: 2.734
[1, 22280] loss: 3.729
[1, 22300] loss: 2.342
[1, 22320] loss: 1.454
[1, 22340] loss: 0.993
[1, 22360] loss: 0.429
[1, 22380] loss: 0.180
[1, 22400] loss: 0.149
[1, 22420] loss: 0.126
[1, 22440] loss: 0.085
[1, 22460] loss: 0.276
[1, 22480] loss: 0.249
[1, 22500] loss: 0.191
[1, 22520] loss: 0.099
[1, 22540] loss: 0.132
[1, 22560] loss: 0.267
[1, 22580] loss: 0.384
[1, 22600] loss: 0.354
[1, 22620] loss: 0.173
[1, 22640] loss: 0.170
[1, 22660] loss: 0.173
[1, 22680] loss: 0.286
[1, 22700] loss: 0.068
[1, 22720] loss: 0.109
[1, 22740] loss: 0.350
[1, 22760] loss: 0.383
[1, 22780] loss: 0.429
[1, 22800] loss: 0.067
[1, 22820] loss: 0.213
[1, 22840] loss: 0.104
[1, 22860] loss: 0.154
[1, 22880] loss: 0.190
[1, 22900] loss: 0.124
[1, 22920] loss: 0.089
[1, 22940] loss: 0.126
[1, 22960] loss: 0.139
[1, 22980] loss: 0.159
[1, 23000] loss: 0.121
[1, 23020] loss: 0.132
[1, 23040] loss: 0.091
[1, 23060] loss: 0.071
[1, 23080] loss: 0.062
[1, 23100] loss: 0.067
[1, 23120] loss: 0.037
[1, 23140] loss: 0.057
[1, 23160] loss: 0.059
[1, 23180] loss: 0.143
[1, 23200] loss: 0.216
[1, 23220] loss: 0.258
[1, 23240] loss: 0.073
[1, 23260] loss: 0.046
[1, 23280] loss: 0.185
[1, 23300] loss: 0.093
[1, 23320] loss: 0.154
[1, 23340] loss: 0.195
[1, 23360] loss: 0.207
[1, 23380] loss: 0.168
[1, 23400] loss: 0.140
[1, 23420] loss: 0.073
[1, 23440] loss: 0.193
[1, 23460] loss: 0.459
[1, 23480] loss: 0.146
[1, 23500] loss: 0.200
[1, 23520] loss: 0.261
[1, 23540] loss: 0.138
[1, 23560] loss: 0.098
[1, 23580] loss: 0.137
[1, 23600] loss: 0.164
[1, 23620] loss: 0.801
[1, 23640] loss: 0.439
[1, 23660] loss: 0.294
[1, 23680] loss: 0.246
[1, 23700] loss: 0.044
[1, 23720] loss: 0.192
[1, 23740] loss: 0.330
[1, 23760] loss: 0.078
[1, 23780] loss: 0.254
[1, 23800] loss: 0.084
[1, 23820] loss: 0.205
[1, 23840] loss: 0.156
[1, 23860] loss: 0.571
[1, 23880] loss: 0.290
[1, 23900] loss: 0.300
[1, 23920] loss: 0.111
[1, 23940] loss: 0.332
[1, 23960] loss: 0.436
[1, 23980] loss: 0.423
[1, 24000] loss: 0.417
[1, 24020] loss: 0.347
[1, 24040] loss: 0.497
[1, 24060] loss: 0.269
[1, 24080] loss: 0.405
[1, 24100] loss: 0.395
[1, 24120] loss: 0.213
[1, 24140] loss: 0.089
[1, 24160] loss: 0.207
[1, 24180] loss: 0.319
[1, 24200] loss: 0.368
[1, 24220] loss: 0.275
[1, 24240] loss: 0.215
[1, 24260] loss: 0.414
[1, 24280] loss: 1.781
[1, 24300] loss: 1.293
[1, 24320] loss: 0.436
[1, 24340] loss: 0.413
[1, 24360] loss: 0.323
[1, 24380] loss: 0.635
[1, 24400] loss: 1.182
[1, 24420] loss: 1.571
[1, 24440] loss: 0.249
[1, 24460] loss: 0.202
[1, 24480] loss: 0.154
[1, 24500] loss: 0.389
[1, 24520] loss: 0.253
[1, 24540] loss: 0.205
[1, 24560] loss: 0.684
[1, 24580] loss: 0.745
[1, 24600] loss: 0.315
[1, 24620] loss: 0.541
[1, 24640] loss: 0.882
[1, 24660] loss: 2.101
[1, 24680] loss: 1.115
[1, 24700] loss: 0.801
[1, 24720] loss: 0.931
[1, 24740] loss: 0.852
[1, 24760] loss: 0.243
[1, 24780] loss: 0.219
[1, 24800] loss: 0.213
[1, 24820] loss: 0.127
[1, 24840] loss: 0.157
[1, 24860] loss: 0.426
[1, 24880] loss: 0.410
[1, 24900] loss: 0.295
[1, 24920] loss: 0.543
[1, 24940] loss: 0.970
[1, 24960] loss: 0.711
[1, 24980] loss: 0.555
[1, 25000] loss: 0.206
[1, 25020] loss: 0.144
[1, 25040] loss: 0.404
[1, 25060] loss: 0.067
[1, 25080] loss: 0.353
[1, 25100] loss: 0.511
[1, 25120] loss: 0.344
[1, 25140] loss: 0.311
[1, 25160] loss: 0.634
[1, 25180] loss: 0.368
[1, 25200] loss: 0.276
[1, 25220] loss: 0.315
[1, 25240] loss: 0.249
[1, 25260] loss: 0.741
[1, 25280] loss: 0.823
[1, 25300] loss: 2.716
[1, 25320] loss: 3.489
[1, 25340] loss: 2.680
[1, 25360] loss: 0.957
[1, 25380] loss: 0.512
[1, 25400] loss: 0.224
[1, 25420] loss: 0.272
[1, 25440] loss: 0.043
[1, 25460] loss: 0.095
[1, 25480] loss: 0.039
[1, 25500] loss: 0.033
[1, 25520] loss: 0.135
[1, 25540] loss: 0.186
[1, 25560] loss: 0.281
[1, 25580] loss: 0.170
[1, 25600] loss: 0.205
[1, 25620] loss: 0.374
[1, 25640] loss: 0.509
[1, 25660] loss: 1.728
[1, 25680] loss: 1.270
[1, 25700] loss: 0.580
[1, 25720] loss: 0.260
[1, 25740] loss: 0.766
[1, 25760] loss: 0.721
[1, 25780] loss: 0.261
[1, 25800] loss: 0.123
[1, 25820] loss: 0.223
[1, 25840] loss: 0.344
[1, 25860] loss: 0.604
[1, 25880] loss: 0.437
[1, 25900] loss: 0.196
[1, 25920] loss: 0.167
[1, 25940] loss: 0.165
[1, 25960] loss: 0.305
[1, 25980] loss: 0.295
[1, 26000] loss: 0.261
[1, 26020] loss: 0.246
[1, 26040] loss: 0.385
[1, 26060] loss: 0.375
[1, 26080] loss: 0.245
[1, 26100] loss: 0.204
[1, 26120] loss: 0.105
[1, 26140] loss: 0.241
[1, 26160] loss: 0.281
[1, 26180] loss: 0.546
[1, 26200] loss: 0.488
[1, 26220] loss: 0.240
[1, 26240] loss: 0.294
[1, 26260] loss: 0.248
[1, 26280] loss: 0.622
[1, 26300] loss: 0.180
[1, 26320] loss: 0.169
[1, 26340] loss: 0.146
[1, 26360] loss: 0.328
[1, 26380] loss: 0.151
[1, 26400] loss: 0.125
[1, 26420] loss: 0.109
[1, 26440] loss: 0.129
[1, 26460] loss: 0.214
[1, 26480] loss: 0.298
[1, 26500] loss: 0.260
[1, 26520] loss: 0.213
[1, 26540] loss: 0.241
[1, 26560] loss: 0.318
[1, 26580] loss: 0.228
[1, 26600] loss: 0.295
[1, 26620] loss: 0.212
[1, 26640] loss: 0.385
[1, 26660] loss: 0.241
[1, 26680] loss: 0.174
[1, 26700] loss: 0.200
[1, 26720] loss: 0.258
[1, 26740] loss: 0.502
[1, 26760] loss: 0.516
[1, 26780] loss: 0.333
[1, 26800] loss: 0.203
[1, 26820] loss: 0.093
[1, 26840] loss: 0.091
[1, 26860] loss: 0.104
[1, 26880] loss: 0.117
[1, 26900] loss: 0.185
[1, 26920] loss: 0.104
[1, 26940] loss: 0.126
[1, 26960] loss: 0.319
[1, 26980] loss: 0.096
[1, 27000] loss: 0.081
[1, 27020] loss: 0.069
[1, 27040] loss: 0.109
[1, 27060] loss: 0.143
[1, 27080] loss: 0.118
[1, 27100] loss: 0.148
[1, 27120] loss: 0.234
[1, 27140] loss: 0.145
[1, 27160] loss: 0.126
[1, 27180] loss: 0.184
[1, 27200] loss: 0.520
[1, 27220] loss: 0.237
[1, 27240] loss: 0.281
[1, 27260] loss: 0.486
[1, 27280] loss: 0.275
[1, 27300] loss: 0.138
[1, 27320] loss: 0.161
[1, 27340] loss: 0.233
[1, 27360] loss: 0.147
[1, 27380] loss: 0.281
[1, 27400] loss: 0.248
[1, 27420] loss: 0.327
[1, 27440] loss: 0.233
[1, 27460] loss: 0.159
[1, 27480] loss: 0.132
[1, 27500] loss: 0.174
[1, 27520] loss: 0.362
[1, 27540] loss: 0.281
[1, 27560] loss: 0.422
[1, 27580] loss: 0.198
[1, 27600] loss: 0.413
[1, 27620] loss: 0.218
[1, 27640] loss: 0.248
[1, 27660] loss: 0.101
[1, 27680] loss: 0.066
[1, 27700] loss: 0.184
[1, 27720] loss: 0.082
[1, 27740] loss: 0.166
[1, 27760] loss: 0.503
[1, 27780] loss: 0.073
[1, 27800] loss: 0.154
[1, 27820] loss: 0.116
[1, 27840] loss: 0.230
[1, 27860] loss: 0.264
[1, 27880] loss: 0.169
[1, 27900] loss: 0.338
[1, 27920] loss: 0.163
[1, 27940] loss: 0.141
[1, 27960] loss: 0.158
[1, 27980] loss: 0.084
[1, 28000] loss: 0.289
[1, 28020] loss: 0.117
[1, 28040] loss: 0.390
[1, 28060] loss: 0.386
[1, 28080] loss: 0.501
[1, 28100] loss: 0.219
[1, 28120] loss: 0.325
[1, 28140] loss: 0.240
[1, 28160] loss: 0.269
[1, 28180] loss: 0.114
[1, 28200] loss: 0.120
[1, 28220] loss: 0.127
[1, 28240] loss: 0.187
[1, 28260] loss: 0.226
[1, 28280] loss: 0.183
[1, 28300] loss: 0.350
[1, 28320] loss: 0.250
[1, 28340] loss: 0.253
[1, 28360] loss: 0.324
[1, 28380] loss: 0.299
[1, 28400] loss: 0.382
[1, 28420] loss: 0.043
[1, 28440] loss: 0.084
[1, 28460] loss: 0.135
[1, 28480] loss: 0.413
[1, 28500] loss: 0.062
[1, 28520] loss: 0.279
[1, 28540] loss: 0.146
[1, 28560] loss: 0.156
[1, 28580] loss: 0.173
[1, 28600] loss: 0.306
[1, 28620] loss: 0.242
[1, 28640] loss: 0.224
[1, 28660] loss: 0.161
[1, 28680] loss: 0.100
[1, 28700] loss: 0.328
[1, 28720] loss: 0.229
[1, 28740] loss: 0.480
[1, 28760] loss: 0.115
[1, 28780] loss: 0.108
[1, 28800] loss: 0.141
[1, 28820] loss: 0.110
[1, 28840] loss: 0.050
[1, 28860] loss: 0.131
[1, 28880] loss: 0.051
[1, 28900] loss: 0.049
[1, 28920] loss: 0.091
[1, 28940] loss: 0.182
[1, 28960] loss: 0.306
[1, 28980] loss: 0.229
[1, 29000] loss: 0.057
[1, 29020] loss: 0.244
[1, 29040] loss: 0.143
[1, 29060] loss: 0.215
[1, 29080] loss: 0.181
[1, 29100] loss: 0.128
[1, 29120] loss: 0.275
[1, 29140] loss: 0.128
[1, 29160] loss: 0.070
[1, 29180] loss: 0.347
[1, 29200] loss: 0.270
[1, 29220] loss: 0.391
[1, 29240] loss: 0.129
[1, 29260] loss: 0.146
[1, 29280] loss: 0.307
[1, 29300] loss: 0.208
[1, 29320] loss: 0.467
[1, 29340] loss: 0.215
[1, 29360] loss: 0.146
[1, 29380] loss: 0.271
[1, 29400] loss: 0.254
[1, 29420] loss: 0.152
[1, 29440] loss: 0.414
[1, 29460] loss: 0.272
[1, 29480] loss: 0.544
[1, 29500] loss: 2.361
[1, 29520] loss: 17.631
[1, 29540] loss: 352952.393
[1, 29560] loss: 812644.542
[1, 29580] loss: 19443.706
[1, 29600] loss: 41237.486
[1, 29620] loss: 5180.410
[1, 29640] loss: 2325.967
[1, 29660] loss: 395.899
[1, 29680] loss: 117.652
[1, 29700] loss: 69.961
[1, 29720] loss: 43.606
[1, 29740] loss: 50.285
[1, 29760] loss: 36.578
[1, 29780] loss: 48.174
[1, 29800] loss: 26.612
[1, 29820] loss: 26.095
[1, 29840] loss: 31.746
[1, 29860] loss: 27.574
[1, 29880] loss: 14.437
[1, 29900] loss: 27.151
[1, 29920] loss: 45.963
[1, 29940] loss: 35.462
[1, 29960] loss: 21.703
[1, 29980] loss: 16.073
[1, 30000] loss: 19.674
[1, 30020] loss: 16.043
[1, 30040] loss: 12.657
[1, 30060] loss: 15.033
[1, 30080] loss: 15.386
[1, 30100] loss: 12.888
[1, 30120] loss: 11.327
[1, 30140] loss: 17.905
[1, 30160] loss: 16.591
[1, 30180] loss: 19.779
[1, 30200] loss: 12.770
[1, 30220] loss: 11.791
[1, 30240] loss: 4.620
[1, 30260] loss: 5.907
[1, 30280] loss: 11.754
[1, 30300] loss: 8.401
[1, 30320] loss: 8.888
[1, 30340] loss: 16.797
[1, 30360] loss: 8.222
[1, 30380] loss: 6.610
[1, 30400] loss: 5.263
[1, 30420] loss: 9.382
[2,    20] loss: 11.327
[2,    40] loss: 3.942
[2,    60] loss: 5.417
[2,    80] loss: 5.249
[2,   100] loss: 6.867
[2,   120] loss: 7.291
[2,   140] loss: 9.033
[2,   160] loss: 7.781
[2,   180] loss: 10.745
[2,   200] loss: 5.674
[2,   220] loss: 5.485
[2,   240] loss: 7.683
[2,   260] loss: 5.221
[2,   280] loss: 6.144
[2,   300] loss: 10.809
[2,   320] loss: 3.889
[2,   340] loss: 9.241
[2,   360] loss: 7.465
[2,   380] loss: 8.598
[2,   400] loss: 7.723
[2,   420] loss: 6.953
[2,   440] loss: 7.953
[2,   460] loss: 4.130
[2,   480] loss: 9.391
[2,   500] loss: 5.538
[2,   520] loss: 4.067
[2,   540] loss: 6.045
[2,   560] loss: 2.513
[2,   580] loss: 4.525
[2,   600] loss: 5.454
[2,   620] loss: 5.928
[2,   640] loss: 4.321
[2,   660] loss: 4.606
[2,   680] loss: 4.152
[2,   700] loss: 6.330
[2,   720] loss: 3.836
[2,   740] loss: 6.454
[2,   760] loss: 5.672
[2,   780] loss: 4.947
[2,   800] loss: 2.028
[2,   820] loss: 3.007
[2,   840] loss: 2.533
[2,   860] loss: 1.833
[2,   880] loss: 5.510
[2,   900] loss: 1.893
[2,   920] loss: 4.753
[2,   940] loss: 4.104
[2,   960] loss: 3.326
[2,   980] loss: 2.689
[2,  1000] loss: 7.381
[2,  1020] loss: 3.367
[2,  1040] loss: 2.731
[2,  1060] loss: 5.742
[2,  1080] loss: 2.414
[2,  1100] loss: 1.287
[2,  1120] loss: 5.792
[2,  1140] loss: 1.849
[2,  1160] loss: 4.581
[2,  1180] loss: 2.763
[2,  1200] loss: 2.863
[2,  1220] loss: 2.957
[2,  1240] loss: 2.080
[2,  1260] loss: 2.070
[2,  1280] loss: 3.470
[2,  1300] loss: 2.157
[2,  1320] loss: 2.182
[2,  1340] loss: 3.675
[2,  1360] loss: 3.848
[2,  1380] loss: 3.301
[2,  1400] loss: 3.127
[2,  1420] loss: 2.910
[2,  1440] loss: 1.863
[2,  1460] loss: 2.736
[2,  1480] loss: 3.344
[2,  1500] loss: 4.190
[2,  1520] loss: 1.733
[2,  1540] loss: 3.729
[2,  1560] loss: 4.286
[2,  1580] loss: 2.405
[2,  1600] loss: 3.341
[2,  1620] loss: 2.342
[2,  1640] loss: 2.322
[2,  1660] loss: 2.885
[2,  1680] loss: 1.678
[2,  1700] loss: 3.108
[2,  1720] loss: 4.257
[2,  1740] loss: 2.027
[2,  1760] loss: 2.483
[2,  1780] loss: 0.781
[2,  1800] loss: 3.758
[2,  1820] loss: 2.364
[2,  1840] loss: 2.170
[2,  1860] loss: 2.693
[2,  1880] loss: 2.921
[2,  1900] loss: 3.334
[2,  1920] loss: 2.603
[2,  1940] loss: 2.295
[2,  1960] loss: 2.622
[2,  1980] loss: 1.826
[2,  2000] loss: 1.354
[2,  2020] loss: 3.586
[2,  2040] loss: 1.230
[2,  2060] loss: 1.565
[2,  2080] loss: 1.844
[2,  2100] loss: 4.659
[2,  2120] loss: 2.565
[2,  2140] loss: 1.983
[2,  2160] loss: 1.172
[2,  2180] loss: 1.888
[2,  2200] loss: 3.166
[2,  2220] loss: 2.358
[2,  2240] loss: 2.227
[2,  2260] loss: 2.359
[2,  2280] loss: 2.741
[2,  2300] loss: 2.083
[2,  2320] loss: 3.104
[2,  2340] loss: 1.497
[2,  2360] loss: 1.487
[2,  2380] loss: 1.410
[2,  2400] loss: 2.379
[2,  2420] loss: 1.824
[2,  2440] loss: 1.033
[2,  2460] loss: 1.332
[2,  2480] loss: 1.430
[2,  2500] loss: 2.802
[2,  2520] loss: 1.907
[2,  2540] loss: 1.329
[2,  2560] loss: 0.926
[2,  2580] loss: 0.616
[2,  2600] loss: 2.201
[2,  2620] loss: 2.362
[2,  2640] loss: 2.107
[2,  2660] loss: 1.050
[2,  2680] loss: 0.910
[2,  2700] loss: 1.363
[2,  2720] loss: 2.787
[2,  2740] loss: 1.421
[2,  2760] loss: 3.029
[2,  2780] loss: 2.708
[2,  2800] loss: 3.099
[2,  2820] loss: 1.863
[2,  2840] loss: 1.412
[2,  2860] loss: 2.540
[2,  2880] loss: 1.721
[2,  2900] loss: 0.917
[2,  2920] loss: 1.629
[2,  2940] loss: 1.695
[2,  2960] loss: 1.360
[2,  2980] loss: 1.290
[2,  3000] loss: 1.400
[2,  3020] loss: 1.386
[2,  3040] loss: 4.065
[2,  3060] loss: 4.336
[2,  3080] loss: 1.481
[2,  3100] loss: 1.492
[2,  3120] loss: 1.056
[2,  3140] loss: 2.818
[2,  3160] loss: 0.832
[2,  3180] loss: 1.119
[2,  3200] loss: 1.608
[2,  3220] loss: 1.965
[2,  3240] loss: 0.923
[2,  3260] loss: 1.144
[2,  3280] loss: 1.985
[2,  3300] loss: 1.987
[2,  3320] loss: 1.197
[2,  3340] loss: 0.360
[2,  3360] loss: 0.888
[2,  3380] loss: 0.538
[2,  3400] loss: 0.502
[2,  3420] loss: 0.874
[2,  3440] loss: 0.959
[2,  3460] loss: 0.534
[2,  3480] loss: 1.499
[2,  3500] loss: 0.689
[2,  3520] loss: 0.834
[2,  3540] loss: 0.723
[2,  3560] loss: 0.812
[2,  3580] loss: 1.045
[2,  3600] loss: 1.785
[2,  3620] loss: 1.283
[2,  3640] loss: 2.610
[2,  3660] loss: 1.135
[2,  3680] loss: 2.422
[2,  3700] loss: 1.076
[2,  3720] loss: 0.697
[2,  3740] loss: 0.614
[2,  3760] loss: 0.784
[2,  3780] loss: 0.891
[2,  3800] loss: 1.514
[2,  3820] loss: 0.648
[2,  3840] loss: 1.193
[2,  3860] loss: 1.250
[2,  3880] loss: 2.491
[2,  3900] loss: 1.154
[2,  3920] loss: 1.340
[2,  3940] loss: 1.120
[2,  3960] loss: 0.905
[2,  3980] loss: 0.556
[2,  4000] loss: 0.877
[2,  4020] loss: 5.357
[2,  4040] loss: 2.382
[2,  4060] loss: 1.412
[2,  4080] loss: 0.404
[2,  4100] loss: 1.921
[2,  4120] loss: 3.530
[2,  4140] loss: 2.601
[2,  4160] loss: 0.923
[2,  4180] loss: 0.997
[2,  4200] loss: 0.674
[2,  4220] loss: 1.330
[2,  4240] loss: 3.499
[2,  4260] loss: 1.889
[2,  4280] loss: 1.003
[2,  4300] loss: 0.712
[2,  4320] loss: 0.722
[2,  4340] loss: 0.562
[2,  4360] loss: 0.235
[2,  4380] loss: 0.598
[2,  4400] loss: 0.883
[2,  4420] loss: 2.927
[2,  4440] loss: 2.117
[2,  4460] loss: 4.374
[2,  4480] loss: 2.344
[2,  4500] loss: 2.135
[2,  4520] loss: 4.073
[2,  4540] loss: 0.738
[2,  4560] loss: 0.682
[2,  4580] loss: 0.481
[2,  4600] loss: 0.763
[2,  4620] loss: 0.758
[2,  4640] loss: 0.551
[2,  4660] loss: 0.974
[2,  4680] loss: 1.212
[2,  4700] loss: 1.542
[2,  4720] loss: 1.809
[2,  4740] loss: 0.868
[2,  4760] loss: 0.569
[2,  4780] loss: 0.546
[2,  4800] loss: 0.776
[2,  4820] loss: 0.845
[2,  4840] loss: 1.720
[2,  4860] loss: 0.990
[2,  4880] loss: 2.081
[2,  4900] loss: 2.813
[2,  4920] loss: 2.299
[2,  4940] loss: 2.429
[2,  4960] loss: 0.806
[2,  4980] loss: 0.859
[2,  5000] loss: 5.076
[2,  5020] loss: 5.618
[2,  5040] loss: 6.566
[2,  5060] loss: 25.056
[2,  5080] loss: 40.641
[2,  5100] loss: 42.396
[2,  5120] loss: 5.084
[2,  5140] loss: 4.465
[2,  5160] loss: 4.684
[2,  5180] loss: 2.612
[2,  5200] loss: 1.208
[2,  5220] loss: 1.259
[2,  5240] loss: 0.454
[2,  5260] loss: 1.149
[2,  5280] loss: 0.877
[2,  5300] loss: 1.240
[2,  5320] loss: 0.988
[2,  5340] loss: 0.713
[2,  5360] loss: 0.383
[2,  5380] loss: 0.358
[2,  5400] loss: 0.267
[2,  5420] loss: 0.572
[2,  5440] loss: 0.715
[2,  5460] loss: 0.378
[2,  5480] loss: 0.515
[2,  5500] loss: 0.495
[2,  5520] loss: 0.306
[2,  5540] loss: 0.110
[2,  5560] loss: 0.234
[2,  5580] loss: 0.416
[2,  5600] loss: 0.399
[2,  5620] loss: 0.330
[2,  5640] loss: 0.629
[2,  5660] loss: 0.249
[2,  5680] loss: 0.675
[2,  5700] loss: 0.238
[2,  5720] loss: 0.289
[2,  5740] loss: 0.554
[2,  5760] loss: 0.474
[2,  5780] loss: 0.613
[2,  5800] loss: 0.431
[2,  5820] loss: 0.228
[2,  5840] loss: 0.248
[2,  5860] loss: 0.230
[2,  5880] loss: 0.540
[2,  5900] loss: 0.320
[2,  5920] loss: 0.234
[2,  5940] loss: 0.288
[2,  5960] loss: 0.676
[2,  5980] loss: 0.596
[2,  6000] loss: 0.238
[2,  6020] loss: 0.348
[2,  6040] loss: 0.387
[2,  6060] loss: 0.359
[2,  6080] loss: 0.318
[2,  6100] loss: 0.315
[2,  6120] loss: 0.254
[2,  6140] loss: 0.132
[2,  6160] loss: 0.515
[2,  6180] loss: 0.349
[2,  6200] loss: 0.251
[2,  6220] loss: 0.546
[2,  6240] loss: 0.167
[2,  6260] loss: 0.222
[2,  6280] loss: 0.347
[2,  6300] loss: 0.148
[2,  6320] loss: 0.355
[2,  6340] loss: 0.292
[2,  6360] loss: 0.114
[2,  6380] loss: 0.392
[2,  6400] loss: 0.884
[2,  6420] loss: 0.875
[2,  6440] loss: 1.190
[2,  6460] loss: 2.528
[2,  6480] loss: 1.022
[2,  6500] loss: 0.356
[2,  6520] loss: 0.353
[2,  6540] loss: 0.269
[2,  6560] loss: 0.614
[2,  6580] loss: 0.498
[2,  6600] loss: 0.503
[2,  6620] loss: 0.390
[2,  6640] loss: 0.341
[2,  6660] loss: 0.555
[2,  6680] loss: 0.635
[2,  6700] loss: 0.235
[2,  6720] loss: 0.352
[2,  6740] loss: 0.138
[2,  6760] loss: 0.126
[2,  6780] loss: 0.623
[2,  6800] loss: 0.605
[2,  6820] loss: 0.317
[2,  6840] loss: 0.087
[2,  6860] loss: 0.234
[2,  6880] loss: 0.213
[2,  6900] loss: 0.307
[2,  6920] loss: 0.387
[2,  6940] loss: 0.250
[2,  6960] loss: 0.205
[2,  6980] loss: 0.448
[2,  7000] loss: 0.710
[2,  7020] loss: 0.618
[2,  7040] loss: 0.239
[2,  7060] loss: 0.308
[2,  7080] loss: 0.148
[2,  7100] loss: 0.112
[2,  7120] loss: 0.443
[2,  7140] loss: 1.213
[2,  7160] loss: 1.200
[2,  7180] loss: 0.298
[2,  7200] loss: 0.230
[2,  7220] loss: 0.095
[2,  7240] loss: 0.210
[2,  7260] loss: 0.359
[2,  7280] loss: 0.324
[2,  7300] loss: 0.293
[2,  7320] loss: 0.196
[2,  7340] loss: 0.516
[2,  7360] loss: 0.210
[2,  7380] loss: 0.156
[2,  7400] loss: 0.159
[2,  7420] loss: 0.143
[2,  7440] loss: 0.207
[2,  7460] loss: 0.555
[2,  7480] loss: 0.556
[2,  7500] loss: 1.012
[2,  7520] loss: 0.279
[2,  7540] loss: 0.238
[2,  7560] loss: 0.182
[2,  7580] loss: 0.305
[2,  7600] loss: 0.078
[2,  7620] loss: 0.372
[2,  7640] loss: 0.454
[2,  7660] loss: 0.604
[2,  7680] loss: 0.101
[2,  7700] loss: 0.182
[2,  7720] loss: 0.260
[2,  7740] loss: 0.246
[2,  7760] loss: 0.256
[2,  7780] loss: 0.294
[2,  7800] loss: 0.113
[2,  7820] loss: 0.107
[2,  7840] loss: 0.252
[2,  7860] loss: 0.165
[2,  7880] loss: 0.277
[2,  7900] loss: 0.799
[2,  7920] loss: 0.620
[2,  7940] loss: 0.595
[2,  7960] loss: 0.242
[2,  7980] loss: 0.248
[2,  8000] loss: 0.162
[2,  8020] loss: 0.099
[2,  8040] loss: 0.629
[2,  8060] loss: 0.252
[2,  8080] loss: 0.444
[2,  8100] loss: 0.381
[2,  8120] loss: 0.100
[2,  8140] loss: 0.173
[2,  8160] loss: 0.146
[2,  8180] loss: 0.145
[2,  8200] loss: 0.270
[2,  8220] loss: 0.154
[2,  8240] loss: 0.067
[2,  8260] loss: 0.366
[2,  8280] loss: 0.222
[2,  8300] loss: 0.323
[2,  8320] loss: 1.750
[2,  8340] loss: 2.173
[2,  8360] loss: 0.644
[2,  8380] loss: 0.270
[2,  8400] loss: 0.910
[2,  8420] loss: 0.291
[2,  8440] loss: 0.473
[2,  8460] loss: 0.262
[2,  8480] loss: 0.221
[2,  8500] loss: 0.146
[2,  8520] loss: 0.344
[2,  8540] loss: 0.290
[2,  8560] loss: 0.296
[2,  8580] loss: 0.098
[2,  8600] loss: 0.205
[2,  8620] loss: 0.183
[2,  8640] loss: 0.050
[2,  8660] loss: 0.112
[2,  8680] loss: 0.322
[2,  8700] loss: 0.404
[2,  8720] loss: 0.416
[2,  8740] loss: 0.220
[2,  8760] loss: 0.199
[2,  8780] loss: 0.436
[2,  8800] loss: 0.350
[2,  8820] loss: 0.416
[2,  8840] loss: 0.624
[2,  8860] loss: 0.176
[2,  8880] loss: 0.140
[2,  8900] loss: 0.067
[2,  8920] loss: 0.146
[2,  8940] loss: 0.207
[2,  8960] loss: 0.168
[2,  8980] loss: 0.305
[2,  9000] loss: 0.190
[2,  9020] loss: 0.182
[2,  9040] loss: 0.157
[2,  9060] loss: 0.186
[2,  9080] loss: 0.128
[2,  9100] loss: 0.133
[2,  9120] loss: 0.164
[2,  9140] loss: 0.315
[2,  9160] loss: 0.241
[2,  9180] loss: 0.235
[2,  9200] loss: 0.186
[2,  9220] loss: 0.262
[2,  9240] loss: 0.367
[2,  9260] loss: 0.074
[2,  9280] loss: 0.252
[2,  9300] loss: 0.712
[2,  9320] loss: 0.303
[2,  9340] loss: 0.388
[2,  9360] loss: 0.225
[2,  9380] loss: 0.258
[2,  9400] loss: 0.221
[2,  9420] loss: 0.125
[2,  9440] loss: 0.081
[2,  9460] loss: 0.137
[2,  9480] loss: 0.087
[2,  9500] loss: 0.058
[2,  9520] loss: 0.345
[2,  9540] loss: 0.413
[2,  9560] loss: 0.337
[2,  9580] loss: 0.127
[2,  9600] loss: 0.254
[2,  9620] loss: 0.896
[2,  9640] loss: 1.454
[2,  9660] loss: 0.782
[2,  9680] loss: 1.234
[2,  9700] loss: 0.324
[2,  9720] loss: 0.284
[2,  9740] loss: 0.168
[2,  9760] loss: 0.102
[2,  9780] loss: 0.239
[2,  9800] loss: 0.063
[2,  9820] loss: 0.121
[2,  9840] loss: 0.171
[2,  9860] loss: 0.155
[2,  9880] loss: 0.303
[2,  9900] loss: 0.286
[2,  9920] loss: 0.323
[2,  9940] loss: 0.119
[2,  9960] loss: 0.154
[2,  9980] loss: 0.220
[2, 10000] loss: 0.053
[2, 10020] loss: 0.093
[2, 10040] loss: 0.142
[2, 10060] loss: 0.269
[2, 10080] loss: 0.404
[2, 10100] loss: 0.847
[2, 10120] loss: 0.602
[2, 10140] loss: 0.488
[2, 10160] loss: 0.538
[2, 10180] loss: 0.478
[2, 10200] loss: 1.125
[2, 10220] loss: 1.754
[2, 10240] loss: 1.188
[2, 10260] loss: 0.625
[2, 10280] loss: 0.293
[2, 10300] loss: 0.219
[2, 10320] loss: 0.104
[2, 10340] loss: 0.064
[2, 10360] loss: 0.380
[2, 10380] loss: 0.418
[2, 10400] loss: 0.458
[2, 10420] loss: 0.219
[2, 10440] loss: 0.082
[2, 10460] loss: 0.172
[2, 10480] loss: 0.083
[2, 10500] loss: 0.142
[2, 10520] loss: 0.191
[2, 10540] loss: 0.179
[2, 10560] loss: 0.080
[2, 10580] loss: 0.200
[2, 10600] loss: 0.346
[2, 10620] loss: 0.153
[2, 10640] loss: 0.185
[2, 10660] loss: 0.095
[2, 10680] loss: 0.045
[2, 10700] loss: 0.059
[2, 10720] loss: 0.056
[2, 10740] loss: 0.127
[2, 10760] loss: 0.097
[2, 10780] loss: 0.063
[2, 10800] loss: 0.089
[2, 10820] loss: 0.219
[2, 10840] loss: 0.103
[2, 10860] loss: 0.084
[2, 10880] loss: 0.054
[2, 10900] loss: 0.120
[2, 10920] loss: 0.078
[2, 10940] loss: 0.131
[2, 10960] loss: 0.081
[2, 10980] loss: 0.047
[2, 11000] loss: 0.167
[2, 11020] loss: 0.162
[2, 11040] loss: 0.171
[2, 11060] loss: 0.251
[2, 11080] loss: 0.200
[2, 11100] loss: 0.147
[2, 11120] loss: 0.062
[2, 11140] loss: 0.111
[2, 11160] loss: 0.173
[2, 11180] loss: 0.076
[2, 11200] loss: 0.095
[2, 11220] loss: 0.089
[2, 11240] loss: 0.159
[2, 11260] loss: 0.129
[2, 11280] loss: 0.091
[2, 11300] loss: 0.162
[2, 11320] loss: 0.086
[2, 11340] loss: 0.203
[2, 11360] loss: 0.072
[2, 11380] loss: 0.143
[2, 11400] loss: 0.052
[2, 11420] loss: 0.094
[2, 11440] loss: 0.101
[2, 11460] loss: 0.131
[2, 11480] loss: 0.289
[2, 11500] loss: 0.226
[2, 11520] loss: 0.181
[2, 11540] loss: 0.058
[2, 11560] loss: 0.096
[2, 11580] loss: 0.042
[2, 11600] loss: 0.097
[2, 11620] loss: 0.192
[2, 11640] loss: 0.246
[2, 11660] loss: 0.115
[2, 11680] loss: 0.183
[2, 11700] loss: 0.250
[2, 11720] loss: 0.141
[2, 11740] loss: 0.092
[2, 11760] loss: 0.086
[2, 11780] loss: 0.117
[2, 11800] loss: 0.071
[2, 11820] loss: 0.065
[2, 11840] loss: 0.225
[2, 11860] loss: 0.272
[2, 11880] loss: 0.278
[2, 11900] loss: 0.328
[2, 11920] loss: 0.108
[2, 11940] loss: 0.034
[2, 11960] loss: 0.184
[2, 11980] loss: 0.083
[2, 12000] loss: 0.043
[2, 12020] loss: 0.217
[2, 12040] loss: 0.116
[2, 12060] loss: 0.157
[2, 12080] loss: 0.111
[2, 12100] loss: 0.101
[2, 12120] loss: 0.093
[2, 12140] loss: 0.169
[2, 12160] loss: 0.107
[2, 12180] loss: 0.106
[2, 12200] loss: 0.104
[2, 12220] loss: 0.194
[2, 12240] loss: 0.271
[2, 12260] loss: 0.202
[2, 12280] loss: 0.086
[2, 12300] loss: 0.126
[2, 12320] loss: 0.028
[2, 12340] loss: 0.059
[2, 12360] loss: 0.107
[2, 12380] loss: 0.151
[2, 12400] loss: 0.171
[2, 12420] loss: 0.200
[2, 12440] loss: 0.124
[2, 12460] loss: 0.159
[2, 12480] loss: 0.170
[2, 12500] loss: 0.171
[2, 12520] loss: 0.155
[2, 12540] loss: 0.101
[2, 12560] loss: 0.083
[2, 12580] loss: 0.062
[2, 12600] loss: 0.209
[2, 12620] loss: 0.248
[2, 12640] loss: 0.278
[2, 12660] loss: 0.141
[2, 12680] loss: 0.153
[2, 12700] loss: 0.355
[2, 12720] loss: 0.075
[2, 12740] loss: 0.181
[2, 12760] loss: 0.287
[2, 12780] loss: 0.148
[2, 12800] loss: 0.072
[2, 12820] loss: 0.057
[2, 12840] loss: 0.112
[2, 12860] loss: 0.084
[2, 12880] loss: 0.047
[2, 12900] loss: 0.183
[2, 12920] loss: 0.178
[2, 12940] loss: 0.122
[2, 12960] loss: 0.083
[2, 12980] loss: 0.095
[2, 13000] loss: 0.349
[2, 13020] loss: 0.371
[2, 13040] loss: 0.964
[2, 13060] loss: 0.454
[2, 13080] loss: 3620.437
[2, 13100] loss: 581402.639
[2, 13120] loss: 34335957.260
[2, 13140] loss: 38260974.635
[2, 13160] loss: 6496947.438
[2, 13180] loss: 1443526.436
[2, 13200] loss: 130425.922
[2, 13220] loss: 50283.447
[2, 13240] loss: 13979.035
[2, 13260] loss: 8766.028
[2, 13280] loss: 4732.569
[2, 13300] loss: 3737.953
[2, 13320] loss: 4692.417
[2, 13340] loss: 3096.934
[2, 13360] loss: 3007.389
[2, 13380] loss: 2759.825
[2, 13400] loss: 2560.747
[2, 13420] loss: 2565.368
[2, 13440] loss: 1458.140
[2, 13460] loss: 1883.740
[2, 13480] loss: 3410.862
[2, 13500] loss: 1316.278
[2, 13520] loss: 2230.114
[2, 13540] loss: 1328.808
[2, 13560] loss: 977.247
[2, 13580] loss: 707.061
[2, 13600] loss: 906.784
[2, 13620] loss: 1187.741
[2, 13640] loss: 1196.845
[2, 13660] loss: 1552.442
[2, 13680] loss: 737.180
[2, 13700] loss: 791.966
[2, 13720] loss: 613.439
[2, 13740] loss: 1198.844
[2, 13760] loss: 712.249
[2, 13780] loss: 962.134
[2, 13800] loss: 1069.039
[2, 13820] loss: 989.164
[2, 13840] loss: 743.648
[2, 13860] loss: 691.311
[2, 13880] loss: 569.570
[2, 13900] loss: 364.744
[2, 13920] loss: 792.799
[2, 13940] loss: 610.099
[2, 13960] loss: 608.368
[2, 13980] loss: 830.560
[2, 14000] loss: 677.107
[2, 14020] loss: 963.885
[2, 14040] loss: 549.922
[2, 14060] loss: 636.946
[2, 14080] loss: 264.183
[2, 14100] loss: 639.577
[2, 14120] loss: 418.124
[2, 14140] loss: 504.508
[2, 14160] loss: 447.089
[2, 14180] loss: 463.056
[2, 14200] loss: 605.640
[2, 14220] loss: 499.115
[2, 14240] loss: 461.714
[2, 14260] loss: 258.524
[2, 14280] loss: 342.146
[2, 14300] loss: 553.114
[2, 14320] loss: 592.440
[2, 14340] loss: 288.112
[2, 14360] loss: 454.434
[2, 14380] loss: 250.516
[2, 14400] loss: 366.431
[2, 14420] loss: 407.712
[2, 14440] loss: 186.198
[2, 14460] loss: 220.544
[2, 14480] loss: 247.526
[2, 14500] loss: 277.587
[2, 14520] loss: 388.060
[2, 14540] loss: 297.882
[2, 14560] loss: 306.133
[2, 14580] loss: 254.155
[2, 14600] loss: 339.186
[2, 14620] loss: 370.884
[2, 14640] loss: 241.841
[2, 14660] loss: 198.278
[2, 14680] loss: 160.814
[2, 14700] loss: 155.110
[2, 14720] loss: 268.883
[2, 14740] loss: 255.186
[2, 14760] loss: 78.537
[2, 14780] loss: 166.728
[2, 14800] loss: 333.277
[2, 14820] loss: 176.744
[2, 14840] loss: 280.278
[2, 14860] loss: 111.463
[2, 14880] loss: 152.316
[2, 14900] loss: 137.235
[2, 14920] loss: 98.292
[2, 14940] loss: 254.395
[2, 14960] loss: 197.806
[2, 14980] loss: 176.512
[2, 15000] loss: 115.285
[2, 15020] loss: 267.225
[2, 15040] loss: 268.957
[2, 15060] loss: 135.187
[2, 15080] loss: 186.180
[2, 15100] loss: 94.541
[2, 15120] loss: 139.457
[2, 15140] loss: 200.981
[2, 15160] loss: 271.772
[2, 15180] loss: 112.100
[2, 15200] loss: 94.174
[2, 15220] loss: 152.085
[2, 15240] loss: 260.214
[2, 15260] loss: 199.411
[2, 15280] loss: 88.932
[2, 15300] loss: 113.125
[2, 15320] loss: 82.363
[2, 15340] loss: 185.178
[2, 15360] loss: 125.089
[2, 15380] loss: 171.225
[2, 15400] loss: 153.706
[2, 15420] loss: 143.300
[2, 15440] loss: 87.186
[2, 15460] loss: 137.301
[2, 15480] loss: 315.463
[2, 15500] loss: 74.277
[2, 15520] loss: 149.952
[2, 15540] loss: 88.836
[2, 15560] loss: 144.757
[2, 15580] loss: 56.194
[2, 15600] loss: 142.656
[2, 15620] loss: 98.280
[2, 15640] loss: 66.756
[2, 15660] loss: 62.502
[2, 15680] loss: 146.256
[2, 15700] loss: 183.264
[2, 15720] loss: 72.057
[2, 15740] loss: 124.122
[2, 15760] loss: 109.721
[2, 15780] loss: 90.037
[2, 15800] loss: 71.961
[2, 15820] loss: 97.297
[2, 15840] loss: 95.508
[2, 15860] loss: 133.031
[2, 15880] loss: 101.292
[2, 15900] loss: 125.951
[2, 15920] loss: 85.982
[2, 15940] loss: 76.953
[2, 15960] loss: 100.564
[2, 15980] loss: 73.272
[2, 16000] loss: 54.879
[2, 16020] loss: 169.448
[2, 16040] loss: 169.508
[2, 16060] loss: 69.071
[2, 16080] loss: 63.343
[2, 16100] loss: 79.055
[2, 16120] loss: 89.756
[2, 16140] loss: 80.642
[2, 16160] loss: 109.236
[2, 16180] loss: 61.390
[2, 16200] loss: 51.044
[2, 16220] loss: 93.326
[2, 16240] loss: 55.274
[2, 16260] loss: 65.992
[2, 16280] loss: 90.134
[2, 16300] loss: 93.158
[2, 16320] loss: 107.008
[2, 16340] loss: 132.495
[2, 16360] loss: 57.057
[2, 16380] loss: 105.570
[2, 16400] loss: 93.833
[2, 16420] loss: 76.618
[2, 16440] loss: 83.608
[2, 16460] loss: 101.437
[2, 16480] loss: 121.853
[2, 16500] loss: 74.508
[2, 16520] loss: 102.236
[2, 16540] loss: 61.296
[2, 16560] loss: 61.708
[2, 16580] loss: 97.540
[2, 16600] loss: 39.644
[2, 16620] loss: 92.921
[2, 16640] loss: 95.533
[2, 16660] loss: 78.566
[2, 16680] loss: 48.163
[2, 16700] loss: 95.028
[2, 16720] loss: 63.157
[2, 16740] loss: 110.193
[2, 16760] loss: 57.891
[2, 16780] loss: 57.250
[2, 16800] loss: 62.198
[2, 16820] loss: 76.221
[2, 16840] loss: 57.273
[2, 16860] loss: 53.147
[2, 16880] loss: 109.869
[2, 16900] loss: 89.383
[2, 16920] loss: 54.016
[2, 16940] loss: 73.141
[2, 16960] loss: 66.260
[2, 16980] loss: 24.035
[2, 17000] loss: 70.672
[2, 17020] loss: 76.496
[2, 17040] loss: 57.586
[2, 17060] loss: 41.228
[2, 17080] loss: 64.968
[2, 17100] loss: 69.901
[2, 17120] loss: 65.961
[2, 17140] loss: 83.684
[2, 17160] loss: 99.406
[2, 17180] loss: 80.435
[2, 17200] loss: 41.827
[2, 17220] loss: 56.820
[2, 17240] loss: 65.112
[2, 17260] loss: 67.483
[2, 17280] loss: 82.615
[2, 17300] loss: 65.547
[2, 17320] loss: 94.341
[2, 17340] loss: 86.731
[2, 17360] loss: 64.863
[2, 17380] loss: 45.492
[2, 17400] loss: 67.156
[2, 17420] loss: 38.732
[2, 17440] loss: 43.363
[2, 17460] loss: 71.676
[2, 17480] loss: 56.455
[2, 17500] loss: 101.309
[2, 17520] loss: 41.618
[2, 17540] loss: 94.225
[2, 17560] loss: 41.784
[2, 17580] loss: 74.720
[2, 17600] loss: 24.351
[2, 17620] loss: 91.249
[2, 17640] loss: 46.588
[2, 17660] loss: 51.186
[2, 17680] loss: 40.331
[2, 17700] loss: 48.850
[2, 17720] loss: 130.145
[2, 17740] loss: 55.207
[2, 17760] loss: 70.147
[2, 17780] loss: 71.415
[2, 17800] loss: 74.608
[2, 17820] loss: 31.804
[2, 17840] loss: 30.558
[2, 17860] loss: 27.017
[2, 17880] loss: 40.005
[2, 17900] loss: 37.227
[2, 17920] loss: 77.033
[2, 17940] loss: 54.091
[2, 17960] loss: 40.891
[2, 17980] loss: 48.197
[2, 18000] loss: 57.653
[2, 18020] loss: 31.698
[2, 18040] loss: 45.121
[2, 18060] loss: 34.388
[2, 18080] loss: 30.701
[2, 18100] loss: 43.516
[2, 18120] loss: 53.044
[2, 18140] loss: 69.478
[2, 18160] loss: 34.681
[2, 18180] loss: 27.333
[2, 18200] loss: 92.772
[2, 18220] loss: 77.124
[2, 18240] loss: 34.137
[2, 18260] loss: 74.094
[2, 18280] loss: 76.588
[2, 18300] loss: 47.083
[2, 18320] loss: 34.377
[2, 18340] loss: 21.617
[2, 18360] loss: 56.144
[2, 18380] loss: 45.108
[2, 18400] loss: 75.779
[2, 18420] loss: 68.502
[2, 18440] loss: 102.218
[2, 18460] loss: 39.882
[2, 18480] loss: 28.472
[2, 18500] loss: 39.896
[2, 18520] loss: 29.756
[2, 18540] loss: 62.902
[2, 18560] loss: 57.448
[2, 18580] loss: 30.651
[2, 18600] loss: 46.886
[2, 18620] loss: 29.894
[2, 18640] loss: 40.738
[2, 18660] loss: 29.852
[2, 18680] loss: 14.631
[2, 18700] loss: 34.916
[2, 18720] loss: 59.247
[2, 18740] loss: 71.135
[2, 18760] loss: 40.065
[2, 18780] loss: 59.406
[2, 18800] loss: 19.765
[2, 18820] loss: 18.160
[2, 18840] loss: 23.980
[2, 18860] loss: 36.452
[2, 18880] loss: 54.151
[2, 18900] loss: 33.398
[2, 18920] loss: 44.754
[2, 18940] loss: 40.154
[2, 18960] loss: 26.316
[2, 18980] loss: 41.416
[2, 19000] loss: 19.034
[2, 19020] loss: 72.858
[2, 19040] loss: 59.124
[2, 19060] loss: 69.771
[2, 19080] loss: 24.178
[2, 19100] loss: 34.787
[2, 19120] loss: 66.472
[2, 19140] loss: 29.541
[2, 19160] loss: 81.990
[2, 19180] loss: 63.887
[2, 19200] loss: 57.565
[2, 19220] loss: 130.754
[2, 19240] loss: 232.131
[2, 19260] loss: 23.855
[2, 19280] loss: 51.375
[2, 19300] loss: 30.404
[2, 19320] loss: 47.544
[2, 19340] loss: 19.796
[2, 19360] loss: 24.474
[2, 19380] loss: 42.743
[2, 19400] loss: 33.222
[2, 19420] loss: 15.994
[2, 19440] loss: 33.031
[2, 19460] loss: 11.104
[2, 19480] loss: 50.262
[2, 19500] loss: 41.141
[2, 19520] loss: 137.783
[2, 19540] loss: 422.448
[2, 19560] loss: 68.780
[2, 19580] loss: 36.335
[2, 19600] loss: 28.543
[2, 19620] loss: 25.971
[2, 19640] loss: 22.846
[2, 19660] loss: 23.826
[2, 19680] loss: 39.910
[2, 19700] loss: 35.910
[2, 19720] loss: 26.057
[2, 19740] loss: 63.564
[2, 19760] loss: 25.535
[2, 19780] loss: 32.001
[2, 19800] loss: 21.897
[2, 19820] loss: 27.905
[2, 19840] loss: 11.324
[2, 19860] loss: 15.349
[2, 19880] loss: 15.013
[2, 19900] loss: 10.465
[2, 19920] loss: 51.940
[2, 19940] loss: 50.780
[2, 19960] loss: 57.487
[2, 19980] loss: 98.821
[2, 20000] loss: 212.144
[2, 20020] loss: 102.147
[2, 20040] loss: 63.628
[2, 20060] loss: 77.339
[2, 20080] loss: 327.856
[2, 20100] loss: 195.387
[2, 20120] loss: 65.599
[2, 20140] loss: 14.822
[2, 20160] loss: 21.160
[2, 20180] loss: 14.694
[2, 20200] loss: 19.529
[2, 20220] loss: 29.903
[2, 20240] loss: 28.390
[2, 20260] loss: 26.008
[2, 20280] loss: 28.401
[2, 20300] loss: 35.032
[2, 20320] loss: 66.271
[2, 20340] loss: 15.680
[2, 20360] loss: 12.647
[2, 20380] loss: 13.504
[2, 20400] loss: 40.810
[2, 20420] loss: 18.809
[2, 20440] loss: 32.667
[2, 20460] loss: 32.980
[2, 20480] loss: 71.961
[2, 20500] loss: 37.412
[2, 20520] loss: 24.841
[2, 20540] loss: 46.693
[2, 20560] loss: 26.530
[2, 20580] loss: 14.973
[2, 20600] loss: 19.847
[2, 20620] loss: 33.348
[2, 20640] loss: 41.781
[2, 20660] loss: 24.400
[2, 20680] loss: 17.957
[2, 20700] loss: 42.065
[2, 20720] loss: 30.621
[2, 20740] loss: 30.088
[2, 20760] loss: 29.497
[2, 20780] loss: 10.889
[2, 20800] loss: 17.108
[2, 20820] loss: 11.855
[2, 20840] loss: 15.277
[2, 20860] loss: 20.855
[2, 20880] loss: 16.450
[2, 20900] loss: 17.694
[2, 20920] loss: 20.336
[2, 20940] loss: 26.539
[2, 20960] loss: 7.241
[2, 20980] loss: 8.764
[2, 21000] loss: 9.758
[2, 21020] loss: 10.014
[2, 21040] loss: 21.714
[2, 21060] loss: 23.235
[2, 21080] loss: 37.101
[2, 21100] loss: 43.779
[2, 21120] loss: 27.390
[2, 21140] loss: 40.754
[2, 21160] loss: 21.133
[2, 21180] loss: 106.344
[2, 21200] loss: 158.354
[2, 21220] loss: 95.864
[2, 21240] loss: 27.353
[2, 21260] loss: 15.202
[2, 21280] loss: 14.169
[2, 21300] loss: 10.311
[2, 21320] loss: 18.358
[2, 21340] loss: 26.827
[2, 21360] loss: 26.401
[2, 21380] loss: 11.169
[2, 21400] loss: 26.541
[2, 21420] loss: 41.801
[2, 21440] loss: 10.951
[2, 21460] loss: 16.925
[2, 21480] loss: 15.278
[2, 21500] loss: 20.916
[2, 21520] loss: 7.922
[2, 21540] loss: 14.627
[2, 21560] loss: 48.501
[2, 21580] loss: 20.749
[2, 21600] loss: 20.355
[2, 21620] loss: 16.112
[2, 21640] loss: 12.289
[2, 21660] loss: 12.266
[2, 21680] loss: 6.407
[2, 21700] loss: 20.232
[2, 21720] loss: 20.011
[2, 21740] loss: 10.914
[2, 21760] loss: 12.538
[2, 21780] loss: 8.002
[2, 21800] loss: 10.216
[2, 21820] loss: 12.396
[2, 21840] loss: 10.024
[2, 21860] loss: 5.816
[2, 21880] loss: 5.890
[2, 21900] loss: 9.820
[2, 21920] loss: 9.126
[2, 21940] loss: 4.683
[2, 21960] loss: 25.905
[2, 21980] loss: 82.869
[2, 22000] loss: 114.922
[2, 22020] loss: 56.195
[2, 22040] loss: 92.883
[2, 22060] loss: 43.259
[2, 22080] loss: 42.774
[2, 22100] loss: 15.942
[2, 22120] loss: 14.823
[2, 22140] loss: 10.247
[2, 22160] loss: 7.948
[2, 22180] loss: 11.300
[2, 22200] loss: 5.204
[2, 22220] loss: 5.768
[2, 22240] loss: 7.514
[2, 22260] loss: 10.065
[2, 22280] loss: 7.561
[2, 22300] loss: 4.943
[2, 22320] loss: 5.254
[2, 22340] loss: 6.035
[2, 22360] loss: 7.410
[2, 22380] loss: 2.535
[2, 22400] loss: 4.291
[2, 22420] loss: 4.869
[2, 22440] loss: 7.136
[2, 22460] loss: 6.702
[2, 22480] loss: 19.058
[2, 22500] loss: 9.980
[2, 22520] loss: 6.556
[2, 22540] loss: 6.646
[2, 22560] loss: 11.385
[2, 22580] loss: 6.501
[2, 22600] loss: 4.230
[2, 22620] loss: 7.073
[2, 22640] loss: 2.358
[2, 22660] loss: 16.656
[2, 22680] loss: 52.447
[2, 22700] loss: 68.245
[2, 22720] loss: 118.643
[2, 22740] loss: 45.309
[2, 22760] loss: 28.139
[2, 22780] loss: 23.419
[2, 22800] loss: 8.228
[2, 22820] loss: 4.275
[2, 22840] loss: 3.964
[2, 22860] loss: 4.057
[2, 22880] loss: 5.071
[2, 22900] loss: 12.539
[2, 22920] loss: 4.669
[2, 22940] loss: 4.571
[2, 22960] loss: 4.924
[2, 22980] loss: 4.188
[2, 23000] loss: 1.938
[2, 23020] loss: 5.196
[2, 23040] loss: 2.870
[2, 23060] loss: 3.871
[2, 23080] loss: 4.044
[2, 23100] loss: 3.011
[2, 23120] loss: 3.383
[2, 23140] loss: 2.965
[2, 23160] loss: 1.845
[2, 23180] loss: 1.645
[2, 23200] loss: 1.096
[2, 23220] loss: 1.397
[2, 23240] loss: 2.669
[2, 23260] loss: 2.007
[2, 23280] loss: 4.883
[2, 23300] loss: 2.998
[2, 23320] loss: 6.481
[2, 23340] loss: 8.725
[2, 23360] loss: 17.016
[2, 23380] loss: 3.377
[2, 23400] loss: 2.510
[2, 23420] loss: 4.154
[2, 23440] loss: 2.644
[2, 23460] loss: 3.642
[2, 23480] loss: 3.106
[2, 23500] loss: 4.507
[2, 23520] loss: 6.436
[2, 23540] loss: 7.606
[2, 23560] loss: 2.507
[2, 23580] loss: 2.773
[2, 23600] loss: 1.843
[2, 23620] loss: 3.068
[2, 23640] loss: 1.958
[2, 23660] loss: 2.122
[2, 23680] loss: 2.545
[2, 23700] loss: 1.416
[2, 23720] loss: 1.741
[2, 23740] loss: 1.748
[2, 23760] loss: 2.576
[2, 23780] loss: 2.154
[2, 23800] loss: 1.612
[2, 23820] loss: 2.286
[2, 23840] loss: 4.926
[2, 23860] loss: 3.213
[2, 23880] loss: 1.504
[2, 23900] loss: 2.595
[2, 23920] loss: 2.054
[2, 23940] loss: 7.063
[2, 23960] loss: 6.898
[2, 23980] loss: 4.575
[2, 24000] loss: 4.338
[2, 24020] loss: 4.612
[2, 24040] loss: 4.090
[2, 24060] loss: 1.491
[2, 24080] loss: 1.775
[2, 24100] loss: 2.103
[2, 24120] loss: 1.164
[2, 24140] loss: 1.847
[2, 24160] loss: 2.331
[2, 24180] loss: 1.472
[2, 24200] loss: 11.976
[2, 24220] loss: 7.123
[2, 24240] loss: 6.294
[2, 24260] loss: 3.809
[2, 24280] loss: 2.205
[2, 24300] loss: 3.138
[2, 24320] loss: 1.216
[2, 24340] loss: 1.823
[2, 24360] loss: 4.663
[2, 24380] loss: 7.518
[2, 24400] loss: 9.935
[2, 24420] loss: 7.366
[2, 24440] loss: 4.626
[2, 24460] loss: 1.180
[2, 24480] loss: 2.378
[2, 24500] loss: 6.905
[2, 24520] loss: 8.227
[2, 24540] loss: 27.772
[2, 24560] loss: 10.002
[2, 24580] loss: 16.189
[2, 24600] loss: 5.705
[2, 24620] loss: 3.798
[2, 24640] loss: 0.851
[2, 24660] loss: 1.786
[2, 24680] loss: 1.431
[2, 24700] loss: 0.944
[2, 24720] loss: 1.704
[2, 24740] loss: 1.837
[2, 24760] loss: 2.660
[2, 24780] loss: 3.742
[2, 24800] loss: 4.534
[2, 24820] loss: 3.359
[2, 24840] loss: 3.943
[2, 24860] loss: 2.195
[2, 24880] loss: 1.871
[2, 24900] loss: 1.477
[2, 24920] loss: 5.399
[2, 24940] loss: 6.353
[2, 24960] loss: 6.358
[2, 24980] loss: 40.434
[2, 25000] loss: 14.877
[2, 25020] loss: 15.023
[2, 25040] loss: 4.209
[2, 25060] loss: 2.378
[2, 25080] loss: 2.335
[2, 25100] loss: 3.377
[2, 25120] loss: 10.318
[2, 25140] loss: 9.474
[2, 25160] loss: 8.309
[2, 25180] loss: 13.892
[2, 25200] loss: 5.659
[2, 25220] loss: 2.292
[2, 25240] loss: 2.464
[2, 25260] loss: 4.110
[2, 25280] loss: 2.087
[2, 25300] loss: 2.405
[2, 25320] loss: 1.236
[2, 25340] loss: 0.942
[2, 25360] loss: 1.055
[2, 25380] loss: 1.689
[2, 25400] loss: 1.994
[2, 25420] loss: 1.731
[2, 25440] loss: 1.271
[2, 25460] loss: 0.782
[2, 25480] loss: 3.731
[2, 25500] loss: 5.771
[2, 25520] loss: 28.062
[2, 25540] loss: 37.022
[2, 25560] loss: 28.002
[2, 25580] loss: 25.416
[2, 25600] loss: 3.570
[2, 25620] loss: 3.214
[2, 25640] loss: 2.516
[2, 25660] loss: 1.020
[2, 25680] loss: 1.854
[2, 25700] loss: 2.052
[2, 25720] loss: 1.001
[2, 25740] loss: 0.508
[2, 25760] loss: 1.129
[2, 25780] loss: 1.090
[2, 25800] loss: 1.202
[2, 25820] loss: 1.254
[2, 25840] loss: 2.616
[2, 25860] loss: 2.502
[2, 25880] loss: 1.740
[2, 25900] loss: 1.486
[2, 25920] loss: 3.171
[2, 25940] loss: 2.843
[2, 25960] loss: 7.973
[2, 25980] loss: 14.257
[2, 26000] loss: 8.608
[2, 26020] loss: 8.098
[2, 26040] loss: 7.837
[2, 26060] loss: 3.113
[2, 26080] loss: 2.512
[2, 26100] loss: 2.204
[2, 26120] loss: 6.451
[2, 26140] loss: 6.120
[2, 26160] loss: 2.687
[2, 26180] loss: 2.102
[2, 26200] loss: 3.631
[2, 26220] loss: 4.341
[2, 26240] loss: 0.708
[2, 26260] loss: 0.975
[2, 26280] loss: 2.450
[2, 26300] loss: 2.167
[2, 26320] loss: 5.954
[2, 26340] loss: 4.952
[2, 26360] loss: 0.528
[2, 26380] loss: 1.076
[2, 26400] loss: 0.968
[2, 26420] loss: 0.621
[2, 26440] loss: 1.414
[2, 26460] loss: 4.639
[2, 26480] loss: 2.033
[2, 26500] loss: 0.803
[2, 26520] loss: 0.986
[2, 26540] loss: 0.771
[2, 26560] loss: 1.936
[2, 26580] loss: 1.781
[2, 26600] loss: 1.596
[2, 26620] loss: 1.208
[2, 26640] loss: 1.019
[2, 26660] loss: 0.682
[2, 26680] loss: 1.127
[2, 26700] loss: 1.574
[2, 26720] loss: 2.077
[2, 26740] loss: 1.152
[2, 26760] loss: 1.536
[2, 26780] loss: 2.182
[2, 26800] loss: 1.446
[2, 26820] loss: 2.857
[2, 26840] loss: 2.592
[2, 26860] loss: 1.965
[2, 26880] loss: 0.764
[2, 26900] loss: 2.832
[2, 26920] loss: 2.030
[2, 26940] loss: 2.061
[2, 26960] loss: 2.364
[2, 26980] loss: 5.253
[2, 27000] loss: 7.202
[2, 27020] loss: 2.529
[2, 27040] loss: 0.977
[2, 27060] loss: 0.394
[2, 27080] loss: 2.631
[2, 27100] loss: 1.683
[2, 27120] loss: 2.037
[2, 27140] loss: 1.103
[2, 27160] loss: 0.595
[2, 27180] loss: 0.874
[2, 27200] loss: 1.017
[2, 27220] loss: 1.026
[2, 27240] loss: 1.483
[2, 27260] loss: 1.043
[2, 27280] loss: 4.934
[2, 27300] loss: 2.295
[2, 27320] loss: 1.635
[2, 27340] loss: 1.795
[2, 27360] loss: 2.398
[2, 27380] loss: 1.961
[2, 27400] loss: 0.946
[2, 27420] loss: 0.582
[2, 27440] loss: 0.951
[2, 27460] loss: 0.859
[2, 27480] loss: 0.273
[2, 27500] loss: 1.490
[2, 27520] loss: 3.180
[2, 27540] loss: 1.613
[2, 27560] loss: 1.077
[2, 27580] loss: 0.455
[2, 27600] loss: 0.270
[2, 27620] loss: 0.564
[2, 27640] loss: 0.768
[2, 27660] loss: 1.469
[2, 27680] loss: 1.593
[2, 27700] loss: 2.429
[2, 27720] loss: 1.630
[2, 27740] loss: 1.155
[2, 27760] loss: 2.251
[2, 27780] loss: 2.184
[2, 27800] loss: 1.403
[2, 27820] loss: 0.846
[2, 27840] loss: 4.841
[2, 27860] loss: 3.462
[2, 27880] loss: 3.200
[2, 27900] loss: 5.910
[2, 27920] loss: 2.736
[2, 27940] loss: 1.706
[2, 27960] loss: 5.565
[2, 27980] loss: 5.486
[2, 28000] loss: 4.595
[2, 28020] loss: 1.230
[2, 28040] loss: 0.819
[2, 28060] loss: 2.978
[2, 28080] loss: 3.314
[2, 28100] loss: 2.662
[2, 28120] loss: 4.629
[2, 28140] loss: 17.697
[2, 28160] loss: 37.879
[2, 28180] loss: 639.275
[2, 28200] loss: 1004067.794
[2, 28220] loss: 814923.581
[2, 28240] loss: 18868916.541
[2, 28260] loss: 3322511.688
[2, 28280] loss: 51479780.614
[2, 28300] loss: 17452330.250
[2, 28320] loss: 2678730.706
[2, 28340] loss: 394302.179
[2, 28360] loss: 95507.101
[2, 28380] loss: 46365.714
[2, 28400] loss: 23413.859
[2, 28420] loss: 27634.405
[2, 28440] loss: 29244.001
[2, 28460] loss: 25089.098
[2, 28480] loss: 7364.040
[2, 28500] loss: 29108.574
[2, 28520] loss: 13871.305
[2, 28540] loss: 7596.689
[2, 28560] loss: 9213.688
[2, 28580] loss: 11156.606
[2, 28600] loss: 9165.471
[2, 28620] loss: 5961.994
[2, 28640] loss: 3772.823
[2, 28660] loss: 5589.133
[2, 28680] loss: 6425.042
[2, 28700] loss: 7798.074
[2, 28720] loss: 4966.239
[2, 28740] loss: 1846.982
[2, 28760] loss: 7123.179
[2, 28780] loss: 7318.263
[2, 28800] loss: 3074.974
[2, 28820] loss: 4316.560
[2, 28840] loss: 1840.817
[2, 28860] loss: 4854.393
[2, 28880] loss: 5703.166
[2, 28900] loss: 5759.657
[2, 28920] loss: 5557.295
[2, 28940] loss: 4322.930
[2, 28960] loss: 3611.502
[2, 28980] loss: 3875.186
[2, 29000] loss: 4064.616
[2, 29020] loss: 3188.516
[2, 29040] loss: 3049.605
[2, 29060] loss: 3547.787
[2, 29080] loss: 2562.902
[2, 29100] loss: 3808.437
[2, 29120] loss: 4406.220
[2, 29140] loss: 2745.188
[2, 29160] loss: 3422.774
[2, 29180] loss: 4836.752
[2, 29200] loss: 2068.720
[2, 29220] loss: 2495.219
[2, 29240] loss: 3016.973
[2, 29260] loss: 2003.004
[2, 29280] loss: 1894.555
[2, 29300] loss: 1816.339
[2, 29320] loss: 4148.643
[2, 29340] loss: 1998.511
[2, 29360] loss: 2498.418
[2, 29380] loss: 1365.511
[2, 29400] loss: 1800.231
[2, 29420] loss: 3223.182
[2, 29440] loss: 4261.524
[2, 29460] loss: 3204.462
[2, 29480] loss: 1767.641
[2, 29500] loss: 1295.124
[2, 29520] loss: 2100.448
[2, 29540] loss: 3710.673
[2, 29560] loss: 1866.127
[2, 29580] loss: 1394.426
[2, 29600] loss: 1872.795
[2, 29620] loss: 2310.772
[2, 29640] loss: 2638.059
[2, 29660] loss: 1670.625
[2, 29680] loss: 1560.517
[2, 29700] loss: 2988.311
[2, 29720] loss: 2011.919
[2, 29740] loss: 1768.262
[2, 29760] loss: 2763.325
[2, 29780] loss: 1952.100
[2, 29800] loss: 1590.207
[2, 29820] loss: 1630.295
[2, 29840] loss: 2049.377
[2, 29860] loss: 1682.244
[2, 29880] loss: 1924.938
[2, 29900] loss: 1756.764
[2, 29920] loss: 2351.752
[2, 29940] loss: 1298.268
[2, 29960] loss: 1585.470
[2, 29980] loss: 2139.358
[2, 30000] loss: 1873.587
[2, 30020] loss: 803.102
[2, 30040] loss: 2215.257
[2, 30060] loss: 3135.486
[2, 30080] loss: 2494.247
[2, 30100] loss: 1304.286
[2, 30120] loss: 1164.669
[2, 30140] loss: 2262.703
[2, 30160] loss: 1352.656
[2, 30180] loss: 963.546
[2, 30200] loss: 1346.114
[2, 30220] loss: 1331.363
[2, 30240] loss: 1080.366
[2, 30260] loss: 1092.355
[2, 30280] loss: 1851.249
[2, 30300] loss: 1914.046
[2, 30320] loss: 1475.258
[2, 30340] loss: 1368.595
[2, 30360] loss: 766.751
[2, 30380] loss: 1031.711
[2, 30400] loss: 1058.007
[2, 30420] loss: 1789.607
[1,    20] loss: 271.424
[1,    40] loss: 398.510
[1,    60] loss: 1229.379
[1,    80] loss: 950.301
[1,   100] loss: 808.682
[1,   120] loss: 1079.299
[1,   140] loss: 954.962
[1,   160] loss: 919.220
[1,   180] loss: 921.561
[1,   200] loss: 862.845
[1,   220] loss: 947.029
[1,   240] loss: 1006.061
[1,   260] loss: 956.950
[1,   280] loss: 986.183
[1,   300] loss: 994.803
[1,   320] loss: 991.209
[1,   340] loss: 1063.662
[1,   360] loss: 1242.353
[1,   380] loss: 1344.865
[1,   400] loss: 1407.269
[1,   420] loss: 1631.315
[1,   440] loss: 1846.161
[1,   460] loss: 1866.367
[1,   480] loss: 1957.349
[1,   500] loss: 2214.183
[1,   520] loss: 2595.788
[1,   540] loss: 2889.232
[1,   560] loss: 3113.986
[1,   580] loss: 3159.197
[1,   600] loss: 3075.550
[1,   620] loss: 3041.951
[1,   640] loss: 3021.428
[1,   660] loss: 2935.771
[1,   680] loss: 2857.971
[1,   700] loss: 2796.982
[1,   720] loss: 2737.479
[1,   740] loss: 2684.125
[1,   760] loss: 2638.132
[1,   780] loss: 2595.351
[1,   800] loss: 2561.663
[1,   820] loss: 2530.566
[1,   840] loss: 2494.947
[1,   860] loss: 2446.717
[1,   880] loss: 2394.143
[1,   900] loss: 2367.032
[1,   920] loss: 2347.224
[1,   940] loss: 2319.052
[1,   960] loss: 2316.710
[1,   980] loss: 2316.126
[1,  1000] loss: 2277.527
[1,  1020] loss: 2240.666
[1,  1040] loss: 2223.428
[1,  1060] loss: 2219.570
[1,  1080] loss: 2211.317
[1,  1100] loss: 2182.330
[1,  1120] loss: 2147.289
[1,  1140] loss: 2113.355
[1,  1160] loss: 2079.239
[1,  1180] loss: 2047.299
[1,  1200] loss: 2020.822
[1,  1220] loss: 2037.820
[1,  1240] loss: 2013.438
[1,  1260] loss: 1984.718
[1,  1280] loss: 1971.175
[1,  1300] loss: 2003.804
[1,  1320] loss: 1982.625
[1,  1340] loss: 1954.805
[1,  1360] loss: 1928.684
[1,  1380] loss: 1902.159
[1,  1400] loss: 1884.381
[1,  1420] loss: 1878.093
[1,  1440] loss: 1924.642
[1,  1460] loss: 1991.278
[1,  1480] loss: 2028.616
[1,  1500] loss: 2100.392
[1,  1520] loss: 2185.174
[1,  1540] loss: 2267.027
[1,  1560] loss: 2342.606
[1,  1580] loss: 2423.592
[1,  1600] loss: 2498.747
[1,  1620] loss: 2558.163
[1,  1640] loss: 2604.969
[1,  1660] loss: 2642.909
[1,  1680] loss: 2668.910
[1,  1700] loss: 2717.543
[1,  1720] loss: 2759.403
[1,  1740] loss: 2750.703
[1,  1760] loss: 2751.194
[1,  1780] loss: 2775.356
[1,  1800] loss: 2784.848
[1,  1820] loss: 2791.301
[1,  1840] loss: 2793.535
[1,  1860] loss: 2775.301
[1,  1880] loss: 2748.717
[1,  1900] loss: 2722.119
[1,  1920] loss: 2695.527
[1,  1940] loss: 2669.817
[1,  1960] loss: 2649.608
[1,  1980] loss: 2646.130
[1,  2000] loss: 2635.181
[1,  2020] loss: 2611.599
[1,  2040] loss: 2587.617
[1,  2060] loss: 2564.340
[1,  2080] loss: 2543.341
[1,  2100] loss: 2522.954
[1,  2120] loss: 2505.208
[1,  2140] loss: 2507.863
[1,  2160] loss: 2524.687
[1,  2180] loss: 2541.627
[1,  2200] loss: 2555.903
[1,  2220] loss: 2549.069
[1,  2240] loss: 2539.660
[1,  2260] loss: 2538.426
[1,  2280] loss: 2526.648
[1,  2300] loss: 2515.508
[1,  2320] loss: 2507.100
[1,  2340] loss: 2491.417
[1,  2360] loss: 2475.474
[1,  2380] loss: 2462.212
[1,  2400] loss: 2442.885
[1,  2420] loss: 2422.987
[1,  2440] loss: 2407.527
[1,  2460] loss: 2389.953
[1,  2480] loss: 2370.894
[1,  2500] loss: 2352.077
[1,  2520] loss: 2334.652
[1,  2540] loss: 2322.723
[1,  2560] loss: 2315.684
[1,  2580] loss: 2308.859
[1,  2600] loss: 2310.600
[1,  2620] loss: 2311.448
[1,  2640] loss: 2303.139
[1,  2660] loss: 2296.929
[1,  2680] loss: 2298.240
[1,  2700] loss: 2287.981
[1,  2720] loss: 2271.550
[1,  2740] loss: 2255.085
[1,  2760] loss: 2246.648
[1,  2780] loss: 2250.249
[1,  2800] loss: 2267.044
[1,  2820] loss: 2276.922
[1,  2840] loss: 2275.758
[1,  2860] loss: 2279.363
[1,  2880] loss: 2292.285
[1,  2900] loss: 2325.195
[1,  2920] loss: 2354.686
[1,  2940] loss: 2345.918
[1,  2960] loss: 2333.120
[1,  2980] loss: 2325.012
[1,  3000] loss: 2309.763
[1,  3020] loss: 2294.807
[1,  3040] loss: 2281.310
[1,  3060] loss: 2270.530
[1,  3080] loss: 2260.991
[1,  3100] loss: 2250.828
[1,  3120] loss: 2246.236
[1,  3140] loss: 2247.088
[1,  3160] loss: 2251.276
[1,  3180] loss: 2262.568
[1,  3200] loss: 2281.855
[1,  3220] loss: 2294.180
[1,  3240] loss: 2290.873
[1,  3260] loss: 2281.484
[1,  3280] loss: 2285.155
[1,  3300] loss: 2301.150
[1,  3320] loss: 2323.948
[1,  3340] loss: 2330.141
[1,  3360] loss: 2327.473
[2,    20] loss: 271.424
[2,    40] loss: 398.510
[2,    60] loss: 1229.379
[2,    80] loss: 950.301
[2,   100] loss: 808.682
[2,   120] loss: 1079.299
[2,   140] loss: 954.962
[2,   160] loss: 919.220
[2,   180] loss: 921.561
[2,   200] loss: 862.845
[2,   220] loss: 947.029
[2,   240] loss: 1006.061
[2,   260] loss: 956.950
[2,   280] loss: 986.183
[2,   300] loss: 994.803
[2,   320] loss: 991.209
[2,   340] loss: 1063.662
[2,   360] loss: 1242.353
[2,   380] loss: 1344.865
[2,   400] loss: 1407.269
[2,   420] loss: 1631.315
[2,   440] loss: 1846.161
[2,   460] loss: 1866.367
[2,   480] loss: 1957.349
[2,   500] loss: 2214.183
[2,   520] loss: 2595.788
[2,   540] loss: 2889.232
[2,   560] loss: 3113.986
[2,   580] loss: 3159.197
[2,   600] loss: 3075.550
[2,   620] loss: 3041.951
[2,   640] loss: 3021.428
[2,   660] loss: 2935.771
[2,   680] loss: 2857.971
[2,   700] loss: 2796.982
[2,   720] loss: 2737.479
[2,   740] loss: 2684.125
[2,   760] loss: 2638.132
[2,   780] loss: 2595.351
[2,   800] loss: 2561.663
[2,   820] loss: 2530.566
[2,   840] loss: 2494.947
[2,   860] loss: 2446.717
[2,   880] loss: 2394.143
[2,   900] loss: 2367.032
[2,   920] loss: 2347.224
[2,   940] loss: 2319.052
[2,   960] loss: 2316.710
[2,   980] loss: 2316.126
[2,  1000] loss: 2277.527
[2,  1020] loss: 2240.666
[2,  1040] loss: 2223.428
[2,  1060] loss: 2219.570
[2,  1080] loss: 2211.317
[2,  1100] loss: 2182.330
[2,  1120] loss: 2147.289
[2,  1140] loss: 2113.355
[2,  1160] loss: 2079.239
[2,  1180] loss: 2047.299
[2,  1200] loss: 2020.822
[2,  1220] loss: 2037.820
[2,  1240] loss: 2013.438
[2,  1260] loss: 1984.718
[2,  1280] loss: 1971.175
[2,  1300] loss: 2003.804
[2,  1320] loss: 1982.625
[2,  1340] loss: 1954.805
[2,  1360] loss: 1928.684
[2,  1380] loss: 1902.159
[2,  1400] loss: 1884.381
[2,  1420] loss: 1878.093
[2,  1440] loss: 1924.642
[2,  1460] loss: 1991.278
[2,  1480] loss: 2028.616
[2,  1500] loss: 2100.392
[2,  1520] loss: 2185.174
[2,  1540] loss: 2267.027
[2,  1560] loss: 2342.606
[2,  1580] loss: 2423.592
[2,  1600] loss: 2498.747
[2,  1620] loss: 2558.163
[2,  1640] loss: 2604.969
[2,  1660] loss: 2642.909
[2,  1680] loss: 2668.910
[2,  1700] loss: 2717.543
[2,  1720] loss: 2759.403
[2,  1740] loss: 2750.703
[2,  1760] loss: 2751.194
[2,  1780] loss: 2775.356
[2,  1800] loss: 2784.848
[2,  1820] loss: 2791.301
[2,  1840] loss: 2793.535
[2,  1860] loss: 2775.301
[2,  1880] loss: 2748.717
[2,  1900] loss: 2722.119
[2,  1920] loss: 2695.527
[2,  1940] loss: 2669.817
[2,  1960] loss: 2649.608
[2,  1980] loss: 2646.130
[2,  2000] loss: 2635.181
[2,  2020] loss: 2611.599
[2,  2040] loss: 2587.617
[2,  2060] loss: 2564.340
[2,  2080] loss: 2543.341
[2,  2100] loss: 2522.954
[2,  2120] loss: 2505.208
[2,  2140] loss: 2507.863
[2,  2160] loss: 2524.687
[2,  2180] loss: 2541.627
[2,  2200] loss: 2555.903
[2,  2220] loss: 2549.069
[2,  2240] loss: 2539.660
[2,  2260] loss: 2538.426
[2,  2280] loss: 2526.648
[2,  2300] loss: 2515.508
[2,  2320] loss: 2507.100
[2,  2340] loss: 2491.417
[2,  2360] loss: 2475.474
[2,  2380] loss: 2462.212
[2,  2400] loss: 2442.885
[2,  2420] loss: 2422.987
[2,  2440] loss: 2407.527
[2,  2460] loss: 2389.953
[2,  2480] loss: 2370.894
[2,  2500] loss: 2352.077
[2,  2520] loss: 2334.652
[2,  2540] loss: 2322.723
[2,  2560] loss: 2315.684
[2,  2580] loss: 2308.859
[2,  2600] loss: 2310.600
[2,  2620] loss: 2311.448
[2,  2640] loss: 2303.139
[2,  2660] loss: 2296.929
[2,  2680] loss: 2298.240
[2,  2700] loss: 2287.981
[2,  2720] loss: 2271.550
[2,  2740] loss: 2255.085
[2,  2760] loss: 2246.648
[2,  2780] loss: 2250.249
[2,  2800] loss: 2267.044
[2,  2820] loss: 2276.922
[2,  2840] loss: 2275.758
[2,  2860] loss: 2279.363
[2,  2880] loss: 2292.285
[2,  2900] loss: 2325.195
[2,  2920] loss: 2354.686
[2,  2940] loss: 2345.918
[2,  2960] loss: 2333.120
[2,  2980] loss: 2325.012
[2,  3000] loss: 2309.763
[2,  3020] loss: 2294.807
[2,  3040] loss: 2281.310
[2,  3060] loss: 2270.530
[2,  3080] loss: 2260.991
[2,  3100] loss: 2250.828
[2,  3120] loss: 2246.236
[2,  3140] loss: 2247.088
[2,  3160] loss: 2251.276
[2,  3180] loss: 2262.568
[2,  3200] loss: 2281.855
[2,  3220] loss: 2294.180
[2,  3240] loss: 2290.873
[2,  3260] loss: 2281.484
[2,  3280] loss: 2285.155
[2,  3300] loss: 2301.150
[2,  3320] loss: 2323.948
[2,  3340] loss: 2330.141
[2,  3360] loss: 2327.473
