cuda:  1
color_space: RGB
batch_size: 1
num_epcochs: 2
learning_rate: 0.002
[1,    20] loss: 0.179
[1,    40] loss: 0.095
[1,    60] loss: 0.141
[1,    80] loss: 0.094
[1,   100] loss: 0.079
[1,   120] loss: 0.105
[1,   140] loss: 0.059
[1,   160] loss: 0.036
[1,   180] loss: 0.034
[1,   200] loss: 0.170
[1,   220] loss: 0.017
[1,   240] loss: 0.032
[1,   260] loss: 0.053
[1,   280] loss: 0.129
[1,   300] loss: 0.303
[1,   320] loss: 0.100
[1,   340] loss: 0.112
[1,   360] loss: 0.221
[1,   380] loss: 0.043
[1,   400] loss: 0.228
[1,   420] loss: 0.144
[1,   440] loss: 32.512
[1,   460] loss: 311297.792
[1,   480] loss: 1409549.837
[1,   500] loss: 209316.959
[1,   520] loss: 9533.390
[1,   540] loss: 1366.830
[1,   560] loss: 277.942
[1,   580] loss: 84.121
[1,   600] loss: 90.634
[1,   620] loss: 73.813
[1,   640] loss: 57.280
[1,   660] loss: 65.914
[1,   680] loss: 65.458
[1,   700] loss: 52.555
[1,   720] loss: 23.430
[1,   740] loss: 44.527
[1,   760] loss: 25.656
[1,   780] loss: 21.974
[1,   800] loss: 16.825
[1,   820] loss: 15.728
[1,   840] loss: 30.230
[1,   860] loss: 28.603
[1,   880] loss: 33.091
[1,   900] loss: 11.493
[1,   920] loss: 16.389
[1,   940] loss: 23.815
[1,   960] loss: 21.204
[1,   980] loss: 10.808
[1,  1000] loss: 10.187
[1,  1020] loss: 8.210
[1,  1040] loss: 14.007
[1,  1060] loss: 8.796
[1,  1080] loss: 4.481
[1,  1100] loss: 4.632
[1,  1120] loss: 6.472
[1,  1140] loss: 9.766
[1,  1160] loss: 8.693
[1,  1180] loss: 6.125
[1,  1200] loss: 10.529
[1,  1220] loss: 3.825
[1,  1240] loss: 3.361
[1,  1260] loss: 3.387
[1,  1280] loss: 4.596
[1,  1300] loss: 5.582
[1,  1320] loss: 5.012
[1,  1340] loss: 11.302
[1,  1360] loss: 6.609
[1,  1380] loss: 3.458
[1,  1400] loss: 5.506
[1,  1420] loss: 2.226
[1,  1440] loss: 4.273
[1,  1460] loss: 5.265
[1,  1480] loss: 1.702
[1,  1500] loss: 2.778
[1,  1520] loss: 2.353
[1,  1540] loss: 6.398
[1,  1560] loss: 3.434
[1,  1580] loss: 3.182
[1,  1600] loss: 5.231
[1,  1620] loss: 2.858
[1,  1640] loss: 2.754
[1,  1660] loss: 2.047
[1,  1680] loss: 2.413
[1,  1700] loss: 3.241
[1,  1720] loss: 1.585
[1,  1740] loss: 2.827
[1,  1760] loss: 3.505
[1,  1780] loss: 3.419
[1,  1800] loss: 2.130
[1,  1820] loss: 3.413
[1,  1840] loss: 2.657
[1,  1860] loss: 2.790
[1,  1880] loss: 2.742
[1,  1900] loss: 1.485
[1,  1920] loss: 1.388
[1,  1940] loss: 1.460
[1,  1960] loss: 1.848
[1,  1980] loss: 1.413
[1,  2000] loss: 1.594
[1,  2020] loss: 2.226
[1,  2040] loss: 2.443
[1,  2060] loss: 2.452
[1,  2080] loss: 2.380
[1,  2100] loss: 0.721
[1,  2120] loss: 1.445
[1,  2140] loss: 0.673
[1,  2160] loss: 1.349
[1,  2180] loss: 1.326
[1,  2200] loss: 0.856
[1,  2220] loss: 1.060
[1,  2240] loss: 1.155
[1,  2260] loss: 1.481
[1,  2280] loss: 0.439
[1,  2300] loss: 0.754
[1,  2320] loss: 0.899
[1,  2340] loss: 1.030
[1,  2360] loss: 1.370
[1,  2380] loss: 2.104
[1,  2400] loss: 1.230
[1,  2420] loss: 0.728
[1,  2440] loss: 0.988
[1,  2460] loss: 1.014
[1,  2480] loss: 0.541
[1,  2500] loss: 0.521
[1,  2520] loss: 0.786
[1,  2540] loss: 0.705
[1,  2560] loss: 0.745
[1,  2580] loss: 0.502
[1,  2600] loss: 0.427
[1,  2620] loss: 0.779
[1,  2640] loss: 0.727
[1,  2660] loss: 0.630
[1,  2680] loss: 0.355
[1,  2700] loss: 0.588
[1,  2720] loss: 0.574
[1,  2740] loss: 0.605
[1,  2760] loss: 0.811
[1,  2780] loss: 0.466
[1,  2800] loss: 0.527
[1,  2820] loss: 0.615
[1,  2840] loss: 0.668
[1,  2860] loss: 0.556
[1,  2880] loss: 0.673
[1,  2900] loss: 0.686
[1,  2920] loss: 0.446
[1,  2940] loss: 0.496
[1,  2960] loss: 0.428
[1,  2980] loss: 0.312
[1,  3000] loss: 0.375
[1,  3020] loss: 0.321
[1,  3040] loss: 0.963
[1,  3060] loss: 1.150
[1,  3080] loss: 1.304
[1,  3100] loss: 0.688
[1,  3120] loss: 0.610
[1,  3140] loss: 0.548
[1,  3160] loss: 0.116
[1,  3180] loss: 0.320
[1,  3200] loss: 0.499
[1,  3220] loss: 0.245
[1,  3240] loss: 0.220
[1,  3260] loss: 0.133
[1,  3280] loss: 0.127
[1,  3300] loss: 0.132
[1,  3320] loss: 0.331
[1,  3340] loss: 0.499
[1,  3360] loss: 0.196
[1,  3380] loss: 0.219
[1,  3400] loss: 0.106
[1,  3420] loss: 0.243
[1,  3440] loss: 0.315
[1,  3460] loss: 0.079
[1,  3480] loss: 0.658
[1,  3500] loss: 0.326
[1,  3520] loss: 0.273
[1,  3540] loss: 0.290
[1,  3560] loss: 0.214
[1,  3580] loss: 0.131
[1,  3600] loss: 0.193
[1,  3620] loss: 0.208
[1,  3640] loss: 0.171
[1,  3660] loss: 0.411
[1,  3680] loss: 0.215
[1,  3700] loss: 0.104
[1,  3720] loss: 0.237
[1,  3740] loss: 0.167
[1,  3760] loss: 0.160
[1,  3780] loss: 0.259
[1,  3800] loss: 0.076
[1,  3820] loss: 0.366
[1,  3840] loss: 0.700
[1,  3860] loss: 0.423
[1,  3880] loss: 1.045
[1,  3900] loss: 0.244
[1,  3920] loss: 0.121
[1,  3940] loss: 0.259
[1,  3960] loss: 0.181
[1,  3980] loss: 0.114
[1,  4000] loss: 0.159
[1,  4020] loss: 0.107
[1,  4040] loss: 0.381
[1,  4060] loss: 0.261
[1,  4080] loss: 0.172
[1,  4100] loss: 0.178
[1,  4120] loss: 0.242
[1,  4140] loss: 0.240
[1,  4160] loss: 0.287
[1,  4180] loss: 0.429
[1,  4200] loss: 0.169
[1,  4220] loss: 0.495
[1,  4240] loss: 0.514
[1,  4260] loss: 0.172
[1,  4280] loss: 0.161
[1,  4300] loss: 0.199
[1,  4320] loss: 0.133
[1,  4340] loss: 0.327
[1,  4360] loss: 3.360
[1,  4380] loss: 3.224
[1,  4400] loss: 1.064
[1,  4420] loss: 0.543
[1,  4440] loss: 1.060
[1,  4460] loss: 0.377
[1,  4480] loss: 0.542
[1,  4500] loss: 0.153
[1,  4520] loss: 0.159
[1,  4540] loss: 0.079
[1,  4560] loss: 0.200
[1,  4580] loss: 0.143
[1,  4600] loss: 0.106
[1,  4620] loss: 0.312
[1,  4640] loss: 0.159
[1,  4660] loss: 0.280
[1,  4680] loss: 0.176
[1,  4700] loss: 0.147
[1,  4720] loss: 0.159
[1,  4740] loss: 0.131
[1,  4760] loss: 0.082
[1,  4780] loss: 0.091
[1,  4800] loss: 0.143
[1,  4820] loss: 0.135
[1,  4840] loss: 0.489
[1,  4860] loss: 0.302
[1,  4880] loss: 0.206
[1,  4900] loss: 0.903
[1,  4920] loss: 0.162
[1,  4940] loss: 0.419
[1,  4960] loss: 0.651
[1,  4980] loss: 2.016
[1,  5000] loss: 0.242
[1,  5020] loss: 1.781
[1,  5040] loss: 7.157
[1,  5060] loss: 13.593
[1,  5080] loss: 4.726
[1,  5100] loss: 0.665
[1,  5120] loss: 0.541
[1,  5140] loss: 0.769
[1,  5160] loss: 0.218
[1,  5180] loss: 0.132
[1,  5200] loss: 0.324
[1,  5220] loss: 0.377
[1,  5240] loss: 0.397
[1,  5260] loss: 0.573
[1,  5280] loss: 0.728
[1,  5300] loss: 0.274
[1,  5320] loss: 0.054
[1,  5340] loss: 0.143
[1,  5360] loss: 0.139
[1,  5380] loss: 0.624
[1,  5400] loss: 0.101
[1,  5420] loss: 0.091
[1,  5440] loss: 0.077
[1,  5460] loss: 0.079
[1,  5480] loss: 0.070
[1,  5500] loss: 0.106
[1,  5520] loss: 0.042
[1,  5540] loss: 0.093
[1,  5560] loss: 0.141
[1,  5580] loss: 0.313
[1,  5600] loss: 0.350
[1,  5620] loss: 0.593
[1,  5640] loss: 0.152
[1,  5660] loss: 0.147
[1,  5680] loss: 0.437
[1,  5700] loss: 0.237
[1,  5720] loss: 0.089
[1,  5740] loss: 0.046
[1,  5760] loss: 0.104
[1,  5780] loss: 0.115
[1,  5800] loss: 0.148
[1,  5820] loss: 0.272
[1,  5840] loss: 0.209
[1,  5860] loss: 0.322
[1,  5880] loss: 0.167
[1,  5900] loss: 0.151
[1,  5920] loss: 0.139
[1,  5940] loss: 1.463
[1,  5960] loss: 3.488
[1,  5980] loss: 1.337
[1,  6000] loss: 4.254
[1,  6020] loss: 1.222
[1,  6040] loss: 1.277
[1,  6060] loss: 0.378
[1,  6080] loss: 0.311
[1,  6100] loss: 0.046
[1,  6120] loss: 0.195
[1,  6140] loss: 0.176
[1,  6160] loss: 0.379
[1,  6180] loss: 0.083
[1,  6200] loss: 0.106
[1,  6220] loss: 0.195
[1,  6240] loss: 0.105
[1,  6260] loss: 0.182
[1,  6280] loss: 0.102
[1,  6300] loss: 0.027
[1,  6320] loss: 0.052
[1,  6340] loss: 0.135
[1,  6360] loss: 0.127
[1,  6380] loss: 0.071
[1,  6400] loss: 0.142
[1,  6420] loss: 0.097
[1,  6440] loss: 0.159
[1,  6460] loss: 0.181
[1,  6480] loss: 0.412
[1,  6500] loss: 0.129
[1,  6520] loss: 0.585
[1,  6540] loss: 1.919
[1,  6560] loss: 5.147
[1,  6580] loss: 10.170
[1,  6600] loss: 1.179
[1,  6620] loss: 0.618
[1,  6640] loss: 0.366
[1,  6660] loss: 0.160
[1,  6680] loss: 0.134
[1,  6700] loss: 0.172
[1,  6720] loss: 0.203
[1,  6740] loss: 0.186
[1,  6760] loss: 0.172
[1,  6780] loss: 0.118
[1,  6800] loss: 0.165
[1,  6820] loss: 0.085
[1,  6840] loss: 0.055
[1,  6860] loss: 0.100
[1,  6880] loss: 0.060
[1,  6900] loss: 0.165
[1,  6920] loss: 0.179
[1,  6940] loss: 0.216
[1,  6960] loss: 0.247
[1,  6980] loss: 0.172
[1,  7000] loss: 0.224
[1,  7020] loss: 0.259
[1,  7040] loss: 0.164
[1,  7060] loss: 0.091
[1,  7080] loss: 0.282
[1,  7100] loss: 0.145
[1,  7120] loss: 0.142
[1,  7140] loss: 0.101
[1,  7160] loss: 0.088
[1,  7180] loss: 0.045
[1,  7200] loss: 0.086
[1,  7220] loss: 0.272
[1,  7240] loss: 0.112
[1,  7260] loss: 0.102
[1,  7280] loss: 0.276
[1,  7300] loss: 0.111
[1,  7320] loss: 0.200
[1,  7340] loss: 0.291
[1,  7360] loss: 0.297
[1,  7380] loss: 0.158
[1,  7400] loss: 0.149
[1,  7420] loss: 0.153
[1,  7440] loss: 0.329
[1,  7460] loss: 0.210
[1,  7480] loss: 0.077
[1,  7500] loss: 0.240
[1,  7520] loss: 0.054
[1,  7540] loss: 0.083
[1,  7560] loss: 0.586
[1,  7580] loss: 0.160
[1,  7600] loss: 0.183
[1,  7620] loss: 0.295
[1,  7640] loss: 0.284
[1,  7660] loss: 0.147
[1,  7680] loss: 0.095
[1,  7700] loss: 0.283
[1,  7720] loss: 0.097
[1,  7740] loss: 0.114
[1,  7760] loss: 0.093
[1,  7780] loss: 0.199
[1,  7800] loss: 0.175
[1,  7820] loss: 0.125
[1,  7840] loss: 0.128
[1,  7860] loss: 0.236
[1,  7880] loss: 0.263
[1,  7900] loss: 0.499
[1,  7920] loss: 0.073
[1,  7940] loss: 0.139
[1,  7960] loss: 0.242
[1,  7980] loss: 0.163
[1,  8000] loss: 0.355
[1,  8020] loss: 0.988
[1,  8040] loss: 0.475
[1,  8060] loss: 0.173
[1,  8080] loss: 0.448
[1,  8100] loss: 0.172
[1,  8120] loss: 0.170
[1,  8140] loss: 0.334
[1,  8160] loss: 0.289
[1,  8180] loss: 0.290
[1,  8200] loss: 0.070
[1,  8220] loss: 0.068
[1,  8240] loss: 0.100
[1,  8260] loss: 0.114
[1,  8280] loss: 0.137
[1,  8300] loss: 0.085
[1,  8320] loss: 0.044
[1,  8340] loss: 0.060
[1,  8360] loss: 0.182
[1,  8380] loss: 0.272
[1,  8400] loss: 0.401
[1,  8420] loss: 0.120
[1,  8440] loss: 0.087
[1,  8460] loss: 0.069
[1,  8480] loss: 0.066
[1,  8500] loss: 0.045
[1,  8520] loss: 0.208
[1,  8540] loss: 0.077
[1,  8560] loss: 0.170
[1,  8580] loss: 0.141
[1,  8600] loss: 0.150
[1,  8620] loss: 0.449
[1,  8640] loss: 0.481
[1,  8660] loss: 0.893
[1,  8680] loss: 0.315
[1,  8700] loss: 0.393
[1,  8720] loss: 0.325
[1,  8740] loss: 0.123
[1,  8760] loss: 0.054
[1,  8780] loss: 0.036
[1,  8800] loss: 0.073
[1,  8820] loss: 0.145
[1,  8840] loss: 0.258
[1,  8860] loss: 0.125
[1,  8880] loss: 0.148
[1,  8900] loss: 0.266
[1,  8920] loss: 0.229
[1,  8940] loss: 0.177
[1,  8960] loss: 0.134
[1,  8980] loss: 0.108
[1,  9000] loss: 0.046
[1,  9020] loss: 0.124
[1,  9040] loss: 0.102
[1,  9060] loss: 0.096
[1,  9080] loss: 0.162
[1,  9100] loss: 0.125
[1,  9120] loss: 0.161
[1,  9140] loss: 0.225
[1,  9160] loss: 0.073
[1,  9180] loss: 0.040
[1,  9200] loss: 0.092
[1,  9220] loss: 0.088
[1,  9240] loss: 0.311
[1,  9260] loss: 0.437
[1,  9280] loss: 0.137
[1,  9300] loss: 0.164
[1,  9320] loss: 0.076
[1,  9340] loss: 0.210
[1,  9360] loss: 0.192
[1,  9380] loss: 0.358
[1,  9400] loss: 0.257
[1,  9420] loss: 0.232
[1,  9440] loss: 0.347
[1,  9460] loss: 0.611
[1,  9480] loss: 0.409
[1,  9500] loss: 0.179
[1,  9520] loss: 0.125
[1,  9540] loss: 0.258
[1,  9560] loss: 0.123
[1,  9580] loss: 0.233
[1,  9600] loss: 0.267
[1,  9620] loss: 0.509
[1,  9640] loss: 0.202
[1,  9660] loss: 0.104
[1,  9680] loss: 0.132
[1,  9700] loss: 0.182
[1,  9720] loss: 0.055
[1,  9740] loss: 0.071
[1,  9760] loss: 0.143
[1,  9780] loss: 0.400
[1,  9800] loss: 0.038
[1,  9820] loss: 0.012
[1,  9840] loss: 0.072
[1,  9860] loss: 0.156
[1,  9880] loss: 0.146
[1,  9900] loss: 0.136
[1,  9920] loss: 0.191
[1,  9940] loss: 0.221
[1,  9960] loss: 0.178
[1,  9980] loss: 0.279
[1, 10000] loss: 0.544
[1, 10020] loss: 0.288
[1, 10040] loss: 0.214
[1, 10060] loss: 0.210
[1, 10080] loss: 0.187
[1, 10100] loss: 0.126
[1, 10120] loss: 0.052
[1, 10140] loss: 0.093
[1, 10160] loss: 0.095
[1, 10180] loss: 0.299
[1, 10200] loss: 0.112
[1, 10220] loss: 0.042
[1, 10240] loss: 0.265
[1, 10260] loss: 0.447
[1, 10280] loss: 0.129
[1, 10300] loss: 0.159
[1, 10320] loss: 0.076
[1, 10340] loss: 0.318
[1, 10360] loss: 0.123
[1, 10380] loss: 0.201
[1, 10400] loss: 0.144
[1, 10420] loss: 0.111
[1, 10440] loss: 0.081
[1, 10460] loss: 0.210
[1, 10480] loss: 0.196
[1, 10500] loss: 0.121
[1, 10520] loss: 0.119
[1, 10540] loss: 0.077
[1, 10560] loss: 0.054
[1, 10580] loss: 0.217
[1, 10600] loss: 0.054
[1, 10620] loss: 0.066
[1, 10640] loss: 0.081
[1, 10660] loss: 0.060
[1, 10680] loss: 0.117
[1, 10700] loss: 0.200
[1, 10720] loss: 0.263
[1, 10740] loss: 0.113
[1, 10760] loss: 0.169
[1, 10780] loss: 0.354
[1, 10800] loss: 0.196
[1, 10820] loss: 0.040
[1, 10840] loss: 0.119
[1, 10860] loss: 0.158
[1, 10880] loss: 0.307
[1, 10900] loss: 0.384
[1, 10920] loss: 0.443
[1, 10940] loss: 0.192
[1, 10960] loss: 0.330
[1, 10980] loss: 0.111
[1, 11000] loss: 0.047
[1, 11020] loss: 0.078
[1, 11040] loss: 0.088
[1, 11060] loss: 0.048
[1, 11080] loss: 0.186
[1, 11100] loss: 0.040
[1, 11120] loss: 0.103
[1, 11140] loss: 0.113
[1, 11160] loss: 0.114
[1, 11180] loss: 0.087
[1, 11200] loss: 0.198
[1, 11220] loss: 0.083
[1, 11240] loss: 0.358
[1, 11260] loss: 0.045
[1, 11280] loss: 0.117
[1, 11300] loss: 0.081
[1, 11320] loss: 0.230
[1, 11340] loss: 0.056
[1, 11360] loss: 0.263
[1, 11380] loss: 0.047
[1, 11400] loss: 0.082
[1, 11420] loss: 0.048
[1, 11440] loss: 0.078
[1, 11460] loss: 0.092
[1, 11480] loss: 0.161
[1, 11500] loss: 0.136
[1, 11520] loss: 0.147
[1, 11540] loss: 0.093
[1, 11560] loss: 0.081
[1, 11580] loss: 0.033
[1, 11600] loss: 0.076
[1, 11620] loss: 0.101
[1, 11640] loss: 0.049
[1, 11660] loss: 0.037
[1, 11680] loss: 0.159
[1, 11700] loss: 0.136
[1, 11720] loss: 0.037
[1, 11740] loss: 0.175
[1, 11760] loss: 0.208
[1, 11780] loss: 0.069
[1, 11800] loss: 0.169
[1, 11820] loss: 0.141
[1, 11840] loss: 0.271
[1, 11860] loss: 0.140
[1, 11880] loss: 0.780
[1, 11900] loss: 0.906
[1, 11920] loss: 1.416
[1, 11940] loss: 72.586
[1, 11960] loss: 24031884.886
[1, 11980] loss: 87904952.509
[1, 12000] loss: 104755247.491
[1, 12020] loss: 3364530.825
[1, 12040] loss: 2842996.621
[1, 12060] loss: 114491.975
[1, 12080] loss: 15957.261
[1, 12100] loss: 14458.796
[1, 12120] loss: 8129.503
[1, 12140] loss: 6543.404
[1, 12160] loss: 9695.729
[1, 12180] loss: 9473.658
[1, 12200] loss: 6736.386
[1, 12220] loss: 3951.964
[1, 12240] loss: 2854.911
[1, 12260] loss: 3302.364
[1, 12280] loss: 3838.048
[1, 12300] loss: 1440.343
[1, 12320] loss: 1062.878
[1, 12340] loss: 2738.535
[1, 12360] loss: 3369.367
[1, 12380] loss: 1852.525
[1, 12400] loss: 2673.485
[1, 12420] loss: 1508.598
[1, 12440] loss: 2098.687
[1, 12460] loss: 1783.713
[1, 12480] loss: 883.431
[1, 12500] loss: 1338.393
[1, 12520] loss: 1295.319
[1, 12540] loss: 793.363
[1, 12560] loss: 1556.362
[1, 12580] loss: 1207.362
[1, 12600] loss: 1700.184
[1, 12620] loss: 511.160
[1, 12640] loss: 1175.526
[1, 12660] loss: 1040.184
[1, 12680] loss: 895.802
[1, 12700] loss: 631.332
[1, 12720] loss: 689.152
[1, 12740] loss: 548.270
[1, 12760] loss: 177.590
[1, 12780] loss: 701.384
[1, 12800] loss: 714.854
[1, 12820] loss: 570.992
[1, 12840] loss: 148.442
[1, 12860] loss: 365.935
[1, 12880] loss: 642.978
[1, 12900] loss: 355.037
[1, 12920] loss: 323.491
[1, 12940] loss: 619.024
[1, 12960] loss: 203.525
[1, 12980] loss: 251.799
[1, 13000] loss: 203.213
[1, 13020] loss: 222.953
[1, 13040] loss: 688.367
[1, 13060] loss: 187.466
[1, 13080] loss: 309.715
[1, 13100] loss: 205.822
[1, 13120] loss: 233.162
[1, 13140] loss: 117.723
[1, 13160] loss: 162.237
[1, 13180] loss: 145.475
[1, 13200] loss: 193.546
[1, 13220] loss: 144.407
[1, 13240] loss: 177.693
[1, 13260] loss: 159.969
[1, 13280] loss: 135.529
[1, 13300] loss: 174.417
[1, 13320] loss: 122.752
[1, 13340] loss: 180.162
[1, 13360] loss: 135.878
[1, 13380] loss: 160.092
[1, 13400] loss: 103.178
[1, 13420] loss: 69.048
[1, 13440] loss: 120.209
[1, 13460] loss: 93.504
[1, 13480] loss: 112.446
[1, 13500] loss: 75.279
[1, 13520] loss: 76.696
[1, 13540] loss: 79.737
[1, 13560] loss: 118.087
[1, 13580] loss: 82.452
[1, 13600] loss: 50.326
[1, 13620] loss: 31.221
[1, 13640] loss: 55.865
[1, 13660] loss: 27.937
[1, 13680] loss: 57.255
[1, 13700] loss: 48.252
[1, 13720] loss: 94.166
[1, 13740] loss: 41.914
[1, 13760] loss: 51.011
[1, 13780] loss: 40.983
[1, 13800] loss: 52.915
[1, 13820] loss: 42.598
[1, 13840] loss: 22.435
[1, 13860] loss: 53.231
[1, 13880] loss: 78.499
[1, 13900] loss: 50.096
[1, 13920] loss: 22.574
[1, 13940] loss: 41.835
[1, 13960] loss: 26.097
[1, 13980] loss: 21.135
[1, 14000] loss: 34.054
[1, 14020] loss: 23.398
[1, 14040] loss: 35.734
[1, 14060] loss: 31.490
[1, 14080] loss: 41.831
[1, 14100] loss: 35.912
[1, 14120] loss: 33.105
[1, 14140] loss: 51.294
[1, 14160] loss: 18.797
[1, 14180] loss: 48.916
[1, 14200] loss: 25.536
[1, 14220] loss: 21.951
[1, 14240] loss: 16.095
[1, 14260] loss: 41.975
[1, 14280] loss: 16.675
[1, 14300] loss: 18.445
[1, 14320] loss: 16.855
[1, 14340] loss: 16.614
[1, 14360] loss: 20.890
[1, 14380] loss: 33.247
[1, 14400] loss: 11.606
[1, 14420] loss: 23.264
[1, 14440] loss: 21.042
[1, 14460] loss: 16.508
[1, 14480] loss: 16.196
[1, 14500] loss: 15.709
[1, 14520] loss: 15.602
[1, 14540] loss: 7.721
[1, 14560] loss: 10.927
[1, 14580] loss: 11.359
[1, 14600] loss: 8.932
[1, 14620] loss: 37.664
[1, 14640] loss: 13.261
[1, 14660] loss: 20.466
[1, 14680] loss: 13.258
[1, 14700] loss: 8.247
[1, 14720] loss: 13.876
[1, 14740] loss: 18.994
[1, 14760] loss: 20.117
[1, 14780] loss: 11.173
[1, 14800] loss: 6.632
[1, 14820] loss: 24.641
[1, 14840] loss: 9.027
[1, 14860] loss: 22.045
[1, 14880] loss: 12.817
[1, 14900] loss: 8.831
[1, 14920] loss: 16.651
[1, 14940] loss: 14.596
[1, 14960] loss: 20.111
[1, 14980] loss: 21.832
[1, 15000] loss: 14.732
[1, 15020] loss: 17.836
[1, 15040] loss: 14.490
[1, 15060] loss: 7.955
[1, 15080] loss: 11.706
[1, 15100] loss: 12.447
[1, 15120] loss: 13.758
[1, 15140] loss: 29.672
[1, 15160] loss: 8.839
[1, 15180] loss: 29.061
[1, 15200] loss: 18.374
[1, 15220] loss: 17.312
[1, 15240] loss: 13.424
[1, 15260] loss: 7.357
[1, 15280] loss: 8.707
[1, 15300] loss: 8.057
[1, 15320] loss: 25.246
[1, 15340] loss: 26.631
[1, 15360] loss: 21.281
[1, 15380] loss: 22.544
[1, 15400] loss: 17.219
[1, 15420] loss: 14.071
[1, 15440] loss: 21.289
[1, 15460] loss: 15.702
[1, 15480] loss: 13.226
[1, 15500] loss: 11.014
[1, 15520] loss: 15.666
[1, 15540] loss: 14.863
[1, 15560] loss: 16.514
[1, 15580] loss: 24.853
[1, 15600] loss: 8.019
[1, 15620] loss: 15.050
[1, 15640] loss: 8.894
[1, 15660] loss: 9.150
[1, 15680] loss: 9.377
[1, 15700] loss: 13.771
[1, 15720] loss: 17.165
[1, 15740] loss: 10.141
[1, 15760] loss: 12.991
[1, 15780] loss: 11.896
[1, 15800] loss: 4.411
[1, 15820] loss: 2.154
[1, 15840] loss: 14.352
[1, 15860] loss: 10.372
[1, 15880] loss: 6.989
[1, 15900] loss: 8.622
[1, 15920] loss: 6.832
[1, 15940] loss: 7.270
[1, 15960] loss: 9.249
[1, 15980] loss: 12.274
[1, 16000] loss: 10.630
[1, 16020] loss: 8.241
[1, 16040] loss: 16.764
[1, 16060] loss: 5.446
[1, 16080] loss: 12.463
[1, 16100] loss: 10.832
[1, 16120] loss: 9.191
[1, 16140] loss: 7.283
[1, 16160] loss: 8.507
[1, 16180] loss: 20.327
[1, 16200] loss: 18.195
[1, 16220] loss: 13.020
[1, 16240] loss: 21.473
[1, 16260] loss: 7.368
[1, 16280] loss: 17.178
[1, 16300] loss: 8.931
[1, 16320] loss: 5.332
[1, 16340] loss: 14.050
[1, 16360] loss: 16.485
[1, 16380] loss: 12.076
[1, 16400] loss: 12.691
[1, 16420] loss: 9.667
[1, 16440] loss: 15.649
[1, 16460] loss: 7.224
[1, 16480] loss: 6.499
[1, 16500] loss: 5.710
[1, 16520] loss: 6.425
[1, 16540] loss: 11.440
[1, 16560] loss: 5.283
[1, 16580] loss: 8.695
[1, 16600] loss: 18.937
[1, 16620] loss: 14.478
[1, 16640] loss: 8.867
[1, 16660] loss: 9.276
[1, 16680] loss: 7.732
[1, 16700] loss: 9.436
[1, 16720] loss: 17.327
[1, 16740] loss: 12.795
[1, 16760] loss: 6.433
[1, 16780] loss: 22.273
[1, 16800] loss: 14.259
[1, 16820] loss: 10.664
[1, 16840] loss: 9.699
[1, 16860] loss: 11.912
[1, 16880] loss: 4.751
[1, 16900] loss: 3.791
[1, 16920] loss: 15.228
[1, 16940] loss: 11.083
[1, 16960] loss: 8.743
[1, 16980] loss: 16.645
[1, 17000] loss: 7.211
[1, 17020] loss: 7.039
[1, 17040] loss: 5.689
[1, 17060] loss: 7.394
[1, 17080] loss: 9.921
[1, 17100] loss: 16.056
[1, 17120] loss: 26.792
[1, 17140] loss: 27.942
[1, 17160] loss: 7.735
[1, 17180] loss: 16.355
[1, 17200] loss: 12.815
[1, 17220] loss: 14.068
[1, 17240] loss: 4.023
[1, 17260] loss: 3.193
[1, 17280] loss: 8.924
[1, 17300] loss: 11.824
[1, 17320] loss: 9.320
[1, 17340] loss: 20.436
[1, 17360] loss: 10.408
[1, 17380] loss: 6.341
[1, 17400] loss: 6.814
[1, 17420] loss: 6.499
[1, 17440] loss: 9.013
[1, 17460] loss: 32.139
[1, 17480] loss: 8.031
[1, 17500] loss: 6.502
[1, 17520] loss: 9.999
[1, 17540] loss: 5.767
[1, 17560] loss: 22.847
[1, 17580] loss: 4.543
[1, 17600] loss: 6.662
[1, 17620] loss: 8.254
[1, 17640] loss: 4.131
[1, 17660] loss: 39.490
[1, 17680] loss: 10.291
[1, 17700] loss: 7.195
[1, 17720] loss: 6.425
[1, 17740] loss: 6.449
[1, 17760] loss: 19.988
[1, 17780] loss: 4.714
[1, 17800] loss: 9.459
[1, 17820] loss: 6.016
[1, 17840] loss: 11.171
[1, 17860] loss: 11.166
[1, 17880] loss: 5.471
[1, 17900] loss: 19.574
[1, 17920] loss: 7.013
[1, 17940] loss: 7.057
[1, 17960] loss: 15.838
[1, 17980] loss: 8.297
[1, 18000] loss: 11.034
[1, 18020] loss: 7.535
[1, 18040] loss: 5.548
[1, 18060] loss: 6.481
[1, 18080] loss: 12.373
[1, 18100] loss: 2.792
[1, 18120] loss: 4.515
[1, 18140] loss: 14.726
[1, 18160] loss: 10.544
[1, 18180] loss: 23.272
[1, 18200] loss: 11.302
[1, 18220] loss: 3.875
[1, 18240] loss: 3.496
[1, 18260] loss: 7.716
[1, 18280] loss: 9.122
[1, 18300] loss: 3.637
[1, 18320] loss: 13.566
[1, 18340] loss: 11.671
[1, 18360] loss: 6.214
[1, 18380] loss: 6.218
[1, 18400] loss: 10.282
[1, 18420] loss: 10.697
[1, 18440] loss: 6.803
[1, 18460] loss: 8.253
[1, 18480] loss: 36.248
[1, 18500] loss: 12.092
[1, 18520] loss: 11.754
[1, 18540] loss: 6.207
[1, 18560] loss: 4.745
[1, 18580] loss: 8.374
[1, 18600] loss: 3.980
[1, 18620] loss: 7.660
[1, 18640] loss: 6.521
[1, 18660] loss: 4.698
[1, 18680] loss: 8.877
[1, 18700] loss: 4.554
[1, 18720] loss: 3.014
[1, 18740] loss: 1.992
[1, 18760] loss: 10.215
[1, 18780] loss: 3.896
[1, 18800] loss: 5.891
[1, 18820] loss: 13.245
[1, 18840] loss: 8.986
[1, 18860] loss: 9.140
[1, 18880] loss: 12.069
[1, 18900] loss: 26.368
[1, 18920] loss: 18.186
[1, 18940] loss: 8.686
[1, 18960] loss: 2.648
[1, 18980] loss: 3.361
[1, 19000] loss: 5.254
[1, 19020] loss: 6.514
[1, 19040] loss: 8.241
[1, 19060] loss: 5.675
[1, 19080] loss: 5.487
[1, 19100] loss: 9.683
[1, 19120] loss: 4.583
[1, 19140] loss: 2.606
[1, 19160] loss: 2.850
[1, 19180] loss: 3.975
[1, 19200] loss: 1.995
[1, 19220] loss: 3.779
[1, 19240] loss: 3.847
[1, 19260] loss: 4.615
[1, 19280] loss: 2.646
[1, 19300] loss: 4.744
[1, 19320] loss: 4.141
[1, 19340] loss: 2.264
[1, 19360] loss: 2.907
[1, 19380] loss: 2.191
[1, 19400] loss: 4.091
[1, 19420] loss: 4.127
[1, 19440] loss: 9.163
[1, 19460] loss: 6.405
[1, 19480] loss: 4.154
[1, 19500] loss: 3.164
[1, 19520] loss: 1.676
[1, 19540] loss: 6.193
[1, 19560] loss: 3.565
[1, 19580] loss: 9.975
[1, 19600] loss: 10.327
[1, 19620] loss: 5.209
[1, 19640] loss: 5.808
[1, 19660] loss: 8.054
[1, 19680] loss: 9.804
[1, 19700] loss: 18.395
[1, 19720] loss: 21.471
[1, 19740] loss: 7.082
[1, 19760] loss: 5.788
[1, 19780] loss: 6.138
[1, 19800] loss: 3.013
[1, 19820] loss: 2.088
[1, 19840] loss: 2.669
[1, 19860] loss: 1.927
[1, 19880] loss: 1.432
[1, 19900] loss: 2.692
[1, 19920] loss: 1.073
[1, 19940] loss: 3.675
[1, 19960] loss: 4.557
[1, 19980] loss: 1.972
[1, 20000] loss: 2.432
[1, 20020] loss: 6.583
[1, 20040] loss: 7.600
[1, 20060] loss: 3.544
[1, 20080] loss: 2.830
[1, 20100] loss: 2.050
[1, 20120] loss: 4.008
[1, 20140] loss: 3.355
[1, 20160] loss: 2.625
[1, 20180] loss: 6.880
[1, 20200] loss: 2.645
[1, 20220] loss: 5.730
[1, 20240] loss: 12.334
[1, 20260] loss: 23.794
[1, 20280] loss: 12.326
[1, 20300] loss: 3.906
[1, 20320] loss: 3.320
[1, 20340] loss: 4.704
[1, 20360] loss: 0.995
[1, 20380] loss: 3.335
[1, 20400] loss: 2.080
[1, 20420] loss: 5.038
[1, 20440] loss: 2.997
[1, 20460] loss: 1.792
[1, 20480] loss: 2.680
[1, 20500] loss: 1.507
[1, 20520] loss: 0.733
[1, 20540] loss: 1.962
[1, 20560] loss: 3.633
[1, 20580] loss: 4.789
[1, 20600] loss: 1.211
[1, 20620] loss: 1.749
[1, 20640] loss: 4.212
[1, 20660] loss: 3.642
[1, 20680] loss: 6.559
[1, 20700] loss: 3.487
[1, 20720] loss: 4.635
[1, 20740] loss: 2.135
[1, 20760] loss: 2.089
[1, 20780] loss: 2.543
[1, 20800] loss: 2.468
[1, 20820] loss: 3.181
[1, 20840] loss: 2.774
[1, 20860] loss: 2.814
[1, 20880] loss: 1.933
[1, 20900] loss: 4.671
[1, 20920] loss: 4.193
[1, 20940] loss: 6.360
[1, 20960] loss: 3.799
[1, 20980] loss: 18.104
[1, 21000] loss: 37.202
[1, 21020] loss: 5.415
[1, 21040] loss: 3.992
[1, 21060] loss: 4.891
[1, 21080] loss: 5.635
[1, 21100] loss: 6.350
[1, 21120] loss: 3.189
[1, 21140] loss: 2.078
[1, 21160] loss: 2.994
[1, 21180] loss: 3.235
[1, 21200] loss: 2.816
[1, 21220] loss: 4.123
[1, 21240] loss: 7.488
[1, 21260] loss: 17.099
[1, 21280] loss: 5.204
[1, 21300] loss: 8.336
[1, 21320] loss: 4.866
[1, 21340] loss: 5.039
[1, 21360] loss: 4.197
[1, 21380] loss: 4.541
[1, 21400] loss: 10.782
[1, 21420] loss: 13.126
[1, 21440] loss: 11.769
[1, 21460] loss: 15.785
[1, 21480] loss: 7.290
[1, 21500] loss: 4.467
[1, 21520] loss: 3.175
[1, 21540] loss: 3.120
[1, 21560] loss: 22.637
[1, 21580] loss: 3.906
[1, 21600] loss: 6.381
[1, 21620] loss: 9.897
[1, 21640] loss: 23.532
[1, 21660] loss: 21.769
[1, 21680] loss: 11.306
[1, 21700] loss: 12.563
[1, 21720] loss: 7.183
[1, 21740] loss: 7.416
[1, 21760] loss: 4.160
[1, 21780] loss: 3.599
[1, 21800] loss: 8.003
[1, 21820] loss: 11.028
[1, 21840] loss: 15.228
[1, 21860] loss: 113.279
[1, 21880] loss: 771.218
[1, 21900] loss: 1871.307
[1, 21920] loss: 1319.286
[1, 21940] loss: 132.112
[1, 21960] loss: 15.447
[1, 21980] loss: 23.394
[1, 22000] loss: 64.600
[1, 22020] loss: 3.161
[1, 22040] loss: 3.923
[1, 22060] loss: 1.870
[1, 22080] loss: 1.781
[1, 22100] loss: 3.095
[1, 22120] loss: 1.533
[1, 22140] loss: 4.399
[1, 22160] loss: 3.502
[1, 22180] loss: 2.179
[1, 22200] loss: 4.871
[1, 22220] loss: 3.359
[1, 22240] loss: 4.513
[1, 22260] loss: 3.297
[1, 22280] loss: 3.080
[1, 22300] loss: 4.375
[1, 22320] loss: 2.635
[1, 22340] loss: 2.360
[1, 22360] loss: 2.140
[1, 22380] loss: 2.913
[1, 22400] loss: 1.242
[1, 22420] loss: 1.321
[1, 22440] loss: 1.977
[1, 22460] loss: 1.053
[1, 22480] loss: 0.900
[1, 22500] loss: 2.577
[1, 22520] loss: 1.839
[1, 22540] loss: 1.649
[1, 22560] loss: 0.858
[1, 22580] loss: 0.615
[1, 22600] loss: 0.954
[1, 22620] loss: 0.485
[1, 22640] loss: 0.888
[1, 22660] loss: 4.362
[1, 22680] loss: 1.894
[1, 22700] loss: 2.048
[1, 22720] loss: 0.817
[1, 22740] loss: 0.709
[1, 22760] loss: 0.704
[1, 22780] loss: 0.845
[1, 22800] loss: 0.266
[1, 22820] loss: 1.368
[1, 22840] loss: 3.115
[1, 22860] loss: 1.646
[1, 22880] loss: 1.986
[1, 22900] loss: 1.327
[1, 22920] loss: 0.420
[1, 22940] loss: 1.413
[1, 22960] loss: 0.993
[1, 22980] loss: 0.697
[1, 23000] loss: 1.420
[1, 23020] loss: 0.743
[1, 23040] loss: 0.549
[1, 23060] loss: 0.260
[1, 23080] loss: 0.969
[1, 23100] loss: 0.409
[1, 23120] loss: 0.544
[1, 23140] loss: 0.959
[1, 23160] loss: 0.717
[1, 23180] loss: 1.141
[1, 23200] loss: 0.971
[1, 23220] loss: 0.438
[1, 23240] loss: 0.207
[1, 23260] loss: 0.647
[1, 23280] loss: 0.816
[1, 23300] loss: 0.279
[1, 23320] loss: 0.210
[1, 23340] loss: 0.253
[1, 23360] loss: 0.309
[1, 23380] loss: 0.394
[1, 23400] loss: 0.291
[1, 23420] loss: 0.521
[1, 23440] loss: 0.745
[1, 23460] loss: 0.557
[1, 23480] loss: 1.571
[1, 23500] loss: 3.776
[1, 23520] loss: 10.044
[1, 23540] loss: 1.691
[1, 23560] loss: 5.884
[1, 23580] loss: 13.630
[1, 23600] loss: 2.911
[1, 23620] loss: 1.204
[1, 23640] loss: 0.378
[1, 23660] loss: 1.001
[1, 23680] loss: 0.874
[1, 23700] loss: 0.290
[1, 23720] loss: 0.232
[1, 23740] loss: 0.562
[1, 23760] loss: 5.454
[1, 23780] loss: 2.699
[1, 23800] loss: 0.911
[1, 23820] loss: 1.087
[1, 23840] loss: 0.442
[1, 23860] loss: 0.366
[1, 23880] loss: 0.164
[1, 23900] loss: 0.166
[1, 23920] loss: 0.234
[1, 23940] loss: 0.279
[1, 23960] loss: 0.271
[1, 23980] loss: 0.478
[1, 24000] loss: 0.380
[1, 24020] loss: 2.176
[1, 24040] loss: 2.693
[1, 24060] loss: 3.650
[1, 24080] loss: 0.904
[1, 24100] loss: 0.712
[1, 24120] loss: 0.702
[1, 24140] loss: 0.246
[1, 24160] loss: 0.162
[1, 24180] loss: 0.468
[1, 24200] loss: 0.437
[1, 24220] loss: 1.292
[1, 24240] loss: 0.181
[1, 24260] loss: 0.119
[1, 24280] loss: 1.037
[1, 24300] loss: 0.560
[1, 24320] loss: 1.013
[1, 24340] loss: 1.233
[1, 24360] loss: 0.337
[1, 24380] loss: 9.658
[1, 24400] loss: 60.201
[1, 24420] loss: 8615408191.049
[1, 24440] loss: 17611038318.421
[1, 24460] loss: 110975513210.720
[1, 24480] loss: 11304405761.825
[1, 24500] loss: 223059054.050
[1, 24520] loss: 64065948.267
[1, 24540] loss: 14825137.110
[1, 24560] loss: 1337472.507
[1, 24580] loss: 646720.424
[1, 24600] loss: 555758.982
[1, 24620] loss: 253019.862
[1, 24640] loss: 400011.322
[1, 24660] loss: 443779.321
[1, 24680] loss: 423379.041
[1, 24700] loss: 408859.775
[1, 24720] loss: 532803.532
[1, 24740] loss: 408345.774
[1, 24760] loss: 287916.766
[1, 24780] loss: 370809.809
[1, 24800] loss: 446790.089
[1, 24820] loss: 364558.503
[1, 24840] loss: 256702.892
[1, 24860] loss: 266862.440
[1, 24880] loss: 387024.782
[1, 24900] loss: 374454.633
[1, 24920] loss: 288484.212
[1, 24940] loss: 274956.621
[1, 24960] loss: 367673.014
[1, 24980] loss: 233032.812
[1, 25000] loss: 184733.881
[1, 25020] loss: 166528.990
[1, 25040] loss: 385054.114
[1, 25060] loss: 288264.697
[1, 25080] loss: 374563.081
[1, 25100] loss: 142650.397
[1, 25120] loss: 236669.989
[1, 25140] loss: 360884.409
[1, 25160] loss: 251849.902
[1, 25180] loss: 513158.050
[1, 25200] loss: 276175.843
[1, 25220] loss: 229190.995
[1, 25240] loss: 174922.717
[1, 25260] loss: 282827.893
[1, 25280] loss: 201867.306
[1, 25300] loss: 338674.774
[1, 25320] loss: 324865.201
[1, 25340] loss: 368905.274
[1, 25360] loss: 296850.369
[1, 25380] loss: 395949.918
[1, 25400] loss: 304292.274
[1, 25420] loss: 175764.461
[1, 25440] loss: 249379.357
[1, 25460] loss: 224879.025
[1, 25480] loss: 287376.119
[1, 25500] loss: 240770.569
[1, 25520] loss: 364067.716
[1, 25540] loss: 144457.132
[1, 25560] loss: 298059.156
[1, 25580] loss: 154411.939
[1, 25600] loss: 353563.723
[1, 25620] loss: 214636.715
[1, 25640] loss: 325057.031
[1, 25660] loss: 135451.091
[1, 25680] loss: 283037.315
[1, 25700] loss: 235194.376
[1, 25720] loss: 190348.795
[1, 25740] loss: 223962.359
[1, 25760] loss: 225175.190
[1, 25780] loss: 283375.132
[1, 25800] loss: 267738.573
[1, 25820] loss: 146420.173
[1, 25840] loss: 227945.730
[1, 25860] loss: 365095.002
[1, 25880] loss: 207576.737
[1, 25900] loss: 227318.053
[1, 25920] loss: 143794.981
[1, 25940] loss: 219900.398
[1, 25960] loss: 209316.626
[1, 25980] loss: 193975.896
[1, 26000] loss: 152039.224
[1, 26020] loss: 201302.190
[1, 26040] loss: 122805.818
[1, 26060] loss: 237267.611
[1, 26080] loss: 128322.678
[1, 26100] loss: 167710.204
[1, 26120] loss: 151245.232
[1, 26140] loss: 101896.322
[1, 26160] loss: 179383.904
[1, 26180] loss: 178154.753
[1, 26200] loss: 148799.981
[1, 26220] loss: 185011.902
[1, 26240] loss: 203351.229
[1, 26260] loss: 179446.771
[1, 26280] loss: 152899.246
[1, 26300] loss: 61912.614
[1, 26320] loss: 102698.271
[1, 26340] loss: 118393.885
[1, 26360] loss: 214604.067
[1, 26380] loss: 176321.548
[1, 26400] loss: 158472.937
[1, 26420] loss: 46614.373
[1, 26440] loss: 118803.252
[1, 26460] loss: 120591.540
[1, 26480] loss: 135408.659
[1, 26500] loss: 156761.748
[1, 26520] loss: 106169.124
[1, 26540] loss: 127062.424
[1, 26560] loss: 174286.974
[1, 26580] loss: 123158.876
[1, 26600] loss: 97537.699
[1, 26620] loss: 129668.898
[1, 26640] loss: 146221.864
[1, 26660] loss: 77495.679
[1, 26680] loss: 78493.782
[1, 26700] loss: 86008.227
[1, 26720] loss: 174598.004
[1, 26740] loss: 161097.605
[1, 26760] loss: 82241.156
[1, 26780] loss: 118164.724
[1, 26800] loss: 174472.778
[1, 26820] loss: 87905.853
[1, 26840] loss: 76806.046
[1, 26860] loss: 133720.256
[1, 26880] loss: 109500.751
[1, 26900] loss: 91902.837
[1, 26920] loss: 100008.301
[1, 26940] loss: 73392.149
[1, 26960] loss: 118257.510
[1, 26980] loss: 64746.219
[1, 27000] loss: 99553.104
[1, 27020] loss: 54562.035
[1, 27040] loss: 79670.010
[1, 27060] loss: 82400.280
[1, 27080] loss: 106039.609
[1, 27100] loss: 104255.629
[1, 27120] loss: 100891.320
[1, 27140] loss: 111551.460
[1, 27160] loss: 92059.768
[1, 27180] loss: 36956.772
[1, 27200] loss: 56585.615
[1, 27220] loss: 33344.585
[1, 27240] loss: 59561.489
[1, 27260] loss: 52066.398
[1, 27280] loss: 74634.988
[1, 27300] loss: 67815.153
[1, 27320] loss: 27478.349
[1, 27340] loss: 69320.988
[1, 27360] loss: 57683.278
[1, 27380] loss: 58317.389
[1, 27400] loss: 39234.687
[1, 27420] loss: 33578.993
[1, 27440] loss: 31812.412
[1, 27460] loss: 96054.240
[1, 27480] loss: 56925.244
[1, 27500] loss: 44527.418
[1, 27520] loss: 65461.572
[1, 27540] loss: 81253.242
[1, 27560] loss: 120265.854
[1, 27580] loss: 176458.783
[1, 27600] loss: 67125.076
[1, 27620] loss: 50016.584
[1, 27640] loss: 63661.868
[1, 27660] loss: 80352.427
[1, 27680] loss: 28285.419
[1, 27700] loss: 35041.872
[1, 27720] loss: 33950.969
[1, 27740] loss: 25151.500
[1, 27760] loss: 50374.357
[1, 27780] loss: 43940.817
[1, 27800] loss: 73049.462
[1, 27820] loss: 39152.755
[1, 27840] loss: 54864.232
[1, 27860] loss: 30944.340
[1, 27880] loss: 18667.623
[1, 27900] loss: 42692.054
[1, 27920] loss: 39416.056
[1, 27940] loss: 56920.615
[1, 27960] loss: 72631.497
[1, 27980] loss: 40667.742
[1, 28000] loss: 28924.583
[1, 28020] loss: 34811.157
[1, 28040] loss: 15304.477
[1, 28060] loss: 20053.225
[1, 28080] loss: 24062.832
[1, 28100] loss: 32190.131
[1, 28120] loss: 45981.694
[1, 28140] loss: 21463.700
[1, 28160] loss: 17035.559
[1, 28180] loss: 38849.074
[1, 28200] loss: 25939.818
[1, 28220] loss: 39344.139
[1, 28240] loss: 37486.297
[1, 28260] loss: 24988.994
[1, 28280] loss: 35291.754
[1, 28300] loss: 16004.508
[1, 28320] loss: 50407.597
[1, 28340] loss: 33362.724
[1, 28360] loss: 34697.096
[1, 28380] loss: 44591.988
[1, 28400] loss: 19714.821
[1, 28420] loss: 50998.408
[1, 28440] loss: 34299.105
[1, 28460] loss: 32135.282
[1, 28480] loss: 16573.485
[1, 28500] loss: 34642.906
[1, 28520] loss: 45772.582
[1, 28540] loss: 14648.878
[1, 28560] loss: 26185.916
[1, 28580] loss: 30210.553
[1, 28600] loss: 61030.332
[1, 28620] loss: 66145.714
[1, 28640] loss: 21617.680
[1, 28660] loss: 45982.978
[1, 28680] loss: 30352.677
[1, 28700] loss: 7409.319
[1, 28720] loss: 20835.432
[1, 28740] loss: 49389.659
[1, 28760] loss: 32502.141
[1, 28780] loss: 32139.930
[1, 28800] loss: 63565.238
[1, 28820] loss: 126807.468
[1, 28840] loss: 56853.478
[1, 28860] loss: 21516.576
[1, 28880] loss: 13121.278
[1, 28900] loss: 16286.192
[1, 28920] loss: 24260.584
[1, 28940] loss: 18498.098
[1, 28960] loss: 16833.312
[1, 28980] loss: 16191.678
[1, 29000] loss: 27262.902
[1, 29020] loss: 66939.054
[1, 29040] loss: 96203.058
[1, 29060] loss: 95276.774
[1, 29080] loss: 54339.590
[1, 29100] loss: 81885.315
[1, 29120] loss: 66423.856
[1, 29140] loss: 57934.233
[1, 29160] loss: 49089.080
[1, 29180] loss: 53245.189
[1, 29200] loss: 20704.062
[1, 29220] loss: 15477.399
[1, 29240] loss: 24410.667
[1, 29260] loss: 19316.697
[1, 29280] loss: 21718.578
[1, 29300] loss: 21778.974
[1, 29320] loss: 10991.708
[1, 29340] loss: 25657.556
[1, 29360] loss: 53653.681
[1, 29380] loss: 14056.298
[1, 29400] loss: 11070.194
[1, 29420] loss: 8546.367
[1, 29440] loss: 38465.593
[1, 29460] loss: 20974.822
[1, 29480] loss: 30794.824
[1, 29500] loss: 16894.400
[1, 29520] loss: 10783.258
[1, 29540] loss: 12101.613
[1, 29560] loss: 47963.495
[1, 29580] loss: 17373.832
[1, 29600] loss: 21736.010
[1, 29620] loss: 21030.206
[1, 29640] loss: 23946.270
[1, 29660] loss: 43674.428
[1, 29680] loss: 69115.834
[1, 29700] loss: 33994.033
[1, 29720] loss: 33083.477
[1, 29740] loss: 8212.380
[1, 29760] loss: 21970.941
[1, 29780] loss: 29723.821
[1, 29800] loss: 58345.261
[1, 29820] loss: 314795.480
[1, 29840] loss: 283258.319
[1, 29860] loss: 514108.934
[1, 29880] loss: 443687.612
[1, 29900] loss: 473557.384
[1, 29920] loss: 60457.620
[1, 29940] loss: 74318.168
[1, 29960] loss: 42368.264
[1, 29980] loss: 22926.726
[1, 30000] loss: 35320.674
[1, 30020] loss: 176621.938
[1, 30040] loss: 49201.726
[1, 30060] loss: 49737.967
[1, 30080] loss: 59753.735
[1, 30100] loss: 65552.010
[1, 30120] loss: 66507.196
[1, 30140] loss: 241129.810
[1, 30160] loss: 1083422.011
[1, 30180] loss: 1483607.729
[1, 30200] loss: 786397.380
[1, 30220] loss: 241917.212
[1, 30240] loss: 116924.292
[1, 30260] loss: 21796.119
[1, 30280] loss: 24428.116
[1, 30300] loss: 33784.780
[1, 30320] loss: 57539.335
[1, 30340] loss: 123800.781
[1, 30360] loss: 382211.198
[1, 30380] loss: 745949.788
[1, 30400] loss: 325888.056
[1, 30420] loss: 316541.309
[2,    20] loss: 83884.754
[2,    40] loss: 94292.755
[2,    60] loss: 349152.992
[2,    80] loss: 339446.942
[2,   100] loss: 196742.818
[2,   120] loss: 114115.813
[2,   140] loss: 20015.648
[2,   160] loss: 16307.935
[2,   180] loss: 58076.546
[2,   200] loss: 26216.408
[2,   220] loss: 10045.900
[2,   240] loss: 26115.097
[2,   260] loss: 18363.517
[2,   280] loss: 31319.663
[2,   300] loss: 54223.092
[2,   320] loss: 74358.680
[2,   340] loss: 152891.152
[2,   360] loss: 43489.716
[2,   380] loss: 31298.991
[2,   400] loss: 65206.238
[2,   420] loss: 50047.736
[2,   440] loss: 14773.201
[2,   460] loss: 23779.738
[2,   480] loss: 14677.406
[2,   500] loss: 13013.186
[2,   520] loss: 37387.996
[2,   540] loss: 30073.524
[2,   560] loss: 28007.213
[2,   580] loss: 23053.669
[2,   600] loss: 18570.403
[2,   620] loss: 6102.059
[2,   640] loss: 15139.527
[2,   660] loss: 81814.886
[2,   680] loss: 147612.803
[2,   700] loss: 151413.290
[2,   720] loss: 58032.896
[2,   740] loss: 63613.151
[2,   760] loss: 49540.828
[2,   780] loss: 138639.958
[2,   800] loss: 63914.898
[2,   820] loss: 180339.952
[2,   840] loss: 51603.015
[2,   860] loss: 49621.066
[2,   880] loss: 16623.454
[2,   900] loss: 40024.899
[2,   920] loss: 45044.386
[2,   940] loss: 466993.174
[2,   960] loss: 2330766.732
[2,   980] loss: 3433797.196
[2,  1000] loss: 920500.959
[2,  1020] loss: 364874.867
[2,  1040] loss: 219102.399
[2,  1060] loss: 40471.415
[2,  1080] loss: 12697.013
[2,  1100] loss: 2648.077
[2,  1120] loss: 1918.196
[2,  1140] loss: 3887.733
[2,  1160] loss: 4143.198
[2,  1180] loss: 1708.816
[2,  1200] loss: 3300.503
[2,  1220] loss: 1733.307
[2,  1240] loss: 1252.075
[2,  1260] loss: 1621.009
[2,  1280] loss: 2068.677
[2,  1300] loss: 5795.675
[2,  1320] loss: 8484.511
[2,  1340] loss: 8971.661
[2,  1360] loss: 8293.596
[2,  1380] loss: 3553.998
[2,  1400] loss: 2476.192
[2,  1420] loss: 2569.965
[2,  1440] loss: 2793.676
[2,  1460] loss: 2197.969
[2,  1480] loss: 3230.557
[2,  1500] loss: 5069.027
[2,  1520] loss: 9095.901
[2,  1540] loss: 2285.941
[2,  1560] loss: 2964.630
[2,  1580] loss: 5146.544
[2,  1600] loss: 4215.447
[2,  1620] loss: 2431.956
[2,  1640] loss: 6495.895
[2,  1660] loss: 5068.713
[2,  1680] loss: 1962.008
[2,  1700] loss: 1567.171
[2,  1720] loss: 3464.289
[2,  1740] loss: 2328.187
[2,  1760] loss: 3255.351
[2,  1780] loss: 3524.096
[2,  1800] loss: 9109.248
[2,  1820] loss: 9321.258
[2,  1840] loss: 1853.128
[2,  1860] loss: 3350.824
[2,  1880] loss: 4961.825
[2,  1900] loss: 4644.818
[2,  1920] loss: 2318.772
[2,  1940] loss: 3954.041
[2,  1960] loss: 3277.446
[2,  1980] loss: 1806.051
[2,  2000] loss: 6692.581
[2,  2020] loss: 3011.506
[2,  2040] loss: 2301.481
[2,  2060] loss: 2992.854
[2,  2080] loss: 8674.380
[2,  2100] loss: 5928.995
[2,  2120] loss: 3284.296
[2,  2140] loss: 2523.250
[2,  2160] loss: 1698.587
[2,  2180] loss: 1154.745
[2,  2200] loss: 1195.327
[2,  2220] loss: 3101.451
[2,  2240] loss: 2176.818
[2,  2260] loss: 2092.004
[2,  2280] loss: 3673.821
[2,  2300] loss: 3814.059
[2,  2320] loss: 2137.181
[2,  2340] loss: 2980.349
[2,  2360] loss: 2435.003
[2,  2380] loss: 1804.408
[2,  2400] loss: 1835.438
[2,  2420] loss: 16547.701
[2,  2440] loss: 24258.791
[2,  2460] loss: 12650.680
[2,  2480] loss: 14796.805
[2,  2500] loss: 16127.472
[2,  2520] loss: 21401.432
[2,  2540] loss: 5269.194
[2,  2560] loss: 3731.300
[2,  2580] loss: 2802.034
[2,  2600] loss: 11922.266
[2,  2620] loss: 11177.526
[2,  2640] loss: 4271.830
[2,  2660] loss: 1008.422
[2,  2680] loss: 4463.674
[2,  2700] loss: 12111.345
[2,  2720] loss: 28078.045
[2,  2740] loss: 33140.787
[2,  2760] loss: 37801.064
[2,  2780] loss: 14037.100
[2,  2800] loss: 18670.804
[2,  2820] loss: 12882.127
[2,  2840] loss: 7109.481
[2,  2860] loss: 9906.460
[2,  2880] loss: 13088.737
[2,  2900] loss: 29305.790
[2,  2920] loss: 27777.887
[2,  2940] loss: 8927.229
[2,  2960] loss: 11984.233
[2,  2980] loss: 11169.948
[2,  3000] loss: 22298.338
[2,  3020] loss: 201129.169
[2,  3040] loss: 513392.841
[2,  3060] loss: 1396126.639
[2,  3080] loss: 386501.580
[2,  3100] loss: 122276.055
[2,  3120] loss: 6580.601
[2,  3140] loss: 2441.960
[2,  3160] loss: 1504.404
[2,  3180] loss: 436.180
[2,  3200] loss: 1222.416
[2,  3220] loss: 1096.375
[2,  3240] loss: 244.948
[2,  3260] loss: 481.422
[2,  3280] loss: 299.838
[2,  3300] loss: 245.011
[2,  3320] loss: 252.658
[2,  3340] loss: 348.175
[2,  3360] loss: 353.415
[2,  3380] loss: 280.521
[2,  3400] loss: 344.087
[2,  3420] loss: 784.456
[2,  3440] loss: 396.217
[2,  3460] loss: 581.574
[2,  3480] loss: 291.574
[2,  3500] loss: 256.157
[2,  3520] loss: 271.599
[2,  3540] loss: 350.915
[2,  3560] loss: 313.205
[2,  3580] loss: 381.723
[2,  3600] loss: 335.363
[2,  3620] loss: 434.631
[2,  3640] loss: 302.380
[2,  3660] loss: 454.161
[2,  3680] loss: 129.737
[2,  3700] loss: 120.305
[2,  3720] loss: 199.050
[2,  3740] loss: 516.134
[2,  3760] loss: 326.932
[2,  3780] loss: 277.147
[2,  3800] loss: 213.872
[2,  3820] loss: 380.983
[2,  3840] loss: 1039.424
[2,  3860] loss: 388.590
[2,  3880] loss: 180.259
[2,  3900] loss: 332.076
[2,  3920] loss: 312.862
[2,  3940] loss: 138.360
[2,  3960] loss: 463.187
[2,  3980] loss: 1068.300
[2,  4000] loss: 625.753
[2,  4020] loss: 568.269
[2,  4040] loss: 183.872
[2,  4060] loss: 200.896
[2,  4080] loss: 276.461
[2,  4100] loss: 215.848
[2,  4120] loss: 216.459
[2,  4140] loss: 297.815
[2,  4160] loss: 282.431
[2,  4180] loss: 177.225
[2,  4200] loss: 360.109
[2,  4220] loss: 377.248
[2,  4240] loss: 213.718
[2,  4260] loss: 258.575
[2,  4280] loss: 243.315
[2,  4300] loss: 472.898
[2,  4320] loss: 171.640
[2,  4340] loss: 798.747
[2,  4360] loss: 1372.421
[2,  4380] loss: 1351.969
[2,  4400] loss: 325.125
[2,  4420] loss: 299.435
[2,  4440] loss: 549.632
[2,  4460] loss: 299.596
[2,  4480] loss: 388.011
[2,  4500] loss: 416.218
[2,  4520] loss: 629.005
[2,  4540] loss: 359.745
[2,  4560] loss: 171.770
[2,  4580] loss: 237.240
[2,  4600] loss: 105.611
[2,  4620] loss: 109.104
[2,  4640] loss: 160.264
[2,  4660] loss: 542.543
[2,  4680] loss: 235.463
[2,  4700] loss: 204.111
[2,  4720] loss: 319.109
[2,  4740] loss: 430.130
[2,  4760] loss: 673.805
[2,  4780] loss: 380.481
[2,  4800] loss: 173.438
[2,  4820] loss: 228.017
[2,  4840] loss: 781.486
[2,  4860] loss: 2334.654
[2,  4880] loss: 2183.759
[2,  4900] loss: 1672.982
[2,  4920] loss: 1079.480
[2,  4940] loss: 219.083
[2,  4960] loss: 715.120
[2,  4980] loss: 365.156
[2,  5000] loss: 321.867
[2,  5020] loss: 341.963
[2,  5040] loss: 692.961
[2,  5060] loss: 690.978
[2,  5080] loss: 160.496
[2,  5100] loss: 359.758
[2,  5120] loss: 387.743
[2,  5140] loss: 253.670
[2,  5160] loss: 397.261
[2,  5180] loss: 816.040
[2,  5200] loss: 346.369
[2,  5220] loss: 211.273
[2,  5240] loss: 390.298
[2,  5260] loss: 311.806
[2,  5280] loss: 437.851
[2,  5300] loss: 617.454
[2,  5320] loss: 217.625
[2,  5340] loss: 544.456
[2,  5360] loss: 699.906
[2,  5380] loss: 906.722
[2,  5400] loss: 1172.401
[2,  5420] loss: 562.591
[2,  5440] loss: 219.144
[2,  5460] loss: 213.410
[2,  5480] loss: 214.476
[2,  5500] loss: 311.402
[2,  5520] loss: 648.489
[2,  5540] loss: 405.762
[2,  5560] loss: 479.240
[2,  5580] loss: 924.081
[2,  5600] loss: 1301.673
[2,  5620] loss: 1156.551
[2,  5640] loss: 1410.493
[2,  5660] loss: 1069.921
[2,  5680] loss: 876.133
[2,  5700] loss: 575.501
[2,  5720] loss: 535.951
[2,  5740] loss: 478.525
[2,  5760] loss: 284.501
[2,  5780] loss: 1222.771
[2,  5800] loss: 768.133
[2,  5820] loss: 1115.562
[2,  5840] loss: 1828.308
[2,  5860] loss: 1837.026
[2,  5880] loss: 6169.882
[2,  5900] loss: 12665.235
[2,  5920] loss: 22032.065
[2,  5940] loss: 40102.123
[2,  5960] loss: 13235.016
[2,  5980] loss: 6012.611
[2,  6000] loss: 4337.330
[2,  6020] loss: 3238.328
[2,  6040] loss: 5988.425
[2,  6060] loss: 690.543
[2,  6080] loss: 913.588
[2,  6100] loss: 1532.522
[2,  6120] loss: 2282.587
[2,  6140] loss: 1305.156
[2,  6160] loss: 797.692
[2,  6180] loss: 1245.224
[2,  6200] loss: 1170.506
[2,  6220] loss: 1032.727
[2,  6240] loss: 732.005
[2,  6260] loss: 1040.922
[2,  6280] loss: 980.973
[2,  6300] loss: 746.133
[2,  6320] loss: 727.122
[2,  6340] loss: 1348.781
[2,  6360] loss: 871.928
[2,  6380] loss: 2007.759
[2,  6400] loss: 2964.761
[2,  6420] loss: 3485.214
[2,  6440] loss: 2176.274
[2,  6460] loss: 1989.057
[2,  6480] loss: 11469.112
[2,  6500] loss: 14105.477
[2,  6520] loss: 24666.087
[2,  6540] loss: 5471.773
[2,  6560] loss: 3602.349
[2,  6580] loss: 7067.022
[2,  6600] loss: 9109.363
[2,  6620] loss: 6504.077
[2,  6640] loss: 3788.170
[2,  6660] loss: 3205.859
[2,  6680] loss: 2022.819
[2,  6700] loss: 480.348
[2,  6720] loss: 150.207
[2,  6740] loss: 98.438
[2,  6760] loss: 96.065
[2,  6780] loss: 307.328
[2,  6800] loss: 123.310
[2,  6820] loss: 262.360
[2,  6840] loss: 283.792
[2,  6860] loss: 3247.613
[2,  6880] loss: 3746.219
[2,  6900] loss: 24841.071
[2,  6920] loss: 26136.925
[2,  6940] loss: 21164.886
[2,  6960] loss: 15374.859
[2,  6980] loss: 3043.206
[2,  7000] loss: 988.064
[2,  7020] loss: 626.003
[2,  7040] loss: 308.179
[2,  7060] loss: 141.956
[2,  7080] loss: 190.386
[2,  7100] loss: 121.542
[2,  7120] loss: 169.614
[2,  7140] loss: 39.695
[2,  7160] loss: 243.041
[2,  7180] loss: 95.830
[2,  7200] loss: 158.490
[2,  7220] loss: 233.808
[2,  7240] loss: 178.655
[2,  7260] loss: 255.723
[2,  7280] loss: 365.035
[2,  7300] loss: 609.139
[2,  7320] loss: 113.526
[2,  7340] loss: 121.411
[2,  7360] loss: 102.153
[2,  7380] loss: 169.457
[2,  7400] loss: 290.134
[2,  7420] loss: 1075.493
[2,  7440] loss: 444.900
[2,  7460] loss: 456.431
[2,  7480] loss: 427.011
[2,  7500] loss: 83.360
[2,  7520] loss: 96.167
[2,  7540] loss: 114.333
[2,  7560] loss: 134.768
[2,  7580] loss: 105.090
[2,  7600] loss: 143.788
[2,  7620] loss: 83.833
[2,  7640] loss: 154.468
[2,  7660] loss: 253.204
[2,  7680] loss: 452.661
[2,  7700] loss: 818.612
[2,  7720] loss: 365.043
[2,  7740] loss: 545.289
[2,  7760] loss: 996.738
[2,  7780] loss: 535.425
[2,  7800] loss: 838.631
[2,  7820] loss: 753.121
[2,  7840] loss: 545.211
[2,  7860] loss: 422.328
[2,  7880] loss: 793.228
[2,  7900] loss: 463.973
[2,  7920] loss: 530.885
[2,  7940] loss: 2377.734
[2,  7960] loss: 7252.554
[2,  7980] loss: 6576.126
[2,  8000] loss: 2767.247
[2,  8020] loss: 9827.762
[2,  8040] loss: 4734.919
[2,  8060] loss: 1851.536
[2,  8080] loss: 1299.449
[2,  8100] loss: 398.641
[2,  8120] loss: 1113.284
[2,  8140] loss: 540.924
[2,  8160] loss: 298.033
[2,  8180] loss: 130.570
[2,  8200] loss: 125.777
[2,  8220] loss: 74.896
[2,  8240] loss: 119.282
[2,  8260] loss: 61.937
[2,  8280] loss: 177.908
[2,  8300] loss: 272.663
[2,  8320] loss: 281.405
[2,  8340] loss: 287.729
[2,  8360] loss: 3917.634
[2,  8380] loss: 2781.795
[2,  8400] loss: 1648.390
[2,  8420] loss: 1142.284
[2,  8440] loss: 542.394
[2,  8460] loss: 1034.448
[2,  8480] loss: 1570.999
[2,  8500] loss: 228.768
[2,  8520] loss: 191.420
[2,  8540] loss: 194.299
[2,  8560] loss: 116.291
[2,  8580] loss: 110.270
[2,  8600] loss: 111.697
[2,  8620] loss: 236.229
[2,  8640] loss: 153.745
[2,  8660] loss: 168.974
[2,  8680] loss: 650.891
[2,  8700] loss: 514.778
[2,  8720] loss: 257.370
[2,  8740] loss: 306.666
[2,  8760] loss: 1326.524
[2,  8780] loss: 1259.141
[2,  8800] loss: 3452.945
[2,  8820] loss: 6528.287
[2,  8840] loss: 1393.533
[2,  8860] loss: 865.840
[2,  8880] loss: 534.115
[2,  8900] loss: 421.123
[2,  8920] loss: 443.156
[2,  8940] loss: 436.152
[2,  8960] loss: 223.794
[2,  8980] loss: 107.075
[2,  9000] loss: 132.354
[2,  9020] loss: 256.617
[2,  9040] loss: 1374.216
[2,  9060] loss: 767.324
[2,  9080] loss: 1732.356
[2,  9100] loss: 7978.650
[2,  9120] loss: 34427.192
[2,  9140] loss: 34588.902
[2,  9160] loss: 57946.963
[2,  9180] loss: 85137.050
[2,  9200] loss: 25158.509
[2,  9220] loss: 7538.831
[2,  9240] loss: 4694.964
[2,  9260] loss: 4056.634
[2,  9280] loss: 1915.362
[2,  9300] loss: 66.756
[2,  9320] loss: 128.032
[2,  9340] loss: 20.794
[2,  9360] loss: 32.496
[2,  9380] loss: 28.112
[2,  9400] loss: 15.937
[2,  9420] loss: 21.447
[2,  9440] loss: 20.363
[2,  9460] loss: 12.044
[2,  9480] loss: 17.806
[2,  9500] loss: 13.928
[2,  9520] loss: 12.473
[2,  9540] loss: 15.670
[2,  9560] loss: 11.557
[2,  9580] loss: 13.673
[2,  9600] loss: 13.464
[2,  9620] loss: 14.550
[2,  9640] loss: 11.973
[2,  9660] loss: 21.088
[2,  9680] loss: 16.674
[2,  9700] loss: 24.739
[2,  9720] loss: 12.502
[2,  9740] loss: 6.066
[2,  9760] loss: 14.607
[2,  9780] loss: 11.053
[2,  9800] loss: 13.208
[2,  9820] loss: 18.103
[2,  9840] loss: 18.450
[2,  9860] loss: 16.216
[2,  9880] loss: 18.145
[2,  9900] loss: 6.964
[2,  9920] loss: 15.262
[2,  9940] loss: 9.601
[2,  9960] loss: 10.782
[2,  9980] loss: 14.697
[2, 10000] loss: 34.797
[2, 10020] loss: 13.655
[2, 10040] loss: 30.147
[2, 10060] loss: 9.348
[2, 10080] loss: 17.170
[2, 10100] loss: 11.480
[2, 10120] loss: 16.706
[2, 10140] loss: 7.695
[2, 10160] loss: 13.592
[2, 10180] loss: 27.217
[2, 10200] loss: 11.825
[2, 10220] loss: 22.992
[2, 10240] loss: 14.105
[2, 10260] loss: 17.674
[2, 10280] loss: 14.619
[2, 10300] loss: 15.283
[2, 10320] loss: 9.245
[2, 10340] loss: 8.049
[2, 10360] loss: 13.519
[2, 10380] loss: 63.688
[2, 10400] loss: 25.743
[2, 10420] loss: 12.140
[2, 10440] loss: 5.002
[2, 10460] loss: 6.388
[2, 10480] loss: 8.937
[2, 10500] loss: 9.063
[2, 10520] loss: 8.499
[2, 10540] loss: 7.436
[2, 10560] loss: 8.049
[2, 10580] loss: 5.885
[2, 10600] loss: 7.571
[2, 10620] loss: 8.493
[2, 10640] loss: 8.248
[2, 10660] loss: 5.640
[2, 10680] loss: 16.890
[2, 10700] loss: 7.687
[2, 10720] loss: 8.027
[2, 10740] loss: 13.580
[2, 10760] loss: 26.118
[2, 10780] loss: 15.933
[2, 10800] loss: 26.635
[2, 10820] loss: 29.356
[2, 10840] loss: 26.851
[2, 10860] loss: 19.531
[2, 10880] loss: 10.239
[2, 10900] loss: 5.057
[2, 10920] loss: 5.863
[2, 10940] loss: 9.653
[2, 10960] loss: 12.660
[2, 10980] loss: 11.657
[2, 11000] loss: 9.231
[2, 11020] loss: 8.546
[2, 11040] loss: 7.231
[2, 11060] loss: 10.887
[2, 11080] loss: 15.234
[2, 11100] loss: 7.715
[2, 11120] loss: 6.035
[2, 11140] loss: 11.022
[2, 11160] loss: 11.817
[2, 11180] loss: 4.670
[2, 11200] loss: 11.915
[2, 11220] loss: 11.393
[2, 11240] loss: 59.695
[2, 11260] loss: 13.381
[2, 11280] loss: 8.453
[2, 11300] loss: 9.612
[2, 11320] loss: 11.557
[2, 11340] loss: 45.590
[2, 11360] loss: 18.256
[2, 11380] loss: 11.435
[2, 11400] loss: 8.826
[2, 11420] loss: 13.230
[2, 11440] loss: 12.814
[2, 11460] loss: 9.137
[2, 11480] loss: 23.495
[2, 11500] loss: 15.571
[2, 11520] loss: 29.943
[2, 11540] loss: 19.334
[2, 11560] loss: 14.354
[2, 11580] loss: 14.657
[2, 11600] loss: 17.674
[2, 11620] loss: 41.743
[2, 11640] loss: 384.953
[2, 11660] loss: 228.979
[2, 11680] loss: 31.093
[2, 11700] loss: 10.485
[2, 11720] loss: 25.304
[2, 11740] loss: 31.040
[2, 11760] loss: 20.638
[2, 11780] loss: 26.921
[2, 11800] loss: 28.986
[2, 11820] loss: 14.381
[2, 11840] loss: 22.740
[2, 11860] loss: 4.330
[2, 11880] loss: 9.268
[2, 11900] loss: 12.521
[2, 11920] loss: 30.190
[2, 11940] loss: 65.256
[2, 11960] loss: 114.802
[2, 11980] loss: 360.674
[2, 12000] loss: 693.808
[2, 12020] loss: 216.188
[2, 12040] loss: 43.976
[2, 12060] loss: 15.254
[2, 12080] loss: 27.800
[2, 12100] loss: 65.019
[2, 12120] loss: 19.767
[2, 12140] loss: 12.983
[2, 12160] loss: 11.381
[2, 12180] loss: 3.205
[2, 12200] loss: 5.977
[2, 12220] loss: 15.266
[2, 12240] loss: 12.186
[2, 12260] loss: 31.437
[2, 12280] loss: 21.878
[2, 12300] loss: 101.105
[2, 12320] loss: 82.683
[2, 12340] loss: 89.532
[2, 12360] loss: 77.540
[2, 12380] loss: 57.064
[2, 12400] loss: 28.902
[2, 12420] loss: 24.145
[2, 12440] loss: 68.807
[2, 12460] loss: 86.880
[2, 12480] loss: 114.389
[2, 12500] loss: 634.281
[2, 12520] loss: 1429.309
[2, 12540] loss: 2555.415
[2, 12560] loss: 11262.003
[2, 12580] loss: 106277.115
[2, 12600] loss: 2382533353.212
[2, 12620] loss: 3567047326.400
[2, 12640] loss: 282593730.622
[2, 12660] loss: 33848950.571
[2, 12680] loss: 1987158.361
[2, 12700] loss: 1154135.808
[2, 12720] loss: 592830.958
[2, 12740] loss: 259470.262
[2, 12760] loss: 104400.329
[2, 12780] loss: 133658.387
[2, 12800] loss: 119529.806
[2, 12820] loss: 109998.464
[2, 12840] loss: 193182.109
[2, 12860] loss: 125783.707
[2, 12880] loss: 93921.401
[2, 12900] loss: 220980.762
[2, 12920] loss: 152417.322
[2, 12940] loss: 121076.495
[2, 12960] loss: 204118.836
[2, 12980] loss: 106615.512
[2, 13000] loss: 134272.919
[2, 13020] loss: 78050.673
[2, 13040] loss: 80846.384
[2, 13060] loss: 118172.703
[2, 13080] loss: 91484.087
[2, 13100] loss: 90688.885
[2, 13120] loss: 107159.295
[2, 13140] loss: 117584.605
[2, 13160] loss: 160703.997
[2, 13180] loss: 138184.487
[2, 13200] loss: 115274.230
[2, 13220] loss: 28818.532
[2, 13240] loss: 44392.557
[2, 13260] loss: 53117.719
[2, 13280] loss: 61528.711
[2, 13300] loss: 72661.226
[2, 13320] loss: 82842.379
[2, 13340] loss: 101502.407
[2, 13360] loss: 75605.319
[2, 13380] loss: 67384.775
[2, 13400] loss: 80453.995
[2, 13420] loss: 108462.347
[2, 13440] loss: 70506.316
[2, 13460] loss: 58735.222
[2, 13480] loss: 57757.786
[2, 13500] loss: 41752.137
[2, 13520] loss: 60736.963
[2, 13540] loss: 69063.101
[2, 13560] loss: 40274.089
[2, 13580] loss: 23897.331
[2, 13600] loss: 36899.800
[2, 13620] loss: 59817.420
[2, 13640] loss: 43161.770
[2, 13660] loss: 26622.449
[2, 13680] loss: 74938.925
[2, 13700] loss: 33508.395
[2, 13720] loss: 43151.281
[2, 13740] loss: 22277.888
[2, 13760] loss: 20309.937
[2, 13780] loss: 31146.106
[2, 13800] loss: 56520.151
[2, 13820] loss: 55433.188
[2, 13840] loss: 44962.142
[2, 13860] loss: 16503.261
[2, 13880] loss: 45080.674
[2, 13900] loss: 37268.477
[2, 13920] loss: 55320.548
[2, 13940] loss: 68330.918
[2, 13960] loss: 44408.081
[2, 13980] loss: 20899.904
[2, 14000] loss: 33292.115
[2, 14020] loss: 14521.245
[2, 14040] loss: 34853.603
[2, 14060] loss: 34884.030
[2, 14080] loss: 20042.646
[2, 14100] loss: 43115.940
[2, 14120] loss: 22274.843
[2, 14140] loss: 36817.786
[2, 14160] loss: 22308.008
[2, 14180] loss: 24728.649
[2, 14200] loss: 20717.821
[2, 14220] loss: 35325.534
[2, 14240] loss: 34294.786
[2, 14260] loss: 16660.742
[2, 14280] loss: 35450.668
[2, 14300] loss: 23592.208
[2, 14320] loss: 15467.634
[2, 14340] loss: 16304.524
[2, 14360] loss: 28001.651
[2, 14380] loss: 38169.878
[2, 14400] loss: 44753.744
[2, 14420] loss: 31107.923
[2, 14440] loss: 29838.984
[2, 14460] loss: 27098.882
[2, 14480] loss: 71159.730
[2, 14500] loss: 24820.419
[2, 14520] loss: 31953.254
[2, 14540] loss: 24034.145
[2, 14560] loss: 20256.460
[2, 14580] loss: 20578.888
[2, 14600] loss: 23992.661
[2, 14620] loss: 23425.049
[2, 14640] loss: 15562.979
[2, 14660] loss: 14995.068
[2, 14680] loss: 21249.445
[2, 14700] loss: 13514.733
[2, 14720] loss: 18031.360
[2, 14740] loss: 24929.409
[2, 14760] loss: 18021.134
[2, 14780] loss: 13504.256
[2, 14800] loss: 23703.056
[2, 14820] loss: 22835.292
[2, 14840] loss: 14832.065
[2, 14860] loss: 37602.673
[2, 14880] loss: 16656.792
[2, 14900] loss: 10779.178
[2, 14920] loss: 9139.985
[2, 14940] loss: 14032.851
[2, 14960] loss: 15540.420
[2, 14980] loss: 12134.720
[2, 15000] loss: 11563.702
[2, 15020] loss: 10051.391
[2, 15040] loss: 7378.468
[2, 15060] loss: 16084.827
[2, 15080] loss: 9731.237
[2, 15100] loss: 14120.025
[2, 15120] loss: 10092.884
[2, 15140] loss: 16976.097
[2, 15160] loss: 9548.102
[2, 15180] loss: 10567.872
[2, 15200] loss: 13932.004
[2, 15220] loss: 13280.835
[2, 15240] loss: 6444.584
[2, 15260] loss: 7443.679
[2, 15280] loss: 4263.549
[2, 15300] loss: 10123.045
[2, 15320] loss: 9725.930
[2, 15340] loss: 3026.681
[2, 15360] loss: 9415.060
[2, 15380] loss: 11025.579
[2, 15400] loss: 5884.586
[2, 15420] loss: 13910.561
[2, 15440] loss: 4028.503
[2, 15460] loss: 5940.151
[2, 15480] loss: 3979.188
[2, 15500] loss: 6719.503
[2, 15520] loss: 7351.151
[2, 15540] loss: 7311.939
[2, 15560] loss: 13652.096
[2, 15580] loss: 10244.215
[2, 15600] loss: 6842.883
[2, 15620] loss: 7557.195
[2, 15640] loss: 8680.912
[2, 15660] loss: 9300.774
[2, 15680] loss: 5989.492
[2, 15700] loss: 9539.187
[2, 15720] loss: 4868.660
[2, 15740] loss: 6417.413
[2, 15760] loss: 4476.737
[2, 15780] loss: 5340.667
[2, 15800] loss: 2754.186
[2, 15820] loss: 7720.251
[2, 15840] loss: 5346.297
[2, 15860] loss: 10761.880
[2, 15880] loss: 8479.411
[2, 15900] loss: 8112.088
[2, 15920] loss: 6403.530
[2, 15940] loss: 5141.863
[2, 15960] loss: 3657.297
[2, 15980] loss: 7445.129
[2, 16000] loss: 7872.629
[2, 16020] loss: 2695.971
[2, 16040] loss: 7272.659
[2, 16060] loss: 7911.942
[2, 16080] loss: 3862.127
[2, 16100] loss: 3058.592
[2, 16120] loss: 4302.247
[2, 16140] loss: 5687.448
[2, 16160] loss: 8625.794
[2, 16180] loss: 3998.345
[2, 16200] loss: 6274.333
[2, 16220] loss: 3595.316
[2, 16240] loss: 2129.455
[2, 16260] loss: 5324.185
[2, 16280] loss: 4616.942
[2, 16300] loss: 5495.492
[2, 16320] loss: 5604.907
[2, 16340] loss: 4110.278
[2, 16360] loss: 8452.193
[2, 16380] loss: 2890.825
[2, 16400] loss: 4776.401
[2, 16420] loss: 4721.466
[2, 16440] loss: 6883.987
[2, 16460] loss: 7406.086
[2, 16480] loss: 4903.845
[2, 16500] loss: 3812.931
[2, 16520] loss: 3521.661
[2, 16540] loss: 5352.115
[2, 16560] loss: 5672.186
[2, 16580] loss: 4670.869
[2, 16600] loss: 2508.400
[2, 16620] loss: 1745.256
[2, 16640] loss: 3964.014
[2, 16660] loss: 2978.835
[2, 16680] loss: 2163.821
[2, 16700] loss: 2886.877
[2, 16720] loss: 3162.532
[2, 16740] loss: 1465.670
[2, 16760] loss: 3524.104
[2, 16780] loss: 4073.454
[2, 16800] loss: 3270.193
[2, 16820] loss: 3555.264
[2, 16840] loss: 3456.412
[2, 16860] loss: 2576.878
[2, 16880] loss: 2657.833
[2, 16900] loss: 1995.310
[2, 16920] loss: 2678.569
[2, 16940] loss: 1551.411
[2, 16960] loss: 2050.453
[2, 16980] loss: 1336.585
[2, 17000] loss: 2309.117
[2, 17020] loss: 2194.121
[2, 17040] loss: 1327.388
[2, 17060] loss: 3524.102
[2, 17080] loss: 2866.273
[2, 17100] loss: 3054.543
[2, 17120] loss: 1696.942
[2, 17140] loss: 2524.659
[2, 17160] loss: 4226.365
[2, 17180] loss: 2520.878
[2, 17200] loss: 3779.210
[2, 17220] loss: 4863.948
[2, 17240] loss: 1313.569
[2, 17260] loss: 3651.253
[2, 17280] loss: 4601.247
[2, 17300] loss: 3833.574
[2, 17320] loss: 4592.377
[2, 17340] loss: 2700.388
[2, 17360] loss: 3080.930
[2, 17380] loss: 1897.040
[2, 17400] loss: 2850.884
[2, 17420] loss: 3880.427
[2, 17440] loss: 1931.575
[2, 17460] loss: 2442.844
[2, 17480] loss: 1477.923
[2, 17500] loss: 1132.075
[2, 17520] loss: 1898.854
[2, 17540] loss: 2115.963
[2, 17560] loss: 2552.662
[2, 17580] loss: 2853.411
[2, 17600] loss: 1531.791
[2, 17620] loss: 2069.335
[2, 17640] loss: 2370.275
[2, 17660] loss: 1618.327
[2, 17680] loss: 1198.891
[2, 17700] loss: 1300.195
[2, 17720] loss: 598.414
[2, 17740] loss: 1514.035
[2, 17760] loss: 2188.335
[2, 17780] loss: 2808.150
[2, 17800] loss: 1172.148
[2, 17820] loss: 3060.806
[2, 17840] loss: 2025.438
[2, 17860] loss: 1859.831
[2, 17880] loss: 2132.429
[2, 17900] loss: 1879.823
[2, 17920] loss: 1998.006
[2, 17940] loss: 1220.189
[2, 17960] loss: 815.273
[2, 17980] loss: 867.395
[2, 18000] loss: 1683.014
[2, 18020] loss: 3124.216
[2, 18040] loss: 2669.714
[2, 18060] loss: 1479.054
[2, 18080] loss: 3002.685
[2, 18100] loss: 2047.868
[2, 18120] loss: 1922.115
[2, 18140] loss: 857.607
[2, 18160] loss: 431.013
[2, 18180] loss: 742.274
[2, 18200] loss: 1350.109
[2, 18220] loss: 3329.260
[2, 18240] loss: 1943.518
[2, 18260] loss: 2602.473
[2, 18280] loss: 1122.701
[2, 18300] loss: 3041.565
[2, 18320] loss: 2915.019
[2, 18340] loss: 1317.702
[2, 18360] loss: 1637.260
[2, 18380] loss: 2368.805
[2, 18400] loss: 1560.538
[2, 18420] loss: 2126.422
[2, 18440] loss: 2864.893
[2, 18460] loss: 1833.330
[2, 18480] loss: 2154.836
[2, 18500] loss: 3156.635
[2, 18520] loss: 2812.078
[2, 18540] loss: 2969.474
[2, 18560] loss: 825.620
[2, 18580] loss: 1825.872
[2, 18600] loss: 1157.014
[2, 18620] loss: 1038.782
[2, 18640] loss: 1019.034
[2, 18660] loss: 1323.838
[2, 18680] loss: 920.451
[2, 18700] loss: 2181.061
[2, 18720] loss: 1739.392
[2, 18740] loss: 914.282
[2, 18760] loss: 1275.576
[2, 18780] loss: 763.275
[2, 18800] loss: 829.243
[2, 18820] loss: 724.153
[2, 18840] loss: 417.277
[2, 18860] loss: 1038.185
[2, 18880] loss: 527.963
[2, 18900] loss: 692.212
[2, 18920] loss: 1484.765
[2, 18940] loss: 2613.547
[2, 18960] loss: 837.154
[2, 18980] loss: 1610.902
[2, 19000] loss: 707.416
[2, 19020] loss: 711.821
[2, 19040] loss: 307.698
[2, 19060] loss: 1214.842
[2, 19080] loss: 819.940
[2, 19100] loss: 1277.572
[2, 19120] loss: 1279.059
[2, 19140] loss: 1699.886
[2, 19160] loss: 820.837
[2, 19180] loss: 1753.122
[2, 19200] loss: 987.895
[2, 19220] loss: 820.091
[2, 19240] loss: 854.778
[2, 19260] loss: 387.866
[2, 19280] loss: 1052.901
[2, 19300] loss: 1396.018
[2, 19320] loss: 1432.254
[2, 19340] loss: 1200.544
[2, 19360] loss: 677.947
[2, 19380] loss: 729.887
[2, 19400] loss: 463.806
[2, 19420] loss: 208.232
[2, 19440] loss: 320.861
[2, 19460] loss: 1534.716
[2, 19480] loss: 918.348
[2, 19500] loss: 586.535
[2, 19520] loss: 705.341
[2, 19540] loss: 1799.605
[2, 19560] loss: 1994.472
[2, 19580] loss: 1348.229
[2, 19600] loss: 845.615
[2, 19620] loss: 1442.037
[2, 19640] loss: 898.929
[2, 19660] loss: 4130.345
[2, 19680] loss: 1124.872
[2, 19700] loss: 2081.725
[2, 19720] loss: 2054.002
[2, 19740] loss: 890.022
[2, 19760] loss: 3409.194
[2, 19780] loss: 1590.665
[2, 19800] loss: 1447.424
[2, 19820] loss: 792.775
[2, 19840] loss: 1154.347
[2, 19860] loss: 1708.273
[2, 19880] loss: 500.695
[2, 19900] loss: 392.736
[2, 19920] loss: 1648.755
[2, 19940] loss: 4067.182
[2, 19960] loss: 1770.865
[2, 19980] loss: 536.468
[2, 20000] loss: 896.236
[2, 20020] loss: 846.688
[2, 20040] loss: 936.498
[2, 20060] loss: 669.472
[2, 20080] loss: 1550.683
[2, 20100] loss: 753.227
[2, 20120] loss: 1583.134
[2, 20140] loss: 1334.921
[2, 20160] loss: 2092.479
[2, 20180] loss: 2125.014
[2, 20200] loss: 3419.579
[2, 20220] loss: 3993.878
[2, 20240] loss: 982.811
[2, 20260] loss: 930.155
[2, 20280] loss: 3955.827
[2, 20300] loss: 3586.264
[2, 20320] loss: 2225.509
[2, 20340] loss: 411.160
[2, 20360] loss: 471.702
[2, 20380] loss: 580.846
[2, 20400] loss: 346.816
[2, 20420] loss: 1078.474
[2, 20440] loss: 2153.906
[2, 20460] loss: 1210.320
[2, 20480] loss: 293.036
[2, 20500] loss: 1304.424
[2, 20520] loss: 4783.549
[2, 20540] loss: 2872.231
[2, 20560] loss: 1199.765
[2, 20580] loss: 1242.534
[2, 20600] loss: 3214.767
[2, 20620] loss: 2498.510
[2, 20640] loss: 1933.640
[2, 20660] loss: 1006.736
[2, 20680] loss: 358.669
[2, 20700] loss: 548.401
[2, 20720] loss: 686.518
[2, 20740] loss: 534.582
[2, 20760] loss: 453.796
[2, 20780] loss: 258.521
[2, 20800] loss: 641.455
[2, 20820] loss: 2028.691
[2, 20840] loss: 8538.178
[2, 20860] loss: 11778.967
[2, 20880] loss: 4902.411
[2, 20900] loss: 1873.613
[2, 20920] loss: 1684.909
[2, 20940] loss: 1360.875
[2, 20960] loss: 594.458
[2, 20980] loss: 882.706
[2, 21000] loss: 1873.787
[2, 21020] loss: 741.894
[2, 21040] loss: 334.716
[2, 21060] loss: 1615.883
[2, 21080] loss: 1093.922
[2, 21100] loss: 563.745
[2, 21120] loss: 861.530
[2, 21140] loss: 776.452
[2, 21160] loss: 285.340
[2, 21180] loss: 348.974
[2, 21200] loss: 591.485
[2, 21220] loss: 977.460
[2, 21240] loss: 283.519
[2, 21260] loss: 265.080
[2, 21280] loss: 684.322
[2, 21300] loss: 282.858
[2, 21320] loss: 202.924
[2, 21340] loss: 735.619
[2, 21360] loss: 916.267
[2, 21380] loss: 504.831
[2, 21400] loss: 257.992
[2, 21420] loss: 146.436
[2, 21440] loss: 450.351
[2, 21460] loss: 609.914
[2, 21480] loss: 317.219
[2, 21500] loss: 585.935
[2, 21520] loss: 230.590
[2, 21540] loss: 318.434
[2, 21560] loss: 391.408
[2, 21580] loss: 505.230
[2, 21600] loss: 523.277
[2, 21620] loss: 521.220
[2, 21640] loss: 352.231
[2, 21660] loss: 682.085
[2, 21680] loss: 3500.883
[2, 21700] loss: 1980.237
[2, 21720] loss: 2601.008
[2, 21740] loss: 4688.041
[2, 21760] loss: 10356.145
[2, 21780] loss: 2487.352
[2, 21800] loss: 2906.961
[2, 21820] loss: 3785.375
[2, 21840] loss: 2233.448
[2, 21860] loss: 807.957
[2, 21880] loss: 1280.407
[2, 21900] loss: 5283.140
[2, 21920] loss: 3301.245
[2, 21940] loss: 2505.081
[2, 21960] loss: 2908.820
[2, 21980] loss: 1078.169
[2, 22000] loss: 396.141
[2, 22020] loss: 194.580
[2, 22040] loss: 543.415
[2, 22060] loss: 3119.612
[2, 22080] loss: 2944.814
[2, 22100] loss: 3308.167
[2, 22120] loss: 679.457
[2, 22140] loss: 509.653
[2, 22160] loss: 264.989
[2, 22180] loss: 1061.848
[2, 22200] loss: 864.852
[2, 22220] loss: 304.334
[2, 22240] loss: 229.657
[2, 22260] loss: 613.504
[2, 22280] loss: 270.141
[2, 22300] loss: 89.324
[2, 22320] loss: 102.323
[2, 22340] loss: 141.807
[2, 22360] loss: 101.829
[2, 22380] loss: 55.716
[2, 22400] loss: 214.579
[2, 22420] loss: 365.389
[2, 22440] loss: 678.099
[2, 22460] loss: 1223.716
[2, 22480] loss: 1865.551
[2, 22500] loss: 1822.737
[2, 22520] loss: 2755.304
[2, 22540] loss: 2668.278
[2, 22560] loss: 528.561
[2, 22580] loss: 485.829
[2, 22600] loss: 138.888
[2, 22620] loss: 95.935
[2, 22640] loss: 180.206
[2, 22660] loss: 176.282
[2, 22680] loss: 212.948
[2, 22700] loss: 165.809
[2, 22720] loss: 134.853
[2, 22740] loss: 134.343
[2, 22760] loss: 232.006
[2, 22780] loss: 855.450
[2, 22800] loss: 95.062
[2, 22820] loss: 121.696
[2, 22840] loss: 174.767
[2, 22860] loss: 512.378
[2, 22880] loss: 315.181
[2, 22900] loss: 273.582
[2, 22920] loss: 157.320
[2, 22940] loss: 136.559
[2, 22960] loss: 174.728
[2, 22980] loss: 586.404
[2, 23000] loss: 600.781
[2, 23020] loss: 390.410
[2, 23040] loss: 85.346
[2, 23060] loss: 36.206
[2, 23080] loss: 97.574
[2, 23100] loss: 303.902
[2, 23120] loss: 105.157
[2, 23140] loss: 154.941
[2, 23160] loss: 116.374
[2, 23180] loss: 263.064
[2, 23200] loss: 265.681
[2, 23220] loss: 664.065
[2, 23240] loss: 1453.225
[2, 23260] loss: 404.430
[2, 23280] loss: 349.983
[2, 23300] loss: 53.251
[2, 23320] loss: 111.620
[2, 23340] loss: 134.439
[2, 23360] loss: 314.392
[2, 23380] loss: 1332.363
[2, 23400] loss: 2951.302
[2, 23420] loss: 253.099
[2, 23440] loss: 336.720
[2, 23460] loss: 187.542
[2, 23480] loss: 125.023
[2, 23500] loss: 135.941
[2, 23520] loss: 153.085
[2, 23540] loss: 109.735
[2, 23560] loss: 45.072
[2, 23580] loss: 113.585
[2, 23600] loss: 136.147
[2, 23620] loss: 277.714
[2, 23640] loss: 191.839
[2, 23660] loss: 59.353
[2, 23680] loss: 243.435
[2, 23700] loss: 293.487
[2, 23720] loss: 395.740
[2, 23740] loss: 1520.394
[2, 23760] loss: 399.086
[2, 23780] loss: 142.490
[2, 23800] loss: 86.869
[2, 23820] loss: 248.504
[2, 23840] loss: 145.381
[2, 23860] loss: 197.773
[2, 23880] loss: 168.133
[2, 23900] loss: 233.194
[2, 23920] loss: 1196.319
[2, 23940] loss: 1237.334
[2, 23960] loss: 2166.868
[2, 23980] loss: 2288.348
[2, 24000] loss: 433.381
[2, 24020] loss: 166.404
[2, 24040] loss: 250.977
[2, 24060] loss: 622.443
[2, 24080] loss: 2146.625
[2, 24100] loss: 3807.057
[2, 24120] loss: 1487.708
[2, 24140] loss: 1386.948
[2, 24160] loss: 3093.232
[2, 24180] loss: 1134.267
[2, 24200] loss: 1798.064
[2, 24220] loss: 6108.247
[2, 24240] loss: 2668.365
[2, 24260] loss: 1624.917
[2, 24280] loss: 1199.306
[2, 24300] loss: 2166.530
[2, 24320] loss: 427.074
[2, 24340] loss: 126.346
[2, 24360] loss: 60.063
[2, 24380] loss: 59.625
[2, 24400] loss: 97.076
[2, 24420] loss: 58.484
[2, 24440] loss: 24.616
[2, 24460] loss: 33.984
[2, 24480] loss: 61.113
[2, 24500] loss: 27.500
[2, 24520] loss: 137.567
[2, 24540] loss: 80.054
[2, 24560] loss: 32.721
[2, 24580] loss: 16.041
[2, 24600] loss: 10.805
[2, 24620] loss: 16.308
[2, 24640] loss: 9.903
[2, 24660] loss: 28.663
[2, 24680] loss: 21.986
[2, 24700] loss: 18.404
[2, 24720] loss: 11.304
[2, 24740] loss: 13.327
[2, 24760] loss: 16.915
[2, 24780] loss: 21.645
[2, 24800] loss: 24.644
[2, 24820] loss: 29.796
[2, 24840] loss: 50.694
[2, 24860] loss: 12.193
[2, 24880] loss: 41.020
[2, 24900] loss: 341.725
[2, 24920] loss: 919.596
[2, 24940] loss: 402.787
[2, 24960] loss: 98.154
[2, 24980] loss: 42.694
[2, 25000] loss: 41.189
[2, 25020] loss: 202.877
[2, 25040] loss: 186.532
[2, 25060] loss: 82.651
[2, 25080] loss: 115.186
[2, 25100] loss: 39.016
[2, 25120] loss: 22.028
[2, 25140] loss: 16.528
[2, 25160] loss: 16.266
[2, 25180] loss: 36.773
[2, 25200] loss: 23.694
[2, 25220] loss: 16.001
[2, 25240] loss: 18.920
[2, 25260] loss: 10.671
[2, 25280] loss: 34.243
[2, 25300] loss: 31.764
[2, 25320] loss: 21.499
[2, 25340] loss: 24.769
[2, 25360] loss: 10.325
[2, 25380] loss: 43.301
[2, 25400] loss: 20.263
[2, 25420] loss: 26.450
[2, 25440] loss: 17.743
[2, 25460] loss: 7.262
[2, 25480] loss: 10.526
[2, 25500] loss: 6.597
[2, 25520] loss: 6.670
[2, 25540] loss: 10.941
[2, 25560] loss: 51.748
[2, 25580] loss: 123.937
[2, 25600] loss: 240.519
[2, 25620] loss: 876.902
[2, 25640] loss: 3615.933
[2, 25660] loss: 5781.286
[2, 25680] loss: 7553.005
[2, 25700] loss: 9176.797
[2, 25720] loss: 8213.948
[2, 25740] loss: 1888.303
[2, 25760] loss: 2383.278
[2, 25780] loss: 452.456
[2, 25800] loss: 690.841
[2, 25820] loss: 231.563
[2, 25840] loss: 145.445
[2, 25860] loss: 117.442
[2, 25880] loss: 62.794
[2, 25900] loss: 134.051
[2, 25920] loss: 51.363
[2, 25940] loss: 21.586
[2, 25960] loss: 31.402
[2, 25980] loss: 12.694
[2, 26000] loss: 8.748
[2, 26020] loss: 16.399
[2, 26040] loss: 12.020
[2, 26060] loss: 34.561
[2, 26080] loss: 11.010
[2, 26100] loss: 4.166
[2, 26120] loss: 8.172
[2, 26140] loss: 8.661
[2, 26160] loss: 9.138
[2, 26180] loss: 13.604
[2, 26200] loss: 21.426
[2, 26220] loss: 9.553
[2, 26240] loss: 15.968
[2, 26260] loss: 6.944
[2, 26280] loss: 6.906
[2, 26300] loss: 5.668
[2, 26320] loss: 11.178
[2, 26340] loss: 6.581
[2, 26360] loss: 7.780
[2, 26380] loss: 3.498
[2, 26400] loss: 10.867
[2, 26420] loss: 8.350
[2, 26440] loss: 7.656
[2, 26460] loss: 7.060
[2, 26480] loss: 7.086
[2, 26500] loss: 3.638
[2, 26520] loss: 5.348
[2, 26540] loss: 7.270
[2, 26560] loss: 5.663
[2, 26580] loss: 2.915
[2, 26600] loss: 7.899
[2, 26620] loss: 9.153
[2, 26640] loss: 7.695
[2, 26660] loss: 7.962
[2, 26680] loss: 7.928
[2, 26700] loss: 3.674
[2, 26720] loss: 5.875
[2, 26740] loss: 14.151
[2, 26760] loss: 10.480
[2, 26780] loss: 8.778
[2, 26800] loss: 19.044
[2, 26820] loss: 14.851
[2, 26840] loss: 21.412
[2, 26860] loss: 8.958
[2, 26880] loss: 9.631
[2, 26900] loss: 18.217
[2, 26920] loss: 10.491
[2, 26940] loss: 11.009
[2, 26960] loss: 33.516
[2, 26980] loss: 40.831
[2, 27000] loss: 28.269
[2, 27020] loss: 20.521
[2, 27040] loss: 8.534
[2, 27060] loss: 6.421
[2, 27080] loss: 5.690
[2, 27100] loss: 3.191
[2, 27120] loss: 10.437
[2, 27140] loss: 11.052
[2, 27160] loss: 5.707
[2, 27180] loss: 3.317
[2, 27200] loss: 2.035
[2, 27220] loss: 1.893
[2, 27240] loss: 5.535
[2, 27260] loss: 4.949
[2, 27280] loss: 6.260
[2, 27300] loss: 3.891
[2, 27320] loss: 5.575
[2, 27340] loss: 6.116
[2, 27360] loss: 4.610
[2, 27380] loss: 3.697
[2, 27400] loss: 10.581
[2, 27420] loss: 15.673
[2, 27440] loss: 22.040
[2, 27460] loss: 26.955
[2, 27480] loss: 37.945
[2, 27500] loss: 88.463
[2, 27520] loss: 176.561
[2, 27540] loss: 251.414
[2, 27560] loss: 370.929
[2, 27580] loss: 85.476
[2, 27600] loss: 170.547
[2, 27620] loss: 207.154
[2, 27640] loss: 157.666
[2, 27660] loss: 206.764
[2, 27680] loss: 310.123
[2, 27700] loss: 323.554
[2, 27720] loss: 395.806
[2, 27740] loss: 277.752
[2, 27760] loss: 230.920
[2, 27780] loss: 116.272
[2, 27800] loss: 33.434
[2, 27820] loss: 17.539
[2, 27840] loss: 16.156
[2, 27860] loss: 42.053
[2, 27880] loss: 184.929
[2, 27900] loss: 200.076
[2, 27920] loss: 787.744
[2, 27940] loss: 418.823
[2, 27960] loss: 213.896
[2, 27980] loss: 196.541
[2, 28000] loss: 62.730
[2, 28020] loss: 13.922
[2, 28040] loss: 29.452
[2, 28060] loss: 45.767
[2, 28080] loss: 112.804
[2, 28100] loss: 173.108
[2, 28120] loss: 95.621
[2, 28140] loss: 108.311
[2, 28160] loss: 44.378
[2, 28180] loss: 16.801
[2, 28200] loss: 9.158
[2, 28220] loss: 7.639
[2, 28240] loss: 9.221
[2, 28260] loss: 9.530
[2, 28280] loss: 5.612
[2, 28300] loss: 2.705
[2, 28320] loss: 4.642
[2, 28340] loss: 9.399
[2, 28360] loss: 7.691
[2, 28380] loss: 8.409
[2, 28400] loss: 7.283
[2, 28420] loss: 4.971
[2, 28440] loss: 3.211
[2, 28460] loss: 3.147
[2, 28480] loss: 3.296
[2, 28500] loss: 8.186
[2, 28520] loss: 7.156
[2, 28540] loss: 9.763
[2, 28560] loss: 7.316
[2, 28580] loss: 8.955
[2, 28600] loss: 6.096
[2, 28620] loss: 2.455
[2, 28640] loss: 2.774
[2, 28660] loss: 2.567
[2, 28680] loss: 5.950
[2, 28700] loss: 6.387
[2, 28720] loss: 3.682
[2, 28740] loss: 2.186
[2, 28760] loss: 8.461
[2, 28780] loss: 9.783
[2, 28800] loss: 6.280
[2, 28820] loss: 4.179
[2, 28840] loss: 5.193
[2, 28860] loss: 3.845
[2, 28880] loss: 2.355
[2, 28900] loss: 4.854
[2, 28920] loss: 9.286
[2, 28940] loss: 9.957
[2, 28960] loss: 5.487
[2, 28980] loss: 19.205
[2, 29000] loss: 27.602
[2, 29020] loss: 51.012
[2, 29040] loss: 55.205
[2, 29060] loss: 27.344
[2, 29080] loss: 46.039
[2, 29100] loss: 28.818
[2, 29120] loss: 21.555
[2, 29140] loss: 10.290
[2, 29160] loss: 26.275
[2, 29180] loss: 23.105
[2, 29200] loss: 30.683
[2, 29220] loss: 40.343
[2, 29240] loss: 35.295
[2, 29260] loss: 37.282
[2, 29280] loss: 47.056
[2, 29300] loss: 64.641
[2, 29320] loss: 67.392
[2, 29340] loss: 50.829
[2, 29360] loss: 297.117
[2, 29380] loss: 385.299
[2, 29400] loss: 2434.381
[2, 29420] loss: 22472344221.401
[2, 29440] loss: 9066628309.938
[2, 29460] loss: 202767292.326
[2, 29480] loss: 53962011.163
[2, 29500] loss: 8098199.562
[2, 29520] loss: 935577.506
[2, 29540] loss: 572216.039
[2, 29560] loss: 622006.999
[2, 29580] loss: 572236.960
[2, 29600] loss: 359917.750
[2, 29620] loss: 227801.421
[2, 29640] loss: 336207.831
[2, 29660] loss: 260346.775
[2, 29680] loss: 239528.388
[2, 29700] loss: 180657.423
[2, 29720] loss: 250417.114
[2, 29740] loss: 252913.548
[2, 29760] loss: 89430.545
[2, 29780] loss: 141128.132
[2, 29800] loss: 322910.896
[2, 29820] loss: 299848.426
[2, 29840] loss: 133907.796
[2, 29860] loss: 314500.475
[2, 29880] loss: 113353.081
[2, 29900] loss: 82333.778
[2, 29920] loss: 194346.826
[2, 29940] loss: 80208.441
[2, 29960] loss: 104869.636
[2, 29980] loss: 209821.889
[2, 30000] loss: 241000.319
[2, 30020] loss: 76072.490
[2, 30040] loss: 134073.731
[2, 30060] loss: 94505.098
[2, 30080] loss: 133680.109
[2, 30100] loss: 61925.951
[2, 30120] loss: 98883.471
[2, 30140] loss: 96199.459
[2, 30160] loss: 127926.279
[2, 30180] loss: 82646.292
[2, 30200] loss: 71535.539
[2, 30220] loss: 66925.551
[2, 30240] loss: 116871.662
[2, 30260] loss: 66883.745
[2, 30280] loss: 74812.354
[2, 30300] loss: 169520.805
[2, 30320] loss: 78643.864
[2, 30340] loss: 223143.682
[2, 30360] loss: 174406.762
[2, 30380] loss: 90606.280
[2, 30400] loss: 89861.094
[2, 30420] loss: 103679.691
[1,    20] loss: 40841.773
[1,    40] loss: 47305.275
[1,    60] loss: 70779.227
[1,    80] loss: 60027.608
[1,   100] loss: 62405.333
[1,   120] loss: 78694.394
[1,   140] loss: 74953.070
[1,   160] loss: 72624.534
[1,   180] loss: 68125.654
[1,   200] loss: 66772.984
[1,   220] loss: 68832.725
[1,   240] loss: 67292.844
[1,   260] loss: 63764.594
[1,   280] loss: 59336.397
[1,   300] loss: 55415.202
[1,   320] loss: 52081.727
[1,   340] loss: 49965.928
[1,   360] loss: 47764.824
[1,   380] loss: 45302.423
[1,   400] loss: 43227.318
[1,   420] loss: 42625.145
[1,   440] loss: 41808.044
[1,   460] loss: 41266.717
[1,   480] loss: 42176.016
[1,   500] loss: 43492.906
[1,   520] loss: 49735.846
[1,   540] loss: 53805.217
[1,   560] loss: 52990.223
[1,   580] loss: 51194.888
[1,   600] loss: 49858.097
[1,   620] loss: 49770.850
[1,   640] loss: 50744.451
[1,   660] loss: 50405.810
[1,   680] loss: 51444.839
[1,   700] loss: 52341.890
[1,   720] loss: 52821.167
[1,   740] loss: 52750.089
[1,   760] loss: 52667.155
[1,   780] loss: 52641.947
[1,   800] loss: 52259.216
[1,   820] loss: 52570.584
[1,   840] loss: 52432.003
[1,   860] loss: 52361.141
[1,   880] loss: 52660.965
[1,   900] loss: 52393.827
[1,   920] loss: 51809.592
[1,   940] loss: 50826.919
[1,   960] loss: 49785.668
[1,   980] loss: 48772.933
[1,  1000] loss: 47800.133
[1,  1020] loss: 46884.132
[1,  1040] loss: 46073.528
[1,  1060] loss: 45241.753
[1,  1080] loss: 44410.224
[1,  1100] loss: 43645.527
[1,  1120] loss: 42888.219
[1,  1140] loss: 42173.294
[1,  1160] loss: 41653.876
[1,  1180] loss: 41282.555
[1,  1200] loss: 40867.627
[1,  1220] loss: 40706.325
[1,  1240] loss: 40377.706
[1,  1260] loss: 40092.837
[1,  1280] loss: 39896.147
[1,  1300] loss: 39788.006
[1,  1320] loss: 39840.641
[1,  1340] loss: 40102.852
[1,  1360] loss: 40415.501
[1,  1380] loss: 40835.541
[1,  1400] loss: 41266.541
[1,  1420] loss: 41708.534
[1,  1440] loss: 42033.848
[1,  1460] loss: 42272.071
[1,  1480] loss: 42661.025
[1,  1500] loss: 43089.270
[1,  1520] loss: 43660.457
[1,  1540] loss: 44356.634
[1,  1560] loss: 44636.210
[1,  1580] loss: 44693.230
[1,  1600] loss: 44940.600
[1,  1620] loss: 45488.812
[1,  1640] loss: 46232.858
[1,  1660] loss: 46965.079
[1,  1680] loss: 47577.117
[1,  1700] loss: 48769.163
[1,  1720] loss: 49727.004
[1,  1740] loss: 50264.844
[1,  1760] loss: 50896.307
[1,  1780] loss: 51248.222
[1,  1800] loss: 51780.228
[1,  1820] loss: 52424.432
[1,  1840] loss: 53533.027
[1,  1860] loss: 54302.880
[1,  1880] loss: 54978.631
[1,  1900] loss: 55942.005
[1,  1920] loss: 56833.072
[1,  1940] loss: 57785.461
[1,  1960] loss: 58928.460
[1,  1980] loss: 60392.931
[1,  2000] loss: 61557.435
[1,  2020] loss: 62666.149
[1,  2040] loss: 63848.642
[1,  2060] loss: 64639.408
[1,  2080] loss: 65300.280
[1,  2100] loss: 65570.546
[1,  2120] loss: 65696.683
[1,  2140] loss: 65879.059
[1,  2160] loss: 66054.637
[1,  2180] loss: 66016.883
[1,  2200] loss: 65710.803
[1,  2220] loss: 65691.452
[1,  2240] loss: 65877.084
[1,  2260] loss: 66360.564
[1,  2280] loss: 66012.074
[1,  2300] loss: 65661.899
[1,  2320] loss: 65470.927
[1,  2340] loss: 66116.625
[1,  2360] loss: 66289.197
[1,  2380] loss: 65805.965
[1,  2400] loss: 65258.378
[1,  2420] loss: 64744.061
[1,  2440] loss: 64502.656
[1,  2460] loss: 64297.564
[1,  2480] loss: 64051.740
[1,  2500] loss: 63632.805
[1,  2520] loss: 63174.443
[1,  2540] loss: 62840.771
[1,  2560] loss: 62679.363
[1,  2580] loss: 62833.720
[1,  2600] loss: 63244.167
[1,  2620] loss: 63457.660
[1,  2640] loss: 63487.666
[1,  2660] loss: 63532.773
[1,  2680] loss: 63622.951
[1,  2700] loss: 63528.225
[1,  2720] loss: 63530.026
[1,  2740] loss: 63651.110
[1,  2760] loss: 63926.626
[1,  2780] loss: 64316.498
[1,  2800] loss: 64451.679
[1,  2820] loss: 64499.721
[1,  2840] loss: 64443.107
[1,  2860] loss: 64311.024
[1,  2880] loss: 64136.653
[1,  2900] loss: 63708.817
[1,  2920] loss: 63339.401
[1,  2940] loss: 62976.392
[1,  2960] loss: 62833.596
[1,  2980] loss: 62429.979
[1,  3000] loss: 62091.493
[1,  3020] loss: 61707.800
[1,  3040] loss: 61316.310
[1,  3060] loss: 60987.847
[1,  3080] loss: 60695.343
[1,  3100] loss: 60346.334
[1,  3120] loss: 60037.428
[1,  3140] loss: 59736.605
[1,  3160] loss: 59418.903
[1,  3180] loss: 59097.046
[1,  3200] loss: 58849.855
[1,  3220] loss: 58813.525
[1,  3240] loss: 59066.584
[1,  3260] loss: 59488.046
[1,  3280] loss: 59178.080
[1,  3300] loss: 59077.541
[1,  3320] loss: 59231.320
[1,  3340] loss: 59462.409
[1,  3360] loss: 59589.427
[2,    20] loss: 40841.773
[2,    40] loss: 47305.275
[2,    60] loss: 70779.227
[2,    80] loss: 60027.608
[2,   100] loss: 62405.333
[2,   120] loss: 78694.394
[2,   140] loss: 74953.070
[2,   160] loss: 72624.534
[2,   180] loss: 68125.654
[2,   200] loss: 66772.984
[2,   220] loss: 68832.725
[2,   240] loss: 67292.844
[2,   260] loss: 63764.594
[2,   280] loss: 59336.397
[2,   300] loss: 55415.202
[2,   320] loss: 52081.727
[2,   340] loss: 49965.928
[2,   360] loss: 47764.824
[2,   380] loss: 45302.423
[2,   400] loss: 43227.318
[2,   420] loss: 42625.145
[2,   440] loss: 41808.044
[2,   460] loss: 41266.717
[2,   480] loss: 42176.016
[2,   500] loss: 43492.906
[2,   520] loss: 49735.846
[2,   540] loss: 53805.217
[2,   560] loss: 52990.223
[2,   580] loss: 51194.888
[2,   600] loss: 49858.097
[2,   620] loss: 49770.850
[2,   640] loss: 50744.451
[2,   660] loss: 50405.810
[2,   680] loss: 51444.839
[2,   700] loss: 52341.890
[2,   720] loss: 52821.167
[2,   740] loss: 52750.089
[2,   760] loss: 52667.155
[2,   780] loss: 52641.947
[2,   800] loss: 52259.216
[2,   820] loss: 52570.584
[2,   840] loss: 52432.003
[2,   860] loss: 52361.141
[2,   880] loss: 52660.965
[2,   900] loss: 52393.827
[2,   920] loss: 51809.592
[2,   940] loss: 50826.919
[2,   960] loss: 49785.668
[2,   980] loss: 48772.933
[2,  1000] loss: 47800.133
[2,  1020] loss: 46884.132
[2,  1040] loss: 46073.528
[2,  1060] loss: 45241.753
[2,  1080] loss: 44410.224
[2,  1100] loss: 43645.527
[2,  1120] loss: 42888.219
[2,  1140] loss: 42173.294
[2,  1160] loss: 41653.876
[2,  1180] loss: 41282.555
[2,  1200] loss: 40867.627
[2,  1220] loss: 40706.325
[2,  1240] loss: 40377.706
[2,  1260] loss: 40092.837
[2,  1280] loss: 39896.147
[2,  1300] loss: 39788.006
[2,  1320] loss: 39840.641
[2,  1340] loss: 40102.852
[2,  1360] loss: 40415.501
[2,  1380] loss: 40835.541
[2,  1400] loss: 41266.541
[2,  1420] loss: 41708.534
[2,  1440] loss: 42033.848
[2,  1460] loss: 42272.071
[2,  1480] loss: 42661.025
[2,  1500] loss: 43089.270
[2,  1520] loss: 43660.457
[2,  1540] loss: 44356.634
[2,  1560] loss: 44636.210
[2,  1580] loss: 44693.230
[2,  1600] loss: 44940.600
[2,  1620] loss: 45488.812
[2,  1640] loss: 46232.858
[2,  1660] loss: 46965.079
[2,  1680] loss: 47577.117
[2,  1700] loss: 48769.163
[2,  1720] loss: 49727.004
[2,  1740] loss: 50264.844
[2,  1760] loss: 50896.307
[2,  1780] loss: 51248.222
[2,  1800] loss: 51780.228
[2,  1820] loss: 52424.432
[2,  1840] loss: 53533.027
[2,  1860] loss: 54302.880
[2,  1880] loss: 54978.631
[2,  1900] loss: 55942.005
[2,  1920] loss: 56833.072
[2,  1940] loss: 57785.461
[2,  1960] loss: 58928.460
[2,  1980] loss: 60392.931
[2,  2000] loss: 61557.435
[2,  2020] loss: 62666.149
[2,  2040] loss: 63848.642
[2,  2060] loss: 64639.408
[2,  2080] loss: 65300.280
[2,  2100] loss: 65570.546
[2,  2120] loss: 65696.683
[2,  2140] loss: 65879.059
[2,  2160] loss: 66054.637
[2,  2180] loss: 66016.883
[2,  2200] loss: 65710.803
[2,  2220] loss: 65691.452
[2,  2240] loss: 65877.084
[2,  2260] loss: 66360.564
[2,  2280] loss: 66012.074
[2,  2300] loss: 65661.899
[2,  2320] loss: 65470.927
[2,  2340] loss: 66116.625
[2,  2360] loss: 66289.197
[2,  2380] loss: 65805.965
[2,  2400] loss: 65258.378
[2,  2420] loss: 64744.061
[2,  2440] loss: 64502.656
[2,  2460] loss: 64297.564
[2,  2480] loss: 64051.740
[2,  2500] loss: 63632.805
[2,  2520] loss: 63174.443
[2,  2540] loss: 62840.771
[2,  2560] loss: 62679.363
[2,  2580] loss: 62833.720
[2,  2600] loss: 63244.167
[2,  2620] loss: 63457.660
[2,  2640] loss: 63487.666
[2,  2660] loss: 63532.773
[2,  2680] loss: 63622.951
[2,  2700] loss: 63528.225
[2,  2720] loss: 63530.026
[2,  2740] loss: 63651.110
[2,  2760] loss: 63926.626
[2,  2780] loss: 64316.498
[2,  2800] loss: 64451.679
[2,  2820] loss: 64499.721
[2,  2840] loss: 64443.107
[2,  2860] loss: 64311.024
[2,  2880] loss: 64136.653
[2,  2900] loss: 63708.817
[2,  2920] loss: 63339.401
[2,  2940] loss: 62976.392
[2,  2960] loss: 62833.596
[2,  2980] loss: 62429.979
[2,  3000] loss: 62091.493
[2,  3020] loss: 61707.800
[2,  3040] loss: 61316.310
[2,  3060] loss: 60987.847
[2,  3080] loss: 60695.343
[2,  3100] loss: 60346.334
[2,  3120] loss: 60037.428
[2,  3140] loss: 59736.605
[2,  3160] loss: 59418.903
[2,  3180] loss: 59097.046
[2,  3200] loss: 58849.855
[2,  3220] loss: 58813.525
[2,  3240] loss: 59066.584
[2,  3260] loss: 59488.046
[2,  3280] loss: 59178.080
[2,  3300] loss: 59077.541
[2,  3320] loss: 59231.320
[2,  3340] loss: 59462.409
[2,  3360] loss: 59589.427
