cuda:  0
color_space: RGB
batch_size: 1
num_epcochs: 2
learning_rate: 0.002
[1,    20] loss: 1.737
[1,    40] loss: 2.433
[1,    60] loss: 40.629
[1,    80] loss: 349.763
[1,   100] loss: 7.974
[1,   120] loss: 7.912
[1,   140] loss: 3.801
[1,   160] loss: 0.603
[1,   180] loss: 0.101
[1,   200] loss: 0.172
[1,   220] loss: 0.319
[1,   240] loss: 0.072
[1,   260] loss: 0.046
[1,   280] loss: 0.117
[1,   300] loss: 0.183
[1,   320] loss: 0.083
[1,   340] loss: 0.083
[1,   360] loss: 0.061
[1,   380] loss: 0.133
[1,   400] loss: 0.093
[1,   420] loss: 0.080
[1,   440] loss: 0.146
[1,   460] loss: 0.190
[1,   480] loss: 0.197
[1,   500] loss: 0.146
[1,   520] loss: 0.075
[1,   540] loss: 0.155
[1,   560] loss: 0.063
[1,   580] loss: 0.069
[1,   600] loss: 0.310
[1,   620] loss: 0.058
[1,   640] loss: 0.219
[1,   660] loss: 0.057
[1,   680] loss: 0.112
[1,   700] loss: 0.149
[1,   720] loss: 0.037
[1,   740] loss: 0.165
[1,   760] loss: 0.078
[1,   780] loss: 0.040
[1,   800] loss: 0.044
[1,   820] loss: 0.046
[1,   840] loss: 0.071
[1,   860] loss: 0.030
[1,   880] loss: 0.029
[1,   900] loss: 0.039
[1,   920] loss: 0.090
[1,   940] loss: 0.149
[1,   960] loss: 0.103
[1,   980] loss: 0.047
[1,  1000] loss: 0.102
[1,  1020] loss: 0.026
[1,  1040] loss: 0.018
[1,  1060] loss: 0.027
[1,  1080] loss: 0.050
[1,  1100] loss: 0.028
[1,  1120] loss: 0.066
[1,  1140] loss: 0.090
[1,  1160] loss: 0.061
[1,  1180] loss: 0.066
[1,  1200] loss: 0.192
[1,  1220] loss: 0.059
[1,  1240] loss: 0.098
[1,  1260] loss: 0.092
[1,  1280] loss: 0.173
[1,  1300] loss: 0.065
[1,  1320] loss: 0.054
[1,  1340] loss: 0.045
[1,  1360] loss: 0.052
[1,  1380] loss: 0.023
[1,  1400] loss: 0.127
[1,  1420] loss: 0.182
[1,  1440] loss: 0.095
[1,  1460] loss: 0.087
[1,  1480] loss: 0.270
[1,  1500] loss: 0.114
[1,  1520] loss: 0.071
[1,  1540] loss: 0.169
[1,  1560] loss: 0.095
[1,  1580] loss: 0.053
[1,  1600] loss: 0.051
[1,  1620] loss: 0.112
[1,  1640] loss: 0.031
[1,  1660] loss: 0.112
[1,  1680] loss: 0.085
[1,  1700] loss: 0.048
[1,  1720] loss: 0.044
[1,  1740] loss: 0.018
[1,  1760] loss: 0.013
[1,  1780] loss: 0.058
[1,  1800] loss: 0.029
[1,  1820] loss: 0.097
[1,  1840] loss: 0.088
[1,  1860] loss: 0.093
[1,  1880] loss: 0.035
[1,  1900] loss: 0.060
[1,  1920] loss: 0.028
[1,  1940] loss: 0.071
[1,  1960] loss: 0.028
[1,  1980] loss: 0.170
[1,  2000] loss: 0.113
[1,  2020] loss: 0.038
[1,  2040] loss: 0.077
[1,  2060] loss: 0.021
[1,  2080] loss: 0.041
[1,  2100] loss: 0.103
[1,  2120] loss: 0.081
[1,  2140] loss: 0.135
[1,  2160] loss: 0.073
[1,  2180] loss: 0.040
[1,  2200] loss: 0.041
[1,  2220] loss: 0.039
[1,  2240] loss: 0.050
[1,  2260] loss: 0.061
[1,  2280] loss: 0.061
[1,  2300] loss: 0.024
[1,  2320] loss: 0.134
[1,  2340] loss: 0.039
[1,  2360] loss: 0.018
[1,  2380] loss: 0.077
[1,  2400] loss: 0.094
[1,  2420] loss: 0.089
[1,  2440] loss: 0.015
[1,  2460] loss: 0.133
[1,  2480] loss: 0.055
[1,  2500] loss: 0.037
[1,  2520] loss: 0.045
[1,  2540] loss: 0.043
[1,  2560] loss: 0.024
[1,  2580] loss: 0.129
[1,  2600] loss: 0.051
[1,  2620] loss: 0.040
[1,  2640] loss: 0.031
[1,  2660] loss: 0.034
[1,  2680] loss: 0.254
[1,  2700] loss: 0.050
[1,  2720] loss: 0.044
[1,  2740] loss: 0.090
[1,  2760] loss: 0.042
[1,  2780] loss: 0.054
[1,  2800] loss: 0.088
[1,  2820] loss: 0.274
[1,  2840] loss: 0.105
[1,  2860] loss: 0.067
[1,  2880] loss: 0.090
[1,  2900] loss: 0.288
[1,  2920] loss: 0.062
[1,  2940] loss: 0.086
[1,  2960] loss: 0.137
[1,  2980] loss: 0.043
[1,  3000] loss: 0.323
[1,  3020] loss: 0.116
[1,  3040] loss: 0.039
[1,  3060] loss: 0.040
[1,  3080] loss: 0.038
[1,  3100] loss: 0.183
[1,  3120] loss: 0.164
[1,  3140] loss: 0.094
[1,  3160] loss: 0.036
[1,  3180] loss: 0.129
[1,  3200] loss: 0.026
[1,  3220] loss: 0.052
[1,  3240] loss: 0.042
[1,  3260] loss: 0.124
[1,  3280] loss: 0.063
[1,  3300] loss: 0.176
[1,  3320] loss: 0.074
[1,  3340] loss: 0.099
[1,  3360] loss: 0.028
[1,  3380] loss: 0.114
[1,  3400] loss: 0.011
[1,  3420] loss: 0.051
[1,  3440] loss: 0.081
[1,  3460] loss: 0.035
[1,  3480] loss: 0.276
[1,  3500] loss: 0.037
[1,  3520] loss: 0.050
[1,  3540] loss: 0.038
[1,  3560] loss: 0.284
[1,  3580] loss: 0.021
[1,  3600] loss: 0.014
[1,  3620] loss: 0.031
[1,  3640] loss: 0.021
[1,  3660] loss: 0.091
[1,  3680] loss: 0.117
[1,  3700] loss: 0.151
[1,  3720] loss: 0.103
[1,  3740] loss: 0.120
[1,  3760] loss: 0.104
[1,  3780] loss: 0.050
[1,  3800] loss: 0.016
[1,  3820] loss: 0.018
[1,  3840] loss: 0.033
[1,  3860] loss: 0.070
[1,  3880] loss: 0.064
[1,  3900] loss: 0.047
[1,  3920] loss: 0.077
[1,  3940] loss: 0.049
[1,  3960] loss: 0.042
[1,  3980] loss: 0.207
[1,  4000] loss: 0.087
[1,  4020] loss: 0.020
[1,  4040] loss: 0.029
[1,  4060] loss: 0.211
[1,  4080] loss: 0.033
[1,  4100] loss: 0.123
[1,  4120] loss: 0.026
[1,  4140] loss: 0.044
[1,  4160] loss: 0.141
[1,  4180] loss: 0.132
[1,  4200] loss: 0.028
[1,  4220] loss: 0.098
[1,  4240] loss: 0.068
[1,  4260] loss: 0.088
[1,  4280] loss: 0.115
[1,  4300] loss: 0.207
[1,  4320] loss: 0.029
[1,  4340] loss: 0.026
[1,  4360] loss: 0.025
[1,  4380] loss: 0.135
[1,  4400] loss: 0.065
[1,  4420] loss: 0.084
[1,  4440] loss: 0.096
[1,  4460] loss: 0.061
[1,  4480] loss: 0.066
[1,  4500] loss: 0.053
[1,  4520] loss: 0.023
[1,  4540] loss: 0.037
[1,  4560] loss: 0.024
[1,  4580] loss: 0.083
[1,  4600] loss: 0.096
[1,  4620] loss: 0.026
[1,  4640] loss: 0.049
[1,  4660] loss: 0.083
[1,  4680] loss: 0.104
[1,  4700] loss: 0.109
[1,  4720] loss: 0.082
[1,  4740] loss: 0.133
[1,  4760] loss: 0.046
[1,  4780] loss: 0.062
[1,  4800] loss: 0.053
[1,  4820] loss: 0.198
[1,  4840] loss: 0.037
[1,  4860] loss: 0.064
[1,  4880] loss: 0.017
[1,  4900] loss: 0.125
[1,  4920] loss: 0.118
[1,  4940] loss: 0.079
[1,  4960] loss: 0.072
[1,  4980] loss: 0.041
[1,  5000] loss: 0.039
[1,  5020] loss: 0.022
[1,  5040] loss: 0.070
[1,  5060] loss: 0.053
[1,  5080] loss: 0.047
[1,  5100] loss: 0.026
[1,  5120] loss: 0.128
[1,  5140] loss: 0.067
[1,  5160] loss: 0.233
[1,  5180] loss: 0.059
[1,  5200] loss: 0.032
[1,  5220] loss: 0.097
[1,  5240] loss: 0.121
[1,  5260] loss: 0.079
[1,  5280] loss: 0.189
[1,  5300] loss: 0.091
[1,  5320] loss: 0.048
[1,  5340] loss: 0.114
[1,  5360] loss: 0.038
[1,  5380] loss: 0.221
[1,  5400] loss: 0.165
[1,  5420] loss: 0.046
[1,  5440] loss: 0.045
[1,  5460] loss: 0.041
[1,  5480] loss: 0.047
[1,  5500] loss: 0.036
[1,  5520] loss: 0.036
[1,  5540] loss: 0.038
[1,  5560] loss: 0.091
[1,  5580] loss: 0.042
[1,  5600] loss: 0.091
[1,  5620] loss: 0.070
[1,  5640] loss: 0.040
[1,  5660] loss: 0.061
[1,  5680] loss: 0.048
[1,  5700] loss: 0.032
[1,  5720] loss: 0.026
[1,  5740] loss: 0.084
[1,  5760] loss: 0.016
[1,  5780] loss: 0.078
[1,  5800] loss: 0.042
[1,  5820] loss: 0.028
[1,  5840] loss: 0.073
[1,  5860] loss: 0.028
[1,  5880] loss: 0.024
[1,  5900] loss: 0.225
[1,  5920] loss: 0.059
[1,  5940] loss: 0.086
[1,  5960] loss: 0.108
[1,  5980] loss: 0.040
[1,  6000] loss: 0.209
[1,  6020] loss: 0.055
[1,  6040] loss: 0.029
[1,  6060] loss: 0.013
[1,  6080] loss: 0.025
[1,  6100] loss: 0.027
[1,  6120] loss: 0.085
[1,  6140] loss: 0.017
[1,  6160] loss: 0.088
[1,  6180] loss: 0.117
[1,  6200] loss: 0.020
[1,  6220] loss: 0.075
[1,  6240] loss: 0.107
[1,  6260] loss: 0.094
[1,  6280] loss: 0.090
[1,  6300] loss: 0.224
[1,  6320] loss: 0.078
[1,  6340] loss: 0.027
[1,  6360] loss: 0.092
[1,  6380] loss: 0.119
[1,  6400] loss: 0.034
[1,  6420] loss: 0.092
[1,  6440] loss: 0.038
[1,  6460] loss: 0.045
[1,  6480] loss: 0.036
[1,  6500] loss: 0.051
[1,  6520] loss: 0.024
[1,  6540] loss: 0.022
[1,  6560] loss: 0.037
[1,  6580] loss: 0.022
[1,  6600] loss: 0.021
[1,  6620] loss: 0.091
[1,  6640] loss: 0.078
[1,  6660] loss: 0.155
[1,  6680] loss: 0.044
[1,  6700] loss: 0.116
[1,  6720] loss: 0.250
[1,  6740] loss: 0.052
[1,  6760] loss: 0.032
[1,  6780] loss: 0.052
[1,  6800] loss: 0.027
[1,  6820] loss: 0.049
[1,  6840] loss: 0.146
[1,  6860] loss: 0.035
[1,  6880] loss: 0.092
[1,  6900] loss: 0.026
[1,  6920] loss: 0.032
[1,  6940] loss: 0.024
[1,  6960] loss: 0.030
[1,  6980] loss: 0.007
[1,  7000] loss: 0.062
[1,  7020] loss: 0.041
[1,  7040] loss: 0.120
[1,  7060] loss: 0.087
[1,  7080] loss: 0.067
[1,  7100] loss: 0.074
[1,  7120] loss: 0.047
[1,  7140] loss: 0.085
[1,  7160] loss: 0.028
[1,  7180] loss: 0.054
[1,  7200] loss: 0.195
[1,  7220] loss: 0.229
[1,  7240] loss: 0.038
[1,  7260] loss: 0.077
[1,  7280] loss: 0.027
[1,  7300] loss: 0.038
[1,  7320] loss: 0.158
[1,  7340] loss: 0.020
[1,  7360] loss: 0.054
[1,  7380] loss: 0.095
[1,  7400] loss: 0.048
[1,  7420] loss: 0.034
[1,  7440] loss: 0.028
[1,  7460] loss: 0.021
[1,  7480] loss: 0.036
[1,  7500] loss: 0.073
[1,  7520] loss: 0.025
[1,  7540] loss: 0.154
[1,  7560] loss: 0.019
[1,  7580] loss: 0.098
[1,  7600] loss: 0.023
[1,  7620] loss: 0.080
[1,  7640] loss: 0.208
[1,  7660] loss: 0.097
[1,  7680] loss: 0.264
[1,  7700] loss: 0.059
[1,  7720] loss: 0.056
[1,  7740] loss: 0.115
[1,  7760] loss: 0.156
[1,  7780] loss: 0.113
[1,  7800] loss: 0.064
[1,  7820] loss: 0.077
[1,  7840] loss: 0.025
[1,  7860] loss: 0.090
[1,  7880] loss: 0.034
[1,  7900] loss: 0.148
[1,  7920] loss: 0.041
[1,  7940] loss: 0.031
[1,  7960] loss: 0.232
[1,  7980] loss: 0.032
[1,  8000] loss: 0.214
[1,  8020] loss: 0.022
[1,  8040] loss: 0.045
[1,  8060] loss: 0.026
[1,  8080] loss: 0.083
[1,  8100] loss: 0.162
[1,  8120] loss: 0.026
[1,  8140] loss: 0.118
[1,  8160] loss: 0.032
[1,  8180] loss: 0.026
[1,  8200] loss: 0.018
[1,  8220] loss: 0.022
[1,  8240] loss: 0.040
[1,  8260] loss: 0.037
[1,  8280] loss: 0.096
[1,  8300] loss: 0.084
[1,  8320] loss: 0.112
[1,  8340] loss: 0.027
[1,  8360] loss: 0.210
[1,  8380] loss: 0.084
[1,  8400] loss: 0.073
[1,  8420] loss: 0.145
[1,  8440] loss: 0.116
[1,  8460] loss: 0.058
[1,  8480] loss: 0.071
[1,  8500] loss: 0.164
[1,  8520] loss: 0.079
[1,  8540] loss: 0.053
[1,  8560] loss: 0.019
[1,  8580] loss: 0.082
[1,  8600] loss: 0.023
[1,  8620] loss: 0.016
[1,  8640] loss: 0.050
[1,  8660] loss: 0.059
[1,  8680] loss: 0.158
[1,  8700] loss: 0.058
[1,  8720] loss: 0.061
[1,  8740] loss: 0.016
[1,  8760] loss: 0.092
[1,  8780] loss: 0.079
[1,  8800] loss: 0.054
[1,  8820] loss: 0.077
[1,  8840] loss: 0.112
[1,  8860] loss: 0.111
[1,  8880] loss: 0.028
[1,  8900] loss: 0.097
[1,  8920] loss: 0.075
[1,  8940] loss: 0.142
[1,  8960] loss: 0.032
[1,  8980] loss: 0.030
[1,  9000] loss: 0.061
[1,  9020] loss: 0.032
[1,  9040] loss: 0.074
[1,  9060] loss: 0.017
[1,  9080] loss: 0.058
[1,  9100] loss: 0.082
[1,  9120] loss: 0.056
[1,  9140] loss: 0.036
[1,  9160] loss: 0.077
[1,  9180] loss: 0.162
[1,  9200] loss: 0.021
[1,  9220] loss: 0.024
[1,  9240] loss: 0.103
[1,  9260] loss: 0.066
[1,  9280] loss: 0.086
[1,  9300] loss: 0.085
[1,  9320] loss: 0.127
[1,  9340] loss: 0.031
[1,  9360] loss: 0.099
[1,  9380] loss: 0.066
[1,  9400] loss: 0.338
[1,  9420] loss: 0.133
[1,  9440] loss: 0.154
[1,  9460] loss: 0.056
[1,  9480] loss: 0.081
[1,  9500] loss: 0.018
[1,  9520] loss: 0.031
[1,  9540] loss: 0.045
[1,  9560] loss: 0.172
[1,  9580] loss: 0.020
[1,  9600] loss: 0.042
[1,  9620] loss: 0.099
[1,  9640] loss: 0.044
[1,  9660] loss: 0.018
[1,  9680] loss: 0.020
[1,  9700] loss: 0.158
[1,  9720] loss: 0.100
[1,  9740] loss: 0.185
[1,  9760] loss: 0.068
[1,  9780] loss: 0.112
[1,  9800] loss: 0.163
[1,  9820] loss: 0.035
[1,  9840] loss: 0.079
[1,  9860] loss: 0.253
[1,  9880] loss: 0.219
[1,  9900] loss: 145640380.783
[1,  9920] loss: 5859691445.608
[1,  9940] loss: 23970681975.628
[1,  9960] loss: 6897467104553.600
[1,  9980] loss: 34393220087731.199
[1, 10000] loss: 92161184148684.797
[1, 10020] loss: 30954981660672.000
[1, 10040] loss: 968156583402.400
[1, 10060] loss: 54144942702.400
[1, 10080] loss: 31828800332.800
[1, 10100] loss: 21625051670.850
[1, 10120] loss: 62663607954.800
[1, 10140] loss: 16219281574.400
[1, 10160] loss: 23859676173.180
[1, 10180] loss: 10453594585.700
[1, 10200] loss: 23585354834.638
[1, 10220] loss: 6978266400.675
[1, 10240] loss: 7396549002.200
[1, 10260] loss: 18880932888.000
[1, 10280] loss: 21741220108.000
[1, 10300] loss: 12326242708.913
[1, 10320] loss: 8873551829.136
[1, 10340] loss: 13672480580.000
[1, 10360] loss: 7068867388.178
[1, 10380] loss: 6897705920.400
[1, 10400] loss: 6336455078.750
[1, 10420] loss: 5188975019.958
[1, 10440] loss: 6823244194.575
[1, 10460] loss: 5055192214.400
[1, 10480] loss: 12015681086.400
[1, 10500] loss: 9356354021.200
[1, 10520] loss: 9201006928.000
[1, 10540] loss: 7336249355.850
[1, 10560] loss: 6463362221.947
[1, 10580] loss: 5571973671.894
[1, 10600] loss: 5074492919.850
[1, 10620] loss: 6435282447.600
[1, 10640] loss: 3424193672.000
[1, 10660] loss: 6525287553.000
[1, 10680] loss: 3714794885.125
[1, 10700] loss: 6784263528.887
[1, 10720] loss: 6791495718.525
[1, 10740] loss: 3877553972.850
[1, 10760] loss: 1788179468.295
[1, 10780] loss: 2557160912.350
[1, 10800] loss: 4056671527.275
[1, 10820] loss: 6137172774.878
[1, 10840] loss: 2800166762.022
[1, 10860] loss: 4052304032.900
[1, 10880] loss: 4566786063.300
[1, 10900] loss: 6108219827.025
[1, 10920] loss: 1963498976.537
[1, 10940] loss: 2026715281.477
[1, 10960] loss: 5684510547.038
[1, 10980] loss: 2875363422.427
[1, 11000] loss: 3172145276.713
[1, 11020] loss: 4613393843.800
[1, 11040] loss: 2966227668.755
[1, 11060] loss: 3118716650.300
[1, 11080] loss: 3070346519.750
[1, 11100] loss: 4371325502.800
[1, 11120] loss: 2237865196.850
[1, 11140] loss: 4311491609.800
[1, 11160] loss: 2559935277.800
[1, 11180] loss: 4179411460.300
[1, 11200] loss: 2684574023.200
[1, 11220] loss: 3428364508.800
[1, 11240] loss: 2047498101.714
[1, 11260] loss: 1185547804.775
[1, 11280] loss: 3191819364.700
[1, 11300] loss: 3397883674.800
[1, 11320] loss: 2612016980.054
[1, 11340] loss: 1713521512.534
[1, 11360] loss: 2755187227.744
[1, 11380] loss: 2040004649.094
[1, 11400] loss: 2587615317.254
[1, 11420] loss: 2403461002.725
[1, 11440] loss: 1440756254.016
[1, 11460] loss: 1124675345.430
[1, 11480] loss: 2186794796.200
[1, 11500] loss: 2119663401.700
[1, 11520] loss: 1615309501.268
[1, 11540] loss: 1466010200.700
[1, 11560] loss: 764764525.850
[1, 11580] loss: 1915922699.190
[1, 11600] loss: 1582090498.763
[1, 11620] loss: 1953155997.100
[1, 11640] loss: 1070450956.550
[1, 11660] loss: 764462373.900
[1, 11680] loss: 1809848101.000
[1, 11700] loss: 839912393.081
[1, 11720] loss: 1472603445.475
[1, 11740] loss: 1607327658.000
[1, 11760] loss: 1272536905.325
[1, 11780] loss: 1137947061.900
[1, 11800] loss: 1279613519.275
[1, 11820] loss: 737793380.000
[1, 11840] loss: 1330531594.150
[1, 11860] loss: 2096314712.963
[1, 11880] loss: 1004175182.475
[1, 11900] loss: 2522975551.700
[1, 11920] loss: 753818968.650
[1, 11940] loss: 974317716.900
[1, 11960] loss: 1265550299.900
[1, 11980] loss: 1450995458.081
[1, 12000] loss: 1227092194.129
[1, 12020] loss: 860815014.756
[1, 12040] loss: 1322237955.075
[1, 12060] loss: 1569866338.231
[1, 12080] loss: 729894667.656
[1, 12100] loss: 2132824432.800
[1, 12120] loss: 780360979.150
[1, 12140] loss: 2139729789.450
[1, 12160] loss: 928520029.043
[1, 12180] loss: 1943203921.500
[1, 12200] loss: 1905196007.503
[1, 12220] loss: 1212803662.475
[1, 12240] loss: 1472519455.600
[1, 12260] loss: 716068502.300
[1, 12280] loss: 1181546364.800
[1, 12300] loss: 645155608.355
[1, 12320] loss: 1254637927.050
[1, 12340] loss: 546810404.618
[1, 12360] loss: 974314648.600
[1, 12380] loss: 741234940.621
[1, 12400] loss: 871729138.550
[1, 12420] loss: 541866488.150
[1, 12440] loss: 790053342.728
[1, 12460] loss: 837234400.800
[1, 12480] loss: 872991516.862
[1, 12500] loss: 680631330.987
[1, 12520] loss: 1065752711.100
[1, 12540] loss: 359628094.066
[1, 12560] loss: 631727485.281
[1, 12580] loss: 933123813.041
[1, 12600] loss: 937220414.875
[1, 12620] loss: 593774987.500
[1, 12640] loss: 775446463.347
[1, 12660] loss: 964677568.006
[1, 12680] loss: 607610290.800
[1, 12700] loss: 834108837.400
[1, 12720] loss: 873420389.712
[1, 12740] loss: 572390133.750
[1, 12760] loss: 1081801795.450
[1, 12780] loss: 850368771.747
[1, 12800] loss: 668348813.464
[1, 12820] loss: 233610240.128
[1, 12840] loss: 544031919.231
[1, 12860] loss: 1114934555.700
[1, 12880] loss: 439948121.831
[1, 12900] loss: 333917861.403
[1, 12920] loss: 509409318.283
[1, 12940] loss: 906490118.691
[1, 12960] loss: 821441764.833
[1, 12980] loss: 853566593.000
[1, 13000] loss: 561057216.525
[1, 13020] loss: 399790012.550
[1, 13040] loss: 351895452.456
[1, 13060] loss: 342306155.650
[1, 13080] loss: 562602840.475
[1, 13100] loss: 417270847.077
[1, 13120] loss: 431118007.483
[1, 13140] loss: 796451194.356
[1, 13160] loss: 371159857.712
[1, 13180] loss: 739285091.945
[1, 13200] loss: 317423336.275
[1, 13220] loss: 1009740520.781
[1, 13240] loss: 357350049.097
[1, 13260] loss: 262007094.377
[1, 13280] loss: 351862442.641
[1, 13300] loss: 507961823.900
[1, 13320] loss: 577631150.625
[1, 13340] loss: 499227452.275
[1, 13360] loss: 399993737.275
[1, 13380] loss: 392240275.359
[1, 13400] loss: 471655511.700
[1, 13420] loss: 616725199.745
[1, 13440] loss: 428896343.887
[1, 13460] loss: 546627260.656
[1, 13480] loss: 196005142.725
[1, 13500] loss: 350212005.494
[1, 13520] loss: 491905012.133
[1, 13540] loss: 639175946.581
[1, 13560] loss: 576206854.900
[1, 13580] loss: 415984307.100
[1, 13600] loss: 428732274.200
[1, 13620] loss: 416743088.656
[1, 13640] loss: 427192974.038
[1, 13660] loss: 352361141.069
[1, 13680] loss: 361608306.831
[1, 13700] loss: 362420064.866
[1, 13720] loss: 459944000.613
[1, 13740] loss: 489011219.541
[1, 13760] loss: 550260338.381
[1, 13780] loss: 167960477.838
[1, 13800] loss: 198522408.289
[1, 13820] loss: 388831166.048
[1, 13840] loss: 365929146.275
[1, 13860] loss: 282037547.378
[1, 13880] loss: 296596751.239
[1, 13900] loss: 295956820.163
[1, 13920] loss: 194991073.419
[1, 13940] loss: 325477815.854
[1, 13960] loss: 391075720.536
[1, 13980] loss: 133818485.214
[1, 14000] loss: 274312312.123
[1, 14020] loss: 328972828.558
[1, 14040] loss: 201207843.975
[1, 14060] loss: 225807404.861
[1, 14080] loss: 161701230.193
[1, 14100] loss: 506256135.650
[1, 14120] loss: 304845237.659
[1, 14140] loss: 252943593.033
[1, 14160] loss: 384689800.793
[1, 14180] loss: 297351133.275
[1, 14200] loss: 138690319.339
[1, 14220] loss: 285956181.169
[1, 14240] loss: 425103975.163
[1, 14260] loss: 429353478.825
[1, 14280] loss: 214915587.866
[1, 14300] loss: 294007431.833
[1, 14320] loss: 283893727.464
[1, 14340] loss: 419533853.303
[1, 14360] loss: 255001920.445
[1, 14380] loss: 148246806.577
[1, 14400] loss: 108751810.806
[1, 14420] loss: 306624164.961
[1, 14440] loss: 143502561.246
[1, 14460] loss: 335769586.450
[1, 14480] loss: 133801458.236
[1, 14500] loss: 247801011.345
[1, 14520] loss: 252517125.519
[1, 14540] loss: 122626902.811
[1, 14560] loss: 303003025.088
[1, 14580] loss: 235094092.456
[1, 14600] loss: 200921608.350
[1, 14620] loss: 213776792.722
[1, 14640] loss: 314070235.363
[1, 14660] loss: 129601225.100
[1, 14680] loss: 149933822.266
[1, 14700] loss: 234415453.538
[1, 14720] loss: 264816911.000
[1, 14740] loss: 266012867.369
[1, 14760] loss: 82685214.298
[1, 14780] loss: 335088694.485
[1, 14800] loss: 175736501.674
[1, 14820] loss: 143832101.752
[1, 14840] loss: 208176451.731
[1, 14860] loss: 313629347.374
[1, 14880] loss: 160493552.591
[1, 14900] loss: 169989371.537
[1, 14920] loss: 99821807.060
[1, 14940] loss: 159327231.988
[1, 14960] loss: 127995403.250
[1, 14980] loss: 246455982.908
[1, 15000] loss: 79920689.563
[1, 15020] loss: 225083179.655
[1, 15040] loss: 82089249.095
[1, 15060] loss: 148671902.042
[1, 15080] loss: 173430037.591
[1, 15100] loss: 179110576.041
[1, 15120] loss: 65308359.188
[1, 15140] loss: 321818557.318
[1, 15160] loss: 120811560.900
[1, 15180] loss: 155571601.616
[1, 15200] loss: 241959225.450
[1, 15220] loss: 124149504.409
[1, 15240] loss: 170026365.399
[1, 15260] loss: 96346606.336
[1, 15280] loss: 220246380.895
[1, 15300] loss: 127753464.211
[1, 15320] loss: 177753299.925
[1, 15340] loss: 151708084.598
[1, 15360] loss: 143034150.938
[1, 15380] loss: 108090713.485
[1, 15400] loss: 119651668.448
[1, 15420] loss: 117626386.275
[1, 15440] loss: 159393933.519
[1, 15460] loss: 131039294.231
[1, 15480] loss: 147121789.417
[1, 15500] loss: 138149995.189
[1, 15520] loss: 224636777.537
[1, 15540] loss: 113337905.582
[1, 15560] loss: 199528979.000
[1, 15580] loss: 126510822.520
[1, 15600] loss: 40394411.137
[1, 15620] loss: 165497962.672
[1, 15640] loss: 146595820.221
[1, 15660] loss: 181884849.897
[1, 15680] loss: 144644641.407
[1, 15700] loss: 53558224.608
[1, 15720] loss: 72050682.352
[1, 15740] loss: 185960839.777
[1, 15760] loss: 189220092.675
[1, 15780] loss: 148058181.773
[1, 15800] loss: 106893233.106
[1, 15820] loss: 127411788.316
[1, 15840] loss: 132772662.770
[1, 15860] loss: 146033397.223
[1, 15880] loss: 109513131.788
[1, 15900] loss: 123435570.964
[1, 15920] loss: 134595610.284
[1, 15940] loss: 150788746.538
[1, 15960] loss: 71871642.310
[1, 15980] loss: 104068106.993
[1, 16000] loss: 72128685.397
[1, 16020] loss: 98549513.922
[1, 16040] loss: 75411774.819
[1, 16060] loss: 95937625.122
[1, 16080] loss: 121213954.277
[1, 16100] loss: 80188352.720
[1, 16120] loss: 73645282.292
[1, 16140] loss: 87520080.568
[1, 16160] loss: 68988980.931
[1, 16180] loss: 56656246.759
[1, 16200] loss: 93354559.650
[1, 16220] loss: 78884945.672
[1, 16240] loss: 110001405.438
[1, 16260] loss: 59760374.943
[1, 16280] loss: 45177480.609
[1, 16300] loss: 91971231.584
[1, 16320] loss: 73529958.478
[1, 16340] loss: 91307579.366
[1, 16360] loss: 103482648.709
[1, 16380] loss: 79160523.274
[1, 16400] loss: 67877907.270
[1, 16420] loss: 60034561.806
[1, 16440] loss: 62287646.631
[1, 16460] loss: 103622068.631
[1, 16480] loss: 45727127.764
[1, 16500] loss: 53365324.523
[1, 16520] loss: 44743545.222
[1, 16540] loss: 59873575.616
[1, 16560] loss: 46825623.614
[1, 16580] loss: 40629612.237
[1, 16600] loss: 60236598.032
[1, 16620] loss: 86505714.862
[1, 16640] loss: 72207386.013
[1, 16660] loss: 45706914.256
[1, 16680] loss: 70478679.531
[1, 16700] loss: 67490572.790
[1, 16720] loss: 70606260.794
[1, 16740] loss: 105716772.884
[1, 16760] loss: 38086193.375
[1, 16780] loss: 30804787.512
[1, 16800] loss: 61407003.191
[1, 16820] loss: 83440888.496
[1, 16840] loss: 72728539.717
[1, 16860] loss: 36959122.032
[1, 16880] loss: 49725247.501
[1, 16900] loss: 48032104.469
[1, 16920] loss: 41874047.707
[1, 16940] loss: 62777593.862
[1, 16960] loss: 61615751.709
[1, 16980] loss: 30863663.309
[1, 17000] loss: 86146514.041
[1, 17020] loss: 39476562.535
[1, 17040] loss: 46952776.801
[1, 17060] loss: 47099308.715
[1, 17080] loss: 56762620.362
[1, 17100] loss: 32862963.959
[1, 17120] loss: 59274839.548
[1, 17140] loss: 44786440.067
[1, 17160] loss: 76983302.641
[1, 17180] loss: 62849961.585
[1, 17200] loss: 138636350.697
[1, 17220] loss: 38083490.770
[1, 17240] loss: 30710269.173
[1, 17260] loss: 49036246.721
[1, 17280] loss: 21945087.861
[1, 17300] loss: 23256577.635
[1, 17320] loss: 63442310.575
[1, 17340] loss: 51140295.800
[1, 17360] loss: 46661403.491
[1, 17380] loss: 57147961.157
[1, 17400] loss: 32064988.617
[1, 17420] loss: 89352889.580
[1, 17440] loss: 25963072.594
[1, 17460] loss: 43122408.331
[1, 17480] loss: 50131503.716
[1, 17500] loss: 35167621.674
[1, 17520] loss: 26066848.631
[1, 17540] loss: 29594122.775
[1, 17560] loss: 64745823.103
[1, 17580] loss: 30884633.776
[1, 17600] loss: 28246024.196
[1, 17620] loss: 33933084.003
[1, 17640] loss: 36395366.198
[1, 17660] loss: 18813951.197
[1, 17680] loss: 32127785.760
[1, 17700] loss: 35518243.957
[1, 17720] loss: 60981711.313
[1, 17740] loss: 28620629.595
[1, 17760] loss: 34139002.808
[1, 17780] loss: 33517562.987
[1, 17800] loss: 40436259.888
[1, 17820] loss: 32398137.475
[1, 17840] loss: 31796216.820
[1, 17860] loss: 24109519.025
[1, 17880] loss: 36898656.139
[1, 17900] loss: 32764801.671
[1, 17920] loss: 19809854.859
[1, 17940] loss: 57626759.327
[1, 17960] loss: 30636619.430
[1, 17980] loss: 33756009.152
[1, 18000] loss: 31187547.091
[1, 18020] loss: 33710381.716
[1, 18040] loss: 46774652.555
[1, 18060] loss: 24115331.145
[1, 18080] loss: 28856106.358
[1, 18100] loss: 11746914.921
[1, 18120] loss: 22277699.378
[1, 18140] loss: 37473859.584
[1, 18160] loss: 22851651.371
[1, 18180] loss: 44779135.592
[1, 18200] loss: 44189598.619
[1, 18220] loss: 20830941.981
[1, 18240] loss: 21915063.069
[1, 18260] loss: 29039622.669
[1, 18280] loss: 28354303.803
[1, 18300] loss: 30373346.039
[1, 18320] loss: 14886102.258
[1, 18340] loss: 20761403.802
[1, 18360] loss: 16414704.877
[1, 18380] loss: 19456801.447
[1, 18400] loss: 26108957.543
[1, 18420] loss: 7889535.521
[1, 18440] loss: 25701057.855
[1, 18460] loss: 18683402.026
[1, 18480] loss: 14633644.748
[1, 18500] loss: 13171551.181
[1, 18520] loss: 49986929.439
[1, 18540] loss: 30353156.549
[1, 18560] loss: 19114789.321
[1, 18580] loss: 22498079.137
[1, 18600] loss: 30631555.311
[1, 18620] loss: 46234791.741
[1, 18640] loss: 26432655.918
[1, 18660] loss: 41349430.087
[1, 18680] loss: 14795002.943
[1, 18700] loss: 18198943.096
[1, 18720] loss: 19099260.962
[1, 18740] loss: 24066512.577
[1, 18760] loss: 23645581.859
[1, 18780] loss: 11942980.307
[1, 18800] loss: 24475848.289
[1, 18820] loss: 25034866.101
[1, 18840] loss: 23363401.010
[1, 18860] loss: 22359338.349
[1, 18880] loss: 21704208.659
[1, 18900] loss: 23039375.146
[1, 18920] loss: 35045256.276
[1, 18940] loss: 32448651.471
[1, 18960] loss: 21836842.258
[1, 18980] loss: 23130934.260
[1, 19000] loss: 9526632.043
[1, 19020] loss: 8167478.573
[1, 19040] loss: 26892535.815
[1, 19060] loss: 28731990.341
[1, 19080] loss: 28458174.877
[1, 19100] loss: 15410053.211
[1, 19120] loss: 17639066.344
[1, 19140] loss: 19027863.569
[1, 19160] loss: 24593545.780
[1, 19180] loss: 16912774.185
[1, 19200] loss: 32073818.841
[1, 19220] loss: 28912013.213
[1, 19240] loss: 36568974.734
[1, 19260] loss: 11578695.700
[1, 19280] loss: 21887538.219
[1, 19300] loss: 10570870.551
[1, 19320] loss: 18051331.696
[1, 19340] loss: 13489685.647
[1, 19360] loss: 16756686.733
[1, 19380] loss: 21510928.569
[1, 19400] loss: 12759437.048
[1, 19420] loss: 14821474.675
[1, 19440] loss: 15842635.521
[1, 19460] loss: 17122406.182
[1, 19480] loss: 10996062.541
[1, 19500] loss: 13965838.115
[1, 19520] loss: 17063143.954
[1, 19540] loss: 16399770.475
[1, 19560] loss: 16354905.289
[1, 19580] loss: 14800033.456
[1, 19600] loss: 24523261.350
[1, 19620] loss: 15716772.079
[1, 19640] loss: 21483178.894
[1, 19660] loss: 35827152.642
[1, 19680] loss: 16585013.524
[1, 19700] loss: 8316201.398
[1, 19720] loss: 9242823.044
[1, 19740] loss: 12653116.354
[1, 19760] loss: 16225455.887
[1, 19780] loss: 19144427.861
[1, 19800] loss: 11329753.595
[1, 19820] loss: 7216588.416
[1, 19840] loss: 15868736.134
[1, 19860] loss: 15510011.103
[1, 19880] loss: 7361502.061
[1, 19900] loss: 10248129.061
[1, 19920] loss: 10439374.372
[1, 19940] loss: 19026559.871
[1, 19960] loss: 21376712.923
[1, 19980] loss: 19823559.627
[1, 20000] loss: 7610004.204
[1, 20020] loss: 16723958.235
[1, 20040] loss: 7940001.097
[1, 20060] loss: 7906573.416
[1, 20080] loss: 19493112.901
[1, 20100] loss: 6242113.431
[1, 20120] loss: 14331772.852
[1, 20140] loss: 17975498.943
[1, 20160] loss: 9018149.184
[1, 20180] loss: 9947316.341
[1, 20200] loss: 10498598.676
[1, 20220] loss: 10857981.080
[1, 20240] loss: 22287361.325
[1, 20260] loss: 9358970.984
[1, 20280] loss: 16047084.372
[1, 20300] loss: 10637779.341
[1, 20320] loss: 11011654.763
[1, 20340] loss: 12429405.860
[1, 20360] loss: 22145844.621
[1, 20380] loss: 20671474.573
[1, 20400] loss: 27793291.360
[1, 20420] loss: 16550688.244
[1, 20440] loss: 7434787.025
[1, 20460] loss: 9591140.800
[1, 20480] loss: 4918510.788
[1, 20500] loss: 11745283.719
[1, 20520] loss: 9175159.580
[1, 20540] loss: 13850197.464
[1, 20560] loss: 10552503.446
[1, 20580] loss: 4964167.215
[1, 20600] loss: 9878835.069
[1, 20620] loss: 5889098.154
[1, 20640] loss: 10496561.911
[1, 20660] loss: 14896500.847
[1, 20680] loss: 6946100.385
[1, 20700] loss: 9462049.271
[1, 20720] loss: 10754640.319
[1, 20740] loss: 9241404.168
[1, 20760] loss: 5153199.562
[1, 20780] loss: 7547555.341
[1, 20800] loss: 10440786.061
[1, 20820] loss: 2171531.249
[1, 20840] loss: 5324390.143
[1, 20860] loss: 6558949.204
[1, 20880] loss: 7744151.143
[1, 20900] loss: 16274809.897
[1, 20920] loss: 13289530.558
[1, 20940] loss: 6872658.209
[1, 20960] loss: 7541245.367
[1, 20980] loss: 6950224.017
[1, 21000] loss: 4643083.108
[1, 21020] loss: 7537408.431
[1, 21040] loss: 15063599.827
[1, 21060] loss: 22456586.413
[1, 21080] loss: 12698860.148
[1, 21100] loss: 14267886.197
[1, 21120] loss: 10726397.981
[1, 21140] loss: 3066962.460
[1, 21160] loss: 6986495.751
[1, 21180] loss: 8059899.901
[1, 21200] loss: 4756773.257
[1, 21220] loss: 3425826.332
[1, 21240] loss: 4633622.454
[1, 21260] loss: 4015956.661
[1, 21280] loss: 4630205.644
[1, 21300] loss: 4588951.960
[1, 21320] loss: 2161124.058
[1, 21340] loss: 3820336.398
[1, 21360] loss: 7113210.698
[1, 21380] loss: 4914039.066
[1, 21400] loss: 5876638.731
[1, 21420] loss: 6405976.002
[1, 21440] loss: 5978264.874
[1, 21460] loss: 6726392.631
[1, 21480] loss: 8016572.791
[1, 21500] loss: 2456170.542
[1, 21520] loss: 4328381.412
[1, 21540] loss: 6364372.132
[1, 21560] loss: 3014153.031
[1, 21580] loss: 10463272.620
[1, 21600] loss: 15132644.407
[1, 21620] loss: 10639607.402
[1, 21640] loss: 11959505.083
[1, 21660] loss: 5763622.119
[1, 21680] loss: 6320350.138
[1, 21700] loss: 4596985.592
[1, 21720] loss: 3409431.430
[1, 21740] loss: 3476775.220
[1, 21760] loss: 3076502.221
[1, 21780] loss: 2361667.352
[1, 21800] loss: 2705573.434
[1, 21820] loss: 3647746.713
[1, 21840] loss: 2811421.608
[1, 21860] loss: 1580012.493
[1, 21880] loss: 3630705.562
[1, 21900] loss: 2382463.932
[1, 21920] loss: 2571226.075
[1, 21940] loss: 4744424.270
[1, 21960] loss: 5832421.835
[1, 21980] loss: 3526553.667
[1, 22000] loss: 3604351.960
[1, 22020] loss: 4249408.160
[1, 22040] loss: 5747333.752
[1, 22060] loss: 5644609.214
[1, 22080] loss: 4120596.138
[1, 22100] loss: 3954693.202
[1, 22120] loss: 9690509.932
[1, 22140] loss: 10445479.834
[1, 22160] loss: 4249639.887
[1, 22180] loss: 1199681.196
[1, 22200] loss: 5258811.306
[1, 22220] loss: 2685486.824
[1, 22240] loss: 3220423.990
[1, 22260] loss: 9051967.216
[1, 22280] loss: 16607523.776
[1, 22300] loss: 14459511.837
[1, 22320] loss: 6684445.104
[1, 22340] loss: 10126524.494
[1, 22360] loss: 5262768.387
[1, 22380] loss: 2399820.400
[1, 22400] loss: 1922582.554
[1, 22420] loss: 5293225.810
[1, 22440] loss: 2180700.982
[1, 22460] loss: 2194295.747
[1, 22480] loss: 11983664.062
[1, 22500] loss: 15699955.537
[1, 22520] loss: 5139768.797
[1, 22540] loss: 5643296.300
[1, 22560] loss: 3525393.326
[1, 22580] loss: 2828222.939
[1, 22600] loss: 3291125.825
[1, 22620] loss: 2640231.221
[1, 22640] loss: 2007816.956
[1, 22660] loss: 1511518.221
[1, 22680] loss: 2789214.776
[1, 22700] loss: 2297181.759
[1, 22720] loss: 1868617.727
[1, 22740] loss: 4220848.767
[1, 22760] loss: 2234672.585
[1, 22780] loss: 3627755.772
[1, 22800] loss: 2605453.838
[1, 22820] loss: 2258319.538
[1, 22840] loss: 3163873.749
[1, 22860] loss: 2522712.431
[1, 22880] loss: 4411770.095
[1, 22900] loss: 5181451.555
[1, 22920] loss: 3930238.771
[1, 22940] loss: 4791131.575
[1, 22960] loss: 2604661.804
[1, 22980] loss: 4204137.792
[1, 23000] loss: 2871048.689
[1, 23020] loss: 2704337.332
[1, 23040] loss: 1244242.851
[1, 23060] loss: 1774896.482
[1, 23080] loss: 5198221.577
[1, 23100] loss: 5257455.979
[1, 23120] loss: 7080165.448
[1, 23140] loss: 3119797.777
[1, 23160] loss: 1775685.949
[1, 23180] loss: 2559067.348
[1, 23200] loss: 1796072.357
[1, 23220] loss: 4074190.224
[1, 23240] loss: 8930159.115
[1, 23260] loss: 8417504.871
[1, 23280] loss: 5687545.294
[1, 23300] loss: 4517931.250
[1, 23320] loss: 6009660.245
[1, 23340] loss: 3971700.185
[1, 23360] loss: 3149754.530
[1, 23380] loss: 1801065.668
[1, 23400] loss: 810718.095
[1, 23420] loss: 1438110.771
[1, 23440] loss: 2341336.633
[1, 23460] loss: 834635.781
[1, 23480] loss: 2241917.661
[1, 23500] loss: 1969076.642
[1, 23520] loss: 998106.192
[1, 23540] loss: 989856.094
[1, 23560] loss: 1682994.947
[1, 23580] loss: 797856.977
[1, 23600] loss: 832700.757
[1, 23620] loss: 1573479.059
[1, 23640] loss: 4755727.554
[1, 23660] loss: 3725381.305
[1, 23680] loss: 6468270.334
[1, 23700] loss: 5623930.695
[1, 23720] loss: 9582421.440
[1, 23740] loss: 3033239.390
[1, 23760] loss: 1760764.139
[1, 23780] loss: 1773831.217
[1, 23800] loss: 1611676.227
[1, 23820] loss: 1206150.915
[1, 23840] loss: 1089459.037
[1, 23860] loss: 1039114.762
[1, 23880] loss: 1153250.069
[1, 23900] loss: 1145622.263
[1, 23920] loss: 1440777.082
[1, 23940] loss: 1512753.042
[1, 23960] loss: 882485.431
[1, 23980] loss: 1689063.114
[1, 24000] loss: 1290875.863
[1, 24020] loss: 2117679.515
[1, 24040] loss: 1294012.379
[1, 24060] loss: 774798.936
[1, 24080] loss: 1569560.196
[1, 24100] loss: 1374840.920
[1, 24120] loss: 1913532.276
[1, 24140] loss: 1482066.637
[1, 24160] loss: 1490548.767
[1, 24180] loss: 3381556.897
[1, 24200] loss: 6411843.498
[1, 24220] loss: 4238262.019
[1, 24240] loss: 5283767.066
[1, 24260] loss: 1400281.067
[1, 24280] loss: 2728767.681
[1, 24300] loss: 997243.920
[1, 24320] loss: 1255711.955
[1, 24340] loss: 2264958.300
[1, 24360] loss: 2438654.445
[1, 24380] loss: 1219310.973
[1, 24400] loss: 2157700.407
[1, 24420] loss: 3129030.629
[1, 24440] loss: 1864245.201
[1, 24460] loss: 988840.934
[1, 24480] loss: 455308.414
[1, 24500] loss: 725151.224
[1, 24520] loss: 1074187.458
[1, 24540] loss: 1131180.905
[1, 24560] loss: 1066722.716
[1, 24580] loss: 1102769.485
[1, 24600] loss: 1129624.088
[1, 24620] loss: 1194484.327
[1, 24640] loss: 530733.059
[1, 24660] loss: 577469.951
[1, 24680] loss: 815857.165
[1, 24700] loss: 1264135.735
[1, 24720] loss: 1091922.925
[1, 24740] loss: 978863.320
[1, 24760] loss: 621877.944
[1, 24780] loss: 1217948.032
[1, 24800] loss: 438006.643
[1, 24820] loss: 477890.952
[1, 24840] loss: 1429062.508
[1, 24860] loss: 1265600.384
[1, 24880] loss: 1208486.264
[1, 24900] loss: 854928.757
[1, 24920] loss: 388920.226
[1, 24940] loss: 988335.798
[1, 24960] loss: 645053.601
[1, 24980] loss: 3594666.970
[1, 25000] loss: 1698770.997
[1, 25020] loss: 1856173.192
[1, 25040] loss: 850444.025
[1, 25060] loss: 738754.418
[1, 25080] loss: 1088150.898
[1, 25100] loss: 1143233.462
[1, 25120] loss: 1445982.623
[1, 25140] loss: 4132813.845
[1, 25160] loss: 3138987.179
[1, 25180] loss: 2072515.987
[1, 25200] loss: 1571070.698
[1, 25220] loss: 2852555.732
[1, 25240] loss: 700092.000
[1, 25260] loss: 2751454.140
[1, 25280] loss: 5258971.703
[1, 25300] loss: 5759670.395
[1, 25320] loss: 3151978.659
[1, 25340] loss: 1867369.392
[1, 25360] loss: 1599844.134
[1, 25380] loss: 1299232.227
[1, 25400] loss: 3220713.673
[1, 25420] loss: 2131766.193
[1, 25440] loss: 727423.352
[1, 25460] loss: 792656.585
[1, 25480] loss: 601998.826
[1, 25500] loss: 228754.458
[1, 25520] loss: 612306.158
[1, 25540] loss: 1241020.471
[1, 25560] loss: 1464199.127
[1, 25580] loss: 1495174.567
[1, 25600] loss: 1400474.239
[1, 25620] loss: 1247596.133
[1, 25640] loss: 832943.830
[1, 25660] loss: 1317140.879
[1, 25680] loss: 1072786.598
[1, 25700] loss: 919248.288
[1, 25720] loss: 1314804.492
[1, 25740] loss: 771620.465
[1, 25760] loss: 795769.696
[1, 25780] loss: 776164.492
[1, 25800] loss: 2898715.991
[1, 25820] loss: 2562821.928
[1, 25840] loss: 738073.527
[1, 25860] loss: 1514903.177
[1, 25880] loss: 1129584.062
[1, 25900] loss: 1078901.858
[1, 25920] loss: 1242155.263
[1, 25940] loss: 530485.137
[1, 25960] loss: 853626.875
[1, 25980] loss: 209652.077
[1, 26000] loss: 452415.154
[1, 26020] loss: 507821.881
[1, 26040] loss: 627864.449
[1, 26060] loss: 501602.514
[1, 26080] loss: 517509.009
[1, 26100] loss: 821313.193
[1, 26120] loss: 275175.095
[1, 26140] loss: 286304.861
[1, 26160] loss: 240009.043
[1, 26180] loss: 349951.270
[1, 26200] loss: 372059.537
[1, 26220] loss: 248560.835
[1, 26240] loss: 303767.200
[1, 26260] loss: 221617.211
[1, 26280] loss: 195564.486
[1, 26300] loss: 374717.513
[1, 26320] loss: 615383.335
[1, 26340] loss: 442676.819
[1, 26360] loss: 590309.158
[1, 26380] loss: 529750.320
[1, 26400] loss: 383765.353
[1, 26420] loss: 196638.282
[1, 26440] loss: 229844.193
[1, 26460] loss: 327341.757
[1, 26480] loss: 448736.035
[1, 26500] loss: 348143.278
[1, 26520] loss: 194342.701
[1, 26540] loss: 205701.801
[1, 26560] loss: 265022.841
[1, 26580] loss: 189128.904
[1, 26600] loss: 203081.252
[1, 26620] loss: 377679.805
[1, 26640] loss: 2028891.004
[1, 26660] loss: 1622328.019
[1, 26680] loss: 1313931.343
[1, 26700] loss: 384480.312
[1, 26720] loss: 226391.530
[1, 26740] loss: 425672.516
[1, 26760] loss: 976428.848
[1, 26780] loss: 534038.735
[1, 26800] loss: 517874.253
[1, 26820] loss: 556039.572
[1, 26840] loss: 497397.171
[1, 26860] loss: 3524611.335
[1, 26880] loss: 2908177.238
[1, 26900] loss: 6896295.087
[1, 26920] loss: 3758227.673
[1, 26940] loss: 1292519.985
[1, 26960] loss: 546298.227
[1, 26980] loss: 497692.889
[1, 27000] loss: 543505.001
[1, 27020] loss: 2959278.596
[1, 27040] loss: 5533540.474
[1, 27060] loss: 3192923.288
[1, 27080] loss: 1045566.604
[1, 27100] loss: 1937823.207
[1, 27120] loss: 191452.528
[1, 27140] loss: 841276.468
[1, 27160] loss: 701487.167
[1, 27180] loss: 556195.138
[1, 27200] loss: 312829.453
[1, 27220] loss: 214035.525
[1, 27240] loss: 320355.463
[1, 27260] loss: 190072.848
[1, 27280] loss: 165157.029
[1, 27300] loss: 177378.623
[1, 27320] loss: 171646.841
[1, 27340] loss: 96282.036
[1, 27360] loss: 104536.601
[1, 27380] loss: 122729.479
[1, 27400] loss: 59401.481
[1, 27420] loss: 295929.868
[1, 27440] loss: 176875.865
[1, 27460] loss: 157371.654
[1, 27480] loss: 207562.154
[1, 27500] loss: 174291.071
[1, 27520] loss: 100306.367
[1, 27540] loss: 271240.132
[1, 27560] loss: 278275.861
[1, 27580] loss: 305320.938
[1, 27600] loss: 128662.519
[1, 27620] loss: 101891.463
[1, 27640] loss: 177270.923
[1, 27660] loss: 86877.009
[1, 27680] loss: 236151.757
[1, 27700] loss: 359038.709
[1, 27720] loss: 220925.877
[1, 27740] loss: 190759.261
[1, 27760] loss: 149262.050
[1, 27780] loss: 133496.376
[1, 27800] loss: 90029.699
[1, 27820] loss: 114073.129
[1, 27840] loss: 60586.858
[1, 27860] loss: 148247.426
[1, 27880] loss: 126767.120
[1, 27900] loss: 229529.110
[1, 27920] loss: 348538.997
[1, 27940] loss: 258217.824
[1, 27960] loss: 333493.978
[1, 27980] loss: 141325.145
[1, 28000] loss: 125849.555
[1, 28020] loss: 87255.960
[1, 28040] loss: 207590.331
[1, 28060] loss: 123287.782
[1, 28080] loss: 66346.348
[1, 28100] loss: 70878.154
[1, 28120] loss: 147120.407
[1, 28140] loss: 113644.091
[1, 28160] loss: 72365.144
[1, 28180] loss: 32654.326
[1, 28200] loss: 113794.633
[1, 28220] loss: 134446.636
[1, 28240] loss: 71229.599
[1, 28260] loss: 236044.761
[1, 28280] loss: 338685.333
[1, 28300] loss: 238415.985
[1, 28320] loss: 150523.928
[1, 28340] loss: 34969.774
[1, 28360] loss: 140451.762
[1, 28380] loss: 85208.572
[1, 28400] loss: 53712.496
[1, 28420] loss: 123513.762
[1, 28440] loss: 73198.016
[1, 28460] loss: 27482.135
[1, 28480] loss: 55524.344
[1, 28500] loss: 115971.220
[1, 28520] loss: 75779.719
[1, 28540] loss: 58482.143
[1, 28560] loss: 124168.702
[1, 28580] loss: 64372.285
[1, 28600] loss: 85764.314
[1, 28620] loss: 25411.856
[1, 28640] loss: 55183.474
[1, 28660] loss: 141816.536
[1, 28680] loss: 106724.088
[1, 28700] loss: 167498.933
[1, 28720] loss: 51862.878
[1, 28740] loss: 147969.620
[1, 28760] loss: 794155.203
[1, 28780] loss: 1620422.711
[1, 28800] loss: 11692438.848
[1, 28820] loss: 47934519314.884
[1, 28840] loss: 14976208313.200
[1, 28860] loss: 304990170073.600
[1, 28880] loss: 380522065483.200
[1, 28900] loss: 274170646980.600
[1, 28920] loss: 4012105542.017
[1, 28940] loss: 1858491598.814
[1, 28960] loss: 778096502.785
[1, 28980] loss: 179213437.923
[1, 29000] loss: 108954772.998
[1, 29020] loss: 90797160.805
[1, 29040] loss: 140702190.938
[1, 29060] loss: 43378429.632
[1, 29080] loss: 131484019.247
[1, 29100] loss: 50180440.673
[1, 29120] loss: 73125753.818
[1, 29140] loss: 57695706.580
[1, 29160] loss: 37942064.503
[1, 29180] loss: 50036960.511
[1, 29200] loss: 68507932.812
[1, 29220] loss: 43695107.888
[1, 29240] loss: 58294033.006
[1, 29260] loss: 31483564.922
[1, 29280] loss: 48366538.978
[1, 29300] loss: 33371098.123
[1, 29320] loss: 40076436.071
[1, 29340] loss: 14397419.243
[1, 29360] loss: 18565764.932
[1, 29380] loss: 34811493.867
[1, 29400] loss: 43201182.663
[1, 29420] loss: 32089121.898
[1, 29440] loss: 18207037.174
[1, 29460] loss: 15773706.627
[1, 29480] loss: 23484894.165
[1, 29500] loss: 33330393.792
[1, 29520] loss: 26554096.443
[1, 29540] loss: 14354160.591
[1, 29560] loss: 16449393.093
[1, 29580] loss: 12610198.378
[1, 29600] loss: 25218507.141
[1, 29620] loss: 15467404.139
[1, 29640] loss: 16749855.785
[1, 29660] loss: 23429185.673
[1, 29680] loss: 20186437.670
[1, 29700] loss: 17450968.902
[1, 29720] loss: 15413054.334
[1, 29740] loss: 10240315.648
[1, 29760] loss: 13558786.696
[1, 29780] loss: 12901913.839
[1, 29800] loss: 13093734.040
[1, 29820] loss: 14404408.512
[1, 29840] loss: 6957793.835
[1, 29860] loss: 18453515.370
[1, 29880] loss: 19491884.405
[1, 29900] loss: 13610619.865
[1, 29920] loss: 14751868.832
[1, 29940] loss: 12933420.809
[1, 29960] loss: 19912140.063
[1, 29980] loss: 6084022.149
[1, 30000] loss: 7257295.376
[1, 30020] loss: 8614675.422
[1, 30040] loss: 11980903.990
[1, 30060] loss: 11937377.051
[1, 30080] loss: 9847999.996
[1, 30100] loss: 15489997.231
[1, 30120] loss: 13200347.576
[1, 30140] loss: 15504878.412
[1, 30160] loss: 13824821.012
[1, 30180] loss: 11068433.226
[1, 30200] loss: 28734536.814
[1, 30220] loss: 11731334.602
[1, 30240] loss: 6900103.226
[1, 30260] loss: 12618827.473
[1, 30280] loss: 8306461.943
[1, 30300] loss: 14264089.688
[1, 30320] loss: 9670344.510
[1, 30340] loss: 5813990.345
[1, 30360] loss: 7175561.357
[1, 30380] loss: 8115416.987
[1, 30400] loss: 8540235.597
[1, 30420] loss: 5250895.680
[2,    20] loss: 8287604.883
[2,    40] loss: 8919081.041
[2,    60] loss: 7821941.894
[2,    80] loss: 10330771.986
[2,   100] loss: 9692226.214
[2,   120] loss: 5391839.003
[2,   140] loss: 8310781.480
[2,   160] loss: 10537474.235
[2,   180] loss: 6356111.149
[2,   200] loss: 6766016.414
[2,   220] loss: 3092310.413
[2,   240] loss: 9599221.588
[2,   260] loss: 8054986.100
[2,   280] loss: 8239202.909
[2,   300] loss: 7144496.810
[2,   320] loss: 7534935.941
[2,   340] loss: 4504663.417
[2,   360] loss: 5223139.841
[2,   380] loss: 4394253.690
[2,   400] loss: 5337375.108
[2,   420] loss: 8076742.313
[2,   440] loss: 8632279.471
[2,   460] loss: 12248371.700
[2,   480] loss: 8840875.818
[2,   500] loss: 5309019.102
[2,   520] loss: 6784729.052
[2,   540] loss: 4893333.075
[2,   560] loss: 3738684.027
[2,   580] loss: 2028971.082
[2,   600] loss: 5358049.623
[2,   620] loss: 4581005.757
[2,   640] loss: 4703832.811
[2,   660] loss: 7661213.927
[2,   680] loss: 6360359.099
[2,   700] loss: 2520808.407
[2,   720] loss: 3041864.404
[2,   740] loss: 4001018.113
[2,   760] loss: 7007563.176
[2,   780] loss: 1521440.505
[2,   800] loss: 5120616.178
[2,   820] loss: 5218634.247
[2,   840] loss: 5641710.285
[2,   860] loss: 5584449.607
[2,   880] loss: 9349537.681
[2,   900] loss: 5402565.436
[2,   920] loss: 2604487.257
[2,   940] loss: 2752290.154
[2,   960] loss: 2006994.983
[2,   980] loss: 4578290.006
[2,  1000] loss: 4853762.050
[2,  1020] loss: 3795539.761
[2,  1040] loss: 7260158.084
[2,  1060] loss: 4914065.059
[2,  1080] loss: 4619244.626
[2,  1100] loss: 3843267.998
[2,  1120] loss: 3445377.504
[2,  1140] loss: 2246202.538
[2,  1160] loss: 2578990.057
[2,  1180] loss: 2651352.871
[2,  1200] loss: 3765348.205
[2,  1220] loss: 3917431.191
[2,  1240] loss: 5479745.922
[2,  1260] loss: 2642271.959
[2,  1280] loss: 1517850.192
[2,  1300] loss: 5706008.120
[2,  1320] loss: 3410185.338
[2,  1340] loss: 4713978.798
[2,  1360] loss: 2818324.127
[2,  1380] loss: 1658267.696
[2,  1400] loss: 2127409.199
[2,  1420] loss: 3411694.595
[2,  1440] loss: 1361811.075
[2,  1460] loss: 3922157.824
[2,  1480] loss: 4675229.227
[2,  1500] loss: 2749300.223
[2,  1520] loss: 2438682.921
[2,  1540] loss: 2446693.569
[2,  1560] loss: 2911965.264
[2,  1580] loss: 5679415.833
[2,  1600] loss: 4632028.818
[2,  1620] loss: 3913885.055
[2,  1640] loss: 4228130.254
[2,  1660] loss: 1818169.273
[2,  1680] loss: 2270149.480
[2,  1700] loss: 2478189.705
[2,  1720] loss: 1155332.289
[2,  1740] loss: 1904283.018
[2,  1760] loss: 2232294.594
[2,  1780] loss: 2624559.289
[2,  1800] loss: 2408920.667
[2,  1820] loss: 4055301.625
[2,  1840] loss: 2421794.009
[2,  1860] loss: 2430935.226
[2,  1880] loss: 1495619.187
[2,  1900] loss: 2000848.332
[2,  1920] loss: 1894450.367
[2,  1940] loss: 3972957.034
[2,  1960] loss: 4367602.910
[2,  1980] loss: 1369746.736
[2,  2000] loss: 1971346.826
[2,  2020] loss: 3972369.837
[2,  2040] loss: 4522176.998
[2,  2060] loss: 2503472.273
[2,  2080] loss: 4475389.500
[2,  2100] loss: 1683922.310
[2,  2120] loss: 1751729.193
[2,  2140] loss: 1247729.742
[2,  2160] loss: 4790386.952
[2,  2180] loss: 1908852.463
[2,  2200] loss: 1881922.905
[2,  2220] loss: 1689622.282
[2,  2240] loss: 4039755.608
[2,  2260] loss: 2925192.984
[2,  2280] loss: 3018677.690
[2,  2300] loss: 2321909.178
[2,  2320] loss: 1554953.573
[2,  2340] loss: 1568898.562
[2,  2360] loss: 2243224.934
[2,  2380] loss: 5440288.154
[2,  2400] loss: 2338044.099
[2,  2420] loss: 1640856.123
[2,  2440] loss: 2710050.922
[2,  2460] loss: 1178998.511
[2,  2480] loss: 3103358.273
[2,  2500] loss: 1359867.390
[2,  2520] loss: 761109.750
[2,  2540] loss: 1173378.375
[2,  2560] loss: 1800918.223
[2,  2580] loss: 1095179.041
[2,  2600] loss: 2669683.440
[2,  2620] loss: 4691029.439
[2,  2640] loss: 1496057.518
[2,  2660] loss: 4130431.771
[2,  2680] loss: 2123914.207
[2,  2700] loss: 2370419.584
[2,  2720] loss: 1712841.471
[2,  2740] loss: 1486578.492
[2,  2760] loss: 1481803.713
[2,  2780] loss: 1654802.777
[2,  2800] loss: 1774653.152
[2,  2820] loss: 581209.969
[2,  2840] loss: 1810108.083
[2,  2860] loss: 2041985.827
[2,  2880] loss: 1299673.288
[2,  2900] loss: 3415421.943
[2,  2920] loss: 3538937.058
[2,  2940] loss: 3287716.361
[2,  2960] loss: 1496402.192
[2,  2980] loss: 989902.744
[2,  3000] loss: 2086027.157
[2,  3020] loss: 1946550.144
[2,  3040] loss: 2490678.210
[2,  3060] loss: 1077458.778
[2,  3080] loss: 1575928.864
[2,  3100] loss: 1371710.647
[2,  3120] loss: 1150537.715
[2,  3140] loss: 1434777.592
[2,  3160] loss: 1750073.573
[2,  3180] loss: 778660.781
[2,  3200] loss: 1242356.185
[2,  3220] loss: 2016196.533
[2,  3240] loss: 1698624.617
[2,  3260] loss: 2086219.856
[2,  3280] loss: 1019699.027
[2,  3300] loss: 684575.712
[2,  3320] loss: 640740.181
[2,  3340] loss: 2514103.411
[2,  3360] loss: 1446695.508
[2,  3380] loss: 1452924.368
[2,  3400] loss: 1928026.661
[2,  3420] loss: 1951384.685
[2,  3440] loss: 587672.032
[2,  3460] loss: 909515.625
[2,  3480] loss: 1047823.731
[2,  3500] loss: 1830319.884
[2,  3520] loss: 2067545.571
[2,  3540] loss: 3139019.612
[2,  3560] loss: 2278736.609
[2,  3580] loss: 3352948.238
[2,  3600] loss: 2093296.945
[2,  3620] loss: 2960832.164
[2,  3640] loss: 1290949.844
[2,  3660] loss: 1419332.448
[2,  3680] loss: 672477.004
[2,  3700] loss: 938706.184
[2,  3720] loss: 1150707.342
[2,  3740] loss: 1804918.921
[2,  3760] loss: 4142675.256
[2,  3780] loss: 1681628.874
[2,  3800] loss: 2181575.682
[2,  3820] loss: 1233178.957
[2,  3840] loss: 1707435.799
[2,  3860] loss: 864160.707
[2,  3880] loss: 644558.632
[2,  3900] loss: 1509270.368
[2,  3920] loss: 2741855.202
[2,  3940] loss: 3978222.867
[2,  3960] loss: 1767615.643
[2,  3980] loss: 1163417.840
[2,  4000] loss: 940487.253
[2,  4020] loss: 1610746.033
[2,  4040] loss: 1053998.938
[2,  4060] loss: 1012606.035
[2,  4080] loss: 756963.384
[2,  4100] loss: 589107.861
[2,  4120] loss: 796652.992
[2,  4140] loss: 338376.629
[2,  4160] loss: 602025.741
[2,  4180] loss: 776113.613
[2,  4200] loss: 1378712.267
[2,  4220] loss: 888293.840
[2,  4240] loss: 319771.831
[2,  4260] loss: 486405.958
[2,  4280] loss: 1006332.071
[2,  4300] loss: 796574.594
[2,  4320] loss: 845944.864
[2,  4340] loss: 344292.438
[2,  4360] loss: 827047.957
[2,  4380] loss: 542287.771
[2,  4400] loss: 341665.606
[2,  4420] loss: 437172.255
[2,  4440] loss: 716286.788
[2,  4460] loss: 963966.829
[2,  4480] loss: 3369656.925
[2,  4500] loss: 2084439.775
[2,  4520] loss: 2171298.881
[2,  4540] loss: 1698943.797
[2,  4560] loss: 1223146.357
[2,  4580] loss: 892649.048
[2,  4600] loss: 579110.561
[2,  4620] loss: 833879.529
[2,  4640] loss: 838975.873
[2,  4660] loss: 585134.521
[2,  4680] loss: 1222964.501
[2,  4700] loss: 2184616.809
[2,  4720] loss: 3012035.806
[2,  4740] loss: 1599681.491
[2,  4760] loss: 1336641.154
[2,  4780] loss: 1983790.345
[2,  4800] loss: 1587096.568
[2,  4820] loss: 777791.023
[2,  4840] loss: 1072116.938
[2,  4860] loss: 1823119.520
[2,  4880] loss: 1044329.465
[2,  4900] loss: 1289069.630
[2,  4920] loss: 1726353.154
[2,  4940] loss: 1382618.860
[2,  4960] loss: 1564123.033
[2,  4980] loss: 450831.421
[2,  5000] loss: 2166112.111
[2,  5020] loss: 2801333.260
[2,  5040] loss: 1397117.519
[2,  5060] loss: 3146917.299
[2,  5080] loss: 3945290.248
[2,  5100] loss: 807646.071
[2,  5120] loss: 622098.987
[2,  5140] loss: 306642.838
[2,  5160] loss: 538464.664
[2,  5180] loss: 1487659.568
[2,  5200] loss: 1784244.430
[2,  5220] loss: 1320808.763
[2,  5240] loss: 1867103.892
[2,  5260] loss: 1378153.316
[2,  5280] loss: 880652.847
[2,  5300] loss: 492355.585
[2,  5320] loss: 395095.906
[2,  5340] loss: 137327.177
[2,  5360] loss: 703411.696
[2,  5380] loss: 1134428.287
[2,  5400] loss: 2010813.658
[2,  5420] loss: 577736.695
[2,  5440] loss: 293692.533
[2,  5460] loss: 353592.252
[2,  5480] loss: 630711.561
[2,  5500] loss: 174248.863
[2,  5520] loss: 1280462.244
[2,  5540] loss: 2090410.720
[2,  5560] loss: 2024147.870
[2,  5580] loss: 1938038.854
[2,  5600] loss: 2619236.301
[2,  5620] loss: 1160572.670
[2,  5640] loss: 1239080.038
[2,  5660] loss: 357733.060
[2,  5680] loss: 440885.515
[2,  5700] loss: 153239.832
[2,  5720] loss: 208406.447
[2,  5740] loss: 1332313.484
[2,  5760] loss: 2185945.326
[2,  5780] loss: 1850855.401
[2,  5800] loss: 903191.811
[2,  5820] loss: 427743.979
[2,  5840] loss: 257151.425
[2,  5860] loss: 335388.814
[2,  5880] loss: 1053824.589
[2,  5900] loss: 1118074.851
[2,  5920] loss: 880457.716
[2,  5940] loss: 1503904.406
[2,  5960] loss: 848026.700
[2,  5980] loss: 440660.754
[2,  6000] loss: 315031.873
[2,  6020] loss: 257673.675
[2,  6040] loss: 421678.476
[2,  6060] loss: 218515.414
[2,  6080] loss: 321279.983
[2,  6100] loss: 196457.368
[2,  6120] loss: 1062795.053
[2,  6140] loss: 831045.401
[2,  6160] loss: 567666.992
[2,  6180] loss: 303947.577
[2,  6200] loss: 1243495.387
[2,  6220] loss: 587369.259
[2,  6240] loss: 379780.553
[2,  6260] loss: 138017.874
[2,  6280] loss: 1222549.916
[2,  6300] loss: 4750667.962
[2,  6320] loss: 6405282.611
[2,  6340] loss: 6658173.190
[2,  6360] loss: 7789437.013
[2,  6380] loss: 1183139.331
[2,  6400] loss: 265763.614
[2,  6420] loss: 498051.159
[2,  6440] loss: 731181.612
[2,  6460] loss: 986485.719
[2,  6480] loss: 165132.559
[2,  6500] loss: 159936.014
[2,  6520] loss: 179146.019
[2,  6540] loss: 171814.443
[2,  6560] loss: 477997.288
[2,  6580] loss: 170904.634
[2,  6600] loss: 134497.400
[2,  6620] loss: 385588.677
[2,  6640] loss: 197326.670
[2,  6660] loss: 157306.556
[2,  6680] loss: 143550.800
[2,  6700] loss: 174820.932
[2,  6720] loss: 136364.137
[2,  6740] loss: 268308.303
[2,  6760] loss: 137133.085
[2,  6780] loss: 402681.562
[2,  6800] loss: 513369.358
[2,  6820] loss: 335574.457
[2,  6840] loss: 279618.594
[2,  6860] loss: 207389.765
[2,  6880] loss: 206302.997
[2,  6900] loss: 155418.113
[2,  6920] loss: 165321.926
[2,  6940] loss: 185161.529
[2,  6960] loss: 100712.188
[2,  6980] loss: 109382.780
[2,  7000] loss: 226072.296
[2,  7020] loss: 87480.304
[2,  7040] loss: 92994.863
[2,  7060] loss: 174613.236
[2,  7080] loss: 242196.931
[2,  7100] loss: 1606438.737
[2,  7120] loss: 5805273.964
[2,  7140] loss: 2682758.613
[2,  7160] loss: 1637095.468
[2,  7180] loss: 931600.704
[2,  7200] loss: 583026.282
[2,  7220] loss: 274289.306
[2,  7240] loss: 503842.537
[2,  7260] loss: 1442431.138
[2,  7280] loss: 387561.171
[2,  7300] loss: 389533.616
[2,  7320] loss: 387010.222
[2,  7340] loss: 225860.545
[2,  7360] loss: 124013.051
[2,  7380] loss: 250491.007
[2,  7400] loss: 451762.018
[2,  7420] loss: 505346.122
[2,  7440] loss: 606209.194
[2,  7460] loss: 779604.349
[2,  7480] loss: 616915.398
[2,  7500] loss: 75756.146
[2,  7520] loss: 85572.580
[2,  7540] loss: 96768.451
[2,  7560] loss: 51931.170
[2,  7580] loss: 107889.921
[2,  7600] loss: 230465.322
[2,  7620] loss: 243451.930
[2,  7640] loss: 185676.500
[2,  7660] loss: 68259.857
[2,  7680] loss: 279462.994
[2,  7700] loss: 345841.683
[2,  7720] loss: 534867.074
[2,  7740] loss: 210990.096
[2,  7760] loss: 322137.375
[2,  7780] loss: 570013.823
[2,  7800] loss: 1526598.396
[2,  7820] loss: 412167.843
[2,  7840] loss: 231430.051
[2,  7860] loss: 234399.173
[2,  7880] loss: 172493.205
[2,  7900] loss: 54999.747
[2,  7920] loss: 108120.340
[2,  7940] loss: 253395.687
[2,  7960] loss: 257502.452
[2,  7980] loss: 229415.095
[2,  8000] loss: 258228.758
[2,  8020] loss: 215680.709
[2,  8040] loss: 65168.330
[2,  8060] loss: 113452.026
[2,  8080] loss: 70760.859
[2,  8100] loss: 107318.102
[2,  8120] loss: 247989.287
[2,  8140] loss: 294004.749
[2,  8160] loss: 206307.377
[2,  8180] loss: 227449.313
[2,  8200] loss: 157627.485
[2,  8220] loss: 274726.932
[2,  8240] loss: 146481.725
[2,  8260] loss: 238271.246
[2,  8280] loss: 210285.336
[2,  8300] loss: 169428.252
[2,  8320] loss: 164299.692
[2,  8340] loss: 212138.215
[2,  8360] loss: 209302.876
[2,  8380] loss: 127227.921
[2,  8400] loss: 122916.829
[2,  8420] loss: 100732.707
[2,  8440] loss: 100988.110
[2,  8460] loss: 97224.791
[2,  8480] loss: 76136.339
[2,  8500] loss: 103276.277
[2,  8520] loss: 68635.252
[2,  8540] loss: 131933.075
[2,  8560] loss: 83780.379
[2,  8580] loss: 130636.281
[2,  8600] loss: 60327.808
[2,  8620] loss: 38489.776
[2,  8640] loss: 122513.692
[2,  8660] loss: 109247.446
[2,  8680] loss: 106092.547
[2,  8700] loss: 127354.260
[2,  8720] loss: 95218.264
[2,  8740] loss: 131304.801
[2,  8760] loss: 81899.491
[2,  8780] loss: 105709.807
[2,  8800] loss: 103656.987
[2,  8820] loss: 162682.854
[2,  8840] loss: 1167957.473
[2,  8860] loss: 443993.188
[2,  8880] loss: 344909.827
[2,  8900] loss: 344355.622
[2,  8920] loss: 680389.857
[2,  8940] loss: 1117869.573
[2,  8960] loss: 3040137.325
[2,  8980] loss: 5591870.878
[2,  9000] loss: 22639143.166
[2,  9020] loss: 5174573710.491
[2,  9040] loss: 520937438936.400
[2,  9060] loss: 3011029099513.600
[2,  9080] loss: 8676521112243.200
[2,  9100] loss: 2948655012861.600
[2,  9120] loss: 181156531594.400
[2,  9140] loss: 62459697498.548
[2,  9160] loss: 5767803736.596
[2,  9180] loss: 2763631766.738
[2,  9200] loss: 1759472799.300
[2,  9220] loss: 1649188708.131
[2,  9240] loss: 886862937.165
[2,  9260] loss: 957386563.385
[2,  9280] loss: 714418841.344
[2,  9300] loss: 707337580.450
[2,  9320] loss: 762733252.958
[2,  9340] loss: 739456105.935
[2,  9360] loss: 1043313652.973
[2,  9380] loss: 713290625.400
[2,  9400] loss: 672691251.344
[2,  9420] loss: 649243539.625
[2,  9440] loss: 520366628.975
[2,  9460] loss: 1151901974.845
[2,  9480] loss: 450335733.837
[2,  9500] loss: 650419713.900
[2,  9520] loss: 485875956.050
[2,  9540] loss: 583993334.644
[2,  9560] loss: 757115832.268
[2,  9580] loss: 374848210.750
[2,  9600] loss: 356856519.875
[2,  9620] loss: 286745659.917
[2,  9640] loss: 407745740.411
[2,  9660] loss: 338608808.450
[2,  9680] loss: 225923014.834
[2,  9700] loss: 680957642.525
[2,  9720] loss: 345723732.464
[2,  9740] loss: 334855791.756
[2,  9760] loss: 471652301.800
[2,  9780] loss: 190634306.896
[2,  9800] loss: 520216863.337
[2,  9820] loss: 296039130.725
[2,  9840] loss: 410672907.459
[2,  9860] loss: 178987773.225
[2,  9880] loss: 260959907.650
[2,  9900] loss: 234102986.775
[2,  9920] loss: 240721070.513
[2,  9940] loss: 295977467.781
[2,  9960] loss: 262815867.358
[2,  9980] loss: 246786869.847
[2, 10000] loss: 114150403.399
[2, 10020] loss: 240578422.090
[2, 10040] loss: 207949539.541
[2, 10060] loss: 231771523.949
[2, 10080] loss: 217328160.419
[2, 10100] loss: 191577406.963
[2, 10120] loss: 132358833.732
[2, 10140] loss: 227933097.031
[2, 10160] loss: 174139344.815
[2, 10180] loss: 117135746.650
[2, 10200] loss: 190631853.540
[2, 10220] loss: 170102313.044
[2, 10240] loss: 260222742.182
[2, 10260] loss: 154715754.850
[2, 10280] loss: 117278337.253
[2, 10300] loss: 143986386.534
[2, 10320] loss: 210014700.223
[2, 10340] loss: 132226617.400
[2, 10360] loss: 151023810.069
[2, 10380] loss: 149195582.275
[2, 10400] loss: 192153939.850
[2, 10420] loss: 89182518.013
[2, 10440] loss: 209549061.478
[2, 10460] loss: 157827608.205
[2, 10480] loss: 203257580.575
[2, 10500] loss: 98114034.385
[2, 10520] loss: 155400561.584
[2, 10540] loss: 154150182.565
[2, 10560] loss: 99713749.395
[2, 10580] loss: 206033594.647
[2, 10600] loss: 91266129.701
[2, 10620] loss: 147427289.552
[2, 10640] loss: 118821174.812
[2, 10660] loss: 82452854.323
[2, 10680] loss: 101896348.925
[2, 10700] loss: 88127070.997
[2, 10720] loss: 68679915.694
[2, 10740] loss: 83515865.060
[2, 10760] loss: 31092816.620
[2, 10780] loss: 110612104.560
[2, 10800] loss: 112623600.451
[2, 10820] loss: 136802345.951
[2, 10840] loss: 118795744.537
[2, 10860] loss: 86220900.812
[2, 10880] loss: 75283056.735
[2, 10900] loss: 88825773.577
[2, 10920] loss: 81326973.209
[2, 10940] loss: 83213165.711
[2, 10960] loss: 119567198.923
[2, 10980] loss: 54636673.270
[2, 11000] loss: 39006488.107
[2, 11020] loss: 46907601.892
[2, 11040] loss: 72151764.806
[2, 11060] loss: 76651601.287
[2, 11080] loss: 109224124.135
[2, 11100] loss: 90939342.491
[2, 11120] loss: 60293091.788
[2, 11140] loss: 50595444.856
[2, 11160] loss: 70656294.935
[2, 11180] loss: 41828294.039
[2, 11200] loss: 84552594.021
[2, 11220] loss: 60447723.723
[2, 11240] loss: 87870590.289
[2, 11260] loss: 153934013.074
[2, 11280] loss: 70651172.215
[2, 11300] loss: 51142291.614
[2, 11320] loss: 54118991.788
[2, 11340] loss: 69700154.092
[2, 11360] loss: 60763321.932
[2, 11380] loss: 48120890.319
[2, 11400] loss: 109252615.145
[2, 11420] loss: 109510075.912
[2, 11440] loss: 57396630.483
[2, 11460] loss: 50663145.745
[2, 11480] loss: 46122651.249
[2, 11500] loss: 38500395.423
[2, 11520] loss: 41388325.663
[2, 11540] loss: 19993173.710
[2, 11560] loss: 46883342.697
[2, 11580] loss: 37655667.862
[2, 11600] loss: 27117334.027
[2, 11620] loss: 35197034.575
[2, 11640] loss: 50343707.409
[2, 11660] loss: 48462105.845
[2, 11680] loss: 83801295.662
[2, 11700] loss: 42649185.455
[2, 11720] loss: 61749521.931
[2, 11740] loss: 25722103.830
[2, 11760] loss: 33941572.832
[2, 11780] loss: 37596814.487
[2, 11800] loss: 31262274.802
[2, 11820] loss: 20008627.071
[2, 11840] loss: 50906666.744
[2, 11860] loss: 28299749.204
[2, 11880] loss: 21723432.227
[2, 11900] loss: 16985080.931
[2, 11920] loss: 79032592.560
[2, 11940] loss: 29435127.324
[2, 11960] loss: 38629401.967
[2, 11980] loss: 37730360.130
[2, 12000] loss: 28379157.206
[2, 12020] loss: 60803100.106
[2, 12040] loss: 28415979.438
[2, 12060] loss: 57320143.907
[2, 12080] loss: 45200667.815
[2, 12100] loss: 38161366.233
[2, 12120] loss: 41803746.447
[2, 12140] loss: 40324830.297
[2, 12160] loss: 37283555.200
[2, 12180] loss: 35438075.283
[2, 12200] loss: 43959550.858
[2, 12220] loss: 29098361.616
[2, 12240] loss: 39343081.182
[2, 12260] loss: 19687071.561
[2, 12280] loss: 48331962.126
[2, 12300] loss: 23298979.063
[2, 12320] loss: 24488197.577
[2, 12340] loss: 14331490.303
[2, 12360] loss: 26346660.029
[2, 12380] loss: 30242559.960
[2, 12400] loss: 12158708.923
[2, 12420] loss: 45652074.691
[2, 12440] loss: 19617092.955
[2, 12460] loss: 12817043.758
[2, 12480] loss: 20424130.129
[2, 12500] loss: 36295044.141
[2, 12520] loss: 19599941.822
[2, 12540] loss: 25737071.960
[2, 12560] loss: 23460614.733
[2, 12580] loss: 33440311.505
[2, 12600] loss: 25788703.940
[2, 12620] loss: 24704211.308
[2, 12640] loss: 26334914.424
[2, 12660] loss: 27574158.544
[2, 12680] loss: 20585852.197
[2, 12700] loss: 26435833.768
[2, 12720] loss: 15079458.722
[2, 12740] loss: 6607457.823
[2, 12760] loss: 15464202.531
[2, 12780] loss: 16752623.032
[2, 12800] loss: 24082696.071
[2, 12820] loss: 29614385.594
[2, 12840] loss: 12655978.882
[2, 12860] loss: 21240579.492
[2, 12880] loss: 6047459.047
[2, 12900] loss: 13193877.320
[2, 12920] loss: 14321318.698
[2, 12940] loss: 9275270.310
[2, 12960] loss: 20671612.218
[2, 12980] loss: 22186092.723
[2, 13000] loss: 17002357.250
[2, 13020] loss: 7005814.770
[2, 13040] loss: 4744220.388
[2, 13060] loss: 13356126.336
[2, 13080] loss: 9972691.073
[2, 13100] loss: 7452090.204
[2, 13120] loss: 16088251.360
[2, 13140] loss: 16092993.158
[2, 13160] loss: 15490664.981
[2, 13180] loss: 12553624.944
[2, 13200] loss: 9626866.160
[2, 13220] loss: 21777929.835
[2, 13240] loss: 13859911.418
[2, 13260] loss: 13281229.255
[2, 13280] loss: 14592097.650
[2, 13300] loss: 15374625.084
[2, 13320] loss: 14802625.970
[2, 13340] loss: 12135273.544
[2, 13360] loss: 11812793.565
[2, 13380] loss: 11534599.512
[2, 13400] loss: 7451451.879
[2, 13420] loss: 13891079.914
[2, 13440] loss: 11667467.519
[2, 13460] loss: 11770347.260
[2, 13480] loss: 9938515.731
[2, 13500] loss: 11833943.678
[2, 13520] loss: 17460079.279
[2, 13540] loss: 8098017.971
[2, 13560] loss: 9391397.694
[2, 13580] loss: 13200377.870
[2, 13600] loss: 10065247.827
[2, 13620] loss: 8135831.217
[2, 13640] loss: 11195365.952
[2, 13660] loss: 9451413.770
[2, 13680] loss: 11572121.156
[2, 13700] loss: 11387774.838
[2, 13720] loss: 5136771.370
[2, 13740] loss: 8556858.545
[2, 13760] loss: 7998625.744
[2, 13780] loss: 9560872.528
[2, 13800] loss: 7888198.328
[2, 13820] loss: 5749103.148
[2, 13840] loss: 6637618.766
[2, 13860] loss: 12180885.774
[2, 13880] loss: 8744056.044
[2, 13900] loss: 3983204.731
[2, 13920] loss: 6279319.158
[2, 13940] loss: 11457058.632
[2, 13960] loss: 9249923.159
[2, 13980] loss: 4539480.672
[2, 14000] loss: 5116633.601
[2, 14020] loss: 10242602.756
[2, 14040] loss: 7517307.207
[2, 14060] loss: 6545409.506
[2, 14080] loss: 8989118.299
[2, 14100] loss: 9393344.398
[2, 14120] loss: 8656861.859
[2, 14140] loss: 2553361.671
[2, 14160] loss: 8459016.339
[2, 14180] loss: 6403300.590
[2, 14200] loss: 8980215.313
[2, 14220] loss: 13227604.026
[2, 14240] loss: 7708060.516
[2, 14260] loss: 3511983.222
[2, 14280] loss: 2665829.872
[2, 14300] loss: 7231089.890
[2, 14320] loss: 5467240.880
[2, 14340] loss: 6652182.464
[2, 14360] loss: 6820512.175
[2, 14380] loss: 5669719.535
[2, 14400] loss: 4433461.422
[2, 14420] loss: 4579095.212
[2, 14440] loss: 5536651.376
[2, 14460] loss: 4615716.550
[2, 14480] loss: 3522156.619
[2, 14500] loss: 8838763.806
[2, 14520] loss: 6534956.379
[2, 14540] loss: 9846813.012
[2, 14560] loss: 9834122.405
[2, 14580] loss: 5578109.553
[2, 14600] loss: 7763825.016
[2, 14620] loss: 7968131.561
[2, 14640] loss: 6395457.729
[2, 14660] loss: 3607846.444
[2, 14680] loss: 6333112.431
[2, 14700] loss: 4465324.451
[2, 14720] loss: 9548603.998
[2, 14740] loss: 7689767.837
[2, 14760] loss: 7108206.940
[2, 14780] loss: 5870217.892
[2, 14800] loss: 2052018.866
[2, 14820] loss: 6490940.399
[2, 14840] loss: 5016012.333
[2, 14860] loss: 3813859.660
[2, 14880] loss: 3352653.433
[2, 14900] loss: 5930625.618
[2, 14920] loss: 2914430.585
[2, 14940] loss: 3313058.844
[2, 14960] loss: 10614756.032
[2, 14980] loss: 34551356.288
[2, 15000] loss: 27524222.980
[2, 15020] loss: 18186588.426
[2, 15040] loss: 13385855.951
[2, 15060] loss: 1542294.568
[2, 15080] loss: 3000249.015
[2, 15100] loss: 2594115.348
[2, 15120] loss: 10917876.039
[2, 15140] loss: 19436746.637
[2, 15160] loss: 21666466.758
[2, 15180] loss: 7067736.448
[2, 15200] loss: 3306768.173
[2, 15220] loss: 4033990.892
[2, 15240] loss: 4919836.212
[2, 15260] loss: 4311786.075
[2, 15280] loss: 5515636.492
[2, 15300] loss: 2242391.327
[2, 15320] loss: 3134970.264
[2, 15340] loss: 3132356.284
[2, 15360] loss: 8999783.632
[2, 15380] loss: 3136620.298
[2, 15400] loss: 4771210.608
[2, 15420] loss: 3890144.921
[2, 15440] loss: 4420148.051
[2, 15460] loss: 3426644.995
[2, 15480] loss: 2965228.394
[2, 15500] loss: 3460955.060
[2, 15520] loss: 1883171.554
[2, 15540] loss: 3394401.195
[2, 15560] loss: 2190069.266
[2, 15580] loss: 2569394.218
[2, 15600] loss: 3429661.503
[2, 15620] loss: 9694750.045
[2, 15640] loss: 6889049.027
[2, 15660] loss: 5473054.661
[2, 15680] loss: 2528690.268
[2, 15700] loss: 4554645.582
[2, 15720] loss: 4554556.179
[2, 15740] loss: 5530343.951
[2, 15760] loss: 1991368.115
[2, 15780] loss: 3605799.200
[2, 15800] loss: 7172232.348
[2, 15820] loss: 19589575.567
[2, 15840] loss: 28239754.357
[2, 15860] loss: 27749736.116
[2, 15880] loss: 10827725.314
[2, 15900] loss: 3605862.948
[2, 15920] loss: 1854644.190
[2, 15940] loss: 2100385.332
[2, 15960] loss: 4322566.338
[2, 15980] loss: 8108108.035
[2, 16000] loss: 2556105.125
[2, 16020] loss: 1821605.841
[2, 16040] loss: 2043854.709
[2, 16060] loss: 4285327.462
[2, 16080] loss: 8711103.202
[2, 16100] loss: 16254007.641
[2, 16120] loss: 50533853.112
[2, 16140] loss: 13078132.170
[2, 16160] loss: 2708473.313
[2, 16180] loss: 2621549.357
[2, 16200] loss: 2992581.066
[2, 16220] loss: 6404181.441
[2, 16240] loss: 3089593.362
[2, 16260] loss: 8171808.559
[2, 16280] loss: 20623122.306
[2, 16300] loss: 14303724.014
[2, 16320] loss: 53128829.453
[2, 16340] loss: 100168506.066
[2, 16360] loss: 12850941.147
[2, 16380] loss: 5659805.567
[2, 16400] loss: 8712284.423
[2, 16420] loss: 3694744.834
[2, 16440] loss: 3048728.054
[2, 16460] loss: 9709007.953
[2, 16480] loss: 16533939.070
[2, 16500] loss: 6971710.459
[2, 16520] loss: 4890287.046
[2, 16540] loss: 6422879.274
[2, 16560] loss: 8263941.382
[2, 16580] loss: 14179724.883
[2, 16600] loss: 6836738.560
[2, 16620] loss: 38683432.328
[2, 16640] loss: 23929601.241
[2, 16660] loss: 3834390.994
[2, 16680] loss: 3829692.991
[2, 16700] loss: 2600222.922
[2, 16720] loss: 1800204.372
[2, 16740] loss: 2154047.698
[2, 16760] loss: 2447038.565
[2, 16780] loss: 1994191.343
[2, 16800] loss: 1570395.033
[2, 16820] loss: 1082272.633
[2, 16840] loss: 1675199.535
[2, 16860] loss: 1764428.722
[2, 16880] loss: 1464323.591
[2, 16900] loss: 4189049.374
[2, 16920] loss: 4424774.642
[2, 16940] loss: 2118892.503
[2, 16960] loss: 1855587.314
[2, 16980] loss: 6658792.060
[2, 17000] loss: 6093135.420
[2, 17020] loss: 1770171.941
[2, 17040] loss: 3176531.855
[2, 17060] loss: 6621172.841
[2, 17080] loss: 1810585.867
[2, 17100] loss: 3963452.441
[2, 17120] loss: 8263811.057
[2, 17140] loss: 26115033.692
[2, 17160] loss: 9725580.462
[2, 17180] loss: 9146884.818
[2, 17200] loss: 19553132.625
[2, 17220] loss: 12018901.553
[2, 17240] loss: 52487039.929
[2, 17260] loss: 28682042.931
[2, 17280] loss: 13401109.407
[2, 17300] loss: 6455857.150
[2, 17320] loss: 4205473.129
[2, 17340] loss: 2322909.664
[2, 17360] loss: 2439263.465
[2, 17380] loss: 7118594.326
[2, 17400] loss: 4812485.516
[2, 17420] loss: 1203326.609
[2, 17440] loss: 3477456.453
[2, 17460] loss: 1823030.522
[2, 17480] loss: 1420852.781
[2, 17500] loss: 1401262.787
[2, 17520] loss: 1252886.426
[2, 17540] loss: 912000.390
[2, 17560] loss: 1856140.986
[2, 17580] loss: 1271107.757
[2, 17600] loss: 2290784.727
[2, 17620] loss: 1700758.730
[2, 17640] loss: 1957979.539
[2, 17660] loss: 1150203.154
[2, 17680] loss: 2634807.455
[2, 17700] loss: 5302989.670
[2, 17720] loss: 22657628.137
[2, 17740] loss: 16951753.366
[2, 17760] loss: 10308563.315
[2, 17780] loss: 11357086.260
[2, 17800] loss: 25668956.707
[2, 17820] loss: 18856545.093
[2, 17840] loss: 69593322.411
[2, 17860] loss: 347380280.169
[2, 17880] loss: 341229226.047
[2, 17900] loss: 652122367.612
[2, 17920] loss: 6014449878.269
[2, 17940] loss: 252223567216.400
[2, 17960] loss: 345407076988.200
[2, 17980] loss: 252997234508.800
[2, 18000] loss: 62804150905.952
[2, 18020] loss: 18917065360.000
[2, 18040] loss: 2310834434.080
[2, 18060] loss: 595340681.166
[2, 18080] loss: 355691781.325
[2, 18100] loss: 123234698.900
[2, 18120] loss: 94513724.650
[2, 18140] loss: 105196310.739
[2, 18160] loss: 55289362.397
[2, 18180] loss: 96257418.449
[2, 18200] loss: 64202511.220
[2, 18220] loss: 59727994.855
[2, 18240] loss: 45913164.978
[2, 18260] loss: 69818688.378
[2, 18280] loss: 48088890.222
[2, 18300] loss: 35004709.708
[2, 18320] loss: 42110990.261
[2, 18340] loss: 16572733.885
[2, 18360] loss: 19600684.682
[2, 18380] loss: 24091353.514
[2, 18400] loss: 21836823.373
[2, 18420] loss: 32458975.719
[2, 18440] loss: 23728751.438
[2, 18460] loss: 20371309.212
[2, 18480] loss: 16053134.951
[2, 18500] loss: 34367817.916
[2, 18520] loss: 28272169.902
[2, 18540] loss: 24220839.944
[2, 18560] loss: 25953100.994
[2, 18580] loss: 16319646.167
[2, 18600] loss: 22863147.956
[2, 18620] loss: 10100587.877
[2, 18640] loss: 17737530.703
[2, 18660] loss: 16294322.845
[2, 18680] loss: 25014854.956
[2, 18700] loss: 15235021.484
[2, 18720] loss: 20819039.110
[2, 18740] loss: 31592684.840
[2, 18760] loss: 20824167.160
[2, 18780] loss: 10554314.895
[2, 18800] loss: 11434868.022
[2, 18820] loss: 16481910.055
[2, 18840] loss: 16197743.395
[2, 18860] loss: 10129728.938
[2, 18880] loss: 8592899.126
[2, 18900] loss: 10149157.295
[2, 18920] loss: 16607865.259
[2, 18940] loss: 16297129.951
[2, 18960] loss: 12748106.228
[2, 18980] loss: 8258426.665
[2, 19000] loss: 5582607.759
[2, 19020] loss: 19128485.310
[2, 19040] loss: 12510561.612
[2, 19060] loss: 16284664.037
[2, 19080] loss: 4900642.167
[2, 19100] loss: 9916778.908
[2, 19120] loss: 14100535.067
[2, 19140] loss: 7922308.007
[2, 19160] loss: 7790043.622
[2, 19180] loss: 15069952.867
[2, 19200] loss: 9263340.195
[2, 19220] loss: 7310024.194
[2, 19240] loss: 10112994.316
[2, 19260] loss: 12031229.400
[2, 19280] loss: 5612942.595
[2, 19300] loss: 6897278.806
[2, 19320] loss: 4166083.632
[2, 19340] loss: 8570584.217
[2, 19360] loss: 4607862.338
[2, 19380] loss: 11962140.804
[2, 19400] loss: 4359095.230
[2, 19420] loss: 8263254.549
[2, 19440] loss: 6244477.771
[2, 19460] loss: 6008956.651
[2, 19480] loss: 5340055.653
[2, 19500] loss: 8582744.226
[2, 19520] loss: 7034359.919
[2, 19540] loss: 5961145.962
[2, 19560] loss: 3354161.977
[2, 19580] loss: 10355359.373
[2, 19600] loss: 5742524.354
[2, 19620] loss: 6585389.631
[2, 19640] loss: 8111975.758
[2, 19660] loss: 3988585.222
[2, 19680] loss: 5877064.110
[2, 19700] loss: 6090661.771
[2, 19720] loss: 6674713.837
[2, 19740] loss: 8152965.508
[2, 19760] loss: 4399160.334
[2, 19780] loss: 3633196.059
[2, 19800] loss: 3794806.597
[2, 19820] loss: 7951303.048
[2, 19840] loss: 4490364.821
[2, 19860] loss: 4000609.302
[2, 19880] loss: 5987404.619
[2, 19900] loss: 7720038.922
[2, 19920] loss: 5012265.752
[2, 19940] loss: 3968283.406
[2, 19960] loss: 7362968.047
[2, 19980] loss: 5610937.993
[2, 20000] loss: 5175242.345
[2, 20020] loss: 3618501.862
[2, 20040] loss: 3413171.594
[2, 20060] loss: 4124220.922
[2, 20080] loss: 5279716.602
[2, 20100] loss: 3382749.334
[2, 20120] loss: 3400107.905
[2, 20140] loss: 4583209.776
[2, 20160] loss: 2072088.404
[2, 20180] loss: 4409274.298
[2, 20200] loss: 4692989.369
[2, 20220] loss: 4152982.205
[2, 20240] loss: 3904343.958
[2, 20260] loss: 3676487.738
[2, 20280] loss: 2255244.691
[2, 20300] loss: 4170620.698
[2, 20320] loss: 5180763.012
[2, 20340] loss: 4970602.025
[2, 20360] loss: 2167989.315
[2, 20380] loss: 2788500.220
[2, 20400] loss: 3935152.788
[2, 20420] loss: 3933600.460
[2, 20440] loss: 2452404.541
[2, 20460] loss: 3502008.937
[2, 20480] loss: 2397833.095
[2, 20500] loss: 1803475.424
[2, 20520] loss: 3069741.693
[2, 20540] loss: 2383925.765
[2, 20560] loss: 3350923.494
[2, 20580] loss: 3797295.886
[2, 20600] loss: 5886100.170
[2, 20620] loss: 4233886.686
[2, 20640] loss: 1824439.747
[2, 20660] loss: 1815677.245
[2, 20680] loss: 2485821.888
[2, 20700] loss: 4831238.050
[2, 20720] loss: 3198173.150
[2, 20740] loss: 3414040.653
[2, 20760] loss: 4214072.181
[2, 20780] loss: 3087138.863
[2, 20800] loss: 2321842.265
[2, 20820] loss: 2194762.628
[2, 20840] loss: 1508939.541
[2, 20860] loss: 1695448.083
[2, 20880] loss: 1669210.261
[2, 20900] loss: 2911350.650
[2, 20920] loss: 2916638.574
[2, 20940] loss: 1551356.392
[2, 20960] loss: 2583011.007
[2, 20980] loss: 2474095.051
[2, 21000] loss: 903658.473
[2, 21020] loss: 2492395.417
[2, 21040] loss: 3317597.887
[2, 21060] loss: 1879275.111
[2, 21080] loss: 1206375.741
[2, 21100] loss: 1798017.227
[2, 21120] loss: 1251825.239
[2, 21140] loss: 1611057.108
[2, 21160] loss: 1159210.267
[2, 21180] loss: 1059380.684
[2, 21200] loss: 2266384.909
[2, 21220] loss: 2101802.835
[2, 21240] loss: 1531855.088
[2, 21260] loss: 1645732.190
[2, 21280] loss: 2429697.534
[2, 21300] loss: 3011776.524
[2, 21320] loss: 1682799.249
[2, 21340] loss: 1239307.130
[2, 21360] loss: 2016750.123
[2, 21380] loss: 417644.887
[2, 21400] loss: 1686181.037
[2, 21420] loss: 1732166.443
[2, 21440] loss: 1517989.372
[2, 21460] loss: 1923258.726
[2, 21480] loss: 1765481.583
[2, 21500] loss: 1640208.787
[2, 21520] loss: 2961513.299
[2, 21540] loss: 1449536.036
[2, 21560] loss: 2165049.748
[2, 21580] loss: 1785477.098
[2, 21600] loss: 2410582.604
[2, 21620] loss: 1054623.483
[2, 21640] loss: 2338204.509
[2, 21660] loss: 699172.919
[2, 21680] loss: 1038475.019
[2, 21700] loss: 2220413.189
[2, 21720] loss: 1596283.597
[2, 21740] loss: 2286898.344
[2, 21760] loss: 1125242.521
[2, 21780] loss: 1142636.932
[2, 21800] loss: 571686.460
[2, 21820] loss: 825496.515
[2, 21840] loss: 1087502.053
[2, 21860] loss: 989300.171
[2, 21880] loss: 1369042.983
[2, 21900] loss: 1610182.747
[2, 21920] loss: 1086120.184
[2, 21940] loss: 1061606.718
[2, 21960] loss: 778569.632
[2, 21980] loss: 1950419.207
[2, 22000] loss: 1014530.825
[2, 22020] loss: 1173032.044
[2, 22040] loss: 1463277.795
[2, 22060] loss: 604858.777
[2, 22080] loss: 767513.723
[2, 22100] loss: 1180079.018
[2, 22120] loss: 437735.670
[2, 22140] loss: 843754.063
[2, 22160] loss: 1642242.951
[2, 22180] loss: 864133.924
[2, 22200] loss: 1875314.218
[2, 22220] loss: 523483.614
[2, 22240] loss: 1029491.029
[2, 22260] loss: 792913.311
[2, 22280] loss: 1328759.799
[2, 22300] loss: 839561.180
[2, 22320] loss: 808586.739
[2, 22340] loss: 1052837.717
[2, 22360] loss: 552253.832
[2, 22380] loss: 1406985.020
[2, 22400] loss: 831380.331
[2, 22420] loss: 1005360.130
[2, 22440] loss: 892158.997
[2, 22460] loss: 521087.150
[2, 22480] loss: 708936.748
[2, 22500] loss: 580842.819
[2, 22520] loss: 620097.154
[2, 22540] loss: 746082.300
[2, 22560] loss: 522825.604
[2, 22580] loss: 655399.236
[2, 22600] loss: 739094.589
[2, 22620] loss: 1102390.721
[2, 22640] loss: 1028314.380
[2, 22660] loss: 1038551.256
[2, 22680] loss: 667798.574
[2, 22700] loss: 721528.308
[2, 22720] loss: 301391.306
[2, 22740] loss: 402731.419
[2, 22760] loss: 387303.300
[2, 22780] loss: 572460.465
[2, 22800] loss: 707227.065
[2, 22820] loss: 528803.093
[2, 22840] loss: 332442.913
[2, 22860] loss: 746558.948
[2, 22880] loss: 289167.007
[2, 22900] loss: 592463.667
[2, 22920] loss: 514440.503
[2, 22940] loss: 484615.625
[2, 22960] loss: 515501.715
[2, 22980] loss: 592244.980
[2, 23000] loss: 711089.183
[2, 23020] loss: 555523.911
[2, 23040] loss: 700645.658
[2, 23060] loss: 337696.875
[2, 23080] loss: 374570.194
[2, 23100] loss: 630046.401
[2, 23120] loss: 485602.633
[2, 23140] loss: 443184.386
[2, 23160] loss: 142829.819
[2, 23180] loss: 212031.441
[2, 23200] loss: 781113.471
[2, 23220] loss: 255369.646
[2, 23240] loss: 242413.791
[2, 23260] loss: 434296.598
[2, 23280] loss: 328992.319
[2, 23300] loss: 201575.005
[2, 23320] loss: 380412.499
[2, 23340] loss: 510579.084
[2, 23360] loss: 247670.870
[2, 23380] loss: 454641.439
[2, 23400] loss: 302734.557
[2, 23420] loss: 440390.756
[2, 23440] loss: 399151.933
[2, 23460] loss: 647930.406
[2, 23480] loss: 284166.137
[2, 23500] loss: 287576.452
[2, 23520] loss: 231828.207
[2, 23540] loss: 499828.787
[2, 23560] loss: 221457.378
[2, 23580] loss: 206959.162
[2, 23600] loss: 396873.339
[2, 23620] loss: 322358.268
[2, 23640] loss: 353655.034
[2, 23660] loss: 268859.664
[2, 23680] loss: 572857.194
[2, 23700] loss: 368171.763
[2, 23720] loss: 356656.409
[2, 23740] loss: 603969.887
[2, 23760] loss: 474399.057
[2, 23780] loss: 503950.062
[2, 23800] loss: 366683.030
[2, 23820] loss: 342736.667
[2, 23840] loss: 231759.812
[2, 23860] loss: 293339.893
[2, 23880] loss: 373298.495
[2, 23900] loss: 172402.814
[2, 23920] loss: 339590.545
[2, 23940] loss: 200322.783
[2, 23960] loss: 212347.732
[2, 23980] loss: 116299.509
[2, 24000] loss: 165512.925
[2, 24020] loss: 156360.008
[2, 24040] loss: 225160.172
[2, 24060] loss: 301210.672
[2, 24080] loss: 348497.080
[2, 24100] loss: 282505.188
[2, 24120] loss: 419960.061
[2, 24140] loss: 876033.179
[2, 24160] loss: 479387.676
[2, 24180] loss: 164508.973
[2, 24200] loss: 495369.003
[2, 24220] loss: 228003.829
[2, 24240] loss: 220149.156
[2, 24260] loss: 266761.590
[2, 24280] loss: 421481.071
[2, 24300] loss: 490363.150
[2, 24320] loss: 593509.335
[2, 24340] loss: 433115.590
[2, 24360] loss: 216391.906
[2, 24380] loss: 150658.732
[2, 24400] loss: 248518.438
[2, 24420] loss: 359301.361
[2, 24440] loss: 362644.201
[2, 24460] loss: 612417.220
[2, 24480] loss: 270648.696
[2, 24500] loss: 271279.814
[2, 24520] loss: 288153.506
[2, 24540] loss: 263751.108
[2, 24560] loss: 342523.573
[2, 24580] loss: 317053.224
[2, 24600] loss: 227119.084
[2, 24620] loss: 175691.968
[2, 24640] loss: 300176.535
[2, 24660] loss: 75840.568
[2, 24680] loss: 339558.055
[2, 24700] loss: 642484.880
[2, 24720] loss: 259185.807
[2, 24740] loss: 252977.062
[2, 24760] loss: 264808.355
[2, 24780] loss: 93109.736
[2, 24800] loss: 152021.746
[2, 24820] loss: 287344.943
[2, 24840] loss: 165579.134
[2, 24860] loss: 164187.312
[2, 24880] loss: 276972.292
[2, 24900] loss: 147756.332
[2, 24920] loss: 192715.298
[2, 24940] loss: 142257.432
[2, 24960] loss: 215859.642
[2, 24980] loss: 99483.904
[2, 25000] loss: 103155.164
[2, 25020] loss: 182579.191
[2, 25040] loss: 506131.941
[2, 25060] loss: 376653.656
[2, 25080] loss: 266973.529
[2, 25100] loss: 232224.476
[2, 25120] loss: 925122.591
[2, 25140] loss: 418103.755
[2, 25160] loss: 383888.068
[2, 25180] loss: 265600.954
[2, 25200] loss: 372728.642
[2, 25220] loss: 298944.506
[2, 25240] loss: 169319.045
[2, 25260] loss: 146936.883
[2, 25280] loss: 104830.708
[2, 25300] loss: 229810.116
[2, 25320] loss: 294407.390
[2, 25340] loss: 82843.216
[2, 25360] loss: 164015.186
[2, 25380] loss: 462108.518
[2, 25400] loss: 237101.058
[2, 25420] loss: 237335.316
[2, 25440] loss: 216840.506
[2, 25460] loss: 138650.547
[2, 25480] loss: 468122.315
[2, 25500] loss: 253547.160
[2, 25520] loss: 132742.374
[2, 25540] loss: 135696.349
[2, 25560] loss: 315912.298
[2, 25580] loss: 382668.476
[2, 25600] loss: 255534.436
[2, 25620] loss: 287393.279
[2, 25640] loss: 415000.394
[2, 25660] loss: 219356.733
[2, 25680] loss: 95838.615
[2, 25700] loss: 103789.708
[2, 25720] loss: 271396.660
[2, 25740] loss: 163918.302
[2, 25760] loss: 140883.069
[2, 25780] loss: 192493.905
[2, 25800] loss: 112608.910
[2, 25820] loss: 340976.956
[2, 25840] loss: 154957.201
[2, 25860] loss: 178229.720
[2, 25880] loss: 134085.608
[2, 25900] loss: 147616.526
[2, 25920] loss: 134005.029
[2, 25940] loss: 205624.694
[2, 25960] loss: 115536.650
[2, 25980] loss: 103063.684
[2, 26000] loss: 69348.148
[2, 26020] loss: 127648.786
[2, 26040] loss: 128808.920
[2, 26060] loss: 656757.995
[2, 26080] loss: 226873.641
[2, 26100] loss: 278320.749
[2, 26120] loss: 285076.727
[2, 26140] loss: 333338.415
[2, 26160] loss: 199527.997
[2, 26180] loss: 177432.202
[2, 26200] loss: 138252.155
[2, 26220] loss: 59740.655
[2, 26240] loss: 69811.181
[2, 26260] loss: 600691.604
[2, 26280] loss: 849906.327
[2, 26300] loss: 1898913.283
[2, 26320] loss: 217667.776
[2, 26340] loss: 232244.711
[2, 26360] loss: 202979.507
[2, 26380] loss: 226941.391
[2, 26400] loss: 166464.439
[2, 26420] loss: 108131.869
[2, 26440] loss: 105639.122
[2, 26460] loss: 104317.495
[2, 26480] loss: 99855.849
[2, 26500] loss: 53407.184
[2, 26520] loss: 54531.092
[2, 26540] loss: 79695.438
[2, 26560] loss: 122017.924
[2, 26580] loss: 193041.610
[2, 26600] loss: 109484.345
[2, 26620] loss: 74821.083
[2, 26640] loss: 116187.055
[2, 26660] loss: 74311.870
[2, 26680] loss: 50179.852
[2, 26700] loss: 173511.189
[2, 26720] loss: 225984.178
[2, 26740] loss: 102896.684
[2, 26760] loss: 141143.913
[2, 26780] loss: 78851.704
[2, 26800] loss: 114059.549
[2, 26820] loss: 180007.167
[2, 26840] loss: 244639.939
[2, 26860] loss: 153208.428
[2, 26880] loss: 129726.266
[2, 26900] loss: 94479.060
[2, 26920] loss: 144400.795
[2, 26940] loss: 76154.418
[2, 26960] loss: 121474.502
[2, 26980] loss: 364973.357
[2, 27000] loss: 1156215.599
[2, 27020] loss: 750689.089
[2, 27040] loss: 324497.902
[2, 27060] loss: 157410.587
[2, 27080] loss: 201042.183
[2, 27100] loss: 138498.653
[2, 27120] loss: 103407.164
[2, 27140] loss: 88634.437
[2, 27160] loss: 85834.497
[2, 27180] loss: 85625.307
[2, 27200] loss: 175949.326
[2, 27220] loss: 86975.944
[2, 27240] loss: 91061.919
[2, 27260] loss: 73346.324
[2, 27280] loss: 51841.636
[2, 27300] loss: 77737.561
[2, 27320] loss: 66795.671
[2, 27340] loss: 118760.078
[2, 27360] loss: 62211.689
[2, 27380] loss: 76487.425
[2, 27400] loss: 87513.261
[2, 27420] loss: 65205.483
[2, 27440] loss: 59233.588
[2, 27460] loss: 93917.179
[2, 27480] loss: 107824.668
[2, 27500] loss: 65983.617
[2, 27520] loss: 70123.421
[2, 27540] loss: 204436.556
[2, 27560] loss: 236253.774
[2, 27580] loss: 111708.885
[2, 27600] loss: 38843.810
[2, 27620] loss: 91920.853
[2, 27640] loss: 72406.751
[2, 27660] loss: 69686.005
[2, 27680] loss: 122194.424
[2, 27700] loss: 128181.264
[2, 27720] loss: 41547.761
[2, 27740] loss: 134365.420
[2, 27760] loss: 438339.448
[2, 27780] loss: 501485.528
[2, 27800] loss: 94168.673
[2, 27820] loss: 114169.310
[2, 27840] loss: 84582.031
[2, 27860] loss: 54866.534
[2, 27880] loss: 75263.810
[2, 27900] loss: 83973.959
[2, 27920] loss: 145376.370
[2, 27940] loss: 76647.010
[2, 27960] loss: 45507.663
[2, 27980] loss: 64300.848
[2, 28000] loss: 35835.910
[2, 28020] loss: 49563.951
[2, 28040] loss: 43604.340
[2, 28060] loss: 25498.363
[2, 28080] loss: 73641.478
[2, 28100] loss: 61105.290
[2, 28120] loss: 50658.356
[2, 28140] loss: 114026.341
[2, 28160] loss: 80054.261
[2, 28180] loss: 49575.301
[2, 28200] loss: 83483.054
[2, 28220] loss: 40306.100
[2, 28240] loss: 45052.695
[2, 28260] loss: 41978.147
[2, 28280] loss: 82958.968
[2, 28300] loss: 52387.058
[2, 28320] loss: 32158.588
[2, 28340] loss: 41730.199
[2, 28360] loss: 36913.926
[2, 28380] loss: 95286.722
[2, 28400] loss: 127932.714
[2, 28420] loss: 34781.759
[2, 28440] loss: 79589.095
[2, 28460] loss: 74651.474
[2, 28480] loss: 82093.394
[2, 28500] loss: 121922.379
[2, 28520] loss: 71532.523
[2, 28540] loss: 43984.058
[2, 28560] loss: 87701.162
[2, 28580] loss: 160700.952
[2, 28600] loss: 28251.901
[2, 28620] loss: 22943.532
[2, 28640] loss: 47145.063
[2, 28660] loss: 84904.071
[2, 28680] loss: 165512.369
[2, 28700] loss: 215988.532
[2, 28720] loss: 71612.182
[2, 28740] loss: 46173.266
[2, 28760] loss: 40121.146
[2, 28780] loss: 72648.981
[2, 28800] loss: 67491.556
[2, 28820] loss: 51966.800
[2, 28840] loss: 47877.037
[2, 28860] loss: 47815.418
[2, 28880] loss: 48135.064
[2, 28900] loss: 55399.869
[2, 28920] loss: 145001.016
[2, 28940] loss: 68706.642
[2, 28960] loss: 50696.898
[2, 28980] loss: 72075.220
[2, 29000] loss: 46275.560
[2, 29020] loss: 29131.639
[2, 29040] loss: 68017.594
[2, 29060] loss: 76177.890
[2, 29080] loss: 58305.122
[2, 29100] loss: 22181.409
[2, 29120] loss: 18333.938
[2, 29140] loss: 31869.544
[2, 29160] loss: 38524.610
[2, 29180] loss: 30571.414
[2, 29200] loss: 27666.251
[2, 29220] loss: 16686.702
[2, 29240] loss: 30788.770
[2, 29260] loss: 20065.531
[2, 29280] loss: 41651.183
[2, 29300] loss: 65346.593
[2, 29320] loss: 34799.774
[2, 29340] loss: 24290.276
[2, 29360] loss: 30987.524
[2, 29380] loss: 12968.693
[2, 29400] loss: 16348.863
[2, 29420] loss: 22437.927
[2, 29440] loss: 40755.596
[2, 29460] loss: 60249.624
[2, 29480] loss: 74874.350
[2, 29500] loss: 42786.876
[2, 29520] loss: 102240.949
[2, 29540] loss: 40357.980
[2, 29560] loss: 25978.282
[2, 29580] loss: 78789.649
[2, 29600] loss: 62459.240
[2, 29620] loss: 11267.661
[2, 29640] loss: 27579.921
[2, 29660] loss: 14055.585
[2, 29680] loss: 15404.334
[2, 29700] loss: 20367.560
[2, 29720] loss: 50133.649
[2, 29740] loss: 31909.392
[2, 29760] loss: 22751.173
[2, 29780] loss: 27148.564
[2, 29800] loss: 31061.534
[2, 29820] loss: 17576.524
[2, 29840] loss: 16277.181
[2, 29860] loss: 17239.385
[2, 29880] loss: 11137.007
[2, 29900] loss: 38210.072
[2, 29920] loss: 27632.141
[2, 29940] loss: 40764.613
[2, 29960] loss: 21338.935
[2, 29980] loss: 23000.982
[2, 30000] loss: 32042.073
[2, 30020] loss: 15749.816
[2, 30040] loss: 26974.818
[2, 30060] loss: 20407.280
[2, 30080] loss: 14363.478
[2, 30100] loss: 26284.348
[2, 30120] loss: 30495.155
[2, 30140] loss: 14238.849
[2, 30160] loss: 12033.289
[2, 30180] loss: 22865.509
[2, 30200] loss: 23856.151
[2, 30220] loss: 5461.813
[2, 30240] loss: 15001.965
[2, 30260] loss: 16381.016
[2, 30280] loss: 21090.272
[2, 30300] loss: 13938.495
[2, 30320] loss: 9794.023
[2, 30340] loss: 21973.032
[2, 30360] loss: 9414.196
[2, 30380] loss: 13478.506
[2, 30400] loss: 15048.750
[2, 30420] loss: 24225.855
[1,    20] loss: 17146.950
[1,    40] loss: 16531.612
[1,    60] loss: 15865.573
[1,    80] loss: 16910.342
[1,   100] loss: 15978.682
[1,   120] loss: 15785.044
[1,   140] loss: 15630.745
[1,   160] loss: 17081.884
[1,   180] loss: 18216.352
[1,   200] loss: 22007.404
[1,   220] loss: 20899.680
[1,   240] loss: 21328.465
[1,   260] loss: 22618.073
[1,   280] loss: 22368.439
[1,   300] loss: 23280.159
[1,   320] loss: 23976.093
[1,   340] loss: 25643.139
[1,   360] loss: 27555.059
[1,   380] loss: 28883.354
[1,   400] loss: 28021.079
[1,   420] loss: 27352.004
[1,   440] loss: 28937.687
[1,   460] loss: 29049.144
[1,   480] loss: 29100.623
[1,   500] loss: 29898.620
[1,   520] loss: 32206.885
[1,   540] loss: 34895.785
[1,   560] loss: 34715.131
[1,   580] loss: 34468.846
[1,   600] loss: 33415.788
[1,   620] loss: 32351.339
[1,   640] loss: 31835.390
[1,   660] loss: 31052.856
[1,   680] loss: 30527.798
[1,   700] loss: 30092.444
[1,   720] loss: 29714.850
[1,   740] loss: 29210.819
[1,   760] loss: 28709.517
[1,   780] loss: 28281.423
[1,   800] loss: 27915.797
[1,   820] loss: 27506.547
[1,   840] loss: 26924.757
[1,   860] loss: 26306.445
[1,   880] loss: 25724.336
[1,   900] loss: 25163.470
[1,   920] loss: 24621.038
[1,   940] loss: 24200.765
[1,   960] loss: 23905.329
[1,   980] loss: 23694.511
[1,  1000] loss: 23699.915
[1,  1020] loss: 23897.861
[1,  1040] loss: 23634.513
[1,  1060] loss: 23219.647
[1,  1080] loss: 22814.758
[1,  1100] loss: 22624.851
[1,  1120] loss: 22567.191
[1,  1140] loss: 22268.708
[1,  1160] loss: 21905.485
[1,  1180] loss: 21555.451
[1,  1200] loss: 21224.580
[1,  1220] loss: 21006.257
[1,  1240] loss: 21329.127
[1,  1260] loss: 21193.075
[1,  1280] loss: 20970.327
[1,  1300] loss: 20701.973
[1,  1320] loss: 20512.439
[1,  1340] loss: 20328.252
[1,  1360] loss: 20089.718
[1,  1380] loss: 19867.431
[1,  1400] loss: 19617.130
[1,  1420] loss: 19349.739
[1,  1440] loss: 19112.443
[1,  1460] loss: 18902.031
[1,  1480] loss: 18684.971
[1,  1500] loss: 18523.746
[1,  1520] loss: 18459.968
[1,  1540] loss: 18435.091
[1,  1560] loss: 18418.892
[1,  1580] loss: 18424.589
[1,  1600] loss: 18292.415
[1,  1620] loss: 18130.558
[1,  1640] loss: 17957.376
[1,  1660] loss: 17868.781
[1,  1680] loss: 17926.207
[1,  1700] loss: 18022.265
[1,  1720] loss: 17957.908
[1,  1740] loss: 17892.881
[1,  1760] loss: 17732.829
[1,  1780] loss: 17545.021
[1,  1800] loss: 17381.208
[1,  1820] loss: 17201.809
[1,  1840] loss: 17016.419
[1,  1860] loss: 16840.247
[1,  1880] loss: 16664.709
[1,  1900] loss: 16490.651
[1,  1920] loss: 16320.221
[1,  1940] loss: 16154.180
[1,  1960] loss: 15990.743
[1,  1980] loss: 15842.311
[1,  2000] loss: 15691.606
[1,  2020] loss: 15576.157
[1,  2040] loss: 15441.151
[1,  2060] loss: 15292.977
[1,  2080] loss: 15146.430
[1,  2100] loss: 15011.057
[1,  2120] loss: 14877.363
[1,  2140] loss: 14803.023
[1,  2160] loss: 14735.318
[1,  2180] loss: 14642.049
[1,  2200] loss: 14552.862
[1,  2220] loss: 14443.064
[1,  2240] loss: 14337.694
[1,  2260] loss: 14225.613
[1,  2280] loss: 14108.242
[1,  2300] loss: 13989.880
[1,  2320] loss: 13874.253
[1,  2340] loss: 13925.208
[1,  2360] loss: 14364.617
[1,  2380] loss: 14605.850
[1,  2400] loss: 14525.196
[1,  2420] loss: 14461.036
[1,  2440] loss: 14426.708
[1,  2460] loss: 14406.346
[1,  2480] loss: 14443.372
[1,  2500] loss: 14405.369
[1,  2520] loss: 14371.619
[1,  2540] loss: 14415.867
[1,  2560] loss: 14307.021
[1,  2580] loss: 14206.681
[1,  2600] loss: 14104.719
[1,  2620] loss: 13999.617
[1,  2640] loss: 13917.781
[1,  2660] loss: 13837.659
[1,  2680] loss: 13746.157
[1,  2700] loss: 13654.065
[1,  2720] loss: 13554.154
[1,  2740] loss: 13455.805
[1,  2760] loss: 13360.245
[1,  2780] loss: 13286.797
[1,  2800] loss: 13235.431
[1,  2820] loss: 13237.521
[1,  2840] loss: 13211.222
[1,  2860] loss: 13129.167
[1,  2880] loss: 13066.212
[1,  2900] loss: 13045.936
[1,  2920] loss: 13041.960
[1,  2940] loss: 12999.442
[1,  2960] loss: 12955.988
[1,  2980] loss: 12927.713
[1,  3000] loss: 12855.220
[1,  3020] loss: 12776.369
[1,  3040] loss: 12738.209
[1,  3060] loss: 12766.543
[1,  3080] loss: 12827.435
[1,  3100] loss: 12918.976
[1,  3120] loss: 12948.398
[1,  3140] loss: 12968.616
[1,  3160] loss: 12960.440
[1,  3180] loss: 12908.282
[1,  3200] loss: 12844.901
[1,  3220] loss: 12780.321
[1,  3240] loss: 12717.000
[1,  3260] loss: 12672.392
[1,  3280] loss: 12625.276
[1,  3300] loss: 12588.756
[1,  3320] loss: 12522.443
[1,  3340] loss: 12453.644
[1,  3360] loss: 12393.629
[2,    20] loss: 17146.950
[2,    40] loss: 16531.612
[2,    60] loss: 15865.573
[2,    80] loss: 16910.342
[2,   100] loss: 15978.682
[2,   120] loss: 15785.044
[2,   140] loss: 15630.745
[2,   160] loss: 17081.884
[2,   180] loss: 18216.352
[2,   200] loss: 22007.404
[2,   220] loss: 20899.680
[2,   240] loss: 21328.465
[2,   260] loss: 22618.073
[2,   280] loss: 22368.439
[2,   300] loss: 23280.159
[2,   320] loss: 23976.093
[2,   340] loss: 25643.139
[2,   360] loss: 27555.059
[2,   380] loss: 28883.354
[2,   400] loss: 28021.079
[2,   420] loss: 27352.004
[2,   440] loss: 28937.687
[2,   460] loss: 29049.144
[2,   480] loss: 29100.623
[2,   500] loss: 29898.620
[2,   520] loss: 32206.885
[2,   540] loss: 34895.785
[2,   560] loss: 34715.131
[2,   580] loss: 34468.846
[2,   600] loss: 33415.788
[2,   620] loss: 32351.339
[2,   640] loss: 31835.390
[2,   660] loss: 31052.856
[2,   680] loss: 30527.798
[2,   700] loss: 30092.444
[2,   720] loss: 29714.850
[2,   740] loss: 29210.819
[2,   760] loss: 28709.517
[2,   780] loss: 28281.423
[2,   800] loss: 27915.797
[2,   820] loss: 27506.547
[2,   840] loss: 26924.757
[2,   860] loss: 26306.445
[2,   880] loss: 25724.336
[2,   900] loss: 25163.470
[2,   920] loss: 24621.038
[2,   940] loss: 24200.765
[2,   960] loss: 23905.329
[2,   980] loss: 23694.511
[2,  1000] loss: 23699.915
[2,  1020] loss: 23897.861
[2,  1040] loss: 23634.513
[2,  1060] loss: 23219.647
[2,  1080] loss: 22814.758
[2,  1100] loss: 22624.851
[2,  1120] loss: 22567.191
[2,  1140] loss: 22268.708
[2,  1160] loss: 21905.485
[2,  1180] loss: 21555.451
[2,  1200] loss: 21224.580
[2,  1220] loss: 21006.257
[2,  1240] loss: 21329.127
[2,  1260] loss: 21193.075
[2,  1280] loss: 20970.327
[2,  1300] loss: 20701.973
[2,  1320] loss: 20512.439
[2,  1340] loss: 20328.252
[2,  1360] loss: 20089.718
[2,  1380] loss: 19867.431
[2,  1400] loss: 19617.130
[2,  1420] loss: 19349.739
[2,  1440] loss: 19112.443
[2,  1460] loss: 18902.031
[2,  1480] loss: 18684.971
[2,  1500] loss: 18523.746
[2,  1520] loss: 18459.968
[2,  1540] loss: 18435.091
[2,  1560] loss: 18418.892
[2,  1580] loss: 18424.589
[2,  1600] loss: 18292.415
[2,  1620] loss: 18130.558
[2,  1640] loss: 17957.376
[2,  1660] loss: 17868.781
[2,  1680] loss: 17926.207
[2,  1700] loss: 18022.265
[2,  1720] loss: 17957.908
[2,  1740] loss: 17892.881
[2,  1760] loss: 17732.829
[2,  1780] loss: 17545.021
[2,  1800] loss: 17381.208
[2,  1820] loss: 17201.809
[2,  1840] loss: 17016.419
[2,  1860] loss: 16840.247
[2,  1880] loss: 16664.709
[2,  1900] loss: 16490.651
[2,  1920] loss: 16320.221
[2,  1940] loss: 16154.180
[2,  1960] loss: 15990.743
[2,  1980] loss: 15842.311
[2,  2000] loss: 15691.606
[2,  2020] loss: 15576.157
[2,  2040] loss: 15441.151
[2,  2060] loss: 15292.977
[2,  2080] loss: 15146.430
[2,  2100] loss: 15011.057
[2,  2120] loss: 14877.363
[2,  2140] loss: 14803.023
[2,  2160] loss: 14735.318
[2,  2180] loss: 14642.049
[2,  2200] loss: 14552.862
[2,  2220] loss: 14443.064
[2,  2240] loss: 14337.694
[2,  2260] loss: 14225.613
[2,  2280] loss: 14108.242
[2,  2300] loss: 13989.880
[2,  2320] loss: 13874.253
[2,  2340] loss: 13925.208
[2,  2360] loss: 14364.617
[2,  2380] loss: 14605.850
[2,  2400] loss: 14525.196
[2,  2420] loss: 14461.036
[2,  2440] loss: 14426.708
[2,  2460] loss: 14406.346
[2,  2480] loss: 14443.372
[2,  2500] loss: 14405.369
[2,  2520] loss: 14371.619
[2,  2540] loss: 14415.867
[2,  2560] loss: 14307.021
[2,  2580] loss: 14206.681
[2,  2600] loss: 14104.719
[2,  2620] loss: 13999.617
[2,  2640] loss: 13917.781
[2,  2660] loss: 13837.659
[2,  2680] loss: 13746.157
[2,  2700] loss: 13654.065
[2,  2720] loss: 13554.154
[2,  2740] loss: 13455.805
[2,  2760] loss: 13360.245
[2,  2780] loss: 13286.797
[2,  2800] loss: 13235.431
[2,  2820] loss: 13237.521
[2,  2840] loss: 13211.222
[2,  2860] loss: 13129.167
[2,  2880] loss: 13066.212
[2,  2900] loss: 13045.936
[2,  2920] loss: 13041.960
[2,  2940] loss: 12999.442
[2,  2960] loss: 12955.988
[2,  2980] loss: 12927.713
[2,  3000] loss: 12855.220
[2,  3020] loss: 12776.369
[2,  3040] loss: 12738.209
[2,  3060] loss: 12766.543
[2,  3080] loss: 12827.435
[2,  3100] loss: 12918.976
[2,  3120] loss: 12948.398
[2,  3140] loss: 12968.616
[2,  3160] loss: 12960.440
[2,  3180] loss: 12908.282
[2,  3200] loss: 12844.901
[2,  3220] loss: 12780.321
[2,  3240] loss: 12717.000
[2,  3260] loss: 12672.392
[2,  3280] loss: 12625.276
[2,  3300] loss: 12588.756
[2,  3320] loss: 12522.443
[2,  3340] loss: 12453.644
[2,  3360] loss: 12393.629
