cuda:  3
color_space: RGB
batch_size: 1
num_epcochs: 2
learning_rate: 0.002
[1,    20] loss: 1.994
[1,    40] loss: 48.506
[1,    60] loss: 6.329
[1,    80] loss: 2.871
[1,   100] loss: 0.135
[1,   120] loss: 0.125
[1,   140] loss: 0.042
[1,   160] loss: 0.112
[1,   180] loss: 0.055
[1,   200] loss: 0.038
[1,   220] loss: 0.020
[1,   240] loss: 0.123
[1,   260] loss: 0.072
[1,   280] loss: 0.074
[1,   300] loss: 0.028
[1,   320] loss: 0.037
[1,   340] loss: 0.021
[1,   360] loss: 0.116
[1,   380] loss: 0.054
[1,   400] loss: 0.146
[1,   420] loss: 0.116
[1,   440] loss: 0.030
[1,   460] loss: 0.010
[1,   480] loss: 0.050
[1,   500] loss: 0.283
[1,   520] loss: 0.079
[1,   540] loss: 0.031
[1,   560] loss: 0.170
[1,   580] loss: 0.036
[1,   600] loss: 0.187
[1,   620] loss: 0.152
[1,   640] loss: 0.027
[1,   660] loss: 0.071
[1,   680] loss: 0.072
[1,   700] loss: 0.114
[1,   720] loss: 0.171
[1,   740] loss: 0.251
[1,   760] loss: 0.303
[1,   780] loss: 0.054
[1,   800] loss: 0.055
[1,   820] loss: 0.027
[1,   840] loss: 0.052
[1,   860] loss: 0.058
[1,   880] loss: 0.134
[1,   900] loss: 0.075
[1,   920] loss: 0.041
[1,   940] loss: 0.077
[1,   960] loss: 0.120
[1,   980] loss: 0.132
[1,  1000] loss: 0.082
[1,  1020] loss: 0.134
[1,  1040] loss: 0.041
[1,  1060] loss: 0.073
[1,  1080] loss: 0.029
[1,  1100] loss: 0.014
[1,  1120] loss: 0.158
[1,  1140] loss: 0.088
[1,  1160] loss: 0.014
[1,  1180] loss: 0.089
[1,  1200] loss: 0.057
[1,  1220] loss: 0.058
[1,  1240] loss: 0.039
[1,  1260] loss: 0.088
[1,  1280] loss: 0.062
[1,  1300] loss: 0.098
[1,  1320] loss: 0.066
[1,  1340] loss: 0.092
[1,  1360] loss: 0.220
[1,  1380] loss: 0.029
[1,  1400] loss: 0.149
[1,  1420] loss: 0.071
[1,  1440] loss: 0.057
[1,  1460] loss: 0.148
[1,  1480] loss: 0.133
[1,  1500] loss: 0.083
[1,  1520] loss: 0.153
[1,  1540] loss: 0.069
[1,  1560] loss: 0.046
[1,  1580] loss: 0.043
[1,  1600] loss: 0.061
[1,  1620] loss: 0.134
[1,  1640] loss: 0.148
[1,  1660] loss: 0.065
[1,  1680] loss: 0.081
[1,  1700] loss: 0.019
[1,  1720] loss: 0.158
[1,  1740] loss: 0.025
[1,  1760] loss: 0.107
[1,  1780] loss: 0.163
[1,  1800] loss: 0.179
[1,  1820] loss: 0.077
[1,  1840] loss: 0.078
[1,  1860] loss: 0.049
[1,  1880] loss: 0.021
[1,  1900] loss: 0.053
[1,  1920] loss: 0.046
[1,  1940] loss: 0.018
[1,  1960] loss: 0.097
[1,  1980] loss: 0.023
[1,  2000] loss: 0.061
[1,  2020] loss: 0.195
[1,  2040] loss: 0.071
[1,  2060] loss: 0.047
[1,  2080] loss: 0.192
[1,  2100] loss: 0.284
[1,  2120] loss: 0.058
[1,  2140] loss: 0.068
[1,  2160] loss: 0.066
[1,  2180] loss: 0.032
[1,  2200] loss: 0.020
[1,  2220] loss: 0.062
[1,  2240] loss: 0.169
[1,  2260] loss: 0.030
[1,  2280] loss: 0.039
[1,  2300] loss: 0.018
[1,  2320] loss: 0.031
[1,  2340] loss: 0.056
[1,  2360] loss: 0.063
[1,  2380] loss: 0.045
[1,  2400] loss: 0.138
[1,  2420] loss: 0.068
[1,  2440] loss: 0.062
[1,  2460] loss: 0.065
[1,  2480] loss: 0.137
[1,  2500] loss: 0.078
[1,  2520] loss: 0.065
[1,  2540] loss: 0.071
[1,  2560] loss: 0.045
[1,  2580] loss: 0.024
[1,  2600] loss: 0.041
[1,  2620] loss: 0.150
[1,  2640] loss: 0.046
[1,  2660] loss: 0.034
[1,  2680] loss: 0.208
[1,  2700] loss: 0.020
[1,  2720] loss: 0.048
[1,  2740] loss: 0.027
[1,  2760] loss: 0.040
[1,  2780] loss: 0.017
[1,  2800] loss: 0.018
[1,  2820] loss: 0.059
[1,  2840] loss: 0.033
[1,  2860] loss: 0.173
[1,  2880] loss: 0.031
[1,  2900] loss: 0.096
[1,  2920] loss: 0.029
[1,  2940] loss: 0.093
[1,  2960] loss: 0.089
[1,  2980] loss: 0.062
[1,  3000] loss: 0.127
[1,  3020] loss: 0.042
[1,  3040] loss: 0.017
[1,  3060] loss: 0.103
[1,  3080] loss: 0.246
[1,  3100] loss: 0.040
[1,  3120] loss: 0.363
[1,  3140] loss: 0.047
[1,  3160] loss: 0.029
[1,  3180] loss: 0.346
[1,  3200] loss: 0.050
[1,  3220] loss: 0.030
[1,  3240] loss: 0.158
[1,  3260] loss: 0.142
[1,  3280] loss: 0.052
[1,  3300] loss: 0.036
[1,  3320] loss: 0.204
[1,  3340] loss: 0.062
[1,  3360] loss: 0.077
[1,  3380] loss: 0.039
[1,  3400] loss: 0.041
[1,  3420] loss: 0.077
[1,  3440] loss: 0.019
[1,  3460] loss: 0.287
[1,  3480] loss: 0.162
[1,  3500] loss: 0.030
[1,  3520] loss: 0.028
[1,  3540] loss: 0.168
[1,  3560] loss: 0.092
[1,  3580] loss: 0.025
[1,  3600] loss: 0.027
[1,  3620] loss: 0.186
[1,  3640] loss: 0.028
[1,  3660] loss: 0.173
[1,  3680] loss: 0.077
[1,  3700] loss: 0.081
[1,  3720] loss: 0.065
[1,  3740] loss: 0.102
[1,  3760] loss: 0.109
[1,  3780] loss: 0.034
[1,  3800] loss: 0.028
[1,  3820] loss: 0.091
[1,  3840] loss: 0.030
[1,  3860] loss: 0.045
[1,  3880] loss: 0.048
[1,  3900] loss: 0.066
[1,  3920] loss: 0.021
[1,  3940] loss: 0.029
[1,  3960] loss: 0.091
[1,  3980] loss: 0.141
[1,  4000] loss: 0.149
[1,  4020] loss: 0.171
[1,  4040] loss: 0.076
[1,  4060] loss: 0.089
[1,  4080] loss: 0.098
[1,  4100] loss: 0.026
[1,  4120] loss: 0.082
[1,  4140] loss: 0.042
[1,  4160] loss: 0.023
[1,  4180] loss: 0.033
[1,  4200] loss: 0.086
[1,  4220] loss: 0.086
[1,  4240] loss: 0.082
[1,  4260] loss: 0.056
[1,  4280] loss: 0.119
[1,  4300] loss: 0.160
[1,  4320] loss: 0.047
[1,  4340] loss: 0.029
[1,  4360] loss: 0.064
[1,  4380] loss: 0.046
[1,  4400] loss: 0.053
[1,  4420] loss: 0.030
[1,  4440] loss: 0.114
[1,  4460] loss: 0.047
[1,  4480] loss: 0.024
[1,  4500] loss: 0.032
[1,  4520] loss: 0.030
[1,  4540] loss: 0.023
[1,  4560] loss: 0.091
[1,  4580] loss: 0.044
[1,  4600] loss: 0.060
[1,  4620] loss: 0.205
[1,  4640] loss: 0.152
[1,  4660] loss: 0.128
[1,  4680] loss: 0.017
[1,  4700] loss: 0.028
[1,  4720] loss: 0.213
[1,  4740] loss: 0.080
[1,  4760] loss: 0.241
[1,  4780] loss: 0.072
[1,  4800] loss: 0.030
[1,  4820] loss: 0.011
[1,  4840] loss: 0.061
[1,  4860] loss: 0.200
[1,  4880] loss: 0.125
[1,  4900] loss: 0.048
[1,  4920] loss: 0.107
[1,  4940] loss: 0.016
[1,  4960] loss: 0.046
[1,  4980] loss: 0.060
[1,  5000] loss: 0.045
[1,  5020] loss: 0.113
[1,  5040] loss: 0.054
[1,  5060] loss: 0.030
[1,  5080] loss: 0.038
[1,  5100] loss: 0.124
[1,  5120] loss: 0.020
[1,  5140] loss: 0.073
[1,  5160] loss: 0.086
[1,  5180] loss: 0.046
[1,  5200] loss: 0.172
[1,  5220] loss: 0.119
[1,  5240] loss: 0.041
[1,  5260] loss: 0.039
[1,  5280] loss: 0.020
[1,  5300] loss: 0.162
[1,  5320] loss: 0.051
[1,  5340] loss: 0.117
[1,  5360] loss: 0.118
[1,  5380] loss: 0.057
[1,  5400] loss: 0.162
[1,  5420] loss: 0.037
[1,  5440] loss: 0.164
[1,  5460] loss: 0.045
[1,  5480] loss: 0.078
[1,  5500] loss: 0.186
[1,  5520] loss: 0.099
[1,  5540] loss: 0.104
[1,  5560] loss: 0.128
[1,  5580] loss: 0.052
[1,  5600] loss: 0.102
[1,  5620] loss: 0.054
[1,  5640] loss: 0.009
[1,  5660] loss: 0.038
[1,  5680] loss: 0.076
[1,  5700] loss: 0.024
[1,  5720] loss: 0.029
[1,  5740] loss: 0.108
[1,  5760] loss: 0.076
[1,  5780] loss: 0.022
[1,  5800] loss: 0.036
[1,  5820] loss: 0.110
[1,  5840] loss: 0.196
[1,  5860] loss: 0.075
[1,  5880] loss: 0.033
[1,  5900] loss: 0.066
[1,  5920] loss: 0.059
[1,  5940] loss: 0.106
[1,  5960] loss: 0.066
[1,  5980] loss: 0.121
[1,  6000] loss: 0.107
[1,  6020] loss: 0.037
[1,  6040] loss: 0.040
[1,  6060] loss: 0.029
[1,  6080] loss: 0.030
[1,  6100] loss: 0.054
[1,  6120] loss: 0.046
[1,  6140] loss: 0.051
[1,  6160] loss: 0.108
[1,  6180] loss: 0.032
[1,  6200] loss: 0.066
[1,  6220] loss: 0.087
[1,  6240] loss: 0.036
[1,  6260] loss: 0.033
[1,  6280] loss: 0.017
[1,  6300] loss: 0.038
[1,  6320] loss: 0.054
[1,  6340] loss: 0.031
[1,  6360] loss: 0.137
[1,  6380] loss: 0.092
[1,  6400] loss: 0.109
[1,  6420] loss: 0.031
[1,  6440] loss: 0.039
[1,  6460] loss: 0.079
[1,  6480] loss: 0.029
[1,  6500] loss: 0.026
[1,  6520] loss: 0.048
[1,  6540] loss: 0.096
[1,  6560] loss: 0.069
[1,  6580] loss: 0.095
[1,  6600] loss: 0.148
[1,  6620] loss: 0.119
[1,  6640] loss: 0.037
[1,  6660] loss: 0.035
[1,  6680] loss: 0.261
[1,  6700] loss: 0.061
[1,  6720] loss: 0.041
[1,  6740] loss: 0.329
[1,  6760] loss: 0.126
[1,  6780] loss: 0.044
[1,  6800] loss: 0.039
[1,  6820] loss: 0.033
[1,  6840] loss: 0.072
[1,  6860] loss: 0.079
[1,  6880] loss: 0.062
[1,  6900] loss: 0.138
[1,  6920] loss: 0.157
[1,  6940] loss: 0.015
[1,  6960] loss: 0.040
[1,  6980] loss: 0.078
[1,  7000] loss: 0.074
[1,  7020] loss: 0.054
[1,  7040] loss: 0.010
[1,  7060] loss: 0.046
[1,  7080] loss: 0.202
[1,  7100] loss: 0.052
[1,  7120] loss: 0.061
[1,  7140] loss: 0.229
[1,  7160] loss: 1132982.412
[1,  7180] loss: 11579360737.215
[1,  7200] loss: 152276891307.913
[1,  7220] loss: 14191787978.200
[1,  7240] loss: 423321145.528
[1,  7260] loss: 106059150.706
[1,  7280] loss: 50743106.733
[1,  7300] loss: 19456621.788
[1,  7320] loss: 27638210.242
[1,  7340] loss: 20541634.597
[1,  7360] loss: 14575846.837
[1,  7380] loss: 16408325.608
[1,  7400] loss: 13431342.134
[1,  7420] loss: 10379140.723
[1,  7440] loss: 12390866.069
[1,  7460] loss: 6822928.442
[1,  7480] loss: 10832042.104
[1,  7500] loss: 8295081.405
[1,  7520] loss: 5657201.110
[1,  7540] loss: 4616463.917
[1,  7560] loss: 8821019.027
[1,  7580] loss: 5350088.379
[1,  7600] loss: 5534506.369
[1,  7620] loss: 3056337.097
[1,  7640] loss: 6098994.269
[1,  7660] loss: 5094325.084
[1,  7680] loss: 5570056.307
[1,  7700] loss: 3356047.347
[1,  7720] loss: 5366186.320
[1,  7740] loss: 3690003.385
[1,  7760] loss: 6272431.472
[1,  7780] loss: 5916536.970
[1,  7800] loss: 4983170.021
[1,  7820] loss: 4608095.265
[1,  7840] loss: 6288003.976
[1,  7860] loss: 1451311.093
[1,  7880] loss: 2144904.405
[1,  7900] loss: 3750168.352
[1,  7920] loss: 1754732.045
[1,  7940] loss: 2536994.013
[1,  7960] loss: 2464760.725
[1,  7980] loss: 2275278.833
[1,  8000] loss: 2438538.964
[1,  8020] loss: 4005945.652
[1,  8040] loss: 2298255.246
[1,  8060] loss: 2541345.692
[1,  8080] loss: 1071004.654
[1,  8100] loss: 3129186.661
[1,  8120] loss: 2521271.012
[1,  8140] loss: 2081975.872
[1,  8160] loss: 1456251.014
[1,  8180] loss: 3739167.554
[1,  8200] loss: 1298103.759
[1,  8220] loss: 2282326.359
[1,  8240] loss: 1450777.720
[1,  8260] loss: 2271467.122
[1,  8280] loss: 1590829.743
[1,  8300] loss: 1491102.017
[1,  8320] loss: 1392307.747
[1,  8340] loss: 1699821.942
[1,  8360] loss: 1697359.525
[1,  8380] loss: 958164.377
[1,  8400] loss: 2855775.013
[1,  8420] loss: 1113627.631
[1,  8440] loss: 1120369.398
[1,  8460] loss: 2977520.377
[1,  8480] loss: 1635189.062
[1,  8500] loss: 1309522.652
[1,  8520] loss: 1498361.087
[1,  8540] loss: 1556259.156
[1,  8560] loss: 1089273.697
[1,  8580] loss: 714482.744
[1,  8600] loss: 1139036.122
[1,  8620] loss: 879834.165
[1,  8640] loss: 961903.189
[1,  8660] loss: 893191.285
[1,  8680] loss: 958080.571
[1,  8700] loss: 974894.703
[1,  8720] loss: 1025735.687
[1,  8740] loss: 1093026.721
[1,  8760] loss: 905611.204
[1,  8780] loss: 1506809.937
[1,  8800] loss: 815200.781
[1,  8820] loss: 955329.428
[1,  8840] loss: 1303280.964
[1,  8860] loss: 882961.690
[1,  8880] loss: 853328.285
[1,  8900] loss: 649004.419
[1,  8920] loss: 344539.303
[1,  8940] loss: 782988.288
[1,  8960] loss: 681387.485
[1,  8980] loss: 1000020.373
[1,  9000] loss: 608444.152
[1,  9020] loss: 466561.452
[1,  9040] loss: 525354.477
[1,  9060] loss: 736815.933
[1,  9080] loss: 634221.516
[1,  9100] loss: 937775.206
[1,  9120] loss: 430033.701
[1,  9140] loss: 517420.764
[1,  9160] loss: 309634.138
[1,  9180] loss: 609047.733
[1,  9200] loss: 411954.374
[1,  9220] loss: 195666.409
[1,  9240] loss: 262178.169
[1,  9260] loss: 473941.193
[1,  9280] loss: 437103.800
[1,  9300] loss: 378211.885
[1,  9320] loss: 504543.290
[1,  9340] loss: 537721.444
[1,  9360] loss: 439348.136
[1,  9380] loss: 271205.203
[1,  9400] loss: 435555.977
[1,  9420] loss: 407296.685
[1,  9440] loss: 225423.734
[1,  9460] loss: 536554.250
[1,  9480] loss: 335158.971
[1,  9500] loss: 418357.420
[1,  9520] loss: 408343.692
[1,  9540] loss: 248757.558
[1,  9560] loss: 398321.042
[1,  9580] loss: 430301.770
[1,  9600] loss: 396168.923
[1,  9620] loss: 487982.132
[1,  9640] loss: 194529.607
[1,  9660] loss: 430193.089
[1,  9680] loss: 304543.625
[1,  9700] loss: 372768.171
[1,  9720] loss: 172007.676
[1,  9740] loss: 317196.492
[1,  9760] loss: 455818.901
[1,  9780] loss: 336177.683
[1,  9800] loss: 545325.287
[1,  9820] loss: 404890.852
[1,  9840] loss: 204036.142
[1,  9860] loss: 390640.232
[1,  9880] loss: 567638.226
[1,  9900] loss: 318805.685
[1,  9920] loss: 290715.339
[1,  9940] loss: 211419.134
[1,  9960] loss: 243747.098
[1,  9980] loss: 210369.722
[1, 10000] loss: 353633.618
[1, 10020] loss: 264845.459
[1, 10040] loss: 196205.207
[1, 10060] loss: 373226.661
[1, 10080] loss: 171913.020
[1, 10100] loss: 180628.314
[1, 10120] loss: 224669.890
[1, 10140] loss: 196551.778
[1, 10160] loss: 293164.499
[1, 10180] loss: 240881.193
[1, 10200] loss: 344231.082
[1, 10220] loss: 267691.859
[1, 10240] loss: 262610.299
[1, 10260] loss: 76976.686
[1, 10280] loss: 239798.307
[1, 10300] loss: 232374.696
[1, 10320] loss: 133180.595
[1, 10340] loss: 153126.500
[1, 10360] loss: 213038.622
[1, 10380] loss: 128950.743
[1, 10400] loss: 75371.881
[1, 10420] loss: 85078.122
[1, 10440] loss: 100382.485
[1, 10460] loss: 193175.486
[1, 10480] loss: 152822.925
[1, 10500] loss: 199701.678
[1, 10520] loss: 184833.288
[1, 10540] loss: 256081.624
[1, 10560] loss: 132648.060
[1, 10580] loss: 92326.133
[1, 10600] loss: 91784.988
[1, 10620] loss: 42575.684
[1, 10640] loss: 118656.954
[1, 10660] loss: 135146.017
[1, 10680] loss: 155927.571
[1, 10700] loss: 108155.833
[1, 10720] loss: 192010.037
[1, 10740] loss: 107229.944
[1, 10760] loss: 151910.292
[1, 10780] loss: 100081.682
[1, 10800] loss: 201472.509
[1, 10820] loss: 82179.310
[1, 10840] loss: 169353.093
[1, 10860] loss: 128537.061
[1, 10880] loss: 72615.289
[1, 10900] loss: 119732.945
[1, 10920] loss: 144859.172
[1, 10940] loss: 74848.405
[1, 10960] loss: 137440.846
[1, 10980] loss: 76462.708
[1, 11000] loss: 113575.970
[1, 11020] loss: 174097.783
[1, 11040] loss: 105866.120
[1, 11060] loss: 94862.349
[1, 11080] loss: 103676.697
[1, 11100] loss: 90996.398
[1, 11120] loss: 111365.402
[1, 11140] loss: 73663.401
[1, 11160] loss: 110523.370
[1, 11180] loss: 215163.774
[1, 11200] loss: 146814.455
[1, 11220] loss: 94111.801
[1, 11240] loss: 135681.871
[1, 11260] loss: 180671.273
[1, 11280] loss: 135566.053
[1, 11300] loss: 116730.376
[1, 11320] loss: 81510.578
[1, 11340] loss: 96279.471
[1, 11360] loss: 75389.755
[1, 11380] loss: 69307.138
[1, 11400] loss: 93630.026
[1, 11420] loss: 75768.328
[1, 11440] loss: 124778.198
[1, 11460] loss: 39059.818
[1, 11480] loss: 60161.485
[1, 11500] loss: 74757.995
[1, 11520] loss: 58171.162
[1, 11540] loss: 67950.380
[1, 11560] loss: 39225.390
[1, 11580] loss: 120840.538
[1, 11600] loss: 91473.333
[1, 11620] loss: 84972.581
[1, 11640] loss: 63738.334
[1, 11660] loss: 78202.266
[1, 11680] loss: 81285.550
[1, 11700] loss: 78922.501
[1, 11720] loss: 73109.925
[1, 11740] loss: 38952.081
[1, 11760] loss: 40980.070
[1, 11780] loss: 38971.539
[1, 11800] loss: 48101.160
[1, 11820] loss: 66247.528
[1, 11840] loss: 58194.770
[1, 11860] loss: 44995.666
[1, 11880] loss: 58038.071
[1, 11900] loss: 35354.766
[1, 11920] loss: 45755.887
[1, 11940] loss: 85995.147
[1, 11960] loss: 72076.036
[1, 11980] loss: 35639.271
[1, 12000] loss: 20048.561
[1, 12020] loss: 89921.975
[1, 12040] loss: 55454.696
[1, 12060] loss: 18366.936
[1, 12080] loss: 55023.356
[1, 12100] loss: 30212.562
[1, 12120] loss: 51735.968
[1, 12140] loss: 34973.217
[1, 12160] loss: 34417.860
[1, 12180] loss: 56184.375
[1, 12200] loss: 58615.271
[1, 12220] loss: 55031.365
[1, 12240] loss: 46885.303
[1, 12260] loss: 60708.189
[1, 12280] loss: 137873.544
[1, 12300] loss: 44207.429
[1, 12320] loss: 47131.752
[1, 12340] loss: 40064.853
[1, 12360] loss: 115601.348
[1, 12380] loss: 84533.943
[1, 12400] loss: 30589.245
[1, 12420] loss: 42122.938
[1, 12440] loss: 104257.706
[1, 12460] loss: 101575.466
[1, 12480] loss: 98580.244
[1, 12500] loss: 31638.973
[1, 12520] loss: 54186.824
[1, 12540] loss: 35303.017
[1, 12560] loss: 60724.132
[1, 12580] loss: 51011.850
[1, 12600] loss: 17993.993
[1, 12620] loss: 38100.173
[1, 12640] loss: 26795.604
[1, 12660] loss: 33758.183
[1, 12680] loss: 34876.521
[1, 12700] loss: 31603.873
[1, 12720] loss: 20703.092
[1, 12740] loss: 43716.708
[1, 12760] loss: 47323.723
[1, 12780] loss: 31107.076
[1, 12800] loss: 33924.845
[1, 12820] loss: 67226.490
[1, 12840] loss: 55318.085
[1, 12860] loss: 39253.744
[1, 12880] loss: 58059.537
[1, 12900] loss: 29731.149
[1, 12920] loss: 32135.202
[1, 12940] loss: 41413.011
[1, 12960] loss: 65640.022
[1, 12980] loss: 40243.140
[1, 13000] loss: 44758.695
[1, 13020] loss: 46027.495
[1, 13040] loss: 26565.119
[1, 13060] loss: 60413.718
[1, 13080] loss: 56965.933
[1, 13100] loss: 28452.578
[1, 13120] loss: 100274.660
[1, 13140] loss: 40118.969
[1, 13160] loss: 113095.863
[1, 13180] loss: 49242.164
[1, 13200] loss: 27228.984
[1, 13220] loss: 78907.165
[1, 13240] loss: 57435.315
[1, 13260] loss: 25804.309
[1, 13280] loss: 45613.627
[1, 13300] loss: 110424.355
[1, 13320] loss: 42147.829
[1, 13340] loss: 46378.677
[1, 13360] loss: 30604.470
[1, 13380] loss: 73230.823
[1, 13400] loss: 31576.308
[1, 13420] loss: 16164.992
[1, 13440] loss: 18600.173
[1, 13460] loss: 20539.530
[1, 13480] loss: 30441.192
[1, 13500] loss: 10901.653
[1, 13520] loss: 26444.221
[1, 13540] loss: 28488.279
[1, 13560] loss: 28760.840
[1, 13580] loss: 33286.938
[1, 13600] loss: 26608.022
[1, 13620] loss: 31295.198
[1, 13640] loss: 32336.561
[1, 13660] loss: 57246.847
[1, 13680] loss: 56798.539
[1, 13700] loss: 20715.432
[1, 13720] loss: 36646.731
[1, 13740] loss: 68651.109
[1, 13760] loss: 22832.834
[1, 13780] loss: 136153.249
[1, 13800] loss: 76357.202
[1, 13820] loss: 70744.652
[1, 13840] loss: 23157.026
[1, 13860] loss: 26207.744
[1, 13880] loss: 34828.741
[1, 13900] loss: 42380.973
[1, 13920] loss: 26753.465
[1, 13940] loss: 8843.030
[1, 13960] loss: 44117.408
[1, 13980] loss: 107116.170
[1, 14000] loss: 32062.342
[1, 14020] loss: 33883.274
[1, 14040] loss: 37456.901
[1, 14060] loss: 119915.147
[1, 14080] loss: 82729.062
[1, 14100] loss: 47579.694
[1, 14120] loss: 54274.350
[1, 14140] loss: 46380.550
[1, 14160] loss: 62867.885
[1, 14180] loss: 58956.378
[1, 14200] loss: 49672.790
[1, 14220] loss: 22775.822
[1, 14240] loss: 105620.447
[1, 14260] loss: 62693.466
[1, 14280] loss: 12421.958
[1, 14300] loss: 37730.479
[1, 14320] loss: 36326.816
[1, 14340] loss: 34354.802
[1, 14360] loss: 66349.669
[1, 14380] loss: 76013.453
[1, 14400] loss: 32061.548
[1, 14420] loss: 22578.239
[1, 14440] loss: 19573.728
[1, 14460] loss: 10378.271
[1, 14480] loss: 13995.002
[1, 14500] loss: 23783.658
[1, 14520] loss: 21914.511
[1, 14540] loss: 16967.118
[1, 14560] loss: 24672.746
[1, 14580] loss: 20306.227
[1, 14600] loss: 11894.231
[1, 14620] loss: 15984.153
[1, 14640] loss: 14851.565
[1, 14660] loss: 21340.090
[1, 14680] loss: 26346.798
[1, 14700] loss: 9699.750
[1, 14720] loss: 14996.457
[1, 14740] loss: 27272.597
[1, 14760] loss: 26756.593
[1, 14780] loss: 36389.806
[1, 14800] loss: 35767.169
[1, 14820] loss: 38036.886
[1, 14840] loss: 17340.425
[1, 14860] loss: 32177.385
[1, 14880] loss: 45870.460
[1, 14900] loss: 28466.375
[1, 14920] loss: 18181.992
[1, 14940] loss: 42054.192
[1, 14960] loss: 46635.916
[1, 14980] loss: 59496.036
[1, 15000] loss: 72110.410
[1, 15020] loss: 28187.481
[1, 15040] loss: 20457.739
[1, 15060] loss: 27198.896
[1, 15080] loss: 21958.275
[1, 15100] loss: 19829.674
[1, 15120] loss: 11068.982
[1, 15140] loss: 42135.376
[1, 15160] loss: 37655.352
[1, 15180] loss: 77986.633
[1, 15200] loss: 84472.841
[1, 15220] loss: 33029.661
[1, 15240] loss: 74610.591
[1, 15260] loss: 6946.503
[1, 15280] loss: 17994.805
[1, 15300] loss: 22144.344
[1, 15320] loss: 32642.976
[1, 15340] loss: 17458.954
[1, 15360] loss: 10343.918
[1, 15380] loss: 13421.901
[1, 15400] loss: 16749.281
[1, 15420] loss: 13433.324
[1, 15440] loss: 24562.663
[1, 15460] loss: 19791.889
[1, 15480] loss: 21252.502
[1, 15500] loss: 11180.842
[1, 15520] loss: 11307.798
[1, 15540] loss: 17325.512
[1, 15560] loss: 22169.720
[1, 15580] loss: 22081.814
[1, 15600] loss: 25071.646
[1, 15620] loss: 73153.752
[1, 15640] loss: 18809.330
[1, 15660] loss: 48585.846
[1, 15680] loss: 260848.360
[1, 15700] loss: 170580.060
[1, 15720] loss: 373619.007
[1, 15740] loss: 49209.922
[1, 15760] loss: 44256.415
[1, 15780] loss: 69903.149
[1, 15800] loss: 33048.213
[1, 15820] loss: 53064.986
[1, 15840] loss: 62092.353
[1, 15860] loss: 32182.508
[1, 15880] loss: 50926.081
[1, 15900] loss: 17550.857
[1, 15920] loss: 152644.531
[1, 15940] loss: 111549.346
[1, 15960] loss: 80364.882
[1, 15980] loss: 37864.352
[1, 16000] loss: 62636.159
[1, 16020] loss: 98452.308
[1, 16040] loss: 110337.176
[1, 16060] loss: 119725.489
[1, 16080] loss: 69402.433
[1, 16100] loss: 31568.150
[1, 16120] loss: 12478.841
[1, 16140] loss: 29324.232
[1, 16160] loss: 49413.715
[1, 16180] loss: 13943.481
[1, 16200] loss: 11175.180
[1, 16220] loss: 7142.549
[1, 16240] loss: 8079.863
[1, 16260] loss: 3674.946
[1, 16280] loss: 13526.687
[1, 16300] loss: 11087.202
[1, 16320] loss: 6976.182
[1, 16340] loss: 12776.998
[1, 16360] loss: 4240.967
[1, 16380] loss: 13258.725
[1, 16400] loss: 7413.970
[1, 16420] loss: 4354.204
[1, 16440] loss: 6878.096
[1, 16460] loss: 6038.636
[1, 16480] loss: 5672.449
[1, 16500] loss: 14277.399
[1, 16520] loss: 6393.622
[1, 16540] loss: 4846.629
[1, 16560] loss: 8639.426
[1, 16580] loss: 7662.672
[1, 16600] loss: 6875.962
[1, 16620] loss: 9880.114
[1, 16640] loss: 7999.851
[1, 16660] loss: 4437.476
[1, 16680] loss: 5089.683
[1, 16700] loss: 39589.118
[1, 16720] loss: 71456.150
[1, 16740] loss: 14154.491
[1, 16760] loss: 13581.013
[1, 16780] loss: 13873.134
[1, 16800] loss: 5233.981
[1, 16820] loss: 3887.753
[1, 16840] loss: 10843.050
[1, 16860] loss: 12979.986
[1, 16880] loss: 16203.815
[1, 16900] loss: 8291.051
[1, 16920] loss: 18507.501
[1, 16940] loss: 46383.647
[1, 16960] loss: 51405.644
[1, 16980] loss: 99674.429
[1, 17000] loss: 71795.399
[1, 17020] loss: 33311.531
[1, 17040] loss: 13823.283
[1, 17060] loss: 28243.775
[1, 17080] loss: 26311.678
[1, 17100] loss: 4982.753
[1, 17120] loss: 9359.527
[1, 17140] loss: 1964.662
[1, 17160] loss: 11532.476
[1, 17180] loss: 3856.928
[1, 17200] loss: 14882.708
[1, 17220] loss: 4832.571
[1, 17240] loss: 6464.645
[1, 17260] loss: 4607.569
[1, 17280] loss: 3873.767
[1, 17300] loss: 11751.639
[1, 17320] loss: 5424.116
[1, 17340] loss: 3295.167
[1, 17360] loss: 3450.243
[1, 17380] loss: 25876.986
[1, 17400] loss: 28434.424
[1, 17420] loss: 24120.082
[1, 17440] loss: 7317.872
[1, 17460] loss: 4213.348
[1, 17480] loss: 3716.600
[1, 17500] loss: 17642.172
[1, 17520] loss: 11767.638
[1, 17540] loss: 5061.751
[1, 17560] loss: 5974.284
[1, 17580] loss: 8273.174
[1, 17600] loss: 7596.714
[1, 17620] loss: 4362.092
[1, 17640] loss: 2601.399
[1, 17660] loss: 3761.854
[1, 17680] loss: 4199.525
[1, 17700] loss: 2439.310
[1, 17720] loss: 3431.378
[1, 17740] loss: 13168.507
[1, 17760] loss: 17868.055
[1, 17780] loss: 40215.930
[1, 17800] loss: 19763.003
[1, 17820] loss: 3903.263
[1, 17840] loss: 4009.175
[1, 17860] loss: 5427.224
[1, 17880] loss: 25335.151
[1, 17900] loss: 59021.236
[1, 17920] loss: 117689.056
[1, 17940] loss: 45795.634
[1, 17960] loss: 129758.851
[1, 17980] loss: 87897.551
[1, 18000] loss: 10924.292
[1, 18020] loss: 3413.411
[1, 18040] loss: 2347.218
[1, 18060] loss: 1836.623
[1, 18080] loss: 2487.774
[1, 18100] loss: 2257.038
[1, 18120] loss: 3673.371
[1, 18140] loss: 4563.932
[1, 18160] loss: 13480.664
[1, 18180] loss: 7862.670
[1, 18200] loss: 2376.066
[1, 18220] loss: 6034.509
[1, 18240] loss: 5502.438
[1, 18260] loss: 1698.539
[1, 18280] loss: 2540.250
[1, 18300] loss: 797.054
[1, 18320] loss: 3079.459
[1, 18340] loss: 1376.994
[1, 18360] loss: 1422.431
[1, 18380] loss: 3548.533
[1, 18400] loss: 12257.425
[1, 18420] loss: 6461.768
[1, 18440] loss: 3798.552
[1, 18460] loss: 3873.756
[1, 18480] loss: 4113.635
[1, 18500] loss: 6489.991
[1, 18520] loss: 2092.845
[1, 18540] loss: 1861.316
[1, 18560] loss: 3461.481
[1, 18580] loss: 1471.682
[1, 18600] loss: 1021.099
[1, 18620] loss: 2707.659
[1, 18640] loss: 4386.756
[1, 18660] loss: 2793.966
[1, 18680] loss: 5122.936
[1, 18700] loss: 3294.420
[1, 18720] loss: 2300.854
[1, 18740] loss: 6994.544
[1, 18760] loss: 6210.938
[1, 18780] loss: 1573.464
[1, 18800] loss: 2602.563
[1, 18820] loss: 2667.442
[1, 18840] loss: 4888.665
[1, 18860] loss: 2776.872
[1, 18880] loss: 6461.761
[1, 18900] loss: 5255.463
[1, 18920] loss: 1187.031
[1, 18940] loss: 1467.100
[1, 18960] loss: 5926.238
[1, 18980] loss: 6072.159
[1, 19000] loss: 11067.003
[1, 19020] loss: 8231.121
[1, 19040] loss: 6980.633
[1, 19060] loss: 9798.844
[1, 19080] loss: 5719.950
[1, 19100] loss: 1307.439
[1, 19120] loss: 3143.497
[1, 19140] loss: 1530.849
[1, 19160] loss: 1013.480
[1, 19180] loss: 2284.321
[1, 19200] loss: 2714.140
[1, 19220] loss: 2917.691
[1, 19240] loss: 1622.456
[1, 19260] loss: 4664.044
[1, 19280] loss: 4189.895
[1, 19300] loss: 8427.085
[1, 19320] loss: 3308.450
[1, 19340] loss: 4038.031
[1, 19360] loss: 21194.728
[1, 19380] loss: 40646.057
[1, 19400] loss: 30797.890
[1, 19420] loss: 3401.459
[1, 19440] loss: 3759.478
[1, 19460] loss: 3107.876
[1, 19480] loss: 4254.772
[1, 19500] loss: 4124.391
[1, 19520] loss: 5802.998
[1, 19540] loss: 2027.974
[1, 19560] loss: 2450.048
[1, 19580] loss: 1574.658
[1, 19600] loss: 2879.751
[1, 19620] loss: 3801.939
[1, 19640] loss: 1494.928
[1, 19660] loss: 899.501
[1, 19680] loss: 2941.547
[1, 19700] loss: 1798.934
[1, 19720] loss: 2095.276
[1, 19740] loss: 904.469
[1, 19760] loss: 1381.134
[1, 19780] loss: 5320.687
[1, 19800] loss: 6747.356
[1, 19820] loss: 2051.467
[1, 19840] loss: 944.861
[1, 19860] loss: 702.856
[1, 19880] loss: 1177.594
[1, 19900] loss: 1070.493
[1, 19920] loss: 1754.013
[1, 19940] loss: 1473.236
[1, 19960] loss: 1760.839
[1, 19980] loss: 1196.806
[1, 20000] loss: 2649.153
[1, 20020] loss: 1183.430
[1, 20040] loss: 3534.897
[1, 20060] loss: 931.014
[1, 20080] loss: 2002.675
[1, 20100] loss: 3981.274
[1, 20120] loss: 1487.714
[1, 20140] loss: 664.999
[1, 20160] loss: 881.350
[1, 20180] loss: 1779.941
[1, 20200] loss: 1233.723
[1, 20220] loss: 1756.746
[1, 20240] loss: 800.862
[1, 20260] loss: 784.961
[1, 20280] loss: 1129.277
[1, 20300] loss: 2685.734
[1, 20320] loss: 5206.031
[1, 20340] loss: 1893.297
[1, 20360] loss: 1261.881
[1, 20380] loss: 516.910
[1, 20400] loss: 738.626
[1, 20420] loss: 1032.486
[1, 20440] loss: 1110.078
[1, 20460] loss: 599.393
[1, 20480] loss: 988.060
[1, 20500] loss: 2205.762
[1, 20520] loss: 1934.547
[1, 20540] loss: 1617.651
[1, 20560] loss: 797.818
[1, 20580] loss: 2143.423
[1, 20600] loss: 1490.907
[1, 20620] loss: 2479.271
[1, 20640] loss: 1690.716
[1, 20660] loss: 2655.221
[1, 20680] loss: 1617.400
[1, 20700] loss: 2078.328
[1, 20720] loss: 1955.063
[1, 20740] loss: 1756.372
[1, 20760] loss: 2282.611
[1, 20780] loss: 1005.586
[1, 20800] loss: 1296.573
[1, 20820] loss: 3157.317
[1, 20840] loss: 13027.322
[1, 20860] loss: 9555.995
[1, 20880] loss: 2121.789
[1, 20900] loss: 1129.652
[1, 20920] loss: 1006.343
[1, 20940] loss: 840.910
[1, 20960] loss: 1009.049
[1, 20980] loss: 2130.298
[1, 21000] loss: 5435.098
[1, 21020] loss: 5822.538
[1, 21040] loss: 3150.904
[1, 21060] loss: 1984.238
[1, 21080] loss: 1968.747
[1, 21100] loss: 1195.591
[1, 21120] loss: 761.893
[1, 21140] loss: 1404.957
[1, 21160] loss: 2157.388
[1, 21180] loss: 621.415
[1, 21200] loss: 682.625
[1, 21220] loss: 321.225
[1, 21240] loss: 559.839
[1, 21260] loss: 340.996
[1, 21280] loss: 1236.164
[1, 21300] loss: 2582.205
[1, 21320] loss: 2692.125
[1, 21340] loss: 2582.856
[1, 21360] loss: 842.597
[1, 21380] loss: 260.333
[1, 21400] loss: 393.121
[1, 21420] loss: 813.366
[1, 21440] loss: 315.081
[1, 21460] loss: 350.030
[1, 21480] loss: 725.242
[1, 21500] loss: 1305.169
[1, 21520] loss: 2118.112
[1, 21540] loss: 1649.919
[1, 21560] loss: 1937.949
[1, 21580] loss: 1846.360
[1, 21600] loss: 787.620
[1, 21620] loss: 1517.963
[1, 21640] loss: 1527.128
[1, 21660] loss: 959.409
[1, 21680] loss: 509.630
[1, 21700] loss: 408.157
[1, 21720] loss: 583.635
[1, 21740] loss: 390.610
[1, 21760] loss: 298.125
[1, 21780] loss: 431.604
[1, 21800] loss: 568.007
[1, 21820] loss: 561.008
[1, 21840] loss: 577.959
[1, 21860] loss: 309.488
[1, 21880] loss: 272.553
[1, 21900] loss: 483.653
[1, 21920] loss: 471.356
[1, 21940] loss: 491.911
[1, 21960] loss: 500.279
[1, 21980] loss: 2198.696
[1, 22000] loss: 1191.364
[1, 22020] loss: 826.097
[1, 22040] loss: 587.740
[1, 22060] loss: 713.202
[1, 22080] loss: 335.940
[1, 22100] loss: 337.079
[1, 22120] loss: 364.107
[1, 22140] loss: 790.628
[1, 22160] loss: 764.229
[1, 22180] loss: 317.647
[1, 22200] loss: 282.038
[1, 22220] loss: 462.565
[1, 22240] loss: 1031.107
[1, 22260] loss: 687.655
[1, 22280] loss: 521.333
[1, 22300] loss: 644.670
[1, 22320] loss: 581.527
[1, 22340] loss: 423.604
[1, 22360] loss: 620.196
[1, 22380] loss: 465.709
[1, 22400] loss: 348.371
[1, 22420] loss: 315.883
[1, 22440] loss: 271.454
[1, 22460] loss: 346.855
[1, 22480] loss: 233.975
[1, 22500] loss: 301.506
[1, 22520] loss: 1332.939
[1, 22540] loss: 831.400
[1, 22560] loss: 1242.789
[1, 22580] loss: 396.256
[1, 22600] loss: 430.638
[1, 22620] loss: 625.366
[1, 22640] loss: 557.275
[1, 22660] loss: 237.229
[1, 22680] loss: 333.989
[1, 22700] loss: 214.847
[1, 22720] loss: 410.585
[1, 22740] loss: 272.912
[1, 22760] loss: 551.437
[1, 22780] loss: 337.290
[1, 22800] loss: 770.681
[1, 22820] loss: 857.165
[1, 22840] loss: 832.491
[1, 22860] loss: 738.067
[1, 22880] loss: 378.895
[1, 22900] loss: 322.500
[1, 22920] loss: 531.934
[1, 22940] loss: 520.533
[1, 22960] loss: 379.662
[1, 22980] loss: 444.893
[1, 23000] loss: 291.458
[1, 23020] loss: 604.986
[1, 23040] loss: 332.357
[1, 23060] loss: 1009.141
[1, 23080] loss: 1264.755
[1, 23100] loss: 615.738
[1, 23120] loss: 520.837
[1, 23140] loss: 236.028
[1, 23160] loss: 96.967
[1, 23180] loss: 188.081
[1, 23200] loss: 155.971
[1, 23220] loss: 337.044
[1, 23240] loss: 269.809
[1, 23260] loss: 384.228
[1, 23280] loss: 42.246
[1, 23300] loss: 225.445
[1, 23320] loss: 356.474
[1, 23340] loss: 586.926
[1, 23360] loss: 1384.827
[1, 23380] loss: 1000.305
[1, 23400] loss: 1465.802
[1, 23420] loss: 1082.223
[1, 23440] loss: 1774.186
[1, 23460] loss: 838.768
[1, 23480] loss: 751.356
[1, 23500] loss: 3467.861
[1, 23520] loss: 2329.272
[1, 23540] loss: 942.427
[1, 23560] loss: 417.960
[1, 23580] loss: 285.012
[1, 23600] loss: 229.581
[1, 23620] loss: 424.144
[1, 23640] loss: 241.306
[1, 23660] loss: 321.601
[1, 23680] loss: 123.812
[1, 23700] loss: 95.510
[1, 23720] loss: 130.301
[1, 23740] loss: 264.829
[1, 23760] loss: 283.254
[1, 23780] loss: 99.466
[1, 23800] loss: 143.766
[1, 23820] loss: 139.581
[1, 23840] loss: 106.323
[1, 23860] loss: 126.916
[1, 23880] loss: 154.079
[1, 23900] loss: 78.697
[1, 23920] loss: 64.257
[1, 23940] loss: 171.712
[1, 23960] loss: 109.195
[1, 23980] loss: 92.575
[1, 24000] loss: 115.896
[1, 24020] loss: 198.790
[1, 24040] loss: 228.273
[1, 24060] loss: 221.769
[1, 24080] loss: 126.448
[1, 24100] loss: 226.875
[1, 24120] loss: 40.630
[1, 24140] loss: 50.251
[1, 24160] loss: 48.856
[1, 24180] loss: 36.523
[1, 24200] loss: 42.088
[1, 24220] loss: 38.269
[1, 24240] loss: 90.809
[1, 24260] loss: 128.402
[1, 24280] loss: 81.699
[1, 24300] loss: 130.858
[1, 24320] loss: 189.655
[1, 24340] loss: 346.727
[1, 24360] loss: 281.077
[1, 24380] loss: 104.135
[1, 24400] loss: 229.903
[1, 24420] loss: 284.883
[1, 24440] loss: 56.698
[1, 24460] loss: 71.110
[1, 24480] loss: 18.728
[1, 24500] loss: 13.860
[1, 24520] loss: 18.994
[1, 24540] loss: 34.357
[1, 24560] loss: 31.178
[1, 24580] loss: 111.069
[1, 24600] loss: 187.625
[1, 24620] loss: 403.998
[1, 24640] loss: 583.077
[1, 24660] loss: 478.795
[1, 24680] loss: 256.973
[1, 24700] loss: 270.158
[1, 24720] loss: 409.508
[1, 24740] loss: 478.344
[1, 24760] loss: 867.486
[1, 24780] loss: 369.014
[1, 24800] loss: 260.675
[1, 24820] loss: 293.242
[1, 24840] loss: 125.875
[1, 24860] loss: 42.214
[1, 24880] loss: 60.967
[1, 24900] loss: 111.140
[1, 24920] loss: 61.201
[1, 24940] loss: 105.064
[1, 24960] loss: 140.368
[1, 24980] loss: 89.456
[1, 25000] loss: 106.223
[1, 25020] loss: 134.899
[1, 25040] loss: 135.282
[1, 25060] loss: 74.869
[1, 25080] loss: 65.081
[1, 25100] loss: 278.418
[1, 25120] loss: 440.777
[1, 25140] loss: 3268.348
[1, 25160] loss: 6559.892
[1, 25180] loss: 9991.707
[1, 25200] loss: 15076630.477
[1, 25220] loss: 20840435209.900
[1, 25240] loss: 1439432631.875
[1, 25260] loss: 1561573025.800
[1, 25280] loss: 36192518.689
[1, 25300] loss: 5244826.442
[1, 25320] loss: 1381913.696
[1, 25340] loss: 1047505.392
[1, 25360] loss: 1585721.521
[1, 25380] loss: 1520810.913
[1, 25400] loss: 1177996.004
[1, 25420] loss: 946758.135
[1, 25440] loss: 1056060.394
[1, 25460] loss: 1246511.612
[1, 25480] loss: 925723.639
[1, 25500] loss: 695384.604
[1, 25520] loss: 1120825.861
[1, 25540] loss: 833762.789
[1, 25560] loss: 1287093.015
[1, 25580] loss: 807782.503
[1, 25600] loss: 716213.472
[1, 25620] loss: 506403.053
[1, 25640] loss: 516507.835
[1, 25660] loss: 342227.261
[1, 25680] loss: 342379.547
[1, 25700] loss: 241900.790
[1, 25720] loss: 337750.949
[1, 25740] loss: 256096.147
[1, 25760] loss: 754518.470
[1, 25780] loss: 356949.194
[1, 25800] loss: 225043.179
[1, 25820] loss: 277636.028
[1, 25840] loss: 180963.769
[1, 25860] loss: 219853.858
[1, 25880] loss: 175068.410
[1, 25900] loss: 283265.417
[1, 25920] loss: 201215.300
[1, 25940] loss: 209019.559
[1, 25960] loss: 173328.827
[1, 25980] loss: 315288.744
[1, 26000] loss: 288287.207
[1, 26020] loss: 316540.029
[1, 26040] loss: 281206.327
[1, 26060] loss: 226066.805
[1, 26080] loss: 225781.476
[1, 26100] loss: 117593.901
[1, 26120] loss: 130070.026
[1, 26140] loss: 185214.692
[1, 26160] loss: 160859.805
[1, 26180] loss: 62114.705
[1, 26200] loss: 128816.734
[1, 26220] loss: 183197.875
[1, 26240] loss: 83044.545
[1, 26260] loss: 102018.973
[1, 26280] loss: 104255.306
[1, 26300] loss: 179463.873
[1, 26320] loss: 164696.142
[1, 26340] loss: 144696.845
[1, 26360] loss: 211282.302
[1, 26380] loss: 143199.172
[1, 26400] loss: 142838.279
[1, 26420] loss: 180175.454
[1, 26440] loss: 145969.201
[1, 26460] loss: 104287.219
[1, 26480] loss: 161324.063
[1, 26500] loss: 84347.615
[1, 26520] loss: 134237.258
[1, 26540] loss: 128386.956
[1, 26560] loss: 105374.359
[1, 26580] loss: 48648.986
[1, 26600] loss: 103571.336
[1, 26620] loss: 66621.685
[1, 26640] loss: 101100.270
[1, 26660] loss: 90366.406
[1, 26680] loss: 40069.058
[1, 26700] loss: 125506.404
[1, 26720] loss: 54736.187
[1, 26740] loss: 100499.888
[1, 26760] loss: 106355.821
[1, 26780] loss: 52870.178
[1, 26800] loss: 104617.178
[1, 26820] loss: 123936.010
[1, 26840] loss: 56047.458
[1, 26860] loss: 67151.443
[1, 26880] loss: 115967.789
[1, 26900] loss: 46197.789
[1, 26920] loss: 116943.563
[1, 26940] loss: 54147.264
[1, 26960] loss: 79382.478
[1, 26980] loss: 81460.359
[1, 27000] loss: 61470.267
[1, 27020] loss: 83480.606
[1, 27040] loss: 39243.018
[1, 27060] loss: 67910.162
[1, 27080] loss: 57893.480
[1, 27100] loss: 95279.649
[1, 27120] loss: 71617.121
[1, 27140] loss: 42150.875
[1, 27160] loss: 92219.710
[1, 27180] loss: 58323.943
[1, 27200] loss: 81853.576
[1, 27220] loss: 105603.686
[1, 27240] loss: 74813.837
[1, 27260] loss: 52521.684
[1, 27280] loss: 58859.781
[1, 27300] loss: 33041.778
[1, 27320] loss: 53622.603
[1, 27340] loss: 46526.110
[1, 27360] loss: 63425.840
[1, 27380] loss: 49522.462
[1, 27400] loss: 38814.407
[1, 27420] loss: 46388.526
[1, 27440] loss: 66128.903
[1, 27460] loss: 36449.743
[1, 27480] loss: 19569.185
[1, 27500] loss: 34109.027
[1, 27520] loss: 63335.583
[1, 27540] loss: 32784.122
[1, 27560] loss: 47384.347
[1, 27580] loss: 63237.622
[1, 27600] loss: 71246.496
[1, 27620] loss: 56781.049
[1, 27640] loss: 44452.047
[1, 27660] loss: 26032.764
[1, 27680] loss: 35546.116
[1, 27700] loss: 49910.783
[1, 27720] loss: 40505.994
[1, 27740] loss: 25781.036
[1, 27760] loss: 57623.028
[1, 27780] loss: 41879.447
[1, 27800] loss: 51133.026
[1, 27820] loss: 47568.616
[1, 27840] loss: 43426.600
[1, 27860] loss: 56779.599
[1, 27880] loss: 36763.558
[1, 27900] loss: 28761.356
[1, 27920] loss: 67812.110
[1, 27940] loss: 77891.348
[1, 27960] loss: 39128.503
[1, 27980] loss: 22962.747
[1, 28000] loss: 24008.200
[1, 28020] loss: 24797.354
[1, 28040] loss: 60873.323
[1, 28060] loss: 46847.760
[1, 28080] loss: 17685.388
[1, 28100] loss: 50417.024
[1, 28120] loss: 51165.216
[1, 28140] loss: 57272.712
[1, 28160] loss: 29103.915
[1, 28180] loss: 25976.639
[1, 28200] loss: 45029.473
[1, 28220] loss: 27718.422
[1, 28240] loss: 29424.106
[1, 28260] loss: 28311.069
[1, 28280] loss: 32486.728
[1, 28300] loss: 31096.464
[1, 28320] loss: 24119.535
[1, 28340] loss: 46842.827
[1, 28360] loss: 20898.418
[1, 28380] loss: 50733.387
[1, 28400] loss: 41340.103
[1, 28420] loss: 61081.879
[1, 28440] loss: 25587.368
[1, 28460] loss: 34139.367
[1, 28480] loss: 33766.930
[1, 28500] loss: 27383.164
[1, 28520] loss: 25468.953
[1, 28540] loss: 40151.612
[1, 28560] loss: 26711.906
[1, 28580] loss: 29800.006
[1, 28600] loss: 21614.611
[1, 28620] loss: 43928.441
[1, 28640] loss: 33026.454
[1, 28660] loss: 32054.323
[1, 28680] loss: 17489.821
[1, 28700] loss: 24576.639
[1, 28720] loss: 24504.836
[1, 28740] loss: 24114.487
[1, 28760] loss: 25229.366
[1, 28780] loss: 27103.062
[1, 28800] loss: 27786.036
[1, 28820] loss: 17205.702
[1, 28840] loss: 20281.170
[1, 28860] loss: 9964.878
[1, 28880] loss: 58920.148
[1, 28900] loss: 18742.757
[1, 28920] loss: 35826.105
[1, 28940] loss: 13391.242
[1, 28960] loss: 8209.842
[1, 28980] loss: 14169.921
[1, 29000] loss: 7765.522
[1, 29020] loss: 22970.459
[1, 29040] loss: 31767.618
[1, 29060] loss: 17568.818
[1, 29080] loss: 35863.599
[1, 29100] loss: 12364.556
[1, 29120] loss: 15884.148
[1, 29140] loss: 10398.368
[1, 29160] loss: 14064.856
[1, 29180] loss: 20164.581
[1, 29200] loss: 21151.415
[1, 29220] loss: 13783.826
[1, 29240] loss: 13870.643
[1, 29260] loss: 18679.523
[1, 29280] loss: 13941.275
[1, 29300] loss: 10262.724
[1, 29320] loss: 19818.902
[1, 29340] loss: 16841.192
[1, 29360] loss: 42859.742
[1, 29380] loss: 25308.735
[1, 29400] loss: 17469.852
[1, 29420] loss: 34723.520
[1, 29440] loss: 13181.103
[1, 29460] loss: 20029.130
[1, 29480] loss: 26227.986
[1, 29500] loss: 14002.602
[1, 29520] loss: 14280.580
[1, 29540] loss: 8384.448
[1, 29560] loss: 10974.665
[1, 29580] loss: 9949.645
[1, 29600] loss: 17631.596
[1, 29620] loss: 25921.426
[1, 29640] loss: 9119.437
[1, 29660] loss: 29426.846
[1, 29680] loss: 10204.324
[1, 29700] loss: 16683.835
[1, 29720] loss: 35658.463
[1, 29740] loss: 22037.608
[1, 29760] loss: 35921.999
[1, 29780] loss: 59557.463
[1, 29800] loss: 18473.199
[1, 29820] loss: 28322.490
[1, 29840] loss: 30398.181
[1, 29860] loss: 24021.187
[1, 29880] loss: 19863.660
[1, 29900] loss: 7167.572
[1, 29920] loss: 5225.093
[1, 29940] loss: 11122.451
[1, 29960] loss: 21293.860
[1, 29980] loss: 13743.259
[1, 30000] loss: 12680.518
[1, 30020] loss: 19201.487
[1, 30040] loss: 23506.071
[1, 30060] loss: 18656.881
[1, 30080] loss: 11439.162
[1, 30100] loss: 17066.155
[1, 30120] loss: 16098.212
[1, 30140] loss: 16000.058
[1, 30160] loss: 5473.021
[1, 30180] loss: 19589.368
[1, 30200] loss: 14384.720
[1, 30220] loss: 10292.883
[1, 30240] loss: 12123.722
[1, 30260] loss: 7365.784
[1, 30280] loss: 20848.346
[1, 30300] loss: 12590.851
[1, 30320] loss: 47441.163
[1, 30340] loss: 16795.602
[1, 30360] loss: 26669.558
[1, 30380] loss: 15705.537
[1, 30400] loss: 31997.879
[1, 30420] loss: 52369.374
[2,    20] loss: 62726.257
[2,    40] loss: 24907.354
[2,    60] loss: 16885.799
[2,    80] loss: 13406.516
[2,   100] loss: 28507.704
[2,   120] loss: 17463.666
[2,   140] loss: 40015.386
[2,   160] loss: 35833.145
[2,   180] loss: 11176.473
[2,   200] loss: 11142.072
[2,   220] loss: 8883.878
[2,   240] loss: 9632.972
[2,   260] loss: 10506.500
[2,   280] loss: 7113.053
[2,   300] loss: 7892.208
[2,   320] loss: 21914.498
[2,   340] loss: 29234.081
[2,   360] loss: 22166.483
[2,   380] loss: 7916.544
[2,   400] loss: 20934.259
[2,   420] loss: 16383.483
[2,   440] loss: 30571.315
[2,   460] loss: 21809.700
[2,   480] loss: 9054.593
[2,   500] loss: 29005.704
[2,   520] loss: 11975.361
[2,   540] loss: 11817.261
[2,   560] loss: 11304.112
[2,   580] loss: 11016.537
[2,   600] loss: 4674.573
[2,   620] loss: 6731.206
[2,   640] loss: 20505.298
[2,   660] loss: 25304.222
[2,   680] loss: 11692.161
[2,   700] loss: 20732.141
[2,   720] loss: 20893.261
[2,   740] loss: 15246.017
[2,   760] loss: 14054.779
[2,   780] loss: 7848.523
[2,   800] loss: 14708.696
[2,   820] loss: 12483.910
[2,   840] loss: 15289.950
[2,   860] loss: 7577.634
[2,   880] loss: 6078.087
[2,   900] loss: 12467.404
[2,   920] loss: 7052.637
[2,   940] loss: 9863.669
[2,   960] loss: 8081.419
[2,   980] loss: 8111.086
[2,  1000] loss: 4312.661
[2,  1020] loss: 5414.387
[2,  1040] loss: 8028.992
[2,  1060] loss: 11394.289
[2,  1080] loss: 9919.712
[2,  1100] loss: 7521.784
[2,  1120] loss: 6708.202
[2,  1140] loss: 23857.408
[2,  1160] loss: 21261.843
[2,  1180] loss: 12902.591
[2,  1200] loss: 6805.435
[2,  1220] loss: 7922.629
[2,  1240] loss: 18188.278
[2,  1260] loss: 17177.360
[2,  1280] loss: 18629.213
[2,  1300] loss: 21781.300
[2,  1320] loss: 29408.910
[2,  1340] loss: 9370.655
[2,  1360] loss: 14692.425
[2,  1380] loss: 10423.255
[2,  1400] loss: 14890.386
[2,  1420] loss: 17641.003
[2,  1440] loss: 17612.387
[2,  1460] loss: 15866.866
[2,  1480] loss: 13689.976
[2,  1500] loss: 10814.354
[2,  1520] loss: 5280.062
[2,  1540] loss: 9169.050
[2,  1560] loss: 12072.324
[2,  1580] loss: 11872.736
[2,  1600] loss: 5873.199
[2,  1620] loss: 8472.147
[2,  1640] loss: 9174.165
[2,  1660] loss: 5289.692
[2,  1680] loss: 6172.091
[2,  1700] loss: 13659.133
[2,  1720] loss: 9848.235
[2,  1740] loss: 4364.873
[2,  1760] loss: 10900.778
[2,  1780] loss: 10282.662
[2,  1800] loss: 11285.955
[2,  1820] loss: 3651.277
[2,  1840] loss: 11213.266
[2,  1860] loss: 5974.939
[2,  1880] loss: 9050.667
[2,  1900] loss: 4112.647
[2,  1920] loss: 13615.788
[2,  1940] loss: 30695.207
[2,  1960] loss: 60689.288
[2,  1980] loss: 26695.503
[2,  2000] loss: 20462.736
[2,  2020] loss: 24096.499
[2,  2040] loss: 7840.368
[2,  2060] loss: 9856.003
[2,  2080] loss: 2456.562
[2,  2100] loss: 5594.275
[2,  2120] loss: 4670.574
[2,  2140] loss: 6950.342
[2,  2160] loss: 5095.909
[2,  2180] loss: 13195.725
[2,  2200] loss: 12518.670
[2,  2220] loss: 14105.292
[2,  2240] loss: 19029.363
[2,  2260] loss: 3177.559
[2,  2280] loss: 5813.683
[2,  2300] loss: 13057.156
[2,  2320] loss: 9587.690
[2,  2340] loss: 7488.337
[2,  2360] loss: 7223.667
[2,  2380] loss: 4311.893
[2,  2400] loss: 4241.642
[2,  2420] loss: 10895.955
[2,  2440] loss: 4419.751
[2,  2460] loss: 5063.069
[2,  2480] loss: 11093.088
[2,  2500] loss: 4387.690
[2,  2520] loss: 3293.872
[2,  2540] loss: 10453.817
[2,  2560] loss: 13701.659
[2,  2580] loss: 16386.402
[2,  2600] loss: 16564.990
[2,  2620] loss: 3671.712
[2,  2640] loss: 10534.211
[2,  2660] loss: 12758.625
[2,  2680] loss: 3362.813
[2,  2700] loss: 4425.360
[2,  2720] loss: 15425.071
[2,  2740] loss: 8514.923
[2,  2760] loss: 8292.389
[2,  2780] loss: 17935.441
[2,  2800] loss: 27505.560
[2,  2820] loss: 32212.003
[2,  2840] loss: 30171.211
[2,  2860] loss: 29031.347
[2,  2880] loss: 30108.836
[2,  2900] loss: 26468.706
[2,  2920] loss: 14190.609
[2,  2940] loss: 25299.410
[2,  2960] loss: 7333.987
[2,  2980] loss: 3523.513
[2,  3000] loss: 3116.979
[2,  3020] loss: 2111.714
[2,  3040] loss: 2859.410
[2,  3060] loss: 5785.941
[2,  3080] loss: 7446.942
[2,  3100] loss: 26320.783
[2,  3120] loss: 12109.356
[2,  3140] loss: 7696.414
[2,  3160] loss: 31221.685
[2,  3180] loss: 8320.549
[2,  3200] loss: 14368.587
[2,  3220] loss: 13688.291
[2,  3240] loss: 15258.844
[2,  3260] loss: 6831.277
[2,  3280] loss: 5514.405
[2,  3300] loss: 13581.155
[2,  3320] loss: 13118.234
[2,  3340] loss: 16385.930
[2,  3360] loss: 8166.896
[2,  3380] loss: 22368.470
[2,  3400] loss: 7763.016
[2,  3420] loss: 6315.820
[2,  3440] loss: 11297.750
[2,  3460] loss: 3035.856
[2,  3480] loss: 3257.260
[2,  3500] loss: 1815.629
[2,  3520] loss: 2070.163
[2,  3540] loss: 2084.647
[2,  3560] loss: 12022.805
[2,  3580] loss: 14819.034
[2,  3600] loss: 21253.991
[2,  3620] loss: 15297.211
[2,  3640] loss: 8279.094
[2,  3660] loss: 3764.513
[2,  3680] loss: 6800.145
[2,  3700] loss: 2711.621
[2,  3720] loss: 1563.604
[2,  3740] loss: 1137.276
[2,  3760] loss: 1398.075
[2,  3780] loss: 2608.000
[2,  3800] loss: 2343.011
[2,  3820] loss: 2739.173
[2,  3840] loss: 15277.086
[2,  3860] loss: 1218.307
[2,  3880] loss: 881.359
[2,  3900] loss: 1335.728
[2,  3920] loss: 8837.188
[2,  3940] loss: 4378.442
[2,  3960] loss: 4863.020
[2,  3980] loss: 15409.229
[2,  4000] loss: 26309.536
[2,  4020] loss: 15343.952
[2,  4040] loss: 11811.654
[2,  4060] loss: 6041.211
[2,  4080] loss: 1657.708
[2,  4100] loss: 1162.289
[2,  4120] loss: 1301.256
[2,  4140] loss: 1516.559
[2,  4160] loss: 1520.899
[2,  4180] loss: 937.420
[2,  4200] loss: 1024.288
[2,  4220] loss: 511.505
[2,  4240] loss: 3118.506
[2,  4260] loss: 2050.377
[2,  4280] loss: 1434.016
[2,  4300] loss: 5624.060
[2,  4320] loss: 27937.629
[2,  4340] loss: 17574.925
[2,  4360] loss: 6334.813
[2,  4380] loss: 10221.362
[2,  4400] loss: 21486.224
[2,  4420] loss: 23813.455
[2,  4440] loss: 27781.665
[2,  4460] loss: 24364.442
[2,  4480] loss: 9140.553
[2,  4500] loss: 5655.592
[2,  4520] loss: 7039.728
[2,  4540] loss: 3040.605
[2,  4560] loss: 3755.668
[2,  4580] loss: 1965.362
[2,  4600] loss: 3165.206
[2,  4620] loss: 5089.499
[2,  4640] loss: 24899.528
[2,  4660] loss: 45421.093
[2,  4680] loss: 41255.676
[2,  4700] loss: 13069.351
[2,  4720] loss: 11071.083
[2,  4740] loss: 3297.827
[2,  4760] loss: 1107.158
[2,  4780] loss: 1156.315
[2,  4800] loss: 778.936
[2,  4820] loss: 1336.002
[2,  4840] loss: 413.758
[2,  4860] loss: 732.979
[2,  4880] loss: 291.599
[2,  4900] loss: 488.654
[2,  4920] loss: 806.992
[2,  4940] loss: 1627.528
[2,  4960] loss: 747.809
[2,  4980] loss: 239.472
[2,  5000] loss: 446.029
[2,  5020] loss: 901.812
[2,  5040] loss: 369.554
[2,  5060] loss: 605.955
[2,  5080] loss: 1001.320
[2,  5100] loss: 864.375
[2,  5120] loss: 1298.653
[2,  5140] loss: 209.925
[2,  5160] loss: 683.864
[2,  5180] loss: 1735.589
[2,  5200] loss: 1314.916
[2,  5220] loss: 1570.280
[2,  5240] loss: 682.348
[2,  5260] loss: 258.922
[2,  5280] loss: 559.866
[2,  5300] loss: 479.076
[2,  5320] loss: 258.028
[2,  5340] loss: 293.293
[2,  5360] loss: 254.267
[2,  5380] loss: 602.664
[2,  5400] loss: 373.724
[2,  5420] loss: 532.332
[2,  5440] loss: 1057.594
[2,  5460] loss: 1904.882
[2,  5480] loss: 2267.036
[2,  5500] loss: 2580.322
[2,  5520] loss: 2490.750
[2,  5540] loss: 1369.996
[2,  5560] loss: 1193.597
[2,  5580] loss: 663.011
[2,  5600] loss: 1952.704
[2,  5620] loss: 1986.569
[2,  5640] loss: 1905.138
[2,  5660] loss: 974.643
[2,  5680] loss: 460.663
[2,  5700] loss: 252.677
[2,  5720] loss: 864.170
[2,  5740] loss: 741.117
[2,  5760] loss: 1037.539
[2,  5780] loss: 1438.112
[2,  5800] loss: 894.002
[2,  5820] loss: 183.766
[2,  5840] loss: 880.074
[2,  5860] loss: 3741.294
[2,  5880] loss: 7702.731
[2,  5900] loss: 3301.477
[2,  5920] loss: 8960.729
[2,  5940] loss: 13049.080
[2,  5960] loss: 4684.443
[2,  5980] loss: 1596.292
[2,  6000] loss: 3131.736
[2,  6020] loss: 4115.174
[2,  6040] loss: 1493.975
[2,  6060] loss: 662.457
[2,  6080] loss: 796.684
[2,  6100] loss: 1499.535
[2,  6120] loss: 1296.646
[2,  6140] loss: 3141.727
[2,  6160] loss: 1193.952
[2,  6180] loss: 2651.171
[2,  6200] loss: 896.916
[2,  6220] loss: 519.234
[2,  6240] loss: 948.725
[2,  6260] loss: 532.093
[2,  6280] loss: 2000.147
[2,  6300] loss: 2018.271
[2,  6320] loss: 2309.804
[2,  6340] loss: 1205.372
[2,  6360] loss: 633.497
[2,  6380] loss: 396.855
[2,  6400] loss: 751.940
[2,  6420] loss: 1152.888
[2,  6440] loss: 2212.463
[2,  6460] loss: 1422.579
[2,  6480] loss: 12075.714
[2,  6500] loss: 8288.580
[2,  6520] loss: 2789.568
[2,  6540] loss: 4936.332
[2,  6560] loss: 15573.088
[2,  6580] loss: 29092.923
[2,  6600] loss: 30853.680
[2,  6620] loss: 7503.399
[2,  6640] loss: 50386.717
[2,  6660] loss: 159509.044
[2,  6680] loss: 65367.005
[2,  6700] loss: 9691.469
[2,  6720] loss: 10479.044
[2,  6740] loss: 2608.108
[2,  6760] loss: 1332.804
[2,  6780] loss: 578.911
[2,  6800] loss: 176.524
[2,  6820] loss: 205.717
[2,  6840] loss: 121.281
[2,  6860] loss: 136.482
[2,  6880] loss: 134.942
[2,  6900] loss: 83.643
[2,  6920] loss: 76.621
[2,  6940] loss: 73.015
[2,  6960] loss: 137.170
[2,  6980] loss: 159.371
[2,  7000] loss: 48.316
[2,  7020] loss: 199.567
[2,  7040] loss: 144.295
[2,  7060] loss: 65.384
[2,  7080] loss: 37.968
[2,  7100] loss: 49.881
[2,  7120] loss: 78.578
[2,  7140] loss: 99.481
[2,  7160] loss: 66.535
[2,  7180] loss: 44.484
[2,  7200] loss: 34.136
[2,  7220] loss: 42.157
[2,  7240] loss: 247.067
[2,  7260] loss: 89.092
[2,  7280] loss: 76.872
[2,  7300] loss: 139.611
[2,  7320] loss: 120.485
[2,  7340] loss: 93.000
[2,  7360] loss: 83.724
[2,  7380] loss: 94.101
[2,  7400] loss: 130.574
[2,  7420] loss: 162.137
[2,  7440] loss: 274.644
[2,  7460] loss: 283.455
[2,  7480] loss: 436.496
[2,  7500] loss: 1081.289
[2,  7520] loss: 440.857
[2,  7540] loss: 465.478
[2,  7560] loss: 307.768
[2,  7580] loss: 340.057
[2,  7600] loss: 606.916
[2,  7620] loss: 497.385
[2,  7640] loss: 289.516
[2,  7660] loss: 171.520
[2,  7680] loss: 191.426
[2,  7700] loss: 180.659
[2,  7720] loss: 96.089
[2,  7740] loss: 43.410
[2,  7760] loss: 66.151
[2,  7780] loss: 25.919
[2,  7800] loss: 24.850
[2,  7820] loss: 53.886
[2,  7840] loss: 49.535
[2,  7860] loss: 76.801
[2,  7880] loss: 58.729
[2,  7900] loss: 107.984
[2,  7920] loss: 88.854
[2,  7940] loss: 837.481
[2,  7960] loss: 1632.281
[2,  7980] loss: 1095.783
[2,  8000] loss: 349.705
[2,  8020] loss: 169.592
[2,  8040] loss: 164.643
[2,  8060] loss: 136.855
[2,  8080] loss: 40.303
[2,  8100] loss: 34.192
[2,  8120] loss: 46.880
[2,  8140] loss: 116.017
[2,  8160] loss: 184.336
[2,  8180] loss: 70.517
[2,  8200] loss: 55.963
[2,  8220] loss: 86.840
[2,  8240] loss: 46.572
[2,  8260] loss: 20.250
[2,  8280] loss: 29.289
[2,  8300] loss: 38.242
[2,  8320] loss: 92.103
[2,  8340] loss: 91.340
[2,  8360] loss: 206.415
[2,  8380] loss: 129.225
[2,  8400] loss: 38.556
[2,  8420] loss: 28.913
[2,  8440] loss: 80.169
[2,  8460] loss: 207.634
[2,  8480] loss: 409.433
[2,  8500] loss: 215.064
[2,  8520] loss: 156.255
[2,  8540] loss: 110.100
[2,  8560] loss: 150.803
[2,  8580] loss: 57.112
[2,  8600] loss: 30.544
[2,  8620] loss: 15.670
[2,  8640] loss: 109.875
[2,  8660] loss: 354.503
[2,  8680] loss: 986.086
[2,  8700] loss: 400.147
[2,  8720] loss: 696.567
[2,  8740] loss: 815.131
[2,  8760] loss: 1704.546
[2,  8780] loss: 1119.236
[2,  8800] loss: 5909.821
[2,  8820] loss: 2882.202
[2,  8840] loss: 2990.044
[2,  8860] loss: 16743.419
[2,  8880] loss: 6377.218
[2,  8900] loss: 6474.031
[2,  8920] loss: 17708.189
[2,  8940] loss: 35511.187
[2,  8960] loss: 8341.752
[2,  8980] loss: 4950.404
[2,  9000] loss: 4814.756
[2,  9020] loss: 989.304
[2,  9040] loss: 1533.749
[2,  9060] loss: 484.499
[2,  9080] loss: 232.627
[2,  9100] loss: 28.699
[2,  9120] loss: 22.738
[2,  9140] loss: 50.288
[2,  9160] loss: 31.857
[2,  9180] loss: 118.482
[2,  9200] loss: 30.965
[2,  9220] loss: 36.562
[2,  9240] loss: 11.123
[2,  9260] loss: 32.434
[2,  9280] loss: 47.836
[2,  9300] loss: 22.930
[2,  9320] loss: 13.956
[2,  9340] loss: 12.673
[2,  9360] loss: 14.737
[2,  9380] loss: 9.796
[2,  9400] loss: 13.089
[2,  9420] loss: 9.248
[2,  9440] loss: 10.981
[2,  9460] loss: 19.412
[2,  9480] loss: 19.434
[2,  9500] loss: 9.969
[2,  9520] loss: 20.576
[2,  9540] loss: 12.511
[2,  9560] loss: 9.810
[2,  9580] loss: 13.042
[2,  9600] loss: 11.350
[2,  9620] loss: 6.783
[2,  9640] loss: 8.001
[2,  9660] loss: 10.439
[2,  9680] loss: 5.805
[2,  9700] loss: 10.001
[2,  9720] loss: 3.754
[2,  9740] loss: 7.975
[2,  9760] loss: 14.133
[2,  9780] loss: 10.743
[2,  9800] loss: 6.150
[2,  9820] loss: 3.466
[2,  9840] loss: 5.129
[2,  9860] loss: 6.193
[2,  9880] loss: 7.680
[2,  9900] loss: 2.843
[2,  9920] loss: 7.611
[2,  9940] loss: 3.216
[2,  9960] loss: 2.759
[2,  9980] loss: 4.326
[2, 10000] loss: 5.738
[2, 10020] loss: 8.862
[2, 10040] loss: 3.698
[2, 10060] loss: 8.875
[2, 10080] loss: 19.338
[2, 10100] loss: 12.460
[2, 10120] loss: 11.656
[2, 10140] loss: 13.175
[2, 10160] loss: 10.358
[2, 10180] loss: 12.049
[2, 10200] loss: 13.178
[2, 10220] loss: 10.926
[2, 10240] loss: 6.805
[2, 10260] loss: 3.255
[2, 10280] loss: 1.983
[2, 10300] loss: 2.895
[2, 10320] loss: 3.167
[2, 10340] loss: 3.003
[2, 10360] loss: 1.883
[2, 10380] loss: 2.171
[2, 10400] loss: 3.058
[2, 10420] loss: 3.429
[2, 10440] loss: 2.609
[2, 10460] loss: 10.102
[2, 10480] loss: 8.365
[2, 10500] loss: 13.674
[2, 10520] loss: 8.996
[2, 10540] loss: 4.989
[2, 10560] loss: 3.382
[2, 10580] loss: 0.866
[2, 10600] loss: 3.040
[2, 10620] loss: 9.107
[2, 10640] loss: 9.197
[2, 10660] loss: 8.465
[2, 10680] loss: 7.857
[2, 10700] loss: 34.601
[2, 10720] loss: 12.525
[2, 10740] loss: 5.061
[2, 10760] loss: 8.044
[2, 10780] loss: 4.791
[2, 10800] loss: 2.691
[2, 10820] loss: 18.734
[2, 10840] loss: 7.745
[2, 10860] loss: 7.231
[2, 10880] loss: 5.018
[2, 10900] loss: 13.839
[2, 10920] loss: 8.843
[2, 10940] loss: 3.949
[2, 10960] loss: 2.143
[2, 10980] loss: 1.584
[2, 11000] loss: 4.261
[2, 11020] loss: 3.195
[2, 11040] loss: 6.353
[2, 11060] loss: 2.307
[2, 11080] loss: 3.298
[2, 11100] loss: 5.570
[2, 11120] loss: 4.171
[2, 11140] loss: 1.906
[2, 11160] loss: 3.198
[2, 11180] loss: 2.943
[2, 11200] loss: 6.145
[2, 11220] loss: 6.441
[2, 11240] loss: 9.338
[2, 11260] loss: 6.029
[2, 11280] loss: 16.349
[2, 11300] loss: 47.884
[2, 11320] loss: 18.302
[2, 11340] loss: 32.118
[2, 11360] loss: 50.249
[2, 11380] loss: 88.933
[2, 11400] loss: 275.358
[2, 11420] loss: 520.708
[2, 11440] loss: 689.862
[2, 11460] loss: 1288.109
[2, 11480] loss: 3183.843
[2, 11500] loss: 2060190484.564
[2, 11520] loss: 9186739937.000
[2, 11540] loss: 11432189525.367
[2, 11560] loss: 1701118909.000
[2, 11580] loss: 139606252.206
[2, 11600] loss: 30051193.059
[2, 11620] loss: 5494515.781
[2, 11640] loss: 2289594.207
[2, 11660] loss: 1650053.100
[2, 11680] loss: 1660973.853
[2, 11700] loss: 1642864.705
[2, 11720] loss: 1395888.204
[2, 11740] loss: 649848.420
[2, 11760] loss: 1361704.279
[2, 11780] loss: 379524.183
[2, 11800] loss: 799770.462
[2, 11820] loss: 537746.969
[2, 11840] loss: 791081.757
[2, 11860] loss: 524852.470
[2, 11880] loss: 335520.848
[2, 11900] loss: 293335.654
[2, 11920] loss: 403136.611
[2, 11940] loss: 151595.227
[2, 11960] loss: 355642.956
[2, 11980] loss: 228077.958
[2, 12000] loss: 237711.682
[2, 12020] loss: 210354.020
[2, 12040] loss: 315432.460
[2, 12060] loss: 182341.989
[2, 12080] loss: 180852.385
[2, 12100] loss: 294415.838
[2, 12120] loss: 211774.578
[2, 12140] loss: 385096.462
[2, 12160] loss: 273353.072
[2, 12180] loss: 176226.216
[2, 12200] loss: 156847.530
[2, 12220] loss: 354566.904
[2, 12240] loss: 256539.140
[2, 12260] loss: 122824.331
[2, 12280] loss: 168657.375
[2, 12300] loss: 153118.838
[2, 12320] loss: 110536.534
[2, 12340] loss: 152400.219
[2, 12360] loss: 197424.756
[2, 12380] loss: 223592.202
[2, 12400] loss: 209547.052
[2, 12420] loss: 210944.174
[2, 12440] loss: 201297.292
[2, 12460] loss: 263153.488
[2, 12480] loss: 262947.216
[2, 12500] loss: 101560.837
[2, 12520] loss: 193042.279
[2, 12540] loss: 106584.587
[2, 12560] loss: 104168.061
[2, 12580] loss: 113910.023
[2, 12600] loss: 165269.555
[2, 12620] loss: 137440.242
[2, 12640] loss: 275591.262
[2, 12660] loss: 159457.115
[2, 12680] loss: 104230.444
[2, 12700] loss: 141223.342
[2, 12720] loss: 237860.396
[2, 12740] loss: 101005.027
[2, 12760] loss: 56772.420
[2, 12780] loss: 129753.664
[2, 12800] loss: 90460.945
[2, 12820] loss: 190712.597
[2, 12840] loss: 97898.499
[2, 12860] loss: 115374.600
[2, 12880] loss: 49170.921
[2, 12900] loss: 76376.934
[2, 12920] loss: 71352.739
[2, 12940] loss: 220671.223
[2, 12960] loss: 301027.282
[2, 12980] loss: 154795.897
[2, 13000] loss: 94410.983
[2, 13020] loss: 74541.661
[2, 13040] loss: 182011.072
[2, 13060] loss: 109361.532
[2, 13080] loss: 68363.606
[2, 13100] loss: 165586.158
[2, 13120] loss: 41447.768
[2, 13140] loss: 80703.204
[2, 13160] loss: 55149.941
[2, 13180] loss: 36564.111
[2, 13200] loss: 82047.153
[2, 13220] loss: 193778.413
[2, 13240] loss: 52433.519
[2, 13260] loss: 90332.343
[2, 13280] loss: 42770.763
[2, 13300] loss: 67372.261
[2, 13320] loss: 79387.836
[2, 13340] loss: 116137.757
[2, 13360] loss: 85916.533
[2, 13380] loss: 137438.048
[2, 13400] loss: 70357.333
[2, 13420] loss: 97264.107
[2, 13440] loss: 71752.013
[2, 13460] loss: 86303.306
[2, 13480] loss: 64165.379
[2, 13500] loss: 31508.244
[2, 13520] loss: 129283.441
[2, 13540] loss: 100972.213
[2, 13560] loss: 52333.532
[2, 13580] loss: 111796.047
[2, 13600] loss: 191579.970
[2, 13620] loss: 137709.748
[2, 13640] loss: 153036.343
[2, 13660] loss: 164128.886
[2, 13680] loss: 135493.567
[2, 13700] loss: 231496.265
[2, 13720] loss: 108740.195
[2, 13740] loss: 200299.780
[2, 13760] loss: 229166.829
[2, 13780] loss: 160520.791
[2, 13800] loss: 45620.869
[2, 13820] loss: 91668.651
[2, 13840] loss: 286595.036
[2, 13860] loss: 125552.226
[2, 13880] loss: 101498.565
[2, 13900] loss: 98170.416
[2, 13920] loss: 45019.886
[2, 13940] loss: 84718.417
[2, 13960] loss: 66859.740
[2, 13980] loss: 64428.428
[2, 14000] loss: 32417.146
[2, 14020] loss: 38891.008
[2, 14040] loss: 82274.079
[2, 14060] loss: 135159.657
[2, 14080] loss: 80365.963
[2, 14100] loss: 74747.120
[2, 14120] loss: 68698.441
[2, 14140] loss: 32758.482
[2, 14160] loss: 87326.080
[2, 14180] loss: 30102.021
[2, 14200] loss: 99270.999
[2, 14220] loss: 81265.329
[2, 14240] loss: 75168.493
[2, 14260] loss: 77530.134
[2, 14280] loss: 29954.855
[2, 14300] loss: 46485.903
[2, 14320] loss: 97533.020
[2, 14340] loss: 79828.840
[2, 14360] loss: 28356.168
[2, 14380] loss: 127557.342
[2, 14400] loss: 72110.345
[2, 14420] loss: 55290.729
[2, 14440] loss: 81123.795
[2, 14460] loss: 103336.735
[2, 14480] loss: 70112.292
[2, 14500] loss: 322938.644
[2, 14520] loss: 114848.550
[2, 14540] loss: 131752.878
[2, 14560] loss: 105520.111
[2, 14580] loss: 43810.180
[2, 14600] loss: 52883.571
[2, 14620] loss: 87926.992
[2, 14640] loss: 67952.959
[2, 14660] loss: 145020.314
[2, 14680] loss: 172912.326
[2, 14700] loss: 60767.931
[2, 14720] loss: 83539.845
[2, 14740] loss: 160561.439
[2, 14760] loss: 113071.722
[2, 14780] loss: 82583.326
[2, 14800] loss: 45762.581
[2, 14820] loss: 135879.951
[2, 14840] loss: 73058.294
[2, 14860] loss: 69163.788
[2, 14880] loss: 250880.913
[2, 14900] loss: 177038.267
[2, 14920] loss: 248238.722
[2, 14940] loss: 47895.663
[2, 14960] loss: 50641.866
[2, 14980] loss: 38915.404
[2, 15000] loss: 107658.957
[2, 15020] loss: 227502.630
[2, 15040] loss: 102821.820
[2, 15060] loss: 33149.030
[2, 15080] loss: 37961.859
[2, 15100] loss: 150601.795
[2, 15120] loss: 129052.580
[2, 15140] loss: 99415.912
[2, 15160] loss: 80916.772
[2, 15180] loss: 17527.812
[2, 15200] loss: 41995.462
[2, 15220] loss: 76589.983
[2, 15240] loss: 31094.714
[2, 15260] loss: 26265.459
[2, 15280] loss: 178955.350
[2, 15300] loss: 80727.156
[2, 15320] loss: 194185.704
[2, 15340] loss: 103151.975
[2, 15360] loss: 100386.097
[2, 15380] loss: 79182.005
[2, 15400] loss: 24768.074
[2, 15420] loss: 76952.901
[2, 15440] loss: 26942.570
[2, 15460] loss: 12466.338
[2, 15480] loss: 50671.955
[2, 15500] loss: 65600.457
[2, 15520] loss: 69652.965
[2, 15540] loss: 148596.423
[2, 15560] loss: 231254.221
[2, 15580] loss: 200853.175
[2, 15600] loss: 90952.330
[2, 15620] loss: 47443.700
[2, 15640] loss: 37284.512
[2, 15660] loss: 57836.846
[2, 15680] loss: 56750.636
[2, 15700] loss: 75898.252
[2, 15720] loss: 76419.618
[2, 15740] loss: 197375.308
[2, 15760] loss: 100352.389
[2, 15780] loss: 108974.421
[2, 15800] loss: 124629.748
[2, 15820] loss: 108656.878
[2, 15840] loss: 86103.253
[2, 15860] loss: 99310.857
[2, 15880] loss: 22461.248
[2, 15900] loss: 116632.275
[2, 15920] loss: 62428.434
[2, 15940] loss: 39746.509
[2, 15960] loss: 152854.235
[2, 15980] loss: 60532.526
[2, 16000] loss: 36299.497
[2, 16020] loss: 56104.347
[2, 16040] loss: 57539.643
[2, 16060] loss: 64151.719
[2, 16080] loss: 26669.716
[2, 16100] loss: 111537.207
[2, 16120] loss: 53237.183
[2, 16140] loss: 89043.757
[2, 16160] loss: 145246.988
[2, 16180] loss: 53326.722
[2, 16200] loss: 20169.297
[2, 16220] loss: 30296.811
[2, 16240] loss: 88291.791
[2, 16260] loss: 12612.904
[2, 16280] loss: 135753.865
[2, 16300] loss: 196590.471
[2, 16320] loss: 86050.222
[2, 16340] loss: 46473.358
[2, 16360] loss: 75883.105
[2, 16380] loss: 91488.883
[2, 16400] loss: 93481.306
[2, 16420] loss: 68001.764
[2, 16440] loss: 72461.098
[2, 16460] loss: 67097.036
[2, 16480] loss: 51064.345
[2, 16500] loss: 74812.147
[2, 16520] loss: 80613.460
[2, 16540] loss: 71825.870
[2, 16560] loss: 74553.145
[2, 16580] loss: 422613.797
[2, 16600] loss: 1283400.760
[2, 16620] loss: 670992.394
[2, 16640] loss: 170062.878
[2, 16660] loss: 41855.677
[2, 16680] loss: 27262.143
[2, 16700] loss: 37120.880
[2, 16720] loss: 25137.370
[2, 16740] loss: 35142.612
[2, 16760] loss: 11980.271
[2, 16780] loss: 29192.806
[2, 16800] loss: 32588.452
[2, 16820] loss: 21717.053
[2, 16840] loss: 42476.427
[2, 16860] loss: 16453.054
[2, 16880] loss: 55981.319
[2, 16900] loss: 50175.689
[2, 16920] loss: 38557.416
[2, 16940] loss: 14371.491
[2, 16960] loss: 11672.668
[2, 16980] loss: 13514.998
[2, 17000] loss: 39221.559
[2, 17020] loss: 31969.657
[2, 17040] loss: 46400.430
[2, 17060] loss: 29596.347
[2, 17080] loss: 23886.622
[2, 17100] loss: 32276.085
[2, 17120] loss: 95527.355
[2, 17140] loss: 140713.086
[2, 17160] loss: 49878.559
[2, 17180] loss: 20689.461
[2, 17200] loss: 40751.062
[2, 17220] loss: 24682.015
[2, 17240] loss: 30223.865
[2, 17260] loss: 15348.625
[2, 17280] loss: 15610.053
[2, 17300] loss: 41693.983
[2, 17320] loss: 21059.692
[2, 17340] loss: 17572.327
[2, 17360] loss: 26627.270
[2, 17380] loss: 24732.428
[2, 17400] loss: 13946.612
[2, 17420] loss: 8819.217
[2, 17440] loss: 21949.083
[2, 17460] loss: 11403.101
[2, 17480] loss: 56945.229
[2, 17500] loss: 31837.505
[2, 17520] loss: 11620.629
[2, 17540] loss: 13980.403
[2, 17560] loss: 13324.593
[2, 17580] loss: 16387.820
[2, 17600] loss: 16279.276
[2, 17620] loss: 6980.491
[2, 17640] loss: 6782.907
[2, 17660] loss: 8502.454
[2, 17680] loss: 14647.576
[2, 17700] loss: 18934.317
[2, 17720] loss: 38426.736
[2, 17740] loss: 27281.451
[2, 17760] loss: 15524.155
[2, 17780] loss: 11354.164
[2, 17800] loss: 14449.608
[2, 17820] loss: 27270.441
[2, 17840] loss: 15837.772
[2, 17860] loss: 5321.300
[2, 17880] loss: 11102.746
[2, 17900] loss: 24053.133
[2, 17920] loss: 44027.083
[2, 17940] loss: 40374.234
[2, 17960] loss: 20084.748
[2, 17980] loss: 167551.684
[2, 18000] loss: 117408.186
[2, 18020] loss: 76216.384
[2, 18040] loss: 45064.368
[2, 18060] loss: 160143.611
[2, 18080] loss: 82107.218
[2, 18100] loss: 41602.982
[2, 18120] loss: 10979.839
[2, 18140] loss: 10056.852
[2, 18160] loss: 13762.223
[2, 18180] loss: 9929.475
[2, 18200] loss: 13773.949
[2, 18220] loss: 14789.076
[2, 18240] loss: 17863.162
[2, 18260] loss: 22276.135
[2, 18280] loss: 4927.474
[2, 18300] loss: 6097.275
[2, 18320] loss: 10168.416
[2, 18340] loss: 7919.412
[2, 18360] loss: 11855.002
[2, 18380] loss: 12602.092
[2, 18400] loss: 6899.270
[2, 18420] loss: 8060.417
[2, 18440] loss: 5456.792
[2, 18460] loss: 5756.497
[2, 18480] loss: 2442.122
[2, 18500] loss: 6524.108
[2, 18520] loss: 4423.913
[2, 18540] loss: 7443.144
[2, 18560] loss: 5491.834
[2, 18580] loss: 7743.451
[2, 18600] loss: 8363.813
[2, 18620] loss: 14202.978
[2, 18640] loss: 17599.797
[2, 18660] loss: 23174.382
[2, 18680] loss: 4130.698
[2, 18700] loss: 4953.654
[2, 18720] loss: 4191.535
[2, 18740] loss: 10022.271
[2, 18760] loss: 12135.847
[2, 18780] loss: 10062.074
[2, 18800] loss: 16810.212
[2, 18820] loss: 3465.047
[2, 18840] loss: 5242.136
[2, 18860] loss: 3900.081
[2, 18880] loss: 5033.738
[2, 18900] loss: 4629.387
[2, 18920] loss: 6199.539
[2, 18940] loss: 11570.430
[2, 18960] loss: 17200.282
[2, 18980] loss: 24801.796
[2, 19000] loss: 7245.232
[2, 19020] loss: 9469.849
[2, 19040] loss: 11308.984
[2, 19060] loss: 20663.120
[2, 19080] loss: 13192.445
[2, 19100] loss: 25296.941
[2, 19120] loss: 35476.581
[2, 19140] loss: 11514.361
[2, 19160] loss: 8293.100
[2, 19180] loss: 5758.786
[2, 19200] loss: 11316.762
[2, 19220] loss: 9000.830
[2, 19240] loss: 30280.142
[2, 19260] loss: 3460.544
[2, 19280] loss: 11464.024
[2, 19300] loss: 6564.568
[2, 19320] loss: 5443.001
[2, 19340] loss: 10658.219
[2, 19360] loss: 14145.140
[2, 19380] loss: 8797.219
[2, 19400] loss: 6752.446
[2, 19420] loss: 11498.114
[2, 19440] loss: 5632.086
[2, 19460] loss: 4793.713
[2, 19480] loss: 1892.275
[2, 19500] loss: 5527.178
[2, 19520] loss: 14158.749
[2, 19540] loss: 12023.328
[2, 19560] loss: 43983.552
[2, 19580] loss: 54371.263
[2, 19600] loss: 12877.801
[2, 19620] loss: 14948.422
[2, 19640] loss: 18802.107
[2, 19660] loss: 6087.468
[2, 19680] loss: 12732.096
[2, 19700] loss: 19078.684
[2, 19720] loss: 7075.304
[2, 19740] loss: 9002.735
[2, 19760] loss: 2761.126
[2, 19780] loss: 8756.252
[2, 19800] loss: 15680.271
[2, 19820] loss: 14651.269
[2, 19840] loss: 6842.800
[2, 19860] loss: 5521.101
[2, 19880] loss: 4161.982
[2, 19900] loss: 68799.938
[2, 19920] loss: 91713.062
[2, 19940] loss: 61347.498
[2, 19960] loss: 20335.085
[2, 19980] loss: 4613.158
[2, 20000] loss: 3115.590
[2, 20020] loss: 5076.076
[2, 20040] loss: 7738.712
[2, 20060] loss: 5496.109
[2, 20080] loss: 5566.142
[2, 20100] loss: 7889.172
[2, 20120] loss: 5233.733
[2, 20140] loss: 2470.711
[2, 20160] loss: 3278.514
[2, 20180] loss: 3826.395
[2, 20200] loss: 2397.955
[2, 20220] loss: 2630.265
[2, 20240] loss: 2067.542
[2, 20260] loss: 2944.558
[2, 20280] loss: 3362.708
[2, 20300] loss: 2028.001
[2, 20320] loss: 1990.405
[2, 20340] loss: 2187.110
[2, 20360] loss: 4461.633
[2, 20380] loss: 8563.434
[2, 20400] loss: 16496.707
[2, 20420] loss: 7222.114
[2, 20440] loss: 6499.624
[2, 20460] loss: 10084.723
[2, 20480] loss: 5260.099
[2, 20500] loss: 7392.963
[2, 20520] loss: 4023.760
[2, 20540] loss: 3308.975
[2, 20560] loss: 2953.045
[2, 20580] loss: 1673.353
[2, 20600] loss: 2881.135
[2, 20620] loss: 2103.414
[2, 20640] loss: 920.477
[2, 20660] loss: 1434.540
[2, 20680] loss: 1928.282
[2, 20700] loss: 2516.593
[2, 20720] loss: 2046.507
[2, 20740] loss: 3454.160
[2, 20760] loss: 3803.150
[2, 20780] loss: 2905.097
[2, 20800] loss: 1047.245
[2, 20820] loss: 1200.913
[2, 20840] loss: 3001.458
[2, 20860] loss: 3276.048
[2, 20880] loss: 2910.615
[2, 20900] loss: 12417.524
[2, 20920] loss: 5978.351
[2, 20940] loss: 2521.784
[2, 20960] loss: 1847.921
[2, 20980] loss: 2147.980
[2, 21000] loss: 1126.588
[2, 21020] loss: 864.558
[2, 21040] loss: 1693.839
[2, 21060] loss: 1219.225
[2, 21080] loss: 3798.782
[2, 21100] loss: 1075.164
[2, 21120] loss: 3858.722
[2, 21140] loss: 3266.153
[2, 21160] loss: 8558.659
[2, 21180] loss: 2630.595
[2, 21200] loss: 1980.191
[2, 21220] loss: 1735.958
[2, 21240] loss: 1802.499
[2, 21260] loss: 2261.827
[2, 21280] loss: 2700.265
[2, 21300] loss: 6127.562
[2, 21320] loss: 2115.529
[2, 21340] loss: 3856.258
[2, 21360] loss: 2296.784
[2, 21380] loss: 4125.484
[2, 21400] loss: 2761.345
[2, 21420] loss: 2507.580
[2, 21440] loss: 1289.765
[2, 21460] loss: 6391.434
[2, 21480] loss: 15859.962
[2, 21500] loss: 5927.492
[2, 21520] loss: 7661.050
[2, 21540] loss: 9359.894
[2, 21560] loss: 4175.986
[2, 21580] loss: 4383.734
[2, 21600] loss: 3108.039
[2, 21620] loss: 11449.352
[2, 21640] loss: 16581.145
[2, 21660] loss: 13165.053
[2, 21680] loss: 5135.399
[2, 21700] loss: 2630.307
[2, 21720] loss: 1851.859
[2, 21740] loss: 1156.647
[2, 21760] loss: 2129.830
[2, 21780] loss: 3497.139
[2, 21800] loss: 2271.117
[2, 21820] loss: 415.722
[2, 21840] loss: 906.754
[2, 21860] loss: 414.486
[2, 21880] loss: 1482.848
[2, 21900] loss: 2328.616
[2, 21920] loss: 1479.035
[2, 21940] loss: 1165.496
[2, 21960] loss: 867.570
[2, 21980] loss: 657.910
[2, 22000] loss: 515.897
[2, 22020] loss: 966.151
[2, 22040] loss: 617.216
[2, 22060] loss: 1200.965
[2, 22080] loss: 573.440
[2, 22100] loss: 688.232
[2, 22120] loss: 1212.696
[2, 22140] loss: 4532.372
[2, 22160] loss: 24784.783
[2, 22180] loss: 11748.484
[2, 22200] loss: 2210.676
[2, 22220] loss: 1512.892
[2, 22240] loss: 1531.687
[2, 22260] loss: 1081.977
[2, 22280] loss: 1234.257
[2, 22300] loss: 1147.906
[2, 22320] loss: 184.742
[2, 22340] loss: 349.408
[2, 22360] loss: 516.208
[2, 22380] loss: 504.148
[2, 22400] loss: 347.645
[2, 22420] loss: 1052.358
[2, 22440] loss: 1388.239
[2, 22460] loss: 1467.706
[2, 22480] loss: 1237.498
[2, 22500] loss: 817.061
[2, 22520] loss: 1618.044
[2, 22540] loss: 1681.332
[2, 22560] loss: 513.248
[2, 22580] loss: 676.224
[2, 22600] loss: 505.830
[2, 22620] loss: 360.960
[2, 22640] loss: 268.984
[2, 22660] loss: 315.019
[2, 22680] loss: 349.388
[2, 22700] loss: 227.615
[2, 22720] loss: 530.262
[2, 22740] loss: 1192.290
[2, 22760] loss: 451.273
[2, 22780] loss: 582.876
[2, 22800] loss: 736.258
[2, 22820] loss: 294.694
[2, 22840] loss: 762.991
[2, 22860] loss: 2048.653
[2, 22880] loss: 879.047
[2, 22900] loss: 1026.154
[2, 22920] loss: 1144.033
[2, 22940] loss: 1265.426
[2, 22960] loss: 936.672
[2, 22980] loss: 2339.931
[2, 23000] loss: 971.895
[2, 23020] loss: 819.144
[2, 23040] loss: 408.953
[2, 23060] loss: 1595.706
[2, 23080] loss: 2012.827
[2, 23100] loss: 2339.713
[2, 23120] loss: 3438.417
[2, 23140] loss: 6634.943
[2, 23160] loss: 2801.896
[2, 23180] loss: 3773.387
[2, 23200] loss: 1144.102
[2, 23220] loss: 1712.123
[2, 23240] loss: 1143.695
[2, 23260] loss: 1382.677
[2, 23280] loss: 397.801
[2, 23300] loss: 90.144
[2, 23320] loss: 327.338
[2, 23340] loss: 373.200
[2, 23360] loss: 294.515
[2, 23380] loss: 436.434
[2, 23400] loss: 305.145
[2, 23420] loss: 306.246
[2, 23440] loss: 375.660
[2, 23460] loss: 154.131
[2, 23480] loss: 182.586
[2, 23500] loss: 334.211
[2, 23520] loss: 338.740
[2, 23540] loss: 636.873
[2, 23560] loss: 308.135
[2, 23580] loss: 330.445
[2, 23600] loss: 254.944
[2, 23620] loss: 997.387
[2, 23640] loss: 756.315
[2, 23660] loss: 420.384
[2, 23680] loss: 569.516
[2, 23700] loss: 1290.379
[2, 23720] loss: 1214.950
[2, 23740] loss: 726.697
[2, 23760] loss: 783.527
[2, 23780] loss: 627.175
[2, 23800] loss: 201.841
[2, 23820] loss: 147.272
[2, 23840] loss: 495.159
[2, 23860] loss: 247.970
[2, 23880] loss: 276.678
[2, 23900] loss: 109.078
[2, 23920] loss: 640.752
[2, 23940] loss: 854.762
[2, 23960] loss: 899.533
[2, 23980] loss: 642.473
[2, 24000] loss: 779.249
[2, 24020] loss: 1143.688
[2, 24040] loss: 1314.196
[2, 24060] loss: 943.207
[2, 24080] loss: 873.670
[2, 24100] loss: 3085.342
[2, 24120] loss: 2400.307
[2, 24140] loss: 2998.983
[2, 24160] loss: 708.677
[2, 24180] loss: 431.635
[2, 24200] loss: 432.926
[2, 24220] loss: 801.293
[2, 24240] loss: 611.711
[2, 24260] loss: 242.703
[2, 24280] loss: 277.124
[2, 24300] loss: 354.085
[2, 24320] loss: 164.029
[2, 24340] loss: 145.349
[2, 24360] loss: 186.037
[2, 24380] loss: 364.492
[2, 24400] loss: 935.412
[2, 24420] loss: 1125.670
[2, 24440] loss: 1004.162
[2, 24460] loss: 432.469
[2, 24480] loss: 716.671
[2, 24500] loss: 2668.656
[2, 24520] loss: 5536.371
[2, 24540] loss: 3405.027
[2, 24560] loss: 1155.269
[2, 24580] loss: 580.916
[2, 24600] loss: 343.228
[2, 24620] loss: 2054.557
[2, 24640] loss: 423.643
[2, 24660] loss: 440.618
[2, 24680] loss: 537.301
[2, 24700] loss: 1119.324
[2, 24720] loss: 1178.552
[2, 24740] loss: 1216.930
[2, 24760] loss: 682.830
[2, 24780] loss: 167.681
[2, 24800] loss: 66.128
[2, 24820] loss: 199.368
[2, 24840] loss: 331.815
[2, 24860] loss: 935.796
[2, 24880] loss: 498.494
[2, 24900] loss: 172.011
[2, 24920] loss: 216.001
[2, 24940] loss: 577.138
[2, 24960] loss: 506.192
[2, 24980] loss: 240.516
[2, 25000] loss: 555.086
[2, 25020] loss: 218.709
[2, 25040] loss: 488.517
[2, 25060] loss: 578.686
[2, 25080] loss: 332.077
[2, 25100] loss: 75.467
[2, 25120] loss: 96.009
[2, 25140] loss: 107.960
[2, 25160] loss: 64.338
[2, 25180] loss: 67.052
[2, 25200] loss: 66.221
[2, 25220] loss: 190.919
[2, 25240] loss: 500.083
[2, 25260] loss: 228.671
[2, 25280] loss: 216.063
[2, 25300] loss: 198.699
[2, 25320] loss: 112.888
[2, 25340] loss: 63.529
[2, 25360] loss: 86.614
[2, 25380] loss: 137.693
[2, 25400] loss: 378.129
[2, 25420] loss: 1617.002
[2, 25440] loss: 6768.451
[2, 25460] loss: 5765.595
[2, 25480] loss: 1709.667
[2, 25500] loss: 1856.220
[2, 25520] loss: 784.729
[2, 25540] loss: 268.802
[2, 25560] loss: 197.666
[2, 25580] loss: 93.851
[2, 25600] loss: 157.376
[2, 25620] loss: 504.094
[2, 25640] loss: 854.860
[2, 25660] loss: 507.479
[2, 25680] loss: 361.874
[2, 25700] loss: 536.754
[2, 25720] loss: 421.926
[2, 25740] loss: 198.045
[2, 25760] loss: 211.792
[2, 25780] loss: 82.046
[2, 25800] loss: 41.776
[2, 25820] loss: 162.887
[2, 25840] loss: 77.808
[2, 25860] loss: 117.844
[2, 25880] loss: 172.677
[2, 25900] loss: 289.460
[2, 25920] loss: 195.007
[2, 25940] loss: 105.721
[2, 25960] loss: 51.861
[2, 25980] loss: 142.921
[2, 26000] loss: 96.648
[2, 26020] loss: 209.142
[2, 26040] loss: 457.699
[2, 26060] loss: 1499.511
[2, 26080] loss: 5010.968
[2, 26100] loss: 3491.194
[2, 26120] loss: 1319.176
[2, 26140] loss: 1514.073
[2, 26160] loss: 998.642
[2, 26180] loss: 2888.291
[2, 26200] loss: 3290.128
[2, 26220] loss: 5015.077
[2, 26240] loss: 30501.867
[2, 26260] loss: 12057964.334
[2, 26280] loss: 2094541464.831
[2, 26300] loss: 4327164246.725
[2, 26320] loss: 682300506.148
[2, 26340] loss: 32855283.162
[2, 26360] loss: 1088611.691
[2, 26380] loss: 721345.176
[2, 26400] loss: 894740.941
[2, 26420] loss: 549133.046
[2, 26440] loss: 284919.715
[2, 26460] loss: 144572.285
[2, 26480] loss: 328697.938
[2, 26500] loss: 287716.741
[2, 26520] loss: 166836.937
[2, 26540] loss: 186552.893
[2, 26560] loss: 232981.483
[2, 26580] loss: 85638.579
[2, 26600] loss: 191114.955
[2, 26620] loss: 102614.078
[2, 26640] loss: 107833.470
[2, 26660] loss: 56459.432
[2, 26680] loss: 146632.577
[2, 26700] loss: 81718.144
[2, 26720] loss: 88390.018
[2, 26740] loss: 85461.813
[2, 26760] loss: 85896.195
[2, 26780] loss: 78317.712
[2, 26800] loss: 95259.247
[2, 26820] loss: 33127.211
[2, 26840] loss: 66308.542
[2, 26860] loss: 107234.821
[2, 26880] loss: 51941.126
[2, 26900] loss: 25308.702
[2, 26920] loss: 34990.327
[2, 26940] loss: 19928.431
[2, 26960] loss: 53096.296
[2, 26980] loss: 26903.312
[2, 27000] loss: 58736.294
[2, 27020] loss: 53705.204
[2, 27040] loss: 48775.335
[2, 27060] loss: 33931.382
[2, 27080] loss: 66020.282
[2, 27100] loss: 60893.819
[2, 27120] loss: 69445.706
[2, 27140] loss: 38015.419
[2, 27160] loss: 29484.195
[2, 27180] loss: 38362.899
[2, 27200] loss: 26730.218
[2, 27220] loss: 40573.687
[2, 27240] loss: 60540.724
[2, 27260] loss: 43437.664
[2, 27280] loss: 17650.250
[2, 27300] loss: 34828.993
[2, 27320] loss: 36161.269
[2, 27340] loss: 32427.074
[2, 27360] loss: 61913.279
[2, 27380] loss: 30697.772
[2, 27400] loss: 32788.525
[2, 27420] loss: 30416.488
[2, 27440] loss: 28780.337
[2, 27460] loss: 28813.501
[2, 27480] loss: 15328.510
[2, 27500] loss: 42668.945
[2, 27520] loss: 23721.161
[2, 27540] loss: 32813.685
[2, 27560] loss: 25402.385
[2, 27580] loss: 22734.250
[2, 27600] loss: 29703.477
[2, 27620] loss: 26379.105
[2, 27640] loss: 38655.359
[2, 27660] loss: 25655.118
[2, 27680] loss: 18404.822
[2, 27700] loss: 19716.749
[2, 27720] loss: 14082.016
[2, 27740] loss: 35029.284
[2, 27760] loss: 28400.350
[2, 27780] loss: 29557.500
[2, 27800] loss: 18251.242
[2, 27820] loss: 26530.244
[2, 27840] loss: 20500.683
[2, 27860] loss: 32489.529
[2, 27880] loss: 23505.417
[2, 27900] loss: 22840.834
[2, 27920] loss: 33879.443
[2, 27940] loss: 9803.329
[2, 27960] loss: 28229.824
[2, 27980] loss: 23571.690
[2, 28000] loss: 29987.551
[2, 28020] loss: 21969.588
[2, 28040] loss: 23398.142
[2, 28060] loss: 28304.167
[2, 28080] loss: 16564.620
[2, 28100] loss: 24114.852
[2, 28120] loss: 28866.243
[2, 28140] loss: 17107.490
[2, 28160] loss: 36134.912
[2, 28180] loss: 24177.888
[2, 28200] loss: 18321.091
[2, 28220] loss: 14775.459
[2, 28240] loss: 11348.555
[2, 28260] loss: 20307.538
[2, 28280] loss: 12798.301
[2, 28300] loss: 15105.320
[2, 28320] loss: 12083.542
[2, 28340] loss: 24620.844
[2, 28360] loss: 111290.616
[2, 28380] loss: 24691.015
[2, 28400] loss: 17493.451
[2, 28420] loss: 15194.580
[2, 28440] loss: 14299.474
[2, 28460] loss: 11776.191
[2, 28480] loss: 18940.805
[2, 28500] loss: 13749.179
[2, 28520] loss: 23825.912
[2, 28540] loss: 20725.525
[2, 28560] loss: 12075.546
[2, 28580] loss: 17522.849
[2, 28600] loss: 33515.195
[2, 28620] loss: 11217.943
[2, 28640] loss: 11907.465
[2, 28660] loss: 16093.430
[2, 28680] loss: 13893.639
[2, 28700] loss: 27787.506
[2, 28720] loss: 20509.684
[2, 28740] loss: 17615.406
[2, 28760] loss: 8359.946
[2, 28780] loss: 17651.761
[2, 28800] loss: 23485.648
[2, 28820] loss: 14846.333
[2, 28840] loss: 13168.723
[2, 28860] loss: 12322.383
[2, 28880] loss: 11290.834
[2, 28900] loss: 12503.295
[2, 28920] loss: 22669.845
[2, 28940] loss: 32260.735
[2, 28960] loss: 14103.878
[2, 28980] loss: 6440.671
[2, 29000] loss: 8084.120
[2, 29020] loss: 5410.200
[2, 29040] loss: 13984.608
[2, 29060] loss: 13690.111
[2, 29080] loss: 8322.280
[2, 29100] loss: 11573.774
[2, 29120] loss: 19063.709
[2, 29140] loss: 13702.347
[2, 29160] loss: 8634.610
[2, 29180] loss: 4821.334
[2, 29200] loss: 11246.639
[2, 29220] loss: 8301.211
[2, 29240] loss: 43260.962
[2, 29260] loss: 12361.387
[2, 29280] loss: 16350.395
[2, 29300] loss: 4139.392
[2, 29320] loss: 8771.710
[2, 29340] loss: 8663.292
[2, 29360] loss: 12807.847
[2, 29380] loss: 8246.001
[2, 29400] loss: 6361.131
[2, 29420] loss: 17750.452
[2, 29440] loss: 8114.329
[2, 29460] loss: 7428.005
[2, 29480] loss: 23952.911
[2, 29500] loss: 7291.588
[2, 29520] loss: 11004.242
[2, 29540] loss: 10703.828
[2, 29560] loss: 6159.899
[2, 29580] loss: 8742.596
[2, 29600] loss: 6202.735
[2, 29620] loss: 11685.753
[2, 29640] loss: 12810.975
[2, 29660] loss: 15822.688
[2, 29680] loss: 19604.640
[2, 29700] loss: 3659.710
[2, 29720] loss: 7082.278
[2, 29740] loss: 9299.108
[2, 29760] loss: 16828.051
[2, 29780] loss: 9313.773
[2, 29800] loss: 4484.924
[2, 29820] loss: 7837.586
[2, 29840] loss: 11710.761
[2, 29860] loss: 7345.482
[2, 29880] loss: 8982.559
[2, 29900] loss: 7861.380
[2, 29920] loss: 5549.769
[2, 29940] loss: 10373.938
[2, 29960] loss: 11935.071
[2, 29980] loss: 15881.868
[2, 30000] loss: 7236.379
[2, 30020] loss: 8136.801
[2, 30040] loss: 8198.447
[2, 30060] loss: 10475.162
[2, 30080] loss: 10572.261
[2, 30100] loss: 5697.129
[2, 30120] loss: 8929.822
[2, 30140] loss: 8956.238
[2, 30160] loss: 9087.396
[2, 30180] loss: 5832.272
[2, 30200] loss: 9838.276
[2, 30220] loss: 7241.584
[2, 30240] loss: 5355.865
[2, 30260] loss: 11560.310
[2, 30280] loss: 8224.343
[2, 30300] loss: 9107.328
[2, 30320] loss: 7656.287
[2, 30340] loss: 5453.307
[2, 30360] loss: 6760.594
[2, 30380] loss: 6699.549
[2, 30400] loss: 14274.640
[2, 30420] loss: 7125.325
[1,    20] loss: 5283.456
[1,    40] loss: 3803.762
[1,    60] loss: 2641.771
[1,    80] loss: 2019.128
[1,   100] loss: 2293.857
[1,   120] loss: 2457.174
[1,   140] loss: 2170.823
[1,   160] loss: 4683.311
[1,   180] loss: 5282.630
[1,   200] loss: 4910.010
[1,   220] loss: 5316.249
[1,   240] loss: 5109.672
[1,   260] loss: 4869.814
[1,   280] loss: 4661.899
[1,   300] loss: 4472.787
[1,   320] loss: 4326.901
[1,   340] loss: 4450.308
[1,   360] loss: 5021.684
[1,   380] loss: 5076.549
[1,   400] loss: 5100.347
[1,   420] loss: 5716.473
[1,   440] loss: 6299.774
[1,   460] loss: 6082.501
[1,   480] loss: 5998.899
[1,   500] loss: 6459.919
[1,   520] loss: 6444.616
[1,   540] loss: 6223.586
[1,   560] loss: 6007.068
[1,   580] loss: 5809.134
[1,   600] loss: 5703.613
[1,   620] loss: 5715.897
[1,   640] loss: 6113.291
[1,   660] loss: 6253.358
[1,   680] loss: 6314.470
[1,   700] loss: 6231.141
[1,   720] loss: 6142.066
[1,   740] loss: 6041.628
[1,   760] loss: 5943.232
[1,   780] loss: 5820.326
[1,   800] loss: 5703.456
[1,   820] loss: 5568.820
[1,   840] loss: 5443.158
[1,   860] loss: 5324.823
[1,   880] loss: 5221.092
[1,   900] loss: 5143.366
[1,   920] loss: 5120.203
[1,   940] loss: 5064.457
[1,   960] loss: 4961.270
[1,   980] loss: 4863.090
[1,  1000] loss: 4792.780
[1,  1020] loss: 4810.973
[1,  1040] loss: 4915.834
[1,  1060] loss: 4927.698
[1,  1080] loss: 4869.752
[1,  1100] loss: 4816.871
[1,  1120] loss: 4816.750
[1,  1140] loss: 4797.175
[1,  1160] loss: 4806.170
[1,  1180] loss: 4819.319
[1,  1200] loss: 4823.724
[1,  1220] loss: 4799.599
[1,  1240] loss: 4734.536
[1,  1260] loss: 4668.698
[1,  1280] loss: 4614.961
[1,  1300] loss: 4572.301
[1,  1320] loss: 4544.750
[1,  1340] loss: 4610.343
[1,  1360] loss: 4749.126
[1,  1380] loss: 4904.810
[1,  1400] loss: 5019.364
[1,  1420] loss: 5100.249
[1,  1440] loss: 5131.644
[1,  1460] loss: 5145.629
[1,  1480] loss: 5214.028
[1,  1500] loss: 5264.697
[1,  1520] loss: 5309.303
[1,  1540] loss: 5346.683
[1,  1560] loss: 5401.013
[1,  1580] loss: 5487.419
[1,  1600] loss: 5613.990
[1,  1620] loss: 5684.806
[1,  1640] loss: 5742.122
[1,  1660] loss: 5787.715
[1,  1680] loss: 5831.319
[1,  1700] loss: 5908.308
[1,  1720] loss: 5949.302
[1,  1740] loss: 5953.004
[1,  1760] loss: 5978.516
[1,  1780] loss: 6015.315
[1,  1800] loss: 6084.374
[1,  1820] loss: 6195.649
[1,  1840] loss: 6332.076
[1,  1860] loss: 6336.685
[1,  1880] loss: 6295.859
[1,  1900] loss: 6261.985
[1,  1920] loss: 6215.558
[1,  1940] loss: 6155.472
[1,  1960] loss: 6101.249
[1,  1980] loss: 6061.324
[1,  2000] loss: 6030.098
[1,  2020] loss: 5980.204
[1,  2040] loss: 5924.913
[1,  2060] loss: 5871.632
[1,  2080] loss: 5840.781
[1,  2100] loss: 5793.460
[1,  2120] loss: 5745.160
[1,  2140] loss: 5712.694
[1,  2160] loss: 5701.534
[1,  2180] loss: 5688.835
[1,  2200] loss: 5678.775
[1,  2220] loss: 5705.126
[1,  2240] loss: 5735.104
[1,  2260] loss: 5754.866
[1,  2280] loss: 5755.641
[1,  2300] loss: 5786.114
[1,  2320] loss: 5864.007
[1,  2340] loss: 5947.329
[1,  2360] loss: 5910.553
[1,  2380] loss: 5891.232
[1,  2400] loss: 5896.284
[1,  2420] loss: 5911.061
[1,  2440] loss: 5923.422
[1,  2460] loss: 5910.829
[1,  2480] loss: 5897.272
[1,  2500] loss: 5902.506
[1,  2520] loss: 5894.091
[1,  2540] loss: 5882.476
[1,  2560] loss: 5852.901
[1,  2580] loss: 5845.736
[1,  2600] loss: 5872.347
[1,  2620] loss: 5875.828
[1,  2640] loss: 5860.150
[1,  2660] loss: 5843.285
[1,  2680] loss: 5831.214
[1,  2700] loss: 5790.078
[1,  2720] loss: 5748.130
[1,  2740] loss: 5709.632
[1,  2760] loss: 5671.916
[1,  2780] loss: 5640.095
[1,  2800] loss: 5613.092
[1,  2820] loss: 5600.463
[1,  2840] loss: 5579.720
[1,  2860] loss: 5544.834
[1,  2880] loss: 5515.300
[1,  2900] loss: 5481.675
[1,  2920] loss: 5449.241
[1,  2940] loss: 5425.857
[1,  2960] loss: 5396.382
[1,  2980] loss: 5361.592
[1,  3000] loss: 5329.087
[1,  3020] loss: 5295.358
[1,  3040] loss: 5267.588
[1,  3060] loss: 5243.255
[1,  3080] loss: 5229.779
[1,  3100] loss: 5236.716
[1,  3120] loss: 5212.853
[1,  3140] loss: 5199.350
[1,  3160] loss: 5193.992
[1,  3180] loss: 5227.504
[1,  3200] loss: 5252.452
[1,  3220] loss: 5291.868
[1,  3240] loss: 5345.935
[1,  3260] loss: 5332.283
[1,  3280] loss: 5359.741
[1,  3300] loss: 5423.044
[1,  3320] loss: 5419.994
[1,  3340] loss: 5395.830
[1,  3360] loss: 5365.624
[2,    20] loss: 5283.456
[2,    40] loss: 3803.762
[2,    60] loss: 2641.771
[2,    80] loss: 2019.128
[2,   100] loss: 2293.857
[2,   120] loss: 2457.174
[2,   140] loss: 2170.823
[2,   160] loss: 4683.311
[2,   180] loss: 5282.630
[2,   200] loss: 4910.010
[2,   220] loss: 5316.249
[2,   240] loss: 5109.672
[2,   260] loss: 4869.814
[2,   280] loss: 4661.899
[2,   300] loss: 4472.787
[2,   320] loss: 4326.901
[2,   340] loss: 4450.308
[2,   360] loss: 5021.684
[2,   380] loss: 5076.549
[2,   400] loss: 5100.347
[2,   420] loss: 5716.473
[2,   440] loss: 6299.774
[2,   460] loss: 6082.501
[2,   480] loss: 5998.899
[2,   500] loss: 6459.919
[2,   520] loss: 6444.616
[2,   540] loss: 6223.586
[2,   560] loss: 6007.068
[2,   580] loss: 5809.134
[2,   600] loss: 5703.613
[2,   620] loss: 5715.897
[2,   640] loss: 6113.291
[2,   660] loss: 6253.358
[2,   680] loss: 6314.470
[2,   700] loss: 6231.141
[2,   720] loss: 6142.066
[2,   740] loss: 6041.628
[2,   760] loss: 5943.232
[2,   780] loss: 5820.326
[2,   800] loss: 5703.456
[2,   820] loss: 5568.820
[2,   840] loss: 5443.158
[2,   860] loss: 5324.823
[2,   880] loss: 5221.092
[2,   900] loss: 5143.366
[2,   920] loss: 5120.203
[2,   940] loss: 5064.457
[2,   960] loss: 4961.270
[2,   980] loss: 4863.090
[2,  1000] loss: 4792.780
[2,  1020] loss: 4810.973
[2,  1040] loss: 4915.834
[2,  1060] loss: 4927.698
[2,  1080] loss: 4869.752
[2,  1100] loss: 4816.871
[2,  1120] loss: 4816.750
[2,  1140] loss: 4797.175
[2,  1160] loss: 4806.170
[2,  1180] loss: 4819.319
[2,  1200] loss: 4823.724
[2,  1220] loss: 4799.599
[2,  1240] loss: 4734.536
[2,  1260] loss: 4668.698
[2,  1280] loss: 4614.961
[2,  1300] loss: 4572.301
[2,  1320] loss: 4544.750
[2,  1340] loss: 4610.343
[2,  1360] loss: 4749.126
[2,  1380] loss: 4904.810
[2,  1400] loss: 5019.364
[2,  1420] loss: 5100.249
[2,  1440] loss: 5131.644
[2,  1460] loss: 5145.629
[2,  1480] loss: 5214.028
[2,  1500] loss: 5264.697
[2,  1520] loss: 5309.303
[2,  1540] loss: 5346.683
[2,  1560] loss: 5401.013
[2,  1580] loss: 5487.419
[2,  1600] loss: 5613.990
[2,  1620] loss: 5684.806
[2,  1640] loss: 5742.122
[2,  1660] loss: 5787.715
[2,  1680] loss: 5831.319
[2,  1700] loss: 5908.308
[2,  1720] loss: 5949.302
[2,  1740] loss: 5953.004
[2,  1760] loss: 5978.516
[2,  1780] loss: 6015.315
[2,  1800] loss: 6084.374
[2,  1820] loss: 6195.649
[2,  1840] loss: 6332.076
[2,  1860] loss: 6336.685
[2,  1880] loss: 6295.859
[2,  1900] loss: 6261.985
[2,  1920] loss: 6215.558
[2,  1940] loss: 6155.472
[2,  1960] loss: 6101.249
[2,  1980] loss: 6061.324
[2,  2000] loss: 6030.098
[2,  2020] loss: 5980.204
[2,  2040] loss: 5924.913
[2,  2060] loss: 5871.632
[2,  2080] loss: 5840.781
[2,  2100] loss: 5793.460
[2,  2120] loss: 5745.160
[2,  2140] loss: 5712.694
[2,  2160] loss: 5701.534
[2,  2180] loss: 5688.835
[2,  2200] loss: 5678.775
[2,  2220] loss: 5705.126
[2,  2240] loss: 5735.104
[2,  2260] loss: 5754.866
[2,  2280] loss: 5755.641
[2,  2300] loss: 5786.114
[2,  2320] loss: 5864.007
[2,  2340] loss: 5947.329
[2,  2360] loss: 5910.553
[2,  2380] loss: 5891.232
[2,  2400] loss: 5896.284
[2,  2420] loss: 5911.061
[2,  2440] loss: 5923.422
[2,  2460] loss: 5910.829
[2,  2480] loss: 5897.272
[2,  2500] loss: 5902.506
[2,  2520] loss: 5894.091
[2,  2540] loss: 5882.476
[2,  2560] loss: 5852.901
[2,  2580] loss: 5845.736
[2,  2600] loss: 5872.347
[2,  2620] loss: 5875.828
[2,  2640] loss: 5860.150
[2,  2660] loss: 5843.285
[2,  2680] loss: 5831.214
[2,  2700] loss: 5790.078
[2,  2720] loss: 5748.130
[2,  2740] loss: 5709.632
[2,  2760] loss: 5671.916
[2,  2780] loss: 5640.095
[2,  2800] loss: 5613.092
[2,  2820] loss: 5600.463
[2,  2840] loss: 5579.720
[2,  2860] loss: 5544.834
[2,  2880] loss: 5515.300
[2,  2900] loss: 5481.675
[2,  2920] loss: 5449.241
[2,  2940] loss: 5425.857
[2,  2960] loss: 5396.382
[2,  2980] loss: 5361.592
[2,  3000] loss: 5329.087
[2,  3020] loss: 5295.358
[2,  3040] loss: 5267.588
[2,  3060] loss: 5243.255
[2,  3080] loss: 5229.779
[2,  3100] loss: 5236.716
[2,  3120] loss: 5212.853
[2,  3140] loss: 5199.350
[2,  3160] loss: 5193.992
[2,  3180] loss: 5227.504
[2,  3200] loss: 5252.452
[2,  3220] loss: 5291.868
[2,  3240] loss: 5345.935
[2,  3260] loss: 5332.283
[2,  3280] loss: 5359.741
[2,  3300] loss: 5423.044
[2,  3320] loss: 5419.994
[2,  3340] loss: 5395.830
[2,  3360] loss: 5365.624
