cuda:  2
color_space: RGB
batch_size: 1
num_epcochs: 2
learning_rate: 0.002
[1,    20] loss: 9.781
[1,    40] loss: 58.884
[1,    60] loss: 91.905
[1,    80] loss: 151.728
[1,   100] loss: 20.634
[1,   120] loss: 1.319
[1,   140] loss: 0.303
[1,   160] loss: 0.161
[1,   180] loss: 0.390
[1,   200] loss: 0.172
[1,   220] loss: 0.125
[1,   240] loss: 0.204
[1,   260] loss: 0.239
[1,   280] loss: 0.053
[1,   300] loss: 0.037
[1,   320] loss: 0.160
[1,   340] loss: 0.107
[1,   360] loss: 0.040
[1,   380] loss: 0.074
[1,   400] loss: 0.068
[1,   420] loss: 0.031
[1,   440] loss: 0.020
[1,   460] loss: 0.073
[1,   480] loss: 0.067
[1,   500] loss: 0.010
[1,   520] loss: 0.056
[1,   540] loss: 0.024
[1,   560] loss: 0.040
[1,   580] loss: 0.061
[1,   600] loss: 0.134
[1,   620] loss: 0.165
[1,   640] loss: 0.044
[1,   660] loss: 0.035
[1,   680] loss: 0.042
[1,   700] loss: 0.055
[1,   720] loss: 0.050
[1,   740] loss: 0.032
[1,   760] loss: 0.071
[1,   780] loss: 0.068
[1,   800] loss: 0.139
[1,   820] loss: 0.117
[1,   840] loss: 0.021
[1,   860] loss: 0.045
[1,   880] loss: 0.024
[1,   900] loss: 0.036
[1,   920] loss: 0.061
[1,   940] loss: 0.191
[1,   960] loss: 0.029
[1,   980] loss: 0.132
[1,  1000] loss: 0.056
[1,  1020] loss: 0.044
[1,  1040] loss: 0.058
[1,  1060] loss: 0.013
[1,  1080] loss: 0.125
[1,  1100] loss: 0.075
[1,  1120] loss: 0.028
[1,  1140] loss: 0.073
[1,  1160] loss: 0.015
[1,  1180] loss: 0.040
[1,  1200] loss: 0.041
[1,  1220] loss: 0.100
[1,  1240] loss: 0.023
[1,  1260] loss: 0.031
[1,  1280] loss: 0.163
[1,  1300] loss: 0.132
[1,  1320] loss: 0.034
[1,  1340] loss: 0.048
[1,  1360] loss: 0.031
[1,  1380] loss: 0.128
[1,  1400] loss: 0.242
[1,  1420] loss: 0.026
[1,  1440] loss: 0.019
[1,  1460] loss: 0.031
[1,  1480] loss: 0.015
[1,  1500] loss: 0.090
[1,  1520] loss: 0.047
[1,  1540] loss: 0.043
[1,  1560] loss: 0.114
[1,  1580] loss: 0.058
[1,  1600] loss: 0.084
[1,  1620] loss: 0.022
[1,  1640] loss: 0.057
[1,  1660] loss: 0.023
[1,  1680] loss: 0.016
[1,  1700] loss: 0.067
[1,  1720] loss: 0.025
[1,  1740] loss: 0.039
[1,  1760] loss: 0.102
[1,  1780] loss: 0.063
[1,  1800] loss: 0.051
[1,  1820] loss: 0.083
[1,  1840] loss: 0.095
[1,  1860] loss: 0.079
[1,  1880] loss: 0.080
[1,  1900] loss: 0.128
[1,  1920] loss: 0.027
[1,  1940] loss: 0.032
[1,  1960] loss: 0.049
[1,  1980] loss: 0.060
[1,  2000] loss: 0.035
[1,  2020] loss: 0.060
[1,  2040] loss: 0.008
[1,  2060] loss: 0.087
[1,  2080] loss: 0.181
[1,  2100] loss: 0.056
[1,  2120] loss: 0.046
[1,  2140] loss: 0.030
[1,  2160] loss: 0.049
[1,  2180] loss: 0.054
[1,  2200] loss: 0.059
[1,  2220] loss: 0.048
[1,  2240] loss: 0.180
[1,  2260] loss: 0.034
[1,  2280] loss: 0.034
[1,  2300] loss: 0.062
[1,  2320] loss: 0.068
[1,  2340] loss: 0.041
[1,  2360] loss: 0.116
[1,  2380] loss: 0.043
[1,  2400] loss: 0.029
[1,  2420] loss: 0.210
[1,  2440] loss: 0.011
[1,  2460] loss: 0.061
[1,  2480] loss: 0.039
[1,  2500] loss: 0.114
[1,  2520] loss: 0.078
[1,  2540] loss: 0.180
[1,  2560] loss: 0.052
[1,  2580] loss: 0.053
[1,  2600] loss: 0.239
[1,  2620] loss: 0.473
[1,  2640] loss: 0.435
[1,  2660] loss: 0.073
[1,  2680] loss: 0.112
[1,  2700] loss: 0.023
[1,  2720] loss: 0.031
[1,  2740] loss: 0.087
[1,  2760] loss: 0.140
[1,  2780] loss: 0.153
[1,  2800] loss: 0.102
[1,  2820] loss: 0.094
[1,  2840] loss: 0.030
[1,  2860] loss: 0.015
[1,  2880] loss: 0.043
[1,  2900] loss: 0.035
[1,  2920] loss: 0.204
[1,  2940] loss: 0.237
[1,  2960] loss: 0.080
[1,  2980] loss: 0.210
[1,  3000] loss: 0.088
[1,  3020] loss: 0.101
[1,  3040] loss: 0.046
[1,  3060] loss: 0.065
[1,  3080] loss: 0.113
[1,  3100] loss: 0.040
[1,  3120] loss: 0.069
[1,  3140] loss: 0.038
[1,  3160] loss: 0.144
[1,  3180] loss: 0.105
[1,  3200] loss: 0.045
[1,  3220] loss: 0.302
[1,  3240] loss: 0.034
[1,  3260] loss: 0.114
[1,  3280] loss: 0.088
[1,  3300] loss: 0.022
[1,  3320] loss: 0.065
[1,  3340] loss: 0.174
[1,  3360] loss: 0.024
[1,  3380] loss: 0.033
[1,  3400] loss: 0.032
[1,  3420] loss: 0.049
[1,  3440] loss: 0.021
[1,  3460] loss: 0.021
[1,  3480] loss: 0.067
[1,  3500] loss: 0.037
[1,  3520] loss: 0.054
[1,  3540] loss: 0.058
[1,  3560] loss: 0.041
[1,  3580] loss: 0.178
[1,  3600] loss: 0.071
[1,  3620] loss: 0.110
[1,  3640] loss: 0.183
[1,  3660] loss: 0.078
[1,  3680] loss: 0.072
[1,  3700] loss: 0.185
[1,  3720] loss: 0.028
[1,  3740] loss: 0.043
[1,  3760] loss: 0.042
[1,  3780] loss: 0.037
[1,  3800] loss: 0.040
[1,  3820] loss: 0.085
[1,  3840] loss: 0.041
[1,  3860] loss: 0.035
[1,  3880] loss: 0.102
[1,  3900] loss: 0.140
[1,  3920] loss: 0.025
[1,  3940] loss: 0.025
[1,  3960] loss: 0.120
[1,  3980] loss: 0.051
[1,  4000] loss: 0.072
[1,  4020] loss: 0.077
[1,  4040] loss: 0.039
[1,  4060] loss: 0.029
[1,  4080] loss: 0.129
[1,  4100] loss: 0.122
[1,  4120] loss: 0.037
[1,  4140] loss: 0.094
[1,  4160] loss: 0.037
[1,  4180] loss: 0.119
[1,  4200] loss: 0.091
[1,  4220] loss: 0.021
[1,  4240] loss: 0.064
[1,  4260] loss: 0.032
[1,  4280] loss: 0.067
[1,  4300] loss: 0.156
[1,  4320] loss: 0.196
[1,  4340] loss: 0.043
[1,  4360] loss: 0.122
[1,  4380] loss: 0.053
[1,  4400] loss: 0.027
[1,  4420] loss: 0.059
[1,  4440] loss: 0.082
[1,  4460] loss: 0.090
[1,  4480] loss: 0.082
[1,  4500] loss: 0.048
[1,  4520] loss: 0.086
[1,  4540] loss: 0.064
[1,  4560] loss: 0.068
[1,  4580] loss: 0.070
[1,  4600] loss: 0.059
[1,  4620] loss: 0.045
[1,  4640] loss: 0.041
[1,  4660] loss: 0.068
[1,  4680] loss: 0.083
[1,  4700] loss: 0.030
[1,  4720] loss: 0.201
[1,  4740] loss: 0.030
[1,  4760] loss: 0.046
[1,  4780] loss: 0.042
[1,  4800] loss: 0.206
[1,  4820] loss: 0.041
[1,  4840] loss: 0.045
[1,  4860] loss: 0.171
[1,  4880] loss: 0.060
[1,  4900] loss: 0.159
[1,  4920] loss: 0.151
[1,  4940] loss: 0.102
[1,  4960] loss: 0.071
[1,  4980] loss: 0.049
[1,  5000] loss: 0.062
[1,  5020] loss: 0.053
[1,  5040] loss: 0.064
[1,  5060] loss: 0.033
[1,  5080] loss: 0.107
[1,  5100] loss: 0.067
[1,  5120] loss: 0.041
[1,  5140] loss: 0.078
[1,  5160] loss: 0.057
[1,  5180] loss: 0.160
[1,  5200] loss: 0.191
[1,  5220] loss: 0.031
[1,  5240] loss: 0.060
[1,  5260] loss: 0.232
[1,  5280] loss: 0.087
[1,  5300] loss: 0.027
[1,  5320] loss: 0.026
[1,  5340] loss: 0.059
[1,  5360] loss: 0.020
[1,  5380] loss: 0.046
[1,  5400] loss: 0.125
[1,  5420] loss: 0.032
[1,  5440] loss: 0.057
[1,  5460] loss: 0.030
[1,  5480] loss: 0.011
[1,  5500] loss: 0.048
[1,  5520] loss: 0.025
[1,  5540] loss: 0.201
[1,  5560] loss: 0.068
[1,  5580] loss: 0.032
[1,  5600] loss: 0.032
[1,  5620] loss: 0.060
[1,  5640] loss: 0.301
[1,  5660] loss: 0.237
[1,  5680] loss: 0.043
[1,  5700] loss: 0.078
[1,  5720] loss: 0.044
[1,  5740] loss: 0.037
[1,  5760] loss: 0.015
[1,  5780] loss: 0.066
[1,  5800] loss: 0.055
[1,  5820] loss: 0.031
[1,  5840] loss: 0.092
[1,  5860] loss: 0.111
[1,  5880] loss: 0.065
[1,  5900] loss: 0.044
[1,  5920] loss: 0.097
[1,  5940] loss: 0.104
[1,  5960] loss: 0.078
[1,  5980] loss: 0.018
[1,  6000] loss: 0.036
[1,  6020] loss: 0.058
[1,  6040] loss: 0.063
[1,  6060] loss: 0.021
[1,  6080] loss: 0.020
[1,  6100] loss: 0.289
[1,  6120] loss: 0.068
[1,  6140] loss: 0.077
[1,  6160] loss: 0.046
[1,  6180] loss: 0.025
[1,  6200] loss: 0.028
[1,  6220] loss: 0.143
[1,  6240] loss: 0.028
[1,  6260] loss: 0.019
[1,  6280] loss: 0.069
[1,  6300] loss: 0.034
[1,  6320] loss: 0.081
[1,  6340] loss: 0.031
[1,  6360] loss: 0.058
[1,  6380] loss: 0.081
[1,  6400] loss: 0.048
[1,  6420] loss: 0.071
[1,  6440] loss: 0.020
[1,  6460] loss: 0.240
[1,  6480] loss: 0.078
[1,  6500] loss: 0.075
[1,  6520] loss: 0.022
[1,  6540] loss: 0.043
[1,  6560] loss: 0.036
[1,  6580] loss: 0.021
[1,  6600] loss: 0.075
[1,  6620] loss: 0.159
[1,  6640] loss: 0.033
[1,  6660] loss: 0.180
[1,  6680] loss: 0.055
[1,  6700] loss: 0.116
[1,  6720] loss: 0.072
[1,  6740] loss: 0.096
[1,  6760] loss: 0.038
[1,  6780] loss: 0.026
[1,  6800] loss: 0.151
[1,  6820] loss: 0.061
[1,  6840] loss: 0.129
[1,  6860] loss: 0.078
[1,  6880] loss: 0.222
[1,  6900] loss: 0.025
[1,  6920] loss: 0.104
[1,  6940] loss: 0.047
[1,  6960] loss: 0.067
[1,  6980] loss: 0.086
[1,  7000] loss: 0.009
[1,  7020] loss: 0.044
[1,  7040] loss: 0.022
[1,  7060] loss: 0.053
[1,  7080] loss: 0.038
[1,  7100] loss: 0.068
[1,  7120] loss: 0.251
[1,  7140] loss: 0.024
[1,  7160] loss: 0.023
[1,  7180] loss: 0.041
[1,  7200] loss: 0.058
[1,  7220] loss: 0.039
[1,  7240] loss: 0.059
[1,  7260] loss: 0.006
[1,  7280] loss: 0.030
[1,  7300] loss: 0.028
[1,  7320] loss: 0.031
[1,  7340] loss: 0.027
[1,  7360] loss: 0.087
[1,  7380] loss: 0.036
[1,  7400] loss: 0.038
[1,  7420] loss: 0.037
[1,  7440] loss: 0.026
[1,  7460] loss: 0.060
[1,  7480] loss: 0.021
[1,  7500] loss: 0.101
[1,  7520] loss: 0.019
[1,  7540] loss: 0.128
[1,  7560] loss: 0.034
[1,  7580] loss: 0.126
[1,  7600] loss: 0.058
[1,  7620] loss: 0.045
[1,  7640] loss: 0.066
[1,  7660] loss: 0.090
[1,  7680] loss: 0.042
[1,  7700] loss: 0.043
[1,  7720] loss: 0.221
[1,  7740] loss: 0.045
[1,  7760] loss: 0.101
[1,  7780] loss: 0.043
[1,  7800] loss: 0.128
[1,  7820] loss: 0.049
[1,  7840] loss: 0.058
[1,  7860] loss: 0.218
[1,  7880] loss: 0.135
[1,  7900] loss: 0.077
[1,  7920] loss: 0.224
[1,  7940] loss: 0.074
[1,  7960] loss: 0.027
[1,  7980] loss: 0.008
[1,  8000] loss: 0.103
[1,  8020] loss: 0.051
[1,  8040] loss: 0.134
[1,  8060] loss: 0.016
[1,  8080] loss: 0.025
[1,  8100] loss: 0.026
[1,  8120] loss: 0.236
[1,  8140] loss: 0.042
[1,  8160] loss: 0.146
[1,  8180] loss: 0.049
[1,  8200] loss: 0.141
[1,  8220] loss: 0.022
[1,  8240] loss: 0.063
[1,  8260] loss: 0.103
[1,  8280] loss: 0.049
[1,  8300] loss: 0.019
[1,  8320] loss: 0.199
[1,  8340] loss: 0.356
[1,  8360] loss: 0.091
[1,  8380] loss: 0.044
[1,  8400] loss: 0.121
[1,  8420] loss: 0.042
[1,  8440] loss: 0.146
[1,  8460] loss: 0.179
[1,  8480] loss: 0.053
[1,  8500] loss: 0.018
[1,  8520] loss: 0.116
[1,  8540] loss: 0.024
[1,  8560] loss: 0.040
[1,  8580] loss: 0.084
[1,  8600] loss: 0.053
[1,  8620] loss: 0.041
[1,  8640] loss: 0.152
[1,  8660] loss: 0.073
[1,  8680] loss: 0.087
[1,  8700] loss: 0.034
[1,  8720] loss: 0.027
[1,  8740] loss: 0.156
[1,  8760] loss: 0.219
[1,  8780] loss: 0.043
[1,  8800] loss: 0.047
[1,  8820] loss: 0.074
[1,  8840] loss: 0.142
[1,  8860] loss: 0.150
[1,  8880] loss: 0.053
[1,  8900] loss: 0.028
[1,  8920] loss: 0.073
[1,  8940] loss: 0.145
[1,  8960] loss: 0.024
[1,  8980] loss: 0.063
[1,  9000] loss: 0.229
[1,  9020] loss: 0.056
[1,  9040] loss: 0.028
[1,  9060] loss: 0.126
[1,  9080] loss: 0.100
[1,  9100] loss: 0.078
[1,  9120] loss: 0.109
[1,  9140] loss: 0.131
[1,  9160] loss: 0.027
[1,  9180] loss: 0.122
[1,  9200] loss: 0.043
[1,  9220] loss: 0.067
[1,  9240] loss: 0.051
[1,  9260] loss: 0.158
[1,  9280] loss: 0.053
[1,  9300] loss: 0.088
[1,  9320] loss: 0.019
[1,  9340] loss: 0.057
[1,  9360] loss: 0.104
[1,  9380] loss: 0.040
[1,  9400] loss: 0.094
[1,  9420] loss: 0.100
[1,  9440] loss: 0.115
[1,  9460] loss: 0.040
[1,  9480] loss: 0.046
[1,  9500] loss: 0.037
[1,  9520] loss: 0.050
[1,  9540] loss: 0.174
[1,  9560] loss: 0.034
[1,  9580] loss: 0.025
[1,  9600] loss: 0.011
[1,  9620] loss: 0.056
[1,  9640] loss: 0.057
[1,  9660] loss: 0.060
[1,  9680] loss: 0.024
[1,  9700] loss: 0.078
[1,  9720] loss: 0.309
[1,  9740] loss: 0.051
[1,  9760] loss: 0.043
[1,  9780] loss: 0.153
[1,  9800] loss: 0.026
[1,  9820] loss: 0.145
[1,  9840] loss: 0.064
[1,  9860] loss: 0.023
[1,  9880] loss: 0.085
[1,  9900] loss: 0.046
[1,  9920] loss: 0.018
[1,  9940] loss: 0.055
[1,  9960] loss: 0.052
[1,  9980] loss: 0.061
[1, 10000] loss: 0.059
[1, 10020] loss: 0.132
[1, 10040] loss: 0.264
[1, 10060] loss: 0.037
[1, 10080] loss: 0.104
[1, 10100] loss: 0.092
[1, 10120] loss: 0.043
[1, 10140] loss: 0.035
[1, 10160] loss: 0.068
[1, 10180] loss: 0.018
[1, 10200] loss: 0.037
[1, 10220] loss: 0.127
[1, 10240] loss: 0.054
[1, 10260] loss: 0.127
[1, 10280] loss: 0.071
[1, 10300] loss: 0.027
[1, 10320] loss: 0.101
[1, 10340] loss: 0.049
[1, 10360] loss: 0.037
[1, 10380] loss: 0.034
[1, 10400] loss: 0.014
[1, 10420] loss: 0.188
[1, 10440] loss: 0.202
[1, 10460] loss: 0.282
[1, 10480] loss: 0.135
[1, 10500] loss: 0.144
[1, 10520] loss: 2522231.079
[1, 10540] loss: 41549839351.118
[1, 10560] loss: 912897690232.800
[1, 10580] loss: 7399528011209.600
[1, 10600] loss: 6964441161395.200
[1, 10620] loss: 3508007211059.200
[1, 10640] loss: 425058866210.308
[1, 10660] loss: 2086709138.409
[1, 10680] loss: 1326632519.231
[1, 10700] loss: 730232601.700
[1, 10720] loss: 726212536.375
[1, 10740] loss: 620123484.850
[1, 10760] loss: 500415750.863
[1, 10780] loss: 334523169.950
[1, 10800] loss: 478907525.881
[1, 10820] loss: 426267223.000
[1, 10840] loss: 177855108.308
[1, 10860] loss: 444328622.020
[1, 10880] loss: 297485898.755
[1, 10900] loss: 378516197.250
[1, 10920] loss: 151858363.827
[1, 10940] loss: 239277752.619
[1, 10960] loss: 207777698.150
[1, 10980] loss: 209505009.516
[1, 11000] loss: 255565397.113
[1, 11020] loss: 266110323.508
[1, 11040] loss: 209956821.569
[1, 11060] loss: 98607360.875
[1, 11080] loss: 73175038.347
[1, 11100] loss: 233260225.400
[1, 11120] loss: 222019946.219
[1, 11140] loss: 189795240.225
[1, 11160] loss: 222449815.475
[1, 11180] loss: 95175992.102
[1, 11200] loss: 117003056.650
[1, 11220] loss: 256397263.975
[1, 11240] loss: 148677440.294
[1, 11260] loss: 154499632.459
[1, 11280] loss: 142119349.444
[1, 11300] loss: 103468082.381
[1, 11320] loss: 146075559.863
[1, 11340] loss: 127636867.144
[1, 11360] loss: 94972364.916
[1, 11380] loss: 82134524.498
[1, 11400] loss: 84218091.444
[1, 11420] loss: 72168304.739
[1, 11440] loss: 122221377.264
[1, 11460] loss: 72876470.778
[1, 11480] loss: 84233059.533
[1, 11500] loss: 95131226.037
[1, 11520] loss: 122991527.133
[1, 11540] loss: 69744504.003
[1, 11560] loss: 110985300.386
[1, 11580] loss: 184688152.762
[1, 11600] loss: 83177250.971
[1, 11620] loss: 60431970.045
[1, 11640] loss: 90761162.471
[1, 11660] loss: 114174574.238
[1, 11680] loss: 38793055.784
[1, 11700] loss: 46818444.933
[1, 11720] loss: 43732795.868
[1, 11740] loss: 51857399.516
[1, 11760] loss: 29059780.100
[1, 11780] loss: 92804453.854
[1, 11800] loss: 65058888.150
[1, 11820] loss: 61991893.777
[1, 11840] loss: 54582825.098
[1, 11860] loss: 95141989.228
[1, 11880] loss: 152329206.650
[1, 11900] loss: 86552835.220
[1, 11920] loss: 78474705.970
[1, 11940] loss: 42071332.802
[1, 11960] loss: 73215131.947
[1, 11980] loss: 58498561.622
[1, 12000] loss: 78211949.913
[1, 12020] loss: 51099188.399
[1, 12040] loss: 59969183.028
[1, 12060] loss: 88949362.918
[1, 12080] loss: 36012764.102
[1, 12100] loss: 61226177.853
[1, 12120] loss: 67920682.615
[1, 12140] loss: 64242918.467
[1, 12160] loss: 87617772.286
[1, 12180] loss: 73274484.153
[1, 12200] loss: 32923291.691
[1, 12220] loss: 36719726.861
[1, 12240] loss: 51287559.372
[1, 12260] loss: 52102627.518
[1, 12280] loss: 77892262.207
[1, 12300] loss: 60852646.390
[1, 12320] loss: 73605254.069
[1, 12340] loss: 54318358.914
[1, 12360] loss: 44621953.703
[1, 12380] loss: 61567000.735
[1, 12400] loss: 97647032.086
[1, 12420] loss: 34224941.817
[1, 12440] loss: 35264923.538
[1, 12460] loss: 56190000.842
[1, 12480] loss: 48455339.153
[1, 12500] loss: 48293173.668
[1, 12520] loss: 49398475.006
[1, 12540] loss: 60446855.392
[1, 12560] loss: 60877606.726
[1, 12580] loss: 55699466.285
[1, 12600] loss: 39788596.874
[1, 12620] loss: 60403776.039
[1, 12640] loss: 30508150.392
[1, 12660] loss: 46964940.466
[1, 12680] loss: 38218422.172
[1, 12700] loss: 16853006.712
[1, 12720] loss: 55943697.749
[1, 12740] loss: 59322348.882
[1, 12760] loss: 53171917.043
[1, 12780] loss: 73070868.225
[1, 12800] loss: 44441776.413
[1, 12820] loss: 36405563.553
[1, 12840] loss: 71881923.183
[1, 12860] loss: 40143949.050
[1, 12880] loss: 62947515.244
[1, 12900] loss: 23936564.332
[1, 12920] loss: 39291084.626
[1, 12940] loss: 45480217.755
[1, 12960] loss: 64349166.652
[1, 12980] loss: 43694334.703
[1, 13000] loss: 40454853.812
[1, 13020] loss: 44252507.102
[1, 13040] loss: 34759535.606
[1, 13060] loss: 38685409.814
[1, 13080] loss: 16140463.650
[1, 13100] loss: 41046065.504
[1, 13120] loss: 18680430.977
[1, 13140] loss: 37189850.194
[1, 13160] loss: 23948574.287
[1, 13180] loss: 32656197.142
[1, 13200] loss: 30602421.625
[1, 13220] loss: 41985200.357
[1, 13240] loss: 29866319.881
[1, 13260] loss: 24452437.567
[1, 13280] loss: 64051829.913
[1, 13300] loss: 26228239.140
[1, 13320] loss: 37676412.930
[1, 13340] loss: 38957535.397
[1, 13360] loss: 28507151.758
[1, 13380] loss: 22534358.909
[1, 13400] loss: 24437609.229
[1, 13420] loss: 51190103.834
[1, 13440] loss: 29535304.387
[1, 13460] loss: 24424272.665
[1, 13480] loss: 25398049.310
[1, 13500] loss: 17057158.143
[1, 13520] loss: 25178983.466
[1, 13540] loss: 26057338.602
[1, 13560] loss: 37226816.633
[1, 13580] loss: 17503100.337
[1, 13600] loss: 30060208.517
[1, 13620] loss: 16428716.819
[1, 13640] loss: 35723912.256
[1, 13660] loss: 21244634.927
[1, 13680] loss: 36998404.343
[1, 13700] loss: 39479760.394
[1, 13720] loss: 29185302.705
[1, 13740] loss: 23389049.049
[1, 13760] loss: 12243300.206
[1, 13780] loss: 15057085.466
[1, 13800] loss: 29990195.003
[1, 13820] loss: 48526415.581
[1, 13840] loss: 27494172.827
[1, 13860] loss: 16316979.755
[1, 13880] loss: 17915649.158
[1, 13900] loss: 41053187.217
[1, 13920] loss: 27888372.683
[1, 13940] loss: 25386530.509
[1, 13960] loss: 28946299.682
[1, 13980] loss: 12662827.856
[1, 14000] loss: 15435416.166
[1, 14020] loss: 16898600.465
[1, 14040] loss: 16827958.264
[1, 14060] loss: 18860922.788
[1, 14080] loss: 29992163.901
[1, 14100] loss: 14962168.440
[1, 14120] loss: 14091900.689
[1, 14140] loss: 22707506.620
[1, 14160] loss: 18994630.863
[1, 14180] loss: 26777531.120
[1, 14200] loss: 20140497.541
[1, 14220] loss: 28488901.409
[1, 14240] loss: 24440418.584
[1, 14260] loss: 26996503.341
[1, 14280] loss: 10750638.410
[1, 14300] loss: 32653112.325
[1, 14320] loss: 17902932.618
[1, 14340] loss: 18590052.017
[1, 14360] loss: 20053078.863
[1, 14380] loss: 16916459.760
[1, 14400] loss: 24042382.719
[1, 14420] loss: 14609353.071
[1, 14440] loss: 30123490.395
[1, 14460] loss: 22208981.605
[1, 14480] loss: 14609047.430
[1, 14500] loss: 21276693.027
[1, 14520] loss: 10949818.427
[1, 14540] loss: 13748621.473
[1, 14560] loss: 25857830.566
[1, 14580] loss: 18764590.294
[1, 14600] loss: 12755320.901
[1, 14620] loss: 24619035.845
[1, 14640] loss: 14769302.702
[1, 14660] loss: 12722613.325
[1, 14680] loss: 14179010.519
[1, 14700] loss: 24874512.394
[1, 14720] loss: 9600677.478
[1, 14740] loss: 20566018.241
[1, 14760] loss: 9077089.743
[1, 14780] loss: 17863430.482
[1, 14800] loss: 15906560.805
[1, 14820] loss: 11991281.645
[1, 14840] loss: 9500718.681
[1, 14860] loss: 11056268.521
[1, 14880] loss: 13211808.077
[1, 14900] loss: 21815930.575
[1, 14920] loss: 11290799.982
[1, 14940] loss: 8442245.150
[1, 14960] loss: 25525663.210
[1, 14980] loss: 8131083.318
[1, 15000] loss: 9618854.661
[1, 15020] loss: 5938563.629
[1, 15040] loss: 11481112.939
[1, 15060] loss: 10638403.427
[1, 15080] loss: 10159016.599
[1, 15100] loss: 18750156.101
[1, 15120] loss: 9986735.377
[1, 15140] loss: 12515267.099
[1, 15160] loss: 10844565.490
[1, 15180] loss: 15302003.358
[1, 15200] loss: 11209777.222
[1, 15220] loss: 8568157.854
[1, 15240] loss: 10509412.696
[1, 15260] loss: 8708562.094
[1, 15280] loss: 11619556.893
[1, 15300] loss: 10179775.815
[1, 15320] loss: 7483780.022
[1, 15340] loss: 18222409.028
[1, 15360] loss: 11965422.452
[1, 15380] loss: 21053914.918
[1, 15400] loss: 10561034.425
[1, 15420] loss: 11739025.270
[1, 15440] loss: 10191238.571
[1, 15460] loss: 6640814.367
[1, 15480] loss: 17374491.364
[1, 15500] loss: 11765312.572
[1, 15520] loss: 14369110.690
[1, 15540] loss: 8645101.531
[1, 15560] loss: 5905376.317
[1, 15580] loss: 9691757.889
[1, 15600] loss: 10190611.338
[1, 15620] loss: 7710577.710
[1, 15640] loss: 15598119.600
[1, 15660] loss: 10526268.893
[1, 15680] loss: 10812727.109
[1, 15700] loss: 9739210.047
[1, 15720] loss: 10975577.054
[1, 15740] loss: 5759780.654
[1, 15760] loss: 12485387.979
[1, 15780] loss: 13520715.862
[1, 15800] loss: 6327007.625
[1, 15820] loss: 7702435.527
[1, 15840] loss: 5036493.248
[1, 15860] loss: 9202367.651
[1, 15880] loss: 12783716.965
[1, 15900] loss: 9739204.278
[1, 15920] loss: 8405500.412
[1, 15940] loss: 6807115.539
[1, 15960] loss: 4866748.560
[1, 15980] loss: 6688728.287
[1, 16000] loss: 10789322.632
[1, 16020] loss: 7483455.197
[1, 16040] loss: 8485636.020
[1, 16060] loss: 8685486.115
[1, 16080] loss: 9229663.289
[1, 16100] loss: 7047854.286
[1, 16120] loss: 7866847.772
[1, 16140] loss: 8297302.407
[1, 16160] loss: 5556914.640
[1, 16180] loss: 4106618.257
[1, 16200] loss: 9663524.416
[1, 16220] loss: 5610437.448
[1, 16240] loss: 4741281.503
[1, 16260] loss: 5000763.047
[1, 16280] loss: 4790511.546
[1, 16300] loss: 3266450.939
[1, 16320] loss: 7753949.011
[1, 16340] loss: 2763257.481
[1, 16360] loss: 6969071.127
[1, 16380] loss: 3751061.229
[1, 16400] loss: 4387135.281
[1, 16420] loss: 9997807.734
[1, 16440] loss: 3835217.690
[1, 16460] loss: 2709985.322
[1, 16480] loss: 6282174.007
[1, 16500] loss: 5551151.150
[1, 16520] loss: 3060718.202
[1, 16540] loss: 3047899.886
[1, 16560] loss: 3353365.651
[1, 16580] loss: 3222353.657
[1, 16600] loss: 5559980.145
[1, 16620] loss: 4888027.311
[1, 16640] loss: 6246423.153
[1, 16660] loss: 5741475.985
[1, 16680] loss: 7300794.558
[1, 16700] loss: 3705417.514
[1, 16720] loss: 4760456.824
[1, 16740] loss: 2863252.373
[1, 16760] loss: 2392446.484
[1, 16780] loss: 4210046.828
[1, 16800] loss: 3217191.923
[1, 16820] loss: 4570000.707
[1, 16840] loss: 6805309.092
[1, 16860] loss: 1751476.724
[1, 16880] loss: 6488874.814
[1, 16900] loss: 4333463.116
[1, 16920] loss: 3812891.119
[1, 16940] loss: 3408311.540
[1, 16960] loss: 2914297.059
[1, 16980] loss: 2612883.378
[1, 17000] loss: 5445207.532
[1, 17020] loss: 2296720.000
[1, 17040] loss: 4188675.693
[1, 17060] loss: 4565592.975
[1, 17080] loss: 1916990.100
[1, 17100] loss: 2201328.192
[1, 17120] loss: 4038365.877
[1, 17140] loss: 2851518.836
[1, 17160] loss: 3212426.069
[1, 17180] loss: 2756528.888
[1, 17200] loss: 1976789.153
[1, 17220] loss: 3351551.461
[1, 17240] loss: 2717547.107
[1, 17260] loss: 4018220.394
[1, 17280] loss: 3582802.157
[1, 17300] loss: 2024725.055
[1, 17320] loss: 2544038.724
[1, 17340] loss: 2205638.811
[1, 17360] loss: 2925632.609
[1, 17380] loss: 3228583.262
[1, 17400] loss: 2103555.174
[1, 17420] loss: 2962290.458
[1, 17440] loss: 1842707.933
[1, 17460] loss: 3626953.833
[1, 17480] loss: 2339777.076
[1, 17500] loss: 3580382.750
[1, 17520] loss: 2188470.311
[1, 17540] loss: 3136180.442
[1, 17560] loss: 2857673.840
[1, 17580] loss: 2083466.449
[1, 17600] loss: 1916010.679
[1, 17620] loss: 1798725.368
[1, 17640] loss: 2141666.208
[1, 17660] loss: 2730256.582
[1, 17680] loss: 1685826.171
[1, 17700] loss: 3159809.149
[1, 17720] loss: 2067159.193
[1, 17740] loss: 1044580.413
[1, 17760] loss: 2313273.665
[1, 17780] loss: 3322030.430
[1, 17800] loss: 2450622.884
[1, 17820] loss: 2043101.602
[1, 17840] loss: 1684353.135
[1, 17860] loss: 1997441.950
[1, 17880] loss: 1567674.578
[1, 17900] loss: 1217953.208
[1, 17920] loss: 1996131.724
[1, 17940] loss: 1577605.827
[1, 17960] loss: 1336379.368
[1, 17980] loss: 1529105.733
[1, 18000] loss: 1994375.275
[1, 18020] loss: 1055376.383
[1, 18040] loss: 1547589.276
[1, 18060] loss: 1089849.449
[1, 18080] loss: 839742.430
[1, 18100] loss: 941776.867
[1, 18120] loss: 1920472.373
[1, 18140] loss: 1608831.728
[1, 18160] loss: 1247405.302
[1, 18180] loss: 1984404.056
[1, 18200] loss: 1224178.150
[1, 18220] loss: 2189058.667
[1, 18240] loss: 2213469.486
[1, 18260] loss: 1162026.852
[1, 18280] loss: 1539330.075
[1, 18300] loss: 1147699.220
[1, 18320] loss: 1051023.666
[1, 18340] loss: 1372892.495
[1, 18360] loss: 916756.458
[1, 18380] loss: 494568.226
[1, 18400] loss: 732206.582
[1, 18420] loss: 943846.388
[1, 18440] loss: 604838.932
[1, 18460] loss: 493544.029
[1, 18480] loss: 749530.114
[1, 18500] loss: 969299.279
[1, 18520] loss: 671670.380
[1, 18540] loss: 1126031.235
[1, 18560] loss: 1116062.760
[1, 18580] loss: 1033332.331
[1, 18600] loss: 867811.926
[1, 18620] loss: 1256126.694
[1, 18640] loss: 1073860.493
[1, 18660] loss: 650049.811
[1, 18680] loss: 1063394.207
[1, 18700] loss: 604857.580
[1, 18720] loss: 833312.502
[1, 18740] loss: 950860.436
[1, 18760] loss: 982349.251
[1, 18780] loss: 725698.570
[1, 18800] loss: 780274.662
[1, 18820] loss: 734845.908
[1, 18840] loss: 1509100.311
[1, 18860] loss: 889407.884
[1, 18880] loss: 686973.856
[1, 18900] loss: 538639.398
[1, 18920] loss: 1153150.977
[1, 18940] loss: 944580.601
[1, 18960] loss: 1188717.329
[1, 18980] loss: 1311306.875
[1, 19000] loss: 662108.430
[1, 19020] loss: 504777.432
[1, 19040] loss: 715555.315
[1, 19060] loss: 580126.276
[1, 19080] loss: 759603.934
[1, 19100] loss: 897466.943
[1, 19120] loss: 559701.956
[1, 19140] loss: 981979.203
[1, 19160] loss: 929401.216
[1, 19180] loss: 582649.360
[1, 19200] loss: 350397.745
[1, 19220] loss: 1403497.462
[1, 19240] loss: 806728.264
[1, 19260] loss: 537226.837
[1, 19280] loss: 432924.172
[1, 19300] loss: 628241.789
[1, 19320] loss: 1004197.449
[1, 19340] loss: 505143.334
[1, 19360] loss: 376986.362
[1, 19380] loss: 421512.118
[1, 19400] loss: 730160.109
[1, 19420] loss: 745350.659
[1, 19440] loss: 316006.489
[1, 19460] loss: 502666.508
[1, 19480] loss: 513681.417
[1, 19500] loss: 258624.331
[1, 19520] loss: 453894.271
[1, 19540] loss: 356431.902
[1, 19560] loss: 555664.305
[1, 19580] loss: 457073.092
[1, 19600] loss: 579021.793
[1, 19620] loss: 556598.344
[1, 19640] loss: 363405.054
[1, 19660] loss: 402950.548
[1, 19680] loss: 298595.651
[1, 19700] loss: 357503.532
[1, 19720] loss: 539610.820
[1, 19740] loss: 309045.641
[1, 19760] loss: 206704.607
[1, 19780] loss: 280934.952
[1, 19800] loss: 420391.011
[1, 19820] loss: 356230.308
[1, 19840] loss: 239157.998
[1, 19860] loss: 292672.894
[1, 19880] loss: 395497.532
[1, 19900] loss: 295890.338
[1, 19920] loss: 337717.711
[1, 19940] loss: 203440.276
[1, 19960] loss: 138152.198
[1, 19980] loss: 234680.674
[1, 20000] loss: 209892.624
[1, 20020] loss: 259654.572
[1, 20040] loss: 160139.851
[1, 20060] loss: 223690.015
[1, 20080] loss: 445913.322
[1, 20100] loss: 77793.296
[1, 20120] loss: 254055.245
[1, 20140] loss: 266990.930
[1, 20160] loss: 221090.072
[1, 20180] loss: 411895.242
[1, 20200] loss: 202547.024
[1, 20220] loss: 237680.677
[1, 20240] loss: 215670.473
[1, 20260] loss: 245499.800
[1, 20280] loss: 189987.518
[1, 20300] loss: 113167.090
[1, 20320] loss: 266263.085
[1, 20340] loss: 348217.379
[1, 20360] loss: 329972.997
[1, 20380] loss: 157871.536
[1, 20400] loss: 134235.387
[1, 20420] loss: 185707.012
[1, 20440] loss: 143817.489
[1, 20460] loss: 223499.475
[1, 20480] loss: 320781.624
[1, 20500] loss: 348115.206
[1, 20520] loss: 155190.025
[1, 20540] loss: 240911.735
[1, 20560] loss: 143380.887
[1, 20580] loss: 216958.654
[1, 20600] loss: 258571.636
[1, 20620] loss: 163401.438
[1, 20640] loss: 104935.931
[1, 20660] loss: 158051.224
[1, 20680] loss: 101015.628
[1, 20700] loss: 51567.004
[1, 20720] loss: 140855.805
[1, 20740] loss: 189547.425
[1, 20760] loss: 134063.880
[1, 20780] loss: 196583.880
[1, 20800] loss: 91820.346
[1, 20820] loss: 232139.154
[1, 20840] loss: 196188.780
[1, 20860] loss: 154718.975
[1, 20880] loss: 94364.493
[1, 20900] loss: 143786.437
[1, 20920] loss: 160610.249
[1, 20940] loss: 107201.504
[1, 20960] loss: 122545.357
[1, 20980] loss: 85835.449
[1, 21000] loss: 105490.698
[1, 21020] loss: 91932.226
[1, 21040] loss: 80439.009
[1, 21060] loss: 74966.294
[1, 21080] loss: 158603.368
[1, 21100] loss: 47510.652
[1, 21120] loss: 65044.735
[1, 21140] loss: 97165.385
[1, 21160] loss: 42725.630
[1, 21180] loss: 36490.273
[1, 21200] loss: 72517.551
[1, 21220] loss: 125080.582
[1, 21240] loss: 150837.851
[1, 21260] loss: 79598.512
[1, 21280] loss: 54425.169
[1, 21300] loss: 92945.719
[1, 21320] loss: 34167.094
[1, 21340] loss: 58614.569
[1, 21360] loss: 79895.058
[1, 21380] loss: 88461.365
[1, 21400] loss: 31082.709
[1, 21420] loss: 66887.365
[1, 21440] loss: 71277.285
[1, 21460] loss: 123300.695
[1, 21480] loss: 62713.593
[1, 21500] loss: 116917.596
[1, 21520] loss: 98653.235
[1, 21540] loss: 109620.632
[1, 21560] loss: 51688.893
[1, 21580] loss: 49581.137
[1, 21600] loss: 33639.770
[1, 21620] loss: 64669.993
[1, 21640] loss: 48893.525
[1, 21660] loss: 61406.923
[1, 21680] loss: 43529.371
[1, 21700] loss: 32709.798
[1, 21720] loss: 36001.448
[1, 21740] loss: 174907.248
[1, 21760] loss: 94184.172
[1, 21780] loss: 93607.128
[1, 21800] loss: 58058.922
[1, 21820] loss: 56765.085
[1, 21840] loss: 39821.535
[1, 21860] loss: 40080.090
[1, 21880] loss: 58431.577
[1, 21900] loss: 55156.148
[1, 21920] loss: 58955.144
[1, 21940] loss: 33136.176
[1, 21960] loss: 34476.909
[1, 21980] loss: 51982.288
[1, 22000] loss: 51032.885
[1, 22020] loss: 59496.524
[1, 22040] loss: 58352.055
[1, 22060] loss: 47762.964
[1, 22080] loss: 20169.189
[1, 22100] loss: 20362.415
[1, 22120] loss: 85921.542
[1, 22140] loss: 33082.363
[1, 22160] loss: 45205.510
[1, 22180] loss: 22216.691
[1, 22200] loss: 27544.176
[1, 22220] loss: 26131.530
[1, 22240] loss: 27662.169
[1, 22260] loss: 46565.396
[1, 22280] loss: 42884.918
[1, 22300] loss: 47391.913
[1, 22320] loss: 104054.495
[1, 22340] loss: 31930.539
[1, 22360] loss: 18311.441
[1, 22380] loss: 26888.289
[1, 22400] loss: 29249.924
[1, 22420] loss: 43509.865
[1, 22440] loss: 19734.876
[1, 22460] loss: 28460.357
[1, 22480] loss: 16591.703
[1, 22500] loss: 44280.078
[1, 22520] loss: 27909.613
[1, 22540] loss: 33560.713
[1, 22560] loss: 30136.605
[1, 22580] loss: 17826.767
[1, 22600] loss: 39870.264
[1, 22620] loss: 55355.213
[1, 22640] loss: 29928.594
[1, 22660] loss: 76677.479
[1, 22680] loss: 23348.415
[1, 22700] loss: 27371.521
[1, 22720] loss: 41033.574
[1, 22740] loss: 33360.595
[1, 22760] loss: 35131.735
[1, 22780] loss: 28451.004
[1, 22800] loss: 30108.981
[1, 22820] loss: 14270.169
[1, 22840] loss: 32344.821
[1, 22860] loss: 25438.153
[1, 22880] loss: 25924.045
[1, 22900] loss: 59176.591
[1, 22920] loss: 27998.905
[1, 22940] loss: 25667.156
[1, 22960] loss: 36916.666
[1, 22980] loss: 41645.142
[1, 23000] loss: 24661.523
[1, 23020] loss: 36623.895
[1, 23040] loss: 37092.288
[1, 23060] loss: 21381.290
[1, 23080] loss: 15721.855
[1, 23100] loss: 29607.596
[1, 23120] loss: 31445.142
[1, 23140] loss: 17085.838
[1, 23160] loss: 16902.134
[1, 23180] loss: 27057.711
[1, 23200] loss: 25665.051
[1, 23220] loss: 21475.185
[1, 23240] loss: 27182.165
[1, 23260] loss: 21968.228
[1, 23280] loss: 20313.118
[1, 23300] loss: 25377.298
[1, 23320] loss: 27394.373
[1, 23340] loss: 26526.497
[1, 23360] loss: 19327.603
[1, 23380] loss: 26448.283
[1, 23400] loss: 11986.632
[1, 23420] loss: 10132.753
[1, 23440] loss: 20765.936
[1, 23460] loss: 33784.216
[1, 23480] loss: 18112.497
[1, 23500] loss: 23305.288
[1, 23520] loss: 19126.339
[1, 23540] loss: 36051.338
[1, 23560] loss: 21775.592
[1, 23580] loss: 17987.224
[1, 23600] loss: 10271.169
[1, 23620] loss: 21955.524
[1, 23640] loss: 31205.122
[1, 23660] loss: 90031.982
[1, 23680] loss: 41493.331
[1, 23700] loss: 10519.701
[1, 23720] loss: 11632.543
[1, 23740] loss: 16816.902
[1, 23760] loss: 12351.884
[1, 23780] loss: 16529.883
[1, 23800] loss: 24261.187
[1, 23820] loss: 19026.700
[1, 23840] loss: 7190.976
[1, 23860] loss: 20701.404
[1, 23880] loss: 8294.884
[1, 23900] loss: 8206.631
[1, 23920] loss: 11281.760
[1, 23940] loss: 17873.803
[1, 23960] loss: 200815.267
[1, 23980] loss: 268435.639
[1, 24000] loss: 50872.195
[1, 24020] loss: 19897.999
[1, 24040] loss: 17611.272
[1, 24060] loss: 13088.165
[1, 24080] loss: 19879.432
[1, 24100] loss: 17639.918
[1, 24120] loss: 4842.588
[1, 24140] loss: 19844.126
[1, 24160] loss: 26600.256
[1, 24180] loss: 25005.579
[1, 24200] loss: 242157.395
[1, 24220] loss: 2220147.388
[1, 24240] loss: 2636898.983
[1, 24260] loss: 876040.691
[1, 24280] loss: 341699.625
[1, 24300] loss: 143903.547
[1, 24320] loss: 99561.773
[1, 24340] loss: 51750.162
[1, 24360] loss: 27057.036
[1, 24380] loss: 12643.555
[1, 24400] loss: 8439.018
[1, 24420] loss: 12149.606
[1, 24440] loss: 15324.006
[1, 24460] loss: 59708.791
[1, 24480] loss: 55006.759
[1, 24500] loss: 214370.672
[1, 24520] loss: 71847.714
[1, 24540] loss: 38299.578
[1, 24560] loss: 58113.107
[1, 24580] loss: 145777.702
[1, 24600] loss: 120740.451
[1, 24620] loss: 59852.566
[1, 24640] loss: 47048.312
[1, 24660] loss: 66844.540
[1, 24680] loss: 43611.971
[1, 24700] loss: 17956.780
[1, 24720] loss: 27869.067
[1, 24740] loss: 14978.038
[1, 24760] loss: 11012.069
[1, 24780] loss: 14596.709
[1, 24800] loss: 24710.233
[1, 24820] loss: 12860.458
[1, 24840] loss: 7738.937
[1, 24860] loss: 25699.838
[1, 24880] loss: 95656.094
[1, 24900] loss: 74869.857
[1, 24920] loss: 26626.164
[1, 24940] loss: 22652.076
[1, 24960] loss: 9127.986
[1, 24980] loss: 12948.039
[1, 25000] loss: 7181.326
[1, 25020] loss: 14943.820
[1, 25040] loss: 74063.712
[1, 25060] loss: 31128.545
[1, 25080] loss: 103859.338
[1, 25100] loss: 198080.244
[1, 25120] loss: 904648.044
[1, 25140] loss: 2856149.956
[1, 25160] loss: 2245294.762
[1, 25180] loss: 1746248.819
[1, 25200] loss: 592137.473
[1, 25220] loss: 1524327.201
[1, 25240] loss: 820429.232
[1, 25260] loss: 1927352.640
[1, 25280] loss: 1258288.232
[1, 25300] loss: 1610843.530
[1, 25320] loss: 1420422.602
[1, 25340] loss: 279626.530
[1, 25360] loss: 258739.239
[1, 25380] loss: 344596.710
[1, 25400] loss: 263334.261
[1, 25420] loss: 183772.655
[1, 25440] loss: 15055.704
[1, 25460] loss: 15326.161
[1, 25480] loss: 26781.724
[1, 25500] loss: 26111.622
[1, 25520] loss: 10155.854
[1, 25540] loss: 19839.203
[1, 25560] loss: 13259.546
[1, 25580] loss: 9042.316
[1, 25600] loss: 46627.335
[1, 25620] loss: 25477.672
[1, 25640] loss: 29500.553
[1, 25660] loss: 23076.194
[1, 25680] loss: 57505.068
[1, 25700] loss: 36849.485
[1, 25720] loss: 10878.258
[1, 25740] loss: 7990.889
[1, 25760] loss: 11879.369
[1, 25780] loss: 6958.167
[1, 25800] loss: 10676.323
[1, 25820] loss: 7693.869
[1, 25840] loss: 11967.987
[1, 25860] loss: 7201.880
[1, 25880] loss: 17519.377
[1, 25900] loss: 118041.070
[1, 25920] loss: 66785.246
[1, 25940] loss: 379037.914
[1, 25960] loss: 102906.247
[1, 25980] loss: 71491.124
[1, 26000] loss: 122003.415
[1, 26020] loss: 47930.741
[1, 26040] loss: 45277.793
[1, 26060] loss: 52652.152
[1, 26080] loss: 28822.145
[1, 26100] loss: 13625.706
[1, 26120] loss: 32596.941
[1, 26140] loss: 74948.463
[1, 26160] loss: 361103.825
[1, 26180] loss: 3017002.416
[1, 26200] loss: 321694.407
[1, 26220] loss: 99944.622
[1, 26240] loss: 193828.900
[1, 26260] loss: 328343.133
[1, 26280] loss: 78554.352
[1, 26300] loss: 13551.325
[1, 26320] loss: 17059.865
[1, 26340] loss: 15513.236
[1, 26360] loss: 6073.549
[1, 26380] loss: 2646.532
[1, 26400] loss: 6789.851
[1, 26420] loss: 13696.485
[1, 26440] loss: 12748.803
[1, 26460] loss: 5543.141
[1, 26480] loss: 33572.678
[1, 26500] loss: 38657.678
[1, 26520] loss: 16075.209
[1, 26540] loss: 27448.542
[1, 26560] loss: 367078.614
[1, 26580] loss: 285569.341
[1, 26600] loss: 142385.266
[1, 26620] loss: 103478.324
[1, 26640] loss: 155668.177
[1, 26660] loss: 119216.902
[1, 26680] loss: 61798.824
[1, 26700] loss: 80293.347
[1, 26720] loss: 35773.272
[1, 26740] loss: 23124.001
[1, 26760] loss: 84414.953
[1, 26780] loss: 28433.161
[1, 26800] loss: 92691.073
[1, 26820] loss: 98547.337
[1, 26840] loss: 181127.317
[1, 26860] loss: 250878.355
[1, 26880] loss: 24283.480
[1, 26900] loss: 21840.142
[1, 26920] loss: 1057888.183
[1, 26940] loss: 1494464.526
[1, 26960] loss: 902043.524
[1, 26980] loss: 40995.647
[1, 27000] loss: 52553.419
[1, 27020] loss: 27608.767
[1, 27040] loss: 8166.386
[1, 27060] loss: 48554.845
[1, 27080] loss: 159170.346
[1, 27100] loss: 149996.139
[1, 27120] loss: 40368.217
[1, 27140] loss: 71675.241
[1, 27160] loss: 65676.977
[1, 27180] loss: 64477.679
[1, 27200] loss: 120371.759
[1, 27220] loss: 65389.659
[1, 27240] loss: 33389.592
[1, 27260] loss: 238830.471
[1, 27280] loss: 119921.571
[1, 27300] loss: 226021.792
[1, 27320] loss: 409522.483
[1, 27340] loss: 171975.016
[1, 27360] loss: 31718.623
[1, 27380] loss: 26493.456
[1, 27400] loss: 25352.682
[1, 27420] loss: 18531.138
[1, 27440] loss: 96244.935
[1, 27460] loss: 392758.626
[1, 27480] loss: 65400.016
[1, 27500] loss: 87684.615
[1, 27520] loss: 196043.232
[1, 27540] loss: 325227.804
[1, 27560] loss: 677463.427
[1, 27580] loss: 1454834.487
[1, 27600] loss: 1326967.751
[1, 27620] loss: 658634.395
[1, 27640] loss: 3183529.661
[1, 27660] loss: 3024201.446
[1, 27680] loss: 1523314.051
[1, 27700] loss: 297294.518
[1, 27720] loss: 39039.498
[1, 27740] loss: 21589.549
[1, 27760] loss: 25702.047
[1, 27780] loss: 28358.749
[1, 27800] loss: 20440.049
[1, 27820] loss: 11691.184
[1, 27840] loss: 11865.927
[1, 27860] loss: 11336.726
[1, 27880] loss: 6616.983
[1, 27900] loss: 8339.069
[1, 27920] loss: 3923.302
[1, 27940] loss: 3319.864
[1, 27960] loss: 1890.636
[1, 27980] loss: 3912.050
[1, 28000] loss: 4426.449
[1, 28020] loss: 7928.469
[1, 28040] loss: 12643.621
[1, 28060] loss: 2952.703
[1, 28080] loss: 4061.880
[1, 28100] loss: 2877.624
[1, 28120] loss: 3719.230
[1, 28140] loss: 4774.351
[1, 28160] loss: 6057.375
[1, 28180] loss: 2513.913
[1, 28200] loss: 2522.200
[1, 28220] loss: 2586.218
[1, 28240] loss: 2200.867
[1, 28260] loss: 1295.765
[1, 28280] loss: 3109.952
[1, 28300] loss: 1844.471
[1, 28320] loss: 3092.918
[1, 28340] loss: 10161.266
[1, 28360] loss: 7276.044
[1, 28380] loss: 7813.963
[1, 28400] loss: 1044.584
[1, 28420] loss: 1585.456
[1, 28440] loss: 1067.285
[1, 28460] loss: 2665.167
[1, 28480] loss: 3063.155
[1, 28500] loss: 2117.354
[1, 28520] loss: 3119.909
[1, 28540] loss: 1144.784
[1, 28560] loss: 2275.306
[1, 28580] loss: 2081.150
[1, 28600] loss: 8669.093
[1, 28620] loss: 4114.707
[1, 28640] loss: 4191.295
[1, 28660] loss: 2344.797
[1, 28680] loss: 3523.065
[1, 28700] loss: 3668.855
[1, 28720] loss: 2428.103
[1, 28740] loss: 2080.503
[1, 28760] loss: 1311.376
[1, 28780] loss: 2581.405
[1, 28800] loss: 1119.582
[1, 28820] loss: 2508.585
[1, 28840] loss: 3073.081
[1, 28860] loss: 2850.123
[1, 28880] loss: 3042.190
[1, 28900] loss: 2058.907
[1, 28920] loss: 2882.373
[1, 28940] loss: 2869.314
[1, 28960] loss: 2616.917
[1, 28980] loss: 8137.070
[1, 29000] loss: 6047.780
[1, 29020] loss: 7739.234
[1, 29040] loss: 12700.656
[1, 29060] loss: 17833.305
[1, 29080] loss: 5660.224
[1, 29100] loss: 2655.834
[1, 29120] loss: 7722.577
[1, 29140] loss: 10006.595
[1, 29160] loss: 9038.467
[1, 29180] loss: 3169.365
[1, 29200] loss: 10128.383
[1, 29220] loss: 3313.518
[1, 29240] loss: 3012.180
[1, 29260] loss: 1258.265
[1, 29280] loss: 1425.199
[1, 29300] loss: 4718.672
[1, 29320] loss: 5254.189
[1, 29340] loss: 2139.875
[1, 29360] loss: 5680.995
[1, 29380] loss: 8300.718
[1, 29400] loss: 5848.298
[1, 29420] loss: 2595.886
[1, 29440] loss: 1706.650
[1, 29460] loss: 2791.562
[1, 29480] loss: 1498.305
[1, 29500] loss: 3344.507
[1, 29520] loss: 1527.133
[1, 29540] loss: 3107.237
[1, 29560] loss: 1922.615
[1, 29580] loss: 5381.212
[1, 29600] loss: 1821.056
[1, 29620] loss: 929.199
[1, 29640] loss: 1751.169
[1, 29660] loss: 853.725
[1, 29680] loss: 1424.032
[1, 29700] loss: 1641.350
[1, 29720] loss: 1545.047
[1, 29740] loss: 1386.812
[1, 29760] loss: 2170.869
[1, 29780] loss: 2616.501
[1, 29800] loss: 10057.651
[1, 29820] loss: 1965.183
[1, 29840] loss: 2815.451
[1, 29860] loss: 4785.004
[1, 29880] loss: 3230.344
[1, 29900] loss: 2301.548
[1, 29920] loss: 2046.762
[1, 29940] loss: 2959.443
[1, 29960] loss: 3001.729
[1, 29980] loss: 3442.148
[1, 30000] loss: 2847.763
[1, 30020] loss: 1222.456
[1, 30040] loss: 13677.195
[1, 30060] loss: 39978.003
[1, 30080] loss: 21773.713
[1, 30100] loss: 11751.898
[1, 30120] loss: 7032.629
[1, 30140] loss: 7487.237
[1, 30160] loss: 4861.945
[1, 30180] loss: 2979.344
[1, 30200] loss: 4057.566
[1, 30220] loss: 1571.889
[1, 30240] loss: 4451.733
[1, 30260] loss: 2990.559
[1, 30280] loss: 1448.960
[1, 30300] loss: 1739.604
[1, 30320] loss: 1295.501
[1, 30340] loss: 3919.327
[1, 30360] loss: 18430.232
[1, 30380] loss: 8315.979
[1, 30400] loss: 5212.709
[1, 30420] loss: 4028.006
[2,    20] loss: 2038.974
[2,    40] loss: 6203.855
[2,    60] loss: 7622.402
[2,    80] loss: 8909.509
[2,   100] loss: 6298.138
[2,   120] loss: 72111.832
[2,   140] loss: 91466.252
[2,   160] loss: 69340.480
[2,   180] loss: 176239.921
[2,   200] loss: 314872.842
[2,   220] loss: 212296.999
[2,   240] loss: 149918.295
[2,   260] loss: 9299.544
[2,   280] loss: 13922.038
[2,   300] loss: 4189.468
[2,   320] loss: 5268.280
[2,   340] loss: 8165.471
[2,   360] loss: 8253.417
[2,   380] loss: 9818.798
[2,   400] loss: 24881.271
[2,   420] loss: 37863.869
[2,   440] loss: 62307.187
[2,   460] loss: 23588.837
[2,   480] loss: 13581.651
[2,   500] loss: 5642.032
[2,   520] loss: 4785.416
[2,   540] loss: 3440.968
[2,   560] loss: 4743.218
[2,   580] loss: 1799.047
[2,   600] loss: 961.727
[2,   620] loss: 617.404
[2,   640] loss: 578.050
[2,   660] loss: 326.486
[2,   680] loss: 967.236
[2,   700] loss: 1176.011
[2,   720] loss: 703.543
[2,   740] loss: 1083.665
[2,   760] loss: 2933.472
[2,   780] loss: 2799.878
[2,   800] loss: 1091.800
[2,   820] loss: 875.957
[2,   840] loss: 501.660
[2,   860] loss: 604.367
[2,   880] loss: 852.056
[2,   900] loss: 1938.342
[2,   920] loss: 1848.927
[2,   940] loss: 879.705
[2,   960] loss: 428.959
[2,   980] loss: 157.051
[2,  1000] loss: 238.584
[2,  1020] loss: 333.777
[2,  1040] loss: 287.646
[2,  1060] loss: 379.510
[2,  1080] loss: 556.049
[2,  1100] loss: 706.874
[2,  1120] loss: 628.973
[2,  1140] loss: 529.580
[2,  1160] loss: 470.286
[2,  1180] loss: 841.345
[2,  1200] loss: 253.805
[2,  1220] loss: 301.254
[2,  1240] loss: 298.365
[2,  1260] loss: 278.988
[2,  1280] loss: 742.912
[2,  1300] loss: 1176.470
[2,  1320] loss: 809.474
[2,  1340] loss: 224.284
[2,  1360] loss: 262.263
[2,  1380] loss: 955.295
[2,  1400] loss: 2724.974
[2,  1420] loss: 3298.539
[2,  1440] loss: 1000.556
[2,  1460] loss: 1048.657
[2,  1480] loss: 820.338
[2,  1500] loss: 365.768
[2,  1520] loss: 681.202
[2,  1540] loss: 2047.842
[2,  1560] loss: 1993.655
[2,  1580] loss: 1185.499
[2,  1600] loss: 667.257
[2,  1620] loss: 342.866
[2,  1640] loss: 401.569
[2,  1660] loss: 691.462
[2,  1680] loss: 866.254
[2,  1700] loss: 526.206
[2,  1720] loss: 608.100
[2,  1740] loss: 481.521
[2,  1760] loss: 869.643
[2,  1780] loss: 716.555
[2,  1800] loss: 392.569
[2,  1820] loss: 918.027
[2,  1840] loss: 2162.354
[2,  1860] loss: 1737.677
[2,  1880] loss: 2707.345
[2,  1900] loss: 528.504
[2,  1920] loss: 382.684
[2,  1940] loss: 753.465
[2,  1960] loss: 5604.067
[2,  1980] loss: 3419.027
[2,  2000] loss: 1344.125
[2,  2020] loss: 955.091
[2,  2040] loss: 589.601
[2,  2060] loss: 2155.099
[2,  2080] loss: 2655.588
[2,  2100] loss: 749.365
[2,  2120] loss: 384.996
[2,  2140] loss: 9639.492
[2,  2160] loss: 15012.293
[2,  2180] loss: 41184.294
[2,  2200] loss: 540332.064
[2,  2220] loss: 4972172277.318
[2,  2240] loss: 1731125457816.000
[2,  2260] loss: 998984042230.400
[2,  2280] loss: 8060815222310.400
[2,  2300] loss: 989818376813.912
[2,  2320] loss: 43169064012.800
[2,  2340] loss: 4313546542.700
[2,  2360] loss: 2724045292.791
[2,  2380] loss: 1662816567.450
[2,  2400] loss: 1026269006.346
[2,  2420] loss: 1531028968.700
[2,  2440] loss: 1570041068.916
[2,  2460] loss: 1063802052.725
[2,  2480] loss: 1008281677.942
[2,  2500] loss: 492272098.700
[2,  2520] loss: 463763893.012
[2,  2540] loss: 349579739.915
[2,  2560] loss: 519297787.320
[2,  2580] loss: 448964961.333
[2,  2600] loss: 386505795.885
[2,  2620] loss: 301832462.855
[2,  2640] loss: 172808021.209
[2,  2660] loss: 180851050.338
[2,  2680] loss: 257551671.550
[2,  2700] loss: 440018973.446
[2,  2720] loss: 267353922.720
[2,  2740] loss: 449070397.438
[2,  2760] loss: 173350366.738
[2,  2780] loss: 275275709.592
[2,  2800] loss: 225522801.896
[2,  2820] loss: 429971237.141
[2,  2840] loss: 221366244.519
[2,  2860] loss: 165871564.360
[2,  2880] loss: 167628639.863
[2,  2900] loss: 59280387.414
[2,  2920] loss: 96603767.265
[2,  2940] loss: 111277177.960
[2,  2960] loss: 208429514.412
[2,  2980] loss: 127916461.282
[2,  3000] loss: 102809203.713
[2,  3020] loss: 95716630.590
[2,  3040] loss: 51241159.896
[2,  3060] loss: 97019957.602
[2,  3080] loss: 71413185.174
[2,  3100] loss: 63163945.435
[2,  3120] loss: 137929979.805
[2,  3140] loss: 66021846.183
[2,  3160] loss: 60053030.070
[2,  3180] loss: 46669279.869
[2,  3200] loss: 123328156.398
[2,  3220] loss: 131042024.793
[2,  3240] loss: 56239289.039
[2,  3260] loss: 63947127.388
[2,  3280] loss: 149861700.126
[2,  3300] loss: 68513117.075
[2,  3320] loss: 62028133.681
[2,  3340] loss: 43911611.715
[2,  3360] loss: 60420952.177
[2,  3380] loss: 49811732.748
[2,  3400] loss: 66837255.712
[2,  3420] loss: 70369758.277
[2,  3440] loss: 56133651.388
[2,  3460] loss: 69081060.537
[2,  3480] loss: 63304554.033
[2,  3500] loss: 70473911.461
[2,  3520] loss: 104477891.162
[2,  3540] loss: 43332524.166
[2,  3560] loss: 40252426.617
[2,  3580] loss: 60091046.023
[2,  3600] loss: 80361311.416
[2,  3620] loss: 52713252.133
[2,  3640] loss: 25113212.327
[2,  3660] loss: 20270456.840
[2,  3680] loss: 36733076.828
[2,  3700] loss: 41675723.423
[2,  3720] loss: 91294293.779
[2,  3740] loss: 33199660.859
[2,  3760] loss: 62381414.681
[2,  3780] loss: 45076489.209
[2,  3800] loss: 35041567.966
[2,  3820] loss: 48293192.300
[2,  3840] loss: 68696646.920
[2,  3860] loss: 34589816.550
[2,  3880] loss: 32990457.741
[2,  3900] loss: 78150876.859
[2,  3920] loss: 46499041.896
[2,  3940] loss: 54364853.375
[2,  3960] loss: 47727566.704
[2,  3980] loss: 28883263.590
[2,  4000] loss: 60771635.424
[2,  4020] loss: 51835747.941
[2,  4040] loss: 54148225.195
[2,  4060] loss: 30949359.256
[2,  4080] loss: 41471987.395
[2,  4100] loss: 22026605.035
[2,  4120] loss: 21915682.618
[2,  4140] loss: 22974292.665
[2,  4160] loss: 46993680.720
[2,  4180] loss: 31453249.019
[2,  4200] loss: 13676304.388
[2,  4220] loss: 30094514.558
[2,  4240] loss: 19096316.582
[2,  4260] loss: 51035779.270
[2,  4280] loss: 27515096.312
[2,  4300] loss: 59552130.316
[2,  4320] loss: 39720781.581
[2,  4340] loss: 18210629.724
[2,  4360] loss: 15791084.387
[2,  4380] loss: 28558156.279
[2,  4400] loss: 10024379.010
[2,  4420] loss: 12108755.829
[2,  4440] loss: 9990920.334
[2,  4460] loss: 20433860.493
[2,  4480] loss: 14536265.038
[2,  4500] loss: 41311911.688
[2,  4520] loss: 14578227.539
[2,  4540] loss: 27327850.339
[2,  4560] loss: 40512330.586
[2,  4580] loss: 33420224.591
[2,  4600] loss: 42920940.555
[2,  4620] loss: 15420941.175
[2,  4640] loss: 32599522.910
[2,  4660] loss: 22496425.402
[2,  4680] loss: 16057318.655
[2,  4700] loss: 33221496.688
[2,  4720] loss: 26299376.070
[2,  4740] loss: 23692871.288
[2,  4760] loss: 28594977.375
[2,  4780] loss: 26312200.955
[2,  4800] loss: 9895304.251
[2,  4820] loss: 19332482.748
[2,  4840] loss: 17051379.885
[2,  4860] loss: 23118724.548
[2,  4880] loss: 13437689.479
[2,  4900] loss: 16401951.437
[2,  4920] loss: 33776906.103
[2,  4940] loss: 19658149.298
[2,  4960] loss: 20103919.850
[2,  4980] loss: 19819257.769
[2,  5000] loss: 14189659.193
[2,  5020] loss: 21410877.028
[2,  5040] loss: 20116484.515
[2,  5060] loss: 23682528.428
[2,  5080] loss: 14095250.540
[2,  5100] loss: 4402230.465
[2,  5120] loss: 19342803.124
[2,  5140] loss: 15731930.909
[2,  5160] loss: 19164002.292
[2,  5180] loss: 17615290.016
[2,  5200] loss: 18925344.760
[2,  5220] loss: 8120620.684
[2,  5240] loss: 10489724.279
[2,  5260] loss: 10860888.321
[2,  5280] loss: 15122255.989
[2,  5300] loss: 9780281.287
[2,  5320] loss: 13619238.706
[2,  5340] loss: 28419590.462
[2,  5360] loss: 5954309.758
[2,  5380] loss: 16464828.292
[2,  5400] loss: 13132357.822
[2,  5420] loss: 14604715.252
[2,  5440] loss: 8062954.842
[2,  5460] loss: 4923451.028
[2,  5480] loss: 16019525.619
[2,  5500] loss: 12290963.234
[2,  5520] loss: 11247569.358
[2,  5540] loss: 10172425.812
[2,  5560] loss: 11164696.635
[2,  5580] loss: 10295147.125
[2,  5600] loss: 7367147.713
[2,  5620] loss: 9866859.161
[2,  5640] loss: 10688243.786
[2,  5660] loss: 12255372.109
[2,  5680] loss: 12813484.203
[2,  5700] loss: 7841820.827
[2,  5720] loss: 5209038.736
[2,  5740] loss: 9218626.138
[2,  5760] loss: 9263173.419
[2,  5780] loss: 10053893.702
[2,  5800] loss: 7999508.289
[2,  5820] loss: 14785227.711
[2,  5840] loss: 9256928.564
[2,  5860] loss: 9459492.535
[2,  5880] loss: 8744630.250
[2,  5900] loss: 8727152.583
[2,  5920] loss: 7284792.393
[2,  5940] loss: 15592054.909
[2,  5960] loss: 8536699.916
[2,  5980] loss: 5675283.826
[2,  6000] loss: 9461419.188
[2,  6020] loss: 9614540.792
[2,  6040] loss: 8402714.635
[2,  6060] loss: 10282699.326
[2,  6080] loss: 8483234.452
[2,  6100] loss: 4406450.273
[2,  6120] loss: 11773027.141
[2,  6140] loss: 7259186.332
[2,  6160] loss: 7390492.828
[2,  6180] loss: 8816211.579
[2,  6200] loss: 3930358.829
[2,  6220] loss: 6986395.071
[2,  6240] loss: 5423296.229
[2,  6260] loss: 8321667.998
[2,  6280] loss: 4301024.427
[2,  6300] loss: 3483034.631
[2,  6320] loss: 3266018.344
[2,  6340] loss: 4331756.156
[2,  6360] loss: 3149785.022
[2,  6380] loss: 9805559.867
[2,  6400] loss: 5319061.265
[2,  6420] loss: 4807283.087
[2,  6440] loss: 4305585.099
[2,  6460] loss: 4519863.150
[2,  6480] loss: 5946469.866
[2,  6500] loss: 4360330.550
[2,  6520] loss: 5387885.445
[2,  6540] loss: 5560350.364
[2,  6560] loss: 6075301.521
[2,  6580] loss: 1905186.185
[2,  6600] loss: 6676839.951
[2,  6620] loss: 3733369.204
[2,  6640] loss: 6993429.904
[2,  6660] loss: 6384315.167
[2,  6680] loss: 3591991.665
[2,  6700] loss: 6002904.570
[2,  6720] loss: 3878352.794
[2,  6740] loss: 5089630.873
[2,  6760] loss: 5885566.745
[2,  6780] loss: 2782354.853
[2,  6800] loss: 5175406.751
[2,  6820] loss: 3739711.792
[2,  6840] loss: 5687955.154
[2,  6860] loss: 4563729.487
[2,  6880] loss: 4756565.833
[2,  6900] loss: 3319286.083
[2,  6920] loss: 5987213.611
[2,  6940] loss: 3935635.442
[2,  6960] loss: 2786423.609
[2,  6980] loss: 2553485.635
[2,  7000] loss: 2552669.475
[2,  7020] loss: 2890667.335
[2,  7040] loss: 2181716.806
[2,  7060] loss: 5296119.871
[2,  7080] loss: 2803078.595
[2,  7100] loss: 3677120.002
[2,  7120] loss: 1107706.033
[2,  7140] loss: 3537269.308
[2,  7160] loss: 1004800.086
[2,  7180] loss: 985259.475
[2,  7200] loss: 1688500.880
[2,  7220] loss: 1403845.988
[2,  7240] loss: 3543798.213
[2,  7260] loss: 3717956.782
[2,  7280] loss: 1661237.549
[2,  7300] loss: 1567916.505
[2,  7320] loss: 1201230.202
[2,  7340] loss: 3440662.253
[2,  7360] loss: 5654454.108
[2,  7380] loss: 1860427.436
[2,  7400] loss: 2776559.622
[2,  7420] loss: 2860928.563
[2,  7440] loss: 1164997.666
[2,  7460] loss: 1565581.588
[2,  7480] loss: 1793501.695
[2,  7500] loss: 1747387.745
[2,  7520] loss: 3589804.054
[2,  7540] loss: 2202729.325
[2,  7560] loss: 1849081.252
[2,  7580] loss: 1813440.493
[2,  7600] loss: 2922110.348
[2,  7620] loss: 2965596.135
[2,  7640] loss: 614214.844
[2,  7660] loss: 1607896.505
[2,  7680] loss: 1919675.060
[2,  7700] loss: 1646858.844
[2,  7720] loss: 2285699.890
[2,  7740] loss: 2315237.059
[2,  7760] loss: 1212124.291
[2,  7780] loss: 1848102.946
[2,  7800] loss: 1873301.276
[2,  7820] loss: 1298897.318
[2,  7840] loss: 1071318.662
[2,  7860] loss: 1169729.609
[2,  7880] loss: 1559745.375
[2,  7900] loss: 2056100.613
[2,  7920] loss: 1498669.651
[2,  7940] loss: 504130.350
[2,  7960] loss: 1253296.402
[2,  7980] loss: 1653346.205
[2,  8000] loss: 1148350.061
[2,  8020] loss: 1112250.043
[2,  8040] loss: 1026697.925
[2,  8060] loss: 1606849.055
[2,  8080] loss: 1719339.478
[2,  8100] loss: 1759163.764
[2,  8120] loss: 947905.621
[2,  8140] loss: 2015704.741
[2,  8160] loss: 1474035.553
[2,  8180] loss: 893927.053
[2,  8200] loss: 1554958.077
[2,  8220] loss: 1657604.725
[2,  8240] loss: 792316.575
[2,  8260] loss: 1013150.118
[2,  8280] loss: 974882.393
[2,  8300] loss: 983416.899
[2,  8320] loss: 1678110.165
[2,  8340] loss: 984926.180
[2,  8360] loss: 578284.332
[2,  8380] loss: 779793.525
[2,  8400] loss: 885353.742
[2,  8420] loss: 1072909.249
[2,  8440] loss: 701557.123
[2,  8460] loss: 1117597.416
[2,  8480] loss: 1008911.583
[2,  8500] loss: 1001651.364
[2,  8520] loss: 866964.844
[2,  8540] loss: 453192.102
[2,  8560] loss: 996464.673
[2,  8580] loss: 359301.302
[2,  8600] loss: 998052.720
[2,  8620] loss: 1099808.323
[2,  8640] loss: 413227.560
[2,  8660] loss: 919392.501
[2,  8680] loss: 630419.302
[2,  8700] loss: 1284505.822
[2,  8720] loss: 984153.340
[2,  8740] loss: 1139643.415
[2,  8760] loss: 466493.569
[2,  8780] loss: 779791.915
[2,  8800] loss: 535883.396
[2,  8820] loss: 446940.244
[2,  8840] loss: 639238.369
[2,  8860] loss: 737830.536
[2,  8880] loss: 722500.174
[2,  8900] loss: 468793.588
[2,  8920] loss: 508137.023
[2,  8940] loss: 429043.344
[2,  8960] loss: 555305.730
[2,  8980] loss: 1048439.849
[2,  9000] loss: 1021060.933
[2,  9020] loss: 319801.866
[2,  9040] loss: 671908.020
[2,  9060] loss: 653598.803
[2,  9080] loss: 547566.719
[2,  9100] loss: 699409.934
[2,  9120] loss: 596718.327
[2,  9140] loss: 812883.628
[2,  9160] loss: 504870.879
[2,  9180] loss: 324331.039
[2,  9200] loss: 401677.547
[2,  9220] loss: 550451.971
[2,  9240] loss: 567453.566
[2,  9260] loss: 1064101.784
[2,  9280] loss: 1071124.501
[2,  9300] loss: 840807.468
[2,  9320] loss: 937816.393
[2,  9340] loss: 1192103.134
[2,  9360] loss: 1011268.355
[2,  9380] loss: 649710.059
[2,  9400] loss: 698206.528
[2,  9420] loss: 860972.759
[2,  9440] loss: 448584.229
[2,  9460] loss: 636426.156
[2,  9480] loss: 618275.700
[2,  9500] loss: 476602.769
[2,  9520] loss: 423083.281
[2,  9540] loss: 439192.817
[2,  9560] loss: 374073.107
[2,  9580] loss: 468778.787
[2,  9600] loss: 326915.602
[2,  9620] loss: 544358.384
[2,  9640] loss: 700936.430
[2,  9660] loss: 1492239.378
[2,  9680] loss: 500646.660
[2,  9700] loss: 687073.034
[2,  9720] loss: 628033.593
[2,  9740] loss: 714328.661
[2,  9760] loss: 909252.976
[2,  9780] loss: 633230.399
[2,  9800] loss: 777256.705
[2,  9820] loss: 503148.843
[2,  9840] loss: 374284.403
[2,  9860] loss: 565551.116
[2,  9880] loss: 371698.058
[2,  9900] loss: 285067.108
[2,  9920] loss: 406322.202
[2,  9940] loss: 437747.804
[2,  9960] loss: 349381.011
[2,  9980] loss: 1235532.751
[2, 10000] loss: 672463.670
[2, 10020] loss: 286783.926
[2, 10040] loss: 414068.804
[2, 10060] loss: 425630.923
[2, 10080] loss: 478410.341
[2, 10100] loss: 365182.580
[2, 10120] loss: 437200.869
[2, 10140] loss: 434673.483
[2, 10160] loss: 381888.905
[2, 10180] loss: 424290.067
[2, 10200] loss: 508225.844
[2, 10220] loss: 380010.910
[2, 10240] loss: 264854.822
[2, 10260] loss: 629225.824
[2, 10280] loss: 512872.606
[2, 10300] loss: 641890.783
[2, 10320] loss: 582621.779
[2, 10340] loss: 314997.577
[2, 10360] loss: 370301.448
[2, 10380] loss: 270529.408
[2, 10400] loss: 292091.101
[2, 10420] loss: 171719.385
[2, 10440] loss: 238744.911
[2, 10460] loss: 408775.643
[2, 10480] loss: 500911.860
[2, 10500] loss: 488138.932
[2, 10520] loss: 228692.674
[2, 10540] loss: 407293.365
[2, 10560] loss: 339064.820
[2, 10580] loss: 419373.977
[2, 10600] loss: 378423.103
[2, 10620] loss: 238100.803
[2, 10640] loss: 438241.007
[2, 10660] loss: 306998.869
[2, 10680] loss: 483721.634
[2, 10700] loss: 225646.807
[2, 10720] loss: 230160.223
[2, 10740] loss: 415014.186
[2, 10760] loss: 424105.531
[2, 10780] loss: 180980.207
[2, 10800] loss: 446487.340
[2, 10820] loss: 588465.015
[2, 10840] loss: 350062.986
[2, 10860] loss: 134507.530
[2, 10880] loss: 364419.410
[2, 10900] loss: 288586.403
[2, 10920] loss: 286618.204
[2, 10940] loss: 601387.544
[2, 10960] loss: 661954.011
[2, 10980] loss: 349746.102
[2, 11000] loss: 216351.195
[2, 11020] loss: 354025.123
[2, 11040] loss: 204298.742
[2, 11060] loss: 162081.635
[2, 11080] loss: 442880.213
[2, 11100] loss: 345934.211
[2, 11120] loss: 320684.153
[2, 11140] loss: 329112.138
[2, 11160] loss: 315832.188
[2, 11180] loss: 266773.387
[2, 11200] loss: 386262.831
[2, 11220] loss: 311235.383
[2, 11240] loss: 305333.157
[2, 11260] loss: 229547.861
[2, 11280] loss: 209104.078
[2, 11300] loss: 115359.787
[2, 11320] loss: 136333.799
[2, 11340] loss: 275110.949
[2, 11360] loss: 249501.990
[2, 11380] loss: 363862.052
[2, 11400] loss: 314090.005
[2, 11420] loss: 309821.587
[2, 11440] loss: 475781.151
[2, 11460] loss: 276131.070
[2, 11480] loss: 196990.713
[2, 11500] loss: 161860.928
[2, 11520] loss: 288074.052
[2, 11540] loss: 382852.421
[2, 11560] loss: 318688.771
[2, 11580] loss: 96614.032
[2, 11600] loss: 324806.048
[2, 11620] loss: 261425.604
[2, 11640] loss: 495392.070
[2, 11660] loss: 287642.620
[2, 11680] loss: 644998.302
[2, 11700] loss: 673413.573
[2, 11720] loss: 370391.080
[2, 11740] loss: 302007.392
[2, 11760] loss: 366481.596
[2, 11780] loss: 657587.246
[2, 11800] loss: 329489.064
[2, 11820] loss: 299787.851
[2, 11840] loss: 527275.071
[2, 11860] loss: 495132.779
[2, 11880] loss: 176128.552
[2, 11900] loss: 448332.797
[2, 11920] loss: 799873.799
[2, 11940] loss: 281281.316
[2, 11960] loss: 363027.634
[2, 11980] loss: 428795.589
[2, 12000] loss: 578816.798
[2, 12020] loss: 849312.098
[2, 12040] loss: 1217381.594
[2, 12060] loss: 1176000.110
[2, 12080] loss: 532722.189
[2, 12100] loss: 335932.960
[2, 12120] loss: 237191.022
[2, 12140] loss: 303027.312
[2, 12160] loss: 138145.296
[2, 12180] loss: 273973.358
[2, 12200] loss: 494527.367
[2, 12220] loss: 315099.239
[2, 12240] loss: 166476.096
[2, 12260] loss: 330576.144
[2, 12280] loss: 344878.673
[2, 12300] loss: 223352.272
[2, 12320] loss: 485757.886
[2, 12340] loss: 466720.288
[2, 12360] loss: 403315.893
[2, 12380] loss: 259315.013
[2, 12400] loss: 311890.631
[2, 12420] loss: 220968.545
[2, 12440] loss: 101400.005
[2, 12460] loss: 145825.464
[2, 12480] loss: 260457.439
[2, 12500] loss: 126130.543
[2, 12520] loss: 112964.333
[2, 12540] loss: 149961.279
[2, 12560] loss: 297479.223
[2, 12580] loss: 678234.992
[2, 12600] loss: 308142.389
[2, 12620] loss: 1140194.830
[2, 12640] loss: 828800.453
[2, 12660] loss: 754794.268
[2, 12680] loss: 1071830.250
[2, 12700] loss: 1110410.574
[2, 12720] loss: 371616.300
[2, 12740] loss: 332189.373
[2, 12760] loss: 1110417.594
[2, 12780] loss: 523400.156
[2, 12800] loss: 743367.412
[2, 12820] loss: 906969.498
[2, 12840] loss: 311494.224
[2, 12860] loss: 362682.637
[2, 12880] loss: 226482.884
[2, 12900] loss: 1280075.703
[2, 12920] loss: 353111.923
[2, 12940] loss: 206185.551
[2, 12960] loss: 99889.304
[2, 12980] loss: 268262.805
[2, 13000] loss: 165604.607
[2, 13020] loss: 210745.531
[2, 13040] loss: 290084.481
[2, 13060] loss: 137222.144
[2, 13080] loss: 106143.171
[2, 13100] loss: 119928.196
[2, 13120] loss: 132443.037
[2, 13140] loss: 58047.555
[2, 13160] loss: 104412.732
[2, 13180] loss: 200994.092
[2, 13200] loss: 1263642.666
[2, 13220] loss: 839252.143
[2, 13240] loss: 691047.313
[2, 13260] loss: 686043.648
[2, 13280] loss: 1105925.297
[2, 13300] loss: 7654026.191
[2, 13320] loss: 8388953.752
[2, 13340] loss: 12036578.316
[2, 13360] loss: 8258893.214
[2, 13380] loss: 7856420.074
[2, 13400] loss: 4065467.061
[2, 13420] loss: 3505470.245
[2, 13440] loss: 2510189.912
[2, 13460] loss: 2010305.592
[2, 13480] loss: 716038.166
[2, 13500] loss: 286796.999
[2, 13520] loss: 285601.886
[2, 13540] loss: 218955.061
[2, 13560] loss: 143144.737
[2, 13580] loss: 133775.273
[2, 13600] loss: 170125.230
[2, 13620] loss: 329648.764
[2, 13640] loss: 417411.476
[2, 13660] loss: 237844.090
[2, 13680] loss: 60358.138
[2, 13700] loss: 537572.323
[2, 13720] loss: 393356.115
[2, 13740] loss: 92548.499
[2, 13760] loss: 96541.971
[2, 13780] loss: 84718.607
[2, 13800] loss: 102225.584
[2, 13820] loss: 68729.550
[2, 13840] loss: 421095.409
[2, 13860] loss: 469694.364
[2, 13880] loss: 281921.719
[2, 13900] loss: 246768.036
[2, 13920] loss: 222095.958
[2, 13940] loss: 116553.798
[2, 13960] loss: 123921.915
[2, 13980] loss: 118191.682
[2, 14000] loss: 102285.504
[2, 14020] loss: 285082.588
[2, 14040] loss: 189584.552
[2, 14060] loss: 233253.891
[2, 14080] loss: 165891.329
[2, 14100] loss: 843701.383
[2, 14120] loss: 764129.769
[2, 14140] loss: 241252.157
[2, 14160] loss: 686791.822
[2, 14180] loss: 375518.951
[2, 14200] loss: 603956.674
[2, 14220] loss: 298397.388
[2, 14240] loss: 109316.079
[2, 14260] loss: 71359.144
[2, 14280] loss: 125782.933
[2, 14300] loss: 96491.443
[2, 14320] loss: 281169.260
[2, 14340] loss: 584522.932
[2, 14360] loss: 497812.634
[2, 14380] loss: 146522.243
[2, 14400] loss: 358813.262
[2, 14420] loss: 294560.337
[2, 14440] loss: 128664.912
[2, 14460] loss: 231025.698
[2, 14480] loss: 146888.115
[2, 14500] loss: 178468.286
[2, 14520] loss: 106954.124
[2, 14540] loss: 54172.915
[2, 14560] loss: 148110.064
[2, 14580] loss: 214734.699
[2, 14600] loss: 111117.012
[2, 14620] loss: 287240.487
[2, 14640] loss: 171670.881
[2, 14660] loss: 51797.379
[2, 14680] loss: 103365.628
[2, 14700] loss: 298343.251
[2, 14720] loss: 413062.801
[2, 14740] loss: 263074.075
[2, 14760] loss: 41351.214
[2, 14780] loss: 85056.761
[2, 14800] loss: 107106.612
[2, 14820] loss: 22874.579
[2, 14840] loss: 80700.915
[2, 14860] loss: 277368.833
[2, 14880] loss: 4947924.035
[2, 14900] loss: 878333.096
[2, 14920] loss: 222860.512
[2, 14940] loss: 413914.417
[2, 14960] loss: 154551.288
[2, 14980] loss: 77391.808
[2, 15000] loss: 87739.174
[2, 15020] loss: 132031.075
[2, 15040] loss: 90752.537
[2, 15060] loss: 55936.031
[2, 15080] loss: 76042.378
[2, 15100] loss: 86408.830
[2, 15120] loss: 171804.606
[2, 15140] loss: 390055.541
[2, 15160] loss: 261204.288
[2, 15180] loss: 74062.768
[2, 15200] loss: 63124.117
[2, 15220] loss: 110752.322
[2, 15240] loss: 106040.604
[2, 15260] loss: 233426.144
[2, 15280] loss: 79170.298
[2, 15300] loss: 82056.530
[2, 15320] loss: 40907.664
[2, 15340] loss: 30667.211
[2, 15360] loss: 89925.162
[2, 15380] loss: 78915.568
[2, 15400] loss: 61317.032
[2, 15420] loss: 172964.959
[2, 15440] loss: 136867.036
[2, 15460] loss: 165472.882
[2, 15480] loss: 169671.066
[2, 15500] loss: 108860.258
[2, 15520] loss: 559451.495
[2, 15540] loss: 313306.081
[2, 15560] loss: 262428.853
[2, 15580] loss: 182097.073
[2, 15600] loss: 207170.778
[2, 15620] loss: 1431369.685
[2, 15640] loss: 2472956.119
[2, 15660] loss: 4505829.624
[2, 15680] loss: 911995.431
[2, 15700] loss: 903213.841
[2, 15720] loss: 295884.325
[2, 15740] loss: 710639.979
[2, 15760] loss: 1285493.122
[2, 15780] loss: 3274479.519
[2, 15800] loss: 3967481.779
[2, 15820] loss: 3744220.134
[2, 15840] loss: 1581287.608
[2, 15860] loss: 801307.636
[2, 15880] loss: 172316.172
[2, 15900] loss: 172811.990
[2, 15920] loss: 77346.600
[2, 15940] loss: 120101.953
[2, 15960] loss: 192899.405
[2, 15980] loss: 184280.651
[2, 16000] loss: 73915.578
[2, 16020] loss: 84228.785
[2, 16040] loss: 53705.444
[2, 16060] loss: 24984.197
[2, 16080] loss: 37846.994
[2, 16100] loss: 100293.307
[2, 16120] loss: 93017.551
[2, 16140] loss: 34826.966
[2, 16160] loss: 100593.396
[2, 16180] loss: 187715.858
[2, 16200] loss: 139460.362
[2, 16220] loss: 141405.625
[2, 16240] loss: 312080.942
[2, 16260] loss: 28817.293
[2, 16280] loss: 62642.515
[2, 16300] loss: 168747.808
[2, 16320] loss: 72237.577
[2, 16340] loss: 91892.311
[2, 16360] loss: 223313.363
[2, 16380] loss: 215723.939
[2, 16400] loss: 69064.487
[2, 16420] loss: 81863.375
[2, 16440] loss: 15352.654
[2, 16460] loss: 109606.424
[2, 16480] loss: 249302.600
[2, 16500] loss: 130954.474
[2, 16520] loss: 64578.261
[2, 16540] loss: 60452.556
[2, 16560] loss: 86674.754
[2, 16580] loss: 46474.387
[2, 16600] loss: 36893.946
[2, 16620] loss: 38830.181
[2, 16640] loss: 32282.045
[2, 16660] loss: 38375.068
[2, 16680] loss: 54018.641
[2, 16700] loss: 66043.242
[2, 16720] loss: 131747.394
[2, 16740] loss: 319561.601
[2, 16760] loss: 186280.231
[2, 16780] loss: 19828.457
[2, 16800] loss: 51896.389
[2, 16820] loss: 17635.411
[2, 16840] loss: 43758.209
[2, 16860] loss: 306085.803
[2, 16880] loss: 161604.768
[2, 16900] loss: 119147.384
[2, 16920] loss: 86615.926
[2, 16940] loss: 104577.023
[2, 16960] loss: 97905.213
[2, 16980] loss: 113228.844
[2, 17000] loss: 184754.744
[2, 17020] loss: 410203.163
[2, 17040] loss: 209062.830
[2, 17060] loss: 352343.364
[2, 17080] loss: 296707.599
[2, 17100] loss: 174497.147
[2, 17120] loss: 73883.146
[2, 17140] loss: 58807.976
[2, 17160] loss: 327692.655
[2, 17180] loss: 716193.562
[2, 17200] loss: 605587.613
[2, 17220] loss: 400506.648
[2, 17240] loss: 143220.899
[2, 17260] loss: 332453.452
[2, 17280] loss: 223189.272
[2, 17300] loss: 196022.938
[2, 17320] loss: 1105819.777
[2, 17340] loss: 792574.771
[2, 17360] loss: 1064490.368
[2, 17380] loss: 116926.447
[2, 17400] loss: 610848.636
[2, 17420] loss: 355836.518
[2, 17440] loss: 134789.377
[2, 17460] loss: 54569.653
[2, 17480] loss: 42288.121
[2, 17500] loss: 25259.763
[2, 17520] loss: 10941.182
[2, 17540] loss: 20535.975
[2, 17560] loss: 31399.179
[2, 17580] loss: 20958.777
[2, 17600] loss: 32274.270
[2, 17620] loss: 60230.647
[2, 17640] loss: 85321.636
[2, 17660] loss: 64999.988
[2, 17680] loss: 50024.853
[2, 17700] loss: 542022.104
[2, 17720] loss: 452236.106
[2, 17740] loss: 346072.875
[2, 17760] loss: 197552.694
[2, 17780] loss: 55772.826
[2, 17800] loss: 38663.994
[2, 17820] loss: 65229.354
[2, 17840] loss: 61706.025
[2, 17860] loss: 20745.965
[2, 17880] loss: 24472.606
[2, 17900] loss: 26635.986
[2, 17920] loss: 53264.424
[2, 17940] loss: 30142.621
[2, 17960] loss: 18350.621
[2, 17980] loss: 16696.858
[2, 18000] loss: 36781.870
[2, 18020] loss: 36096.631
[2, 18040] loss: 28135.419
[2, 18060] loss: 19463.373
[2, 18080] loss: 10124.401
[2, 18100] loss: 5904.877
[2, 18120] loss: 13456.291
[2, 18140] loss: 48288.804
[2, 18160] loss: 21150.325
[2, 18180] loss: 13677.737
[2, 18200] loss: 20899.188
[2, 18220] loss: 28543.862
[2, 18240] loss: 53916.698
[2, 18260] loss: 29473.077
[2, 18280] loss: 62269.818
[2, 18300] loss: 59360.495
[2, 18320] loss: 70188.363
[2, 18340] loss: 104379.289
[2, 18360] loss: 153445.004
[2, 18380] loss: 42104.162
[2, 18400] loss: 17653.868
[2, 18420] loss: 10034.603
[2, 18440] loss: 7255.752
[2, 18460] loss: 15687.528
[2, 18480] loss: 77823.553
[2, 18500] loss: 9750.336
[2, 18520] loss: 3568.012
[2, 18540] loss: 12931.433
[2, 18560] loss: 25580.586
[2, 18580] loss: 27115.871
[2, 18600] loss: 27715.771
[2, 18620] loss: 41105.593
[2, 18640] loss: 18872.745
[2, 18660] loss: 17260.790
[2, 18680] loss: 19058.247
[2, 18700] loss: 18783.841
[2, 18720] loss: 18752.052
[2, 18740] loss: 16588.820
[2, 18760] loss: 20949.757
[2, 18780] loss: 44885.622
[2, 18800] loss: 55616.778
[2, 18820] loss: 53727.752
[2, 18840] loss: 70277.055
[2, 18860] loss: 44674.468
[2, 18880] loss: 44173.595
[2, 18900] loss: 73308.163
[2, 18920] loss: 64046.657
[2, 18940] loss: 76817.881
[2, 18960] loss: 119708.465
[2, 18980] loss: 81903.809
[2, 19000] loss: 74596.825
[2, 19020] loss: 47098.147
[2, 19040] loss: 30851.658
[2, 19060] loss: 19911.788
[2, 19080] loss: 21051.081
[2, 19100] loss: 41282.420
[2, 19120] loss: 32195.947
[2, 19140] loss: 105402.245
[2, 19160] loss: 137026.130
[2, 19180] loss: 488392.522
[2, 19200] loss: 136092.096
[2, 19220] loss: 82916.224
[2, 19240] loss: 170674.690
[2, 19260] loss: 349062.725
[2, 19280] loss: 203065.864
[2, 19300] loss: 106827.324
[2, 19320] loss: 65296.442
[2, 19340] loss: 71645.813
[2, 19360] loss: 46108.853
[2, 19380] loss: 57829.291
[2, 19400] loss: 30138.399
[2, 19420] loss: 58783.057
[2, 19440] loss: 226088.561
[2, 19460] loss: 162810.349
[2, 19480] loss: 81917.614
[2, 19500] loss: 26208.603
[2, 19520] loss: 63163.831
[2, 19540] loss: 45464.758
[2, 19560] loss: 22004.175
[2, 19580] loss: 53709.777
[2, 19600] loss: 16517.145
[2, 19620] loss: 19177.276
[2, 19640] loss: 20363.404
[2, 19660] loss: 17345.445
[2, 19680] loss: 7249.222
[2, 19700] loss: 5619.463
[2, 19720] loss: 50068.711
[2, 19740] loss: 24765.344
[2, 19760] loss: 24993.828
[2, 19780] loss: 13696.909
[2, 19800] loss: 9040.388
[2, 19820] loss: 14531.970
[2, 19840] loss: 9064.859
[2, 19860] loss: 9633.742
[2, 19880] loss: 74006.670
[2, 19900] loss: 154692.198
[2, 19920] loss: 112213.514
[2, 19940] loss: 37431.222
[2, 19960] loss: 55509.872
[2, 19980] loss: 53402.156
[2, 20000] loss: 43628.039
[2, 20020] loss: 27601.893
[2, 20040] loss: 30815.533
[2, 20060] loss: 37726.400
[2, 20080] loss: 84459.911
[2, 20100] loss: 26685.132
[2, 20120] loss: 7370.479
[2, 20140] loss: 8288.416
[2, 20160] loss: 15668.822
[2, 20180] loss: 42710.562
[2, 20200] loss: 32901.315
[2, 20220] loss: 34933.084
[2, 20240] loss: 20079.475
[2, 20260] loss: 27935.978
[2, 20280] loss: 15959.060
[2, 20300] loss: 5974.763
[2, 20320] loss: 4729.127
[2, 20340] loss: 11267.939
[2, 20360] loss: 27902.136
[2, 20380] loss: 27181.535
[2, 20400] loss: 33978.025
[2, 20420] loss: 67903.106
[2, 20440] loss: 103720.151
[2, 20460] loss: 508473.752
[2, 20480] loss: 812940.806
[2, 20500] loss: 1213625.155
[2, 20520] loss: 4932006.789
[2, 20540] loss: 658087426.813
[2, 20560] loss: 587778196476.000
[2, 20580] loss: 2839528917640.000
[2, 20600] loss: 406037824051.200
[2, 20620] loss: 30070595105.600
[2, 20640] loss: 8270050057.600
[2, 20660] loss: 2228665399.675
[2, 20680] loss: 1475176751.900
[2, 20700] loss: 646866924.825
[2, 20720] loss: 734694888.400
[2, 20740] loss: 543558281.121
[2, 20760] loss: 626501517.150
[2, 20780] loss: 318070342.043
[2, 20800] loss: 302118842.544
[2, 20820] loss: 417766611.000
[2, 20840] loss: 358257860.728
[2, 20860] loss: 321917077.255
[2, 20880] loss: 241688692.029
[2, 20900] loss: 355717682.050
[2, 20920] loss: 145925283.552
[2, 20940] loss: 147976815.725
[2, 20960] loss: 121553617.066
[2, 20980] loss: 186656815.392
[2, 21000] loss: 186063405.125
[2, 21020] loss: 54623353.844
[2, 21040] loss: 104197910.300
[2, 21060] loss: 187170056.855
[2, 21080] loss: 185025801.312
[2, 21100] loss: 123384365.998
[2, 21120] loss: 107280523.275
[2, 21140] loss: 157561666.483
[2, 21160] loss: 71484959.049
[2, 21180] loss: 80521394.017
[2, 21200] loss: 59500573.780
[2, 21220] loss: 96592433.236
[2, 21240] loss: 47586683.765
[2, 21260] loss: 51734778.165
[2, 21280] loss: 128799477.415
[2, 21300] loss: 60806111.987
[2, 21320] loss: 75857335.137
[2, 21340] loss: 66659184.214
[2, 21360] loss: 46781966.404
[2, 21380] loss: 71913131.908
[2, 21400] loss: 106875172.322
[2, 21420] loss: 50414638.613
[2, 21440] loss: 87152291.566
[2, 21460] loss: 66014493.665
[2, 21480] loss: 63157051.129
[2, 21500] loss: 52183831.746
[2, 21520] loss: 50874733.700
[2, 21540] loss: 109602214.856
[2, 21560] loss: 68003328.357
[2, 21580] loss: 52224513.446
[2, 21600] loss: 114514105.594
[2, 21620] loss: 34451400.818
[2, 21640] loss: 58376346.715
[2, 21660] loss: 30172918.938
[2, 21680] loss: 30121017.187
[2, 21700] loss: 59240619.022
[2, 21720] loss: 29463328.423
[2, 21740] loss: 77117300.888
[2, 21760] loss: 37172467.378
[2, 21780] loss: 20974534.272
[2, 21800] loss: 38324582.893
[2, 21820] loss: 25268797.038
[2, 21840] loss: 35074670.170
[2, 21860] loss: 46421368.525
[2, 21880] loss: 21459167.197
[2, 21900] loss: 32517275.312
[2, 21920] loss: 40908828.599
[2, 21940] loss: 34437322.160
[2, 21960] loss: 42087853.706
[2, 21980] loss: 57107697.806
[2, 22000] loss: 29085108.434
[2, 22020] loss: 24514540.841
[2, 22040] loss: 20539250.944
[2, 22060] loss: 37851552.403
[2, 22080] loss: 44887006.072
[2, 22100] loss: 39958562.500
[2, 22120] loss: 17270860.734
[2, 22140] loss: 14330899.164
[2, 22160] loss: 36200429.846
[2, 22180] loss: 14701667.362
[2, 22200] loss: 16172393.416
[2, 22220] loss: 28031612.373
[2, 22240] loss: 31341725.541
[2, 22260] loss: 17196601.111
[2, 22280] loss: 20462179.823
[2, 22300] loss: 20165522.635
[2, 22320] loss: 18418056.635
[2, 22340] loss: 25013722.399
[2, 22360] loss: 13261523.285
[2, 22380] loss: 18627182.713
[2, 22400] loss: 19265370.557
[2, 22420] loss: 10974485.874
[2, 22440] loss: 31873990.155
[2, 22460] loss: 32308355.227
[2, 22480] loss: 33761803.331
[2, 22500] loss: 23363961.974
[2, 22520] loss: 25958458.563
[2, 22540] loss: 22901374.577
[2, 22560] loss: 9439977.442
[2, 22580] loss: 14735760.715
[2, 22600] loss: 34610560.311
[2, 22620] loss: 21601024.054
[2, 22640] loss: 13417538.936
[2, 22660] loss: 26151805.953
[2, 22680] loss: 17059210.341
[2, 22700] loss: 9911959.378
[2, 22720] loss: 26433705.011
[2, 22740] loss: 16095814.404
[2, 22760] loss: 11191139.606
[2, 22780] loss: 18476510.531
[2, 22800] loss: 18234370.340
[2, 22820] loss: 11983532.049
[2, 22840] loss: 20507247.437
[2, 22860] loss: 10876923.162
[2, 22880] loss: 12361952.741
[2, 22900] loss: 15361395.721
[2, 22920] loss: 15867350.826
[2, 22940] loss: 17384140.343
[2, 22960] loss: 19059512.507
[2, 22980] loss: 10609744.871
[2, 23000] loss: 10580953.352
[2, 23020] loss: 17298345.652
[2, 23040] loss: 17605367.771
[2, 23060] loss: 21791166.497
[2, 23080] loss: 14770875.630
[2, 23100] loss: 4965671.225
[2, 23120] loss: 13978933.657
[2, 23140] loss: 10878961.278
[2, 23160] loss: 16916640.512
[2, 23180] loss: 8711120.810
[2, 23200] loss: 14778964.551
[2, 23220] loss: 14083160.414
[2, 23240] loss: 7227941.081
[2, 23260] loss: 10289896.698
[2, 23280] loss: 13036256.830
[2, 23300] loss: 14193948.020
[2, 23320] loss: 12584223.984
[2, 23340] loss: 7376719.065
[2, 23360] loss: 10384011.335
[2, 23380] loss: 10452908.852
[2, 23400] loss: 6884552.520
[2, 23420] loss: 10263059.041
[2, 23440] loss: 8919017.710
[2, 23460] loss: 5759268.741
[2, 23480] loss: 11517587.685
[2, 23500] loss: 9146792.997
[2, 23520] loss: 8602771.228
[2, 23540] loss: 8288103.813
[2, 23560] loss: 6725271.186
[2, 23580] loss: 11244100.184
[2, 23600] loss: 10308491.040
[2, 23620] loss: 7380770.958
[2, 23640] loss: 17433476.561
[2, 23660] loss: 14627304.662
[2, 23680] loss: 7197166.702
[2, 23700] loss: 4595544.060
[2, 23720] loss: 7831855.891
[2, 23740] loss: 4618413.259
[2, 23760] loss: 7708707.800
[2, 23780] loss: 5374467.182
[2, 23800] loss: 13481399.229
[2, 23820] loss: 7906440.357
[2, 23840] loss: 9450043.177
[2, 23860] loss: 10705320.184
[2, 23880] loss: 14817755.131
[2, 23900] loss: 10653109.884
[2, 23920] loss: 7654077.132
[2, 23940] loss: 7209383.275
[2, 23960] loss: 11382346.854
[2, 23980] loss: 4614559.484
[2, 24000] loss: 6255255.449
[2, 24020] loss: 7425440.478
[2, 24040] loss: 4845231.448
[2, 24060] loss: 4136353.966
[2, 24080] loss: 6693456.324
[2, 24100] loss: 8460507.446
[2, 24120] loss: 8916932.577
[2, 24140] loss: 6664696.203
[2, 24160] loss: 3378517.567
[2, 24180] loss: 9074807.180
[2, 24200] loss: 8428830.411
[2, 24220] loss: 8452654.297
[2, 24240] loss: 6185960.806
[2, 24260] loss: 5594911.812
[2, 24280] loss: 2805677.081
[2, 24300] loss: 3683472.021
[2, 24320] loss: 6917545.353
[2, 24340] loss: 6673248.446
[2, 24360] loss: 2850837.990
[2, 24380] loss: 7326711.841
[2, 24400] loss: 3929116.231
[2, 24420] loss: 3258909.657
[2, 24440] loss: 4569369.338
[2, 24460] loss: 3916363.505
[2, 24480] loss: 5012619.220
[2, 24500] loss: 4116795.394
[2, 24520] loss: 4264895.249
[2, 24540] loss: 4161005.554
[2, 24560] loss: 5877809.286
[2, 24580] loss: 4799272.119
[2, 24600] loss: 2082931.982
[2, 24620] loss: 3398910.102
[2, 24640] loss: 954146.744
[2, 24660] loss: 3089149.836
[2, 24680] loss: 4239694.925
[2, 24700] loss: 3854239.384
[2, 24720] loss: 4545048.622
[2, 24740] loss: 3108121.069
[2, 24760] loss: 5591618.240
[2, 24780] loss: 2531716.775
[2, 24800] loss: 4857511.946
[2, 24820] loss: 6464673.185
[2, 24840] loss: 5447609.467
[2, 24860] loss: 2391467.475
[2, 24880] loss: 2755134.585
[2, 24900] loss: 5030675.566
[2, 24920] loss: 3245113.922
[2, 24940] loss: 3954626.407
[2, 24960] loss: 4915681.134
[2, 24980] loss: 1874906.485
[2, 25000] loss: 5753358.010
[2, 25020] loss: 3644310.000
[2, 25040] loss: 3375670.839
[2, 25060] loss: 3374323.244
[2, 25080] loss: 3763619.473
[2, 25100] loss: 3431180.071
[2, 25120] loss: 3257873.200
[2, 25140] loss: 3516617.086
[2, 25160] loss: 3447406.904
[2, 25180] loss: 3054633.939
[2, 25200] loss: 5512030.981
[2, 25220] loss: 2979726.223
[2, 25240] loss: 2535937.267
[2, 25260] loss: 4334580.783
[2, 25280] loss: 2410772.350
[2, 25300] loss: 3513947.734
[2, 25320] loss: 2887047.165
[2, 25340] loss: 3199058.088
[2, 25360] loss: 3666486.514
[2, 25380] loss: 4575315.953
[2, 25400] loss: 2471436.460
[2, 25420] loss: 2696717.683
[2, 25440] loss: 1253108.410
[2, 25460] loss: 3150527.001
[2, 25480] loss: 1645141.017
[2, 25500] loss: 1003972.746
[2, 25520] loss: 2979343.873
[2, 25540] loss: 1329382.895
[2, 25560] loss: 917922.793
[2, 25580] loss: 2056339.082
[2, 25600] loss: 4590875.287
[2, 25620] loss: 1840792.093
[2, 25640] loss: 3687759.780
[2, 25660] loss: 3962738.510
[2, 25680] loss: 2973566.615
[2, 25700] loss: 2137529.929
[2, 25720] loss: 1868155.141
[2, 25740] loss: 1243322.165
[2, 25760] loss: 2536059.744
[2, 25780] loss: 1701579.194
[2, 25800] loss: 2053886.133
[2, 25820] loss: 1693489.272
[2, 25840] loss: 1284294.337
[2, 25860] loss: 1730822.441
[2, 25880] loss: 2002286.244
[2, 25900] loss: 2123245.313
[2, 25920] loss: 3447760.564
[2, 25940] loss: 2536189.350
[2, 25960] loss: 2735677.097
[2, 25980] loss: 2470693.579
[2, 26000] loss: 1532193.776
[2, 26020] loss: 1831825.609
[2, 26040] loss: 2105388.718
[2, 26060] loss: 736574.160
[2, 26080] loss: 1470913.737
[2, 26100] loss: 2120102.419
[2, 26120] loss: 1708412.001
[2, 26140] loss: 2648204.207
[2, 26160] loss: 1234146.019
[2, 26180] loss: 1911730.082
[2, 26200] loss: 1363029.548
[2, 26220] loss: 986201.879
[2, 26240] loss: 1187685.370
[2, 26260] loss: 495464.841
[2, 26280] loss: 1475842.432
[2, 26300] loss: 1121185.077
[2, 26320] loss: 2873144.013
[2, 26340] loss: 1652166.166
[2, 26360] loss: 2653978.156
[2, 26380] loss: 1697537.653
[2, 26400] loss: 2427309.698
[2, 26420] loss: 1512232.726
[2, 26440] loss: 621535.828
[2, 26460] loss: 1192366.049
[2, 26480] loss: 834263.802
[2, 26500] loss: 1672996.627
[2, 26520] loss: 950800.072
[2, 26540] loss: 2279164.603
[2, 26560] loss: 948275.498
[2, 26580] loss: 2140270.963
[2, 26600] loss: 571506.495
[2, 26620] loss: 1399256.489
[2, 26640] loss: 1451486.064
[2, 26660] loss: 2829333.586
[2, 26680] loss: 1780879.796
[2, 26700] loss: 756706.583
[2, 26720] loss: 800227.653
[2, 26740] loss: 1443742.594
[2, 26760] loss: 1110677.037
[2, 26780] loss: 1332746.416
[2, 26800] loss: 1871415.872
[2, 26820] loss: 1513234.341
[2, 26840] loss: 1910753.177
[2, 26860] loss: 1144478.751
[2, 26880] loss: 1216308.517
[2, 26900] loss: 925139.188
[2, 26920] loss: 911672.284
[2, 26940] loss: 1428340.924
[2, 26960] loss: 1618133.911
[2, 26980] loss: 1027441.396
[2, 27000] loss: 932715.320
[2, 27020] loss: 603810.664
[2, 27040] loss: 734221.695
[2, 27060] loss: 2215748.332
[2, 27080] loss: 989227.717
[2, 27100] loss: 723732.367
[2, 27120] loss: 1520262.059
[2, 27140] loss: 1081127.288
[2, 27160] loss: 1635851.967
[2, 27180] loss: 730233.473
[2, 27200] loss: 913426.499
[2, 27220] loss: 715312.571
[2, 27240] loss: 347887.891
[2, 27260] loss: 723359.740
[2, 27280] loss: 771902.610
[2, 27300] loss: 596951.547
[2, 27320] loss: 868786.827
[2, 27340] loss: 1071103.942
[2, 27360] loss: 946319.121
[2, 27380] loss: 777287.655
[2, 27400] loss: 1211325.255
[2, 27420] loss: 776267.445
[2, 27440] loss: 776610.936
[2, 27460] loss: 1115797.352
[2, 27480] loss: 1597205.208
[2, 27500] loss: 2851520.479
[2, 27520] loss: 1326037.560
[2, 27540] loss: 1040055.623
[2, 27560] loss: 607749.310
[2, 27580] loss: 623132.144
[2, 27600] loss: 602550.178
[2, 27620] loss: 714688.948
[2, 27640] loss: 2004089.779
[2, 27660] loss: 415537.761
[2, 27680] loss: 660476.173
[2, 27700] loss: 906345.169
[2, 27720] loss: 267944.664
[2, 27740] loss: 1744162.626
[2, 27760] loss: 1000526.032
[2, 27780] loss: 411252.954
[2, 27800] loss: 691243.406
[2, 27820] loss: 518903.131
[2, 27840] loss: 1085934.919
[2, 27860] loss: 1156435.913
[2, 27880] loss: 497449.958
[2, 27900] loss: 514467.321
[2, 27920] loss: 517871.585
[2, 27940] loss: 694771.304
[2, 27960] loss: 1155052.663
[2, 27980] loss: 952144.532
[2, 28000] loss: 519420.436
[2, 28020] loss: 402964.986
[2, 28040] loss: 317351.889
[2, 28060] loss: 581442.744
[2, 28080] loss: 650072.313
[2, 28100] loss: 658791.177
[2, 28120] loss: 518601.899
[2, 28140] loss: 419880.904
[2, 28160] loss: 366631.581
[2, 28180] loss: 308808.962
[2, 28200] loss: 704803.453
[2, 28220] loss: 313537.204
[2, 28240] loss: 371636.207
[2, 28260] loss: 548541.403
[2, 28280] loss: 790806.118
[2, 28300] loss: 1306602.140
[2, 28320] loss: 708208.863
[2, 28340] loss: 536435.899
[2, 28360] loss: 813655.732
[2, 28380] loss: 767778.326
[2, 28400] loss: 591440.086
[2, 28420] loss: 312223.281
[2, 28440] loss: 197343.835
[2, 28460] loss: 312815.318
[2, 28480] loss: 351066.706
[2, 28500] loss: 627672.450
[2, 28520] loss: 918077.105
[2, 28540] loss: 1595455.690
[2, 28560] loss: 494544.904
[2, 28580] loss: 497003.919
[2, 28600] loss: 392522.568
[2, 28620] loss: 319974.962
[2, 28640] loss: 469654.788
[2, 28660] loss: 305181.451
[2, 28680] loss: 277246.740
[2, 28700] loss: 370273.182
[2, 28720] loss: 419414.082
[2, 28740] loss: 554748.450
[2, 28760] loss: 772528.754
[2, 28780] loss: 389628.318
[2, 28800] loss: 532852.447
[2, 28820] loss: 315027.050
[2, 28840] loss: 324931.849
[2, 28860] loss: 880145.193
[2, 28880] loss: 1875845.307
[2, 28900] loss: 1565294.220
[2, 28920] loss: 556822.633
[2, 28940] loss: 798800.385
[2, 28960] loss: 189751.662
[2, 28980] loss: 395606.905
[2, 29000] loss: 810561.241
[2, 29020] loss: 1673802.307
[2, 29040] loss: 1245346.438
[2, 29060] loss: 434068.756
[2, 29080] loss: 382906.699
[2, 29100] loss: 278636.053
[2, 29120] loss: 1123955.140
[2, 29140] loss: 226790.307
[2, 29160] loss: 360023.062
[2, 29180] loss: 377005.472
[2, 29200] loss: 368817.748
[2, 29220] loss: 317277.151
[2, 29240] loss: 312441.944
[2, 29260] loss: 279678.817
[2, 29280] loss: 446596.385
[2, 29300] loss: 214921.594
[2, 29320] loss: 411562.733
[2, 29340] loss: 439944.984
[2, 29360] loss: 452246.490
[2, 29380] loss: 1278343.245
[2, 29400] loss: 543811.626
[2, 29420] loss: 690679.636
[2, 29440] loss: 783956.823
[2, 29460] loss: 587044.312
[2, 29480] loss: 1205167.418
[2, 29500] loss: 767849.519
[2, 29520] loss: 571033.926
[2, 29540] loss: 463361.019
[2, 29560] loss: 354756.227
[2, 29580] loss: 279313.423
[2, 29600] loss: 224791.173
[2, 29620] loss: 451369.884
[2, 29640] loss: 716376.376
[2, 29660] loss: 2146880.416
[2, 29680] loss: 2659333.955
[2, 29700] loss: 1964951.615
[2, 29720] loss: 784721.620
[2, 29740] loss: 316969.645
[2, 29760] loss: 359321.461
[2, 29780] loss: 137118.482
[2, 29800] loss: 518049.822
[2, 29820] loss: 208060.124
[2, 29840] loss: 603471.470
[2, 29860] loss: 649753.607
[2, 29880] loss: 292898.733
[2, 29900] loss: 190302.856
[2, 29920] loss: 190562.398
[2, 29940] loss: 409523.719
[2, 29960] loss: 670613.668
[2, 29980] loss: 244431.230
[2, 30000] loss: 611741.842
[2, 30020] loss: 409292.310
[2, 30040] loss: 1926735.189
[2, 30060] loss: 574410.489
[2, 30080] loss: 519893.566
[2, 30100] loss: 383131.812
[2, 30120] loss: 364725.968
[2, 30140] loss: 366653.395
[2, 30160] loss: 260482.442
[2, 30180] loss: 359691.775
[2, 30200] loss: 268132.469
[2, 30220] loss: 259625.702
[2, 30240] loss: 491731.335
[2, 30260] loss: 608727.282
[2, 30280] loss: 303129.368
[2, 30300] loss: 372243.467
[2, 30320] loss: 247413.649
[2, 30340] loss: 258068.059
[2, 30360] loss: 578557.099
[2, 30380] loss: 497180.078
[2, 30400] loss: 916122.235
[2, 30420] loss: 817784.566
[1,    20] loss: 614144.300
[1,    40] loss: 700418.705
[1,    60] loss: 736008.534
[1,    80] loss: 907241.595
[1,   100] loss: 917176.353
[1,   120] loss: 883555.952
[1,   140] loss: 831824.918
[1,   160] loss: 733117.222
[1,   180] loss: 664034.882
[1,   200] loss: 602998.557
[1,   220] loss: 554168.156
[1,   240] loss: 531487.414
[1,   260] loss: 590926.633
[1,   280] loss: 585244.988
[1,   300] loss: 610862.891
[1,   320] loss: 627346.459
[1,   340] loss: 616718.906
[1,   360] loss: 618001.099
[1,   380] loss: 593994.057
[1,   400] loss: 567748.670
[1,   420] loss: 545733.263
[1,   440] loss: 523351.888
[1,   460] loss: 502323.189
[1,   480] loss: 482085.015
[1,   500] loss: 463055.212
[1,   520] loss: 445435.134
[1,   540] loss: 430949.957
[1,   560] loss: 416518.474
[1,   580] loss: 403349.903
[1,   600] loss: 394085.807
[1,   620] loss: 400686.399
[1,   640] loss: 416489.671
[1,   660] loss: 428092.464
[1,   680] loss: 435199.695
[1,   700] loss: 435691.058
[1,   720] loss: 438028.122
[1,   740] loss: 447404.109
[1,   760] loss: 455552.436
[1,   780] loss: 461972.751
[1,   800] loss: 472551.392
[1,   820] loss: 477215.463
[1,   840] loss: 486158.271
[1,   860] loss: 497068.238
[1,   880] loss: 497723.249
[1,   900] loss: 495232.140
[1,   920] loss: 500371.928
[1,   940] loss: 515287.060
[1,   960] loss: 521870.507
[1,   980] loss: 523335.031
[1,  1000] loss: 528611.189
[1,  1020] loss: 551722.146
[1,  1040] loss: 575198.067
[1,  1060] loss: 608789.559
[1,  1080] loss: 630695.685
[1,  1100] loss: 661664.005
[1,  1120] loss: 685238.408
[1,  1140] loss: 702978.375
[1,  1160] loss: 713994.464
[1,  1180] loss: 728397.343
[1,  1200] loss: 742106.444
[1,  1220] loss: 757478.719
[1,  1240] loss: 767990.676
[1,  1260] loss: 773071.816
[1,  1280] loss: 777062.079
[1,  1300] loss: 797437.485
[1,  1320] loss: 821777.190
[1,  1340] loss: 832873.031
[1,  1360] loss: 841675.684
[1,  1380] loss: 854163.536
[1,  1400] loss: 865738.873
[1,  1420] loss: 873959.764
[1,  1440] loss: 878413.698
[1,  1460] loss: 878640.020
[1,  1480] loss: 879400.094
[1,  1500] loss: 875810.699
[1,  1520] loss: 869026.234
[1,  1540] loss: 863260.964
[1,  1560] loss: 857712.073
[1,  1580] loss: 852639.212
[1,  1600] loss: 848860.873
[1,  1620] loss: 841792.502
[1,  1640] loss: 834578.376
[1,  1660] loss: 828495.105
[1,  1680] loss: 820866.778
[1,  1700] loss: 813371.278
[1,  1720] loss: 807369.763
[1,  1740] loss: 800858.645
[1,  1760] loss: 796479.027
[1,  1780] loss: 790278.642
[1,  1800] loss: 786934.516
[1,  1820] loss: 787365.889
[1,  1840] loss: 786193.161
[1,  1860] loss: 783537.201
[1,  1880] loss: 779027.650
[1,  1900] loss: 775678.696
[1,  1920] loss: 772283.754
[1,  1940] loss: 767170.311
[1,  1960] loss: 761494.806
[1,  1980] loss: 754227.872
[1,  2000] loss: 746759.509
[1,  2020] loss: 742775.053
[1,  2040] loss: 738998.232
[1,  2060] loss: 737070.900
[1,  2080] loss: 734850.119
[1,  2100] loss: 736662.695
[1,  2120] loss: 736540.940
[1,  2140] loss: 735940.443
[1,  2160] loss: 738392.023
[1,  2180] loss: 741597.455
[1,  2200] loss: 741306.906
[1,  2220] loss: 736374.682
[1,  2240] loss: 730811.150
[1,  2260] loss: 725969.918
[1,  2280] loss: 720602.135
[1,  2300] loss: 715932.351
[1,  2320] loss: 710005.727
[1,  2340] loss: 704224.647
[1,  2360] loss: 698693.562
[1,  2380] loss: 693096.221
[1,  2400] loss: 688450.018
[1,  2420] loss: 686261.644
[1,  2440] loss: 680882.131
[1,  2460] loss: 675574.121
[1,  2480] loss: 670193.372
[1,  2500] loss: 664963.580
[1,  2520] loss: 661370.690
[1,  2540] loss: 659989.718
[1,  2560] loss: 660669.458
[1,  2580] loss: 665588.228
[1,  2600] loss: 669131.548
[1,  2620] loss: 673117.309
[1,  2640] loss: 678599.774
[1,  2660] loss: 684699.235
[1,  2680] loss: 688517.936
[1,  2700] loss: 693522.534
[1,  2720] loss: 699997.996
[1,  2740] loss: 703650.090
[1,  2760] loss: 706315.396
[1,  2780] loss: 708503.159
[1,  2800] loss: 710044.132
[1,  2820] loss: 710456.392
[1,  2840] loss: 710261.145
[1,  2860] loss: 712509.436
[1,  2880] loss: 715432.763
[1,  2900] loss: 717575.946
[1,  2920] loss: 717248.718
[1,  2940] loss: 714702.984
[1,  2960] loss: 713701.078
[1,  2980] loss: 715927.833
[1,  3000] loss: 714585.174
[1,  3020] loss: 710592.027
[1,  3040] loss: 706095.050
[1,  3060] loss: 701545.532
[1,  3080] loss: 697563.827
[1,  3100] loss: 695994.186
[1,  3120] loss: 696476.038
[1,  3140] loss: 697205.395
[1,  3160] loss: 697292.792
[1,  3180] loss: 696619.200
[1,  3200] loss: 697913.785
[1,  3220] loss: 698040.965
[1,  3240] loss: 695114.845
[1,  3260] loss: 692268.019
[1,  3280] loss: 690001.963
[1,  3300] loss: 691577.419
[1,  3320] loss: 695222.511
[1,  3340] loss: 702199.959
[1,  3360] loss: 708812.617
[2,    20] loss: 614144.300
[2,    40] loss: 700418.705
[2,    60] loss: 736008.534
[2,    80] loss: 907241.595
[2,   100] loss: 917176.353
[2,   120] loss: 883555.952
[2,   140] loss: 831824.918
[2,   160] loss: 733117.222
[2,   180] loss: 664034.882
[2,   200] loss: 602998.557
[2,   220] loss: 554168.156
[2,   240] loss: 531487.414
[2,   260] loss: 590926.633
[2,   280] loss: 585244.988
[2,   300] loss: 610862.891
[2,   320] loss: 627346.459
[2,   340] loss: 616718.906
[2,   360] loss: 618001.099
[2,   380] loss: 593994.057
[2,   400] loss: 567748.670
[2,   420] loss: 545733.263
[2,   440] loss: 523351.888
[2,   460] loss: 502323.189
[2,   480] loss: 482085.015
[2,   500] loss: 463055.212
[2,   520] loss: 445435.134
[2,   540] loss: 430949.957
[2,   560] loss: 416518.474
[2,   580] loss: 403349.903
[2,   600] loss: 394085.807
[2,   620] loss: 400686.399
[2,   640] loss: 416489.671
[2,   660] loss: 428092.464
[2,   680] loss: 435199.695
[2,   700] loss: 435691.058
[2,   720] loss: 438028.122
[2,   740] loss: 447404.109
[2,   760] loss: 455552.436
[2,   780] loss: 461972.751
[2,   800] loss: 472551.392
[2,   820] loss: 477215.463
[2,   840] loss: 486158.271
[2,   860] loss: 497068.238
[2,   880] loss: 497723.249
[2,   900] loss: 495232.140
[2,   920] loss: 500371.928
[2,   940] loss: 515287.060
[2,   960] loss: 521870.507
[2,   980] loss: 523335.031
[2,  1000] loss: 528611.189
[2,  1020] loss: 551722.146
[2,  1040] loss: 575198.067
[2,  1060] loss: 608789.559
[2,  1080] loss: 630695.685
[2,  1100] loss: 661664.005
[2,  1120] loss: 685238.408
[2,  1140] loss: 702978.375
[2,  1160] loss: 713994.464
[2,  1180] loss: 728397.343
[2,  1200] loss: 742106.444
[2,  1220] loss: 757478.719
[2,  1240] loss: 767990.676
[2,  1260] loss: 773071.816
[2,  1280] loss: 777062.079
[2,  1300] loss: 797437.485
[2,  1320] loss: 821777.190
[2,  1340] loss: 832873.031
[2,  1360] loss: 841675.684
[2,  1380] loss: 854163.536
[2,  1400] loss: 865738.873
[2,  1420] loss: 873959.764
[2,  1440] loss: 878413.698
[2,  1460] loss: 878640.020
[2,  1480] loss: 879400.094
[2,  1500] loss: 875810.699
[2,  1520] loss: 869026.234
[2,  1540] loss: 863260.964
[2,  1560] loss: 857712.073
[2,  1580] loss: 852639.212
[2,  1600] loss: 848860.873
[2,  1620] loss: 841792.502
[2,  1640] loss: 834578.376
[2,  1660] loss: 828495.105
[2,  1680] loss: 820866.778
[2,  1700] loss: 813371.278
[2,  1720] loss: 807369.763
[2,  1740] loss: 800858.645
[2,  1760] loss: 796479.027
[2,  1780] loss: 790278.642
[2,  1800] loss: 786934.516
[2,  1820] loss: 787365.889
[2,  1840] loss: 786193.161
[2,  1860] loss: 783537.201
[2,  1880] loss: 779027.650
[2,  1900] loss: 775678.696
[2,  1920] loss: 772283.754
[2,  1940] loss: 767170.311
[2,  1960] loss: 761494.806
[2,  1980] loss: 754227.872
[2,  2000] loss: 746759.509
[2,  2020] loss: 742775.053
[2,  2040] loss: 738998.232
[2,  2060] loss: 737070.900
[2,  2080] loss: 734850.119
[2,  2100] loss: 736662.695
[2,  2120] loss: 736540.940
[2,  2140] loss: 735940.443
[2,  2160] loss: 738392.023
[2,  2180] loss: 741597.455
[2,  2200] loss: 741306.906
[2,  2220] loss: 736374.682
[2,  2240] loss: 730811.150
[2,  2260] loss: 725969.918
[2,  2280] loss: 720602.135
[2,  2300] loss: 715932.351
[2,  2320] loss: 710005.727
[2,  2340] loss: 704224.647
[2,  2360] loss: 698693.562
[2,  2380] loss: 693096.221
[2,  2400] loss: 688450.018
[2,  2420] loss: 686261.644
[2,  2440] loss: 680882.131
[2,  2460] loss: 675574.121
[2,  2480] loss: 670193.372
[2,  2500] loss: 664963.580
[2,  2520] loss: 661370.690
[2,  2540] loss: 659989.718
[2,  2560] loss: 660669.458
[2,  2580] loss: 665588.228
[2,  2600] loss: 669131.548
[2,  2620] loss: 673117.309
[2,  2640] loss: 678599.774
[2,  2660] loss: 684699.235
[2,  2680] loss: 688517.936
[2,  2700] loss: 693522.534
[2,  2720] loss: 699997.996
[2,  2740] loss: 703650.090
[2,  2760] loss: 706315.396
[2,  2780] loss: 708503.159
[2,  2800] loss: 710044.132
[2,  2820] loss: 710456.392
[2,  2840] loss: 710261.145
[2,  2860] loss: 712509.436
[2,  2880] loss: 715432.763
[2,  2900] loss: 717575.946
[2,  2920] loss: 717248.718
[2,  2940] loss: 714702.984
[2,  2960] loss: 713701.078
[2,  2980] loss: 715927.833
[2,  3000] loss: 714585.174
[2,  3020] loss: 710592.027
[2,  3040] loss: 706095.050
[2,  3060] loss: 701545.532
[2,  3080] loss: 697563.827
[2,  3100] loss: 695994.186
[2,  3120] loss: 696476.038
[2,  3140] loss: 697205.395
[2,  3160] loss: 697292.792
[2,  3180] loss: 696619.200
[2,  3200] loss: 697913.785
[2,  3220] loss: 698040.965
[2,  3240] loss: 695114.845
[2,  3260] loss: 692268.019
[2,  3280] loss: 690001.963
[2,  3300] loss: 691577.419
[2,  3320] loss: 695222.511
[2,  3340] loss: 702199.959
[2,  3360] loss: 708812.617
