cuda:  7
color_space: RGB
batch_size: 1
num_epcochs: 2
learning_rate: 0.003
[1,    20] loss: 12.977
[1,    40] loss: 38.253
[1,    60] loss: 185.216
[1,    80] loss: 2468.335
[1,   100] loss: 598044.666
[1,   120] loss: 57178.891
[1,   140] loss: 81000.539
[1,   160] loss: 20895.598
[1,   180] loss: 337.973
[1,   200] loss: 330.232
[1,   220] loss: 246.055
[1,   240] loss: 214.170
[1,   260] loss: 103.017
[1,   280] loss: 48.169
[1,   300] loss: 39.734
[1,   320] loss: 55.168
[1,   340] loss: 128.963
[1,   360] loss: 44.800
[1,   380] loss: 27.355
[1,   400] loss: 25.708
[1,   420] loss: 31.115
[1,   440] loss: 10.820
[1,   460] loss: 14.850
[1,   480] loss: 19.045
[1,   500] loss: 14.999
[1,   520] loss: 20.830
[1,   540] loss: 16.586
[1,   560] loss: 12.186
[1,   580] loss: 16.568
[1,   600] loss: 12.853
[1,   620] loss: 16.033
[1,   640] loss: 11.760
[1,   660] loss: 9.350
[1,   680] loss: 8.651
[1,   700] loss: 10.241
[1,   720] loss: 8.137
[1,   740] loss: 9.597
[1,   760] loss: 5.355
[1,   780] loss: 6.667
[1,   800] loss: 6.203
[1,   820] loss: 4.168
[1,   840] loss: 6.498
[1,   860] loss: 8.948
[1,   880] loss: 6.761
[1,   900] loss: 4.740
[1,   920] loss: 4.565
[1,   940] loss: 6.102
[1,   960] loss: 6.975
[1,   980] loss: 3.521
[1,  1000] loss: 2.892
[1,  1020] loss: 2.253
[1,  1040] loss: 3.498
[1,  1060] loss: 5.911
[1,  1080] loss: 7.723
[1,  1100] loss: 2.495
[1,  1120] loss: 4.847
[1,  1140] loss: 2.359
[1,  1160] loss: 3.921
[1,  1180] loss: 5.939
[1,  1200] loss: 2.118
[1,  1220] loss: 2.544
[1,  1240] loss: 3.876
[1,  1260] loss: 3.573
[1,  1280] loss: 2.106
[1,  1300] loss: 4.063
[1,  1320] loss: 5.363
[1,  1340] loss: 2.831
[1,  1360] loss: 2.904
[1,  1380] loss: 1.921
[1,  1400] loss: 2.211
[1,  1420] loss: 2.500
[1,  1440] loss: 2.699
[1,  1460] loss: 2.949
[1,  1480] loss: 1.978
[1,  1500] loss: 1.682
[1,  1520] loss: 1.576
[1,  1540] loss: 2.486
[1,  1560] loss: 0.961
[1,  1580] loss: 1.752
[1,  1600] loss: 1.415
[1,  1620] loss: 1.287
[1,  1640] loss: 2.110
[1,  1660] loss: 0.915
[1,  1680] loss: 2.596
[1,  1700] loss: 1.912
[1,  1720] loss: 0.795
[1,  1740] loss: 2.719
[1,  1760] loss: 1.306
[1,  1780] loss: 1.520
[1,  1800] loss: 1.358
[1,  1820] loss: 0.845
[1,  1840] loss: 1.789
[1,  1860] loss: 1.075
[1,  1880] loss: 1.889
[1,  1900] loss: 1.458
[1,  1920] loss: 0.887
[1,  1940] loss: 1.759
[1,  1960] loss: 1.926
[1,  1980] loss: 1.865
[1,  2000] loss: 1.380
[1,  2020] loss: 1.614
[1,  2040] loss: 1.178
[1,  2060] loss: 1.002
[1,  2080] loss: 1.419
[1,  2100] loss: 1.630
[1,  2120] loss: 1.124
[1,  2140] loss: 0.890
[1,  2160] loss: 0.838
[1,  2180] loss: 1.218
[1,  2200] loss: 0.710
[1,  2220] loss: 1.061
[1,  2240] loss: 1.048
[1,  2260] loss: 0.729
[1,  2280] loss: 0.580
[1,  2300] loss: 0.800
[1,  2320] loss: 0.872
[1,  2340] loss: 0.490
[1,  2360] loss: 0.462
[1,  2380] loss: 0.340
[1,  2400] loss: 0.772
[1,  2420] loss: 0.288
[1,  2440] loss: 0.551
[1,  2460] loss: 0.415
[1,  2480] loss: 0.833
[1,  2500] loss: 0.723
[1,  2520] loss: 0.655
[1,  2540] loss: 0.226
[1,  2560] loss: 0.748
[1,  2580] loss: 0.539
[1,  2600] loss: 0.573
[1,  2620] loss: 0.457
[1,  2640] loss: 0.843
[1,  2660] loss: 0.624
[1,  2680] loss: 0.520
[1,  2700] loss: 2.864
[1,  2720] loss: 0.921
[1,  2740] loss: 0.341
[1,  2760] loss: 0.288
[1,  2780] loss: 0.407
[1,  2800] loss: 0.786
[1,  2820] loss: 0.454
[1,  2840] loss: 0.532
[1,  2860] loss: 0.348
[1,  2880] loss: 0.383
[1,  2900] loss: 0.397
[1,  2920] loss: 0.702
[1,  2940] loss: 0.261
[1,  2960] loss: 0.775
[1,  2980] loss: 0.318
[1,  3000] loss: 0.340
[1,  3020] loss: 0.229
[1,  3040] loss: 0.242
[1,  3060] loss: 0.368
[1,  3080] loss: 0.395
[1,  3100] loss: 0.234
[1,  3120] loss: 0.374
[1,  3140] loss: 0.218
[1,  3160] loss: 0.474
[1,  3180] loss: 0.430
[1,  3200] loss: 0.299
[1,  3220] loss: 0.368
[1,  3240] loss: 0.763
[1,  3260] loss: 0.134
[1,  3280] loss: 0.502
[1,  3300] loss: 0.340
[1,  3320] loss: 0.198
[1,  3340] loss: 0.245
[1,  3360] loss: 0.536
[1,  3380] loss: 0.670
[1,  3400] loss: 0.597
[1,  3420] loss: 0.280
[1,  3440] loss: 0.380
[1,  3460] loss: 0.525
[1,  3480] loss: 0.287
[1,  3500] loss: 0.242
[1,  3520] loss: 0.428
[1,  3540] loss: 0.359
[1,  3560] loss: 0.404
[1,  3580] loss: 0.362
[1,  3600] loss: 0.642
[1,  3620] loss: 0.239
[1,  3640] loss: 0.267
[1,  3660] loss: 0.688
[1,  3680] loss: 0.195
[1,  3700] loss: 0.218
[1,  3720] loss: 0.324
[1,  3740] loss: 0.224
[1,  3760] loss: 0.273
[1,  3780] loss: 0.156
[1,  3800] loss: 0.375
[1,  3820] loss: 0.335
[1,  3840] loss: 0.227
[1,  3860] loss: 0.159
[1,  3880] loss: 0.267
[1,  3900] loss: 0.167
[1,  3920] loss: 0.289
[1,  3940] loss: 0.077
[1,  3960] loss: 0.093
[1,  3980] loss: 0.335
[1,  4000] loss: 0.214
[1,  4020] loss: 0.157
[1,  4040] loss: 0.240
[1,  4060] loss: 0.195
[1,  4080] loss: 0.113
[1,  4100] loss: 0.257
[1,  4120] loss: 0.254
[1,  4140] loss: 0.221
[1,  4160] loss: 0.221
[1,  4180] loss: 0.170
[1,  4200] loss: 0.339
[1,  4220] loss: 0.219
[1,  4240] loss: 0.127
[1,  4260] loss: 0.258
[1,  4280] loss: 0.204
[1,  4300] loss: 0.099
[1,  4320] loss: 0.146
[1,  4340] loss: 0.243
[1,  4360] loss: 0.155
[1,  4380] loss: 0.198
[1,  4400] loss: 0.126
[1,  4420] loss: 0.159
[1,  4440] loss: 0.384
[1,  4460] loss: 0.170
[1,  4480] loss: 0.357
[1,  4500] loss: 0.481
[1,  4520] loss: 0.209
[1,  4540] loss: 0.408
[1,  4560] loss: 0.186
[1,  4580] loss: 0.097
[1,  4600] loss: 0.149
[1,  4620] loss: 0.209
[1,  4640] loss: 0.142
[1,  4660] loss: 0.121
[1,  4680] loss: 0.241
[1,  4700] loss: 0.207
[1,  4720] loss: 0.114
[1,  4740] loss: 0.063
[1,  4760] loss: 0.114
[1,  4780] loss: 0.081
[1,  4800] loss: 0.220
[1,  4820] loss: 0.099
[1,  4840] loss: 0.144
[1,  4860] loss: 0.172
[1,  4880] loss: 0.374
[1,  4900] loss: 0.117
[1,  4920] loss: 0.216
[1,  4940] loss: 0.223
[1,  4960] loss: 0.219
[1,  4980] loss: 0.380
[1,  5000] loss: 0.505
[1,  5020] loss: 0.127
[1,  5040] loss: 0.124
[1,  5060] loss: 0.097
[1,  5080] loss: 0.245
[1,  5100] loss: 0.260
[1,  5120] loss: 0.374
[1,  5140] loss: 0.150
[1,  5160] loss: 0.138
[1,  5180] loss: 0.169
[1,  5200] loss: 0.311
[1,  5220] loss: 0.147
[1,  5240] loss: 0.128
[1,  5260] loss: 0.192
[1,  5280] loss: 0.135
[1,  5300] loss: 0.158
[1,  5320] loss: 0.145
[1,  5340] loss: 0.179
[1,  5360] loss: 0.184
[1,  5380] loss: 0.095
[1,  5400] loss: 0.276
[1,  5420] loss: 0.254
[1,  5440] loss: 0.133
[1,  5460] loss: 0.191
[1,  5480] loss: 0.165
[1,  5500] loss: 0.191
[1,  5520] loss: 0.282
[1,  5540] loss: 0.330
[1,  5560] loss: 0.166
[1,  5580] loss: 0.119
[1,  5600] loss: 0.071
[1,  5620] loss: 0.088
[1,  5640] loss: 0.153
[1,  5660] loss: 0.090
[1,  5680] loss: 0.249
[1,  5700] loss: 0.262
[1,  5720] loss: 0.103
[1,  5740] loss: 0.151
[1,  5760] loss: 0.216
[1,  5780] loss: 0.288
[1,  5800] loss: 0.173
[1,  5820] loss: 0.142
[1,  5840] loss: 0.181
[1,  5860] loss: 0.159
[1,  5880] loss: 0.088
[1,  5900] loss: 0.194
[1,  5920] loss: 0.156
[1,  5940] loss: 0.149
[1,  5960] loss: 0.155
[1,  5980] loss: 0.167
[1,  6000] loss: 0.169
[1,  6020] loss: 0.141
[1,  6040] loss: 0.120
[1,  6060] loss: 0.274
[1,  6080] loss: 0.247
[1,  6100] loss: 0.273
[1,  6120] loss: 0.082
[1,  6140] loss: 0.297
[1,  6160] loss: 0.291
[1,  6180] loss: 0.093
[1,  6200] loss: 0.081
[1,  6220] loss: 0.188
[1,  6240] loss: 0.430
[1,  6260] loss: 0.176
[1,  6280] loss: 0.051
[1,  6300] loss: 0.321
[1,  6320] loss: 0.306
[1,  6340] loss: 0.136
[1,  6360] loss: 0.146
[1,  6380] loss: 0.091
[1,  6400] loss: 0.275
[1,  6420] loss: 0.160
[1,  6440] loss: 0.291
[1,  6460] loss: 0.228
[1,  6480] loss: 0.339
[1,  6500] loss: 0.104
[1,  6520] loss: 0.172
[1,  6540] loss: 0.240
[1,  6560] loss: 0.118
[1,  6580] loss: 0.232
[1,  6600] loss: 0.165
[1,  6620] loss: 0.128
[1,  6640] loss: 0.099
[1,  6660] loss: 0.105
[1,  6680] loss: 0.125
[1,  6700] loss: 0.065
[1,  6720] loss: 0.069
[1,  6740] loss: 0.106
[1,  6760] loss: 0.069
[1,  6780] loss: 0.603
[1,  6800] loss: 0.398
[1,  6820] loss: 0.100
[1,  6840] loss: 0.132
[1,  6860] loss: 0.291
[1,  6880] loss: 0.117
[1,  6900] loss: 0.484
[1,  6920] loss: 0.375
[1,  6940] loss: 0.356
[1,  6960] loss: 0.210
[1,  6980] loss: 0.393
[1,  7000] loss: 0.548
[1,  7020] loss: 0.968
[1,  7040] loss: 0.841
[1,  7060] loss: 0.243
[1,  7080] loss: 0.257
[1,  7100] loss: 0.161
[1,  7120] loss: 0.077
[1,  7140] loss: 0.329
[1,  7160] loss: 0.074
[1,  7180] loss: 0.094
[1,  7200] loss: 0.178
[1,  7220] loss: 0.145
[1,  7240] loss: 0.142
[1,  7260] loss: 0.133
[1,  7280] loss: 0.066
[1,  7300] loss: 0.046
[1,  7320] loss: 0.370
[1,  7340] loss: 0.169
[1,  7360] loss: 0.180
[1,  7380] loss: 0.075
[1,  7400] loss: 0.095
[1,  7420] loss: 0.056
[1,  7440] loss: 0.053
[1,  7460] loss: 0.062
[1,  7480] loss: 0.194
[1,  7500] loss: 0.210
[1,  7520] loss: 0.296
[1,  7540] loss: 0.096
[1,  7560] loss: 0.126
[1,  7580] loss: 0.080
[1,  7600] loss: 0.062
[1,  7620] loss: 0.066
[1,  7640] loss: 0.166
[1,  7660] loss: 0.314
[1,  7680] loss: 0.133
[1,  7700] loss: 0.245
[1,  7720] loss: 0.145
[1,  7740] loss: 0.219
[1,  7760] loss: 0.088
[1,  7780] loss: 0.146
[1,  7800] loss: 0.094
[1,  7820] loss: 0.159
[1,  7840] loss: 0.036
[1,  7860] loss: 0.044
[1,  7880] loss: 0.045
[1,  7900] loss: 0.066
[1,  7920] loss: 0.135
[1,  7940] loss: 0.114
[1,  7960] loss: 0.062
[1,  7980] loss: 0.291
[1,  8000] loss: 0.076
[1,  8020] loss: 0.113
[1,  8040] loss: 0.067
[1,  8060] loss: 0.177
[1,  8080] loss: 0.064
[1,  8100] loss: 0.051
[1,  8120] loss: 0.127
[1,  8140] loss: 0.067
[1,  8160] loss: 0.081
[1,  8180] loss: 0.194
[1,  8200] loss: 0.103
[1,  8220] loss: 0.172
[1,  8240] loss: 0.339
[1,  8260] loss: 0.113
[1,  8280] loss: 0.436
[1,  8300] loss: 0.265
[1,  8320] loss: 0.169
[1,  8340] loss: 0.108
[1,  8360] loss: 0.159
[1,  8380] loss: 0.175
[1,  8400] loss: 0.548
[1,  8420] loss: 0.318
[1,  8440] loss: 0.521
[1,  8460] loss: 0.108
[1,  8480] loss: 0.159
[1,  8500] loss: 0.146
[1,  8520] loss: 0.105
[1,  8540] loss: 0.048
[1,  8560] loss: 0.051
[1,  8580] loss: 0.095
[1,  8600] loss: 0.055
[1,  8620] loss: 0.107
[1,  8640] loss: 0.116
[1,  8660] loss: 0.087
[1,  8680] loss: 0.063
[1,  8700] loss: 0.106
[1,  8720] loss: 0.081
[1,  8740] loss: 0.159
[1,  8760] loss: 0.454
[1,  8780] loss: 0.473
[1,  8800] loss: 0.109
[1,  8820] loss: 0.161
[1,  8840] loss: 0.248
[1,  8860] loss: 0.127
[1,  8880] loss: 0.181
[1,  8900] loss: 0.090
[1,  8920] loss: 0.228
[1,  8940] loss: 0.208
[1,  8960] loss: 0.140
[1,  8980] loss: 0.156
[1,  9000] loss: 0.229
[1,  9020] loss: 0.482
[1,  9040] loss: 0.494
[1,  9060] loss: 0.547
[1,  9080] loss: 0.417
[1,  9100] loss: 0.148
[1,  9120] loss: 0.104
[1,  9140] loss: 0.049
[1,  9160] loss: 0.078
[1,  9180] loss: 0.146
[1,  9200] loss: 0.340
[1,  9220] loss: 0.335
[1,  9240] loss: 0.090
[1,  9260] loss: 0.197
[1,  9280] loss: 0.327
[1,  9300] loss: 0.226
[1,  9320] loss: 0.321
[1,  9340] loss: 0.116
[1,  9360] loss: 0.059
[1,  9380] loss: 0.065
[1,  9400] loss: 0.088
[1,  9420] loss: 0.146
[1,  9440] loss: 0.031
[1,  9460] loss: 0.109
[1,  9480] loss: 0.235
[1,  9500] loss: 0.091
[1,  9520] loss: 0.154
[1,  9540] loss: 0.057
[1,  9560] loss: 0.520
[1,  9580] loss: 0.525
[1,  9600] loss: 0.169
[1,  9620] loss: 0.079
[1,  9640] loss: 0.095
[1,  9660] loss: 0.023
[1,  9680] loss: 0.036
[1,  9700] loss: 0.086
[1,  9720] loss: 0.042
[1,  9740] loss: 0.036
[1,  9760] loss: 0.213
[1,  9780] loss: 0.128
[1,  9800] loss: 0.343
[1,  9820] loss: 0.095
[1,  9840] loss: 0.172
[1,  9860] loss: 0.110
[1,  9880] loss: 0.073
[1,  9900] loss: 0.049
[1,  9920] loss: 0.060
[1,  9940] loss: 0.020
[1,  9960] loss: 0.027
[1,  9980] loss: 0.036
[1, 10000] loss: 0.068
[1, 10020] loss: 0.148
[1, 10040] loss: 0.172
[1, 10060] loss: 0.148
[1, 10080] loss: 0.112
[1, 10100] loss: 0.032
[1, 10120] loss: 0.098
[1, 10140] loss: 0.063
[1, 10160] loss: 0.098
[1, 10180] loss: 0.069
[1, 10200] loss: 0.069
[1, 10220] loss: 0.178
[1, 10240] loss: 0.038
[1, 10260] loss: 0.155
[1, 10280] loss: 0.207
[1, 10300] loss: 0.459
[1, 10320] loss: 0.294
[1, 10340] loss: 0.251
[1, 10360] loss: 0.208
[1, 10380] loss: 0.076
[1, 10400] loss: 0.046
[1, 10420] loss: 0.173
[1, 10440] loss: 0.955
[1, 10460] loss: 0.501
[1, 10480] loss: 0.294
[1, 10500] loss: 0.088
[1, 10520] loss: 0.141
[1, 10540] loss: 0.039
[1, 10560] loss: 0.052
[1, 10580] loss: 0.112
[1, 10600] loss: 0.061
[1, 10620] loss: 0.051
[1, 10640] loss: 0.032
[1, 10660] loss: 0.060
[1, 10680] loss: 0.121
[1, 10700] loss: 0.114
[1, 10720] loss: 0.039
[1, 10740] loss: 0.090
[1, 10760] loss: 0.147
[1, 10780] loss: 0.234
[1, 10800] loss: 0.073
[1, 10820] loss: 0.124
[1, 10840] loss: 0.120
[1, 10860] loss: 0.068
[1, 10880] loss: 0.032
[1, 10900] loss: 0.033
[1, 10920] loss: 0.034
[1, 10940] loss: 0.051
[1, 10960] loss: 0.035
[1, 10980] loss: 0.238
[1, 11000] loss: 0.048
[1, 11020] loss: 0.067
[1, 11040] loss: 0.116
[1, 11060] loss: 0.151
[1, 11080] loss: 0.072
[1, 11100] loss: 0.079
[1, 11120] loss: 0.078
[1, 11140] loss: 0.433
[1, 11160] loss: 0.187
[1, 11180] loss: 0.110
[1, 11200] loss: 0.036
[1, 11220] loss: 0.061
[1, 11240] loss: 0.102
[1, 11260] loss: 0.065
[1, 11280] loss: 0.030
[1, 11300] loss: 0.030
[1, 11320] loss: 0.085
[1, 11340] loss: 0.030
[1, 11360] loss: 0.060
[1, 11380] loss: 0.064
[1, 11400] loss: 0.046
[1, 11420] loss: 0.033
[1, 11440] loss: 0.036
[1, 11460] loss: 0.176
[1, 11480] loss: 0.087
[1, 11500] loss: 0.113
[1, 11520] loss: 0.173
[1, 11540] loss: 0.040
[1, 11560] loss: 0.128
[1, 11580] loss: 0.117
[1, 11600] loss: 0.086
[1, 11620] loss: 0.114
[1, 11640] loss: 0.189
[1, 11660] loss: 0.091
[1, 11680] loss: 0.084
[1, 11700] loss: 0.086
[1, 11720] loss: 0.059
[1, 11740] loss: 0.220
[1, 11760] loss: 0.112
[1, 11780] loss: 0.123
[1, 11800] loss: 0.063
[1, 11820] loss: 0.156
[1, 11840] loss: 0.031
[1, 11860] loss: 0.044
[1, 11880] loss: 0.042
[1, 11900] loss: 0.095
[1, 11920] loss: 0.067
[1, 11940] loss: 0.052
[1, 11960] loss: 0.078
[1, 11980] loss: 0.060
[1, 12000] loss: 0.106
[1, 12020] loss: 0.046
[1, 12040] loss: 0.064
[1, 12060] loss: 0.235
[1, 12080] loss: 0.500
[1, 12100] loss: 0.334
[1, 12120] loss: 0.410
[1, 12140] loss: 0.068
[1, 12160] loss: 0.015
[1, 12180] loss: 0.031
[1, 12200] loss: 0.206
[1, 12220] loss: 0.772
[1, 12240] loss: 0.065
[1, 12260] loss: 0.200
[1, 12280] loss: 0.053
[1, 12300] loss: 0.058
[1, 12320] loss: 0.096
[1, 12340] loss: 0.099
[1, 12360] loss: 0.081
[1, 12380] loss: 0.284
[1, 12400] loss: 0.182
[1, 12420] loss: 0.056
[1, 12440] loss: 0.056
[1, 12460] loss: 0.084
[1, 12480] loss: 0.027
[1, 12500] loss: 0.037
[1, 12520] loss: 0.043
[1, 12540] loss: 0.104
[1, 12560] loss: 0.052
[1, 12580] loss: 0.092
[1, 12600] loss: 0.107
[1, 12620] loss: 0.015
[1, 12640] loss: 0.061
[1, 12660] loss: 0.107
[1, 12680] loss: 0.029
[1, 12700] loss: 0.075
[1, 12720] loss: 0.029
[1, 12740] loss: 0.067
[1, 12760] loss: 0.023
[1, 12780] loss: 0.129
[1, 12800] loss: 0.315
[1, 12820] loss: 0.080
[1, 12840] loss: 0.037
[1, 12860] loss: 0.070
[1, 12880] loss: 0.053
[1, 12900] loss: 0.030
[1, 12920] loss: 0.055
[1, 12940] loss: 0.021
[1, 12960] loss: 0.105
[1, 12980] loss: 0.081
[1, 13000] loss: 0.093
[1, 13020] loss: 0.030
[1, 13040] loss: 0.072
[1, 13060] loss: 0.025
[1, 13080] loss: 0.095
[1, 13100] loss: 0.023
[1, 13120] loss: 0.046
[1, 13140] loss: 0.180
[1, 13160] loss: 0.052
[1, 13180] loss: 0.394
[1, 13200] loss: 0.128
[1, 13220] loss: 0.058
[1, 13240] loss: 0.046
[1, 13260] loss: 0.090
[1, 13280] loss: 0.074
[1, 13300] loss: 0.094
[1, 13320] loss: 0.035
[1, 13340] loss: 0.059
[1, 13360] loss: 0.242
[1, 13380] loss: 0.082
[1, 13400] loss: 0.064
[1, 13420] loss: 0.056
[1, 13440] loss: 0.073
[1, 13460] loss: 0.077
[1, 13480] loss: 0.041
[1, 13500] loss: 0.127
[1, 13520] loss: 0.038
[1, 13540] loss: 0.047
[1, 13560] loss: 0.071
[1, 13580] loss: 0.065
[1, 13600] loss: 0.087
[1, 13620] loss: 0.031
[1, 13640] loss: 0.038
[1, 13660] loss: 0.253
[1, 13680] loss: 0.063
[1, 13700] loss: 0.036
[1, 13720] loss: 0.088
[1, 13740] loss: 0.029
[1, 13760] loss: 0.098
[1, 13780] loss: 0.178
[1, 13800] loss: 0.086
[1, 13820] loss: 0.098
[1, 13840] loss: 0.064
[1, 13860] loss: 0.039
[1, 13880] loss: 0.082
[1, 13900] loss: 0.078
[1, 13920] loss: 0.098
[1, 13940] loss: 0.044
[1, 13960] loss: 0.034
[1, 13980] loss: 0.013
[1, 14000] loss: 0.062
[1, 14020] loss: 0.021
[1, 14040] loss: 0.030
[1, 14060] loss: 0.150
[1, 14080] loss: 0.063
[1, 14100] loss: 0.051
[1, 14120] loss: 0.051
[1, 14140] loss: 0.171
[1, 14160] loss: 0.046
[1, 14180] loss: 0.097
[1, 14200] loss: 0.037
[1, 14220] loss: 0.048
[1, 14240] loss: 0.006
[1, 14260] loss: 0.035
[1, 14280] loss: 0.025
[1, 14300] loss: 0.075
[1, 14320] loss: 0.037
[1, 14340] loss: 0.187
[1, 14360] loss: 0.228
[1, 14380] loss: 0.073
[1, 14400] loss: 0.076
[1, 14420] loss: 0.165
[1, 14440] loss: 0.224
[1, 14460] loss: 0.549
[1, 14480] loss: 2.907
[1, 14500] loss: 88633111.800
[1, 14520] loss: 3383334395934.150
[1, 14540] loss: 30685963622400.000
[1, 14560] loss: 1527310523072.000
[1, 14580] loss: 146740578149.975
[1, 14600] loss: 27435433097.600
[1, 14620] loss: 5471921434.825
[1, 14640] loss: 1430418755.614
[1, 14660] loss: 2571708545.150
[1, 14680] loss: 1783484334.225
[1, 14700] loss: 1045885588.366
[1, 14720] loss: 543897707.972
[1, 14740] loss: 620613246.200
[1, 14760] loss: 590978796.335
[1, 14780] loss: 507758307.578
[1, 14800] loss: 335817709.312
[1, 14820] loss: 564739180.491
[1, 14840] loss: 419997186.400
[1, 14860] loss: 198028142.469
[1, 14880] loss: 316917787.012
[1, 14900] loss: 195067696.235
[1, 14920] loss: 340458420.839
[1, 14940] loss: 153328655.150
[1, 14960] loss: 268587316.700
[1, 14980] loss: 170160021.812
[1, 15000] loss: 334399737.550
[1, 15020] loss: 203159703.478
[1, 15040] loss: 185890282.722
[1, 15060] loss: 226049530.220
[1, 15080] loss: 312475412.005
[1, 15100] loss: 296658853.347
[1, 15120] loss: 165307665.644
[1, 15140] loss: 152679799.325
[1, 15160] loss: 83343106.827
[1, 15180] loss: 138047328.842
[1, 15200] loss: 287839980.501
[1, 15220] loss: 173433459.462
[1, 15240] loss: 90469446.565
[1, 15260] loss: 108055992.138
[1, 15280] loss: 67996675.975
[1, 15300] loss: 83148593.318
[1, 15320] loss: 171698350.174
[1, 15340] loss: 98709166.006
[1, 15360] loss: 101244608.900
[1, 15380] loss: 114736769.125
[1, 15400] loss: 93041618.840
[1, 15420] loss: 86096931.255
[1, 15440] loss: 143675257.425
[1, 15460] loss: 97917915.225
[1, 15480] loss: 112669443.428
[1, 15500] loss: 44055227.203
[1, 15520] loss: 64837075.644
[1, 15540] loss: 143623591.000
[1, 15560] loss: 109634194.656
[1, 15580] loss: 106357205.743
[1, 15600] loss: 94392266.341
[1, 15620] loss: 68955547.225
[1, 15640] loss: 75174553.896
[1, 15660] loss: 114721635.116
[1, 15680] loss: 57165263.011
[1, 15700] loss: 61308644.730
[1, 15720] loss: 74928088.116
[1, 15740] loss: 57370134.902
[1, 15760] loss: 73805651.353
[1, 15780] loss: 71468960.886
[1, 15800] loss: 77449587.719
[1, 15820] loss: 68860595.589
[1, 15840] loss: 89903913.189
[1, 15860] loss: 83930270.700
[1, 15880] loss: 65404923.519
[1, 15900] loss: 77813787.275
[1, 15920] loss: 82164805.850
[1, 15940] loss: 44625606.836
[1, 15960] loss: 37381204.426
[1, 15980] loss: 90469742.046
[1, 16000] loss: 50162204.660
[1, 16020] loss: 51667709.798
[1, 16040] loss: 48694392.153
[1, 16060] loss: 82403502.919
[1, 16080] loss: 53805189.806
[1, 16100] loss: 96633362.009
[1, 16120] loss: 66459041.330
[1, 16140] loss: 78157478.909
[1, 16160] loss: 67166242.250
[1, 16180] loss: 44044931.269
[1, 16200] loss: 58173186.572
[1, 16220] loss: 59550421.913
[1, 16240] loss: 54456430.447
[1, 16260] loss: 68576357.234
[1, 16280] loss: 67453246.012
[1, 16300] loss: 46338426.815
[1, 16320] loss: 38985457.994
[1, 16340] loss: 52966738.833
[1, 16360] loss: 31910069.501
[1, 16380] loss: 67870117.263
[1, 16400] loss: 44921589.922
[1, 16420] loss: 29971333.222
[1, 16440] loss: 68334024.329
[1, 16460] loss: 46310355.895
[1, 16480] loss: 47467196.899
[1, 16500] loss: 31335229.491
[1, 16520] loss: 21924445.521
[1, 16540] loss: 64283370.047
[1, 16560] loss: 61238924.935
[1, 16580] loss: 52629270.436
[1, 16600] loss: 57925233.880
[1, 16620] loss: 50165798.184
[1, 16640] loss: 21971031.928
[1, 16660] loss: 28812359.640
[1, 16680] loss: 35324306.638
[1, 16700] loss: 62260369.944
[1, 16720] loss: 45907365.375
[1, 16740] loss: 32171760.587
[1, 16760] loss: 18449414.117
[1, 16780] loss: 50956983.265
[1, 16800] loss: 33951261.294
[1, 16820] loss: 50639909.497
[1, 16840] loss: 56358130.444
[1, 16860] loss: 54535133.553
[1, 16880] loss: 49325947.369
[1, 16900] loss: 18837147.727
[1, 16920] loss: 35847263.007
[1, 16940] loss: 18528106.228
[1, 16960] loss: 36672628.650
[1, 16980] loss: 27140316.418
[1, 17000] loss: 34663233.016
[1, 17020] loss: 25633335.062
[1, 17040] loss: 35288767.637
[1, 17060] loss: 59545191.360
[1, 17080] loss: 12089312.935
[1, 17100] loss: 49115925.016
[1, 17120] loss: 37718813.039
[1, 17140] loss: 14305386.582
[1, 17160] loss: 19094619.927
[1, 17180] loss: 28154803.755
[1, 17200] loss: 42369469.373
[1, 17220] loss: 30556442.780
[1, 17240] loss: 27557373.566
[1, 17260] loss: 58520072.562
[1, 17280] loss: 32872261.994
[1, 17300] loss: 25554996.072
[1, 17320] loss: 14584340.387
[1, 17340] loss: 18664022.146
[1, 17360] loss: 25668273.525
[1, 17380] loss: 47307130.436
[1, 17400] loss: 21252549.209
[1, 17420] loss: 26588862.796
[1, 17440] loss: 70922632.838
[1, 17460] loss: 72491095.775
[1, 17480] loss: 37405839.766
[1, 17500] loss: 28484741.153
[1, 17520] loss: 42917415.530
[1, 17540] loss: 39280651.271
[1, 17560] loss: 56940712.515
[1, 17580] loss: 72526506.611
[1, 17600] loss: 79633751.581
[1, 17620] loss: 16919573.288
[1, 17640] loss: 27251527.029
[1, 17660] loss: 30309180.394
[1, 17680] loss: 34224277.082
[1, 17700] loss: 27122303.933
[1, 17720] loss: 13760052.004
[1, 17740] loss: 29426635.012
[1, 17760] loss: 21245240.394
[1, 17780] loss: 29343841.279
[1, 17800] loss: 24029651.842
[1, 17820] loss: 13989915.491
[1, 17840] loss: 15857401.419
[1, 17860] loss: 23359451.628
[1, 17880] loss: 32967596.098
[1, 17900] loss: 29740777.403
[1, 17920] loss: 23651184.050
[1, 17940] loss: 19122316.380
[1, 17960] loss: 15398142.303
[1, 17980] loss: 13985042.921
[1, 18000] loss: 16377216.751
[1, 18020] loss: 18984820.048
[1, 18040] loss: 29123933.867
[1, 18060] loss: 27622128.828
[1, 18080] loss: 11978137.138
[1, 18100] loss: 21604183.604
[1, 18120] loss: 36115581.559
[1, 18140] loss: 28478226.078
[1, 18160] loss: 29547161.933
[1, 18180] loss: 14210370.470
[1, 18200] loss: 18478305.767
[1, 18220] loss: 14476952.188
[1, 18240] loss: 23825651.877
[1, 18260] loss: 103475616.875
[1, 18280] loss: 25402391.085
[1, 18300] loss: 18879970.840
[1, 18320] loss: 12439976.262
[1, 18340] loss: 27787622.457
[1, 18360] loss: 83676891.925
[1, 18380] loss: 69309660.979
[1, 18400] loss: 88637249.956
[1, 18420] loss: 35949740.897
[1, 18440] loss: 18286633.974
[1, 18460] loss: 23430182.645
[1, 18480] loss: 15571356.943
[1, 18500] loss: 15508852.971
[1, 18520] loss: 23564278.246
[1, 18540] loss: 8312316.208
[1, 18560] loss: 20112725.558
[1, 18580] loss: 26986785.837
[1, 18600] loss: 18553316.017
[1, 18620] loss: 48652512.296
[1, 18640] loss: 20882010.211
[1, 18660] loss: 6757875.516
[1, 18680] loss: 12282528.088
[1, 18700] loss: 7174574.181
[1, 18720] loss: 11568202.806
[1, 18740] loss: 18366960.330
[1, 18760] loss: 11055119.105
[1, 18780] loss: 14269950.414
[1, 18800] loss: 19341817.160
[1, 18820] loss: 9817513.405
[1, 18840] loss: 11622999.280
[1, 18860] loss: 9887640.295
[1, 18880] loss: 10485766.819
[1, 18900] loss: 7372365.900
[1, 18920] loss: 14762775.692
[1, 18940] loss: 11209074.659
[1, 18960] loss: 18564488.706
[1, 18980] loss: 12997719.107
[1, 19000] loss: 5712108.023
[1, 19020] loss: 14239573.300
[1, 19040] loss: 33747256.462
[1, 19060] loss: 26619833.387
[1, 19080] loss: 118447158.577
[1, 19100] loss: 126614963.452
[1, 19120] loss: 51231294.546
[1, 19140] loss: 49840060.929
[1, 19160] loss: 24156947.862
[1, 19180] loss: 15736021.664
[1, 19200] loss: 10483402.593
[1, 19220] loss: 5719969.661
[1, 19240] loss: 17094365.208
[1, 19260] loss: 45006603.757
[1, 19280] loss: 47851952.444
[1, 19300] loss: 17154749.381
[1, 19320] loss: 46907399.126
[1, 19340] loss: 25276905.046
[1, 19360] loss: 14230690.617
[1, 19380] loss: 7107094.300
[1, 19400] loss: 6528959.037
[1, 19420] loss: 4251953.240
[1, 19440] loss: 6233585.247
[1, 19460] loss: 9185648.253
[1, 19480] loss: 9175493.996
[1, 19500] loss: 6719076.098
[1, 19520] loss: 11356581.120
[1, 19540] loss: 8807601.820
[1, 19560] loss: 20895369.685
[1, 19580] loss: 51211339.853
[1, 19600] loss: 16096585.079
[1, 19620] loss: 18845036.655
[1, 19640] loss: 9339663.446
[1, 19660] loss: 7354209.621
[1, 19680] loss: 5598282.998
[1, 19700] loss: 10676070.557
[1, 19720] loss: 2917821.737
[1, 19740] loss: 10463667.551
[1, 19760] loss: 10756707.640
[1, 19780] loss: 27491390.994
[1, 19800] loss: 23117719.302
[1, 19820] loss: 4735567.366
[1, 19840] loss: 19099119.856
[1, 19860] loss: 29037306.469
[1, 19880] loss: 33790914.244
[1, 19900] loss: 26903262.665
[1, 19920] loss: 133323974.768
[1, 19940] loss: 71297624.322
[1, 19960] loss: 141414319.604
[1, 19980] loss: 112771414.497
[1, 20000] loss: 13682434.464
[1, 20020] loss: 9126366.364
[1, 20040] loss: 7619077.032
[1, 20060] loss: 7508112.069
[1, 20080] loss: 13797637.388
[1, 20100] loss: 33187460.511
[1, 20120] loss: 30911082.797
[1, 20140] loss: 17304506.328
[1, 20160] loss: 9995809.941
[1, 20180] loss: 17875678.762
[1, 20200] loss: 33545855.682
[1, 20220] loss: 75744097.778
[1, 20240] loss: 77967850.799
[1, 20260] loss: 41582168.606
[1, 20280] loss: 83124160.469
[1, 20300] loss: 379803745.712
[1, 20320] loss: 68262526.236
[1, 20340] loss: 23101370.212
[1, 20360] loss: 132646996.961
[1, 20380] loss: 42679175.492
[1, 20400] loss: 9504884.533
[1, 20420] loss: 7866969.709
[1, 20440] loss: 35118562.588
[1, 20460] loss: 17649861.037
[1, 20480] loss: 4654675.437
[1, 20500] loss: 2530471.057
[1, 20520] loss: 7463872.732
[1, 20540] loss: 7597383.707
[1, 20560] loss: 4814671.312
[1, 20580] loss: 4900799.037
[1, 20600] loss: 4108534.933
[1, 20620] loss: 10548175.007
[1, 20640] loss: 19918353.572
[1, 20660] loss: 77435695.004
[1, 20680] loss: 33841440.506
[1, 20700] loss: 10349380.071
[1, 20720] loss: 6726684.711
[1, 20740] loss: 6337742.593
[1, 20760] loss: 12463734.945
[1, 20780] loss: 7668125.486
[1, 20800] loss: 14062841.127
[1, 20820] loss: 17222803.148
[1, 20840] loss: 70314806.397
[1, 20860] loss: 42248454.002
[1, 20880] loss: 29805105.774
[1, 20900] loss: 20658902.457
[1, 20920] loss: 3217105.996
[1, 20940] loss: 11050585.769
[1, 20960] loss: 11485182.160
[1, 20980] loss: 13136729.705
[1, 21000] loss: 5231255.212
[1, 21020] loss: 7847834.067
[1, 21040] loss: 7888488.627
[1, 21060] loss: 1992316.468
[1, 21080] loss: 2214145.242
[1, 21100] loss: 8708674.305
[1, 21120] loss: 5977970.459
[1, 21140] loss: 4761251.013
[1, 21160] loss: 3338363.175
[1, 21180] loss: 3857598.856
[1, 21200] loss: 8675281.102
[1, 21220] loss: 11553603.098
[1, 21240] loss: 28685240.652
[1, 21260] loss: 31294521.538
[1, 21280] loss: 18216381.181
[1, 21300] loss: 25943462.574
[1, 21320] loss: 10013672.257
[1, 21340] loss: 2978572.675
[1, 21360] loss: 19125183.238
[1, 21380] loss: 26470280.184
[1, 21400] loss: 62064456.500
[1, 21420] loss: 35616114.025
[1, 21440] loss: 14933483.216
[1, 21460] loss: 5432457.679
[1, 21480] loss: 3861030.623
[1, 21500] loss: 6925068.006
[1, 21520] loss: 3630535.503
[1, 21540] loss: 18153509.856
[1, 21560] loss: 31615066.716
[1, 21580] loss: 5491522.431
[1, 21600] loss: 11859674.296
[1, 21620] loss: 29404264.838
[1, 21640] loss: 101755010.906
[1, 21660] loss: 12949152.405
[1, 21680] loss: 11241536.316
[1, 21700] loss: 5654977.302
[1, 21720] loss: 6078066.055
[1, 21740] loss: 3803139.592
[1, 21760] loss: 4426100.696
[1, 21780] loss: 3994390.162
[1, 21800] loss: 22865451.214
[1, 21820] loss: 74070514.325
[1, 21840] loss: 187240560.537
[1, 21860] loss: 195230099.895
[1, 21880] loss: 80487286.487
[1, 21900] loss: 20057596.653
[1, 21920] loss: 13065487.375
[1, 21940] loss: 5736200.104
[1, 21960] loss: 3077646.857
[1, 21980] loss: 2212659.115
[1, 22000] loss: 1370910.370
[1, 22020] loss: 2257232.033
[1, 22040] loss: 2151034.302
[1, 22060] loss: 3084111.959
[1, 22080] loss: 1968134.928
[1, 22100] loss: 4745491.905
[1, 22120] loss: 2818089.749
[1, 22140] loss: 2557811.747
[1, 22160] loss: 1693649.028
[1, 22180] loss: 1184949.360
[1, 22200] loss: 2063907.051
[1, 22220] loss: 2353853.271
[1, 22240] loss: 2090754.096
[1, 22260] loss: 1237594.537
[1, 22280] loss: 1228880.412
[1, 22300] loss: 2340083.778
[1, 22320] loss: 3699461.527
[1, 22340] loss: 1953434.468
[1, 22360] loss: 2141816.710
[1, 22380] loss: 2089210.752
[1, 22400] loss: 2357308.339
[1, 22420] loss: 1579646.563
[1, 22440] loss: 2092593.230
[1, 22460] loss: 14478200.815
[1, 22480] loss: 15692813.354
[1, 22500] loss: 34314017.261
[1, 22520] loss: 162380633.089
[1, 22540] loss: 50926457.863
[1, 22560] loss: 24173706.367
[1, 22580] loss: 5103637.955
[1, 22600] loss: 1456984.941
[1, 22620] loss: 1516768.636
[1, 22640] loss: 1051975.386
[1, 22660] loss: 694965.138
[1, 22680] loss: 923178.605
[1, 22700] loss: 679567.656
[1, 22720] loss: 2248455.930
[1, 22740] loss: 2315191.949
[1, 22760] loss: 2878713.847
[1, 22780] loss: 1835303.379
[1, 22800] loss: 1293784.779
[1, 22820] loss: 909022.975
[1, 22840] loss: 1385367.869
[1, 22860] loss: 1202182.243
[1, 22880] loss: 1130472.240
[1, 22900] loss: 1951784.169
[1, 22920] loss: 420523.854
[1, 22940] loss: 1032768.948
[1, 22960] loss: 2196845.862
[1, 22980] loss: 2115185.605
[1, 23000] loss: 1854666.967
[1, 23020] loss: 1773455.872
[1, 23040] loss: 1730256.915
[1, 23060] loss: 1069865.553
[1, 23080] loss: 2778909.529
[1, 23100] loss: 1854553.608
[1, 23120] loss: 1758615.931
[1, 23140] loss: 675462.624
[1, 23160] loss: 1971551.563
[1, 23180] loss: 840952.830
[1, 23200] loss: 1682679.442
[1, 23220] loss: 384101.775
[1, 23240] loss: 1396729.170
[1, 23260] loss: 2115397.606
[1, 23280] loss: 1624881.185
[1, 23300] loss: 1730885.249
[1, 23320] loss: 1348951.450
[1, 23340] loss: 1738681.697
[1, 23360] loss: 1301837.507
[1, 23380] loss: 3824511.173
[1, 23400] loss: 2722365.764
[1, 23420] loss: 7927182.269
[1, 23440] loss: 1892359.795
[1, 23460] loss: 847677.489
[1, 23480] loss: 711146.979
[1, 23500] loss: 1329963.589
[1, 23520] loss: 1051471.390
[1, 23540] loss: 1899813.576
[1, 23560] loss: 4890512.384
[1, 23580] loss: 2181619.227
[1, 23600] loss: 1450267.946
[1, 23620] loss: 547732.710
[1, 23640] loss: 622959.993
[1, 23660] loss: 930341.809
[1, 23680] loss: 2481061.219
[1, 23700] loss: 2328301.090
[1, 23720] loss: 1356443.081
[1, 23740] loss: 1282698.516
[1, 23760] loss: 865649.635
[1, 23780] loss: 1496738.020
[1, 23800] loss: 3027653.932
[1, 23820] loss: 2092303.477
[1, 23840] loss: 1511244.943
[1, 23860] loss: 6196463.209
[1, 23880] loss: 11264781.412
[1, 23900] loss: 994533.101
[1, 23920] loss: 1265289.855
[1, 23940] loss: 1124962.955
[1, 23960] loss: 2096551.818
[1, 23980] loss: 3555234.760
[1, 24000] loss: 4942563.015
[1, 24020] loss: 4656422.572
[1, 24040] loss: 6359954.141
[1, 24060] loss: 20943992.994
[1, 24080] loss: 9889795.463
[1, 24100] loss: 2795156.875
[1, 24120] loss: 2780820.721
[1, 24140] loss: 5812163.349
[1, 24160] loss: 5080102.388
[1, 24180] loss: 1186627.693
[1, 24200] loss: 1695654.673
[1, 24220] loss: 444258.707
[1, 24240] loss: 911407.297
[1, 24260] loss: 366728.777
[1, 24280] loss: 506987.180
[1, 24300] loss: 867670.938
[1, 24320] loss: 1775963.726
[1, 24340] loss: 2974322.765
[1, 24360] loss: 2235565.426
[1, 24380] loss: 1219514.317
[1, 24400] loss: 1386323.284
[1, 24420] loss: 1008385.564
[1, 24440] loss: 1267427.235
[1, 24460] loss: 814115.708
[1, 24480] loss: 4302721.236
[1, 24500] loss: 2319939.157
[1, 24520] loss: 1187746.465
[1, 24540] loss: 689625.410
[1, 24560] loss: 444872.654
[1, 24580] loss: 274386.421
[1, 24600] loss: 522578.464
[1, 24620] loss: 804307.023
[1, 24640] loss: 3841729.026
[1, 24660] loss: 2306975.474
[1, 24680] loss: 2343051.645
[1, 24700] loss: 1855077.828
[1, 24720] loss: 4482771.137
[1, 24740] loss: 3621426.897
[1, 24760] loss: 7896583.499
[1, 24780] loss: 3498978.000
[1, 24800] loss: 4623841.668
[1, 24820] loss: 25357397.084
[1, 24840] loss: 65070923.709
[1, 24860] loss: 22308972.867
[1, 24880] loss: 1130545.683
[1, 24900] loss: 1219486.660
[1, 24920] loss: 2086894.456
[1, 24940] loss: 683494.398
[1, 24960] loss: 1423960.212
[1, 24980] loss: 707873.113
[1, 25000] loss: 748607.144
[1, 25020] loss: 541319.993
[1, 25040] loss: 457299.268
[1, 25060] loss: 576443.625
[1, 25080] loss: 1902948.012
[1, 25100] loss: 2029363.759
[1, 25120] loss: 1187063.998
[1, 25140] loss: 17119507.842
[1, 25160] loss: 5339430.404
[1, 25180] loss: 2442120.876
[1, 25200] loss: 1849552.805
[1, 25220] loss: 1850485.632
[1, 25240] loss: 924982.323
[1, 25260] loss: 691568.769
[1, 25280] loss: 238983.969
[1, 25300] loss: 331054.221
[1, 25320] loss: 327832.076
[1, 25340] loss: 606411.209
[1, 25360] loss: 402090.369
[1, 25380] loss: 231335.361
[1, 25400] loss: 770193.363
[1, 25420] loss: 935261.482
[1, 25440] loss: 592703.830
[1, 25460] loss: 1010996.039
[1, 25480] loss: 526728.150
[1, 25500] loss: 210952.201
[1, 25520] loss: 268961.017
[1, 25540] loss: 1001756.962
[1, 25560] loss: 1055717.443
[1, 25580] loss: 257752.287
[1, 25600] loss: 136723.217
[1, 25620] loss: 93924.415
[1, 25640] loss: 157847.309
[1, 25660] loss: 216140.000
[1, 25680] loss: 377669.463
[1, 25700] loss: 315525.859
[1, 25720] loss: 544107.471
[1, 25740] loss: 432932.039
[1, 25760] loss: 302769.607
[1, 25780] loss: 345816.796
[1, 25800] loss: 223207.404
[1, 25820] loss: 127600.262
[1, 25840] loss: 152138.670
[1, 25860] loss: 212084.436
[1, 25880] loss: 170519.399
[1, 25900] loss: 202467.228
[1, 25920] loss: 255336.841
[1, 25940] loss: 196607.300
[1, 25960] loss: 578608.114
[1, 25980] loss: 546696.737
[1, 26000] loss: 184529.105
[1, 26020] loss: 162237.117
[1, 26040] loss: 404490.310
[1, 26060] loss: 772384.365
[1, 26080] loss: 662472.187
[1, 26100] loss: 1560824.509
[1, 26120] loss: 1030156.383
[1, 26140] loss: 561032.442
[1, 26160] loss: 1286222.816
[1, 26180] loss: 895642.922
[1, 26200] loss: 2055443.220
[1, 26220] loss: 688614.088
[1, 26240] loss: 1623698.822
[1, 26260] loss: 700230.897
[1, 26280] loss: 445027.144
[1, 26300] loss: 615475.263
[1, 26320] loss: 806325.471
[1, 26340] loss: 818069.579
[1, 26360] loss: 377701.600
[1, 26380] loss: 366556.944
[1, 26400] loss: 181480.431
[1, 26420] loss: 124162.838
[1, 26440] loss: 136221.852
[1, 26460] loss: 878540.442
[1, 26480] loss: 1803090.097
[1, 26500] loss: 1429135.462
[1, 26520] loss: 648158.345
[1, 26540] loss: 330425.567
[1, 26560] loss: 569871.267
[1, 26580] loss: 2504042.862
[1, 26600] loss: 921935.596
[1, 26620] loss: 881732.026
[1, 26640] loss: 886532.460
[1, 26660] loss: 2395025.326
[1, 26680] loss: 1882670.659
[1, 26700] loss: 735676.750
[1, 26720] loss: 871777.116
[1, 26740] loss: 2091363.921
[1, 26760] loss: 1491590.996
[1, 26780] loss: 419978.797
[1, 26800] loss: 286423.565
[1, 26820] loss: 204971.663
[1, 26840] loss: 452468.820
[1, 26860] loss: 391716.112
[1, 26880] loss: 240147.783
[1, 26900] loss: 398448.616
[1, 26920] loss: 463765.943
[1, 26940] loss: 169177.959
[1, 26960] loss: 306203.142
[1, 26980] loss: 232601.074
[1, 27000] loss: 123250.576
[1, 27020] loss: 769929.666
[1, 27040] loss: 7323858.304
[1, 27060] loss: 4837101.526
[1, 27080] loss: 2961704.021
[1, 27100] loss: 790908.946
[1, 27120] loss: 812994.007
[1, 27140] loss: 207761.736
[1, 27160] loss: 1001354.627
[1, 27180] loss: 757654.223
[1, 27200] loss: 133633.041
[1, 27220] loss: 145410.961
[1, 27240] loss: 119402.594
[1, 27260] loss: 82680.460
[1, 27280] loss: 66593.412
[1, 27300] loss: 319477.011
[1, 27320] loss: 193402.422
[1, 27340] loss: 111874.919
[1, 27360] loss: 158521.782
[1, 27380] loss: 258200.804
[1, 27400] loss: 301201.536
[1, 27420] loss: 75220.374
[1, 27440] loss: 145875.291
[1, 27460] loss: 256497.115
[1, 27480] loss: 171684.792
[1, 27500] loss: 1332990.959
[1, 27520] loss: 926840.974
[1, 27540] loss: 137275.979
[1, 27560] loss: 188398.295
[1, 27580] loss: 228199.251
[1, 27600] loss: 418038.788
[1, 27620] loss: 158065.373
[1, 27640] loss: 330735.473
[1, 27660] loss: 198843.146
[1, 27680] loss: 304140.644
[1, 27700] loss: 216548.617
[1, 27720] loss: 461420.341
[1, 27740] loss: 268157.566
[1, 27760] loss: 155292.248
[1, 27780] loss: 133451.288
[1, 27800] loss: 286718.570
[1, 27820] loss: 692447.600
[1, 27840] loss: 498757.720
[1, 27860] loss: 865593.781
[1, 27880] loss: 3680500.595
[1, 27900] loss: 7991870.869
[1, 27920] loss: 11855395.411
[1, 27940] loss: 2840680.091
[1, 27960] loss: 1173034.463
[1, 27980] loss: 1529437.614
[1, 28000] loss: 698037.538
[1, 28020] loss: 809241.172
[1, 28040] loss: 940434.483
[1, 28060] loss: 616875.024
[1, 28080] loss: 268666.081
[1, 28100] loss: 199105.215
[1, 28120] loss: 354520.682
[1, 28140] loss: 146524.667
[1, 28160] loss: 11798.727
[1, 28180] loss: 68413.724
[1, 28200] loss: 67320.776
[1, 28220] loss: 83488.774
[1, 28240] loss: 80973.586
[1, 28260] loss: 83777.176
[1, 28280] loss: 46258.196
[1, 28300] loss: 51835.599
[1, 28320] loss: 33240.264
[1, 28340] loss: 32369.439
[1, 28360] loss: 54289.886
[1, 28380] loss: 146673.643
[1, 28400] loss: 94692.017
[1, 28420] loss: 64439.112
[1, 28440] loss: 188318.083
[1, 28460] loss: 342269.896
[1, 28480] loss: 217548.097
[1, 28500] loss: 342178.349
[1, 28520] loss: 246468.521
[1, 28540] loss: 262865.400
[1, 28560] loss: 123378.552
[1, 28580] loss: 46172.561
[1, 28600] loss: 70933.697
[1, 28620] loss: 140203.011
[1, 28640] loss: 150436.331
[1, 28660] loss: 69384.470
[1, 28680] loss: 164939.592
[1, 28700] loss: 142581.335
[1, 28720] loss: 135407.308
[1, 28740] loss: 150600.689
[1, 28760] loss: 77798.235
[1, 28780] loss: 117710.909
[1, 28800] loss: 164086.370
[1, 28820] loss: 198169.763
[1, 28840] loss: 462305.214
[1, 28860] loss: 306013.779
[1, 28880] loss: 154111.418
[1, 28900] loss: 108245.441
[1, 28920] loss: 272778.256
[1, 28940] loss: 445124.262
[1, 28960] loss: 521188.870
[1, 28980] loss: 935280.299
[1, 29000] loss: 1080199.876
[1, 29020] loss: 379246.555
[1, 29040] loss: 440697.607
[1, 29060] loss: 636629.155
[1, 29080] loss: 273402.136
[1, 29100] loss: 324541.928
[1, 29120] loss: 894076.382
[1, 29140] loss: 374409.210
[1, 29160] loss: 328465.093
[1, 29180] loss: 993535.730
[1, 29200] loss: 2373466.738
[1, 29220] loss: 1172474.521
[1, 29240] loss: 785192.015
[1, 29260] loss: 1808338.455
[1, 29280] loss: 520846.214
[1, 29300] loss: 437070.816
[1, 29320] loss: 788454.139
[1, 29340] loss: 166643.087
[1, 29360] loss: 239710.542
[1, 29380] loss: 42779.086
[1, 29400] loss: 71182.333
[1, 29420] loss: 29050.423
[1, 29440] loss: 36719.335
[1, 29460] loss: 18864.956
[1, 29480] loss: 49666.404
[1, 29500] loss: 23104.302
[1, 29520] loss: 51331.065
[1, 29540] loss: 87760.620
[1, 29560] loss: 27204.713
[1, 29580] loss: 35675.383
[1, 29600] loss: 23138.157
[1, 29620] loss: 54997.917
[1, 29640] loss: 114461.615
[1, 29660] loss: 109632.545
[1, 29680] loss: 214774.788
[1, 29700] loss: 396586.230
[1, 29720] loss: 1913970.367
[1, 29740] loss: 3980143.139
[1, 29760] loss: 33372491349557.805
[1, 29780] loss: 3145739166228480.000
[1, 29800] loss: 90874802733056.000
[1, 29820] loss: 54839586487500.797
[1, 29840] loss: 3258833235475.200
[1, 29860] loss: 1055892220435.350
[1, 29880] loss: 489642775974.400
[1, 29900] loss: 74950092041.600
[1, 29920] loss: 84241977141.600
[1, 29940] loss: 144200552552.100
[1, 29960] loss: 69722230888.000
[1, 29980] loss: 29830599677.600
[1, 30000] loss: 49936231110.400
[1, 30020] loss: 76176566488.000
[1, 30040] loss: 68698805614.875
[1, 30060] loss: 50561504197.600
[1, 30080] loss: 27799168648.963
[1, 30100] loss: 76980665017.600
[1, 30120] loss: 26980644439.200
[1, 30140] loss: 40717531026.400
[1, 30160] loss: 60063453036.800
[1, 30180] loss: 31405189531.200
[1, 30200] loss: 35500842889.800
[1, 30220] loss: 64149417886.912
[1, 30240] loss: 37568193414.400
[1, 30260] loss: 37424188570.400
[1, 30280] loss: 23165414457.600
[1, 30300] loss: 17489254079.900
[1, 30320] loss: 27822909712.000
[1, 30340] loss: 21285297037.350
[1, 30360] loss: 21066914869.150
[1, 30380] loss: 35023432947.200
[1, 30400] loss: 38311385618.250
[1, 30420] loss: 23460884731.662
[2,    20] loss: 27078594784.823
[2,    40] loss: 10378462194.000
[2,    60] loss: 14840483264.700
[2,    80] loss: 23480579117.688
[2,   100] loss: 23904076764.800
[2,   120] loss: 16846577305.600
[2,   140] loss: 19994297038.025
[2,   160] loss: 13921884667.200
[2,   180] loss: 18016335319.000
[2,   200] loss: 28698071294.200
[2,   220] loss: 17569486288.000
[2,   240] loss: 16815542794.200
[2,   260] loss: 15546879712.000
[2,   280] loss: 9514510739.100
[2,   300] loss: 8647113697.600
[2,   320] loss: 11188147062.400
[2,   340] loss: 17439669530.800
[2,   360] loss: 6562384369.200
[2,   380] loss: 4937531527.725
[2,   400] loss: 8162442779.406
[2,   420] loss: 6838081795.081
[2,   440] loss: 14232612914.800
[2,   460] loss: 4739955165.600
[2,   480] loss: 11435334956.000
[2,   500] loss: 3593098885.800
[2,   520] loss: 7934048086.819
[2,   540] loss: 8379964406.400
[2,   560] loss: 10304837482.175
[2,   580] loss: 6001088635.500
[2,   600] loss: 14111010598.450
[2,   620] loss: 10735296184.700
[2,   640] loss: 6482363629.907
[2,   660] loss: 5743770290.700
[2,   680] loss: 5258468483.600
[2,   700] loss: 8083299528.600
[2,   720] loss: 7805034755.368
[2,   740] loss: 6953624585.413
[2,   760] loss: 7141708162.387
[2,   780] loss: 5762425864.950
[2,   800] loss: 4615483099.633
[2,   820] loss: 4602633946.000
[2,   840] loss: 7230724947.200
[2,   860] loss: 5436148655.702
[2,   880] loss: 7657952138.450
[2,   900] loss: 4461135203.700
[2,   920] loss: 4234949301.100
[2,   940] loss: 5932513901.600
[2,   960] loss: 3662683849.811
[2,   980] loss: 3798955469.100
[2,  1000] loss: 3486613894.037
[2,  1020] loss: 5787698321.400
[2,  1040] loss: 2570512893.800
[2,  1060] loss: 1828020036.150
[2,  1080] loss: 3442713109.425
[2,  1100] loss: 4271822654.100
[2,  1120] loss: 2126138597.275
[2,  1140] loss: 3104816665.519
[2,  1160] loss: 1883871837.900
[2,  1180] loss: 2242774099.150
[2,  1200] loss: 2375417235.575
[2,  1220] loss: 3074488319.725
[2,  1240] loss: 2407906430.400
[2,  1260] loss: 2488823692.750
[2,  1280] loss: 3433786302.200
[2,  1300] loss: 1603111392.088
[2,  1320] loss: 2679313164.312
[2,  1340] loss: 2122084612.885
[2,  1360] loss: 3176308345.500
[2,  1380] loss: 1723783147.250
[2,  1400] loss: 2185373575.500
[2,  1420] loss: 1506575849.250
[2,  1440] loss: 1114721334.987
[2,  1460] loss: 928336863.200
[2,  1480] loss: 1080984587.213
[2,  1500] loss: 2861251148.100
[2,  1520] loss: 1224883740.175
[2,  1540] loss: 2327139305.800
[2,  1560] loss: 941255159.300
[2,  1580] loss: 1596790531.200
[2,  1600] loss: 1990442385.931
[2,  1620] loss: 2660431098.400
[2,  1640] loss: 1969476920.791
[2,  1660] loss: 1958562665.500
[2,  1680] loss: 926206141.433
[2,  1700] loss: 2240585484.912
[2,  1720] loss: 994755842.575
[2,  1740] loss: 2015509553.400
[2,  1760] loss: 1120199370.277
[2,  1780] loss: 1049519444.727
[2,  1800] loss: 1041358165.731
[2,  1820] loss: 916001575.086
[2,  1840] loss: 664298266.627
[2,  1860] loss: 973025854.281
[2,  1880] loss: 1095290829.600
[2,  1900] loss: 960468416.279
[2,  1920] loss: 1091039696.359
[2,  1940] loss: 473249168.039
[2,  1960] loss: 706822419.312
[2,  1980] loss: 1227181394.400
[2,  2000] loss: 422754540.762
[2,  2020] loss: 729951474.100
[2,  2040] loss: 1313300449.494
[2,  2060] loss: 1640895197.800
[2,  2080] loss: 1707514747.450
[2,  2100] loss: 893178254.889
[2,  2120] loss: 765552250.500
[2,  2140] loss: 407455089.822
[2,  2160] loss: 604393301.703
[2,  2180] loss: 280061521.825
[2,  2200] loss: 798694397.737
[2,  2220] loss: 944212236.737
[2,  2240] loss: 672039167.950
[2,  2260] loss: 373185187.414
[2,  2280] loss: 878298500.347
[2,  2300] loss: 795951094.628
[2,  2320] loss: 434911852.961
[2,  2340] loss: 702427001.675
[2,  2360] loss: 809035291.220
[2,  2380] loss: 956961467.825
[2,  2400] loss: 667143129.732
[2,  2420] loss: 253660073.575
[2,  2440] loss: 550014472.606
[2,  2460] loss: 513786265.462
[2,  2480] loss: 429525686.552
[2,  2500] loss: 658152694.394
[2,  2520] loss: 497573391.891
[2,  2540] loss: 670976150.163
[2,  2560] loss: 336164626.205
[2,  2580] loss: 313821652.900
[2,  2600] loss: 451003169.569
[2,  2620] loss: 254428321.018
[2,  2640] loss: 461896638.700
[2,  2660] loss: 287032985.530
[2,  2680] loss: 128005606.150
[2,  2700] loss: 230491212.213
[2,  2720] loss: 398675253.288
[2,  2740] loss: 266342949.664
[2,  2760] loss: 195212203.751
[2,  2780] loss: 284878165.952
[2,  2800] loss: 429762410.674
[2,  2820] loss: 205711301.644
[2,  2840] loss: 195346695.637
[2,  2860] loss: 265469380.031
[2,  2880] loss: 159102354.791
[2,  2900] loss: 68616806.313
[2,  2920] loss: 234574773.682
[2,  2940] loss: 376771952.860
[2,  2960] loss: 110969114.487
[2,  2980] loss: 144600355.766
[2,  3000] loss: 232302224.550
[2,  3020] loss: 456768351.738
[2,  3040] loss: 216444209.153
[2,  3060] loss: 185095347.922
[2,  3080] loss: 89183481.256
[2,  3100] loss: 124661664.231
[2,  3120] loss: 143731988.759
[2,  3140] loss: 127327567.239
[2,  3160] loss: 178863445.496
[2,  3180] loss: 168793390.300
[2,  3200] loss: 332460441.075
[2,  3220] loss: 92964497.102
[2,  3240] loss: 58807043.803
[2,  3260] loss: 174307810.188
[2,  3280] loss: 241547318.669
[2,  3300] loss: 76986834.716
[2,  3320] loss: 106041918.389
[2,  3340] loss: 126123992.178
[2,  3360] loss: 159259207.559
[2,  3380] loss: 87890576.944
[2,  3400] loss: 53380991.943
[2,  3420] loss: 144151838.150
[2,  3440] loss: 120075952.274
[2,  3460] loss: 110342374.285
[2,  3480] loss: 90784054.431
[2,  3500] loss: 46228025.791
[2,  3520] loss: 54226992.343
[2,  3540] loss: 176489697.861
[2,  3560] loss: 137809299.431
[2,  3580] loss: 52583363.477
[2,  3600] loss: 166024255.941
[2,  3620] loss: 144216200.309
[2,  3640] loss: 155018230.856
[2,  3660] loss: 198742698.036
[2,  3680] loss: 137449253.946
[2,  3700] loss: 116275222.275
[2,  3720] loss: 112404351.325
[2,  3740] loss: 48914957.977
[2,  3760] loss: 113637645.131
[2,  3780] loss: 60803656.473
[2,  3800] loss: 140559943.700
[2,  3820] loss: 93907487.164
[2,  3840] loss: 84417227.900
[2,  3860] loss: 86635470.027
[2,  3880] loss: 90947903.075
[2,  3900] loss: 70985523.191
[2,  3920] loss: 304323861.968
[2,  3940] loss: 61964651.905
[2,  3960] loss: 60596585.759
[2,  3980] loss: 85043604.922
[2,  4000] loss: 69933336.104
[2,  4020] loss: 90174905.066
[2,  4040] loss: 141029591.825
[2,  4060] loss: 78299879.578
[2,  4080] loss: 172559639.025
[2,  4100] loss: 84129894.743
[2,  4120] loss: 255969431.853
[2,  4140] loss: 98891730.677
[2,  4160] loss: 62868286.967
[2,  4180] loss: 314671949.786
[2,  4200] loss: 105600430.692
[2,  4220] loss: 49471732.529
[2,  4240] loss: 54610118.281
[2,  4260] loss: 84915566.548
[2,  4280] loss: 89324654.778
[2,  4300] loss: 93044504.255
[2,  4320] loss: 49030809.398
[2,  4340] loss: 31599630.485
[2,  4360] loss: 26385200.777
[2,  4380] loss: 125303305.621
[2,  4400] loss: 28049742.727
[2,  4420] loss: 94247394.568
[2,  4440] loss: 21308064.215
[2,  4460] loss: 48509259.860
[2,  4480] loss: 50529395.483
[2,  4500] loss: 69945924.951
[2,  4520] loss: 221748536.931
[2,  4540] loss: 96124822.953
[2,  4560] loss: 85691897.232
[2,  4580] loss: 56687184.611
[2,  4600] loss: 89357329.225
[2,  4620] loss: 82904093.855
[2,  4640] loss: 34109888.913
[2,  4660] loss: 38515270.827
[2,  4680] loss: 31175779.199
[2,  4700] loss: 42196204.653
[2,  4720] loss: 167927351.697
[2,  4740] loss: 73116545.500
[2,  4760] loss: 68429358.412
[2,  4780] loss: 42564922.850
[2,  4800] loss: 61289295.039
[2,  4820] loss: 63376044.351
[2,  4840] loss: 39981983.914
[2,  4860] loss: 44945333.634
[2,  4880] loss: 32840650.662
[2,  4900] loss: 60540709.125
[2,  4920] loss: 227966887.866
[2,  4940] loss: 57025099.677
[2,  4960] loss: 53987134.011
[2,  4980] loss: 38146560.553
[2,  5000] loss: 95525929.356
[2,  5020] loss: 63010242.732
[2,  5040] loss: 98747242.769
[2,  5060] loss: 30181686.421
[2,  5080] loss: 79140231.863
[2,  5100] loss: 26434830.053
[2,  5120] loss: 65046106.125
[2,  5140] loss: 32326722.049
[2,  5160] loss: 39049004.980
[2,  5180] loss: 28451322.769
[2,  5200] loss: 95021670.225
[2,  5220] loss: 40059617.799
[2,  5240] loss: 78310942.321
[2,  5260] loss: 97805880.458
[2,  5280] loss: 145302099.722
[2,  5300] loss: 88596238.600
[2,  5320] loss: 64990878.916
[2,  5340] loss: 52711011.645
[2,  5360] loss: 53614271.719
[2,  5380] loss: 15858790.599
[2,  5400] loss: 28085041.744
[2,  5420] loss: 70695167.147
[2,  5440] loss: 95773877.750
[2,  5460] loss: 18117190.985
[2,  5480] loss: 39658642.587
[2,  5500] loss: 424620078.859
[2,  5520] loss: 60021818.792
[2,  5540] loss: 93791993.612
[2,  5560] loss: 49568281.183
[2,  5580] loss: 56173745.109
[2,  5600] loss: 36415979.484
[2,  5620] loss: 19237867.775
[2,  5640] loss: 63638353.703
[2,  5660] loss: 90703828.153
[2,  5680] loss: 29884539.386
[2,  5700] loss: 50577415.238
[2,  5720] loss: 68278987.250
[2,  5740] loss: 56769518.416
[2,  5760] loss: 74550761.563
[2,  5780] loss: 40125720.023
[2,  5800] loss: 158083303.122
[2,  5820] loss: 104860918.648
[2,  5840] loss: 41112497.925
[2,  5860] loss: 90796742.213
[2,  5880] loss: 43802202.163
[2,  5900] loss: 43403925.839
[2,  5920] loss: 45486500.712
[2,  5940] loss: 76315614.632
[2,  5960] loss: 129216941.186
[2,  5980] loss: 96349091.025
[2,  6000] loss: 69025118.423
[2,  6020] loss: 34997211.621
[2,  6040] loss: 24356488.064
[2,  6060] loss: 59270889.825
[2,  6080] loss: 51941414.253
[2,  6100] loss: 37222868.662
[2,  6120] loss: 59382198.837
[2,  6140] loss: 56252941.665
[2,  6160] loss: 15345536.862
[2,  6180] loss: 82523819.924
[2,  6200] loss: 57524199.149
[2,  6220] loss: 66365333.944
[2,  6240] loss: 43450777.371
[2,  6260] loss: 69366294.839
[2,  6280] loss: 97304381.969
[2,  6300] loss: 67798655.102
[2,  6320] loss: 30886125.479
[2,  6340] loss: 155909246.298
[2,  6360] loss: 69874295.315
[2,  6380] loss: 48218603.129
[2,  6400] loss: 36776858.903
[2,  6420] loss: 77075721.585
[2,  6440] loss: 74408062.136
[2,  6460] loss: 178725093.240
[2,  6480] loss: 143270094.629
[2,  6500] loss: 218383099.338
[2,  6520] loss: 113381020.384
[2,  6540] loss: 40829550.795
[2,  6560] loss: 53831272.123
[2,  6580] loss: 36252595.111
[2,  6600] loss: 58994327.337
[2,  6620] loss: 43057744.301
[2,  6640] loss: 38411747.366
[2,  6660] loss: 27914810.530
[2,  6680] loss: 68781557.973
[2,  6700] loss: 110912305.119
[2,  6720] loss: 78002692.075
[2,  6740] loss: 78147585.684
[2,  6760] loss: 34576437.012
[2,  6780] loss: 36712857.186
[2,  6800] loss: 88009179.244
[2,  6820] loss: 51843956.120
[2,  6840] loss: 37720853.166
[2,  6860] loss: 37641570.891
[2,  6880] loss: 99102199.616
[2,  6900] loss: 104339473.925
[2,  6920] loss: 70929771.257
[2,  6940] loss: 96987715.926
[2,  6960] loss: 30613380.962
[2,  6980] loss: 211236181.000
[2,  7000] loss: 17584997.101
[2,  7020] loss: 56325237.447
[2,  7040] loss: 31053955.840
[2,  7060] loss: 41819991.712
[2,  7080] loss: 30957702.475
[2,  7100] loss: 38375008.594
[2,  7120] loss: 132373755.432
[2,  7140] loss: 71148026.672
[2,  7160] loss: 82996131.073
[2,  7180] loss: 122856652.893
[2,  7200] loss: 84382497.050
[2,  7220] loss: 42252216.798
[2,  7240] loss: 180847537.241
[2,  7260] loss: 103968778.304
[2,  7280] loss: 85119341.408
[2,  7300] loss: 67578429.590
[2,  7320] loss: 96440411.679
[2,  7340] loss: 120400934.362
[2,  7360] loss: 71244162.132
[2,  7380] loss: 30388148.553
[2,  7400] loss: 71313780.439
[2,  7420] loss: 55686065.286
[2,  7440] loss: 35564562.441
[2,  7460] loss: 40875609.592
[2,  7480] loss: 14601769.508
[2,  7500] loss: 60221261.515
[2,  7520] loss: 33976535.812
[2,  7540] loss: 41329206.927
[2,  7560] loss: 20790204.757
[2,  7580] loss: 18920512.062
[2,  7600] loss: 52391582.856
[2,  7620] loss: 97690234.623
[2,  7640] loss: 39844421.249
[2,  7660] loss: 65982924.641
[2,  7680] loss: 32070730.750
[2,  7700] loss: 18615867.444
[2,  7720] loss: 48356155.323
[2,  7740] loss: 25413474.097
[2,  7760] loss: 37938365.034
[2,  7780] loss: 42032447.745
[2,  7800] loss: 20323010.171
[2,  7820] loss: 72089967.662
[2,  7840] loss: 179388329.025
[2,  7860] loss: 35841521.603
[2,  7880] loss: 142295343.095
[2,  7900] loss: 81967303.828
[2,  7920] loss: 22607645.331
[2,  7940] loss: 17362443.752
[2,  7960] loss: 21495332.685
[2,  7980] loss: 82218270.388
[2,  8000] loss: 36951286.166
[2,  8020] loss: 44961211.559
[2,  8040] loss: 48624821.691
[2,  8060] loss: 18621126.790
[2,  8080] loss: 35773295.994
[2,  8100] loss: 13659012.252
[2,  8120] loss: 25386761.954
[2,  8140] loss: 38105722.701
[2,  8160] loss: 46315480.464
[2,  8180] loss: 18979085.042
[2,  8200] loss: 76677264.602
[2,  8220] loss: 212262196.951
[2,  8240] loss: 59570056.846
[2,  8260] loss: 46817119.330
[2,  8280] loss: 55764160.055
[2,  8300] loss: 25240989.267
[2,  8320] loss: 67334373.472
[2,  8340] loss: 25873490.449
[2,  8360] loss: 94968331.799
[2,  8380] loss: 57054211.344
[2,  8400] loss: 42938895.179
[2,  8420] loss: 40531491.835
[2,  8440] loss: 51844360.924
[2,  8460] loss: 29150910.033
[2,  8480] loss: 45232248.644
[2,  8500] loss: 66045936.084
[2,  8520] loss: 72311592.373
[2,  8540] loss: 68807845.291
[2,  8560] loss: 43424126.119
[2,  8580] loss: 44189797.725
[2,  8600] loss: 61151392.375
[2,  8620] loss: 23397085.964
[2,  8640] loss: 19152570.953
[2,  8660] loss: 17475953.227
[2,  8680] loss: 13177201.891
[2,  8700] loss: 12790082.133
[2,  8720] loss: 24363897.934
[2,  8740] loss: 118347175.000
[2,  8760] loss: 71266842.887
[2,  8780] loss: 34073592.391
[2,  8800] loss: 45027400.720
[2,  8820] loss: 24812540.365
[2,  8840] loss: 12633420.660
[2,  8860] loss: 15180811.832
[2,  8880] loss: 46169427.639
[2,  8900] loss: 23747372.945
[2,  8920] loss: 14333655.236
[2,  8940] loss: 23322943.572
[2,  8960] loss: 34473530.637
[2,  8980] loss: 40446630.822
[2,  9000] loss: 16848892.787
[2,  9020] loss: 47981954.078
[2,  9040] loss: 127186461.635
[2,  9060] loss: 50493727.827
[2,  9080] loss: 9424100.260
[2,  9100] loss: 24489566.941
[2,  9120] loss: 53249810.757
[2,  9140] loss: 11124022.746
[2,  9160] loss: 36596252.244
[2,  9180] loss: 54915569.788
[2,  9200] loss: 63672056.978
[2,  9220] loss: 32563123.126
[2,  9240] loss: 102098330.006
[2,  9260] loss: 85171914.253
[2,  9280] loss: 12340521.893
[2,  9300] loss: 40687028.909
[2,  9320] loss: 24287812.179
[2,  9340] loss: 25818901.973
[2,  9360] loss: 36890661.702
[2,  9380] loss: 28165075.484
[2,  9400] loss: 15325372.407
[2,  9420] loss: 17203633.628
[2,  9440] loss: 15581393.544
[2,  9460] loss: 7834815.534
[2,  9480] loss: 9421825.630
[2,  9500] loss: 44070896.590
[2,  9520] loss: 30224680.081
[2,  9540] loss: 13076596.909
[2,  9560] loss: 20354126.705
[2,  9580] loss: 22097810.303
[2,  9600] loss: 4752047.443
[2,  9620] loss: 41189475.652
[2,  9640] loss: 12970454.986
[2,  9660] loss: 56662740.309
[2,  9680] loss: 52264913.247
[2,  9700] loss: 42262729.317
[2,  9720] loss: 40630051.430
[2,  9740] loss: 81254517.019
[2,  9760] loss: 55028673.619
[2,  9780] loss: 53565161.900
[2,  9800] loss: 45613258.200
[2,  9820] loss: 29827773.234
[2,  9840] loss: 25937982.795
[2,  9860] loss: 24717879.818
[2,  9880] loss: 12387752.591
[2,  9900] loss: 10226289.652
[2,  9920] loss: 8847547.968
[2,  9940] loss: 20898651.614
[2,  9960] loss: 7830491.878
[2,  9980] loss: 16560491.550
[2, 10000] loss: 15915532.786
[2, 10020] loss: 7058633.986
[2, 10040] loss: 5272614.065
[2, 10060] loss: 8442801.130
[2, 10080] loss: 12604303.647
[2, 10100] loss: 11261863.894
[2, 10120] loss: 9030940.928
[2, 10140] loss: 62260823.985
[2, 10160] loss: 86727538.150
[2, 10180] loss: 35360546.587
[2, 10200] loss: 45731907.169
[2, 10220] loss: 11685627.058
[2, 10240] loss: 10597552.409
[2, 10260] loss: 19167034.609
[2, 10280] loss: 27709823.560
[2, 10300] loss: 34780077.942
[2, 10320] loss: 20628740.134
[2, 10340] loss: 6510438.030
[2, 10360] loss: 8049957.472
[2, 10380] loss: 10754730.330
[2, 10400] loss: 7396811.606
[2, 10420] loss: 20099704.120
[2, 10440] loss: 11807902.019
[2, 10460] loss: 4920267.842
[2, 10480] loss: 19020645.129
[2, 10500] loss: 20208386.575
[2, 10520] loss: 5786835.711
[2, 10540] loss: 4486314.527
[2, 10560] loss: 5418357.962
[2, 10580] loss: 7763343.882
[2, 10600] loss: 10670736.398
[2, 10620] loss: 5779955.976
[2, 10640] loss: 3534894.015
[2, 10660] loss: 11082882.938
[2, 10680] loss: 4502095.556
[2, 10700] loss: 3597701.103
[2, 10720] loss: 2146485.187
[2, 10740] loss: 5249950.649
[2, 10760] loss: 7105947.739
[2, 10780] loss: 12295914.824
[2, 10800] loss: 6799519.486
[2, 10820] loss: 17733492.226
[2, 10840] loss: 10388146.818
[2, 10860] loss: 4423205.599
[2, 10880] loss: 10341011.645
[2, 10900] loss: 13928342.855
[2, 10920] loss: 11779612.203
[2, 10940] loss: 21330829.869
[2, 10960] loss: 5583842.955
[2, 10980] loss: 8292955.192
[2, 11000] loss: 3871484.827
[2, 11020] loss: 4902566.336
[2, 11040] loss: 5289450.005
[2, 11060] loss: 4331410.293
[2, 11080] loss: 5108818.443
[2, 11100] loss: 12368853.577
[2, 11120] loss: 9550118.922
[2, 11140] loss: 3795979.990
[2, 11160] loss: 5085392.680
[2, 11180] loss: 7681395.114
[2, 11200] loss: 7259575.426
[2, 11220] loss: 7960018.079
[2, 11240] loss: 1940600.300
[2, 11260] loss: 5689101.447
[2, 11280] loss: 8712032.677
[2, 11300] loss: 15330238.328
[2, 11320] loss: 12091118.794
[2, 11340] loss: 6787629.275
[2, 11360] loss: 5227790.354
[2, 11380] loss: 8934308.522
[2, 11400] loss: 7806313.803
[2, 11420] loss: 20939724.791
[2, 11440] loss: 6354498.977
[2, 11460] loss: 7215773.880
[2, 11480] loss: 18077184.516
[2, 11500] loss: 14958357.447
[2, 11520] loss: 16046560.320
[2, 11540] loss: 11183637.615
[2, 11560] loss: 8265178.701
[2, 11580] loss: 9395534.269
[2, 11600] loss: 5792610.430
[2, 11620] loss: 7403562.691
[2, 11640] loss: 7634264.325
[2, 11660] loss: 5898961.068
[2, 11680] loss: 4096555.984
[2, 11700] loss: 2005820.780
[2, 11720] loss: 1976456.321
[2, 11740] loss: 8250060.036
[2, 11760] loss: 11308919.118
[2, 11780] loss: 38084610.247
[2, 11800] loss: 74857508.213
[2, 11820] loss: 11536538.946
[2, 11840] loss: 3749334.335
[2, 11860] loss: 4038573.885
[2, 11880] loss: 2122819.618
[2, 11900] loss: 9255289.120
[2, 11920] loss: 2693764.012
[2, 11940] loss: 2797492.862
[2, 11960] loss: 2663231.779
[2, 11980] loss: 2981787.939
[2, 12000] loss: 14794682.945
[2, 12020] loss: 17691549.786
[2, 12040] loss: 8696529.105
[2, 12060] loss: 4268108.821
[2, 12080] loss: 3717443.578
[2, 12100] loss: 2823858.333
[2, 12120] loss: 6553236.858
[2, 12140] loss: 7303016.541
[2, 12160] loss: 5567752.420
[2, 12180] loss: 2224755.026
[2, 12200] loss: 1687270.412
[2, 12220] loss: 3153452.183
[2, 12240] loss: 7219294.842
[2, 12260] loss: 4869907.616
[2, 12280] loss: 6316206.711
[2, 12300] loss: 3504687.163
[2, 12320] loss: 3557891.299
[2, 12340] loss: 2923259.885
[2, 12360] loss: 1482659.231
[2, 12380] loss: 6267127.277
[2, 12400] loss: 3848871.741
[2, 12420] loss: 3183316.479
[2, 12440] loss: 7411321.197
[2, 12460] loss: 5427892.772
[2, 12480] loss: 6130180.824
[2, 12500] loss: 9430589.850
[2, 12520] loss: 7719636.647
[2, 12540] loss: 3021913.033
[2, 12560] loss: 4892273.662
[2, 12580] loss: 6046086.783
[2, 12600] loss: 5677235.416
[2, 12620] loss: 2750363.361
[2, 12640] loss: 785367.651
[2, 12660] loss: 2222293.268
[2, 12680] loss: 2217530.825
[2, 12700] loss: 3863790.300
[2, 12720] loss: 2159078.459
[2, 12740] loss: 4380275.222
[2, 12760] loss: 3190673.722
[2, 12780] loss: 5474976.488
[2, 12800] loss: 2513951.570
[2, 12820] loss: 2012818.088
[2, 12840] loss: 4790116.144
[2, 12860] loss: 3656714.258
[2, 12880] loss: 3474285.969
[2, 12900] loss: 6215493.221
[2, 12920] loss: 10955149.766
[2, 12940] loss: 3974620.646
[2, 12960] loss: 3439099.761
[2, 12980] loss: 7441289.296
[2, 13000] loss: 6956166.060
[2, 13020] loss: 8310440.099
[2, 13040] loss: 3258896.972
[2, 13060] loss: 13655337.322
[2, 13080] loss: 10689545.336
[2, 13100] loss: 3643727.057
[2, 13120] loss: 2971182.839
[2, 13140] loss: 5317589.853
[2, 13160] loss: 8204915.427
[2, 13180] loss: 8421157.171
[2, 13200] loss: 9419959.402
[2, 13220] loss: 6471595.454
[2, 13240] loss: 937696.015
[2, 13260] loss: 5491300.851
[2, 13280] loss: 3108770.388
[2, 13300] loss: 3417294.429
[2, 13320] loss: 1377407.530
[2, 13340] loss: 1365815.099
[2, 13360] loss: 4187791.471
[2, 13380] loss: 5171103.041
[2, 13400] loss: 16231060.924
[2, 13420] loss: 7247510.716
[2, 13440] loss: 3600789.342
[2, 13460] loss: 3227521.178
[2, 13480] loss: 1681011.664
[2, 13500] loss: 1795121.612
[2, 13520] loss: 7637203.065
[2, 13540] loss: 4738970.569
[2, 13560] loss: 4448057.406
[2, 13580] loss: 7131315.298
[2, 13600] loss: 5121319.371
[2, 13620] loss: 7289400.452
[2, 13640] loss: 9953667.541
[2, 13660] loss: 2185554.086
[2, 13680] loss: 1672542.887
[2, 13700] loss: 2252889.916
[2, 13720] loss: 8597338.331
[2, 13740] loss: 3371847.847
[2, 13760] loss: 2320485.945
[2, 13780] loss: 5014799.328
[2, 13800] loss: 2103575.932
[2, 13820] loss: 5045546.191
[2, 13840] loss: 2519188.074
[2, 13860] loss: 16898554.314
[2, 13880] loss: 9549496.761
[2, 13900] loss: 4532436.621
[2, 13920] loss: 8812548.683
[2, 13940] loss: 4047673.622
[2, 13960] loss: 9162809.182
[2, 13980] loss: 24769055.550
[2, 14000] loss: 18203634.109
[2, 14020] loss: 6827428.905
[2, 14040] loss: 3428729.806
[2, 14060] loss: 2137803.716
[2, 14080] loss: 4126969.423
[2, 14100] loss: 3062744.302
[2, 14120] loss: 8921123.388
[2, 14140] loss: 8833768.082
[2, 14160] loss: 10052915.095
[2, 14180] loss: 10488599.235
[2, 14200] loss: 3280734.980
[2, 14220] loss: 1887348.748
[2, 14240] loss: 745700.309
[2, 14260] loss: 4181873.422
[2, 14280] loss: 4283693.369
[2, 14300] loss: 1898553.553
[2, 14320] loss: 1838481.433
[2, 14340] loss: 7705365.645
[2, 14360] loss: 7001009.781
[2, 14380] loss: 2168967.321
[2, 14400] loss: 1724591.481
[2, 14420] loss: 4650698.018
[2, 14440] loss: 1548821.116
[2, 14460] loss: 1406079.795
[2, 14480] loss: 3592131.338
[2, 14500] loss: 1731927.633
[2, 14520] loss: 4260076.243
[2, 14540] loss: 3656181.793
[2, 14560] loss: 4120023.737
[2, 14580] loss: 4100469.206
[2, 14600] loss: 2787200.209
[2, 14620] loss: 3602182.661
[2, 14640] loss: 2015121.481
[2, 14660] loss: 2923172.871
[2, 14680] loss: 3935680.506
[2, 14700] loss: 5768282.775
[2, 14720] loss: 8487337.348
[2, 14740] loss: 2639053.138
[2, 14760] loss: 1713407.968
[2, 14780] loss: 2485606.761
[2, 14800] loss: 3405767.322
[2, 14820] loss: 1432909.957
[2, 14840] loss: 1465810.738
[2, 14860] loss: 1305316.602
[2, 14880] loss: 549715.752
[2, 14900] loss: 281951.430
[2, 14920] loss: 957541.792
[2, 14940] loss: 4681345.072
[2, 14960] loss: 7982454.562
[2, 14980] loss: 14637203.943
[2, 15000] loss: 2698415.168
[2, 15020] loss: 2371139.247
[2, 15040] loss: 2528572.264
[2, 15060] loss: 813239.921
[2, 15080] loss: 1600400.759
[2, 15100] loss: 2426774.650
[2, 15120] loss: 2749255.946
[2, 15140] loss: 755298.041
[2, 15160] loss: 1355488.282
[2, 15180] loss: 1011721.213
[2, 15200] loss: 1287136.040
[2, 15220] loss: 2620067.377
[2, 15240] loss: 3532341.789
[2, 15260] loss: 907967.372
[2, 15280] loss: 2449158.774
[2, 15300] loss: 2146052.876
[2, 15320] loss: 879680.495
[2, 15340] loss: 340360.141
[2, 15360] loss: 1044476.506
[2, 15380] loss: 1151211.082
[2, 15400] loss: 715476.118
[2, 15420] loss: 632875.264
[2, 15440] loss: 3627676.549
[2, 15460] loss: 2642811.355
[2, 15480] loss: 1125007.000
[2, 15500] loss: 1647977.343
[2, 15520] loss: 2867750.462
[2, 15540] loss: 451181.208
[2, 15560] loss: 1872235.056
[2, 15580] loss: 363697.229
[2, 15600] loss: 425311.544
[2, 15620] loss: 517486.943
[2, 15640] loss: 810141.863
[2, 15660] loss: 2205678.781
[2, 15680] loss: 1481722.510
[2, 15700] loss: 722264.771
[2, 15720] loss: 1759962.780
[2, 15740] loss: 1179089.347
[2, 15760] loss: 1815360.484
[2, 15780] loss: 883897.407
[2, 15800] loss: 2413922.369
[2, 15820] loss: 6459789.503
[2, 15840] loss: 2396910.518
[2, 15860] loss: 1550803.018
[2, 15880] loss: 400847.677
[2, 15900] loss: 1601516.681
[2, 15920] loss: 2982948.090
[2, 15940] loss: 701171.543
[2, 15960] loss: 1695372.579
[2, 15980] loss: 1953529.020
[2, 16000] loss: 11554641.396
[2, 16020] loss: 6710956.318
[2, 16040] loss: 17871786.894
[2, 16060] loss: 36681639.324
[2, 16080] loss: 1767495180217575.500
[2, 16100] loss: 960897447349452.750
[2, 16120] loss: 62128554462617.602
[2, 16140] loss: 10569260466380.801
[2, 16160] loss: 2916899607142.400
[2, 16180] loss: 1476179717350.400
[2, 16200] loss: 840018263261.600
[2, 16220] loss: 1612294998799.200
[2, 16240] loss: 2154606368716.800
[2, 16260] loss: 741756971704.000
[2, 16280] loss: 226149498058.000
[2, 16300] loss: 933488676208.400
[2, 16320] loss: 1117740161024.000
[2, 16340] loss: 521416884428.800
[2, 16360] loss: 287087937344.000
[2, 16380] loss: 253298811475.600
[2, 16400] loss: 304127426819.200
[2, 16420] loss: 199340524941.600
[2, 16440] loss: 187507420290.503
[2, 16460] loss: 241011645984.000
[2, 16480] loss: 202515089162.645
[2, 16500] loss: 277249007315.200
[2, 16520] loss: 133388312358.400
[2, 16540] loss: 208419890644.800
[2, 16560] loss: 136145506787.200
[2, 16580] loss: 65158650718.200
[2, 16600] loss: 139547088072.000
[2, 16620] loss: 316362469148.800
[2, 16640] loss: 163685043395.600
[2, 16660] loss: 76459437215.800
[2, 16680] loss: 349056477251.200
[2, 16700] loss: 259786038976.000
[2, 16720] loss: 143820363288.250
[2, 16740] loss: 181675996416.000
[2, 16760] loss: 68348292160.000
[2, 16780] loss: 146950799620.850
[2, 16800] loss: 145914423360.425
[2, 16820] loss: 106513987604.800
[2, 16840] loss: 106394409976.400
[2, 16860] loss: 86294723430.400
[2, 16880] loss: 30404678608.000
[2, 16900] loss: 55208861728.700
[2, 16920] loss: 65221383484.650
[2, 16940] loss: 69084295570.400
[2, 16960] loss: 38450998440.000
[2, 16980] loss: 70718338355.200
[2, 17000] loss: 157644904809.950
[2, 17020] loss: 112164983977.600
[2, 17040] loss: 60616332949.600
[2, 17060] loss: 78920987225.600
[2, 17080] loss: 60617632220.100
[2, 17100] loss: 53589606885.450
[2, 17120] loss: 121865461892.800
[2, 17140] loss: 121162899072.000
[2, 17160] loss: 61725298508.800
[2, 17180] loss: 75115981840.000
[2, 17200] loss: 39427919925.600
[2, 17220] loss: 88660877492.000
[2, 17240] loss: 66366541036.800
[2, 17260] loss: 61845145468.800
[2, 17280] loss: 57000482838.400
[2, 17300] loss: 29460923790.400
[2, 17320] loss: 63553535363.200
[2, 17340] loss: 42097839072.200
[2, 17360] loss: 45378290316.800
[2, 17380] loss: 42805400291.200
[2, 17400] loss: 21089148914.000
[2, 17420] loss: 31752156930.400
[2, 17440] loss: 110121403430.400
[2, 17460] loss: 51885394097.956
[2, 17480] loss: 57872958126.800
[2, 17500] loss: 54752749403.200
[2, 17520] loss: 46405171716.800
[2, 17540] loss: 48718691130.400
[2, 17560] loss: 55613911412.000
[2, 17580] loss: 30463318899.200
[2, 17600] loss: 43171995151.850
[2, 17620] loss: 47162339339.200
[2, 17640] loss: 18609067342.041
[2, 17660] loss: 25859932513.600
[2, 17680] loss: 34498243547.200
[2, 17700] loss: 17397328976.950
[2, 17720] loss: 21249155046.963
[2, 17740] loss: 37521686338.544
[2, 17760] loss: 26610584076.800
[2, 17780] loss: 41906022174.400
[2, 17800] loss: 74469004996.800
[2, 17820] loss: 43956630657.600
[2, 17840] loss: 36137763089.600
[2, 17860] loss: 13870612415.200
[2, 17880] loss: 13140735544.000
[2, 17900] loss: 30977822729.600
[2, 17920] loss: 56618531528.300
[2, 17940] loss: 48908568924.600
[2, 17960] loss: 34957304044.800
[2, 17980] loss: 37969891814.400
[2, 18000] loss: 34317020715.994
[2, 18020] loss: 35481359474.400
[2, 18040] loss: 14431798821.200
[2, 18060] loss: 26807706651.200
[2, 18080] loss: 23528941962.350
[2, 18100] loss: 34226398778.400
[2, 18120] loss: 21423869328.200
[2, 18140] loss: 34669499299.744
[2, 18160] loss: 28067137604.569
[2, 18180] loss: 25206748197.600
[2, 18200] loss: 12428402714.275
[2, 18220] loss: 32820352403.875
[2, 18240] loss: 16244765712.000
[2, 18260] loss: 23296707400.800
[2, 18280] loss: 26756424816.000
[2, 18300] loss: 22459513554.109
[2, 18320] loss: 23401312532.800
[2, 18340] loss: 33960645171.200
[2, 18360] loss: 20042068482.550
[2, 18380] loss: 24378110024.850
[2, 18400] loss: 34656293508.050
[2, 18420] loss: 9004774865.900
[2, 18440] loss: 20739246095.000
[2, 18460] loss: 27067055491.200
[2, 18480] loss: 33666106745.600
[2, 18500] loss: 31654720140.650
[2, 18520] loss: 35077581329.150
[2, 18540] loss: 20533063091.588
[2, 18560] loss: 15097007602.400
[2, 18580] loss: 40470109444.250
[2, 18600] loss: 39946450575.200
[2, 18620] loss: 18557733609.200
[2, 18640] loss: 9765722553.800
[2, 18660] loss: 19058528928.000
[2, 18680] loss: 13381027557.100
[2, 18700] loss: 8346720044.200
[2, 18720] loss: 49636226856.600
[2, 18740] loss: 39495585454.800
[2, 18760] loss: 22549401642.150
[2, 18780] loss: 14322335054.550
[2, 18800] loss: 20878176827.600
[2, 18820] loss: 23885301254.400
[2, 18840] loss: 33553465204.775
[2, 18860] loss: 33260662950.200
[2, 18880] loss: 14185645523.200
[2, 18900] loss: 6515595426.350
[2, 18920] loss: 8961273640.675
[2, 18940] loss: 18646862996.800
[2, 18960] loss: 11005953581.638
[2, 18980] loss: 21047383797.600
[2, 19000] loss: 11376798702.400
[2, 19020] loss: 15500404342.788
[2, 19040] loss: 8992271966.200
[2, 19060] loss: 15383317626.400
[2, 19080] loss: 24790519854.125
[2, 19100] loss: 17785457336.400
[2, 19120] loss: 15908359312.000
[2, 19140] loss: 10322873631.800
[2, 19160] loss: 11019591868.800
[2, 19180] loss: 9543225121.400
[2, 19200] loss: 16963682220.800
[2, 19220] loss: 14803996351.469
[2, 19240] loss: 14075778580.400
[2, 19260] loss: 16705203809.950
[2, 19280] loss: 8833958549.200
[2, 19300] loss: 17341400536.119
[2, 19320] loss: 18947286267.800
[2, 19340] loss: 8008002900.012
[2, 19360] loss: 6756783125.406
[2, 19380] loss: 9168374393.600
[2, 19400] loss: 12238509125.094
[2, 19420] loss: 10589041343.600
[2, 19440] loss: 13579460522.750
[2, 19460] loss: 15200616574.100
[2, 19480] loss: 14624198664.400
[2, 19500] loss: 11078564560.000
[2, 19520] loss: 18070174419.200
[2, 19540] loss: 7691226257.900
[2, 19560] loss: 9798593200.900
[2, 19580] loss: 11267216869.150
[2, 19600] loss: 8927852380.000
[2, 19620] loss: 5427873946.675
[2, 19640] loss: 4911998055.600
[2, 19660] loss: 6835964376.800
[2, 19680] loss: 12856881135.400
[2, 19700] loss: 16442692360.239
[2, 19720] loss: 5471804617.900
[2, 19740] loss: 6316474391.663
[2, 19760] loss: 11095255319.400
[2, 19780] loss: 2969885157.600
[2, 19800] loss: 10180126575.400
[2, 19820] loss: 23919347989.450
[2, 19840] loss: 7964381965.476
[2, 19860] loss: 11410590725.700
[2, 19880] loss: 10852540751.950
[2, 19900] loss: 10631005378.105
[2, 19920] loss: 19148711568.800
[2, 19940] loss: 19904202198.400
[2, 19960] loss: 8079307507.200
[2, 19980] loss: 8382430904.400
[2, 20000] loss: 8056671693.962
[2, 20020] loss: 5461335611.200
[2, 20040] loss: 14117354908.400
[2, 20060] loss: 17068643438.800
[2, 20080] loss: 8653848392.319
[2, 20100] loss: 9714514898.000
[2, 20120] loss: 10963638255.750
[2, 20140] loss: 5677803559.100
[2, 20160] loss: 8422340693.600
[2, 20180] loss: 9217967496.000
[2, 20200] loss: 8518384975.200
[2, 20220] loss: 8149867420.450
[2, 20240] loss: 5724580035.600
[2, 20260] loss: 13827219494.800
[2, 20280] loss: 8229960488.400
[2, 20300] loss: 7081494988.946
[2, 20320] loss: 7656049825.863
[2, 20340] loss: 4798480386.200
[2, 20360] loss: 7637167744.500
[2, 20380] loss: 6641376575.509
[2, 20400] loss: 4381593213.853
[2, 20420] loss: 6762224488.025
[2, 20440] loss: 5335697796.600
[2, 20460] loss: 11400591026.928
[2, 20480] loss: 8615468387.200
[2, 20500] loss: 8386928547.575
[2, 20520] loss: 6358651570.289
[2, 20540] loss: 5969768993.475
[2, 20560] loss: 6668797290.800
[2, 20580] loss: 5390481596.550
[2, 20600] loss: 13075077118.200
[2, 20620] loss: 8464671468.000
[2, 20640] loss: 8052105119.500
[2, 20660] loss: 3751164423.000
[2, 20680] loss: 12543574396.800
[2, 20700] loss: 13902622446.650
[2, 20720] loss: 5058484260.788
[2, 20740] loss: 7152627443.400
[2, 20760] loss: 4280864835.200
[2, 20780] loss: 13221945234.500
[2, 20800] loss: 3521846697.762
[2, 20820] loss: 1974003228.800
[2, 20840] loss: 3903369292.200
[2, 20860] loss: 1687785969.700
[2, 20880] loss: 1453043762.272
[2, 20900] loss: 4354350497.350
[2, 20920] loss: 8106698064.775
[2, 20940] loss: 4708777495.100
[2, 20960] loss: 6332287518.400
[2, 20980] loss: 9493266722.966
[2, 21000] loss: 2567521832.500
[2, 21020] loss: 3375883072.825
[2, 21040] loss: 4286223320.750
[2, 21060] loss: 3273359310.459
[2, 21080] loss: 2484816621.969
[2, 21100] loss: 5075118203.831
[2, 21120] loss: 5546087275.769
[2, 21140] loss: 3059508424.750
[2, 21160] loss: 4225098787.175
[2, 21180] loss: 3002909171.300
[2, 21200] loss: 9731594129.350
[2, 21220] loss: 3771651931.900
[2, 21240] loss: 2262854583.883
[2, 21260] loss: 1890444595.425
[2, 21280] loss: 2853710817.150
[2, 21300] loss: 3365989638.836
[2, 21320] loss: 2449133797.325
[2, 21340] loss: 8696926512.763
[2, 21360] loss: 2792193340.000
[2, 21380] loss: 2577576019.512
[2, 21400] loss: 1816198832.764
[2, 21420] loss: 3700068567.800
[2, 21440] loss: 7302894652.556
[2, 21460] loss: 6956536877.700
[2, 21480] loss: 3899588814.575
[2, 21500] loss: 1689726935.800
[2, 21520] loss: 2617867000.000
[2, 21540] loss: 2248819952.550
[2, 21560] loss: 2939650713.000
[2, 21580] loss: 4237200563.150
[2, 21600] loss: 4949611898.800
[2, 21620] loss: 3327160506.525
[2, 21640] loss: 3919413795.488
[2, 21660] loss: 1992719151.787
[2, 21680] loss: 2852721723.764
[2, 21700] loss: 2558483464.600
[2, 21720] loss: 1513958153.513
[2, 21740] loss: 2438906047.600
[2, 21760] loss: 3589357706.938
[2, 21780] loss: 3445954591.850
[2, 21800] loss: 886757545.022
[2, 21820] loss: 2254445524.200
[2, 21840] loss: 2470488541.006
[2, 21860] loss: 1056044717.500
[2, 21880] loss: 2840796538.200
[2, 21900] loss: 2161386994.946
[2, 21920] loss: 1721575927.089
[2, 21940] loss: 3425799440.200
[2, 21960] loss: 2387246182.895
[2, 21980] loss: 3680762186.753
[2, 22000] loss: 1696998398.173
[2, 22020] loss: 2827011171.600
[2, 22040] loss: 6459040265.600
[2, 22060] loss: 4699136444.000
[2, 22080] loss: 3496508517.875
[2, 22100] loss: 2396271496.091
[2, 22120] loss: 1977440427.105
[2, 22140] loss: 2475694589.275
[2, 22160] loss: 1301369663.675
[2, 22180] loss: 2627273350.900
[2, 22200] loss: 4967469834.700
[2, 22220] loss: 1682627089.550
[2, 22240] loss: 3588139966.800
[2, 22260] loss: 3307030306.800
[2, 22280] loss: 1442495559.956
[2, 22300] loss: 1286747644.503
[2, 22320] loss: 884516181.975
[2, 22340] loss: 1996720532.650
[2, 22360] loss: 2718761295.519
[2, 22380] loss: 1972464853.450
[2, 22400] loss: 2307636860.450
[2, 22420] loss: 2325072414.600
[2, 22440] loss: 1375242843.931
[2, 22460] loss: 2185339695.875
[2, 22480] loss: 1787561287.562
[2, 22500] loss: 1860697541.934
[2, 22520] loss: 1127814963.862
[2, 22540] loss: 2212673800.000
[2, 22560] loss: 962315302.150
[2, 22580] loss: 1583413261.200
[2, 22600] loss: 724479228.900
[2, 22620] loss: 2150089602.775
[2, 22640] loss: 823855119.162
[2, 22660] loss: 1171519626.138
[2, 22680] loss: 1165210591.192
[2, 22700] loss: 3060666827.800
[2, 22720] loss: 1632525729.862
[2, 22740] loss: 668048299.052
[2, 22760] loss: 1865974616.650
[2, 22780] loss: 1739642534.600
[2, 22800] loss: 1176594537.287
[2, 22820] loss: 1256561432.418
[2, 22840] loss: 2412018749.741
[2, 22860] loss: 1380630368.925
[2, 22880] loss: 1018684941.231
[2, 22900] loss: 780657103.506
[2, 22920] loss: 805933429.300
[2, 22940] loss: 1531294185.263
[2, 22960] loss: 1121090214.856
[2, 22980] loss: 3349896697.200
[2, 23000] loss: 1674058765.261
[2, 23020] loss: 638204388.275
[2, 23040] loss: 1229680264.403
[2, 23060] loss: 968397071.308
[2, 23080] loss: 878120425.512
[2, 23100] loss: 698000941.300
[2, 23120] loss: 1412491789.219
[2, 23140] loss: 1578566209.609
[2, 23160] loss: 743605016.550
[2, 23180] loss: 613737237.800
[2, 23200] loss: 528607402.700
[2, 23220] loss: 974560572.727
[2, 23240] loss: 1141602619.758
[2, 23260] loss: 1662176664.100
[2, 23280] loss: 2717739356.338
[2, 23300] loss: 1570159398.325
[2, 23320] loss: 529074704.462
[2, 23340] loss: 269081011.288
[2, 23360] loss: 1127895156.176
[2, 23380] loss: 789064927.594
[2, 23400] loss: 1274771552.936
[2, 23420] loss: 655200328.160
[2, 23440] loss: 659768048.406
[2, 23460] loss: 910982830.369
[2, 23480] loss: 462837341.094
[2, 23500] loss: 1830400580.750
[2, 23520] loss: 1053377554.350
[2, 23540] loss: 905161741.533
[2, 23560] loss: 552956886.950
[2, 23580] loss: 716612994.600
[2, 23600] loss: 967085558.100
[2, 23620] loss: 831826029.800
[2, 23640] loss: 1009055109.147
[2, 23660] loss: 1722833808.000
[2, 23680] loss: 1576525359.900
[2, 23700] loss: 716955122.519
[2, 23720] loss: 756983204.344
[2, 23740] loss: 515974331.733
[2, 23760] loss: 377390765.558
[2, 23780] loss: 969364212.769
[2, 23800] loss: 1065102727.200
[2, 23820] loss: 601642062.956
[2, 23840] loss: 412485808.472
[2, 23860] loss: 693094036.175
[2, 23880] loss: 594969225.678
[2, 23900] loss: 943927037.675
[2, 23920] loss: 443823839.894
[2, 23940] loss: 921082173.456
[2, 23960] loss: 696433541.725
[2, 23980] loss: 507723618.788
[2, 24000] loss: 861350037.497
[2, 24020] loss: 389493382.438
[2, 24040] loss: 528380520.652
[2, 24060] loss: 660014688.078
[2, 24080] loss: 78580100.444
[2, 24100] loss: 404204175.525
[2, 24120] loss: 360969230.363
[2, 24140] loss: 410972672.990
[2, 24160] loss: 345292644.697
[2, 24180] loss: 396554633.675
[2, 24200] loss: 210443597.826
[2, 24220] loss: 210791404.045
[2, 24240] loss: 378433601.100
[2, 24260] loss: 337236776.962
[2, 24280] loss: 293117201.307
[2, 24300] loss: 305822693.061
[2, 24320] loss: 262150124.919
[2, 24340] loss: 184359251.634
[2, 24360] loss: 495428217.631
[2, 24380] loss: 304608149.916
[2, 24400] loss: 89026735.406
[2, 24420] loss: 234408342.275
[2, 24440] loss: 312582170.000
[2, 24460] loss: 311243115.712
[2, 24480] loss: 308362195.603
[2, 24500] loss: 138364935.017
[2, 24520] loss: 413575812.378
[2, 24540] loss: 629715085.484
[2, 24560] loss: 349819457.000
[2, 24580] loss: 569937661.450
[2, 24600] loss: 603265657.263
[2, 24620] loss: 364457961.032
[2, 24640] loss: 259511348.253
[2, 24660] loss: 547477984.923
[2, 24680] loss: 760155327.882
[2, 24700] loss: 859044415.227
[2, 24720] loss: 250002212.098
[2, 24740] loss: 640129731.521
[2, 24760] loss: 484017787.117
[2, 24780] loss: 322391020.115
[2, 24800] loss: 364883434.631
[2, 24820] loss: 351483604.691
[2, 24840] loss: 127716455.330
[2, 24860] loss: 155261120.713
[2, 24880] loss: 376278698.772
[2, 24900] loss: 265257038.650
[2, 24920] loss: 714496239.629
[2, 24940] loss: 1009017472.138
[2, 24960] loss: 226730232.553
[2, 24980] loss: 178390942.713
[2, 25000] loss: 563966860.712
[2, 25020] loss: 351562266.185
[2, 25040] loss: 385553527.663
[2, 25060] loss: 254281409.638
[2, 25080] loss: 126109700.912
[2, 25100] loss: 255097118.400
[2, 25120] loss: 386810542.750
[2, 25140] loss: 235001854.919
[2, 25160] loss: 119830087.335
[2, 25180] loss: 227413581.488
[2, 25200] loss: 225219035.116
[2, 25220] loss: 411299285.966
[2, 25240] loss: 422921225.102
[2, 25260] loss: 318390373.127
[2, 25280] loss: 348557504.452
[2, 25300] loss: 312293294.850
[2, 25320] loss: 348172333.370
[2, 25340] loss: 251081488.134
[2, 25360] loss: 160484264.925
[2, 25380] loss: 159621333.505
[2, 25400] loss: 373266077.431
[2, 25420] loss: 181495859.110
[2, 25440] loss: 191508656.667
[2, 25460] loss: 252541460.469
[2, 25480] loss: 225146487.912
[2, 25500] loss: 178263169.125
[2, 25520] loss: 214975726.189
[2, 25540] loss: 72070750.583
[2, 25560] loss: 142916672.878
[2, 25580] loss: 105995073.132
[2, 25600] loss: 234557471.342
[2, 25620] loss: 58879909.705
[2, 25640] loss: 120500702.763
[2, 25660] loss: 171565166.130
[2, 25680] loss: 150844174.243
[2, 25700] loss: 119124512.697
[2, 25720] loss: 105543349.000
[2, 25740] loss: 137382098.226
[2, 25760] loss: 276929437.875
[2, 25780] loss: 163870053.531
[2, 25800] loss: 110853541.450
[2, 25820] loss: 170013832.938
[2, 25840] loss: 108081524.531
[2, 25860] loss: 160549037.025
[2, 25880] loss: 137426256.460
[2, 25900] loss: 130299553.118
[2, 25920] loss: 186125487.124
[2, 25940] loss: 132889180.961
[2, 25960] loss: 81312800.250
[2, 25980] loss: 55098775.781
[2, 26000] loss: 83160385.438
[2, 26020] loss: 58316111.238
[2, 26040] loss: 65664181.541
[2, 26060] loss: 72490577.180
[2, 26080] loss: 147035909.184
[2, 26100] loss: 148997281.973
[2, 26120] loss: 125750124.483
[2, 26140] loss: 43240722.543
[2, 26160] loss: 144308529.764
[2, 26180] loss: 114073698.648
[2, 26200] loss: 289053070.000
[2, 26220] loss: 289021494.212
[2, 26240] loss: 187174106.445
[2, 26260] loss: 423748900.488
[2, 26280] loss: 200060266.525
[2, 26300] loss: 78148754.875
[2, 26320] loss: 139508863.062
[2, 26340] loss: 70995944.959
[2, 26360] loss: 121430017.938
[2, 26380] loss: 89884705.753
[2, 26400] loss: 66051222.237
[2, 26420] loss: 93106672.513
[2, 26440] loss: 128499177.802
[2, 26460] loss: 90396297.777
[2, 26480] loss: 99355729.587
[2, 26500] loss: 140382855.000
[2, 26520] loss: 98778812.606
[2, 26540] loss: 73149317.942
[2, 26560] loss: 59110552.470
[2, 26580] loss: 106216948.763
[2, 26600] loss: 280539226.600
[2, 26620] loss: 88950292.288
[2, 26640] loss: 365073001.312
[2, 26660] loss: 207344493.475
[2, 26680] loss: 205225432.312
[2, 26700] loss: 124858819.575
[2, 26720] loss: 74192414.856
[2, 26740] loss: 30007870.932
[2, 26760] loss: 71653164.302
[2, 26780] loss: 62141941.305
[2, 26800] loss: 93746509.632
[2, 26820] loss: 187133804.909
[2, 26840] loss: 68886008.862
[2, 26860] loss: 91615999.138
[2, 26880] loss: 73249563.773
[2, 26900] loss: 54526005.994
[2, 26920] loss: 42539301.786
[2, 26940] loss: 68829686.956
[2, 26960] loss: 102319450.634
[2, 26980] loss: 68316724.281
[2, 27000] loss: 170871549.067
[2, 27020] loss: 41257952.959
[2, 27040] loss: 48449531.256
[2, 27060] loss: 381937325.114
[2, 27080] loss: 190731744.600
[2, 27100] loss: 108833377.554
[2, 27120] loss: 72735854.050
[2, 27140] loss: 109520094.892
[2, 27160] loss: 43039481.152
[2, 27180] loss: 33534238.484
[2, 27200] loss: 60633597.042
[2, 27220] loss: 323910872.502
[2, 27240] loss: 98597570.428
[2, 27260] loss: 58114124.789
[2, 27280] loss: 151481488.566
[2, 27300] loss: 134163348.375
[2, 27320] loss: 75325403.099
[2, 27340] loss: 150826357.300
[2, 27360] loss: 69493283.544
[2, 27380] loss: 94574577.287
[2, 27400] loss: 48172563.322
[2, 27420] loss: 56497137.634
[2, 27440] loss: 108294248.076
[2, 27460] loss: 85244305.933
[2, 27480] loss: 32047711.824
[2, 27500] loss: 60745039.967
[2, 27520] loss: 201010226.425
[2, 27540] loss: 36566565.884
[2, 27560] loss: 28399693.721
[2, 27580] loss: 52362032.988
[2, 27600] loss: 243870136.730
[2, 27620] loss: 444323239.200
[2, 27640] loss: 118231442.880
[2, 27660] loss: 108344062.756
[2, 27680] loss: 52132667.644
[2, 27700] loss: 27401009.830
[2, 27720] loss: 75939484.944
[2, 27740] loss: 58594882.620
[2, 27760] loss: 40522032.862
[2, 27780] loss: 58581130.718
[2, 27800] loss: 99614851.344
[2, 27820] loss: 87126159.347
[2, 27840] loss: 89497142.893
[2, 27860] loss: 25385611.381
[2, 27880] loss: 76294411.412
[2, 27900] loss: 63963714.577
[2, 27920] loss: 93116896.866
[2, 27940] loss: 153889203.245
[2, 27960] loss: 45075972.669
[2, 27980] loss: 121320707.441
[2, 28000] loss: 239512644.842
[2, 28020] loss: 203028315.988
[2, 28040] loss: 134924661.620
[2, 28060] loss: 128529385.948
[2, 28080] loss: 215131175.763
[2, 28100] loss: 68878567.706
[2, 28120] loss: 93852328.963
[2, 28140] loss: 79517198.564
[2, 28160] loss: 37212525.011
[2, 28180] loss: 55488295.092
[2, 28200] loss: 103872398.931
[2, 28220] loss: 90317313.829
[2, 28240] loss: 21009767.305
[2, 28260] loss: 29005561.666
[2, 28280] loss: 23883186.964
[2, 28300] loss: 45128561.509
[2, 28320] loss: 45642617.888
[2, 28340] loss: 162429474.355
[2, 28360] loss: 45786409.294
[2, 28380] loss: 95838338.650
[2, 28400] loss: 195772185.394
[2, 28420] loss: 81842009.229
[2, 28440] loss: 86704485.135
[2, 28460] loss: 76630606.875
[2, 28480] loss: 30674187.043
[2, 28500] loss: 58265833.491
[2, 28520] loss: 29055013.710
[2, 28540] loss: 30855354.845
[2, 28560] loss: 22190180.695
[2, 28580] loss: 16292896.602
[2, 28600] loss: 25080192.653
[2, 28620] loss: 23021587.823
[2, 28640] loss: 17655894.592
[2, 28660] loss: 32666286.918
[2, 28680] loss: 16926415.731
[2, 28700] loss: 31156003.630
[2, 28720] loss: 27764878.242
[2, 28740] loss: 63752519.697
[2, 28760] loss: 62790022.607
[2, 28780] loss: 62426657.997
[2, 28800] loss: 17015377.325
[2, 28820] loss: 26728043.431
[2, 28840] loss: 9975976.306
[2, 28860] loss: 24095263.110
[2, 28880] loss: 32777699.833
[2, 28900] loss: 31245151.552
[2, 28920] loss: 22372718.556
[2, 28940] loss: 43584610.516
[2, 28960] loss: 79588813.392
[2, 28980] loss: 51387267.730
[2, 29000] loss: 35487447.868
[2, 29020] loss: 15722883.765
[2, 29040] loss: 34506853.467
[2, 29060] loss: 71946407.963
[2, 29080] loss: 57315566.888
[2, 29100] loss: 100647676.003
[2, 29120] loss: 112218580.669
[2, 29140] loss: 46676242.235
[2, 29160] loss: 29902691.710
[2, 29180] loss: 32754243.828
[2, 29200] loss: 28417588.578
[2, 29220] loss: 62537269.030
[2, 29240] loss: 41609974.249
[2, 29260] loss: 44989179.628
[2, 29280] loss: 45538344.770
[2, 29300] loss: 47096646.194
[2, 29320] loss: 89508341.964
[2, 29340] loss: 105161320.298
[2, 29360] loss: 89617990.386
[2, 29380] loss: 57896007.633
[2, 29400] loss: 46874807.191
[2, 29420] loss: 40387860.678
[2, 29440] loss: 53380913.095
[2, 29460] loss: 22936877.287
[2, 29480] loss: 19854306.157
[2, 29500] loss: 55005959.011
[2, 29520] loss: 71043973.911
[2, 29540] loss: 33889885.065
[2, 29560] loss: 18065686.513
[2, 29580] loss: 10564332.839
[2, 29600] loss: 17446194.833
[2, 29620] loss: 23772479.480
[2, 29640] loss: 31905926.105
[2, 29660] loss: 15619528.732
[2, 29680] loss: 37709847.456
[2, 29700] loss: 36038835.446
[2, 29720] loss: 32067132.773
[2, 29740] loss: 76180471.411
[2, 29760] loss: 36411107.352
[2, 29780] loss: 55635028.981
[2, 29800] loss: 26190720.294
[2, 29820] loss: 9618043.118
[2, 29840] loss: 23793395.200
[2, 29860] loss: 37794503.188
[2, 29880] loss: 28159434.181
[2, 29900] loss: 19085713.908
[2, 29920] loss: 43320353.516
[2, 29940] loss: 41426467.544
[2, 29960] loss: 29711451.475
[2, 29980] loss: 51554807.486
[2, 30000] loss: 30402776.333
[2, 30020] loss: 48606908.657
[2, 30040] loss: 27409522.425
[2, 30060] loss: 17734213.991
[2, 30080] loss: 23503771.437
[2, 30100] loss: 36755295.722
[2, 30120] loss: 57506043.874
[2, 30140] loss: 14358108.470
[2, 30160] loss: 9270208.383
[2, 30180] loss: 11906202.745
[2, 30200] loss: 17981723.529
[2, 30220] loss: 14808309.699
[2, 30240] loss: 17100954.774
[2, 30260] loss: 27778068.419
[2, 30280] loss: 31637603.569
[2, 30300] loss: 26849109.468
[2, 30320] loss: 33292041.812
[2, 30340] loss: 38958039.818
[2, 30360] loss: 19218531.466
[2, 30380] loss: 12331864.050
[2, 30400] loss: 35256682.936
[2, 30420] loss: 30884866.044
[1,    20] loss: 5739310.121
[1,    40] loss: 7703221.362
[1,    60] loss: 6532614.806
[1,    80] loss: 5949731.575
[1,   100] loss: 7738389.793
[1,   120] loss: 8324296.790
[1,   140] loss: 7657533.467
[1,   160] loss: 8709640.792
[1,   180] loss: 9634752.484
[1,   200] loss: 9471861.682
[1,   220] loss: 10047119.219
[1,   240] loss: 10734813.365
[1,   260] loss: 10411679.268
[1,   280] loss: 10301390.524
[1,   300] loss: 9853934.131
[1,   320] loss: 9529548.653
[1,   340] loss: 9859623.225
[1,   360] loss: 9997635.395
[1,   380] loss: 9885743.950
[1,   400] loss: 9911742.700
[1,   420] loss: 9813101.800
[1,   440] loss: 9836994.177
[1,   460] loss: 10031056.458
[1,   480] loss: 10762774.247
[1,   500] loss: 11647231.090
[1,   520] loss: 13057766.232
[1,   540] loss: 15303664.464
[1,   560] loss: 16447973.871
[1,   580] loss: 16710410.399
[1,   600] loss: 16271657.121
[1,   620] loss: 15912321.006
[1,   640] loss: 15540228.269
[1,   660] loss: 15081100.611
[1,   680] loss: 14694510.535
[1,   700] loss: 14359654.045
[1,   720] loss: 14038318.153
[1,   740] loss: 13865424.246
[1,   760] loss: 13759045.611
[1,   780] loss: 13611801.980
[1,   800] loss: 13663031.803
[1,   820] loss: 13574565.916
[1,   840] loss: 13603599.890
[1,   860] loss: 13751442.144
[1,   880] loss: 13820114.665
[1,   900] loss: 14124011.949
[1,   920] loss: 14559526.210
[1,   940] loss: 14923179.809
[1,   960] loss: 14916618.614
[1,   980] loss: 14810725.599
[1,  1000] loss: 14665440.708
[1,  1020] loss: 14408080.754
[1,  1040] loss: 14140940.773
[1,  1060] loss: 13885085.642
[1,  1080] loss: 13648432.129
[1,  1100] loss: 13412027.340
[1,  1120] loss: 13173899.821
[1,  1140] loss: 12965701.959
[1,  1160] loss: 12864032.737
[1,  1180] loss: 12750454.488
[1,  1200] loss: 12604254.922
[1,  1220] loss: 12416070.237
[1,  1240] loss: 12246114.884
[1,  1260] loss: 12087992.373
[1,  1280] loss: 11944709.839
[1,  1300] loss: 12014718.998
[1,  1320] loss: 11898083.075
[1,  1340] loss: 11726320.730
[1,  1360] loss: 11586149.114
[1,  1380] loss: 11444813.578
[1,  1400] loss: 11285440.211
[1,  1420] loss: 11132814.352
[1,  1440] loss: 10994064.357
[1,  1460] loss: 10869978.803
[1,  1480] loss: 10735501.258
[1,  1500] loss: 10637920.074
[1,  1520] loss: 10629856.882
[1,  1540] loss: 10607367.443
[1,  1560] loss: 10560811.570
[1,  1580] loss: 10464364.049
[1,  1600] loss: 10411000.142
[1,  1620] loss: 10326447.189
[1,  1640] loss: 10246669.019
[1,  1660] loss: 10129886.834
[1,  1680] loss: 10015341.290
[1,  1700] loss: 9937218.516
[1,  1720] loss: 9838217.878
[1,  1740] loss: 9761073.409
[1,  1760] loss: 9687012.595
[1,  1780] loss: 9604044.109
[1,  1800] loss: 9504283.324
[1,  1820] loss: 9408176.612
[1,  1840] loss: 9307948.854
[1,  1860] loss: 9212298.306
[1,  1880] loss: 9117221.376
[1,  1900] loss: 9022353.209
[1,  1920] loss: 8931932.863
[1,  1940] loss: 8841406.639
[1,  1960] loss: 8752286.142
[1,  1980] loss: 8687667.432
[1,  2000] loss: 8614299.088
[1,  2020] loss: 8553522.687
[1,  2040] loss: 8470782.672
[1,  2060] loss: 8388978.361
[1,  2080] loss: 8309603.771
[1,  2100] loss: 8231323.976
[1,  2120] loss: 8157628.299
[1,  2140] loss: 8086588.719
[1,  2160] loss: 8014875.660
[1,  2180] loss: 7942471.966
[1,  2200] loss: 7879880.342
[1,  2220] loss: 7878251.154
[1,  2240] loss: 7819641.678
[1,  2260] loss: 7807078.883
[1,  2280] loss: 7803308.629
[1,  2300] loss: 7743176.142
[1,  2320] loss: 7685462.137
[1,  2340] loss: 7635112.241
[1,  2360] loss: 7822449.897
[1,  2380] loss: 7925035.571
[1,  2400] loss: 7956365.077
[1,  2420] loss: 7944797.921
[1,  2440] loss: 7884780.722
[1,  2460] loss: 7826824.469
[1,  2480] loss: 7780025.527
[1,  2500] loss: 7807376.466
[1,  2520] loss: 7818738.194
[1,  2540] loss: 7764432.941
[1,  2560] loss: 7705240.052
[1,  2580] loss: 7649535.332
[1,  2600] loss: 7609932.718
[1,  2620] loss: 7571419.924
[1,  2640] loss: 7522972.299
[1,  2660] loss: 7487060.561
[1,  2680] loss: 7468844.189
[1,  2700] loss: 7423478.999
[1,  2720] loss: 7371321.781
[1,  2740] loss: 7337063.026
[1,  2760] loss: 7292779.665
[1,  2780] loss: 7263594.720
[1,  2800] loss: 7256737.891
[1,  2820] loss: 7253206.373
[1,  2840] loss: 7209061.080
[1,  2860] loss: 7179919.262
[1,  2880] loss: 7143999.804
[1,  2900] loss: 7106489.816
[1,  2920] loss: 7067209.981
[1,  2940] loss: 7041131.530
[1,  2960] loss: 6999633.562
[1,  2980] loss: 6969865.616
[1,  3000] loss: 6926609.613
[1,  3020] loss: 6893391.841
[1,  3040] loss: 6903654.233
[1,  3060] loss: 6904438.032
[1,  3080] loss: 6877306.356
[1,  3100] loss: 6838261.967
[1,  3120] loss: 6796166.732
[1,  3140] loss: 6771974.913
[1,  3160] loss: 6782339.225
[1,  3180] loss: 6846838.415
[1,  3200] loss: 6919743.331
[1,  3220] loss: 6995115.458
[1,  3240] loss: 7003992.706
[1,  3260] loss: 6972352.786
[1,  3280] loss: 6958840.767
[1,  3300] loss: 6938938.134
[1,  3320] loss: 6906069.733
[1,  3340] loss: 6928682.016
[1,  3360] loss: 6955024.794
[2,    20] loss: 5739310.121
[2,    40] loss: 7703221.362
[2,    60] loss: 6532614.806
[2,    80] loss: 5949731.575
[2,   100] loss: 7738389.793
[2,   120] loss: 8324296.790
[2,   140] loss: 7657533.467
[2,   160] loss: 8709640.792
[2,   180] loss: 9634752.484
[2,   200] loss: 9471861.682
[2,   220] loss: 10047119.219
[2,   240] loss: 10734813.365
[2,   260] loss: 10411679.268
[2,   280] loss: 10301390.524
[2,   300] loss: 9853934.131
[2,   320] loss: 9529548.653
[2,   340] loss: 9859623.225
[2,   360] loss: 9997635.395
[2,   380] loss: 9885743.950
[2,   400] loss: 9911742.700
[2,   420] loss: 9813101.800
[2,   440] loss: 9836994.177
[2,   460] loss: 10031056.458
[2,   480] loss: 10762774.247
[2,   500] loss: 11647231.090
[2,   520] loss: 13057766.232
[2,   540] loss: 15303664.464
[2,   560] loss: 16447973.871
[2,   580] loss: 16710410.399
[2,   600] loss: 16271657.121
[2,   620] loss: 15912321.006
[2,   640] loss: 15540228.269
[2,   660] loss: 15081100.611
[2,   680] loss: 14694510.535
[2,   700] loss: 14359654.045
[2,   720] loss: 14038318.153
[2,   740] loss: 13865424.246
[2,   760] loss: 13759045.611
[2,   780] loss: 13611801.980
[2,   800] loss: 13663031.803
[2,   820] loss: 13574565.916
[2,   840] loss: 13603599.890
[2,   860] loss: 13751442.144
[2,   880] loss: 13820114.665
[2,   900] loss: 14124011.949
[2,   920] loss: 14559526.210
[2,   940] loss: 14923179.809
[2,   960] loss: 14916618.614
[2,   980] loss: 14810725.599
[2,  1000] loss: 14665440.708
[2,  1020] loss: 14408080.754
[2,  1040] loss: 14140940.773
[2,  1060] loss: 13885085.642
[2,  1080] loss: 13648432.129
[2,  1100] loss: 13412027.340
[2,  1120] loss: 13173899.821
[2,  1140] loss: 12965701.959
[2,  1160] loss: 12864032.737
[2,  1180] loss: 12750454.488
[2,  1200] loss: 12604254.922
[2,  1220] loss: 12416070.237
[2,  1240] loss: 12246114.884
[2,  1260] loss: 12087992.373
[2,  1280] loss: 11944709.839
[2,  1300] loss: 12014718.998
[2,  1320] loss: 11898083.075
[2,  1340] loss: 11726320.730
[2,  1360] loss: 11586149.114
[2,  1380] loss: 11444813.578
[2,  1400] loss: 11285440.211
[2,  1420] loss: 11132814.352
[2,  1440] loss: 10994064.357
[2,  1460] loss: 10869978.803
[2,  1480] loss: 10735501.258
[2,  1500] loss: 10637920.074
[2,  1520] loss: 10629856.882
[2,  1540] loss: 10607367.443
[2,  1560] loss: 10560811.570
[2,  1580] loss: 10464364.049
[2,  1600] loss: 10411000.142
[2,  1620] loss: 10326447.189
[2,  1640] loss: 10246669.019
[2,  1660] loss: 10129886.834
[2,  1680] loss: 10015341.290
[2,  1700] loss: 9937218.516
[2,  1720] loss: 9838217.878
[2,  1740] loss: 9761073.409
[2,  1760] loss: 9687012.595
[2,  1780] loss: 9604044.109
[2,  1800] loss: 9504283.324
[2,  1820] loss: 9408176.612
[2,  1840] loss: 9307948.854
[2,  1860] loss: 9212298.306
[2,  1880] loss: 9117221.376
[2,  1900] loss: 9022353.209
[2,  1920] loss: 8931932.863
[2,  1940] loss: 8841406.639
[2,  1960] loss: 8752286.142
[2,  1980] loss: 8687667.432
[2,  2000] loss: 8614299.088
[2,  2020] loss: 8553522.687
[2,  2040] loss: 8470782.672
[2,  2060] loss: 8388978.361
[2,  2080] loss: 8309603.771
[2,  2100] loss: 8231323.976
[2,  2120] loss: 8157628.299
[2,  2140] loss: 8086588.719
[2,  2160] loss: 8014875.660
[2,  2180] loss: 7942471.966
[2,  2200] loss: 7879880.342
[2,  2220] loss: 7878251.154
[2,  2240] loss: 7819641.678
[2,  2260] loss: 7807078.883
[2,  2280] loss: 7803308.629
[2,  2300] loss: 7743176.142
[2,  2320] loss: 7685462.137
[2,  2340] loss: 7635112.241
[2,  2360] loss: 7822449.897
[2,  2380] loss: 7925035.571
[2,  2400] loss: 7956365.077
[2,  2420] loss: 7944797.921
[2,  2440] loss: 7884780.722
[2,  2460] loss: 7826824.469
[2,  2480] loss: 7780025.527
[2,  2500] loss: 7807376.466
[2,  2520] loss: 7818738.194
[2,  2540] loss: 7764432.941
[2,  2560] loss: 7705240.052
[2,  2580] loss: 7649535.332
[2,  2600] loss: 7609932.718
[2,  2620] loss: 7571419.924
[2,  2640] loss: 7522972.299
[2,  2660] loss: 7487060.561
[2,  2680] loss: 7468844.189
[2,  2700] loss: 7423478.999
[2,  2720] loss: 7371321.781
[2,  2740] loss: 7337063.026
[2,  2760] loss: 7292779.665
[2,  2780] loss: 7263594.720
[2,  2800] loss: 7256737.891
[2,  2820] loss: 7253206.373
[2,  2840] loss: 7209061.080
[2,  2860] loss: 7179919.262
[2,  2880] loss: 7143999.804
[2,  2900] loss: 7106489.816
[2,  2920] loss: 7067209.981
[2,  2940] loss: 7041131.530
[2,  2960] loss: 6999633.562
[2,  2980] loss: 6969865.616
[2,  3000] loss: 6926609.613
[2,  3020] loss: 6893391.841
[2,  3040] loss: 6903654.233
[2,  3060] loss: 6904438.032
[2,  3080] loss: 6877306.356
[2,  3100] loss: 6838261.967
[2,  3120] loss: 6796166.732
[2,  3140] loss: 6771974.913
[2,  3160] loss: 6782339.225
[2,  3180] loss: 6846838.415
[2,  3200] loss: 6919743.331
[2,  3220] loss: 6995115.458
[2,  3240] loss: 7003992.706
[2,  3260] loss: 6972352.786
[2,  3280] loss: 6958840.767
[2,  3300] loss: 6938938.134
[2,  3320] loss: 6906069.733
[2,  3340] loss: 6928682.016
[2,  3360] loss: 6955024.794
