cuda:  5
color_space: RGB
batch_size: 1
num_epcochs: 2
learning_rate: 0.003
[1,    20] loss: 18.487
[1,    40] loss: 397.781
[1,    60] loss: 95.667
[1,    80] loss: 10.868
[1,   100] loss: 0.782
[1,   120] loss: 0.518
[1,   140] loss: 0.058
[1,   160] loss: 0.177
[1,   180] loss: 0.082
[1,   200] loss: 0.087
[1,   220] loss: 0.027
[1,   240] loss: 0.065
[1,   260] loss: 0.046
[1,   280] loss: 0.037
[1,   300] loss: 0.027
[1,   320] loss: 0.056
[1,   340] loss: 0.030
[1,   360] loss: 0.118
[1,   380] loss: 0.093
[1,   400] loss: 0.054
[1,   420] loss: 0.025
[1,   440] loss: 0.082
[1,   460] loss: 0.067
[1,   480] loss: 0.032
[1,   500] loss: 0.095
[1,   520] loss: 0.046
[1,   540] loss: 0.050
[1,   560] loss: 0.051
[1,   580] loss: 0.047
[1,   600] loss: 0.065
[1,   620] loss: 0.042
[1,   640] loss: 0.100
[1,   660] loss: 0.215
[1,   680] loss: 0.218
[1,   700] loss: 0.090
[1,   720] loss: 0.023
[1,   740] loss: 0.064
[1,   760] loss: 0.147
[1,   780] loss: 0.042
[1,   800] loss: 0.131
[1,   820] loss: 0.075
[1,   840] loss: 0.105
[1,   860] loss: 0.043
[1,   880] loss: 0.042
[1,   900] loss: 0.036
[1,   920] loss: 0.023
[1,   940] loss: 0.037
[1,   960] loss: 0.080
[1,   980] loss: 0.043
[1,  1000] loss: 0.044
[1,  1020] loss: 0.110
[1,  1040] loss: 0.149
[1,  1060] loss: 0.020
[1,  1080] loss: 0.046
[1,  1100] loss: 0.046
[1,  1120] loss: 0.058
[1,  1140] loss: 0.071
[1,  1160] loss: 0.122
[1,  1180] loss: 0.035
[1,  1200] loss: 0.034
[1,  1220] loss: 0.010
[1,  1240] loss: 0.059
[1,  1260] loss: 0.231
[1,  1280] loss: 0.131
[1,  1300] loss: 0.128
[1,  1320] loss: 0.030
[1,  1340] loss: 0.055
[1,  1360] loss: 0.191
[1,  1380] loss: 0.106
[1,  1400] loss: 0.064
[1,  1420] loss: 0.066
[1,  1440] loss: 0.044
[1,  1460] loss: 0.235
[1,  1480] loss: 0.054
[1,  1500] loss: 0.025
[1,  1520] loss: 0.155
[1,  1540] loss: 0.056
[1,  1560] loss: 0.021
[1,  1580] loss: 0.178
[1,  1600] loss: 0.061
[1,  1620] loss: 0.056
[1,  1640] loss: 0.052
[1,  1660] loss: 0.119
[1,  1680] loss: 0.125
[1,  1700] loss: 0.097
[1,  1720] loss: 0.082
[1,  1740] loss: 0.116
[1,  1760] loss: 0.060
[1,  1780] loss: 0.043
[1,  1800] loss: 0.118
[1,  1820] loss: 0.035
[1,  1840] loss: 0.171
[1,  1860] loss: 0.170
[1,  1880] loss: 0.046
[1,  1900] loss: 0.067
[1,  1920] loss: 0.078
[1,  1940] loss: 0.092
[1,  1960] loss: 0.069
[1,  1980] loss: 0.029
[1,  2000] loss: 0.038
[1,  2020] loss: 0.040
[1,  2040] loss: 0.033
[1,  2060] loss: 0.041
[1,  2080] loss: 0.034
[1,  2100] loss: 0.047
[1,  2120] loss: 0.164
[1,  2140] loss: 0.035
[1,  2160] loss: 0.025
[1,  2180] loss: 0.123
[1,  2200] loss: 0.211
[1,  2220] loss: 0.034
[1,  2240] loss: 0.083
[1,  2260] loss: 0.051
[1,  2280] loss: 0.125
[1,  2300] loss: 0.075
[1,  2320] loss: 0.032
[1,  2340] loss: 0.060
[1,  2360] loss: 0.062
[1,  2380] loss: 0.027
[1,  2400] loss: 0.068
[1,  2420] loss: 0.104
[1,  2440] loss: 0.238
[1,  2460] loss: 0.039
[1,  2480] loss: 0.125
[1,  2500] loss: 0.018
[1,  2520] loss: 0.074
[1,  2540] loss: 0.055
[1,  2560] loss: 0.046
[1,  2580] loss: 0.038
[1,  2600] loss: 0.120
[1,  2620] loss: 0.025
[1,  2640] loss: 0.044
[1,  2660] loss: 0.091
[1,  2680] loss: 0.053
[1,  2700] loss: 0.063
[1,  2720] loss: 0.078
[1,  2740] loss: 0.024
[1,  2760] loss: 0.104
[1,  2780] loss: 0.113
[1,  2800] loss: 0.013
[1,  2820] loss: 0.065
[1,  2840] loss: 0.046
[1,  2860] loss: 0.177
[1,  2880] loss: 0.039
[1,  2900] loss: 0.042
[1,  2920] loss: 0.076
[1,  2940] loss: 0.144
[1,  2960] loss: 0.035
[1,  2980] loss: 0.021
[1,  3000] loss: 0.162
[1,  3020] loss: 0.014
[1,  3040] loss: 0.126
[1,  3060] loss: 0.009
[1,  3080] loss: 0.065
[1,  3100] loss: 0.243
[1,  3120] loss: 0.020
[1,  3140] loss: 0.043
[1,  3160] loss: 0.071
[1,  3180] loss: 0.057
[1,  3200] loss: 0.099
[1,  3220] loss: 0.050
[1,  3240] loss: 0.077
[1,  3260] loss: 0.045
[1,  3280] loss: 0.065
[1,  3300] loss: 0.028
[1,  3320] loss: 0.030
[1,  3340] loss: 0.015
[1,  3360] loss: 0.099
[1,  3380] loss: 0.027
[1,  3400] loss: 0.099
[1,  3420] loss: 0.016
[1,  3440] loss: 0.056
[1,  3460] loss: 0.020
[1,  3480] loss: 0.041
[1,  3500] loss: 0.056
[1,  3520] loss: 0.127
[1,  3540] loss: 0.165
[1,  3560] loss: 0.041
[1,  3580] loss: 0.145
[1,  3600] loss: 0.094
[1,  3620] loss: 0.071
[1,  3640] loss: 0.069
[1,  3660] loss: 0.203
[1,  3680] loss: 0.109
[1,  3700] loss: 0.104
[1,  3720] loss: 0.127
[1,  3740] loss: 0.032
[1,  3760] loss: 0.121
[1,  3780] loss: 0.060
[1,  3800] loss: 0.046
[1,  3820] loss: 0.090
[1,  3840] loss: 0.159
[1,  3860] loss: 0.109
[1,  3880] loss: 0.077
[1,  3900] loss: 0.062
[1,  3920] loss: 0.099
[1,  3940] loss: 0.067
[1,  3960] loss: 0.135
[1,  3980] loss: 0.025
[1,  4000] loss: 0.111
[1,  4020] loss: 0.064
[1,  4040] loss: 0.090
[1,  4060] loss: 0.015
[1,  4080] loss: 0.070
[1,  4100] loss: 0.166
[1,  4120] loss: 0.041
[1,  4140] loss: 0.017
[1,  4160] loss: 0.155
[1,  4180] loss: 0.032
[1,  4200] loss: 0.032
[1,  4220] loss: 0.142
[1,  4240] loss: 0.234
[1,  4260] loss: 0.035
[1,  4280] loss: 0.110
[1,  4300] loss: 0.051
[1,  4320] loss: 0.055
[1,  4340] loss: 0.088
[1,  4360] loss: 0.058
[1,  4380] loss: 0.052
[1,  4400] loss: 0.024
[1,  4420] loss: 0.028
[1,  4440] loss: 0.064
[1,  4460] loss: 0.091
[1,  4480] loss: 0.112
[1,  4500] loss: 0.042
[1,  4520] loss: 0.068
[1,  4540] loss: 0.053
[1,  4560] loss: 0.087
[1,  4580] loss: 0.068
[1,  4600] loss: 0.102
[1,  4620] loss: 0.053
[1,  4640] loss: 0.092
[1,  4660] loss: 0.084
[1,  4680] loss: 0.049
[1,  4700] loss: 0.113
[1,  4720] loss: 0.262
[1,  4740] loss: 0.101
[1,  4760] loss: 0.075
[1,  4780] loss: 0.096
[1,  4800] loss: 0.038
[1,  4820] loss: 0.107
[1,  4840] loss: 0.242
[1,  4860] loss: 0.044
[1,  4880] loss: 0.207
[1,  4900] loss: 0.040
[1,  4920] loss: 0.031
[1,  4940] loss: 0.235
[1,  4960] loss: 0.098
[1,  4980] loss: 0.023
[1,  5000] loss: 0.101
[1,  5020] loss: 0.059
[1,  5040] loss: 0.069
[1,  5060] loss: 0.138
[1,  5080] loss: 0.041
[1,  5100] loss: 0.048
[1,  5120] loss: 0.080
[1,  5140] loss: 0.179
[1,  5160] loss: 0.040
[1,  5180] loss: 0.040
[1,  5200] loss: 0.055
[1,  5220] loss: 0.037
[1,  5240] loss: 0.316
[1,  5260] loss: 0.104
[1,  5280] loss: 0.074
[1,  5300] loss: 0.050
[1,  5320] loss: 0.094
[1,  5340] loss: 0.027
[1,  5360] loss: 0.211
[1,  5380] loss: 0.053
[1,  5400] loss: 0.052
[1,  5420] loss: 0.066
[1,  5440] loss: 0.072
[1,  5460] loss: 0.016
[1,  5480] loss: 0.054
[1,  5500] loss: 0.030
[1,  5520] loss: 0.046
[1,  5540] loss: 0.053
[1,  5560] loss: 0.169
[1,  5580] loss: 0.082
[1,  5600] loss: 0.044
[1,  5620] loss: 0.099
[1,  5640] loss: 0.135
[1,  5660] loss: 0.020
[1,  5680] loss: 0.028
[1,  5700] loss: 0.051
[1,  5720] loss: 0.208
[1,  5740] loss: 0.031
[1,  5760] loss: 0.070
[1,  5780] loss: 0.058
[1,  5800] loss: 0.221
[1,  5820] loss: 0.094
[1,  5840] loss: 0.056
[1,  5860] loss: 0.168
[1,  5880] loss: 0.092
[1,  5900] loss: 0.069
[1,  5920] loss: 0.039
[1,  5940] loss: 0.084
[1,  5960] loss: 0.052
[1,  5980] loss: 0.051
[1,  6000] loss: 0.105
[1,  6020] loss: 0.047
[1,  6040] loss: 0.131
[1,  6060] loss: 0.155
[1,  6080] loss: 0.037
[1,  6100] loss: 0.057
[1,  6120] loss: 0.202
[1,  6140] loss: 0.080
[1,  6160] loss: 0.055
[1,  6180] loss: 0.199
[1,  6200] loss: 0.075
[1,  6220] loss: 0.105
[1,  6240] loss: 0.136
[1,  6260] loss: 0.045
[1,  6280] loss: 0.143
[1,  6300] loss: 0.235
[1,  6320] loss: 0.040
[1,  6340] loss: 0.062
[1,  6360] loss: 0.133
[1,  6380] loss: 0.060
[1,  6400] loss: 0.019
[1,  6420] loss: 0.030
[1,  6440] loss: 0.043
[1,  6460] loss: 0.063
[1,  6480] loss: 0.026
[1,  6500] loss: 0.213
[1,  6520] loss: 0.209
[1,  6540] loss: 0.024
[1,  6560] loss: 0.056
[1,  6580] loss: 0.067
[1,  6600] loss: 0.106
[1,  6620] loss: 0.041
[1,  6640] loss: 0.044
[1,  6660] loss: 0.028
[1,  6680] loss: 0.056
[1,  6700] loss: 0.102
[1,  6720] loss: 0.111
[1,  6740] loss: 0.036
[1,  6760] loss: 0.079
[1,  6780] loss: 0.023
[1,  6800] loss: 0.131
[1,  6820] loss: 0.048
[1,  6840] loss: 0.140
[1,  6860] loss: 0.041
[1,  6880] loss: 0.106
[1,  6900] loss: 0.072
[1,  6920] loss: 0.056
[1,  6940] loss: 0.071
[1,  6960] loss: 0.026
[1,  6980] loss: 0.063
[1,  7000] loss: 0.067
[1,  7020] loss: 0.056
[1,  7040] loss: 0.224
[1,  7060] loss: 0.055
[1,  7080] loss: 0.143
[1,  7100] loss: 0.107
[1,  7120] loss: 0.143
[1,  7140] loss: 0.043
[1,  7160] loss: 0.053
[1,  7180] loss: 0.119
[1,  7200] loss: 0.053
[1,  7220] loss: 0.096
[1,  7240] loss: 0.034
[1,  7260] loss: 0.083
[1,  7280] loss: 0.050
[1,  7300] loss: 0.162
[1,  7320] loss: 0.031
[1,  7340] loss: 0.089
[1,  7360] loss: 0.060
[1,  7380] loss: 0.054
[1,  7400] loss: 0.093
[1,  7420] loss: 0.143
[1,  7440] loss: 0.033
[1,  7460] loss: 0.045
[1,  7480] loss: 0.226
[1,  7500] loss: 0.047
[1,  7520] loss: 0.238
[1,  7540] loss: 0.147
[1,  7560] loss: 0.051
[1,  7580] loss: 0.103
[1,  7600] loss: 0.041
[1,  7620] loss: 0.057
[1,  7640] loss: 0.030
[1,  7660] loss: 0.202
[1,  7680] loss: 0.075
[1,  7700] loss: 0.047
[1,  7720] loss: 0.200
[1,  7740] loss: 0.047
[1,  7760] loss: 0.099
[1,  7780] loss: 0.142
[1,  7800] loss: 0.044
[1,  7820] loss: 0.044
[1,  7840] loss: 0.068
[1,  7860] loss: 0.017
[1,  7880] loss: 0.061
[1,  7900] loss: 0.207
[1,  7920] loss: 0.020
[1,  7940] loss: 0.053
[1,  7960] loss: 0.074
[1,  7980] loss: 0.058
[1,  8000] loss: 0.029
[1,  8020] loss: 0.025
[1,  8040] loss: 0.047
[1,  8060] loss: 0.197
[1,  8080] loss: 0.037
[1,  8100] loss: 0.086
[1,  8120] loss: 0.204
[1,  8140] loss: 0.227
[1,  8160] loss: 0.043
[1,  8180] loss: 0.095
[1,  8200] loss: 0.018
[1,  8220] loss: 0.025
[1,  8240] loss: 0.081
[1,  8260] loss: 0.051
[1,  8280] loss: 0.088
[1,  8300] loss: 0.079
[1,  8320] loss: 0.079
[1,  8340] loss: 0.146
[1,  8360] loss: 0.017
[1,  8380] loss: 0.134
[1,  8400] loss: 0.105
[1,  8420] loss: 0.084
[1,  8440] loss: 0.071
[1,  8460] loss: 0.057
[1,  8480] loss: 0.207
[1,  8500] loss: 0.040
[1,  8520] loss: 0.038
[1,  8540] loss: 0.032
[1,  8560] loss: 0.079
[1,  8580] loss: 0.036
[1,  8600] loss: 0.330
[1,  8620] loss: 0.049
[1,  8640] loss: 0.159
[1,  8660] loss: 0.105
[1,  8680] loss: 0.292
[1,  8700] loss: 0.109
[1,  8720] loss: 0.079
[1,  8740] loss: 0.049
[1,  8760] loss: 0.161
[1,  8780] loss: 0.120
[1,  8800] loss: 0.033
[1,  8820] loss: 0.028
[1,  8840] loss: 0.157
[1,  8860] loss: 0.082
[1,  8880] loss: 0.179
[1,  8900] loss: 0.085
[1,  8920] loss: 0.018
[1,  8940] loss: 0.093
[1,  8960] loss: 0.208
[1,  8980] loss: 0.029
[1,  9000] loss: 0.095
[1,  9020] loss: 0.155
[1,  9040] loss: 0.048
[1,  9060] loss: 0.022
[1,  9080] loss: 0.020
[1,  9100] loss: 0.049
[1,  9120] loss: 0.108
[1,  9140] loss: 0.118
[1,  9160] loss: 0.073
[1,  9180] loss: 0.028
[1,  9200] loss: 0.129
[1,  9220] loss: 0.045
[1,  9240] loss: 0.050
[1,  9260] loss: 0.088
[1,  9280] loss: 0.038
[1,  9300] loss: 0.065
[1,  9320] loss: 0.271
[1,  9340] loss: 0.183
[1,  9360] loss: 0.116
[1,  9380] loss: 0.048
[1,  9400] loss: 0.029
[1,  9420] loss: 0.211
[1,  9440] loss: 0.034
[1,  9460] loss: 0.083
[1,  9480] loss: 0.107
[1,  9500] loss: 0.146
[1,  9520] loss: 0.021
[1,  9540] loss: 0.078
[1,  9560] loss: 0.091
[1,  9580] loss: 0.053
[1,  9600] loss: 0.143
[1,  9620] loss: 0.030
[1,  9640] loss: 0.077
[1,  9660] loss: 0.071
[1,  9680] loss: 0.115
[1,  9700] loss: 0.022
[1,  9720] loss: 0.063
[1,  9740] loss: 0.097
[1,  9760] loss: 0.012
[1,  9780] loss: 0.318
[1,  9800] loss: 0.026
[1,  9820] loss: 0.058
[1,  9840] loss: 0.040
[1,  9860] loss: 0.034
[1,  9880] loss: 0.276
[1,  9900] loss: 0.074
[1,  9920] loss: 0.101
[1,  9940] loss: 0.101
[1,  9960] loss: 0.057
[1,  9980] loss: 0.062
[1, 10000] loss: 0.071
[1, 10020] loss: 0.037
[1, 10040] loss: 0.127
[1, 10060] loss: 0.074
[1, 10080] loss: 0.206
[1, 10100] loss: 0.219
[1, 10120] loss: 0.091
[1, 10140] loss: 0.026
[1, 10160] loss: 0.037
[1, 10180] loss: 0.193
[1, 10200] loss: 0.136
[1, 10220] loss: 0.137
[1, 10240] loss: 0.051
[1, 10260] loss: 0.084
[1, 10280] loss: 0.058
[1, 10300] loss: 0.036
[1, 10320] loss: 0.287
[1, 10340] loss: 0.069
[1, 10360] loss: 0.335
[1, 10380] loss: 0.201
[1, 10400] loss: 0.080
[1, 10420] loss: 0.092
[1, 10440] loss: 0.020
[1, 10460] loss: 0.036
[1, 10480] loss: 0.102
[1, 10500] loss: 0.226
[1, 10520] loss: 0.029
[1, 10540] loss: 0.043
[1, 10560] loss: 0.178
[1, 10580] loss: 0.093
[1, 10600] loss: 0.097
[1, 10620] loss: 0.156
[1, 10640] loss: 0.031
[1, 10660] loss: 0.057
[1, 10680] loss: 0.126
[1, 10700] loss: 0.086
[1, 10720] loss: 0.157
[1, 10740] loss: 0.071
[1, 10760] loss: 0.171
[1, 10780] loss: 0.066
[1, 10800] loss: 0.117
[1, 10820] loss: 0.052
[1, 10840] loss: 0.069
[1, 10860] loss: 0.047
[1, 10880] loss: 0.040
[1, 10900] loss: 0.032
[1, 10920] loss: 0.057
[1, 10940] loss: 0.019
[1, 10960] loss: 0.132
[1, 10980] loss: 0.177
[1, 11000] loss: 0.051
[1, 11020] loss: 0.056
[1, 11040] loss: 0.046
[1, 11060] loss: 0.088
[1, 11080] loss: 0.032
[1, 11100] loss: 0.123
[1, 11120] loss: 0.061
[1, 11140] loss: 0.069
[1, 11160] loss: 0.029
[1, 11180] loss: 0.037
[1, 11200] loss: 0.030
[1, 11220] loss: 0.087
[1, 11240] loss: 0.087
[1, 11260] loss: 0.065
[1, 11280] loss: 0.102
[1, 11300] loss: 0.058
[1, 11320] loss: 0.090
[1, 11340] loss: 0.131
[1, 11360] loss: 0.086
[1, 11380] loss: 0.218
[1, 11400] loss: 0.164
[1, 11420] loss: 0.038
[1, 11440] loss: 0.024
[1, 11460] loss: 0.039
[1, 11480] loss: 0.153
[1, 11500] loss: 0.095
[1, 11520] loss: 0.030
[1, 11540] loss: 0.027
[1, 11560] loss: 0.136
[1, 11580] loss: 0.119
[1, 11600] loss: 0.088
[1, 11620] loss: 0.049
[1, 11640] loss: 0.231
[1, 11660] loss: 0.022
[1, 11680] loss: 0.173
[1, 11700] loss: 0.038
[1, 11720] loss: 0.294
[1, 11740] loss: 0.108
[1, 11760] loss: 0.088
[1, 11780] loss: 0.076
[1, 11800] loss: 0.012
[1, 11820] loss: 0.191
[1, 11840] loss: 0.063
[1, 11860] loss: 0.052
[1, 11880] loss: 0.075
[1, 11900] loss: 0.026
[1, 11920] loss: 0.075
[1, 11940] loss: 0.040
[1, 11960] loss: 0.044
[1, 11980] loss: 0.096
[1, 12000] loss: 0.038
[1, 12020] loss: 0.129
[1, 12040] loss: 0.057
[1, 12060] loss: 0.049
[1, 12080] loss: 0.019
[1, 12100] loss: 0.025
[1, 12120] loss: 0.027
[1, 12140] loss: 0.109
[1, 12160] loss: 0.053
[1, 12180] loss: 0.223
[1, 12200] loss: 0.094
[1, 12220] loss: 0.086
[1, 12240] loss: 0.059
[1, 12260] loss: 0.167
[1, 12280] loss: 0.103
[1, 12300] loss: 0.198
[1, 12320] loss: 0.193
[1, 12340] loss: 586117809.288
[1, 12360] loss: 13270995322671.307
[1, 12380] loss: 57508898830028.797
[1, 12400] loss: 7344819536614.400
[1, 12420] loss: 545418477348.600
[1, 12440] loss: 88228154534.400
[1, 12460] loss: 18259957855.200
[1, 12480] loss: 13902980645.038
[1, 12500] loss: 7803181951.889
[1, 12520] loss: 6623043924.175
[1, 12540] loss: 14028589571.200
[1, 12560] loss: 10928216072.600
[1, 12580] loss: 8964874432.750
[1, 12600] loss: 4612002893.250
[1, 12620] loss: 4844428835.262
[1, 12640] loss: 2482968496.615
[1, 12660] loss: 9488539853.850
[1, 12680] loss: 5848090970.400
[1, 12700] loss: 5671918906.300
[1, 12720] loss: 5180320992.000
[1, 12740] loss: 3279151776.816
[1, 12760] loss: 1787577351.450
[1, 12780] loss: 1542771333.075
[1, 12800] loss: 2266223451.738
[1, 12820] loss: 2087595259.725
[1, 12840] loss: 1158155446.255
[1, 12860] loss: 2333319012.569
[1, 12880] loss: 2293258750.225
[1, 12900] loss: 1582217693.000
[1, 12920] loss: 1356854071.837
[1, 12940] loss: 1870001310.438
[1, 12960] loss: 1908170119.018
[1, 12980] loss: 2268239851.200
[1, 13000] loss: 2204430025.600
[1, 13020] loss: 1065246292.700
[1, 13040] loss: 1229120515.025
[1, 13060] loss: 928726498.869
[1, 13080] loss: 1469472803.500
[1, 13100] loss: 1269145018.000
[1, 13120] loss: 1533005664.200
[1, 13140] loss: 1160057717.100
[1, 13160] loss: 837896014.000
[1, 13180] loss: 1122713487.200
[1, 13200] loss: 1827878540.000
[1, 13220] loss: 1390006540.132
[1, 13240] loss: 804832322.100
[1, 13260] loss: 2421469403.877
[1, 13280] loss: 1063388957.550
[1, 13300] loss: 593100987.312
[1, 13320] loss: 883212803.950
[1, 13340] loss: 650692623.750
[1, 13360] loss: 814974277.489
[1, 13380] loss: 1079216492.400
[1, 13400] loss: 500160208.049
[1, 13420] loss: 540101765.900
[1, 13440] loss: 534792354.050
[1, 13460] loss: 402992235.450
[1, 13480] loss: 895620159.642
[1, 13500] loss: 452533258.000
[1, 13520] loss: 846805197.069
[1, 13540] loss: 542727474.309
[1, 13560] loss: 462170675.600
[1, 13580] loss: 634355059.400
[1, 13600] loss: 1115182685.950
[1, 13620] loss: 715445667.028
[1, 13640] loss: 599626197.309
[1, 13660] loss: 540858448.623
[1, 13680] loss: 613533661.653
[1, 13700] loss: 483572533.212
[1, 13720] loss: 635115801.538
[1, 13740] loss: 1003191653.101
[1, 13760] loss: 756218731.197
[1, 13780] loss: 764788940.750
[1, 13800] loss: 342771294.144
[1, 13820] loss: 672989379.500
[1, 13840] loss: 576266766.477
[1, 13860] loss: 1533727076.227
[1, 13880] loss: 1064019404.362
[1, 13900] loss: 612078479.325
[1, 13920] loss: 347593358.812
[1, 13940] loss: 482450792.100
[1, 13960] loss: 406010613.087
[1, 13980] loss: 551811993.241
[1, 14000] loss: 327226233.038
[1, 14020] loss: 435784545.350
[1, 14040] loss: 457521110.184
[1, 14060] loss: 188484682.713
[1, 14080] loss: 267272334.941
[1, 14100] loss: 325686111.242
[1, 14120] loss: 314400574.856
[1, 14140] loss: 155859401.084
[1, 14160] loss: 211751803.103
[1, 14180] loss: 458532645.250
[1, 14200] loss: 294087652.457
[1, 14220] loss: 390132738.774
[1, 14240] loss: 381263052.805
[1, 14260] loss: 245248395.656
[1, 14280] loss: 194354075.795
[1, 14300] loss: 218238483.074
[1, 14320] loss: 363903953.361
[1, 14340] loss: 316525186.712
[1, 14360] loss: 603384827.975
[1, 14380] loss: 546089844.666
[1, 14400] loss: 173467468.741
[1, 14420] loss: 136210774.689
[1, 14440] loss: 241901568.406
[1, 14460] loss: 205113263.972
[1, 14480] loss: 584716672.645
[1, 14500] loss: 296788713.137
[1, 14520] loss: 404844637.309
[1, 14540] loss: 395262323.820
[1, 14560] loss: 259499149.529
[1, 14580] loss: 241972790.822
[1, 14600] loss: 351862084.400
[1, 14620] loss: 203935651.938
[1, 14640] loss: 254055900.925
[1, 14660] loss: 397669473.975
[1, 14680] loss: 607805713.800
[1, 14700] loss: 673516638.000
[1, 14720] loss: 415626748.842
[1, 14740] loss: 629765523.709
[1, 14760] loss: 162704549.270
[1, 14780] loss: 228788496.552
[1, 14800] loss: 179298930.175
[1, 14820] loss: 330439842.223
[1, 14840] loss: 130049878.467
[1, 14860] loss: 132662054.323
[1, 14880] loss: 216841481.050
[1, 14900] loss: 193335415.162
[1, 14920] loss: 256135344.338
[1, 14940] loss: 188123754.306
[1, 14960] loss: 195546567.780
[1, 14980] loss: 66947337.099
[1, 15000] loss: 153522504.513
[1, 15020] loss: 263863919.988
[1, 15040] loss: 115262339.672
[1, 15060] loss: 162994885.702
[1, 15080] loss: 220946525.840
[1, 15100] loss: 185460426.661
[1, 15120] loss: 152946460.491
[1, 15140] loss: 134586618.920
[1, 15160] loss: 163055646.175
[1, 15180] loss: 183726937.269
[1, 15200] loss: 267026019.248
[1, 15220] loss: 236615924.750
[1, 15240] loss: 461039417.028
[1, 15260] loss: 238622656.900
[1, 15280] loss: 178202953.203
[1, 15300] loss: 75734661.975
[1, 15320] loss: 191917461.525
[1, 15340] loss: 180611483.116
[1, 15360] loss: 111367230.297
[1, 15380] loss: 114340738.429
[1, 15400] loss: 97962820.420
[1, 15420] loss: 237819812.471
[1, 15440] loss: 219652110.646
[1, 15460] loss: 107246786.109
[1, 15480] loss: 116390459.477
[1, 15500] loss: 130988853.353
[1, 15520] loss: 120917771.952
[1, 15540] loss: 122805701.801
[1, 15560] loss: 64239476.511
[1, 15580] loss: 185041076.104
[1, 15600] loss: 146310487.350
[1, 15620] loss: 111206282.088
[1, 15640] loss: 115366407.572
[1, 15660] loss: 317677289.276
[1, 15680] loss: 232846417.216
[1, 15700] loss: 354186244.225
[1, 15720] loss: 176077422.275
[1, 15740] loss: 354562149.466
[1, 15760] loss: 496255973.322
[1, 15780] loss: 282136144.125
[1, 15800] loss: 234113861.062
[1, 15820] loss: 313882073.269
[1, 15840] loss: 198578115.931
[1, 15860] loss: 221958775.775
[1, 15880] loss: 71409342.659
[1, 15900] loss: 54516817.935
[1, 15920] loss: 73445770.225
[1, 15940] loss: 87562565.850
[1, 15960] loss: 103309831.554
[1, 15980] loss: 152420156.467
[1, 16000] loss: 109145704.662
[1, 16020] loss: 117850275.650
[1, 16040] loss: 109832855.725
[1, 16060] loss: 190745827.052
[1, 16080] loss: 93222528.684
[1, 16100] loss: 151259986.171
[1, 16120] loss: 339760633.469
[1, 16140] loss: 321392422.212
[1, 16160] loss: 943946449.219
[1, 16180] loss: 908452314.244
[1, 16200] loss: 920159712.600
[1, 16220] loss: 205187945.061
[1, 16240] loss: 139913479.950
[1, 16260] loss: 72957867.395
[1, 16280] loss: 94728984.069
[1, 16300] loss: 135929310.900
[1, 16320] loss: 174358937.898
[1, 16340] loss: 172397197.287
[1, 16360] loss: 152832847.252
[1, 16380] loss: 31828077.248
[1, 16400] loss: 88236651.409
[1, 16420] loss: 157655075.253
[1, 16440] loss: 90915022.757
[1, 16460] loss: 49825310.962
[1, 16480] loss: 90405969.362
[1, 16500] loss: 63220529.283
[1, 16520] loss: 165733333.122
[1, 16540] loss: 97635719.013
[1, 16560] loss: 151751260.575
[1, 16580] loss: 122893201.537
[1, 16600] loss: 99627173.818
[1, 16620] loss: 62598269.757
[1, 16640] loss: 70954242.330
[1, 16660] loss: 85434563.089
[1, 16680] loss: 179658902.037
[1, 16700] loss: 85310994.889
[1, 16720] loss: 73493894.173
[1, 16740] loss: 69561208.906
[1, 16760] loss: 219831868.985
[1, 16780] loss: 119499538.097
[1, 16800] loss: 35835056.086
[1, 16820] loss: 65530065.376
[1, 16840] loss: 57121597.981
[1, 16860] loss: 89436272.179
[1, 16880] loss: 120823732.200
[1, 16900] loss: 26077308.183
[1, 16920] loss: 44429855.341
[1, 16940] loss: 107077168.422
[1, 16960] loss: 105847626.412
[1, 16980] loss: 97411454.974
[1, 17000] loss: 173116507.148
[1, 17020] loss: 202048713.629
[1, 17040] loss: 76521261.361
[1, 17060] loss: 206008976.762
[1, 17080] loss: 963784596.862
[1, 17100] loss: 696048680.881
[1, 17120] loss: 322466027.675
[1, 17140] loss: 78872840.473
[1, 17160] loss: 58283250.660
[1, 17180] loss: 94676581.217
[1, 17200] loss: 59134417.176
[1, 17220] loss: 326395124.111
[1, 17240] loss: 370958417.438
[1, 17260] loss: 138878091.240
[1, 17280] loss: 61123085.091
[1, 17300] loss: 43390245.181
[1, 17320] loss: 48765290.859
[1, 17340] loss: 46967364.984
[1, 17360] loss: 97736087.582
[1, 17380] loss: 261300966.250
[1, 17400] loss: 170798226.162
[1, 17420] loss: 62834526.610
[1, 17440] loss: 32136255.295
[1, 17460] loss: 26223690.158
[1, 17480] loss: 23309703.734
[1, 17500] loss: 67794717.599
[1, 17520] loss: 790458439.366
[1, 17540] loss: 452175307.462
[1, 17560] loss: 138481988.468
[1, 17580] loss: 109385054.572
[1, 17600] loss: 656135947.225
[1, 17620] loss: 902963750.725
[1, 17640] loss: 728124702.331
[1, 17660] loss: 108041680.970
[1, 17680] loss: 71261170.977
[1, 17700] loss: 30484143.442
[1, 17720] loss: 15027717.358
[1, 17740] loss: 56776017.380
[1, 17760] loss: 31566381.258
[1, 17780] loss: 22895069.074
[1, 17800] loss: 32332988.726
[1, 17820] loss: 23559569.708
[1, 17840] loss: 39022245.566
[1, 17860] loss: 34673981.575
[1, 17880] loss: 26725691.657
[1, 17900] loss: 51418309.635
[1, 17920] loss: 73351272.854
[1, 17940] loss: 106833605.443
[1, 17960] loss: 85948740.150
[1, 17980] loss: 38945716.337
[1, 18000] loss: 34035004.960
[1, 18020] loss: 11365198.346
[1, 18040] loss: 42329682.326
[1, 18060] loss: 25716158.383
[1, 18080] loss: 38608013.090
[1, 18100] loss: 27731955.548
[1, 18120] loss: 11927590.726
[1, 18140] loss: 55891670.249
[1, 18160] loss: 24351851.999
[1, 18180] loss: 27342437.770
[1, 18200] loss: 68529125.641
[1, 18220] loss: 54367097.809
[1, 18240] loss: 277228051.726
[1, 18260] loss: 347024716.775
[1, 18280] loss: 139421127.885
[1, 18300] loss: 80074408.355
[1, 18320] loss: 49293765.669
[1, 18340] loss: 18098363.927
[1, 18360] loss: 28783782.572
[1, 18380] loss: 5915173.214
[1, 18400] loss: 24377387.996
[1, 18420] loss: 22443884.615
[1, 18440] loss: 68341640.302
[1, 18460] loss: 762108429.581
[1, 18480] loss: 1277049565.425
[1, 18500] loss: 3835436290.512
[1, 18520] loss: 2744242636.350
[1, 18540] loss: 1369869532.296
[1, 18560] loss: 225703572.600
[1, 18580] loss: 89783801.819
[1, 18600] loss: 27769603.413
[1, 18620] loss: 20220533.649
[1, 18640] loss: 23254472.716
[1, 18660] loss: 22275255.748
[1, 18680] loss: 13352586.593
[1, 18700] loss: 30728450.895
[1, 18720] loss: 13216276.562
[1, 18740] loss: 13828199.555
[1, 18760] loss: 6647713.653
[1, 18780] loss: 17104351.328
[1, 18800] loss: 10744405.166
[1, 18820] loss: 18532355.719
[1, 18840] loss: 25106528.662
[1, 18860] loss: 8550813.601
[1, 18880] loss: 7353657.447
[1, 18900] loss: 11118454.686
[1, 18920] loss: 9509681.501
[1, 18940] loss: 6683079.303
[1, 18960] loss: 4428682.791
[1, 18980] loss: 6609352.296
[1, 19000] loss: 5212791.310
[1, 19020] loss: 5011869.953
[1, 19040] loss: 4827770.719
[1, 19060] loss: 4591824.069
[1, 19080] loss: 3613888.855
[1, 19100] loss: 7259741.627
[1, 19120] loss: 4365233.167
[1, 19140] loss: 11065871.779
[1, 19160] loss: 6396513.763
[1, 19180] loss: 9129973.074
[1, 19200] loss: 6398191.616
[1, 19220] loss: 7770248.987
[1, 19240] loss: 7419361.561
[1, 19260] loss: 11936848.329
[1, 19280] loss: 9582569.557
[1, 19300] loss: 7358476.264
[1, 19320] loss: 6474629.788
[1, 19340] loss: 8262165.620
[1, 19360] loss: 7144776.632
[1, 19380] loss: 9923559.829
[1, 19400] loss: 9650968.043
[1, 19420] loss: 3708656.576
[1, 19440] loss: 7284839.797
[1, 19460] loss: 5418818.640
[1, 19480] loss: 3349705.898
[1, 19500] loss: 4088276.994
[1, 19520] loss: 9278447.989
[1, 19540] loss: 6776958.962
[1, 19560] loss: 4615895.568
[1, 19580] loss: 2892445.716
[1, 19600] loss: 4304569.531
[1, 19620] loss: 3374946.896
[1, 19640] loss: 6572178.033
[1, 19660] loss: 17370810.267
[1, 19680] loss: 12149436.785
[1, 19700] loss: 3606173.498
[1, 19720] loss: 4156761.304
[1, 19740] loss: 3750361.808
[1, 19760] loss: 5121686.585
[1, 19780] loss: 7789880.918
[1, 19800] loss: 5752744.438
[1, 19820] loss: 11675265.925
[1, 19840] loss: 10426367.643
[1, 19860] loss: 23921830.141
[1, 19880] loss: 6777393.011
[1, 19900] loss: 3531036.802
[1, 19920] loss: 6733954.879
[1, 19940] loss: 4797381.441
[1, 19960] loss: 5332115.025
[1, 19980] loss: 5560141.681
[1, 20000] loss: 21847664.289
[1, 20020] loss: 16831729.869
[1, 20040] loss: 6565259.109
[1, 20060] loss: 7377865.583
[1, 20080] loss: 4347599.335
[1, 20100] loss: 4315397.009
[1, 20120] loss: 4573990.076
[1, 20140] loss: 4200111.388
[1, 20160] loss: 2777614.597
[1, 20180] loss: 2236262.731
[1, 20200] loss: 3404568.682
[1, 20220] loss: 3029830.623
[1, 20240] loss: 2470890.734
[1, 20260] loss: 7182850.171
[1, 20280] loss: 9551590.588
[1, 20300] loss: 4221825.149
[1, 20320] loss: 11618745.631
[1, 20340] loss: 10150291.529
[1, 20360] loss: 8806415.593
[1, 20380] loss: 8413036.848
[1, 20400] loss: 4905691.884
[1, 20420] loss: 7114743.721
[1, 20440] loss: 11371484.213
[1, 20460] loss: 16477793.232
[1, 20480] loss: 35542868.501
[1, 20500] loss: 10085686.135
[1, 20520] loss: 2707436.254
[1, 20540] loss: 3022316.988
[1, 20560] loss: 5457630.724
[1, 20580] loss: 8217021.893
[1, 20600] loss: 5148093.548
[1, 20620] loss: 4283766.987
[1, 20640] loss: 5178309.551
[1, 20660] loss: 3597216.755
[1, 20680] loss: 5446383.559
[1, 20700] loss: 2918041.290
[1, 20720] loss: 3016353.148
[1, 20740] loss: 6174078.564
[1, 20760] loss: 11907743.894
[1, 20780] loss: 22164388.819
[1, 20800] loss: 7859122.950
[1, 20820] loss: 33741939.151
[1, 20840] loss: 327283773.951
[1, 20860] loss: 96058361.242
[1, 20880] loss: 39998964.121
[1, 20900] loss: 30864300.921
[1, 20920] loss: 13068544.134
[1, 20940] loss: 15407563.187
[1, 20960] loss: 31325282.514
[1, 20980] loss: 5502697.211
[1, 21000] loss: 15277855.219
[1, 21020] loss: 3918271.080
[1, 21040] loss: 13649046.050
[1, 21060] loss: 38340853.187
[1, 21080] loss: 30715357.080
[1, 21100] loss: 19105101.465
[1, 21120] loss: 25540903.093
[1, 21140] loss: 9944166.416
[1, 21160] loss: 1978347.764
[1, 21180] loss: 2639709.642
[1, 21200] loss: 2706418.543
[1, 21220] loss: 4184736.408
[1, 21240] loss: 5936825.369
[1, 21260] loss: 2522854.259
[1, 21280] loss: 3290875.166
[1, 21300] loss: 1906290.126
[1, 21320] loss: 1660191.491
[1, 21340] loss: 3931775.403
[1, 21360] loss: 2026931.551
[1, 21380] loss: 2937748.550
[1, 21400] loss: 2737066.754
[1, 21420] loss: 7172000.879
[1, 21440] loss: 28762169.130
[1, 21460] loss: 12485124.344
[1, 21480] loss: 9376522.274
[1, 21500] loss: 18145614.241
[1, 21520] loss: 9595664.904
[1, 21540] loss: 20704304.104
[1, 21560] loss: 6377860.731
[1, 21580] loss: 8309537.595
[1, 21600] loss: 21500907.438
[1, 21620] loss: 239925222.206
[1, 21640] loss: 119791385.189
[1, 21660] loss: 599116856.987
[1, 21680] loss: 162072932.025
[1, 21700] loss: 42482118.975
[1, 21720] loss: 16569982.187
[1, 21740] loss: 14679747.674
[1, 21760] loss: 10051242.038
[1, 21780] loss: 2523581.244
[1, 21800] loss: 1724215.064
[1, 21820] loss: 1425214.502
[1, 21840] loss: 2340726.338
[1, 21860] loss: 2920610.848
[1, 21880] loss: 1341721.129
[1, 21900] loss: 4631903.082
[1, 21920] loss: 1919315.853
[1, 21940] loss: 2695872.173
[1, 21960] loss: 3579467.587
[1, 21980] loss: 4516523.597
[1, 22000] loss: 2752554.966
[1, 22020] loss: 1946434.295
[1, 22040] loss: 2235710.161
[1, 22060] loss: 2915102.804
[1, 22080] loss: 2772084.563
[1, 22100] loss: 4194257.394
[1, 22120] loss: 2621689.477
[1, 22140] loss: 2219356.108
[1, 22160] loss: 825522.728
[1, 22180] loss: 897477.200
[1, 22200] loss: 1648220.510
[1, 22220] loss: 1431665.118
[1, 22240] loss: 1619648.135
[1, 22260] loss: 1447083.888
[1, 22280] loss: 2696467.681
[1, 22300] loss: 1305542.320
[1, 22320] loss: 3502745.134
[1, 22340] loss: 788296.646
[1, 22360] loss: 997856.277
[1, 22380] loss: 1171129.206
[1, 22400] loss: 3018517.128
[1, 22420] loss: 1004670.282
[1, 22440] loss: 1424678.919
[1, 22460] loss: 2147750.351
[1, 22480] loss: 1009505.123
[1, 22500] loss: 674660.767
[1, 22520] loss: 1271439.845
[1, 22540] loss: 4117156.827
[1, 22560] loss: 1032948.987
[1, 22580] loss: 1111401.110
[1, 22600] loss: 2012993.971
[1, 22620] loss: 1751357.017
[1, 22640] loss: 2354394.626
[1, 22660] loss: 3373216.710
[1, 22680] loss: 1650915.183
[1, 22700] loss: 1307751.465
[1, 22720] loss: 1052425.792
[1, 22740] loss: 748506.819
[1, 22760] loss: 1373284.125
[1, 22780] loss: 565299.044
[1, 22800] loss: 921129.834
[1, 22820] loss: 599773.210
[1, 22840] loss: 1311627.064
[1, 22860] loss: 2049525.443
[1, 22880] loss: 2921370.942
[1, 22900] loss: 1813788.314
[1, 22920] loss: 873117.113
[1, 22940] loss: 479692.340
[1, 22960] loss: 373035.814
[1, 22980] loss: 1189669.024
[1, 23000] loss: 659498.835
[1, 23020] loss: 811928.211
[1, 23040] loss: 1893207.118
[1, 23060] loss: 2764097.022
[1, 23080] loss: 1859059.298
[1, 23100] loss: 1925195.987
[1, 23120] loss: 2833944.101
[1, 23140] loss: 1198813.737
[1, 23160] loss: 1141349.518
[1, 23180] loss: 1162523.594
[1, 23200] loss: 3033537.186
[1, 23220] loss: 4389523.541
[1, 23240] loss: 11420046.020
[1, 23260] loss: 11405670.192
[1, 23280] loss: 2546175.383
[1, 23300] loss: 1228211.851
[1, 23320] loss: 1044700.503
[1, 23340] loss: 1534507.710
[1, 23360] loss: 1830138.440
[1, 23380] loss: 1635339.359
[1, 23400] loss: 783273.388
[1, 23420] loss: 3326362.177
[1, 23440] loss: 2693308.823
[1, 23460] loss: 5338785.486
[1, 23480] loss: 1792775.550
[1, 23500] loss: 1559539.514
[1, 23520] loss: 6008746.835
[1, 23540] loss: 1773825.327
[1, 23560] loss: 1031387.513
[1, 23580] loss: 995568.528
[1, 23600] loss: 1284318.986
[1, 23620] loss: 1738144.766
[1, 23640] loss: 672020.748
[1, 23660] loss: 1835535.656
[1, 23680] loss: 881204.527
[1, 23700] loss: 1092077.569
[1, 23720] loss: 1274654.203
[1, 23740] loss: 1846581.709
[1, 23760] loss: 565335.778
[1, 23780] loss: 2337703.408
[1, 23800] loss: 1213565.791
[1, 23820] loss: 732349.894
[1, 23840] loss: 621314.523
[1, 23860] loss: 797227.182
[1, 23880] loss: 860767.751
[1, 23900] loss: 909563.631
[1, 23920] loss: 1475991.525
[1, 23940] loss: 2406162.800
[1, 23960] loss: 1891261.069
[1, 23980] loss: 6997280.444
[1, 24000] loss: 4068237.000
[1, 24020] loss: 3404846.302
[1, 24040] loss: 7658796.255
[1, 24060] loss: 11051758.308
[1, 24080] loss: 3689970.146
[1, 24100] loss: 2208919.714
[1, 24120] loss: 4212293.703
[1, 24140] loss: 3813693.477
[1, 24160] loss: 581054.128
[1, 24180] loss: 524545.798
[1, 24200] loss: 436765.420
[1, 24220] loss: 664556.976
[1, 24240] loss: 654359.716
[1, 24260] loss: 395145.705
[1, 24280] loss: 330647.308
[1, 24300] loss: 702730.306
[1, 24320] loss: 1777098.492
[1, 24340] loss: 2420726.962
[1, 24360] loss: 533205.245
[1, 24380] loss: 276500.065
[1, 24400] loss: 580634.381
[1, 24420] loss: 1655467.619
[1, 24440] loss: 2734995.582
[1, 24460] loss: 7433320.377
[1, 24480] loss: 5428645.959
[1, 24500] loss: 2395055.314
[1, 24520] loss: 1236555.807
[1, 24540] loss: 2003198.256
[1, 24560] loss: 2077829.293
[1, 24580] loss: 1000135.759
[1, 24600] loss: 3871489.465
[1, 24620] loss: 220055.823
[1, 24640] loss: 221661.718
[1, 24660] loss: 252568.542
[1, 24680] loss: 678010.554
[1, 24700] loss: 371709.231
[1, 24720] loss: 992286.481
[1, 24740] loss: 2342738.458
[1, 24760] loss: 11972453.775
[1, 24780] loss: 37571228.574
[1, 24800] loss: 23233353.875
[1, 24820] loss: 23077332.824
[1, 24840] loss: 13562921.448
[1, 24860] loss: 3755558.251
[1, 24880] loss: 1698651.488
[1, 24900] loss: 1155931.365
[1, 24920] loss: 4580137.511
[1, 24940] loss: 78623076.164
[1, 24960] loss: 103038506.390
[1, 24980] loss: 25278631.991
[1, 25000] loss: 9544174.590
[1, 25020] loss: 2956358.061
[1, 25040] loss: 866074.173
[1, 25060] loss: 375985.806
[1, 25080] loss: 209125.712
[1, 25100] loss: 300832.633
[1, 25120] loss: 247876.938
[1, 25140] loss: 119285.014
[1, 25160] loss: 247159.343
[1, 25180] loss: 276921.923
[1, 25200] loss: 238503.607
[1, 25220] loss: 158504.299
[1, 25240] loss: 138892.986
[1, 25260] loss: 169147.562
[1, 25280] loss: 248440.272
[1, 25300] loss: 271566.716
[1, 25320] loss: 529548.342
[1, 25340] loss: 270347.717
[1, 25360] loss: 188886.607
[1, 25380] loss: 187915.636
[1, 25400] loss: 124886.243
[1, 25420] loss: 124019.843
[1, 25440] loss: 270009.394
[1, 25460] loss: 479672.544
[1, 25480] loss: 263169.307
[1, 25500] loss: 343780.989
[1, 25520] loss: 215875.152
[1, 25540] loss: 229030.048
[1, 25560] loss: 1285932.763
[1, 25580] loss: 1121561.953
[1, 25600] loss: 526514.593
[1, 25620] loss: 403773.023
[1, 25640] loss: 2616473.445
[1, 25660] loss: 7622032.056
[1, 25680] loss: 3087864.670
[1, 25700] loss: 1332274.979
[1, 25720] loss: 228913.138
[1, 25740] loss: 404993.970
[1, 25760] loss: 235445.589
[1, 25780] loss: 313062.494
[1, 25800] loss: 292971.607
[1, 25820] loss: 157865.703
[1, 25840] loss: 181552.740
[1, 25860] loss: 121270.691
[1, 25880] loss: 264259.269
[1, 25900] loss: 99526.699
[1, 25920] loss: 144238.099
[1, 25940] loss: 336562.875
[1, 25960] loss: 137318.891
[1, 25980] loss: 564345.743
[1, 26000] loss: 252621.279
[1, 26020] loss: 1008331.087
[1, 26040] loss: 216491.177
[1, 26060] loss: 230544.638
[1, 26080] loss: 149221.908
[1, 26100] loss: 140841.771
[1, 26120] loss: 114831.568
[1, 26140] loss: 188757.229
[1, 26160] loss: 357878.105
[1, 26180] loss: 293559.037
[1, 26200] loss: 144425.743
[1, 26220] loss: 597744.810
[1, 26240] loss: 435294.562
[1, 26260] loss: 464206.984
[1, 26280] loss: 1134192.427
[1, 26300] loss: 847962.943
[1, 26320] loss: 788960.129
[1, 26340] loss: 3703718.666
[1, 26360] loss: 1151252.189
[1, 26380] loss: 2124485.812
[1, 26400] loss: 1039312.843
[1, 26420] loss: 601789.207
[1, 26440] loss: 398733.353
[1, 26460] loss: 165544.010
[1, 26480] loss: 179945.548
[1, 26500] loss: 300847.349
[1, 26520] loss: 399005.281
[1, 26540] loss: 283241.775
[1, 26560] loss: 362005.469
[1, 26580] loss: 485401.330
[1, 26600] loss: 15036843.318
[1, 26620] loss: 42879799.200
[1, 26640] loss: 12780712.539
[1, 26660] loss: 3166084.284
[1, 26680] loss: 1317348.639
[1, 26700] loss: 1352719.972
[1, 26720] loss: 1266031.998
[1, 26740] loss: 566336.655
[1, 26760] loss: 64012.946
[1, 26780] loss: 44908.247
[1, 26800] loss: 36463.865
[1, 26820] loss: 77762.884
[1, 26840] loss: 118595.231
[1, 26860] loss: 126971.744
[1, 26880] loss: 228028.060
[1, 26900] loss: 417976.958
[1, 26920] loss: 619921.439
[1, 26940] loss: 1669500.887
[1, 26960] loss: 746392.690
[1, 26980] loss: 755605.612
[1, 27000] loss: 734482.236
[1, 27020] loss: 355516.104
[1, 27040] loss: 214838.428
[1, 27060] loss: 74216.335
[1, 27080] loss: 43505.857
[1, 27100] loss: 49607.520
[1, 27120] loss: 58829.202
[1, 27140] loss: 55515.098
[1, 27160] loss: 129687.873
[1, 27180] loss: 283757.193
[1, 27200] loss: 48186.228
[1, 27220] loss: 65154.072
[1, 27240] loss: 43823.462
[1, 27260] loss: 33932.044
[1, 27280] loss: 71223.682
[1, 27300] loss: 176405.689
[1, 27320] loss: 527736.477
[1, 27340] loss: 1135472.695
[1, 27360] loss: 3553596.897
[1, 27380] loss: 1849039.965
[1, 27400] loss: 5661397.614
[1, 27420] loss: 2614649.157
[1, 27440] loss: 10436940.482
[1, 27460] loss: 5978113.131
[1, 27480] loss: 13726534.276
[1, 27500] loss: 23864579.194
[1, 27520] loss: 13907785.665
[1, 27540] loss: 3422789.830
[1, 27560] loss: 2879658.520
[1, 27580] loss: 877488.334
[1, 27600] loss: 1092933.132
[1, 27620] loss: 646165.531
[1, 27640] loss: 343306.648
[1, 27660] loss: 224020.101
[1, 27680] loss: 135826.438
[1, 27700] loss: 68661.491
[1, 27720] loss: 1633383.560
[1, 27740] loss: 1112705.136
[1, 27760] loss: 3740223.623
[1, 27780] loss: 4802131.646
[1, 27800] loss: 604013.246
[1, 27820] loss: 214079.486
[1, 27840] loss: 138247.299
[1, 27860] loss: 69771.101
[1, 27880] loss: 16228.770
[1, 27900] loss: 16355.036
[1, 27920] loss: 17575.089
[1, 27940] loss: 14367.232
[1, 27960] loss: 23613.308
[1, 27980] loss: 24838.013
[1, 28000] loss: 35873.982
[1, 28020] loss: 43923.623
[1, 28040] loss: 50727.539
[1, 28060] loss: 58442.467
[1, 28080] loss: 15853.773
[1, 28100] loss: 17061.630
[1, 28120] loss: 14497.662
[1, 28140] loss: 87086.804
[1, 28160] loss: 63684.210
[1, 28180] loss: 26283.709
[1, 28200] loss: 19185.541
[1, 28220] loss: 65548.644
[1, 28240] loss: 41845.674
[1, 28260] loss: 25234.638
[1, 28280] loss: 46205.121
[1, 28300] loss: 38790.932
[1, 28320] loss: 8625.517
[1, 28340] loss: 12870.502
[1, 28360] loss: 18519.925
[1, 28380] loss: 12644.807
[1, 28400] loss: 23544.598
[1, 28420] loss: 42032.073
[1, 28440] loss: 57659.117
[1, 28460] loss: 16483.742
[1, 28480] loss: 10989.817
[1, 28500] loss: 41564.357
[1, 28520] loss: 184951.827
[1, 28540] loss: 129923.850
[1, 28560] loss: 46074.366
[1, 28580] loss: 24212.480
[1, 28600] loss: 25493.569
[1, 28620] loss: 9794.321
[1, 28640] loss: 6783.236
[1, 28660] loss: 39266.728
[1, 28680] loss: 29971.590
[1, 28700] loss: 32469.117
[1, 28720] loss: 28925.869
[1, 28740] loss: 39296.977
[1, 28760] loss: 51361.184
[1, 28780] loss: 44285.119
[1, 28800] loss: 20503.033
[1, 28820] loss: 98577.925
[1, 28840] loss: 52318.256
[1, 28860] loss: 44163.205
[1, 28880] loss: 55711.748
[1, 28900] loss: 41520.841
[1, 28920] loss: 44049.420
[1, 28940] loss: 27668.047
[1, 28960] loss: 58415.672
[1, 28980] loss: 21987.949
[1, 29000] loss: 56327.077
[1, 29020] loss: 138050.066
[1, 29040] loss: 94920.070
[1, 29060] loss: 231320.732
[1, 29080] loss: 650246.664
[1, 29100] loss: 3227989.070
[1, 29120] loss: 1443446.426
[1, 29140] loss: 481884.243
[1, 29160] loss: 1978247.147
[1, 29180] loss: 2666912.999
[1, 29200] loss: 20138207.456
[1, 29220] loss: 3828906236756.700
[1, 29240] loss: 1457837269248.000
[1, 29260] loss: 1281554019726.988
[1, 29280] loss: 53915328972.963
[1, 29300] loss: 7475514789.300
[1, 29320] loss: 983800586.525
[1, 29340] loss: 609459740.375
[1, 29360] loss: 277769247.100
[1, 29380] loss: 359783426.892
[1, 29400] loss: 343943519.598
[1, 29420] loss: 272361389.100
[1, 29440] loss: 220888447.875
[1, 29460] loss: 342847355.250
[1, 29480] loss: 325807847.774
[1, 29500] loss: 330761073.650
[1, 29520] loss: 348403576.163
[1, 29540] loss: 422694141.353
[1, 29560] loss: 177649964.083
[1, 29580] loss: 156306172.622
[1, 29600] loss: 163038851.934
[1, 29620] loss: 224290846.800
[1, 29640] loss: 269642987.252
[1, 29660] loss: 110134667.535
[1, 29680] loss: 160347451.028
[1, 29700] loss: 120088486.197
[1, 29720] loss: 167545417.975
[1, 29740] loss: 139181268.331
[1, 29760] loss: 108708136.619
[1, 29780] loss: 87600452.688
[1, 29800] loss: 96486840.792
[1, 29820] loss: 80281080.679
[1, 29840] loss: 104640934.860
[1, 29860] loss: 73106592.759
[1, 29880] loss: 95778060.598
[1, 29900] loss: 75778224.424
[1, 29920] loss: 60525617.940
[1, 29940] loss: 93992007.178
[1, 29960] loss: 110091259.963
[1, 29980] loss: 69850293.114
[1, 30000] loss: 112497597.367
[1, 30020] loss: 139730237.320
[1, 30040] loss: 59917616.581
[1, 30060] loss: 81210513.529
[1, 30080] loss: 62433165.629
[1, 30100] loss: 72436699.250
[1, 30120] loss: 75195943.265
[1, 30140] loss: 90395998.827
[1, 30160] loss: 68131352.371
[1, 30180] loss: 75651307.321
[1, 30200] loss: 97661935.184
[1, 30220] loss: 56648246.037
[1, 30240] loss: 50749009.882
[1, 30260] loss: 103971398.210
[1, 30280] loss: 49962068.822
[1, 30300] loss: 41709726.444
[1, 30320] loss: 36572688.613
[1, 30340] loss: 75397049.107
[1, 30360] loss: 35576475.511
[1, 30380] loss: 44030664.255
[1, 30400] loss: 51806973.562
[1, 30420] loss: 29872716.994
[2,    20] loss: 73430255.148
[2,    40] loss: 60061202.757
[2,    60] loss: 53995670.989
[2,    80] loss: 27382779.839
[2,   100] loss: 31821941.090
[2,   120] loss: 32799332.317
[2,   140] loss: 28892414.923
[2,   160] loss: 29962787.814
[2,   180] loss: 62449870.878
[2,   200] loss: 48303050.951
[2,   220] loss: 34075430.538
[2,   240] loss: 35370339.146
[2,   260] loss: 44733937.170
[2,   280] loss: 59027977.277
[2,   300] loss: 31883260.356
[2,   320] loss: 29603968.968
[2,   340] loss: 25818936.041
[2,   360] loss: 45098000.582
[2,   380] loss: 23733311.213
[2,   400] loss: 42601784.220
[2,   420] loss: 39630557.204
[2,   440] loss: 31076751.662
[2,   460] loss: 39184817.363
[2,   480] loss: 46086002.822
[2,   500] loss: 28553623.253
[2,   520] loss: 17655229.524
[2,   540] loss: 24434533.005
[2,   560] loss: 21212284.502
[2,   580] loss: 26755674.995
[2,   600] loss: 31606209.621
[2,   620] loss: 48498467.634
[2,   640] loss: 29419303.463
[2,   660] loss: 29111788.507
[2,   680] loss: 20520387.912
[2,   700] loss: 17054425.440
[2,   720] loss: 25372498.151
[2,   740] loss: 30049873.182
[2,   760] loss: 21758863.563
[2,   780] loss: 13923061.979
[2,   800] loss: 17990301.033
[2,   820] loss: 25963715.692
[2,   840] loss: 23502401.945
[2,   860] loss: 15365337.129
[2,   880] loss: 26271323.280
[2,   900] loss: 32657825.447
[2,   920] loss: 35743204.324
[2,   940] loss: 27813298.689
[2,   960] loss: 21472377.232
[2,   980] loss: 17311195.129
[2,  1000] loss: 29272753.849
[2,  1020] loss: 24958355.459
[2,  1040] loss: 13473698.469
[2,  1060] loss: 14572337.246
[2,  1080] loss: 30233485.034
[2,  1100] loss: 18688363.037
[2,  1120] loss: 22910422.663
[2,  1140] loss: 19370298.065
[2,  1160] loss: 18253494.085
[2,  1180] loss: 21893904.843
[2,  1200] loss: 26872463.356
[2,  1220] loss: 17112177.836
[2,  1240] loss: 23892061.544
[2,  1260] loss: 28755783.473
[2,  1280] loss: 22772578.019
[2,  1300] loss: 11927819.706
[2,  1320] loss: 18993833.118
[2,  1340] loss: 25926171.978
[2,  1360] loss: 10419344.027
[2,  1380] loss: 15882936.976
[2,  1400] loss: 12155872.416
[2,  1420] loss: 19024510.650
[2,  1440] loss: 11500328.381
[2,  1460] loss: 27186714.812
[2,  1480] loss: 12581153.468
[2,  1500] loss: 14218794.754
[2,  1520] loss: 18278289.026
[2,  1540] loss: 18064066.302
[2,  1560] loss: 22596806.502
[2,  1580] loss: 16193500.237
[2,  1600] loss: 14158883.022
[2,  1620] loss: 12859830.870
[2,  1640] loss: 16995018.175
[2,  1660] loss: 29500822.870
[2,  1680] loss: 12874504.274
[2,  1700] loss: 24144612.844
[2,  1720] loss: 18094498.587
[2,  1740] loss: 11634649.428
[2,  1760] loss: 18211297.104
[2,  1780] loss: 10930926.396
[2,  1800] loss: 8235064.578
[2,  1820] loss: 12907209.109
[2,  1840] loss: 8471948.957
[2,  1860] loss: 8030712.705
[2,  1880] loss: 10981197.027
[2,  1900] loss: 13341803.287
[2,  1920] loss: 12617746.468
[2,  1940] loss: 20350617.236
[2,  1960] loss: 9289777.886
[2,  1980] loss: 18645039.053
[2,  2000] loss: 22266309.096
[2,  2020] loss: 18543019.772
[2,  2040] loss: 18210205.978
[2,  2060] loss: 11833215.848
[2,  2080] loss: 10249229.250
[2,  2100] loss: 13799428.059
[2,  2120] loss: 13441273.006
[2,  2140] loss: 6562674.161
[2,  2160] loss: 5193011.626
[2,  2180] loss: 17624211.879
[2,  2200] loss: 15134244.790
[2,  2220] loss: 8544923.357
[2,  2240] loss: 13245417.906
[2,  2260] loss: 10264012.930
[2,  2280] loss: 7927801.591
[2,  2300] loss: 10619879.218
[2,  2320] loss: 9534799.185
[2,  2340] loss: 9696391.029
[2,  2360] loss: 13029980.534
[2,  2380] loss: 10725995.972
[2,  2400] loss: 24309953.180
[2,  2420] loss: 14407851.507
[2,  2440] loss: 15411269.183
[2,  2460] loss: 13373912.947
[2,  2480] loss: 10540865.596
[2,  2500] loss: 9302863.594
[2,  2520] loss: 6659827.319
[2,  2540] loss: 16993948.732
[2,  2560] loss: 11203041.873
[2,  2580] loss: 8145248.097
[2,  2600] loss: 12131853.987
[2,  2620] loss: 4809635.253
[2,  2640] loss: 14321893.773
[2,  2660] loss: 18968290.524
[2,  2680] loss: 10864194.337
[2,  2700] loss: 16224470.329
[2,  2720] loss: 9276647.512
[2,  2740] loss: 9320400.327
[2,  2760] loss: 9854758.178
[2,  2780] loss: 9807982.691
[2,  2800] loss: 15926859.145
[2,  2820] loss: 9547229.539
[2,  2840] loss: 9354440.539
[2,  2860] loss: 6467099.569
[2,  2880] loss: 14560155.906
[2,  2900] loss: 14788848.874
[2,  2920] loss: 12525225.183
[2,  2940] loss: 7563298.749
[2,  2960] loss: 10876033.746
[2,  2980] loss: 7454377.958
[2,  3000] loss: 6088363.619
[2,  3020] loss: 11592221.344
[2,  3040] loss: 7593670.084
[2,  3060] loss: 5201091.429
[2,  3080] loss: 7517638.832
[2,  3100] loss: 8652623.172
[2,  3120] loss: 7527622.627
[2,  3140] loss: 12753269.306
[2,  3160] loss: 11320302.133
[2,  3180] loss: 3794764.434
[2,  3200] loss: 5842503.976
[2,  3220] loss: 8190312.717
[2,  3240] loss: 9547241.971
[2,  3260] loss: 14368546.910
[2,  3280] loss: 4052550.013
[2,  3300] loss: 7841893.626
[2,  3320] loss: 8441937.070
[2,  3340] loss: 10651889.612
[2,  3360] loss: 5550508.598
[2,  3380] loss: 7626449.599
[2,  3400] loss: 7791236.502
[2,  3420] loss: 8918667.390
[2,  3440] loss: 6489663.654
[2,  3460] loss: 9202306.647
[2,  3480] loss: 7938688.785
[2,  3500] loss: 16390209.150
[2,  3520] loss: 4778911.945
[2,  3540] loss: 9214053.751
[2,  3560] loss: 6955089.272
[2,  3580] loss: 6747379.374
[2,  3600] loss: 6322353.531
[2,  3620] loss: 4641877.492
[2,  3640] loss: 3683630.924
[2,  3660] loss: 3960139.309
[2,  3680] loss: 10385189.560
[2,  3700] loss: 6101034.608
[2,  3720] loss: 9956729.357
[2,  3740] loss: 9561259.962
[2,  3760] loss: 10230017.629
[2,  3780] loss: 3379195.444
[2,  3800] loss: 2491947.020
[2,  3820] loss: 6729621.554
[2,  3840] loss: 8010960.239
[2,  3860] loss: 11222447.422
[2,  3880] loss: 8361944.365
[2,  3900] loss: 8474770.313
[2,  3920] loss: 2173796.653
[2,  3940] loss: 4998142.793
[2,  3960] loss: 6784099.766
[2,  3980] loss: 6374798.840
[2,  4000] loss: 4783622.138
[2,  4020] loss: 7544583.826
[2,  4040] loss: 8362161.252
[2,  4060] loss: 10908733.055
[2,  4080] loss: 6794064.436
[2,  4100] loss: 4887980.544
[2,  4120] loss: 2846813.053
[2,  4140] loss: 4013427.422
[2,  4160] loss: 4165119.908
[2,  4180] loss: 3754497.386
[2,  4200] loss: 2632853.281
[2,  4220] loss: 4618308.359
[2,  4240] loss: 6059984.940
[2,  4260] loss: 2515946.306
[2,  4280] loss: 8226395.191
[2,  4300] loss: 8267126.028
[2,  4320] loss: 5723929.264
[2,  4340] loss: 2539632.854
[2,  4360] loss: 6081904.109
[2,  4380] loss: 3368541.680
[2,  4400] loss: 5692104.719
[2,  4420] loss: 6043276.598
[2,  4440] loss: 8703544.869
[2,  4460] loss: 3244027.427
[2,  4480] loss: 5021929.023
[2,  4500] loss: 3451407.377
[2,  4520] loss: 5375679.607
[2,  4540] loss: 4445146.134
[2,  4560] loss: 7263186.414
[2,  4580] loss: 4471068.473
[2,  4600] loss: 4620917.125
[2,  4620] loss: 6229469.848
[2,  4640] loss: 4252361.911
[2,  4660] loss: 3515809.621
[2,  4680] loss: 11660766.250
[2,  4700] loss: 4307074.916
[2,  4720] loss: 3203676.646
[2,  4740] loss: 4129948.711
[2,  4760] loss: 2275229.153
[2,  4780] loss: 2711976.119
[2,  4800] loss: 3927217.357
[2,  4820] loss: 6517493.132
[2,  4840] loss: 12744517.309
[2,  4860] loss: 7416375.596
[2,  4880] loss: 13304724.514
[2,  4900] loss: 3404983.869
[2,  4920] loss: 8060757.125
[2,  4940] loss: 12209552.148
[2,  4960] loss: 5908754.905
[2,  4980] loss: 2897240.767
[2,  5000] loss: 6057444.830
[2,  5020] loss: 4508879.118
[2,  5040] loss: 4560283.464
[2,  5060] loss: 2374356.653
[2,  5080] loss: 3513631.499
[2,  5100] loss: 3288932.001
[2,  5120] loss: 5206104.564
[2,  5140] loss: 5473497.600
[2,  5160] loss: 4109508.290
[2,  5180] loss: 2035985.492
[2,  5200] loss: 5202332.555
[2,  5220] loss: 6984815.156
[2,  5240] loss: 5442113.729
[2,  5260] loss: 5236800.174
[2,  5280] loss: 3100794.571
[2,  5300] loss: 3785705.609
[2,  5320] loss: 2990899.466
[2,  5340] loss: 4552484.240
[2,  5360] loss: 2679446.493
[2,  5380] loss: 1505033.234
[2,  5400] loss: 2781134.642
[2,  5420] loss: 4735308.913
[2,  5440] loss: 2158142.798
[2,  5460] loss: 2407634.227
[2,  5480] loss: 2646139.451
[2,  5500] loss: 3407120.284
[2,  5520] loss: 1907404.505
[2,  5540] loss: 3237262.901
[2,  5560] loss: 6132004.056
[2,  5580] loss: 6198259.808
[2,  5600] loss: 4526230.724
[2,  5620] loss: 5767963.063
[2,  5640] loss: 2812315.257
[2,  5660] loss: 1444804.096
[2,  5680] loss: 3222061.024
[2,  5700] loss: 2098313.638
[2,  5720] loss: 1883837.820
[2,  5740] loss: 3494903.435
[2,  5760] loss: 5505590.656
[2,  5780] loss: 2814944.368
[2,  5800] loss: 5329641.343
[2,  5820] loss: 1851575.131
[2,  5840] loss: 2757486.169
[2,  5860] loss: 2449541.300
[2,  5880] loss: 3628585.324
[2,  5900] loss: 1689567.781
[2,  5920] loss: 2898315.445
[2,  5940] loss: 2570260.250
[2,  5960] loss: 4748607.822
[2,  5980] loss: 4500633.577
[2,  6000] loss: 4922575.299
[2,  6020] loss: 3545230.900
[2,  6040] loss: 8261821.722
[2,  6060] loss: 3864651.825
[2,  6080] loss: 2106719.070
[2,  6100] loss: 1798766.687
[2,  6120] loss: 1899481.968
[2,  6140] loss: 1054248.003
[2,  6160] loss: 1384759.532
[2,  6180] loss: 1936581.747
[2,  6200] loss: 2415570.191
[2,  6220] loss: 2490235.673
[2,  6240] loss: 2962522.365
[2,  6260] loss: 3686724.122
[2,  6280] loss: 1778689.204
[2,  6300] loss: 1367911.478
[2,  6320] loss: 2190684.723
[2,  6340] loss: 1632790.182
[2,  6360] loss: 2121434.562
[2,  6380] loss: 3120296.262
[2,  6400] loss: 1153591.951
[2,  6420] loss: 2688132.466
[2,  6440] loss: 2669265.795
[2,  6460] loss: 1002080.826
[2,  6480] loss: 1473850.478
[2,  6500] loss: 1556889.531
[2,  6520] loss: 3239909.753
[2,  6540] loss: 2757676.939
[2,  6560] loss: 3147212.792
[2,  6580] loss: 932500.857
[2,  6600] loss: 1728257.912
[2,  6620] loss: 2350951.919
[2,  6640] loss: 1741052.512
[2,  6660] loss: 1367204.807
[2,  6680] loss: 2060123.064
[2,  6700] loss: 588814.020
[2,  6720] loss: 2008327.518
[2,  6740] loss: 947261.919
[2,  6760] loss: 2134259.515
[2,  6780] loss: 549532.134
[2,  6800] loss: 1166170.181
[2,  6820] loss: 1846021.915
[2,  6840] loss: 710653.846
[2,  6860] loss: 1616335.826
[2,  6880] loss: 1349946.554
[2,  6900] loss: 2154903.032
[2,  6920] loss: 1200275.486
[2,  6940] loss: 720122.290
[2,  6960] loss: 1609817.778
[2,  6980] loss: 2281564.979
[2,  7000] loss: 1714044.063
[2,  7020] loss: 1749651.841
[2,  7040] loss: 892748.714
[2,  7060] loss: 4945827.593
[2,  7080] loss: 3816169.747
[2,  7100] loss: 3152028.431
[2,  7120] loss: 1731831.212
[2,  7140] loss: 2399054.519
[2,  7160] loss: 5228675.228
[2,  7180] loss: 2799495.061
[2,  7200] loss: 2541818.357
[2,  7220] loss: 2622372.486
[2,  7240] loss: 1905160.633
[2,  7260] loss: 2429463.390
[2,  7280] loss: 1244356.918
[2,  7300] loss: 2287614.202
[2,  7320] loss: 1867686.604
[2,  7340] loss: 1426464.949
[2,  7360] loss: 594113.257
[2,  7380] loss: 526693.579
[2,  7400] loss: 955110.620
[2,  7420] loss: 1952583.135
[2,  7440] loss: 730634.118
[2,  7460] loss: 1628020.892
[2,  7480] loss: 3411826.706
[2,  7500] loss: 3514655.385
[2,  7520] loss: 834595.928
[2,  7540] loss: 1210217.061
[2,  7560] loss: 1804709.637
[2,  7580] loss: 3002638.520
[2,  7600] loss: 1183114.403
[2,  7620] loss: 1179930.037
[2,  7640] loss: 1633036.043
[2,  7660] loss: 1543391.618
[2,  7680] loss: 1051824.863
[2,  7700] loss: 982994.908
[2,  7720] loss: 880920.426
[2,  7740] loss: 2922745.895
[2,  7760] loss: 1009658.852
[2,  7780] loss: 1087842.574
[2,  7800] loss: 676826.119
[2,  7820] loss: 787430.258
[2,  7840] loss: 678576.637
[2,  7860] loss: 1646888.753
[2,  7880] loss: 1991386.554
[2,  7900] loss: 756399.105
[2,  7920] loss: 1042319.094
[2,  7940] loss: 2102764.694
[2,  7960] loss: 1029654.738
[2,  7980] loss: 2062491.175
[2,  8000] loss: 689525.484
[2,  8020] loss: 850939.877
[2,  8040] loss: 1843700.073
[2,  8060] loss: 1534208.006
[2,  8080] loss: 1159166.824
[2,  8100] loss: 1664057.849
[2,  8120] loss: 2094968.489
[2,  8140] loss: 983902.999
[2,  8160] loss: 2715704.496
[2,  8180] loss: 1628305.059
[2,  8200] loss: 533492.526
[2,  8220] loss: 1080570.302
[2,  8240] loss: 754898.846
[2,  8260] loss: 565618.154
[2,  8280] loss: 714998.745
[2,  8300] loss: 571655.585
[2,  8320] loss: 543312.936
[2,  8340] loss: 1383208.425
[2,  8360] loss: 504455.690
[2,  8380] loss: 553085.485
[2,  8400] loss: 1069098.873
[2,  8420] loss: 916050.243
[2,  8440] loss: 1275025.096
[2,  8460] loss: 1602352.025
[2,  8480] loss: 2054418.182
[2,  8500] loss: 1354919.796
[2,  8520] loss: 404680.168
[2,  8540] loss: 848887.600
[2,  8560] loss: 714157.311
[2,  8580] loss: 277176.940
[2,  8600] loss: 454626.459
[2,  8620] loss: 296312.106
[2,  8640] loss: 565091.651
[2,  8660] loss: 679456.863
[2,  8680] loss: 259816.350
[2,  8700] loss: 840793.788
[2,  8720] loss: 444310.613
[2,  8740] loss: 701543.746
[2,  8760] loss: 1258332.469
[2,  8780] loss: 731064.103
[2,  8800] loss: 1037083.828
[2,  8820] loss: 620742.056
[2,  8840] loss: 566865.830
[2,  8860] loss: 400374.827
[2,  8880] loss: 454401.468
[2,  8900] loss: 465906.550
[2,  8920] loss: 1058558.270
[2,  8940] loss: 506433.423
[2,  8960] loss: 412102.649
[2,  8980] loss: 549434.284
[2,  9000] loss: 194608.662
[2,  9020] loss: 514260.983
[2,  9040] loss: 249011.966
[2,  9060] loss: 867025.769
[2,  9080] loss: 563182.127
[2,  9100] loss: 621275.005
[2,  9120] loss: 431537.521
[2,  9140] loss: 254813.176
[2,  9160] loss: 961536.243
[2,  9180] loss: 357482.261
[2,  9200] loss: 542677.380
[2,  9220] loss: 248259.581
[2,  9240] loss: 379797.038
[2,  9260] loss: 711155.511
[2,  9280] loss: 640514.494
[2,  9300] loss: 106561.476
[2,  9320] loss: 164501.799
[2,  9340] loss: 516504.758
[2,  9360] loss: 330398.724
[2,  9380] loss: 806408.355
[2,  9400] loss: 475644.945
[2,  9420] loss: 922471.598
[2,  9440] loss: 283979.865
[2,  9460] loss: 394813.154
[2,  9480] loss: 1532659.217
[2,  9500] loss: 1246939.726
[2,  9520] loss: 556176.174
[2,  9540] loss: 134902.662
[2,  9560] loss: 497261.861
[2,  9580] loss: 309977.942
[2,  9600] loss: 429058.319
[2,  9620] loss: 135463.362
[2,  9640] loss: 127360.996
[2,  9660] loss: 246918.927
[2,  9680] loss: 409797.468
[2,  9700] loss: 130117.218
[2,  9720] loss: 327660.908
[2,  9740] loss: 705294.954
[2,  9760] loss: 203493.174
[2,  9780] loss: 363387.241
[2,  9800] loss: 453241.463
[2,  9820] loss: 502775.879
[2,  9840] loss: 329031.034
[2,  9860] loss: 356483.767
[2,  9880] loss: 499115.792
[2,  9900] loss: 411214.499
[2,  9920] loss: 272686.933
[2,  9940] loss: 187385.425
[2,  9960] loss: 575562.186
[2,  9980] loss: 630273.921
[2, 10000] loss: 265733.359
[2, 10020] loss: 266744.978
[2, 10040] loss: 274053.098
[2, 10060] loss: 259966.615
[2, 10080] loss: 139252.102
[2, 10100] loss: 273338.967
[2, 10120] loss: 214913.252
[2, 10140] loss: 276779.589
[2, 10160] loss: 259021.262
[2, 10180] loss: 222008.337
[2, 10200] loss: 273625.699
[2, 10220] loss: 464526.866
[2, 10240] loss: 145473.280
[2, 10260] loss: 508029.611
[2, 10280] loss: 629348.548
[2, 10300] loss: 416385.344
[2, 10320] loss: 550981.659
[2, 10340] loss: 268382.318
[2, 10360] loss: 260510.163
[2, 10380] loss: 413431.645
[2, 10400] loss: 328289.808
[2, 10420] loss: 180342.711
[2, 10440] loss: 285667.872
[2, 10460] loss: 223545.136
[2, 10480] loss: 227162.691
[2, 10500] loss: 294401.086
[2, 10520] loss: 217970.844
[2, 10540] loss: 239769.549
[2, 10560] loss: 230965.633
[2, 10580] loss: 274806.584
[2, 10600] loss: 278032.909
[2, 10620] loss: 132418.772
[2, 10640] loss: 88804.536
[2, 10660] loss: 312662.272
[2, 10680] loss: 418011.801
[2, 10700] loss: 229737.935
[2, 10720] loss: 359941.325
[2, 10740] loss: 539704.254
[2, 10760] loss: 550935.591
[2, 10780] loss: 244352.007
[2, 10800] loss: 170770.484
[2, 10820] loss: 152095.139
[2, 10840] loss: 232635.918
[2, 10860] loss: 138636.041
[2, 10880] loss: 125622.006
[2, 10900] loss: 91848.763
[2, 10920] loss: 214432.244
[2, 10940] loss: 241572.769
[2, 10960] loss: 144792.081
[2, 10980] loss: 166816.601
[2, 11000] loss: 130312.212
[2, 11020] loss: 145568.377
[2, 11040] loss: 67233.909
[2, 11060] loss: 194396.648
[2, 11080] loss: 137669.587
[2, 11100] loss: 239382.910
[2, 11120] loss: 261248.358
[2, 11140] loss: 138635.810
[2, 11160] loss: 160560.319
[2, 11180] loss: 169741.832
[2, 11200] loss: 155169.816
[2, 11220] loss: 366997.044
[2, 11240] loss: 682314.965
[2, 11260] loss: 174632.080
[2, 11280] loss: 170551.500
[2, 11300] loss: 257873.808
[2, 11320] loss: 307399.414
[2, 11340] loss: 255738.085
[2, 11360] loss: 239273.116
[2, 11380] loss: 250237.196
[2, 11400] loss: 171556.448
[2, 11420] loss: 241853.280
[2, 11440] loss: 322688.946
[2, 11460] loss: 375376.134
[2, 11480] loss: 313002.005
[2, 11500] loss: 162223.568
[2, 11520] loss: 360977.453
[2, 11540] loss: 211993.938
[2, 11560] loss: 246806.224
[2, 11580] loss: 70087.266
[2, 11600] loss: 173276.857
[2, 11620] loss: 178176.991
[2, 11640] loss: 713324.890
[2, 11660] loss: 675337.506
[2, 11680] loss: 237718.451
[2, 11700] loss: 143527.014
[2, 11720] loss: 105018.582
[2, 11740] loss: 171258.302
[2, 11760] loss: 247736.533
[2, 11780] loss: 157309.716
[2, 11800] loss: 96337.501
[2, 11820] loss: 92876.698
[2, 11840] loss: 114505.063
[2, 11860] loss: 103593.623
[2, 11880] loss: 136706.034
[2, 11900] loss: 173849.062
[2, 11920] loss: 108296.870
[2, 11940] loss: 112726.933
[2, 11960] loss: 117531.541
[2, 11980] loss: 121663.609
[2, 12000] loss: 46597.915
[2, 12020] loss: 117083.612
[2, 12040] loss: 97007.120
[2, 12060] loss: 110283.920
[2, 12080] loss: 149584.340
[2, 12100] loss: 109740.703
[2, 12120] loss: 45084.662
[2, 12140] loss: 114523.797
[2, 12160] loss: 133032.597
[2, 12180] loss: 96146.962
[2, 12200] loss: 33214.263
[2, 12220] loss: 68433.894
[2, 12240] loss: 167646.670
[2, 12260] loss: 120467.901
[2, 12280] loss: 188699.227
[2, 12300] loss: 137480.965
[2, 12320] loss: 73168.840
[2, 12340] loss: 51952.245
[2, 12360] loss: 44618.034
[2, 12380] loss: 76925.864
[2, 12400] loss: 58079.706
[2, 12420] loss: 57731.203
[2, 12440] loss: 67675.370
[2, 12460] loss: 127293.413
[2, 12480] loss: 256813.619
[2, 12500] loss: 699592.942
[2, 12520] loss: 365808.440
[2, 12540] loss: 152392.830
[2, 12560] loss: 176223.164
[2, 12580] loss: 94387.152
[2, 12600] loss: 76942.620
[2, 12620] loss: 37722.342
[2, 12640] loss: 25377.764
[2, 12660] loss: 104228.485
[2, 12680] loss: 145358.512
[2, 12700] loss: 213676.913
[2, 12720] loss: 401234.552
[2, 12740] loss: 428163.991
[2, 12760] loss: 180563.714
[2, 12780] loss: 131899.887
[2, 12800] loss: 46585.241
[2, 12820] loss: 93387.013
[2, 12840] loss: 190484.938
[2, 12860] loss: 168477.498
[2, 12880] loss: 127966.584
[2, 12900] loss: 100116.419
[2, 12920] loss: 52349.416
[2, 12940] loss: 55527.191
[2, 12960] loss: 43419.373
[2, 12980] loss: 49436.581
[2, 13000] loss: 53910.722
[2, 13020] loss: 65569.598
[2, 13040] loss: 88972.715
[2, 13060] loss: 43598.784
[2, 13080] loss: 35066.447
[2, 13100] loss: 78359.208
[2, 13120] loss: 88568.503
[2, 13140] loss: 54888.760
[2, 13160] loss: 126328.473
[2, 13180] loss: 49768.505
[2, 13200] loss: 97399.761
[2, 13220] loss: 26427.974
[2, 13240] loss: 29432.357
[2, 13260] loss: 40611.751
[2, 13280] loss: 32117.350
[2, 13300] loss: 51644.398
[2, 13320] loss: 23590.027
[2, 13340] loss: 35183.959
[2, 13360] loss: 24385.411
[2, 13380] loss: 53882.709
[2, 13400] loss: 24344.329
[2, 13420] loss: 57205.373
[2, 13440] loss: 55072.701
[2, 13460] loss: 66683.747
[2, 13480] loss: 94405.179
[2, 13500] loss: 21058.750
[2, 13520] loss: 49034.516
[2, 13540] loss: 50996.087
[2, 13560] loss: 13602.745
[2, 13580] loss: 63825.033
[2, 13600] loss: 37175.108
[2, 13620] loss: 31018.878
[2, 13640] loss: 42050.868
[2, 13660] loss: 30156.257
[2, 13680] loss: 16918.495
[2, 13700] loss: 29590.101
[2, 13720] loss: 21694.993
[2, 13740] loss: 17831.302
[2, 13760] loss: 31982.264
[2, 13780] loss: 55823.009
[2, 13800] loss: 40162.025
[2, 13820] loss: 27630.584
[2, 13840] loss: 35187.963
[2, 13860] loss: 54362.659
[2, 13880] loss: 42117.712
[2, 13900] loss: 15007.771
[2, 13920] loss: 46953.761
[2, 13940] loss: 43200.448
[2, 13960] loss: 30403.878
[2, 13980] loss: 30811.277
[2, 14000] loss: 22698.976
[2, 14020] loss: 43071.946
[2, 14040] loss: 60994.605
[2, 14060] loss: 28165.045
[2, 14080] loss: 34506.343
[2, 14100] loss: 22680.979
[2, 14120] loss: 23843.278
[2, 14140] loss: 24813.118
[2, 14160] loss: 19886.046
[2, 14180] loss: 28378.412
[2, 14200] loss: 43252.293
[2, 14220] loss: 38646.817
[2, 14240] loss: 48533.025
[2, 14260] loss: 22706.640
[2, 14280] loss: 23648.304
[2, 14300] loss: 33404.945
[2, 14320] loss: 17294.120
[2, 14340] loss: 22793.354
[2, 14360] loss: 67124.073
[2, 14380] loss: 30890.926
[2, 14400] loss: 40088.669
[2, 14420] loss: 42793.512
[2, 14440] loss: 47040.579
[2, 14460] loss: 56154.392
[2, 14480] loss: 30105.563
[2, 14500] loss: 26162.559
[2, 14520] loss: 31881.486
[2, 14540] loss: 21939.137
[2, 14560] loss: 11615.042
[2, 14580] loss: 8780.143
[2, 14600] loss: 14205.195
[2, 14620] loss: 7364.230
[2, 14640] loss: 19873.906
[2, 14660] loss: 45156.973
[2, 14680] loss: 25239.322
[2, 14700] loss: 59852.721
[2, 14720] loss: 222404.124
[2, 14740] loss: 95983.971
[2, 14760] loss: 43955.009
[2, 14780] loss: 64252.986
[2, 14800] loss: 15188.472
[2, 14820] loss: 33762.138
[2, 14840] loss: 60399.002
[2, 14860] loss: 25663.317
[2, 14880] loss: 23772.255
[2, 14900] loss: 23126.566
[2, 14920] loss: 30613.558
[2, 14940] loss: 20926.770
[2, 14960] loss: 25550.299
[2, 14980] loss: 144514.040
[2, 15000] loss: 1118309.858
[2, 15020] loss: 846374.018
[2, 15040] loss: 380929.486
[2, 15060] loss: 732278.196
[2, 15080] loss: 371805.222
[2, 15100] loss: 235214.449
[2, 15120] loss: 176720.783
[2, 15140] loss: 122429.356
[2, 15160] loss: 68208.909
[2, 15180] loss: 27136.428
[2, 15200] loss: 67353.430
[2, 15220] loss: 76360.958
[2, 15240] loss: 16528.294
[2, 15260] loss: 10464.856
[2, 15280] loss: 12171.185
[2, 15300] loss: 12587.191
[2, 15320] loss: 7043.994
[2, 15340] loss: 12640.108
[2, 15360] loss: 11176.805
[2, 15380] loss: 7974.283
[2, 15400] loss: 5063.472
[2, 15420] loss: 11211.121
[2, 15440] loss: 5478.488
[2, 15460] loss: 6890.275
[2, 15480] loss: 10175.801
[2, 15500] loss: 4537.542
[2, 15520] loss: 9894.898
[2, 15540] loss: 9041.347
[2, 15560] loss: 7166.037
[2, 15580] loss: 6645.358
[2, 15600] loss: 10045.508
[2, 15620] loss: 22241.326
[2, 15640] loss: 13658.676
[2, 15660] loss: 12650.403
[2, 15680] loss: 10504.981
[2, 15700] loss: 4744.176
[2, 15720] loss: 4749.778
[2, 15740] loss: 6443.683
[2, 15760] loss: 3691.004
[2, 15780] loss: 1416.471
[2, 15800] loss: 7318.437
[2, 15820] loss: 17232.465
[2, 15840] loss: 10635.070
[2, 15860] loss: 5767.747
[2, 15880] loss: 3714.142
[2, 15900] loss: 4481.725
[2, 15920] loss: 5413.687
[2, 15940] loss: 9070.364
[2, 15960] loss: 8158.083
[2, 15980] loss: 7300.102
[2, 16000] loss: 4064.317
[2, 16020] loss: 10144.983
[2, 16040] loss: 12374.540
[2, 16060] loss: 16679.824
[2, 16080] loss: 9592.100
[2, 16100] loss: 9623.861
[2, 16120] loss: 9235.312
[2, 16140] loss: 7487.148
[2, 16160] loss: 5036.797
[2, 16180] loss: 9242.859
[2, 16200] loss: 9004.995
[2, 16220] loss: 6685.689
[2, 16240] loss: 3886.025
[2, 16260] loss: 3841.193
[2, 16280] loss: 9610.999
[2, 16300] loss: 3417.475
[2, 16320] loss: 6623.212
[2, 16340] loss: 4327.307
[2, 16360] loss: 6834.805
[2, 16380] loss: 11460.348
[2, 16400] loss: 14693.744
[2, 16420] loss: 6691.791
[2, 16440] loss: 6130.432
[2, 16460] loss: 3986.840
[2, 16480] loss: 3341.522
[2, 16500] loss: 3992.100
[2, 16520] loss: 6276.395
[2, 16540] loss: 6970.360
[2, 16560] loss: 10694.981
[2, 16580] loss: 4409.345
[2, 16600] loss: 8396.901
[2, 16620] loss: 5369.871
[2, 16640] loss: 4395.408
[2, 16660] loss: 3381.702
[2, 16680] loss: 5703.452
[2, 16700] loss: 3498.137
[2, 16720] loss: 9408.153
[2, 16740] loss: 26614.757
[2, 16760] loss: 14747.488
[2, 16780] loss: 20676.691
[2, 16800] loss: 10512.338
[2, 16820] loss: 9668.628
[2, 16840] loss: 12594.777
[2, 16860] loss: 14357.501
[2, 16880] loss: 40770.145
[2, 16900] loss: 10942.290
[2, 16920] loss: 8377.475
[2, 16940] loss: 5147.500
[2, 16960] loss: 9986.723
[2, 16980] loss: 7361.770
[2, 17000] loss: 9401.409
[2, 17020] loss: 5784.510
[2, 17040] loss: 9512.221
[2, 17060] loss: 6581.105
[2, 17080] loss: 2715.409
[2, 17100] loss: 1484.725
[2, 17120] loss: 4920.341
[2, 17140] loss: 5770.335
[2, 17160] loss: 8616.842
[2, 17180] loss: 5084.210
[2, 17200] loss: 8581.908
[2, 17220] loss: 11052.607
[2, 17240] loss: 27287.106
[2, 17260] loss: 32386.413
[2, 17280] loss: 14647.314
[2, 17300] loss: 11448.989
[2, 17320] loss: 10148.118
[2, 17340] loss: 3958.737
[2, 17360] loss: 3953.549
[2, 17380] loss: 2517.276
[2, 17400] loss: 5278.422
[2, 17420] loss: 5186.786
[2, 17440] loss: 2847.174
[2, 17460] loss: 22491.690
[2, 17480] loss: 22037.130
[2, 17500] loss: 176930.971
[2, 17520] loss: 597329.315
[2, 17540] loss: 11565955235362.703
[2, 17560] loss: 146897723752166.406
[2, 17580] loss: 92195332216102.406
[2, 17600] loss: 13275930605158.400
[2, 17620] loss: 15615178935643.199
[2, 17640] loss: 4358717023537.700
[2, 17660] loss: 155336610156.800
[2, 17680] loss: 84937158826.600
[2, 17700] loss: 75364421112.600
[2, 17720] loss: 26893089847.600
[2, 17740] loss: 23039407058.600
[2, 17760] loss: 8484996340.700
[2, 17780] loss: 9584859303.200
[2, 17800] loss: 11440453222.400
[2, 17820] loss: 9049483410.500
[2, 17840] loss: 8893722237.138
[2, 17860] loss: 1973217236.864
[2, 17880] loss: 5197584134.400
[2, 17900] loss: 2963450340.994
[2, 17920] loss: 3765411554.200
[2, 17940] loss: 2005133605.800
[2, 17960] loss: 3850285417.600
[2, 17980] loss: 2040355632.000
[2, 18000] loss: 3118694084.300
[2, 18020] loss: 2285087705.200
[2, 18040] loss: 1502136988.600
[2, 18060] loss: 1541003486.900
[2, 18080] loss: 1093802080.064
[2, 18100] loss: 1775277958.130
[2, 18120] loss: 1456716051.992
[2, 18140] loss: 1685941768.325
[2, 18160] loss: 1478503480.088
[2, 18180] loss: 477576114.413
[2, 18200] loss: 383727035.775
[2, 18220] loss: 1111246579.400
[2, 18240] loss: 835651395.800
[2, 18260] loss: 801949242.663
[2, 18280] loss: 983467444.850
[2, 18300] loss: 764500791.038
[2, 18320] loss: 873954514.000
[2, 18340] loss: 1259051616.856
[2, 18360] loss: 846529784.915
[2, 18380] loss: 613236666.500
[2, 18400] loss: 953662506.900
[2, 18420] loss: 845236156.139
[2, 18440] loss: 950873625.465
[2, 18460] loss: 988400013.279
[2, 18480] loss: 703455733.275
[2, 18500] loss: 870266059.675
[2, 18520] loss: 654684434.625
[2, 18540] loss: 501634693.363
[2, 18560] loss: 447439390.175
[2, 18580] loss: 887072962.430
[2, 18600] loss: 733887186.100
[2, 18620] loss: 989719833.731
[2, 18640] loss: 565063815.663
[2, 18660] loss: 635165233.356
[2, 18680] loss: 630814928.650
[2, 18700] loss: 442391374.762
[2, 18720] loss: 469606429.350
[2, 18740] loss: 573308010.517
[2, 18760] loss: 582904123.619
[2, 18780] loss: 415909391.837
[2, 18800] loss: 700374328.571
[2, 18820] loss: 500329547.012
[2, 18840] loss: 808259956.332
[2, 18860] loss: 417429174.494
[2, 18880] loss: 290762388.675
[2, 18900] loss: 457654601.562
[2, 18920] loss: 482919045.634
[2, 18940] loss: 597084246.025
[2, 18960] loss: 595932042.050
[2, 18980] loss: 457411354.300
[2, 19000] loss: 648758443.750
[2, 19020] loss: 630186218.334
[2, 19040] loss: 836277533.400
[2, 19060] loss: 728978353.919
[2, 19080] loss: 683708745.952
[2, 19100] loss: 526952937.669
[2, 19120] loss: 545076888.962
[2, 19140] loss: 167141460.322
[2, 19160] loss: 224849421.010
[2, 19180] loss: 586126046.900
[2, 19200] loss: 223126365.681
[2, 19220] loss: 542656265.102
[2, 19240] loss: 244927068.844
[2, 19260] loss: 449620773.966
[2, 19280] loss: 451112489.387
[2, 19300] loss: 538127591.469
[2, 19320] loss: 469250564.387
[2, 19340] loss: 374290774.741
[2, 19360] loss: 391419224.068
[2, 19380] loss: 400921741.587
[2, 19400] loss: 380998974.375
[2, 19420] loss: 386490917.000
[2, 19440] loss: 496125231.700
[2, 19460] loss: 542819433.600
[2, 19480] loss: 240326822.555
[2, 19500] loss: 253672961.338
[2, 19520] loss: 471386624.891
[2, 19540] loss: 363755621.312
[2, 19560] loss: 509485153.850
[2, 19580] loss: 130575934.497
[2, 19600] loss: 322551120.175
[2, 19620] loss: 238236109.050
[2, 19640] loss: 406767307.300
[2, 19660] loss: 286635360.143
[2, 19680] loss: 411453694.797
[2, 19700] loss: 314588402.163
[2, 19720] loss: 380528816.575
[2, 19740] loss: 595132529.663
[2, 19760] loss: 425724917.441
[2, 19780] loss: 531057713.498
[2, 19800] loss: 268596597.675
[2, 19820] loss: 338341992.850
[2, 19840] loss: 281324742.525
[2, 19860] loss: 361552456.016
[2, 19880] loss: 375367500.746
[2, 19900] loss: 318453952.000
[2, 19920] loss: 495172099.514
[2, 19940] loss: 138654908.716
[2, 19960] loss: 261199996.900
[2, 19980] loss: 279210524.850
[2, 20000] loss: 326668123.438
[2, 20020] loss: 370211668.200
[2, 20040] loss: 165642310.603
[2, 20060] loss: 316814901.700
[2, 20080] loss: 351506557.481
[2, 20100] loss: 272321480.287
[2, 20120] loss: 208285639.556
[2, 20140] loss: 255058272.600
[2, 20160] loss: 288439241.762
[2, 20180] loss: 172166041.392
[2, 20200] loss: 392900898.275
[2, 20220] loss: 130445300.543
[2, 20240] loss: 278084861.553
[2, 20260] loss: 312424966.472
[2, 20280] loss: 239331580.514
[2, 20300] loss: 167055060.294
[2, 20320] loss: 200553826.656
[2, 20340] loss: 137532630.917
[2, 20360] loss: 359119258.262
[2, 20380] loss: 178124048.409
[2, 20400] loss: 439456203.019
[2, 20420] loss: 107146547.720
[2, 20440] loss: 224130403.762
[2, 20460] loss: 103201795.426
[2, 20480] loss: 131232179.850
[2, 20500] loss: 93949115.884
[2, 20520] loss: 204199524.450
[2, 20540] loss: 233925245.889
[2, 20560] loss: 277832767.628
[2, 20580] loss: 90992149.534
[2, 20600] loss: 223478350.464
[2, 20620] loss: 173102706.205
[2, 20640] loss: 235044482.883
[2, 20660] loss: 284284301.988
[2, 20680] loss: 161796833.762
[2, 20700] loss: 181596532.242
[2, 20720] loss: 198116912.233
[2, 20740] loss: 134008529.444
[2, 20760] loss: 202563982.729
[2, 20780] loss: 194501981.828
[2, 20800] loss: 222365330.950
[2, 20820] loss: 165379890.164
[2, 20840] loss: 256153485.175
[2, 20860] loss: 101412806.350
[2, 20880] loss: 122080309.273
[2, 20900] loss: 267231206.897
[2, 20920] loss: 138634354.959
[2, 20940] loss: 110949442.681
[2, 20960] loss: 276908899.538
[2, 20980] loss: 115377907.484
[2, 21000] loss: 90342416.382
[2, 21020] loss: 126122475.767
[2, 21040] loss: 141385635.067
[2, 21060] loss: 108124932.390
[2, 21080] loss: 97291775.353
[2, 21100] loss: 132337919.308
[2, 21120] loss: 170256875.312
[2, 21140] loss: 134651872.659
[2, 21160] loss: 300567447.413
[2, 21180] loss: 46193012.482
[2, 21200] loss: 112494172.046
[2, 21220] loss: 146063703.188
[2, 21240] loss: 74608449.025
[2, 21260] loss: 91085730.983
[2, 21280] loss: 116413465.042
[2, 21300] loss: 74000490.422
[2, 21320] loss: 135088481.767
[2, 21340] loss: 101531017.215
[2, 21360] loss: 136904062.197
[2, 21380] loss: 75749382.684
[2, 21400] loss: 124126680.155
[2, 21420] loss: 153620058.339
[2, 21440] loss: 155114155.780
[2, 21460] loss: 55688394.134
[2, 21480] loss: 133583703.794
[2, 21500] loss: 150358835.306
[2, 21520] loss: 127618707.055
[2, 21540] loss: 206841781.280
[2, 21560] loss: 123376788.719
[2, 21580] loss: 173627427.400
[2, 21600] loss: 91838495.889
[2, 21620] loss: 74812905.102
[2, 21640] loss: 50201416.102
[2, 21660] loss: 65035730.219
[2, 21680] loss: 56770947.281
[2, 21700] loss: 57909311.933
[2, 21720] loss: 74254009.385
[2, 21740] loss: 74900939.555
[2, 21760] loss: 104964266.106
[2, 21780] loss: 125138345.787
[2, 21800] loss: 53053978.663
[2, 21820] loss: 26337105.751
[2, 21840] loss: 67827461.941
[2, 21860] loss: 102127666.072
[2, 21880] loss: 113833626.010
[2, 21900] loss: 145217014.550
[2, 21920] loss: 45843993.858
[2, 21940] loss: 80746333.938
[2, 21960] loss: 53536606.561
[2, 21980] loss: 54743046.550
[2, 22000] loss: 109844172.953
[2, 22020] loss: 131931000.587
[2, 22040] loss: 58991602.081
[2, 22060] loss: 53874995.658
[2, 22080] loss: 43179312.454
[2, 22100] loss: 67674068.219
[2, 22120] loss: 35789021.722
[2, 22140] loss: 60442171.769
[2, 22160] loss: 76633666.866
[2, 22180] loss: 82457270.490
[2, 22200] loss: 72604479.112
[2, 22220] loss: 62774546.554
[2, 22240] loss: 93055543.905
[2, 22260] loss: 105208260.488
[2, 22280] loss: 110673388.753
[2, 22300] loss: 33117041.653
[2, 22320] loss: 49184618.788
[2, 22340] loss: 59864654.725
[2, 22360] loss: 57756787.047
[2, 22380] loss: 75208304.244
[2, 22400] loss: 37241711.909
[2, 22420] loss: 48984695.313
[2, 22440] loss: 95194360.057
[2, 22460] loss: 102679278.713
[2, 22480] loss: 102058549.025
[2, 22500] loss: 62762672.957
[2, 22520] loss: 50565479.615
[2, 22540] loss: 68737569.826
[2, 22560] loss: 76612790.034
[2, 22580] loss: 77617367.345
[2, 22600] loss: 40968506.056
[2, 22620] loss: 95138671.050
[2, 22640] loss: 100015861.096
[2, 22660] loss: 55616539.735
[2, 22680] loss: 60617485.459
[2, 22700] loss: 68246203.830
[2, 22720] loss: 95639840.553
[2, 22740] loss: 63338737.179
[2, 22760] loss: 40102618.213
[2, 22780] loss: 55889833.564
[2, 22800] loss: 103745762.273
[2, 22820] loss: 40177422.801
[2, 22840] loss: 92973066.953
[2, 22860] loss: 35612930.319
[2, 22880] loss: 90017289.275
[2, 22900] loss: 32701440.993
[2, 22920] loss: 39712834.517
[2, 22940] loss: 46919467.938
[2, 22960] loss: 70071145.778
[2, 22980] loss: 32670569.460
[2, 23000] loss: 97936475.985
[2, 23020] loss: 27455145.097
[2, 23040] loss: 33055381.423
[2, 23060] loss: 78246520.589
[2, 23080] loss: 49438124.795
[2, 23100] loss: 64268933.694
[2, 23120] loss: 90281697.606
[2, 23140] loss: 36795542.318
[2, 23160] loss: 58703717.196
[2, 23180] loss: 57329965.320
[2, 23200] loss: 84092521.465
[2, 23220] loss: 45206894.425
[2, 23240] loss: 48273430.128
[2, 23260] loss: 47902843.099
[2, 23280] loss: 46409724.116
[2, 23300] loss: 39971778.962
[2, 23320] loss: 39356890.755
[2, 23340] loss: 40671327.126
[2, 23360] loss: 45355942.314
[2, 23380] loss: 57505863.566
[2, 23400] loss: 59681766.978
[2, 23420] loss: 30373578.444
[2, 23440] loss: 23807127.592
[2, 23460] loss: 52154735.575
[2, 23480] loss: 75456621.975
[2, 23500] loss: 62419497.322
[2, 23520] loss: 48432244.241
[2, 23540] loss: 37944690.498
[2, 23560] loss: 33621487.722
[2, 23580] loss: 35518327.318
[2, 23600] loss: 25918980.617
[2, 23620] loss: 14216480.357
[2, 23640] loss: 37109836.943
[2, 23660] loss: 31010076.964
[2, 23680] loss: 57941669.116
[2, 23700] loss: 32381261.083
[2, 23720] loss: 39722828.567
[2, 23740] loss: 43587864.722
[2, 23760] loss: 52676625.111
[2, 23780] loss: 30734556.617
[2, 23800] loss: 30152651.837
[2, 23820] loss: 78883563.416
[2, 23840] loss: 44285981.096
[2, 23860] loss: 32621036.470
[2, 23880] loss: 27841416.930
[2, 23900] loss: 47132792.052
[2, 23920] loss: 21011882.928
[2, 23940] loss: 53319252.261
[2, 23960] loss: 51888860.903
[2, 23980] loss: 106110276.045
[2, 24000] loss: 62933568.690
[2, 24020] loss: 67189494.152
[2, 24040] loss: 72753415.650
[2, 24060] loss: 43857042.383
[2, 24080] loss: 101125333.428
[2, 24100] loss: 49445443.471
[2, 24120] loss: 32039326.369
[2, 24140] loss: 21599824.001
[2, 24160] loss: 38358552.696
[2, 24180] loss: 31978935.436
[2, 24200] loss: 42062082.843
[2, 24220] loss: 38086778.379
[2, 24240] loss: 32595911.502
[2, 24260] loss: 29722696.164
[2, 24280] loss: 43168007.800
[2, 24300] loss: 40163146.209
[2, 24320] loss: 25672024.728
[2, 24340] loss: 18231142.028
[2, 24360] loss: 25702375.578
[2, 24380] loss: 28589171.469
[2, 24400] loss: 20083194.721
[2, 24420] loss: 49986290.102
[2, 24440] loss: 59960848.314
[2, 24460] loss: 19778692.012
[2, 24480] loss: 43209496.605
[2, 24500] loss: 26630790.395
[2, 24520] loss: 28830062.736
[2, 24540] loss: 25091703.168
[2, 24560] loss: 22223999.495
[2, 24580] loss: 32313936.696
[2, 24600] loss: 24434456.374
[2, 24620] loss: 28731458.549
[2, 24640] loss: 25830010.359
[2, 24660] loss: 28059415.128
[2, 24680] loss: 29735566.709
[2, 24700] loss: 31316258.099
[2, 24720] loss: 25921359.756
[2, 24740] loss: 27124710.897
[2, 24760] loss: 29865484.053
[2, 24780] loss: 32552312.061
[2, 24800] loss: 69051898.581
[2, 24820] loss: 26555497.729
[2, 24840] loss: 25258272.480
[2, 24860] loss: 22530424.417
[2, 24880] loss: 17996620.579
[2, 24900] loss: 76414179.309
[2, 24920] loss: 24691334.844
[2, 24940] loss: 48704887.388
[2, 24960] loss: 24688456.389
[2, 24980] loss: 27672155.345
[2, 25000] loss: 25538766.518
[2, 25020] loss: 33275098.661
[2, 25040] loss: 37870202.070
[2, 25060] loss: 33542512.926
[2, 25080] loss: 14993660.534
[2, 25100] loss: 30989455.925
[2, 25120] loss: 53818802.426
[2, 25140] loss: 40201448.339
[2, 25160] loss: 14891595.306
[2, 25180] loss: 41519202.456
[2, 25200] loss: 87467061.027
[2, 25220] loss: 36607035.189
[2, 25240] loss: 40224990.971
[2, 25260] loss: 23195997.421
[2, 25280] loss: 9940184.052
[2, 25300] loss: 29729311.610
[2, 25320] loss: 34190024.331
[2, 25340] loss: 32923180.794
[2, 25360] loss: 18038779.246
[2, 25380] loss: 26307172.258
[2, 25400] loss: 34027530.452
[2, 25420] loss: 24941319.116
[2, 25440] loss: 23802373.902
[2, 25460] loss: 24303596.921
[2, 25480] loss: 39170760.702
[2, 25500] loss: 17660859.378
[2, 25520] loss: 21732078.630
[2, 25540] loss: 35442223.977
[2, 25560] loss: 30429872.495
[2, 25580] loss: 25121650.533
[2, 25600] loss: 54885551.159
[2, 25620] loss: 29483469.118
[2, 25640] loss: 18941265.190
[2, 25660] loss: 27808883.458
[2, 25680] loss: 11129695.478
[2, 25700] loss: 22584032.750
[2, 25720] loss: 28445794.181
[2, 25740] loss: 16542572.312
[2, 25760] loss: 19813372.629
[2, 25780] loss: 16902267.195
[2, 25800] loss: 21133600.519
[2, 25820] loss: 46065091.470
[2, 25840] loss: 27981924.384
[2, 25860] loss: 36965255.471
[2, 25880] loss: 28635780.210
[2, 25900] loss: 25023177.588
[2, 25920] loss: 17848470.616
[2, 25940] loss: 39090262.989
[2, 25960] loss: 13056545.261
[2, 25980] loss: 65642299.037
[2, 26000] loss: 66323666.749
[2, 26020] loss: 11976459.929
[2, 26040] loss: 44589176.950
[2, 26060] loss: 87249980.334
[2, 26080] loss: 113421942.950
[2, 26100] loss: 44032857.864
[2, 26120] loss: 340877494.353
[2, 26140] loss: 87285273.866
[2, 26160] loss: 30556864.260
[2, 26180] loss: 22949820.630
[2, 26200] loss: 25700500.677
[2, 26220] loss: 59807453.320
[2, 26240] loss: 57454154.630
[2, 26260] loss: 49933565.923
[2, 26280] loss: 62072237.032
[2, 26300] loss: 61843691.377
[2, 26320] loss: 40615599.388
[2, 26340] loss: 43669848.866
[2, 26360] loss: 49887573.053
[2, 26380] loss: 30091628.125
[2, 26400] loss: 20051492.669
[2, 26420] loss: 12419512.341
[2, 26440] loss: 11814274.763
[2, 26460] loss: 16929211.798
[2, 26480] loss: 21690621.980
[2, 26500] loss: 27476862.936
[2, 26520] loss: 10754014.725
[2, 26540] loss: 49645321.359
[2, 26560] loss: 61037035.499
[2, 26580] loss: 31466231.623
[2, 26600] loss: 22442802.124
[2, 26620] loss: 21282947.044
[2, 26640] loss: 23748163.595
[2, 26660] loss: 15505921.440
[2, 26680] loss: 15134855.264
[2, 26700] loss: 41350644.081
[2, 26720] loss: 26434674.731
[2, 26740] loss: 32649812.527
[2, 26760] loss: 17539815.858
[2, 26780] loss: 23423664.087
[2, 26800] loss: 21634611.496
[2, 26820] loss: 23328999.270
[2, 26840] loss: 30557559.148
[2, 26860] loss: 15280452.343
[2, 26880] loss: 13094993.581
[2, 26900] loss: 12162548.583
[2, 26920] loss: 10222723.353
[2, 26940] loss: 11357442.812
[2, 26960] loss: 13864304.648
[2, 26980] loss: 11635508.718
[2, 27000] loss: 34428834.723
[2, 27020] loss: 23694823.143
[2, 27040] loss: 20999653.637
[2, 27060] loss: 27234810.863
[2, 27080] loss: 25129972.957
[2, 27100] loss: 16566649.804
[2, 27120] loss: 20280719.884
[2, 27140] loss: 11274039.531
[2, 27160] loss: 22455150.948
[2, 27180] loss: 37521873.625
[2, 27200] loss: 68803276.542
[2, 27220] loss: 15711756.845
[2, 27240] loss: 19064165.011
[2, 27260] loss: 64896265.796
[2, 27280] loss: 36932997.866
[2, 27300] loss: 13371907.071
[2, 27320] loss: 26119209.303
[2, 27340] loss: 40068473.237
[2, 27360] loss: 34697864.986
[2, 27380] loss: 55039619.244
[2, 27400] loss: 51412153.183
[2, 27420] loss: 32042623.480
[2, 27440] loss: 29648368.539
[2, 27460] loss: 78883774.311
[2, 27480] loss: 26498680.006
[2, 27500] loss: 9837996.601
[2, 27520] loss: 17959025.053
[2, 27540] loss: 18789190.446
[2, 27560] loss: 12120397.971
[2, 27580] loss: 6480238.347
[2, 27600] loss: 20800768.822
[2, 27620] loss: 34157620.252
[2, 27640] loss: 11441013.170
[2, 27660] loss: 5311864.519
[2, 27680] loss: 29935424.952
[2, 27700] loss: 25792113.803
[2, 27720] loss: 62556077.164
[2, 27740] loss: 15561037.822
[2, 27760] loss: 23397125.414
[2, 27780] loss: 21756759.089
[2, 27800] loss: 30727234.791
[2, 27820] loss: 22543170.238
[2, 27840] loss: 32023337.980
[2, 27860] loss: 17309148.561
[2, 27880] loss: 20612462.387
[2, 27900] loss: 100901946.699
[2, 27920] loss: 267103727.188
[2, 27940] loss: 57740363.087
[2, 27960] loss: 27090737.909
[2, 27980] loss: 37620914.292
[2, 28000] loss: 11076389.125
[2, 28020] loss: 17669971.103
[2, 28040] loss: 17305873.681
[2, 28060] loss: 13062128.028
[2, 28080] loss: 16287854.845
[2, 28100] loss: 10425274.968
[2, 28120] loss: 6930059.509
[2, 28140] loss: 4537651.444
[2, 28160] loss: 16364504.503
[2, 28180] loss: 11192514.109
[2, 28200] loss: 10370434.445
[2, 28220] loss: 10650724.804
[2, 28240] loss: 6526732.729
[2, 28260] loss: 9706788.193
[2, 28280] loss: 9803590.166
[2, 28300] loss: 6748510.452
[2, 28320] loss: 6593690.161
[2, 28340] loss: 5978249.184
[2, 28360] loss: 12738539.981
[2, 28380] loss: 7462168.811
[2, 28400] loss: 17773273.606
[2, 28420] loss: 34126727.767
[2, 28440] loss: 26186778.666
[2, 28460] loss: 22742683.477
[2, 28480] loss: 18339693.173
[2, 28500] loss: 22013130.150
[2, 28520] loss: 17896141.651
[2, 28540] loss: 12624542.450
[2, 28560] loss: 10656088.805
[2, 28580] loss: 14663948.933
[2, 28600] loss: 4828804.807
[2, 28620] loss: 33106096.077
[2, 28640] loss: 29418487.392
[2, 28660] loss: 8398701.108
[2, 28680] loss: 5497505.249
[2, 28700] loss: 14448519.898
[2, 28720] loss: 16870332.657
[2, 28740] loss: 9008146.807
[2, 28760] loss: 8484802.474
[2, 28780] loss: 24802688.725
[2, 28800] loss: 24776373.441
[2, 28820] loss: 15599967.120
[2, 28840] loss: 16523436.462
[2, 28860] loss: 44306276.471
[2, 28880] loss: 56554016.360
[2, 28900] loss: 40073280.474
[2, 28920] loss: 18717413.438
[2, 28940] loss: 9087479.966
[2, 28960] loss: 11898890.072
[2, 28980] loss: 8243785.872
[2, 29000] loss: 33237161.879
[2, 29020] loss: 31184745.044
[2, 29040] loss: 33813418.922
[2, 29060] loss: 20465869.158
[2, 29080] loss: 28227060.305
[2, 29100] loss: 21298089.515
[2, 29120] loss: 25222438.231
[2, 29140] loss: 7309408.632
[2, 29160] loss: 7272656.512
[2, 29180] loss: 3100413.271
[2, 29200] loss: 4875719.522
[2, 29220] loss: 10079658.941
[2, 29240] loss: 2406878.648
[2, 29260] loss: 10760815.706
[2, 29280] loss: 6268318.733
[2, 29300] loss: 6131393.012
[2, 29320] loss: 5303209.234
[2, 29340] loss: 11412691.775
[2, 29360] loss: 6090446.508
[2, 29380] loss: 10172424.115
[2, 29400] loss: 5344196.638
[2, 29420] loss: 26523161.891
[2, 29440] loss: 48581077.242
[2, 29460] loss: 21840793.652
[2, 29480] loss: 132587026.052
[2, 29500] loss: 360478999.459
[2, 29520] loss: 375068803.550
[2, 29540] loss: 112383298.206
[2, 29560] loss: 178606045.961
[2, 29580] loss: 143450693.588
[2, 29600] loss: 50001778.727
[2, 29620] loss: 6935908.044
[2, 29640] loss: 12512506.563
[2, 29660] loss: 11672843.666
[2, 29680] loss: 8518980.451
[2, 29700] loss: 5371935.233
[2, 29720] loss: 4625218.045
[2, 29740] loss: 4789887.894
[2, 29760] loss: 3779539.076
[2, 29780] loss: 5205142.710
[2, 29800] loss: 4383843.803
[2, 29820] loss: 4475938.596
[2, 29840] loss: 4307408.140
[2, 29860] loss: 2132693.799
[2, 29880] loss: 3736929.905
[2, 29900] loss: 4656725.931
[2, 29920] loss: 1047608.323
[2, 29940] loss: 2996488.938
[2, 29960] loss: 2699439.954
[2, 29980] loss: 1456577.506
[2, 30000] loss: 1785720.536
[2, 30020] loss: 1659961.118
[2, 30040] loss: 2889473.344
[2, 30060] loss: 3100230.814
[2, 30080] loss: 6192529.953
[2, 30100] loss: 3633576.052
[2, 30120] loss: 4223782.404
[2, 30140] loss: 2940808.552
[2, 30160] loss: 6324391.107
[2, 30180] loss: 24090069.570
[2, 30200] loss: 7712726.827
[2, 30220] loss: 6455975.665
[2, 30240] loss: 3746841.492
[2, 30260] loss: 6262563.857
[2, 30280] loss: 6078231.359
[2, 30300] loss: 7210743.321
[2, 30320] loss: 3000590.643
[2, 30340] loss: 5713935.675
[2, 30360] loss: 3770622.993
[2, 30380] loss: 5307139.725
[2, 30400] loss: 5544402.786
[2, 30420] loss: 7375590.127
[1,    20] loss: 5681394.696
[1,    40] loss: 12392159.185
[1,    60] loss: 15252797.478
[1,    80] loss: 13227961.305
[1,   100] loss: 16532239.117
[1,   120] loss: 18205088.284
[1,   140] loss: 15686108.441
[1,   160] loss: 14219615.862
[1,   180] loss: 13018404.152
[1,   200] loss: 11732696.516
[1,   220] loss: 11030881.532
[1,   240] loss: 10363237.512
[1,   260] loss: 9957750.643
[1,   280] loss: 10043536.346
[1,   300] loss: 10035837.533
[1,   320] loss: 10548776.139
[1,   340] loss: 11068923.630
[1,   360] loss: 11143940.007
[1,   380] loss: 11383741.827
[1,   400] loss: 11792325.179
[1,   420] loss: 11695677.338
[1,   440] loss: 11762845.135
[1,   460] loss: 12011518.561
[1,   480] loss: 11521706.822
[1,   500] loss: 11101874.698
[1,   520] loss: 11044366.174
[1,   540] loss: 10999856.518
[1,   560] loss: 10924974.216
[1,   580] loss: 11391622.935
[1,   600] loss: 12132759.145
[1,   620] loss: 12331939.192
[1,   640] loss: 12153838.869
[1,   660] loss: 11848785.422
[1,   680] loss: 11556384.944
[1,   700] loss: 11241747.660
[1,   720] loss: 10951641.535
[1,   740] loss: 10664313.090
[1,   760] loss: 10394223.586
[1,   780] loss: 10130803.876
[1,   800] loss: 9883963.245
[1,   820] loss: 9646361.085
[1,   840] loss: 9420376.857
[1,   860] loss: 9206058.762
[1,   880] loss: 9003853.073
[1,   900] loss: 8811942.457
[1,   920] loss: 8643345.538
[1,   940] loss: 8480988.473
[1,   960] loss: 8317166.316
[1,   980] loss: 8250822.035
[1,  1000] loss: 8356889.232
[1,  1020] loss: 8485926.865
[1,  1040] loss: 8487599.357
[1,  1060] loss: 8447300.836
[1,  1080] loss: 8393945.453
[1,  1100] loss: 8307454.931
[1,  1120] loss: 8258710.248
[1,  1140] loss: 8119481.917
[1,  1160] loss: 7996196.375
[1,  1180] loss: 7911097.772
[1,  1200] loss: 7824913.000
[1,  1220] loss: 7719238.548
[1,  1240] loss: 7603391.854
[1,  1260] loss: 7490302.768
[1,  1280] loss: 7375181.407
[1,  1300] loss: 7272721.333
[1,  1320] loss: 7167670.315
[1,  1340] loss: 7147986.311
[1,  1360] loss: 7168631.471
[1,  1380] loss: 7173012.628
[1,  1400] loss: 7199962.430
[1,  1420] loss: 7269696.417
[1,  1440] loss: 7321667.363
[1,  1460] loss: 7367752.574
[1,  1480] loss: 7424469.107
[1,  1500] loss: 7509703.107
[1,  1520] loss: 7646841.856
[1,  1540] loss: 7824846.121
[1,  1560] loss: 8022248.167
[1,  1580] loss: 8176613.766
[1,  1600] loss: 8293584.987
[1,  1620] loss: 8404986.994
[1,  1640] loss: 8503246.111
[1,  1660] loss: 8544559.845
[1,  1680] loss: 8533462.592
[1,  1700] loss: 8579935.573
[1,  1720] loss: 8630887.946
[1,  1740] loss: 8639114.223
[1,  1760] loss: 8694059.100
[1,  1780] loss: 8720598.914
[1,  1800] loss: 8726337.685
[1,  1820] loss: 8761623.452
[1,  1840] loss: 8756155.022
[1,  1860] loss: 8691308.947
[1,  1880] loss: 8616594.142
[1,  1900] loss: 8549147.993
[1,  1920] loss: 8470592.352
[1,  1940] loss: 8385288.315
[1,  1960] loss: 8311830.784
[1,  1980] loss: 8252813.925
[1,  2000] loss: 8229534.316
[1,  2020] loss: 8151852.789
[1,  2040] loss: 8078264.180
[1,  2060] loss: 8006309.254
[1,  2080] loss: 7939423.207
[1,  2100] loss: 7874146.641
[1,  2120] loss: 7808913.952
[1,  2140] loss: 7755845.397
[1,  2160] loss: 7736080.666
[1,  2180] loss: 7738653.188
[1,  2200] loss: 7796527.656
[1,  2220] loss: 7942253.717
[1,  2240] loss: 8098111.502
[1,  2260] loss: 8373022.822
[1,  2280] loss: 8497040.873
[1,  2300] loss: 8709826.888
[1,  2320] loss: 8970886.274
[1,  2340] loss: 9207853.473
[1,  2360] loss: 9260954.189
[1,  2380] loss: 9293698.606
[1,  2400] loss: 9348738.868
[1,  2420] loss: 9382461.310
[1,  2440] loss: 9706090.476
[1,  2460] loss: 10057526.148
[1,  2480] loss: 10218528.804
[1,  2500] loss: 10258197.681
[1,  2520] loss: 10224988.564
[1,  2540] loss: 10193752.436
[1,  2560] loss: 10162327.996
[1,  2580] loss: 10160102.957
[1,  2600] loss: 10214528.490
[1,  2620] loss: 10292875.361
[1,  2640] loss: 10371130.594
[1,  2660] loss: 10434635.290
[1,  2680] loss: 10452894.612
[1,  2700] loss: 10401885.556
[1,  2720] loss: 10343782.226
[1,  2740] loss: 10302638.673
[1,  2760] loss: 10383071.937
[1,  2780] loss: 10596285.119
[1,  2800] loss: 10784154.082
[1,  2820] loss: 10895239.406
[1,  2840] loss: 10908253.818
[1,  2860] loss: 10881769.776
[1,  2880] loss: 10871005.066
[1,  2900] loss: 10871544.879
[1,  2920] loss: 10922500.264
[1,  2940] loss: 10987838.338
[1,  2960] loss: 11027844.868
[1,  2980] loss: 11012467.291
[1,  3000] loss: 11047438.088
[1,  3020] loss: 11052917.435
[1,  3040] loss: 11061305.416
[1,  3060] loss: 11164034.244
[1,  3080] loss: 11230535.621
[1,  3100] loss: 11260380.417
[1,  3120] loss: 11321102.329
[1,  3140] loss: 11356627.696
[1,  3160] loss: 11395462.770
[1,  3180] loss: 11459200.597
[1,  3200] loss: 11620971.509
[1,  3220] loss: 11784417.522
[1,  3240] loss: 11865760.024
[1,  3260] loss: 11827010.677
[1,  3280] loss: 11783692.198
[1,  3300] loss: 11808812.617
[1,  3320] loss: 11784947.086
[1,  3340] loss: 11724558.049
[1,  3360] loss: 11658903.233
[2,    20] loss: 5681394.696
[2,    40] loss: 12392159.185
[2,    60] loss: 15252797.478
[2,    80] loss: 13227961.305
[2,   100] loss: 16532239.117
[2,   120] loss: 18205088.284
[2,   140] loss: 15686108.441
[2,   160] loss: 14219615.862
[2,   180] loss: 13018404.152
[2,   200] loss: 11732696.516
[2,   220] loss: 11030881.532
[2,   240] loss: 10363237.512
[2,   260] loss: 9957750.643
[2,   280] loss: 10043536.346
[2,   300] loss: 10035837.533
[2,   320] loss: 10548776.139
[2,   340] loss: 11068923.630
[2,   360] loss: 11143940.007
[2,   380] loss: 11383741.827
[2,   400] loss: 11792325.179
[2,   420] loss: 11695677.338
[2,   440] loss: 11762845.135
[2,   460] loss: 12011518.561
[2,   480] loss: 11521706.822
[2,   500] loss: 11101874.698
[2,   520] loss: 11044366.174
[2,   540] loss: 10999856.518
[2,   560] loss: 10924974.216
[2,   580] loss: 11391622.935
[2,   600] loss: 12132759.145
[2,   620] loss: 12331939.192
[2,   640] loss: 12153838.869
[2,   660] loss: 11848785.422
[2,   680] loss: 11556384.944
[2,   700] loss: 11241747.660
[2,   720] loss: 10951641.535
[2,   740] loss: 10664313.090
[2,   760] loss: 10394223.586
[2,   780] loss: 10130803.876
[2,   800] loss: 9883963.245
[2,   820] loss: 9646361.085
[2,   840] loss: 9420376.857
[2,   860] loss: 9206058.762
[2,   880] loss: 9003853.073
[2,   900] loss: 8811942.457
[2,   920] loss: 8643345.538
[2,   940] loss: 8480988.473
[2,   960] loss: 8317166.316
[2,   980] loss: 8250822.035
[2,  1000] loss: 8356889.232
[2,  1020] loss: 8485926.865
[2,  1040] loss: 8487599.357
[2,  1060] loss: 8447300.836
[2,  1080] loss: 8393945.453
[2,  1100] loss: 8307454.931
[2,  1120] loss: 8258710.248
[2,  1140] loss: 8119481.917
[2,  1160] loss: 7996196.375
[2,  1180] loss: 7911097.772
[2,  1200] loss: 7824913.000
[2,  1220] loss: 7719238.548
[2,  1240] loss: 7603391.854
[2,  1260] loss: 7490302.768
[2,  1280] loss: 7375181.407
[2,  1300] loss: 7272721.333
[2,  1320] loss: 7167670.315
[2,  1340] loss: 7147986.311
[2,  1360] loss: 7168631.471
[2,  1380] loss: 7173012.628
[2,  1400] loss: 7199962.430
[2,  1420] loss: 7269696.417
[2,  1440] loss: 7321667.363
[2,  1460] loss: 7367752.574
[2,  1480] loss: 7424469.107
[2,  1500] loss: 7509703.107
[2,  1520] loss: 7646841.856
[2,  1540] loss: 7824846.121
[2,  1560] loss: 8022248.167
[2,  1580] loss: 8176613.766
[2,  1600] loss: 8293584.987
[2,  1620] loss: 8404986.994
[2,  1640] loss: 8503246.111
[2,  1660] loss: 8544559.845
[2,  1680] loss: 8533462.592
[2,  1700] loss: 8579935.573
[2,  1720] loss: 8630887.946
[2,  1740] loss: 8639114.223
[2,  1760] loss: 8694059.100
[2,  1780] loss: 8720598.914
[2,  1800] loss: 8726337.685
[2,  1820] loss: 8761623.452
[2,  1840] loss: 8756155.022
[2,  1860] loss: 8691308.947
[2,  1880] loss: 8616594.142
[2,  1900] loss: 8549147.993
[2,  1920] loss: 8470592.352
[2,  1940] loss: 8385288.315
[2,  1960] loss: 8311830.784
[2,  1980] loss: 8252813.925
[2,  2000] loss: 8229534.316
[2,  2020] loss: 8151852.789
[2,  2040] loss: 8078264.180
[2,  2060] loss: 8006309.254
[2,  2080] loss: 7939423.207
[2,  2100] loss: 7874146.641
[2,  2120] loss: 7808913.952
[2,  2140] loss: 7755845.397
[2,  2160] loss: 7736080.666
[2,  2180] loss: 7738653.188
[2,  2200] loss: 7796527.656
[2,  2220] loss: 7942253.717
[2,  2240] loss: 8098111.502
[2,  2260] loss: 8373022.822
[2,  2280] loss: 8497040.873
[2,  2300] loss: 8709826.888
[2,  2320] loss: 8970886.274
[2,  2340] loss: 9207853.473
[2,  2360] loss: 9260954.189
[2,  2380] loss: 9293698.606
[2,  2400] loss: 9348738.868
[2,  2420] loss: 9382461.310
[2,  2440] loss: 9706090.476
[2,  2460] loss: 10057526.148
[2,  2480] loss: 10218528.804
[2,  2500] loss: 10258197.681
[2,  2520] loss: 10224988.564
[2,  2540] loss: 10193752.436
[2,  2560] loss: 10162327.996
[2,  2580] loss: 10160102.957
[2,  2600] loss: 10214528.490
[2,  2620] loss: 10292875.361
[2,  2640] loss: 10371130.594
[2,  2660] loss: 10434635.290
[2,  2680] loss: 10452894.612
[2,  2700] loss: 10401885.556
[2,  2720] loss: 10343782.226
[2,  2740] loss: 10302638.673
[2,  2760] loss: 10383071.937
[2,  2780] loss: 10596285.119
[2,  2800] loss: 10784154.082
[2,  2820] loss: 10895239.406
[2,  2840] loss: 10908253.818
[2,  2860] loss: 10881769.776
[2,  2880] loss: 10871005.066
[2,  2900] loss: 10871544.879
[2,  2920] loss: 10922500.264
[2,  2940] loss: 10987838.338
[2,  2960] loss: 11027844.868
[2,  2980] loss: 11012467.291
[2,  3000] loss: 11047438.088
[2,  3020] loss: 11052917.435
[2,  3040] loss: 11061305.416
[2,  3060] loss: 11164034.244
[2,  3080] loss: 11230535.621
[2,  3100] loss: 11260380.417
[2,  3120] loss: 11321102.329
[2,  3140] loss: 11356627.696
[2,  3160] loss: 11395462.770
[2,  3180] loss: 11459200.597
[2,  3200] loss: 11620971.509
[2,  3220] loss: 11784417.522
[2,  3240] loss: 11865760.024
[2,  3260] loss: 11827010.677
[2,  3280] loss: 11783692.198
[2,  3300] loss: 11808812.617
[2,  3320] loss: 11784947.086
[2,  3340] loss: 11724558.049
[2,  3360] loss: 11658903.233
