cuda:  6
color_space: RGB
batch_size: 5
num_epcochs: 1
learning_rate: 0.001
[1,    20] loss: 0.117
[1,    40] loss: 0.053
[1,    60] loss: 0.097
[1,    80] loss: 0.101
[1,   100] loss: 0.083
[1,   120] loss: 0.126
[1,   140] loss: 0.182
[1,   160] loss: 0.068
[1,   180] loss: 0.086
[1,   200] loss: 0.042
[1,   220] loss: 0.095
[1,   240] loss: 0.096
[1,   260] loss: 0.157
[1,   280] loss: 0.123
[1,   300] loss: 0.107
[1,   320] loss: 0.135
[1,   340] loss: 0.080
[1,   360] loss: 0.057
[1,   380] loss: 0.107
[1,   400] loss: 0.070
[1,   420] loss: 0.081
[1,   440] loss: 0.061
[1,   460] loss: 0.093
[1,   480] loss: 0.116
[1,   500] loss: 0.116
[1,   520] loss: 0.040
[1,   540] loss: 0.055
[1,   560] loss: 0.059
[1,   580] loss: 0.051
[1,   600] loss: 0.102
[1,   620] loss: 0.063
[1,   640] loss: 0.077
[1,   660] loss: 0.175
[1,   680] loss: 0.099
[1,   700] loss: 0.083
[1,   720] loss: 0.114
[1,   740] loss: 0.073
[1,   760] loss: 0.118
[1,   780] loss: 0.056
[1,   800] loss: 0.091
[1,   820] loss: 0.056
[1,   840] loss: 0.100
[1,   860] loss: 0.087
[1,   880] loss: 0.045
[1,   900] loss: 0.089
[1,   920] loss: 0.078
[1,   940] loss: 0.147
[1,   960] loss: 0.111
[1,   980] loss: 0.117
[1,  1000] loss: 0.114
[1,  1020] loss: 0.083
[1,  1040] loss: 0.098
[1,  1060] loss: 0.033
[1,  1080] loss: 0.086
[1,  1100] loss: 0.062
[1,  1120] loss: 0.104
[1,  1140] loss: 0.119
[1,  1160] loss: 0.102
[1,  1180] loss: 0.082
[1,  1200] loss: 0.058
[1,  1220] loss: 0.067
[1,  1240] loss: 0.084
[1,  1260] loss: 0.104
[1,  1280] loss: 0.046
[1,  1300] loss: 0.055
[1,  1320] loss: 0.077
[1,  1340] loss: 0.090
[1,  1360] loss: 0.068
[1,  1380] loss: 0.063
[1,  1400] loss: 0.042
[1,  1420] loss: 0.043
[1,  1440] loss: 0.077
[1,  1460] loss: 0.079
[1,  1480] loss: 0.137
[1,  1500] loss: 0.076
[1,  1520] loss: 0.104
[1,  1540] loss: 0.095
[1,  1560] loss: 0.080
[1,  1580] loss: 0.089
[1,  1600] loss: 0.109
[1,  1620] loss: 0.107
[1,  1640] loss: 0.067
[1,  1660] loss: 0.068
[1,  1680] loss: 0.068
[1,  1700] loss: 0.090
[1,  1720] loss: 0.073
[1,  1740] loss: 0.110
[1,  1760] loss: 0.067
[1,  1780] loss: 0.078
[1,  1800] loss: 0.104
[1,  1820] loss: 0.046
[1,  1840] loss: 0.051
[1,  1860] loss: 0.054
[1,  1880] loss: 0.043
[1,  1900] loss: 0.073
[1,  1920] loss: 0.034
[1,  1940] loss: 0.067
[1,  1960] loss: 0.068
[1,  1980] loss: 0.084
[1,  2000] loss: 0.076
[1,  2020] loss: 0.093
[1,  2040] loss: 0.093
[1,  2060] loss: 0.073
[1,  2080] loss: 0.039
[1,  2100] loss: 0.111
[1,  2120] loss: 0.099
[1,  2140] loss: 0.089
[1,  2160] loss: 0.041
[1,  2180] loss: 0.080
[1,  2200] loss: 0.138
[1,  2220] loss: 0.144
[1,  2240] loss: 3841.699
[1,  2260] loss: 650501.842
[1,  2280] loss: 82335.383
[1,  2300] loss: 2098.433
[1,  2320] loss: 444.799
[1,  2340] loss: 74.962
[1,  2360] loss: 34.640
[1,  2380] loss: 23.048
[1,  2400] loss: 13.622
[1,  2420] loss: 13.511
[1,  2440] loss: 11.143
[1,  2460] loss: 13.565
[1,  2480] loss: 8.413
[1,  2500] loss: 9.481
[1,  2520] loss: 9.211
[1,  2540] loss: 8.637
[1,  2560] loss: 8.445
[1,  2580] loss: 6.407
[1,  2600] loss: 6.779
[1,  2620] loss: 7.310
[1,  2640] loss: 7.338
[1,  2660] loss: 6.070
[1,  2680] loss: 4.683
[1,  2700] loss: 5.180
[1,  2720] loss: 6.210
[1,  2740] loss: 5.496
[1,  2760] loss: 6.691
[1,  2780] loss: 7.043
[1,  2800] loss: 4.207
[1,  2820] loss: 3.770
[1,  2840] loss: 4.034
[1,  2860] loss: 3.667
[1,  2880] loss: 10.839
[1,  2900] loss: 3.422
[1,  2920] loss: 4.028
[1,  2940] loss: 3.605
[1,  2960] loss: 3.011
[1,  2980] loss: 3.433
[1,  3000] loss: 3.041
[1,  3020] loss: 6.919
[1,  3040] loss: 2.863
[1,  3060] loss: 3.575
[1,  3080] loss: 2.233
[1,  3100] loss: 8.379
[1,  3120] loss: 3.802
[1,  3140] loss: 3.389
[1,  3160] loss: 3.958
[1,  3180] loss: 4.116
[1,  3200] loss: 4.894
[1,  3220] loss: 3.641
[1,  3240] loss: 2.751
[1,  3260] loss: 2.823
[1,  3280] loss: 3.325
[1,  3300] loss: 2.686
[1,  3320] loss: 2.133
[1,  3340] loss: 2.713
[1,  3360] loss: 2.356
[1,  3380] loss: 2.602
[1,  3400] loss: 2.671
[1,  3420] loss: 2.743
[1,  3440] loss: 1.623
[1,  3460] loss: 1.722
[1,  3480] loss: 1.973
[1,  3500] loss: 3.389
[1,  3520] loss: 2.968
[1,  3540] loss: 2.495
[1,  3560] loss: 2.424
[1,  3580] loss: 2.939
[1,  3600] loss: 2.527
[1,  3620] loss: 3.229
[1,  3640] loss: 4.836
[1,  3660] loss: 2.791
[1,  3680] loss: 2.958
[1,  3700] loss: 1.790
[1,  3720] loss: 2.590
[1,  3740] loss: 3.073
[1,  3760] loss: 1.995
[1,  3780] loss: 2.032
[1,  3800] loss: 2.579
[1,  3820] loss: 2.420
[1,  3840] loss: 2.091
[1,  3860] loss: 2.665
[1,  3880] loss: 2.144
[1,  3900] loss: 3.472
[1,  3920] loss: 3.563
[1,  3940] loss: 1.810
[1,  3960] loss: 2.468
[1,  3980] loss: 1.561
[1,  4000] loss: 2.371
[1,  4020] loss: 1.619
[1,  4040] loss: 1.869
[1,  4060] loss: 2.272
[1,  4080] loss: 1.673
[1,  4100] loss: 1.684
[1,  4120] loss: 1.601
[1,  4140] loss: 2.827
[1,  4160] loss: 2.310
[1,  4180] loss: 2.114
[1,  4200] loss: 1.821
[1,  4220] loss: 1.421
[1,  4240] loss: 1.918
[1,  4260] loss: 1.509
[1,  4280] loss: 1.285
[1,  4300] loss: 1.805
[1,  4320] loss: 1.719
[1,  4340] loss: 1.407
[1,  4360] loss: 1.743
[1,  4380] loss: 2.372
[1,  4400] loss: 2.591
[1,  4420] loss: 2.062
[1,  4440] loss: 1.444
[1,  4460] loss: 1.846
[1,  4480] loss: 3.014
[1,  4500] loss: 1.512
[1,  4520] loss: 3.061
[1,  4540] loss: 2.263
[1,  4560] loss: 1.628
[1,  4580] loss: 0.975
[1,  4600] loss: 1.353
[1,  4620] loss: 1.366
[1,  4640] loss: 1.088
[1,  4660] loss: 1.610
[1,  4680] loss: 1.061
[1,  4700] loss: 1.394
[1,  4720] loss: 1.747
[1,  4740] loss: 0.863
[1,  4760] loss: 1.880
[1,  4780] loss: 2.215
[1,  4800] loss: 1.351
[1,  4820] loss: 1.299
[1,  4840] loss: 2.129
[1,  4860] loss: 1.055
[1,  4880] loss: 1.084
[1,  4900] loss: 0.989
[1,  4920] loss: 1.165
[1,  4940] loss: 1.262
[1,  4960] loss: 1.387
[1,  4980] loss: 1.255
[1,  5000] loss: 0.906
[1,  5020] loss: 1.502
[1,  5040] loss: 1.454
[1,  5060] loss: 1.216
[1,  5080] loss: 1.682
[1,  5100] loss: 1.191
[1,  5120] loss: 1.552
[1,  5140] loss: 1.223
[1,  5160] loss: 1.179
[1,  5180] loss: 1.149
[1,  5200] loss: 0.899
[1,  5220] loss: 1.204
[1,  5240] loss: 1.154
[1,  5260] loss: 1.105
[1,  5280] loss: 1.361
[1,  5300] loss: 1.185
[1,  5320] loss: 1.227
[1,  5340] loss: 1.256
[1,  5360] loss: 1.113
[1,  5380] loss: 0.868
[1,  5400] loss: 1.179
[1,  5420] loss: 1.215
[1,  5440] loss: 1.219
[1,  5460] loss: 1.207
[1,  5480] loss: 1.007
[1,  5500] loss: 1.376
[1,  5520] loss: 1.553
[1,  5540] loss: 0.865
[1,  5560] loss: 0.772
[1,  5580] loss: 0.933
[1,  5600] loss: 0.907
[1,  5620] loss: 0.937
[1,  5640] loss: 1.199
[1,  5660] loss: 0.856
[1,  5680] loss: 0.647
[1,  5700] loss: 1.046
[1,  5720] loss: 0.764
[1,  5740] loss: 1.269
[1,  5760] loss: 0.754
[1,  5780] loss: 0.814
[1,  5800] loss: 0.950
[1,  5820] loss: 0.841
[1,  5840] loss: 0.810
[1,  5860] loss: 1.131
[1,  5880] loss: 0.774
[1,  5900] loss: 0.885
[1,  5920] loss: 1.047
[1,  5940] loss: 1.449
[1,  5960] loss: 0.869
[1,  5980] loss: 0.895
[1,  6000] loss: 1.400
[1,  6020] loss: 0.780
[1,  6040] loss: 1.888
[1,  6060] loss: 1.286
[1,  6080] loss: 0.582
[1,    20] loss: 0.772
[1,    40] loss: 0.828
[1,    60] loss: 2.382
[1,    80] loss: 1.942
[1,   100] loss: 1.723
[1,   120] loss: 1.466
[1,   140] loss: 1.331
[1,   160] loss: 1.172
[1,   180] loss: 1.052
[1,   200] loss: 0.968
[1,   220] loss: 0.912
[1,   240] loss: 0.878
[1,   260] loss: 0.845
[1,   280] loss: 0.814
[1,   300] loss: 0.781
[1,   320] loss: 0.745
[1,   340] loss: 0.722
[1,   360] loss: 0.717
[1,   380] loss: 0.724
[1,   400] loss: 0.731
[1,   420] loss: 0.738
[1,   440] loss: 0.719
[1,   460] loss: 0.695
[1,   480] loss: 0.678
[1,   500] loss: 0.659
[1,   520] loss: 0.643
[1,   540] loss: 0.642
[1,   560] loss: 0.651
[1,   580] loss: 0.644
[1,   600] loss: 0.632
[1,   620] loss: 0.618
[1,   640] loss: 0.607
[1,   660] loss: 0.607
