cuda:  7
color_space: RGB
batch_size: 5
num_epcochs: 1
learning_rate: 0.001
[1,    20] loss: 0.059
[1,    40] loss: 0.086
[1,    60] loss: 0.059
[1,    80] loss: 0.067
[1,   100] loss: 0.054
[1,   120] loss: 0.096
[1,   140] loss: 0.055
[1,   160] loss: 0.101
[1,   180] loss: 0.074
[1,   200] loss: 0.094
[1,   220] loss: 0.067
[1,   240] loss: 0.066
[1,   260] loss: 0.076
[1,   280] loss: 0.046
[1,   300] loss: 0.131
[1,   320] loss: 0.097
[1,   340] loss: 0.083
[1,   360] loss: 0.082
[1,   380] loss: 0.109
[1,   400] loss: 0.122
[1,   420] loss: 0.098
[1,   440] loss: 0.111
[1,   460] loss: 0.078
[1,   480] loss: 0.076
[1,   500] loss: 0.098
[1,   520] loss: 0.066
[1,   540] loss: 0.086
[1,   560] loss: 0.083
[1,   580] loss: 0.172
[1,   600] loss: 0.042
[1,   620] loss: 0.086
[1,   640] loss: 0.051
[1,   660] loss: 0.110
[1,   680] loss: 0.096
[1,   700] loss: 0.145
[1,   720] loss: 0.097
[1,   740] loss: 0.045
[1,   760] loss: 0.103
[1,   780] loss: 0.134
[1,   800] loss: 0.143
[1,   820] loss: 0.050
[1,   840] loss: 0.082
[1,   860] loss: 0.055
[1,   880] loss: 0.060
[1,   900] loss: 0.043
[1,   920] loss: 0.075
[1,   940] loss: 0.040
[1,   960] loss: 0.059
[1,   980] loss: 0.051
[1,  1000] loss: 0.038
[1,  1020] loss: 0.074
[1,  1040] loss: 0.083
[1,  1060] loss: 0.154
[1,  1080] loss: 0.100
[1,  1100] loss: 0.091
[1,  1120] loss: 0.053
[1,  1140] loss: 0.055
[1,  1160] loss: 0.057
[1,  1180] loss: 0.103
[1,  1200] loss: 0.063
[1,  1220] loss: 0.145
[1,  1240] loss: 0.073
[1,  1260] loss: 0.104
[1,  1280] loss: 0.072
[1,  1300] loss: 0.070
[1,  1320] loss: 0.064
[1,  1340] loss: 0.083
[1,  1360] loss: 0.101
[1,  1380] loss: 0.067
[1,  1400] loss: 0.089
[1,  1420] loss: 0.132
[1,  1440] loss: 0.086
[1,  1460] loss: 0.065
[1,  1480] loss: 0.098
[1,  1500] loss: 0.143
[1,  1520] loss: 0.647
[1,  1540] loss: 4207.192
[1,  1560] loss: 151276.067
[1,  1580] loss: 17027.786
[1,  1600] loss: 56.539
[1,  1620] loss: 63.561
[1,  1640] loss: 17.843
[1,  1660] loss: 10.525
[1,  1680] loss: 5.944
[1,  1700] loss: 4.527
[1,  1720] loss: 3.348
[1,  1740] loss: 3.215
[1,  1760] loss: 2.147
[1,  1780] loss: 1.960
[1,  1800] loss: 1.572
[1,  1820] loss: 1.702
[1,  1840] loss: 1.235
[1,  1860] loss: 1.216
[1,  1880] loss: 0.993
[1,  1900] loss: 0.934
[1,  1920] loss: 0.789
[1,  1940] loss: 0.649
[1,  1960] loss: 0.712
[1,  1980] loss: 0.631
[1,  2000] loss: 0.878
[1,  2020] loss: 0.620
[1,  2040] loss: 0.606
[1,  2060] loss: 0.408
[1,  2080] loss: 0.543
[1,  2100] loss: 0.453
[1,  2120] loss: 0.587
[1,  2140] loss: 0.334
[1,  2160] loss: 0.720
[1,  2180] loss: 0.582
[1,  2200] loss: 0.429
[1,  2220] loss: 0.446
[1,  2240] loss: 0.328
[1,  2260] loss: 0.395
[1,  2280] loss: 0.376
[1,  2300] loss: 0.248
[1,  2320] loss: 0.414
[1,  2340] loss: 0.458
[1,  2360] loss: 0.386
[1,  2380] loss: 0.364
[1,  2400] loss: 0.397
[1,  2420] loss: 0.310
[1,  2440] loss: 0.334
[1,  2460] loss: 0.369
[1,  2480] loss: 0.469
[1,  2500] loss: 0.350
[1,  2520] loss: 0.381
[1,  2540] loss: 0.315
[1,  2560] loss: 0.303
[1,  2580] loss: 0.291
[1,  2600] loss: 0.337
[1,  2620] loss: 0.369
[1,  2640] loss: 0.369
[1,  2660] loss: 0.267
[1,  2680] loss: 0.375
[1,  2700] loss: 0.302
[1,  2720] loss: 0.255
[1,  2740] loss: 0.393
[1,  2760] loss: 0.316
[1,  2780] loss: 0.227
[1,  2800] loss: 0.282
[1,  2820] loss: 0.259
[1,  2840] loss: 0.342
[1,  2860] loss: 0.340
[1,  2880] loss: 0.277
[1,  2900] loss: 0.298
[1,  2920] loss: 0.262
[1,  2940] loss: 0.229
[1,  2960] loss: 0.179
[1,  2980] loss: 0.291
[1,  3000] loss: 0.293
[1,  3020] loss: 0.363
[1,  3040] loss: 0.357
[1,  3060] loss: 0.229
[1,  3080] loss: 0.233
[1,  3100] loss: 0.237
[1,  3120] loss: 0.226
[1,  3140] loss: 0.217
[1,  3160] loss: 0.290
[1,  3180] loss: 0.280
[1,  3200] loss: 0.225
[1,  3220] loss: 0.226
[1,  3240] loss: 0.219
[1,  3260] loss: 0.312
[1,  3280] loss: 0.252
[1,  3300] loss: 0.194
[1,  3320] loss: 0.209
[1,  3340] loss: 0.263
[1,  3360] loss: 0.157
[1,  3380] loss: 0.174
[1,  3400] loss: 0.181
[1,  3420] loss: 0.198
[1,  3440] loss: 0.164
[1,  3460] loss: 0.262
[1,  3480] loss: 0.242
[1,  3500] loss: 0.288
[1,  3520] loss: 0.214
[1,  3540] loss: 0.169
[1,  3560] loss: 0.207
[1,  3580] loss: 0.220
[1,  3600] loss: 0.380
[1,  3620] loss: 0.204
[1,  3640] loss: 0.198
[1,  3660] loss: 0.201
[1,  3680] loss: 0.281
[1,  3700] loss: 0.240
[1,  3720] loss: 0.184
[1,  3740] loss: 0.174
[1,  3760] loss: 0.202
[1,  3780] loss: 0.200
[1,  3800] loss: 0.167
[1,  3820] loss: 0.179
[1,  3840] loss: 0.219
[1,  3860] loss: 0.162
[1,  3880] loss: 0.134
[1,  3900] loss: 0.197
[1,  3920] loss: 0.142
[1,  3940] loss: 0.263
[1,  3960] loss: 0.220
[1,  3980] loss: 0.154
[1,  4000] loss: 0.174
[1,  4020] loss: 0.176
[1,  4040] loss: 0.129
[1,  4060] loss: 0.243
[1,  4080] loss: 0.205
[1,  4100] loss: 0.142
[1,  4120] loss: 0.168
[1,  4140] loss: 0.242
[1,  4160] loss: 0.228
[1,  4180] loss: 0.145
[1,  4200] loss: 0.126
[1,  4220] loss: 0.161
[1,  4240] loss: 0.121
[1,  4260] loss: 0.186
[1,  4280] loss: 0.160
[1,  4300] loss: 0.235
[1,  4320] loss: 0.186
[1,  4340] loss: 0.156
[1,  4360] loss: 0.145
[1,  4380] loss: 0.163
[1,  4400] loss: 0.225
[1,  4420] loss: 0.120
[1,  4440] loss: 0.080
[1,  4460] loss: 0.235
[1,  4480] loss: 0.193
[1,  4500] loss: 0.146
[1,  4520] loss: 0.133
[1,  4540] loss: 0.166
[1,  4560] loss: 0.135
[1,  4580] loss: 0.109
[1,  4600] loss: 0.104
[1,  4620] loss: 0.116
[1,  4640] loss: 0.111
[1,  4660] loss: 0.086
[1,  4680] loss: 0.137
[1,  4700] loss: 0.129
[1,  4720] loss: 0.092
[1,  4740] loss: 0.082
[1,  4760] loss: 0.132
[1,  4780] loss: 0.124
[1,  4800] loss: 0.123
[1,  4820] loss: 0.091
[1,  4840] loss: 0.093
[1,  4860] loss: 0.154
[1,  4880] loss: 0.155
[1,  4900] loss: 0.105
[1,  4920] loss: 0.094
[1,  4940] loss: 0.094
[1,  4960] loss: 0.146
[1,  4980] loss: 0.097
[1,  5000] loss: 0.157
[1,  5020] loss: 0.138
[1,  5040] loss: 0.106
[1,  5060] loss: 0.118
[1,  5080] loss: 0.122
[1,  5100] loss: 0.157
[1,  5120] loss: 0.208
[1,  5140] loss: 0.124
[1,  5160] loss: 0.148
[1,  5180] loss: 0.121
[1,  5200] loss: 0.086
[1,  5220] loss: 0.128
[1,  5240] loss: 0.093
[1,  5260] loss: 0.111
[1,  5280] loss: 0.083
[1,  5300] loss: 0.100
[1,  5320] loss: 0.117
[1,  5340] loss: 0.136
[1,  5360] loss: 0.114
[1,  5380] loss: 0.116
[1,  5400] loss: 0.162
[1,  5420] loss: 0.113
[1,  5440] loss: 0.167
[1,  5460] loss: 0.162
[1,  5480] loss: 0.080
[1,  5500] loss: 0.135
[1,  5520] loss: 0.080
[1,  5540] loss: 0.091
[1,  5560] loss: 0.093
[1,  5580] loss: 0.055
[1,  5600] loss: 0.095
[1,  5620] loss: 0.075
[1,  5640] loss: 0.081
[1,  5660] loss: 0.105
[1,  5680] loss: 0.082
[1,  5700] loss: 0.091
[1,  5720] loss: 0.112
[1,  5740] loss: 0.106
[1,  5760] loss: 0.078
[1,  5780] loss: 0.141
[1,  5800] loss: 0.074
[1,  5820] loss: 0.088
[1,  5840] loss: 0.175
[1,  5860] loss: 0.157
[1,  5880] loss: 0.094
[1,  5900] loss: 0.117
[1,  5920] loss: 0.083
[1,  5940] loss: 0.102
[1,  5960] loss: 0.061
[1,  5980] loss: 0.108
[1,  6000] loss: 0.140
[1,  6020] loss: 0.088
[1,  6040] loss: 0.133
[1,  6060] loss: 0.068
[1,  6080] loss: 0.096
[1,    20] loss: 0.021
[1,    40] loss: 0.030
[1,    60] loss: 0.022
[1,    80] loss: 0.019
[1,   100] loss: 0.020
[1,   120] loss: 0.019
[1,   140] loss: 0.020
[1,   160] loss: 0.017
[1,   180] loss: 0.016
[1,   200] loss: 0.018
[1,   220] loss: 0.020
[1,   240] loss: 0.026
[1,   260] loss: 0.034
[1,   280] loss: 0.034
[1,   300] loss: 0.033
[1,   320] loss: 0.033
[1,   340] loss: 0.033
[1,   360] loss: 0.032
[1,   380] loss: 0.030
[1,   400] loss: 0.031
[1,   420] loss: 0.030
[1,   440] loss: 0.030
[1,   460] loss: 0.030
[1,   480] loss: 0.030
[1,   500] loss: 0.029
[1,   520] loss: 0.030
[1,   540] loss: 0.029
[1,   560] loss: 0.028
[1,   580] loss: 0.028
[1,   600] loss: 0.028
[1,   620] loss: 0.028
[1,   640] loss: 0.028
[1,   660] loss: 0.028
