cuda:  3
color_space: RGB
batch_size: 5
num_epcochs: 1
learning_rate: 0.002
[1,    20] loss: 0.239
[1,    40] loss: 0.256
[1,    60] loss: 1.190
[1,    80] loss: 0.097
[1,   100] loss: 0.115
[1,   120] loss: 0.079
[1,   140] loss: 0.073
[1,   160] loss: 0.049
[1,   180] loss: 0.070
[1,   200] loss: 0.066
[1,   220] loss: 0.037
[1,   240] loss: 0.049
[1,   260] loss: 0.066
[1,   280] loss: 0.122
[1,   300] loss: 0.047
[1,   320] loss: 0.047
[1,   340] loss: 0.116
[1,   360] loss: 0.044
[1,   380] loss: 0.044
[1,   400] loss: 0.057
[1,   420] loss: 0.085
[1,   440] loss: 0.096
[1,   460] loss: 0.115
[1,   480] loss: 0.064
[1,   500] loss: 0.083
[1,   520] loss: 0.080
[1,   540] loss: 0.084
[1,   560] loss: 0.062
[1,   580] loss: 0.084
[1,   600] loss: 0.043
[1,   620] loss: 0.063
[1,   640] loss: 0.045
[1,   660] loss: 0.054
[1,   680] loss: 0.048
[1,   700] loss: 0.115
[1,   720] loss: 0.103
[1,   740] loss: 0.140
[1,   760] loss: 0.087
[1,   780] loss: 0.052
[1,   800] loss: 0.070
[1,   820] loss: 0.058
[1,   840] loss: 0.075
[1,   860] loss: 0.114
[1,   880] loss: 0.098
[1,   900] loss: 0.052
[1,   920] loss: 0.060
[1,   940] loss: 0.072
[1,   960] loss: 0.038
[1,   980] loss: 0.071
[1,  1000] loss: 0.069
[1,  1020] loss: 0.095
[1,  1040] loss: 0.091
[1,  1060] loss: 0.049
[1,  1080] loss: 0.084
[1,  1100] loss: 0.075
[1,  1120] loss: 0.047
[1,  1140] loss: 0.079
[1,  1160] loss: 0.100
[1,  1180] loss: 0.111
[1,  1200] loss: 0.088
[1,  1220] loss: 0.115
[1,  1240] loss: 0.075
[1,  1260] loss: 0.095
[1,  1280] loss: 0.079
[1,  1300] loss: 0.090
[1,  1320] loss: 0.080
[1,  1340] loss: 0.060
[1,  1360] loss: 0.070
[1,  1380] loss: 0.077
[1,  1400] loss: 0.036
[1,  1420] loss: 0.117
[1,  1440] loss: 0.049
[1,  1460] loss: 0.048
[1,  1480] loss: 0.061
[1,  1500] loss: 0.046
[1,  1520] loss: 0.047
[1,  1540] loss: 0.041
[1,  1560] loss: 0.059
[1,  1580] loss: 0.066
[1,  1600] loss: 0.074
[1,  1620] loss: 0.069
[1,  1640] loss: 0.082
[1,  1660] loss: 0.115
[1,  1680] loss: 0.085
[1,  1700] loss: 0.076
[1,  1720] loss: 0.043
[1,  1740] loss: 0.044
[1,  1760] loss: 0.059
[1,  1780] loss: 0.090
[1,  1800] loss: 0.056
[1,  1820] loss: 0.055
[1,  1840] loss: 0.087
[1,  1860] loss: 0.079
[1,  1880] loss: 0.079
[1,  1900] loss: 0.045
[1,  1920] loss: 0.087
[1,  1940] loss: 0.087
[1,  1960] loss: 0.106
[1,  1980] loss: 0.061
[1,  2000] loss: 0.104
[1,  2020] loss: 0.064
[1,  2040] loss: 0.078
[1,  2060] loss: 0.064
[1,  2080] loss: 0.102
[1,  2100] loss: 0.065
[1,  2120] loss: 0.070
[1,  2140] loss: 0.049
[1,  2160] loss: 0.044
[1,  2180] loss: 0.087
[1,  2200] loss: 0.126
[1,  2220] loss: 0.082
[1,  2240] loss: 0.082
[1,  2260] loss: 0.047
[1,  2280] loss: 0.073
[1,  2300] loss: 0.083
[1,  2320] loss: 0.053
[1,  2340] loss: 0.069
[1,  2360] loss: 0.076
[1,  2380] loss: 0.062
[1,  2400] loss: 0.076
[1,  2420] loss: 0.085
[1,  2440] loss: 0.041
[1,  2460] loss: 0.079
[1,  2480] loss: 0.093
[1,  2500] loss: 0.065
[1,  2520] loss: 0.054
[1,  2540] loss: 0.045
[1,  2560] loss: 0.040
[1,  2580] loss: 0.074
[1,  2600] loss: 0.179
[1,  2620] loss: 0.082
[1,  2640] loss: 0.079
[1,  2660] loss: 0.067
[1,  2680] loss: 0.069
[1,  2700] loss: 0.078
[1,  2720] loss: 0.100
[1,  2740] loss: 0.105
[1,  2760] loss: 0.078
[1,  2780] loss: 0.081
[1,  2800] loss: 0.092
[1,  2820] loss: 0.083
[1,  2840] loss: 0.076
[1,  2860] loss: 0.096
[1,  2880] loss: 0.050
[1,  2900] loss: 0.074
[1,  2920] loss: 0.095
[1,  2940] loss: 0.055
[1,  2960] loss: 0.064
[1,  2980] loss: 0.052
[1,  3000] loss: 0.030
[1,  3020] loss: 0.056
[1,  3040] loss: 0.125
[1,  3060] loss: 0.050
[1,  3080] loss: 0.059
[1,  3100] loss: 0.075
[1,  3120] loss: 0.084
[1,  3140] loss: 0.096
[1,  3160] loss: 0.070
[1,  3180] loss: 0.060
[1,  3200] loss: 0.074
[1,  3220] loss: 0.046
[1,  3240] loss: 0.064
[1,  3260] loss: 0.056
[1,  3280] loss: 0.131
[1,  3300] loss: 0.076
[1,  3320] loss: 0.075
[1,  3340] loss: 0.036
[1,  3360] loss: 0.115
[1,  3380] loss: 0.081
[1,  3400] loss: 0.068
[1,  3420] loss: 0.066
[1,  3440] loss: 0.080
[1,  3460] loss: 0.109
[1,  3480] loss: 0.064
[1,  3500] loss: 0.036
[1,  3520] loss: 0.143
[1,  3540] loss: 0.107
[1,  3560] loss: 0.074
[1,  3580] loss: 0.094
[1,  3600] loss: 0.072
[1,  3620] loss: 0.080
[1,  3640] loss: 0.174
[1,  3660] loss: 0.049
[1,  3680] loss: 0.090
[1,  3700] loss: 0.100
[1,  3720] loss: 0.078
[1,  3740] loss: 0.043
[1,  3760] loss: 0.068
[1,  3780] loss: 0.111
[1,  3800] loss: 0.135
[1,  3820] loss: 8618067.491
[1,  3840] loss: 89679766.412
[1,  3860] loss: 6989702.485
[1,  3880] loss: 761355.816
[1,  3900] loss: 161860.041
[1,  3920] loss: 31192.451
[1,  3940] loss: 7846.132
[1,  3960] loss: 4694.054
[1,  3980] loss: 1711.903
[1,  4000] loss: 1572.237
[1,  4020] loss: 1226.474
[1,  4040] loss: 1050.210
[1,  4060] loss: 1356.013
[1,  4080] loss: 859.031
[1,  4100] loss: 1291.482
[1,  4120] loss: 1009.446
[1,  4140] loss: 798.999
[1,  4160] loss: 1239.290
[1,  4180] loss: 724.189
[1,  4200] loss: 840.710
[1,  4220] loss: 786.760
[1,  4240] loss: 535.744
[1,  4260] loss: 727.450
[1,  4280] loss: 535.605
[1,  4300] loss: 876.800
[1,  4320] loss: 943.212
[1,  4340] loss: 579.600
[1,  4360] loss: 743.733
[1,  4380] loss: 715.972
[1,  4400] loss: 716.635
[1,  4420] loss: 942.490
[1,  4440] loss: 749.287
[1,  4460] loss: 580.181
[1,  4480] loss: 504.338
[1,  4500] loss: 490.711
[1,  4520] loss: 734.544
[1,  4540] loss: 555.826
[1,  4560] loss: 481.080
[1,  4580] loss: 776.158
[1,  4600] loss: 781.324
[1,  4620] loss: 787.142
[1,  4640] loss: 584.333
[1,  4660] loss: 581.740
[1,  4680] loss: 591.874
[1,  4700] loss: 667.390
[1,  4720] loss: 478.841
[1,  4740] loss: 668.331
[1,  4760] loss: 483.879
[1,  4780] loss: 470.218
[1,  4800] loss: 456.879
[1,  4820] loss: 456.919
[1,  4840] loss: 360.394
[1,  4860] loss: 782.912
[1,  4880] loss: 450.615
[1,  4900] loss: 619.304
[1,  4920] loss: 322.562
[1,  4940] loss: 512.729
[1,  4960] loss: 627.896
[1,  4980] loss: 421.236
[1,  5000] loss: 326.618
[1,  5020] loss: 634.381
[1,  5040] loss: 629.499
[1,  5060] loss: 676.621
[1,  5080] loss: 714.573
[1,  5100] loss: 306.319
[1,  5120] loss: 412.006
[1,  5140] loss: 361.547
[1,  5160] loss: 316.845
[1,  5180] loss: 410.986
[1,  5200] loss: 393.263
[1,  5220] loss: 392.251
[1,  5240] loss: 360.887
[1,  5260] loss: 420.913
[1,  5280] loss: 424.250
[1,  5300] loss: 500.852
[1,  5320] loss: 433.705
[1,  5340] loss: 259.530
[1,  5360] loss: 446.750
[1,  5380] loss: 326.010
[1,  5400] loss: 291.542
[1,  5420] loss: 398.864
[1,  5440] loss: 534.095
[1,  5460] loss: 389.662
[1,  5480] loss: 429.214
[1,  5500] loss: 513.207
[1,  5520] loss: 549.359
[1,  5540] loss: 568.478
[1,  5560] loss: 418.406
[1,  5580] loss: 312.990
[1,  5600] loss: 349.778
[1,  5620] loss: 407.778
[1,  5640] loss: 332.655
[1,  5660] loss: 418.497
[1,  5680] loss: 394.275
[1,  5700] loss: 364.329
[1,  5720] loss: 1228.110
[1,  5740] loss: 1585.682
[1,  5760] loss: 405.621
[1,  5780] loss: 247.226
[1,  5800] loss: 309.578
[1,  5820] loss: 245.810
[1,  5840] loss: 282.048
[1,  5860] loss: 311.120
[1,  5880] loss: 245.729
[1,  5900] loss: 223.614
[1,  5920] loss: 214.523
[1,  5940] loss: 321.940
[1,  5960] loss: 556.289
[1,  5980] loss: 281.510
[1,  6000] loss: 254.059
[1,  6020] loss: 237.456
[1,  6040] loss: 273.277
[1,  6060] loss: 221.110
[1,  6080] loss: 372.204
[1,    20] loss: 346.152
[1,    40] loss: 575.526
[1,    60] loss: 689.827
[1,    80] loss: 646.786
[1,   100] loss: 553.698
[1,   120] loss: 488.494
[1,   140] loss: 422.778
[1,   160] loss: 374.614
[1,   180] loss: 343.301
[1,   200] loss: 313.186
[1,   220] loss: 291.880
[1,   240] loss: 281.017
[1,   260] loss: 260.852
[1,   280] loss: 242.762
[1,   300] loss: 227.140
[1,   320] loss: 214.454
[1,   340] loss: 204.552
[1,   360] loss: 195.345
[1,   380] loss: 188.969
[1,   400] loss: 206.396
[1,   420] loss: 207.419
[1,   440] loss: 199.854
[1,   460] loss: 194.025
[1,   480] loss: 191.855
[1,   500] loss: 187.646
[1,   520] loss: 181.401
[1,   540] loss: 177.230
[1,   560] loss: 176.283
[1,   580] loss: 173.030
[1,   600] loss: 168.888
[1,   620] loss: 166.764
[1,   640] loss: 167.371
[1,   660] loss: 170.391
