cuda:  1
color_space: RGB
batch_size: 5
num_epcochs: 1
learning_rate: 0.002
[1,    20] loss: 0.434
[1,    40] loss: 0.184
[1,    60] loss: 0.119
[1,    80] loss: 0.078
[1,   100] loss: 0.067
[1,   120] loss: 0.109
[1,   140] loss: 0.074
[1,   160] loss: 0.080
[1,   180] loss: 0.049
[1,   200] loss: 0.050
[1,   220] loss: 0.151
[1,   240] loss: 0.095
[1,   260] loss: 0.170
[1,   280] loss: 0.109
[1,   300] loss: 0.074
[1,   320] loss: 0.070
[1,   340] loss: 0.085
[1,   360] loss: 0.044
[1,   380] loss: 0.041
[1,   400] loss: 0.073
[1,   420] loss: 0.063
[1,   440] loss: 0.063
[1,   460] loss: 0.121
[1,   480] loss: 0.115
[1,   500] loss: 0.127
[1,   520] loss: 0.083
[1,   540] loss: 0.086
[1,   560] loss: 0.074
[1,   580] loss: 0.117
[1,   600] loss: 0.071
[1,   620] loss: 0.103
[1,   640] loss: 0.030
[1,   660] loss: 0.083
[1,   680] loss: 0.045
[1,   700] loss: 0.102
[1,   720] loss: 0.061
[1,   740] loss: 0.063
[1,   760] loss: 0.092
[1,   780] loss: 0.069
[1,   800] loss: 0.100
[1,   820] loss: 0.072
[1,   840] loss: 0.047
[1,   860] loss: 0.098
[1,   880] loss: 0.043
[1,   900] loss: 0.090
[1,   920] loss: 0.095
[1,   940] loss: 0.091
[1,   960] loss: 0.122
[1,   980] loss: 0.048
[1,  1000] loss: 0.109
[1,  1020] loss: 0.080
[1,  1040] loss: 0.085
[1,  1060] loss: 0.077
[1,  1080] loss: 0.038
[1,  1100] loss: 0.067
[1,  1120] loss: 0.099
[1,  1140] loss: 0.085
[1,  1160] loss: 0.100
[1,  1180] loss: 0.089
[1,  1200] loss: 0.075
[1,  1220] loss: 0.045
[1,  1240] loss: 0.062
[1,  1260] loss: 0.082
[1,  1280] loss: 0.117
[1,  1300] loss: 0.043
[1,  1320] loss: 0.086
[1,  1340] loss: 0.075
[1,  1360] loss: 0.101
[1,  1380] loss: 0.067
[1,  1400] loss: 0.049
[1,  1420] loss: 0.056
[1,  1440] loss: 0.071
[1,  1460] loss: 0.082
[1,  1480] loss: 0.102
[1,  1500] loss: 0.113
[1,  1520] loss: 0.098
[1,  1540] loss: 0.086
[1,  1560] loss: 0.054
[1,  1580] loss: 0.090
[1,  1600] loss: 0.055
[1,  1620] loss: 0.082
[1,  1640] loss: 0.045
[1,  1660] loss: 0.107
[1,  1680] loss: 0.075
[1,  1700] loss: 0.086
[1,  1720] loss: 0.140
[1,  1740] loss: 0.057
[1,  1760] loss: 0.115
[1,  1780] loss: 0.084
[1,  1800] loss: 0.094
[1,  1820] loss: 0.060
[1,  1840] loss: 0.064
[1,  1860] loss: 0.090
[1,  1880] loss: 0.088
[1,  1900] loss: 0.108
[1,  1920] loss: 0.081
[1,  1940] loss: 0.096
[1,  1960] loss: 0.105
[1,  1980] loss: 0.071
[1,  2000] loss: 0.075
[1,  2020] loss: 0.052
[1,  2040] loss: 0.110
[1,  2060] loss: 0.079
[1,  2080] loss: 0.052
[1,  2100] loss: 0.088
[1,  2120] loss: 0.053
[1,  2140] loss: 0.058
[1,  2160] loss: 0.149
[1,  2180] loss: 0.091
[1,  2200] loss: 0.113
[1,  2220] loss: 0.091
[1,  2240] loss: 0.118
[1,  2260] loss: 0.157
[1,  2280] loss: 0.052
[1,  2300] loss: 0.082
[1,  2320] loss: 0.061
[1,  2340] loss: 0.079
[1,  2360] loss: 0.088
[1,  2380] loss: 0.055
[1,  2400] loss: 0.079
[1,  2420] loss: 0.066
[1,  2440] loss: 0.113
[1,  2460] loss: 0.056
[1,  2480] loss: 0.087
[1,  2500] loss: 0.097
[1,  2520] loss: 0.051
[1,  2540] loss: 0.047
[1,  2560] loss: 0.066
[1,  2580] loss: 0.112
[1,  2600] loss: 0.114
[1,  2620] loss: 0.080
[1,  2640] loss: 0.048
[1,  2660] loss: 0.044
[1,  2680] loss: 0.105
[1,  2700] loss: 0.083
[1,  2720] loss: 0.068
[1,  2740] loss: 0.108
[1,  2760] loss: 0.084
[1,  2780] loss: 0.089
[1,  2800] loss: 0.089
[1,  2820] loss: 0.056
[1,  2840] loss: 0.056
[1,  2860] loss: 0.084
[1,  2880] loss: 0.074
[1,  2900] loss: 0.064
[1,  2920] loss: 0.148
[1,  2940] loss: 0.071
[1,  2960] loss: 0.114
[1,  2980] loss: 0.058
[1,  3000] loss: 0.051
[1,  3020] loss: 0.074
[1,  3040] loss: 0.052
[1,  3060] loss: 0.060
[1,  3080] loss: 0.049
[1,  3100] loss: 0.085
[1,  3120] loss: 0.086
[1,  3140] loss: 0.073
[1,  3160] loss: 0.071
[1,  3180] loss: 0.111
[1,  3200] loss: 0.125
[1,  3220] loss: 0.072
[1,  3240] loss: 0.080
[1,  3260] loss: 0.072
[1,  3280] loss: 0.090
[1,  3300] loss: 0.088
[1,  3320] loss: 0.038
[1,  3340] loss: 0.080
[1,  3360] loss: 0.099
[1,  3380] loss: 0.056
[1,  3400] loss: 0.104
[1,  3420] loss: 0.129
[1,  3440] loss: 0.126
[1,  3460] loss: 0.081
[1,  3480] loss: 0.074
[1,  3500] loss: 0.090
[1,  3520] loss: 0.067
[1,  3540] loss: 0.080
[1,  3560] loss: 0.082
[1,  3580] loss: 0.066
[1,  3600] loss: 0.055
[1,  3620] loss: 0.036
[1,  3640] loss: 0.051
[1,  3660] loss: 0.088
[1,  3680] loss: 0.072
[1,  3700] loss: 0.113
[1,  3720] loss: 0.084
[1,  3740] loss: 0.071
[1,  3760] loss: 0.069
[1,  3780] loss: 61325.105
[1,  3800] loss: 369234273.009
[1,  3820] loss: 87132809.295
[1,  3840] loss: 41807529.289
[1,  3860] loss: 928035.659
[1,  3880] loss: 108428.097
[1,  3900] loss: 27421.467
[1,  3920] loss: 13900.369
[1,  3940] loss: 9676.642
[1,  3960] loss: 7712.400
[1,  3980] loss: 5029.556
[1,  4000] loss: 8519.435
[1,  4020] loss: 4429.199
[1,  4040] loss: 5943.111
[1,  4060] loss: 5739.629
[1,  4080] loss: 5067.579
[1,  4100] loss: 4704.986
[1,  4120] loss: 6462.947
[1,  4140] loss: 4612.461
[1,  4160] loss: 3105.494
[1,  4180] loss: 5085.121
[1,  4200] loss: 4199.014
[1,  4220] loss: 3129.604
[1,  4240] loss: 4458.696
[1,  4260] loss: 4466.044
[1,  4280] loss: 3941.480
[1,  4300] loss: 3554.962
[1,  4320] loss: 3302.861
[1,  4340] loss: 3623.923
[1,  4360] loss: 2798.745
[1,  4380] loss: 2879.558
[1,  4400] loss: 2625.361
[1,  4420] loss: 2342.445
[1,  4440] loss: 2505.525
[1,  4460] loss: 3001.650
[1,  4480] loss: 2882.717
[1,  4500] loss: 2586.201
[1,  4520] loss: 2406.910
[1,  4540] loss: 2374.248
[1,  4560] loss: 2915.941
[1,  4580] loss: 1794.128
[1,  4600] loss: 2463.082
[1,  4620] loss: 2197.118
[1,  4640] loss: 2024.445
[1,  4660] loss: 2277.639
[1,  4680] loss: 2684.043
[1,  4700] loss: 2191.972
[1,  4720] loss: 1878.041
[1,  4740] loss: 1330.447
[1,  4760] loss: 1735.095
[1,  4780] loss: 1926.793
[1,  4800] loss: 1286.827
[1,  4820] loss: 1995.524
[1,  4840] loss: 1931.108
[1,  4860] loss: 1754.372
[1,  4880] loss: 1378.777
[1,  4900] loss: 1396.303
[1,  4920] loss: 1436.017
[1,  4940] loss: 1466.829
[1,  4960] loss: 1217.224
[1,  4980] loss: 1312.088
[1,  5000] loss: 1433.952
[1,  5020] loss: 1227.745
[1,  5040] loss: 1186.352
[1,  5060] loss: 1024.556
[1,  5080] loss: 1206.062
[1,  5100] loss: 1140.940
[1,  5120] loss: 1122.503
[1,  5140] loss: 1257.333
[1,  5160] loss: 1142.622
[1,  5180] loss: 1053.116
[1,  5200] loss: 1263.647
[1,  5220] loss: 971.268
[1,  5240] loss: 897.878
[1,  5260] loss: 1284.977
[1,  5280] loss: 1378.263
[1,  5300] loss: 1105.908
[1,  5320] loss: 1114.107
[1,  5340] loss: 1010.190
[1,  5360] loss: 980.076
[1,  5380] loss: 846.987
[1,  5400] loss: 876.185
[1,  5420] loss: 780.121
[1,  5440] loss: 527.730
[1,  5460] loss: 825.925
[1,  5480] loss: 1145.913
[1,  5500] loss: 888.978
[1,  5520] loss: 809.127
[1,  5540] loss: 693.797
[1,  5560] loss: 881.943
[1,  5580] loss: 822.760
[1,  5600] loss: 1000.762
[1,  5620] loss: 894.825
[1,  5640] loss: 600.076
[1,  5660] loss: 565.448
[1,  5680] loss: 737.765
[1,  5700] loss: 764.442
[1,  5720] loss: 741.090
[1,  5740] loss: 593.891
[1,  5760] loss: 657.721
[1,  5780] loss: 652.717
[1,  5800] loss: 625.611
[1,  5820] loss: 471.078
[1,  5840] loss: 607.752
[1,  5860] loss: 496.869
[1,  5880] loss: 714.932
[1,  5900] loss: 510.783
[1,  5920] loss: 789.963
[1,  5940] loss: 584.392
[1,  5960] loss: 682.919
[1,  5980] loss: 631.042
[1,  6000] loss: 595.818
[1,  6020] loss: 408.192
[1,  6040] loss: 477.119
[1,  6060] loss: 769.398
[1,  6080] loss: 494.690
[1,    20] loss: 5951.888
[1,    40] loss: 4184.387
[1,    60] loss: 2976.066
[1,    80] loss: 2233.395
[1,   100] loss: 1878.995
[1,   120] loss: 1574.868
[1,   140] loss: 1447.947
[1,   160] loss: 1318.162
[1,   180] loss: 1254.117
[1,   200] loss: 1182.015
[1,   220] loss: 1099.384
[1,   240] loss: 1058.275
[1,   260] loss: 1004.911
[1,   280] loss: 1000.676
[1,   300] loss: 939.139
[1,   320] loss: 882.300
[1,   340] loss: 834.704
[1,   360] loss: 790.509
[1,   380] loss: 751.515
[1,   400] loss: 728.977
[1,   420] loss: 706.950
[1,   440] loss: 697.103
[1,   460] loss: 669.318
[1,   480] loss: 643.689
[1,   500] loss: 633.370
[1,   520] loss: 619.859
[1,   540] loss: 608.852
[1,   560] loss: 607.722
[1,   580] loss: 593.538
[1,   600] loss: 575.414
[1,   620] loss: 557.813
[1,   640] loss: 540.683
[1,   660] loss: 541.064
