cuda:  3
color_space: RGB
batch_size: 5
num_epcochs: 2
learning_rate: 0.001
[1,    20] loss: 0.086
[1,    40] loss: 0.039
[1,    60] loss: 0.102
[1,    80] loss: 0.089
[1,   100] loss: 0.137
[1,   120] loss: 0.049
[1,   140] loss: 0.052
[1,   160] loss: 0.083
[1,   180] loss: 0.068
[1,   200] loss: 0.083
[1,   220] loss: 0.133
[1,   240] loss: 0.061
[1,   260] loss: 0.100
[1,   280] loss: 0.046
[1,   300] loss: 0.081
[1,   320] loss: 0.063
[1,   340] loss: 0.070
[1,   360] loss: 0.081
[1,   380] loss: 0.147
[1,   400] loss: 0.064
[1,   420] loss: 0.072
[1,   440] loss: 0.078
[1,   460] loss: 0.057
[1,   480] loss: 0.080
[1,   500] loss: 0.064
[1,   520] loss: 0.054
[1,   540] loss: 0.089
[1,   560] loss: 0.081
[1,   580] loss: 0.074
[1,   600] loss: 0.062
[1,   620] loss: 0.045
[1,   640] loss: 0.064
[1,   660] loss: 0.084
[1,   680] loss: 0.053
[1,   700] loss: 0.101
[1,   720] loss: 0.138
[1,   740] loss: 0.058
[1,   760] loss: 0.112
[1,   780] loss: 0.059
[1,   800] loss: 0.098
[1,   820] loss: 0.102
[1,   840] loss: 0.063
[1,   860] loss: 0.071
[1,   880] loss: 0.064
[1,   900] loss: 0.052
[1,   920] loss: 0.045
[1,   940] loss: 0.073
[1,   960] loss: 0.067
[1,   980] loss: 0.046
[1,  1000] loss: 0.066
[1,  1020] loss: 0.053
[1,  1040] loss: 0.147
[1,  1060] loss: 0.090
[1,  1080] loss: 0.039
[1,  1100] loss: 0.079
[1,  1120] loss: 0.065
[1,  1140] loss: 0.076
[1,  1160] loss: 0.130
[1,  1180] loss: 0.121
[1,  1200] loss: 0.057
[1,  1220] loss: 0.103
[1,  1240] loss: 0.091
[1,  1260] loss: 0.041
[1,  1280] loss: 0.120
[1,  1300] loss: 0.090
[1,  1320] loss: 205.125
[1,  1340] loss: 14665.860
[1,  1360] loss: 59789.324
[1,  1380] loss: 1842.222
[1,  1400] loss: 182.878
[1,  1420] loss: 33.040
[1,  1440] loss: 14.274
[1,  1460] loss: 9.979
[1,  1480] loss: 10.990
[1,  1500] loss: 10.158
[1,  1520] loss: 7.426
[1,  1540] loss: 6.292
[1,  1560] loss: 6.227
[1,  1580] loss: 4.933
[1,  1600] loss: 5.304
[1,  1620] loss: 5.995
[1,  1640] loss: 5.347
[1,  1660] loss: 2.879
[1,  1680] loss: 3.255
[1,  1700] loss: 3.087
[1,  1720] loss: 2.422
[1,  1740] loss: 2.781
[1,  1760] loss: 1.807
[1,  1780] loss: 1.972
[1,  1800] loss: 1.985
[1,  1820] loss: 1.982
[1,  1840] loss: 2.519
[1,  1860] loss: 3.251
[1,  1880] loss: 1.943
[1,  1900] loss: 1.565
[1,  1920] loss: 2.256
[1,  1940] loss: 1.661
[1,  1960] loss: 1.755
[1,  1980] loss: 0.959
[1,  2000] loss: 1.229
[1,  2020] loss: 1.498
[1,  2040] loss: 1.891
[1,  2060] loss: 1.455
[1,  2080] loss: 1.303
[1,  2100] loss: 1.062
[1,  2120] loss: 1.361
[1,  2140] loss: 1.116
[1,  2160] loss: 1.265
[1,  2180] loss: 1.338
[1,  2200] loss: 0.966
[1,  2220] loss: 1.042
[1,  2240] loss: 0.937
[1,  2260] loss: 1.185
[1,  2280] loss: 0.826
[1,  2300] loss: 0.935
[1,  2320] loss: 0.913
[1,  2340] loss: 0.970
[1,  2360] loss: 0.713
[1,  2380] loss: 0.971
[1,  2400] loss: 1.213
[1,  2420] loss: 0.926
[1,  2440] loss: 0.746
[1,  2460] loss: 0.645
[1,  2480] loss: 1.092
[1,  2500] loss: 0.909
[1,  2520] loss: 0.666
[1,  2540] loss: 0.737
[1,  2560] loss: 0.743
[1,  2580] loss: 0.632
[1,  2600] loss: 0.493
[1,  2620] loss: 0.652
[1,  2640] loss: 0.685
[1,  2660] loss: 0.553
[1,  2680] loss: 0.814
[1,  2700] loss: 0.736
[1,  2720] loss: 0.548
[1,  2740] loss: 0.577
[1,  2760] loss: 0.651
[1,  2780] loss: 0.526
[1,  2800] loss: 0.706
[1,  2820] loss: 0.683
[1,  2840] loss: 0.803
[1,  2860] loss: 0.546
[1,  2880] loss: 0.639
[1,  2900] loss: 0.406
[1,  2920] loss: 0.438
[1,  2940] loss: 0.567
[1,  2960] loss: 0.397
[1,  2980] loss: 0.530
[1,  3000] loss: 0.467
[1,  3020] loss: 0.530
[1,  3040] loss: 0.464
[1,  3060] loss: 0.339
[1,  3080] loss: 0.564
[1,  3100] loss: 0.342
[1,  3120] loss: 0.388
[1,  3140] loss: 0.425
[1,  3160] loss: 0.420
[1,  3180] loss: 0.373
[1,  3200] loss: 0.357
[1,  3220] loss: 0.338
[1,  3240] loss: 0.358
[1,  3260] loss: 0.294
[1,  3280] loss: 0.379
[1,  3300] loss: 0.301
[1,  3320] loss: 0.364
[1,  3340] loss: 0.292
[1,  3360] loss: 0.527
[1,  3380] loss: 0.357
[1,  3400] loss: 0.722
[1,  3420] loss: 0.487
[1,  3440] loss: 0.466
[1,  3460] loss: 0.471
[1,  3480] loss: 0.302
[1,  3500] loss: 0.486
[1,  3520] loss: 0.541
[1,  3540] loss: 0.347
[1,  3560] loss: 0.561
[1,  3580] loss: 0.399
[1,  3600] loss: 0.432
[1,  3620] loss: 0.346
[1,  3640] loss: 0.282
[1,  3660] loss: 0.636
[1,  3680] loss: 0.367
[1,  3700] loss: 0.406
[1,  3720] loss: 0.308
[1,  3740] loss: 0.620
[1,  3760] loss: 0.467
[1,  3780] loss: 0.470
[1,  3800] loss: 0.427
[1,  3820] loss: 0.431
[1,  3840] loss: 0.372
[1,  3860] loss: 0.422
[1,  3880] loss: 0.290
[1,  3900] loss: 0.323
[1,  3920] loss: 0.521
[1,  3940] loss: 0.250
[1,  3960] loss: 0.393
[1,  3980] loss: 0.215
[1,  4000] loss: 0.305
[1,  4020] loss: 0.222
[1,  4040] loss: 0.194
[1,  4060] loss: 0.197
[1,  4080] loss: 0.339
[1,  4100] loss: 0.281
[1,  4120] loss: 0.200
[1,  4140] loss: 0.243
[1,  4160] loss: 0.367
[1,  4180] loss: 0.212
[1,  4200] loss: 0.205
[1,  4220] loss: 0.557
[1,  4240] loss: 0.813
[1,  4260] loss: 0.518
[1,  4280] loss: 0.296
[1,  4300] loss: 0.200
[1,  4320] loss: 0.175
[1,  4340] loss: 0.188
[1,  4360] loss: 0.205
[1,  4380] loss: 0.315
[1,  4400] loss: 0.285
[1,  4420] loss: 0.184
[1,  4440] loss: 0.271
[1,  4460] loss: 0.233
[1,  4480] loss: 0.297
[1,  4500] loss: 0.263
[1,  4520] loss: 0.150
[1,  4540] loss: 0.190
[1,  4560] loss: 0.232
[1,  4580] loss: 0.295
[1,  4600] loss: 0.185
[1,  4620] loss: 0.164
[1,  4640] loss: 0.212
[1,  4660] loss: 0.386
[1,  4680] loss: 0.263
[1,  4700] loss: 0.356
[1,  4720] loss: 0.319
[1,  4740] loss: 0.199
[1,  4760] loss: 0.253
[1,  4780] loss: 0.159
[1,  4800] loss: 0.344
[1,  4820] loss: 0.334
[1,  4840] loss: 0.230
[1,  4860] loss: 0.224
[1,  4880] loss: 0.262
[1,  4900] loss: 0.183
[1,  4920] loss: 0.312
[1,  4940] loss: 0.235
[1,  4960] loss: 0.217
[1,  4980] loss: 0.175
[1,  5000] loss: 0.202
[1,  5020] loss: 0.285
[1,  5040] loss: 0.151
[1,  5060] loss: 0.177
[1,  5080] loss: 0.204
[1,  5100] loss: 0.250
[1,  5120] loss: 0.221
[1,  5140] loss: 0.325
[1,  5160] loss: 0.296
[1,  5180] loss: 0.326
[1,  5200] loss: 0.305
[1,  5220] loss: 0.181
[1,  5240] loss: 0.183
[1,  5260] loss: 0.194
[1,  5280] loss: 0.283
[1,  5300] loss: 0.250
[1,  5320] loss: 0.249
[1,  5340] loss: 0.182
[1,  5360] loss: 0.252
[1,  5380] loss: 0.361
[1,  5400] loss: 0.484
[1,  5420] loss: 0.189
[1,  5440] loss: 0.180
[1,  5460] loss: 0.191
[1,  5480] loss: 0.163
[1,  5500] loss: 0.162
[1,  5520] loss: 0.173
[1,  5540] loss: 0.111
[1,  5560] loss: 0.158
[1,  5580] loss: 0.157
[1,  5600] loss: 0.191
[1,  5620] loss: 0.222
[1,  5640] loss: 0.175
[1,  5660] loss: 0.218
[1,  5680] loss: 0.460
[1,  5700] loss: 0.254
[1,  5720] loss: 0.164
[1,  5740] loss: 0.230
[1,  5760] loss: 0.129
[1,  5780] loss: 0.259
[1,  5800] loss: 0.997
[1,  5820] loss: 0.771
[1,  5840] loss: 0.241
[1,  5860] loss: 0.255
[1,  5880] loss: 0.400
[1,  5900] loss: 0.221
[1,  5920] loss: 0.220
[1,  5940] loss: 0.169
[1,  5960] loss: 0.166
[1,  5980] loss: 0.135
[1,  6000] loss: 0.223
[1,  6020] loss: 0.126
[1,  6040] loss: 0.125
[1,  6060] loss: 0.180
[1,  6080] loss: 0.136
[2,    20] loss: 0.160
[2,    40] loss: 0.110
[2,    60] loss: 0.094
[2,    80] loss: 0.137
[2,   100] loss: 0.208
[2,   120] loss: 0.158
[2,   140] loss: 0.126
[2,   160] loss: 0.109
[2,   180] loss: 0.086
[2,   200] loss: 0.145
[2,   220] loss: 0.111
[2,   240] loss: 0.158
[2,   260] loss: 0.245
[2,   280] loss: 0.179
[2,   300] loss: 0.147
[2,   320] loss: 0.212
[2,   340] loss: 0.126
[2,   360] loss: 0.130
[2,   380] loss: 0.102
[2,   400] loss: 0.136
[2,   420] loss: 0.262
[2,   440] loss: 0.277
[2,   460] loss: 0.223
[2,   480] loss: 0.184
[2,   500] loss: 0.164
[2,   520] loss: 0.165
[2,   540] loss: 0.143
[2,   560] loss: 0.114
[2,   580] loss: 0.139
[2,   600] loss: 0.092
[2,   620] loss: 0.095
[2,   640] loss: 0.199
[2,   660] loss: 0.092
[2,   680] loss: 0.113
[2,   700] loss: 0.130
[2,   720] loss: 0.174
[2,   740] loss: 0.152
[2,   760] loss: 0.134
[2,   780] loss: 0.163
[2,   800] loss: 0.204
[2,   820] loss: 0.256
[2,   840] loss: 0.184
[2,   860] loss: 0.132
[2,   880] loss: 0.141
[2,   900] loss: 0.073
[2,   920] loss: 0.141
[2,   940] loss: 0.146
[2,   960] loss: 0.167
[2,   980] loss: 0.077
[2,  1000] loss: 0.111
[2,  1020] loss: 0.116
[2,  1040] loss: 0.181
[2,  1060] loss: 0.169
[2,  1080] loss: 0.141
[2,  1100] loss: 0.079
[2,  1120] loss: 0.068
[2,  1140] loss: 0.114
[2,  1160] loss: 0.083
[2,  1180] loss: 0.231
[2,  1200] loss: 0.173
[2,  1220] loss: 0.100
[2,  1240] loss: 0.082
[2,  1260] loss: 0.113
[2,  1280] loss: 0.150
[2,  1300] loss: 0.073
[2,  1320] loss: 0.117
[2,  1340] loss: 0.137
[2,  1360] loss: 0.109
[2,  1380] loss: 0.091
[2,  1400] loss: 0.114
[2,  1420] loss: 0.184
[2,  1440] loss: 0.116
[2,  1460] loss: 0.124
[2,  1480] loss: 0.103
[2,  1500] loss: 0.082
[2,  1520] loss: 0.097
[2,  1540] loss: 0.140
[2,  1560] loss: 0.161
[2,  1580] loss: 0.120
[2,  1600] loss: 0.163
[2,  1620] loss: 0.240
[2,  1640] loss: 0.156
[2,  1660] loss: 0.134
[2,  1680] loss: 0.109
[2,  1700] loss: 0.119
[2,  1720] loss: 0.113
[2,  1740] loss: 0.096
[2,  1760] loss: 0.193
[2,  1780] loss: 0.212
[2,  1800] loss: 0.204
[2,  1820] loss: 0.117
[2,  1840] loss: 0.134
[2,  1860] loss: 0.093
[2,  1880] loss: 0.130
[2,  1900] loss: 0.192
[2,  1920] loss: 0.147
[2,  1940] loss: 0.099
[2,  1960] loss: 0.227
[2,  1980] loss: 0.087
[2,  2000] loss: 0.107
[2,  2020] loss: 0.097
[2,  2040] loss: 0.122
[2,  2060] loss: 0.155
[2,  2080] loss: 0.173
[2,  2100] loss: 0.141
[2,  2120] loss: 0.139
[2,  2140] loss: 0.085
[2,  2160] loss: 0.067
[2,  2180] loss: 0.064
[2,  2200] loss: 0.126
[2,  2220] loss: 0.105
[2,  2240] loss: 0.116
[2,  2260] loss: 0.153
[2,  2280] loss: 0.102
[2,  2300] loss: 0.176
[2,  2320] loss: 0.112
[2,  2340] loss: 0.216
[2,  2360] loss: 0.069
[2,  2380] loss: 0.168
[2,  2400] loss: 0.174
[2,  2420] loss: 0.239
[2,  2440] loss: 0.135
[2,  2460] loss: 0.168
[2,  2480] loss: 0.151
[2,  2500] loss: 0.087
[2,  2520] loss: 0.127
[2,  2540] loss: 0.085
[2,  2560] loss: 0.137
[2,  2580] loss: 0.212
[2,  2600] loss: 0.178
[2,  2620] loss: 0.102
[2,  2640] loss: 0.120
[2,  2660] loss: 0.110
[2,  2680] loss: 0.153
[2,  2700] loss: 0.161
[2,  2720] loss: 0.076
[2,  2740] loss: 0.101
[2,  2760] loss: 0.205
[2,  2780] loss: 0.173
[2,  2800] loss: 0.147
[2,  2820] loss: 0.070
[2,  2840] loss: 0.127
[2,  2860] loss: 0.075
[2,  2880] loss: 0.048
[2,  2900] loss: 0.086
[2,  2920] loss: 0.174
[2,  2940] loss: 0.269
[2,  2960] loss: 0.162
[2,  2980] loss: 0.128
[2,  3000] loss: 0.186
[2,  3020] loss: 0.080
[2,  3040] loss: 0.061
[2,  3060] loss: 0.083
[2,  3080] loss: 0.122
[2,  3100] loss: 0.112
[2,  3120] loss: 0.110
[2,  3140] loss: 0.088
[2,  3160] loss: 0.102
[2,  3180] loss: 0.095
[2,  3200] loss: 0.076
[2,  3220] loss: 0.066
[2,  3240] loss: 0.105
[2,  3260] loss: 0.099
[2,  3280] loss: 0.091
[2,  3300] loss: 0.087
[2,  3320] loss: 0.046
[2,  3340] loss: 0.074
[2,  3360] loss: 0.107
[2,  3380] loss: 0.096
[2,  3400] loss: 0.107
[2,  3420] loss: 0.109
[2,  3440] loss: 0.094
[2,  3460] loss: 0.076
[2,  3480] loss: 0.118
[2,  3500] loss: 0.129
[2,  3520] loss: 0.179
[2,  3540] loss: 0.139
[2,  3560] loss: 0.181
[2,  3580] loss: 0.058
[2,  3600] loss: 0.097
[2,  3620] loss: 0.087
[2,  3640] loss: 0.129
[2,  3660] loss: 0.124
[2,  3680] loss: 0.107
[2,  3700] loss: 0.076
[2,  3720] loss: 0.135
[2,  3740] loss: 0.100
[2,  3760] loss: 0.089
[2,  3780] loss: 0.105
[2,  3800] loss: 0.063
[2,  3820] loss: 0.152
[2,  3840] loss: 0.090
[2,  3860] loss: 0.058
[2,  3880] loss: 0.096
[2,  3900] loss: 0.106
[2,  3920] loss: 0.119
[2,  3940] loss: 0.083
[2,  3960] loss: 0.138
[2,  3980] loss: 0.109
[2,  4000] loss: 0.094
[2,  4020] loss: 0.128
[2,  4040] loss: 0.106
[2,  4060] loss: 0.095
[2,  4080] loss: 0.097
[2,  4100] loss: 0.063
[2,  4120] loss: 0.067
[2,  4140] loss: 0.093
[2,  4160] loss: 0.087
[2,  4180] loss: 0.068
[2,  4200] loss: 0.143
[2,  4220] loss: 0.069
[2,  4240] loss: 0.110
[2,  4260] loss: 0.096
[2,  4280] loss: 0.124
[2,  4300] loss: 0.069
[2,  4320] loss: 0.111
[2,  4340] loss: 0.119
[2,  4360] loss: 0.059
[2,  4380] loss: 0.126
[2,  4400] loss: 0.105
[2,  4420] loss: 0.121
[2,  4440] loss: 0.144
[2,  4460] loss: 0.115
[2,  4480] loss: 0.085
[2,  4500] loss: 0.071
[2,  4520] loss: 0.106
[2,  4540] loss: 0.119
[2,  4560] loss: 0.051
[2,  4580] loss: 0.098
[2,  4600] loss: 0.097
[2,  4620] loss: 0.135
[2,  4640] loss: 0.088
[2,  4660] loss: 0.112
[2,  4680] loss: 0.039
[2,  4700] loss: 0.123
[2,  4720] loss: 0.063
[2,  4740] loss: 0.107
[2,  4760] loss: 0.121
[2,  4780] loss: 0.090
[2,  4800] loss: 0.083
[2,  4820] loss: 0.083
[2,  4840] loss: 0.074
[2,  4860] loss: 0.058
[2,  4880] loss: 0.116
[2,  4900] loss: 0.117
[2,  4920] loss: 0.103
[2,  4940] loss: 0.047
[2,  4960] loss: 0.061
[2,  4980] loss: 0.077
[2,  5000] loss: 0.172
[2,  5020] loss: 0.190
[2,  5040] loss: 0.185
[2,  5060] loss: 0.113
[2,  5080] loss: 0.119
[2,  5100] loss: 0.106
[2,  5120] loss: 0.080
[2,  5140] loss: 0.071
[2,  5160] loss: 0.105
[2,  5180] loss: 0.115
[2,  5200] loss: 0.096
[2,  5220] loss: 0.128
[2,  5240] loss: 0.097
[2,  5260] loss: 0.123
[2,  5280] loss: 0.146
[2,  5300] loss: 0.149
[2,  5320] loss: 0.093
[2,  5340] loss: 0.074
[2,  5360] loss: 0.074
[2,  5380] loss: 0.077
[2,  5400] loss: 0.079
[2,  5420] loss: 0.110
[2,  5440] loss: 0.134
[2,  5460] loss: 0.074
[2,  5480] loss: 0.080
[2,  5500] loss: 0.120
[2,  5520] loss: 0.065
[2,  5540] loss: 0.054
[2,  5560] loss: 0.072
[2,  5580] loss: 0.075
[2,  5600] loss: 0.058
[2,  5620] loss: 0.108
[2,  5640] loss: 0.141
[2,  5660] loss: 0.106
[2,  5680] loss: 0.096
[2,  5700] loss: 0.052
[2,  5720] loss: 0.100
[2,  5740] loss: 0.078
[2,  5760] loss: 0.075
[2,  5780] loss: 0.083
[2,  5800] loss: 0.039
[2,  5820] loss: 0.035
[2,  5840] loss: 0.061
[2,  5860] loss: 0.119
[2,  5880] loss: 0.111
[2,  5900] loss: 0.063
[2,  5920] loss: 0.131
[2,  5940] loss: 0.111
[2,  5960] loss: 0.078
[2,  5980] loss: 0.074
[2,  6000] loss: 0.059
[2,  6020] loss: 0.093
[2,  6040] loss: 0.056
[2,  6060] loss: 0.131
[2,  6080] loss: 0.074
[1,    20] loss: 0.085
[1,    40] loss: 0.064
[1,    60] loss: 0.069
[1,    80] loss: 0.059
[1,   100] loss: 0.048
[1,   120] loss: 0.040
[1,   140] loss: 0.035
[1,   160] loss: 0.031
[1,   180] loss: 0.028
[1,   200] loss: 0.027
[1,   220] loss: 0.035
[1,   240] loss: 0.042
[1,   260] loss: 0.044
[1,   280] loss: 0.047
[1,   300] loss: 0.046
[1,   320] loss: 0.044
[1,   340] loss: 0.041
[1,   360] loss: 0.039
[1,   380] loss: 0.039
[1,   400] loss: 0.039
[1,   420] loss: 0.040
[1,   440] loss: 0.039
[1,   460] loss: 0.038
[1,   480] loss: 0.038
[1,   500] loss: 0.039
[1,   520] loss: 0.037
[1,   540] loss: 0.036
[1,   560] loss: 0.035
[1,   580] loss: 0.034
[1,   600] loss: 0.033
[1,   620] loss: 0.032
[1,   640] loss: 0.033
[1,   660] loss: 0.033
[2,    20] loss: 0.085
[2,    40] loss: 0.064
[2,    60] loss: 0.069
[2,    80] loss: 0.059
[2,   100] loss: 0.048
[2,   120] loss: 0.040
[2,   140] loss: 0.035
[2,   160] loss: 0.031
[2,   180] loss: 0.028
[2,   200] loss: 0.027
[2,   220] loss: 0.035
[2,   240] loss: 0.042
[2,   260] loss: 0.044
[2,   280] loss: 0.047
[2,   300] loss: 0.046
[2,   320] loss: 0.044
[2,   340] loss: 0.041
[2,   360] loss: 0.039
[2,   380] loss: 0.039
[2,   400] loss: 0.039
[2,   420] loss: 0.040
[2,   440] loss: 0.039
[2,   460] loss: 0.038
[2,   480] loss: 0.038
[2,   500] loss: 0.039
[2,   520] loss: 0.037
[2,   540] loss: 0.036
[2,   560] loss: 0.035
[2,   580] loss: 0.034
[2,   600] loss: 0.033
[2,   620] loss: 0.032
[2,   640] loss: 0.033
[2,   660] loss: 0.033
