cuda:  5
color_space: RGB
batch_size: 5
num_epcochs: 2
learning_rate: 0.002
[1,    20] loss: 0.171
[1,    40] loss: 0.135
[1,    60] loss: 0.229
[1,    80] loss: 0.134
[1,   100] loss: 0.060
[1,   120] loss: 0.084
[1,   140] loss: 0.087
[1,   160] loss: 0.071
[1,   180] loss: 0.115
[1,   200] loss: 0.072
[1,   220] loss: 0.082
[1,   240] loss: 0.108
[1,   260] loss: 0.069
[1,   280] loss: 0.120
[1,   300] loss: 0.047
[1,   320] loss: 0.132
[1,   340] loss: 0.135
[1,   360] loss: 0.075
[1,   380] loss: 0.078
[1,   400] loss: 0.134
[1,   420] loss: 0.116
[1,   440] loss: 0.081
[1,   460] loss: 0.052
[1,   480] loss: 0.102
[1,   500] loss: 0.063
[1,   520] loss: 0.063
[1,   540] loss: 0.043
[1,   560] loss: 0.080
[1,   580] loss: 0.052
[1,   600] loss: 0.097
[1,   620] loss: 0.042
[1,   640] loss: 0.064
[1,   660] loss: 0.089
[1,   680] loss: 0.074
[1,   700] loss: 0.079
[1,   720] loss: 0.047
[1,   740] loss: 0.074
[1,   760] loss: 0.048
[1,   780] loss: 0.084
[1,   800] loss: 0.042
[1,   820] loss: 0.071
[1,   840] loss: 0.054
[1,   860] loss: 0.066
[1,   880] loss: 0.092
[1,   900] loss: 0.139
[1,   920] loss: 0.106
[1,   940] loss: 0.066
[1,   960] loss: 0.047
[1,   980] loss: 0.164
[1,  1000] loss: 0.072
[1,  1020] loss: 0.089
[1,  1040] loss: 0.080
[1,  1060] loss: 0.050
[1,  1080] loss: 0.038
[1,  1100] loss: 0.073
[1,  1120] loss: 0.070
[1,  1140] loss: 0.060
[1,  1160] loss: 0.073
[1,  1180] loss: 0.067
[1,  1200] loss: 0.106
[1,  1220] loss: 0.048
[1,  1240] loss: 0.055
[1,  1260] loss: 0.089
[1,  1280] loss: 0.083
[1,  1300] loss: 0.060
[1,  1320] loss: 0.159
[1,  1340] loss: 0.093
[1,  1360] loss: 0.102
[1,  1380] loss: 0.025
[1,  1400] loss: 0.127
[1,  1420] loss: 0.051
[1,  1440] loss: 0.063
[1,  1460] loss: 0.093
[1,  1480] loss: 0.046
[1,  1500] loss: 0.042
[1,  1520] loss: 0.081
[1,  1540] loss: 0.086
[1,  1560] loss: 0.070
[1,  1580] loss: 0.066
[1,  1600] loss: 0.095
[1,  1620] loss: 0.149
[1,  1640] loss: 0.050
[1,  1660] loss: 0.060
[1,  1680] loss: 0.076
[1,  1700] loss: 0.084
[1,  1720] loss: 0.091
[1,  1740] loss: 0.124
[1,  1760] loss: 0.068
[1,  1780] loss: 0.074
[1,  1800] loss: 0.069
[1,  1820] loss: 0.086
[1,  1840] loss: 0.079
[1,  1860] loss: 0.088
[1,  1880] loss: 0.088
[1,  1900] loss: 0.234
[1,  1920] loss: 1907490.371
[1,  1940] loss: 64637911.982
[1,  1960] loss: 1854784.008
[1,  1980] loss: 169385.052
[1,  2000] loss: 42612.908
[1,  2020] loss: 4699.785
[1,  2040] loss: 3875.379
[1,  2060] loss: 4955.291
[1,  2080] loss: 3115.579
[1,  2100] loss: 2441.989
[1,  2120] loss: 3045.213
[1,  2140] loss: 1463.480
[1,  2160] loss: 1676.593
[1,  2180] loss: 1263.891
[1,  2200] loss: 1362.429
[1,  2220] loss: 965.529
[1,  2240] loss: 1328.221
[1,  2260] loss: 1191.191
[1,  2280] loss: 928.088
[1,  2300] loss: 855.256
[1,  2320] loss: 1215.985
[1,  2340] loss: 801.030
[1,  2360] loss: 797.633
[1,  2380] loss: 1236.738
[1,  2400] loss: 688.804
[1,  2420] loss: 787.001
[1,  2440] loss: 620.924
[1,  2460] loss: 1038.104
[1,  2480] loss: 778.716
[1,  2500] loss: 646.104
[1,  2520] loss: 346.402
[1,  2540] loss: 467.799
[1,  2560] loss: 636.200
[1,  2580] loss: 561.555
[1,  2600] loss: 367.016
[1,  2620] loss: 444.620
[1,  2640] loss: 411.673
[1,  2660] loss: 439.805
[1,  2680] loss: 331.630
[1,  2700] loss: 384.898
[1,  2720] loss: 356.519
[1,  2740] loss: 392.839
[1,  2760] loss: 593.309
[1,  2780] loss: 316.017
[1,  2800] loss: 366.534
[1,  2820] loss: 315.178
[1,  2840] loss: 599.116
[1,  2860] loss: 310.347
[1,  2880] loss: 395.063
[1,  2900] loss: 318.622
[1,  2920] loss: 278.952
[1,  2940] loss: 282.160
[1,  2960] loss: 189.028
[1,  2980] loss: 218.447
[1,  3000] loss: 329.461
[1,  3020] loss: 251.474
[1,  3040] loss: 222.591
[1,  3060] loss: 193.545
[1,  3080] loss: 294.207
[1,  3100] loss: 204.456
[1,  3120] loss: 215.319
[1,  3140] loss: 277.976
[1,  3160] loss: 235.915
[1,  3180] loss: 236.872
[1,  3200] loss: 148.765
[1,  3220] loss: 231.823
[1,  3240] loss: 152.941
[1,  3260] loss: 162.948
[1,  3280] loss: 160.813
[1,  3300] loss: 186.090
[1,  3320] loss: 180.626
[1,  3340] loss: 208.650
[1,  3360] loss: 147.792
[1,  3380] loss: 204.327
[1,  3400] loss: 195.723
[1,  3420] loss: 153.020
[1,  3440] loss: 130.960
[1,  3460] loss: 117.214
[1,  3480] loss: 127.854
[1,  3500] loss: 160.091
[1,  3520] loss: 93.604
[1,  3540] loss: 114.789
[1,  3560] loss: 105.572
[1,  3580] loss: 101.475
[1,  3600] loss: 171.076
[1,  3620] loss: 117.883
[1,  3640] loss: 116.232
[1,  3660] loss: 82.472
[1,  3680] loss: 120.315
[1,  3700] loss: 130.557
[1,  3720] loss: 105.004
[1,  3740] loss: 122.312
[1,  3760] loss: 124.658
[1,  3780] loss: 112.371
[1,  3800] loss: 83.135
[1,  3820] loss: 96.430
[1,  3840] loss: 68.806
[1,  3860] loss: 101.604
[1,  3880] loss: 106.786
[1,  3900] loss: 85.820
[1,  3920] loss: 100.891
[1,  3940] loss: 84.499
[1,  3960] loss: 57.500
[1,  3980] loss: 74.101
[1,  4000] loss: 79.405
[1,  4020] loss: 102.695
[1,  4040] loss: 117.688
[1,  4060] loss: 88.532
[1,  4080] loss: 87.229
[1,  4100] loss: 75.729
[1,  4120] loss: 81.265
[1,  4140] loss: 57.986
[1,  4160] loss: 67.128
[1,  4180] loss: 62.660
[1,  4200] loss: 70.776
[1,  4220] loss: 100.437
[1,  4240] loss: 62.264
[1,  4260] loss: 60.106
[1,  4280] loss: 42.856
[1,  4300] loss: 57.161
[1,  4320] loss: 54.184
[1,  4340] loss: 52.287
[1,  4360] loss: 44.277
[1,  4380] loss: 52.610
[1,  4400] loss: 83.217
[1,  4420] loss: 80.737
[1,  4440] loss: 42.465
[1,  4460] loss: 71.878
[1,  4480] loss: 54.822
[1,  4500] loss: 114.273
[1,  4520] loss: 47.782
[1,  4540] loss: 49.492
[1,  4560] loss: 38.033
[1,  4580] loss: 58.056
[1,  4600] loss: 60.747
[1,  4620] loss: 52.850
[1,  4640] loss: 38.591
[1,  4660] loss: 65.436
[1,  4680] loss: 56.830
[1,  4700] loss: 48.690
[1,  4720] loss: 32.107
[1,  4740] loss: 53.251
[1,  4760] loss: 41.933
[1,  4780] loss: 42.567
[1,  4800] loss: 46.205
[1,  4820] loss: 55.817
[1,  4840] loss: 27.610
[1,  4860] loss: 34.500
[1,  4880] loss: 39.452
[1,  4900] loss: 43.432
[1,  4920] loss: 35.437
[1,  4940] loss: 35.458
[1,  4960] loss: 35.134
[1,  4980] loss: 23.757
[1,  5000] loss: 50.607
[1,  5020] loss: 34.559
[1,  5040] loss: 33.952
[1,  5060] loss: 46.250
[1,  5080] loss: 39.949
[1,  5100] loss: 26.143
[1,  5120] loss: 26.269
[1,  5140] loss: 21.577
[1,  5160] loss: 33.302
[1,  5180] loss: 26.961
[1,  5200] loss: 25.088
[1,  5220] loss: 31.206
[1,  5240] loss: 19.121
[1,  5260] loss: 52.504
[1,  5280] loss: 34.423
[1,  5300] loss: 25.825
[1,  5320] loss: 22.223
[1,  5340] loss: 19.703
[1,  5360] loss: 16.720
[1,  5380] loss: 34.362
[1,  5400] loss: 32.839
[1,  5420] loss: 22.787
[1,  5440] loss: 28.382
[1,  5460] loss: 26.761
[1,  5480] loss: 28.493
[1,  5500] loss: 24.555
[1,  5520] loss: 16.743
[1,  5540] loss: 21.305
[1,  5560] loss: 20.114
[1,  5580] loss: 42.104
[1,  5600] loss: 24.239
[1,  5620] loss: 18.355
[1,  5640] loss: 16.512
[1,  5660] loss: 16.349
[1,  5680] loss: 18.893
[1,  5700] loss: 27.854
[1,  5720] loss: 17.363
[1,  5740] loss: 26.055
[1,  5760] loss: 24.269
[1,  5780] loss: 19.600
[1,  5800] loss: 35.421
[1,  5820] loss: 114.662
[1,  5840] loss: 56.273
[1,  5860] loss: 38.939
[1,  5880] loss: 18.510
[1,  5900] loss: 17.003
[1,  5920] loss: 14.377
[1,  5940] loss: 16.957
[1,  5960] loss: 18.678
[1,  5980] loss: 16.451
[1,  6000] loss: 12.091
[1,  6020] loss: 14.845
[1,  6040] loss: 14.755
[1,  6060] loss: 22.827
[1,  6080] loss: 22.114
[2,    20] loss: 19.131
[2,    40] loss: 22.882
[2,    60] loss: 11.236
[2,    80] loss: 22.963
[2,   100] loss: 13.809
[2,   120] loss: 12.535
[2,   140] loss: 12.425
[2,   160] loss: 18.328
[2,   180] loss: 14.525
[2,   200] loss: 19.937
[2,   220] loss: 10.489
[2,   240] loss: 10.618
[2,   260] loss: 9.350
[2,   280] loss: 12.980
[2,   300] loss: 17.655
[2,   320] loss: 14.903
[2,   340] loss: 10.655
[2,   360] loss: 12.851
[2,   380] loss: 8.297
[2,   400] loss: 12.186
[2,   420] loss: 23.020
[2,   440] loss: 10.182
[2,   460] loss: 6.875
[2,   480] loss: 11.760
[2,   500] loss: 9.746
[2,   520] loss: 29.134
[2,   540] loss: 20.648
[2,   560] loss: 13.602
[2,   580] loss: 12.883
[2,   600] loss: 10.227
[2,   620] loss: 11.754
[2,   640] loss: 8.769
[2,   660] loss: 7.608
[2,   680] loss: 10.011
[2,   700] loss: 7.768
[2,   720] loss: 9.197
[2,   740] loss: 9.198
[2,   760] loss: 12.362
[2,   780] loss: 7.204
[2,   800] loss: 9.573
[2,   820] loss: 10.265
[2,   840] loss: 6.786
[2,   860] loss: 9.530
[2,   880] loss: 8.715
[2,   900] loss: 7.990
[2,   920] loss: 15.252
[2,   940] loss: 7.095
[2,   960] loss: 9.473
[2,   980] loss: 7.184
[2,  1000] loss: 4.982
[2,  1020] loss: 6.374
[2,  1040] loss: 11.453
[2,  1060] loss: 7.868
[2,  1080] loss: 9.012
[2,  1100] loss: 8.885
[2,  1120] loss: 9.115
[2,  1140] loss: 11.752
[2,  1160] loss: 5.555
[2,  1180] loss: 4.557
[2,  1200] loss: 7.672
[2,  1220] loss: 6.659
[2,  1240] loss: 9.683
[2,  1260] loss: 15.446
[2,  1280] loss: 9.229
[2,  1300] loss: 8.508
[2,  1320] loss: 7.852
[2,  1340] loss: 9.543
[2,  1360] loss: 9.804
[2,  1380] loss: 9.592
[2,  1400] loss: 5.778
[2,  1420] loss: 9.163
[2,  1440] loss: 7.498
[2,  1460] loss: 17.998
[2,  1480] loss: 9.816
[2,  1500] loss: 7.382
[2,  1520] loss: 11.240
[2,  1540] loss: 23.007
[2,  1560] loss: 4.360
[2,  1580] loss: 11.604
[2,  1600] loss: 19.070
[2,  1620] loss: 8.563
[2,  1640] loss: 12.282
[2,  1660] loss: 7.376
[2,  1680] loss: 8.902
[2,  1700] loss: 7.375
[2,  1720] loss: 10.452
[2,  1740] loss: 9.781
[2,  1760] loss: 8.914
[2,  1780] loss: 6.416
[2,  1800] loss: 4.872
[2,  1820] loss: 3.798
[2,  1840] loss: 6.127
[2,  1860] loss: 13.153
[2,  1880] loss: 17.036
[2,  1900] loss: 25.961
[2,  1920] loss: 24.126
[2,  1940] loss: 14.735
[2,  1960] loss: 9.783
[2,  1980] loss: 3.496
[2,  2000] loss: 4.705
[2,  2020] loss: 4.277
[2,  2040] loss: 2.975
[2,  2060] loss: 4.740
[2,  2080] loss: 4.410
[2,  2100] loss: 5.688
[2,  2120] loss: 5.140
[2,  2140] loss: 6.196
[2,  2160] loss: 5.804
[2,  2180] loss: 5.488
[2,  2200] loss: 13.894
[2,  2220] loss: 6.974
[2,  2240] loss: 5.465
[2,  2260] loss: 8.622
[2,  2280] loss: 4.266
[2,  2300] loss: 6.011
[2,  2320] loss: 7.555
[2,  2340] loss: 8.434
[2,  2360] loss: 8.682
[2,  2380] loss: 4.051
[2,  2400] loss: 5.347
[2,  2420] loss: 7.384
[2,  2440] loss: 2.780
[2,  2460] loss: 3.841
[2,  2480] loss: 3.139
[2,  2500] loss: 2.500
[2,  2520] loss: 3.023
[2,  2540] loss: 6.520
[2,  2560] loss: 21.515
[2,  2580] loss: 17.138
[2,  2600] loss: 6.202
[2,  2620] loss: 3.450
[2,  2640] loss: 2.668
[2,  2660] loss: 12.521
[2,  2680] loss: 10.620
[2,  2700] loss: 2.540
[2,  2720] loss: 2.321
[2,  2740] loss: 4.687
[2,  2760] loss: 3.686
[2,  2780] loss: 4.217
[2,  2800] loss: 2.357
[2,  2820] loss: 2.705
[2,  2840] loss: 3.544
[2,  2860] loss: 4.772
[2,  2880] loss: 9.793
[2,  2900] loss: 25.837
[2,  2920] loss: 23.935
[2,  2940] loss: 6.058
[2,  2960] loss: 3.987
[2,  2980] loss: 2.229
[2,  3000] loss: 2.670
[2,  3020] loss: 1.976
[2,  3040] loss: 1.617
[2,  3060] loss: 2.558
[2,  3080] loss: 2.437
[2,  3100] loss: 2.349
[2,  3120] loss: 6.243
[2,  3140] loss: 7.997
[2,  3160] loss: 6.721
[2,  3180] loss: 7.566
[2,  3200] loss: 2.246
[2,  3220] loss: 3.169
[2,  3240] loss: 15.026
[2,  3260] loss: 17.160
[2,  3280] loss: 13.419
[2,  3300] loss: 11.689
[2,  3320] loss: 13.077
[2,  3340] loss: 7.264
[2,  3360] loss: 4.437
[2,  3380] loss: 3.279
[2,  3400] loss: 2.439
[2,  3420] loss: 3.930
[2,  3440] loss: 5.370
[2,  3460] loss: 7.079
[2,  3480] loss: 6.311
[2,  3500] loss: 3.277
[2,  3520] loss: 5.525
[2,  3540] loss: 2.424
[2,  3560] loss: 2.560
[2,  3580] loss: 2.300
[2,  3600] loss: 3.960
[2,  3620] loss: 2.541
[2,  3640] loss: 2.924
[2,  3660] loss: 3.323
[2,  3680] loss: 8.287
[2,  3700] loss: 2.935
[2,  3720] loss: 1.468
[2,  3740] loss: 1.382
[2,  3760] loss: 5.372
[2,  3780] loss: 16.461
[2,  3800] loss: 4.986
[2,  3820] loss: 2.120
[2,  3840] loss: 5.134
[2,  3860] loss: 5.940
[2,  3880] loss: 1.732
[2,  3900] loss: 2.526
[2,  3920] loss: 2.671
[2,  3940] loss: 3.768
[2,  3960] loss: 3.484
[2,  3980] loss: 6.385
[2,  4000] loss: 9.102
[2,  4020] loss: 13.280
[2,  4040] loss: 20.201
[2,  4060] loss: 31.540
[2,  4080] loss: 18.155
[2,  4100] loss: 3.046
[2,  4120] loss: 2.413
[2,  4140] loss: 1.743
[2,  4160] loss: 1.618
[2,  4180] loss: 2.352
[2,  4200] loss: 3.592
[2,  4220] loss: 5.423
[2,  4240] loss: 4.575
[2,  4260] loss: 1.563
[2,  4280] loss: 2.017
[2,  4300] loss: 1.959
[2,  4320] loss: 1.913
[2,  4340] loss: 2.010
[2,  4360] loss: 4.943
[2,  4380] loss: 3.287
[2,  4400] loss: 1.621
[2,  4420] loss: 1.201
[2,  4440] loss: 1.618
[2,  4460] loss: 1.493
[2,  4480] loss: 2.146
[2,  4500] loss: 1.070
[2,  4520] loss: 1.438
[2,  4540] loss: 2.059
[2,  4560] loss: 2.652
[2,  4580] loss: 3.270
[2,  4600] loss: 2.882
[2,  4620] loss: 2.382
[2,  4640] loss: 5.227
[2,  4660] loss: 10.690
[2,  4680] loss: 7.692
[2,  4700] loss: 5.391
[2,  4720] loss: 2.720
[2,  4740] loss: 0.913
[2,  4760] loss: 0.980
[2,  4780] loss: 2.725
[2,  4800] loss: 3.774
[2,  4820] loss: 2.369
[2,  4840] loss: 1.333
[2,  4860] loss: 1.118
[2,  4880] loss: 1.562
[2,  4900] loss: 2.727
[2,  4920] loss: 5.694
[2,  4940] loss: 2.705
[2,  4960] loss: 1.040
[2,  4980] loss: 0.748
[2,  5000] loss: 0.955
[2,  5020] loss: 1.207
[2,  5040] loss: 1.429
[2,  5060] loss: 2.313
[2,  5080] loss: 10.324
[2,  5100] loss: 10.278
[2,  5120] loss: 8.855
[2,  5140] loss: 12.934
[2,  5160] loss: 16.483
[2,  5180] loss: 3.579
[2,  5200] loss: 2.587
[2,  5220] loss: 2.788
[2,  5240] loss: 9.121
[2,  5260] loss: 5.804
[2,  5280] loss: 1.557
[2,  5300] loss: 1.739
[2,  5320] loss: 1.941
[2,  5340] loss: 0.788
[2,  5360] loss: 1.053
[2,  5380] loss: 1.311
[2,  5400] loss: 1.149
[2,  5420] loss: 1.781
[2,  5440] loss: 2.458
[2,  5460] loss: 1.107
[2,  5480] loss: 0.764
[2,  5500] loss: 1.214
[2,  5520] loss: 0.874
[2,  5540] loss: 0.920
[2,  5560] loss: 2.050
[2,  5580] loss: 3.429
[2,  5600] loss: 7.224
[2,  5620] loss: 2.350
[2,  5640] loss: 2.231
[2,  5660] loss: 1.627
[2,  5680] loss: 1.330
[2,  5700] loss: 1.296
[2,  5720] loss: 0.864
[2,  5740] loss: 0.933
[2,  5760] loss: 0.933
[2,  5780] loss: 0.858
[2,  5800] loss: 1.322
[2,  5820] loss: 3.795
[2,  5840] loss: 2.969
[2,  5860] loss: 1.271
[2,  5880] loss: 0.696
[2,  5900] loss: 0.802
[2,  5920] loss: 0.734
[2,  5940] loss: 0.400
[2,  5960] loss: 0.686
[2,  5980] loss: 0.490
[2,  6000] loss: 0.828
[2,  6020] loss: 0.971
[2,  6040] loss: 3.353
[2,  6060] loss: 7.490
[2,  6080] loss: 1.280
[1,    20] loss: 1.166
[1,    40] loss: 1.088
[1,    60] loss: 0.790
[1,    80] loss: 0.623
[1,   100] loss: 0.578
[1,   120] loss: 0.530
[1,   140] loss: 0.493
[1,   160] loss: 0.440
[1,   180] loss: 0.406
[1,   200] loss: 0.380
[1,   220] loss: 0.402
[1,   240] loss: 0.390
[1,   260] loss: 0.396
[1,   280] loss: 0.416
[1,   300] loss: 0.443
[1,   320] loss: 0.439
[1,   340] loss: 0.431
[1,   360] loss: 0.452
[1,   380] loss: 0.462
[1,   400] loss: 0.442
[1,   420] loss: 0.426
[1,   440] loss: 0.413
[1,   460] loss: 0.398
[1,   480] loss: 0.396
[1,   500] loss: 0.391
[1,   520] loss: 0.382
[1,   540] loss: 0.378
[1,   560] loss: 0.373
[1,   580] loss: 0.374
[1,   600] loss: 0.371
[1,   620] loss: 0.382
[1,   640] loss: 0.418
[1,   660] loss: 0.445
[2,    20] loss: 1.166
[2,    40] loss: 1.088
[2,    60] loss: 0.790
[2,    80] loss: 0.623
[2,   100] loss: 0.578
[2,   120] loss: 0.530
[2,   140] loss: 0.493
[2,   160] loss: 0.440
[2,   180] loss: 0.406
[2,   200] loss: 0.380
[2,   220] loss: 0.402
[2,   240] loss: 0.390
[2,   260] loss: 0.396
[2,   280] loss: 0.416
[2,   300] loss: 0.443
[2,   320] loss: 0.439
[2,   340] loss: 0.431
[2,   360] loss: 0.452
[2,   380] loss: 0.462
[2,   400] loss: 0.442
[2,   420] loss: 0.426
[2,   440] loss: 0.413
[2,   460] loss: 0.398
[2,   480] loss: 0.396
[2,   500] loss: 0.391
[2,   520] loss: 0.382
[2,   540] loss: 0.378
[2,   560] loss: 0.373
[2,   580] loss: 0.374
[2,   600] loss: 0.371
[2,   620] loss: 0.382
[2,   640] loss: 0.418
[2,   660] loss: 0.445
