cuda:  6
color_space: RGB
batch_size: 5
num_epcochs: 2
learning_rate: 0.002
[1,    20] loss: 0.437
[1,    40] loss: 0.116
[1,    60] loss: 0.237
[1,    80] loss: 1.134
[1,   100] loss: 0.267
[1,   120] loss: 0.083
[1,   140] loss: 0.140
[1,   160] loss: 0.078
[1,   180] loss: 0.097
[1,   200] loss: 0.066
[1,   220] loss: 0.054
[1,   240] loss: 0.107
[1,   260] loss: 0.110
[1,   280] loss: 0.080
[1,   300] loss: 0.043
[1,   320] loss: 0.085
[1,   340] loss: 0.077
[1,   360] loss: 0.077
[1,   380] loss: 0.079
[1,   400] loss: 0.076
[1,   420] loss: 0.051
[1,   440] loss: 0.064
[1,   460] loss: 0.045
[1,   480] loss: 0.056
[1,   500] loss: 0.079
[1,   520] loss: 0.081
[1,   540] loss: 0.056
[1,   560] loss: 0.033
[1,   580] loss: 0.053
[1,   600] loss: 0.139
[1,   620] loss: 0.073
[1,   640] loss: 0.053
[1,   660] loss: 0.040
[1,   680] loss: 0.030
[1,   700] loss: 0.130
[1,   720] loss: 0.081
[1,   740] loss: 0.058
[1,   760] loss: 0.047
[1,   780] loss: 0.140
[1,   800] loss: 0.096
[1,   820] loss: 0.073
[1,   840] loss: 0.056
[1,   860] loss: 0.033
[1,   880] loss: 0.066
[1,   900] loss: 0.101
[1,   920] loss: 0.088
[1,   940] loss: 0.051
[1,   960] loss: 0.058
[1,   980] loss: 0.061
[1,  1000] loss: 0.040
[1,  1020] loss: 0.067
[1,  1040] loss: 0.105
[1,  1060] loss: 0.046
[1,  1080] loss: 0.059
[1,  1100] loss: 0.054
[1,  1120] loss: 0.032
[1,  1140] loss: 0.054
[1,  1160] loss: 0.084
[1,  1180] loss: 0.062
[1,  1200] loss: 0.032
[1,  1220] loss: 0.125
[1,  1240] loss: 0.073
[1,  1260] loss: 0.058
[1,  1280] loss: 0.122
[1,  1300] loss: 0.078
[1,  1320] loss: 0.063
[1,  1340] loss: 0.103
[1,  1360] loss: 0.106
[1,  1380] loss: 0.052
[1,  1400] loss: 0.095
[1,  1420] loss: 0.042
[1,  1440] loss: 0.059
[1,  1460] loss: 0.101
[1,  1480] loss: 0.091
[1,  1500] loss: 0.048
[1,  1520] loss: 0.086
[1,  1540] loss: 0.066
[1,  1560] loss: 0.072
[1,  1580] loss: 0.066
[1,  1600] loss: 0.111
[1,  1620] loss: 0.087
[1,  1640] loss: 0.054
[1,  1660] loss: 0.075
[1,  1680] loss: 0.110
[1,  1700] loss: 0.068
[1,  1720] loss: 0.102
[1,  1740] loss: 0.150
[1,  1760] loss: 0.037
[1,  1780] loss: 0.066
[1,  1800] loss: 0.132
[1,  1820] loss: 0.105
[1,  1840] loss: 0.072
[1,  1860] loss: 0.058
[1,  1880] loss: 0.124
[1,  1900] loss: 0.101
[1,  1920] loss: 0.065
[1,  1940] loss: 0.070
[1,  1960] loss: 0.072
[1,  1980] loss: 0.057
[1,  2000] loss: 0.097
[1,  2020] loss: 0.072
[1,  2040] loss: 0.100
[1,  2060] loss: 0.075
[1,  2080] loss: 0.101
[1,  2100] loss: 0.081
[1,  2120] loss: 0.050
[1,  2140] loss: 0.089
[1,  2160] loss: 0.144
[1,  2180] loss: 0.072
[1,  2200] loss: 0.061
[1,  2220] loss: 0.120
[1,  2240] loss: 0.072
[1,  2260] loss: 0.135
[1,  2280] loss: 0.066
[1,  2300] loss: 0.096
[1,  2320] loss: 0.055
[1,  2340] loss: 0.089
[1,  2360] loss: 0.111
[1,  2380] loss: 0.102
[1,  2400] loss: 0.053
[1,  2420] loss: 0.064
[1,  2440] loss: 0.123
[1,  2460] loss: 0.110
[1,  2480] loss: 0.063
[1,  2500] loss: 0.126
[1,  2520] loss: 0.109
[1,  2540] loss: 0.093
[1,  2560] loss: 0.075
[1,  2580] loss: 0.117
[1,  2600] loss: 0.062
[1,  2620] loss: 0.043
[1,  2640] loss: 0.083
[1,  2660] loss: 0.079
[1,  2680] loss: 0.083
[1,  2700] loss: 0.060
[1,  2720] loss: 0.083
[1,  2740] loss: 0.065
[1,  2760] loss: 0.071
[1,  2780] loss: 0.047
[1,  2800] loss: 0.089
[1,  2820] loss: 0.083
[1,  2840] loss: 0.109
[1,  2860] loss: 0.057
[1,  2880] loss: 0.073
[1,  2900] loss: 0.076
[1,  2920] loss: 0.083
[1,  2940] loss: 0.049
[1,  2960] loss: 0.033
[1,  2980] loss: 0.067
[1,  3000] loss: 0.156
[1,  3020] loss: 0.066
[1,  3040] loss: 0.147
[1,  3060] loss: 0.097
[1,  3080] loss: 0.083
[1,  3100] loss: 0.046
[1,  3120] loss: 0.078
[1,  3140] loss: 0.072
[1,  3160] loss: 0.070
[1,  3180] loss: 0.114
[1,  3200] loss: 0.064
[1,  3220] loss: 0.088
[1,  3240] loss: 0.070
[1,  3260] loss: 0.031
[1,  3280] loss: 0.183
[1,  3300] loss: 0.060
[1,  3320] loss: 0.061
[1,  3340] loss: 0.096
[1,  3360] loss: 0.042
[1,  3380] loss: 0.044
[1,  3400] loss: 0.101
[1,  3420] loss: 0.058
[1,  3440] loss: 0.084
[1,  3460] loss: 0.072
[1,  3480] loss: 0.080
[1,  3500] loss: 0.165
[1,  3520] loss: 0.054
[1,  3540] loss: 0.078
[1,  3560] loss: 0.093
[1,  3580] loss: 0.081
[1,  3600] loss: 0.070
[1,  3620] loss: 0.079
[1,  3640] loss: 0.067
[1,  3660] loss: 0.078
[1,  3680] loss: 0.096
[1,  3700] loss: 0.106
[1,  3720] loss: 0.076
[1,  3740] loss: 0.071
[1,  3760] loss: 0.101
[1,  3780] loss: 0.049
[1,  3800] loss: 0.067
[1,  3820] loss: 0.079
[1,  3840] loss: 0.057
[1,  3860] loss: 0.095
[1,  3880] loss: 0.088
[1,  3900] loss: 0.081
[1,  3920] loss: 0.063
[1,  3940] loss: 0.093
[1,  3960] loss: 0.042
[1,  3980] loss: 0.047
[1,  4000] loss: 0.091
[1,  4020] loss: 0.074
[1,  4040] loss: 0.080
[1,  4060] loss: 0.080
[1,  4080] loss: 0.088
[1,  4100] loss: 0.045
[1,  4120] loss: 0.149
[1,  4140] loss: 0.066
[1,  4160] loss: 0.042
[1,  4180] loss: 0.120
[1,  4200] loss: 104028519.591
[1,  4220] loss: 862422301.350
[1,  4240] loss: 263262641.825
[1,  4260] loss: 6148018.234
[1,  4280] loss: 720973.738
[1,  4300] loss: 332890.792
[1,  4320] loss: 122418.793
[1,  4340] loss: 74737.367
[1,  4360] loss: 70239.140
[1,  4380] loss: 57302.993
[1,  4400] loss: 43699.928
[1,  4420] loss: 42629.133
[1,  4440] loss: 41462.875
[1,  4460] loss: 35584.434
[1,  4480] loss: 27142.597
[1,  4500] loss: 36699.837
[1,  4520] loss: 25763.678
[1,  4540] loss: 24989.416
[1,  4560] loss: 28353.548
[1,  4580] loss: 31532.983
[1,  4600] loss: 15106.647
[1,  4620] loss: 18337.003
[1,  4640] loss: 18187.683
[1,  4660] loss: 18699.973
[1,  4680] loss: 14637.976
[1,  4700] loss: 19115.130
[1,  4720] loss: 14313.881
[1,  4740] loss: 12858.587
[1,  4760] loss: 15750.410
[1,  4780] loss: 15576.536
[1,  4800] loss: 12601.277
[1,  4820] loss: 8917.013
[1,  4840] loss: 15019.143
[1,  4860] loss: 11054.177
[1,  4880] loss: 11409.352
[1,  4900] loss: 10196.841
[1,  4920] loss: 9904.649
[1,  4940] loss: 7330.542
[1,  4960] loss: 8537.231
[1,  4980] loss: 9639.136
[1,  5000] loss: 9582.362
[1,  5020] loss: 6245.903
[1,  5040] loss: 6468.629
[1,  5060] loss: 6511.640
[1,  5080] loss: 5144.327
[1,  5100] loss: 6865.896
[1,  5120] loss: 6878.365
[1,  5140] loss: 6584.987
[1,  5160] loss: 6328.221
[1,  5180] loss: 5656.376
[1,  5200] loss: 4760.768
[1,  5220] loss: 4504.348
[1,  5240] loss: 5595.503
[1,  5260] loss: 4562.561
[1,  5280] loss: 5557.630
[1,  5300] loss: 4490.110
[1,  5320] loss: 4162.029
[1,  5340] loss: 4519.329
[1,  5360] loss: 4010.775
[1,  5380] loss: 4285.641
[1,  5400] loss: 4816.926
[1,  5420] loss: 5766.136
[1,  5440] loss: 4323.355
[1,  5460] loss: 4876.578
[1,  5480] loss: 3430.458
[1,  5500] loss: 3199.714
[1,  5520] loss: 4069.194
[1,  5540] loss: 3172.890
[1,  5560] loss: 3048.826
[1,  5580] loss: 2856.042
[1,  5600] loss: 3307.803
[1,  5620] loss: 2191.188
[1,  5640] loss: 2901.684
[1,  5660] loss: 2452.102
[1,  5680] loss: 2663.803
[1,  5700] loss: 3095.511
[1,  5720] loss: 2591.683
[1,  5740] loss: 2578.750
[1,  5760] loss: 2706.711
[1,  5780] loss: 2207.176
[1,  5800] loss: 2611.826
[1,  5820] loss: 2442.036
[1,  5840] loss: 2919.737
[1,  5860] loss: 2361.489
[1,  5880] loss: 1540.597
[1,  5900] loss: 2773.575
[1,  5920] loss: 2050.110
[1,  5940] loss: 1983.732
[1,  5960] loss: 1959.013
[1,  5980] loss: 1818.154
[1,  6000] loss: 1636.140
[1,  6020] loss: 2278.555
[1,  6040] loss: 2031.228
[1,  6060] loss: 1904.493
[1,  6080] loss: 1751.729
[2,    20] loss: 1504.215
[2,    40] loss: 2175.645
[2,    60] loss: 1935.643
[2,    80] loss: 1595.801
[2,   100] loss: 1788.393
[2,   120] loss: 1472.413
[2,   140] loss: 1624.213
[2,   160] loss: 1188.504
[2,   180] loss: 1128.053
[2,   200] loss: 1260.915
[2,   220] loss: 1434.898
[2,   240] loss: 1500.273
[2,   260] loss: 1159.027
[2,   280] loss: 1159.929
[2,   300] loss: 1667.577
[2,   320] loss: 1323.947
[2,   340] loss: 1540.458
[2,   360] loss: 1302.439
[2,   380] loss: 902.207
[2,   400] loss: 1085.691
[2,   420] loss: 1141.891
[2,   440] loss: 1229.440
[2,   460] loss: 1438.188
[2,   480] loss: 896.266
[2,   500] loss: 780.853
[2,   520] loss: 995.464
[2,   540] loss: 1185.653
[2,   560] loss: 1460.789
[2,   580] loss: 1577.325
[2,   600] loss: 949.727
[2,   620] loss: 1454.923
[2,   640] loss: 1097.974
[2,   660] loss: 1461.656
[2,   680] loss: 1034.216
[2,   700] loss: 987.539
[2,   720] loss: 752.084
[2,   740] loss: 1053.845
[2,   760] loss: 1704.527
[2,   780] loss: 735.041
[2,   800] loss: 719.315
[2,   820] loss: 1022.148
[2,   840] loss: 1205.226
[2,   860] loss: 846.476
[2,   880] loss: 746.035
[2,   900] loss: 1031.934
[2,   920] loss: 910.291
[2,   940] loss: 1004.201
[2,   960] loss: 932.409
[2,   980] loss: 755.577
[2,  1000] loss: 613.587
[2,  1020] loss: 693.320
[2,  1040] loss: 923.368
[2,  1060] loss: 718.316
[2,  1080] loss: 747.194
[2,  1100] loss: 931.429
[2,  1120] loss: 968.809
[2,  1140] loss: 714.674
[2,  1160] loss: 1066.592
[2,  1180] loss: 1269.129
[2,  1200] loss: 821.668
[2,  1220] loss: 1297.461
[2,  1240] loss: 874.218
[2,  1260] loss: 653.095
[2,  1280] loss: 689.317
[2,  1300] loss: 770.575
[2,  1320] loss: 752.740
[2,  1340] loss: 951.567
[2,  1360] loss: 697.024
[2,  1380] loss: 757.632
[2,  1400] loss: 781.566
[2,  1420] loss: 921.767
[2,  1440] loss: 824.418
[2,  1460] loss: 1082.352
[2,  1480] loss: 583.312
[2,  1500] loss: 728.592
[2,  1520] loss: 929.118
[2,  1540] loss: 690.123
[2,  1560] loss: 619.843
[2,  1580] loss: 793.970
[2,  1600] loss: 775.660
[2,  1620] loss: 651.950
[2,  1640] loss: 1112.201
[2,  1660] loss: 1034.957
[2,  1680] loss: 1000.705
[2,  1700] loss: 852.563
[2,  1720] loss: 777.577
[2,  1740] loss: 484.865
[2,  1760] loss: 734.967
[2,  1780] loss: 759.281
[2,  1800] loss: 509.097
[2,  1820] loss: 531.525
[2,  1840] loss: 520.358
[2,  1860] loss: 671.669
[2,  1880] loss: 896.294
[2,  1900] loss: 935.179
[2,  1920] loss: 577.721
[2,  1940] loss: 656.341
[2,  1960] loss: 581.944
[2,  1980] loss: 714.584
[2,  2000] loss: 648.163
[2,  2020] loss: 623.028
[2,  2040] loss: 632.912
[2,  2060] loss: 453.525
[2,  2080] loss: 596.736
[2,  2100] loss: 684.145
[2,  2120] loss: 545.930
[2,  2140] loss: 564.094
[2,  2160] loss: 673.220
[2,  2180] loss: 742.598
[2,  2200] loss: 712.713
[2,  2220] loss: 576.329
[2,  2240] loss: 563.229
[2,  2260] loss: 1111.690
[2,  2280] loss: 429.432
[2,  2300] loss: 433.751
[2,  2320] loss: 598.350
[2,  2340] loss: 744.570
[2,  2360] loss: 806.084
[2,  2380] loss: 556.261
[2,  2400] loss: 503.180
[2,  2420] loss: 686.287
[2,  2440] loss: 788.323
[2,  2460] loss: 607.165
[2,  2480] loss: 527.372
[2,  2500] loss: 766.059
[2,  2520] loss: 631.646
[2,  2540] loss: 784.193
[2,  2560] loss: 553.877
[2,  2580] loss: 323.738
[2,  2600] loss: 589.943
[2,  2620] loss: 602.877
[2,  2640] loss: 579.342
[2,  2660] loss: 447.924
[2,  2680] loss: 421.103
[2,  2700] loss: 538.730
[2,  2720] loss: 687.235
[2,  2740] loss: 398.666
[2,  2760] loss: 586.915
[2,  2780] loss: 440.821
[2,  2800] loss: 492.003
[2,  2820] loss: 566.883
[2,  2840] loss: 443.898
[2,  2860] loss: 541.983
[2,  2880] loss: 551.476
[2,  2900] loss: 830.207
[2,  2920] loss: 641.129
[2,  2940] loss: 477.950
[2,  2960] loss: 895.998
[2,  2980] loss: 348.115
[2,  3000] loss: 456.244
[2,  3020] loss: 369.379
[2,  3040] loss: 366.954
[2,  3060] loss: 617.106
[2,  3080] loss: 569.621
[2,  3100] loss: 416.879
[2,  3120] loss: 423.828
[2,  3140] loss: 435.411
[2,  3160] loss: 466.653
[2,  3180] loss: 396.999
[2,  3200] loss: 352.676
[2,  3220] loss: 358.261
[2,  3240] loss: 361.100
[2,  3260] loss: 357.018
[2,  3280] loss: 372.183
[2,  3300] loss: 375.627
[2,  3320] loss: 247.759
[2,  3340] loss: 380.160
[2,  3360] loss: 453.477
[2,  3380] loss: 329.991
[2,  3400] loss: 362.841
[2,  3420] loss: 338.113
[2,  3440] loss: 332.039
[2,  3460] loss: 338.882
[2,  3480] loss: 323.996
[2,  3500] loss: 785.409
[2,  3520] loss: 447.359
[2,  3540] loss: 368.644
[2,  3560] loss: 450.390
[2,  3580] loss: 456.052
[2,  3600] loss: 372.736
[2,  3620] loss: 632.369
[2,  3640] loss: 475.524
[2,  3660] loss: 451.770
[2,  3680] loss: 480.165
[2,  3700] loss: 282.700
[2,  3720] loss: 265.812
[2,  3740] loss: 242.433
[2,  3760] loss: 387.116
[2,  3780] loss: 300.497
[2,  3800] loss: 476.140
[2,  3820] loss: 420.660
[2,  3840] loss: 374.362
[2,  3860] loss: 686.369
[2,  3880] loss: 572.491
[2,  3900] loss: 631.669
[2,  3920] loss: 918.239
[2,  3940] loss: 592.845
[2,  3960] loss: 422.271
[2,  3980] loss: 281.617
[2,  4000] loss: 393.846
[2,  4020] loss: 376.240
[2,  4040] loss: 317.192
[2,  4060] loss: 196.170
[2,  4080] loss: 261.473
[2,  4100] loss: 307.873
[2,  4120] loss: 645.548
[2,  4140] loss: 338.254
[2,  4160] loss: 231.942
[2,  4180] loss: 275.727
[2,  4200] loss: 266.443
[2,  4220] loss: 229.474
[2,  4240] loss: 334.944
[2,  4260] loss: 389.326
[2,  4280] loss: 483.399
[2,  4300] loss: 563.693
[2,  4320] loss: 257.242
[2,  4340] loss: 402.464
[2,  4360] loss: 297.431
[2,  4380] loss: 309.167
[2,  4400] loss: 228.399
[2,  4420] loss: 339.733
[2,  4440] loss: 750.856
[2,  4460] loss: 1336.510
[2,  4480] loss: 507.423
[2,  4500] loss: 734.829
[2,  4520] loss: 356.153
[2,  4540] loss: 328.440
[2,  4560] loss: 269.168
[2,  4580] loss: 232.639
[2,  4600] loss: 209.114
[2,  4620] loss: 363.844
[2,  4640] loss: 295.522
[2,  4660] loss: 231.230
[2,  4680] loss: 175.581
[2,  4700] loss: 200.040
[2,  4720] loss: 417.617
[2,  4740] loss: 604.996
[2,  4760] loss: 417.146
[2,  4780] loss: 368.165
[2,  4800] loss: 250.996
[2,  4820] loss: 318.178
[2,  4840] loss: 277.472
[2,  4860] loss: 212.635
[2,  4880] loss: 234.122
[2,  4900] loss: 179.567
[2,  4920] loss: 214.545
[2,  4940] loss: 325.761
[2,  4960] loss: 799.993
[2,  4980] loss: 698.794
[2,  5000] loss: 327.994
[2,  5020] loss: 246.089
[2,  5040] loss: 230.011
[2,  5060] loss: 170.894
[2,  5080] loss: 117.938
[2,  5100] loss: 131.398
[2,  5120] loss: 193.444
[2,  5140] loss: 416.679
[2,  5160] loss: 346.050
[2,  5180] loss: 195.202
[2,  5200] loss: 167.381
[2,  5220] loss: 250.096
[2,  5240] loss: 188.139
[2,  5260] loss: 210.975
[2,  5280] loss: 126.680
[2,  5300] loss: 160.213
[2,  5320] loss: 190.881
[2,  5340] loss: 208.900
[2,  5360] loss: 225.929
[2,  5380] loss: 211.959
[2,  5400] loss: 177.794
[2,  5420] loss: 160.029
[2,  5440] loss: 440.918
[2,  5460] loss: 257.432
[2,  5480] loss: 154.930
[2,  5500] loss: 164.611
[2,  5520] loss: 368.648
[2,  5540] loss: 249.027
[2,  5560] loss: 277.203
[2,  5580] loss: 187.544
[2,  5600] loss: 603.588
[2,  5620] loss: 624.741
[2,  5640] loss: 315.727
[2,  5660] loss: 493.497
[2,  5680] loss: 300.798
[2,  5700] loss: 246.922
[2,  5720] loss: 166.296
[2,  5740] loss: 185.276
[2,  5760] loss: 1616.873
[2,  5780] loss: 2156.049
[2,  5800] loss: 425.602
[2,  5820] loss: 282.060
[2,  5840] loss: 318.945
[2,  5860] loss: 201.624
[2,  5880] loss: 740.567
[2,  5900] loss: 1108.414
[2,  5920] loss: 1329.629
[2,  5940] loss: 200.946
[2,  5960] loss: 90.471
[2,  5980] loss: 378.358
[2,  6000] loss: 342.188
[2,  6020] loss: 278.162
[2,  6040] loss: 362.945
[2,  6060] loss: 150.171
[2,  6080] loss: 272.772
[1,    20] loss: 107.143
[1,    40] loss: 103.012
[1,    60] loss: 83.681
[1,    80] loss: 82.538
[1,   100] loss: 106.086
[1,   120] loss: 94.380
[1,   140] loss: 114.045
[1,   160] loss: 122.743
[1,   180] loss: 138.738
[1,   200] loss: 142.191
[1,   220] loss: 169.415
[1,   240] loss: 213.048
[1,   260] loss: 218.589
[1,   280] loss: 227.614
[1,   300] loss: 229.553
[1,   320] loss: 227.624
[1,   340] loss: 223.268
[1,   360] loss: 219.645
[1,   380] loss: 225.464
[1,   400] loss: 222.223
[1,   420] loss: 222.989
[1,   440] loss: 218.736
[1,   460] loss: 210.812
[1,   480] loss: 203.279
[1,   500] loss: 197.493
[1,   520] loss: 196.851
[1,   540] loss: 193.478
[1,   560] loss: 188.335
[1,   580] loss: 188.312
[1,   600] loss: 186.653
[1,   620] loss: 182.842
[1,   640] loss: 191.299
[1,   660] loss: 197.124
[2,    20] loss: 107.143
[2,    40] loss: 103.012
[2,    60] loss: 83.681
[2,    80] loss: 82.538
[2,   100] loss: 106.086
[2,   120] loss: 94.380
[2,   140] loss: 114.045
[2,   160] loss: 122.743
[2,   180] loss: 138.738
[2,   200] loss: 142.191
[2,   220] loss: 169.415
[2,   240] loss: 213.048
[2,   260] loss: 218.589
[2,   280] loss: 227.614
[2,   300] loss: 229.553
[2,   320] loss: 227.624
[2,   340] loss: 223.268
[2,   360] loss: 219.645
[2,   380] loss: 225.464
[2,   400] loss: 222.223
[2,   420] loss: 222.989
[2,   440] loss: 218.736
[2,   460] loss: 210.812
[2,   480] loss: 203.279
[2,   500] loss: 197.493
[2,   520] loss: 196.851
[2,   540] loss: 193.478
[2,   560] loss: 188.335
[2,   580] loss: 188.312
[2,   600] loss: 186.653
[2,   620] loss: 182.842
[2,   640] loss: 191.299
[2,   660] loss: 197.124
