cuda:  1
color_space: RGB
batch_size: 5
num_epcochs: 2
learning_rate: 0.003
[1,    20] loss: 2.210
[1,    40] loss: 0.940
[1,    60] loss: 0.174
[1,    80] loss: 0.074
[1,   100] loss: 0.083
[1,   120] loss: 0.054
[1,   140] loss: 0.102
[1,   160] loss: 0.054
[1,   180] loss: 0.054
[1,   200] loss: 0.084
[1,   220] loss: 0.054
[1,   240] loss: 0.071
[1,   260] loss: 0.073
[1,   280] loss: 0.040
[1,   300] loss: 0.085
[1,   320] loss: 0.078
[1,   340] loss: 0.068
[1,   360] loss: 0.065
[1,   380] loss: 0.041
[1,   400] loss: 0.054
[1,   420] loss: 0.138
[1,   440] loss: 0.041
[1,   460] loss: 0.091
[1,   480] loss: 0.038
[1,   500] loss: 0.119
[1,   520] loss: 0.072
[1,   540] loss: 0.095
[1,   560] loss: 0.051
[1,   580] loss: 0.060
[1,   600] loss: 0.064
[1,   620] loss: 0.070
[1,   640] loss: 0.099
[1,   660] loss: 0.094
[1,   680] loss: 0.101
[1,   700] loss: 0.126
[1,   720] loss: 0.068
[1,   740] loss: 0.066
[1,   760] loss: 0.043
[1,   780] loss: 0.055
[1,   800] loss: 0.049
[1,   820] loss: 0.048
[1,   840] loss: 0.048
[1,   860] loss: 0.045
[1,   880] loss: 0.079
[1,   900] loss: 0.049
[1,   920] loss: 0.097
[1,   940] loss: 0.037
[1,   960] loss: 0.023
[1,   980] loss: 0.058
[1,  1000] loss: 0.049
[1,  1020] loss: 0.098
[1,  1040] loss: 0.067
[1,  1060] loss: 0.103
[1,  1080] loss: 0.049
[1,  1100] loss: 0.080
[1,  1120] loss: 0.101
[1,  1140] loss: 0.107
[1,  1160] loss: 0.061
[1,  1180] loss: 0.105
[1,  1200] loss: 0.102
[1,  1220] loss: 0.086
[1,  1240] loss: 0.065
[1,  1260] loss: 0.068
[1,  1280] loss: 0.083
[1,  1300] loss: 0.054
[1,  1320] loss: 0.088
[1,  1340] loss: 0.055
[1,  1360] loss: 0.085
[1,  1380] loss: 0.074
[1,  1400] loss: 0.049
[1,  1420] loss: 0.063
[1,  1440] loss: 0.072
[1,  1460] loss: 0.067
[1,  1480] loss: 0.110
[1,  1500] loss: 0.044
[1,  1520] loss: 0.131
[1,  1540] loss: 0.088
[1,  1560] loss: 0.056
[1,  1580] loss: 0.052
[1,  1600] loss: 0.083
[1,  1620] loss: 0.080
[1,  1640] loss: 0.028
[1,  1660] loss: 0.118
[1,  1680] loss: 0.111
[1,  1700] loss: 0.094
[1,  1720] loss: 0.081
[1,  1740] loss: 0.062
[1,  1760] loss: 0.082
[1,  1780] loss: 0.065
[1,  1800] loss: 0.029
[1,  1820] loss: 0.083
[1,  1840] loss: 0.065
[1,  1860] loss: 0.096
[1,  1880] loss: 0.068
[1,  1900] loss: 0.084
[1,  1920] loss: 0.050
[1,  1940] loss: 0.058
[1,  1960] loss: 0.047
[1,  1980] loss: 0.083
[1,  2000] loss: 0.094
[1,  2020] loss: 0.047
[1,  2040] loss: 0.026
[1,  2060] loss: 0.032
[1,  2080] loss: 0.084
[1,  2100] loss: 0.109
[1,  2120] loss: 0.059
[1,  2140] loss: 0.091
[1,  2160] loss: 0.117
[1,  2180] loss: 0.140
[1,  2200] loss: 0.096
[1,  2220] loss: 0.088
[1,  2240] loss: 0.049
[1,  2260] loss: 0.083
[1,  2280] loss: 0.056
[1,  2300] loss: 0.120
[1,  2320] loss: 0.069
[1,  2340] loss: 0.125
[1,  2360] loss: 0.105
[1,  2380] loss: 0.075
[1,  2400] loss: 0.070
[1,  2420] loss: 0.065
[1,  2440] loss: 0.111
[1,  2460] loss: 0.079
[1,  2480] loss: 0.065
[1,  2500] loss: 0.035
[1,  2520] loss: 0.065
[1,  2540] loss: 0.059
[1,  2560] loss: 0.059
[1,  2580] loss: 0.093
[1,  2600] loss: 0.049
[1,  2620] loss: 0.068
[1,  2640] loss: 0.033
[1,  2660] loss: 0.066
[1,  2680] loss: 0.085
[1,  2700] loss: 0.088
[1,  2720] loss: 0.064
[1,  2740] loss: 0.067
[1,  2760] loss: 0.083
[1,  2780] loss: 0.122
[1,  2800] loss: 0.045
[1,  2820] loss: 0.130
[1,  2840] loss: 0.065
[1,  2860] loss: 0.046
[1,  2880] loss: 0.078
[1,  2900] loss: 0.095
[1,  2920] loss: 0.066
[1,  2940] loss: 0.042
[1,  2960] loss: 0.083
[1,  2980] loss: 0.105
[1,  3000] loss: 0.044
[1,  3020] loss: 0.044
[1,  3040] loss: 0.092
[1,  3060] loss: 0.058
[1,  3080] loss: 0.060
[1,  3100] loss: 0.093
[1,  3120] loss: 0.059
[1,  3140] loss: 0.061
[1,  3160] loss: 0.150
[1,  3180] loss: 0.085
[1,  3200] loss: 0.090
[1,  3220] loss: 0.062
[1,  3240] loss: 0.054
[1,  3260] loss: 0.052
[1,  3280] loss: 0.089
[1,  3300] loss: 0.056
[1,  3320] loss: 0.055
[1,  3340] loss: 0.081
[1,  3360] loss: 0.043
[1,  3380] loss: 0.049
[1,  3400] loss: 0.052
[1,  3420] loss: 0.098
[1,  3440] loss: 0.051
[1,  3460] loss: 0.145
[1,  3480] loss: 0.081
[1,  3500] loss: 0.095
[1,  3520] loss: 0.097
[1,  3540] loss: 0.089
[1,  3560] loss: 0.074
[1,  3580] loss: 0.073
[1,  3600] loss: 0.134
[1,  3620] loss: 0.053
[1,  3640] loss: 0.059
[1,  3660] loss: 0.115
[1,  3680] loss: 0.108
[1,  3700] loss: 0.069
[1,  3720] loss: 0.137
[1,  3740] loss: 0.078
[1,  3760] loss: 0.074
[1,  3780] loss: 0.051
[1,  3800] loss: 0.112
[1,  3820] loss: 0.098
[1,  3840] loss: 0.100
[1,  3860] loss: 0.059
[1,  3880] loss: 0.122
[1,  3900] loss: 0.113
[1,  3920] loss: 0.082
[1,  3940] loss: 0.094
[1,  3960] loss: 0.145
[1,  3980] loss: 0.050
[1,  4000] loss: 0.102
[1,  4020] loss: 0.079
[1,  4040] loss: 0.065
[1,  4060] loss: 0.091
[1,  4080] loss: 0.049
[1,  4100] loss: 0.057
[1,  4120] loss: 0.116
[1,  4140] loss: 0.049
[1,  4160] loss: 0.077
[1,  4180] loss: 0.133
[1,  4200] loss: 0.070
[1,  4220] loss: 0.168
[1,  4240] loss: 0.103
[1,  4260] loss: 0.056
[1,  4280] loss: 0.047
[1,  4300] loss: 0.053
[1,  4320] loss: 0.094
[1,  4340] loss: 0.093
[1,  4360] loss: 0.064
[1,  4380] loss: 3553.745
[1,  4400] loss: 533855404827.305
[1,  4420] loss: 4638433340057.600
[1,  4440] loss: 2929112360329.600
[1,  4460] loss: 480246392422.400
[1,  4480] loss: 109874129670.400
[1,  4500] loss: 2308733881.600
[1,  4520] loss: 1707492972.800
[1,  4540] loss: 961380228.800
[1,  4560] loss: 706193192.600
[1,  4580] loss: 700608038.400
[1,  4600] loss: 493824228.000
[1,  4620] loss: 284177100.400
[1,  4640] loss: 276934789.800
[1,  4660] loss: 283097489.200
[1,  4680] loss: 308163323.200
[1,  4700] loss: 296843565.400
[1,  4720] loss: 190401216.200
[1,  4740] loss: 251904104.800
[1,  4760] loss: 265511638.800
[1,  4780] loss: 209810382.600
[1,  4800] loss: 187648957.300
[1,  4820] loss: 180605818.600
[1,  4840] loss: 180074453.200
[1,  4860] loss: 137765862.900
[1,  4880] loss: 124839153.350
[1,  4900] loss: 116475661.725
[1,  4920] loss: 133505679.200
[1,  4940] loss: 133321937.800
[1,  4960] loss: 109046497.100
[1,  4980] loss: 125219983.400
[1,  5000] loss: 99982043.925
[1,  5020] loss: 103651266.450
[1,  5040] loss: 107361085.300
[1,  5060] loss: 52176198.087
[1,  5080] loss: 61374816.900
[1,  5100] loss: 74903115.600
[1,  5120] loss: 65375419.650
[1,  5140] loss: 77219818.200
[1,  5160] loss: 57148480.250
[1,  5180] loss: 70565293.400
[1,  5200] loss: 51002061.200
[1,  5220] loss: 62759233.700
[1,  5240] loss: 53278818.000
[1,  5260] loss: 36647904.250
[1,  5280] loss: 52593918.400
[1,  5300] loss: 45771122.750
[1,  5320] loss: 47894086.450
[1,  5340] loss: 39793222.350
[1,  5360] loss: 40249146.850
[1,  5380] loss: 31840473.950
[1,  5400] loss: 40642032.350
[1,  5420] loss: 37979010.800
[1,  5440] loss: 23601384.925
[1,  5460] loss: 35237527.800
[1,  5480] loss: 31577706.700
[1,  5500] loss: 34156020.300
[1,  5520] loss: 32955967.375
[1,  5540] loss: 26696904.600
[1,  5560] loss: 24370230.113
[1,  5580] loss: 22611566.400
[1,  5600] loss: 24131793.012
[1,  5620] loss: 18547208.750
[1,  5640] loss: 21686059.575
[1,  5660] loss: 25746740.950
[1,  5680] loss: 23373267.613
[1,  5700] loss: 19063628.000
[1,  5720] loss: 18662802.281
[1,  5740] loss: 16200829.925
[1,  5760] loss: 16672964.463
[1,  5780] loss: 13389799.494
[1,  5800] loss: 14084043.287
[1,  5820] loss: 17519939.644
[1,  5840] loss: 15141287.363
[1,  5860] loss: 12427922.488
[1,  5880] loss: 12920589.850
[1,  5900] loss: 11646091.213
[1,  5920] loss: 14662194.838
[1,  5940] loss: 13392866.050
[1,  5960] loss: 9596531.950
[1,  5980] loss: 12879208.034
[1,  6000] loss: 12774439.356
[1,  6020] loss: 11361034.969
[1,  6040] loss: 8567833.556
[1,  6060] loss: 8312179.975
[1,  6080] loss: 6628137.898
[2,    20] loss: 6495798.569
[2,    40] loss: 7328058.112
[2,    60] loss: 7599897.553
[2,    80] loss: 5842000.594
[2,   100] loss: 6419337.000
[2,   120] loss: 8547787.231
[2,   140] loss: 7798557.564
[2,   160] loss: 5566468.369
[2,   180] loss: 6632082.791
[2,   200] loss: 8376003.088
[2,   220] loss: 5587094.756
[2,   240] loss: 4419684.856
[2,   260] loss: 4740553.150
[2,   280] loss: 5798924.444
[2,   300] loss: 4318746.942
[2,   320] loss: 6063690.688
[2,   340] loss: 6445740.662
[2,   360] loss: 4589939.934
[2,   380] loss: 3707018.997
[2,   400] loss: 4482475.602
[2,   420] loss: 4357947.983
[2,   440] loss: 3084930.781
[2,   460] loss: 3787291.200
[2,   480] loss: 3528823.520
[2,   500] loss: 5112128.916
[2,   520] loss: 3105867.367
[2,   540] loss: 3354384.767
[2,   560] loss: 3837871.572
[2,   580] loss: 3150449.237
[2,   600] loss: 2475539.192
[2,   620] loss: 3919231.448
[2,   640] loss: 2484151.409
[2,   660] loss: 3052178.664
[2,   680] loss: 2775470.258
[2,   700] loss: 2574799.606
[2,   720] loss: 2597754.242
[2,   740] loss: 3274798.955
[2,   760] loss: 2584932.402
[2,   780] loss: 1800186.048
[2,   800] loss: 2256286.019
[2,   820] loss: 2441865.627
[2,   840] loss: 2312824.983
[2,   860] loss: 1885314.875
[2,   880] loss: 2111852.353
[2,   900] loss: 2264819.357
[2,   920] loss: 2246909.394
[2,   940] loss: 1336060.642
[2,   960] loss: 1778469.210
[2,   980] loss: 2058724.569
[2,  1000] loss: 2005324.053
[2,  1020] loss: 1786038.039
[2,  1040] loss: 1423674.902
[2,  1060] loss: 1883932.323
[2,  1080] loss: 2097949.822
[2,  1100] loss: 2327668.639
[2,  1120] loss: 1818320.950
[2,  1140] loss: 1167848.136
[2,  1160] loss: 1511760.666
[2,  1180] loss: 1285673.580
[2,  1200] loss: 1410377.029
[2,  1220] loss: 1094865.133
[2,  1240] loss: 1509372.288
[2,  1260] loss: 1321893.203
[2,  1280] loss: 2087388.064
[2,  1300] loss: 1211193.544
[2,  1320] loss: 1217092.762
[2,  1340] loss: 1217748.258
[2,  1360] loss: 1258425.056
[2,  1380] loss: 1755767.617
[2,  1400] loss: 1120435.154
[2,  1420] loss: 1113739.238
[2,  1440] loss: 1233001.745
[2,  1460] loss: 962014.678
[2,  1480] loss: 1314001.378
[2,  1500] loss: 1155974.613
[2,  1520] loss: 779799.031
[2,  1540] loss: 732010.180
[2,  1560] loss: 924298.124
[2,  1580] loss: 888245.526
[2,  1600] loss: 956501.409
[2,  1620] loss: 868667.584
[2,  1640] loss: 1012404.752
[2,  1660] loss: 1018994.434
[2,  1680] loss: 786475.241
[2,  1700] loss: 716033.417
[2,  1720] loss: 697679.799
[2,  1740] loss: 721464.122
[2,  1760] loss: 745439.421
[2,  1780] loss: 673116.323
[2,  1800] loss: 740135.580
[2,  1820] loss: 630965.366
[2,  1840] loss: 644711.602
[2,  1860] loss: 753907.945
[2,  1880] loss: 700754.833
[2,  1900] loss: 737299.146
[2,  1920] loss: 690116.336
[2,  1940] loss: 576875.738
[2,  1960] loss: 896962.428
[2,  1980] loss: 680166.527
[2,  2000] loss: 482146.966
[2,  2020] loss: 457486.622
[2,  2040] loss: 540983.890
[2,  2060] loss: 584985.780
[2,  2080] loss: 584050.966
[2,  2100] loss: 559832.343
[2,  2120] loss: 550214.447
[2,  2140] loss: 420711.569
[2,  2160] loss: 381022.777
[2,  2180] loss: 623814.883
[2,  2200] loss: 508370.522
[2,  2220] loss: 508203.886
[2,  2240] loss: 595652.352
[2,  2260] loss: 570108.580
[2,  2280] loss: 660046.098
[2,  2300] loss: 590080.393
[2,  2320] loss: 365996.169
[2,  2340] loss: 463821.994
[2,  2360] loss: 384523.814
[2,  2380] loss: 384187.061
[2,  2400] loss: 580911.309
[2,  2420] loss: 342719.061
[2,  2440] loss: 378096.063
[2,  2460] loss: 565739.950
[2,  2480] loss: 388429.713
[2,  2500] loss: 481822.965
[2,  2520] loss: 485531.400
[2,  2540] loss: 427590.804
[2,  2560] loss: 343162.606
[2,  2580] loss: 452820.071
[2,  2600] loss: 324196.545
[2,  2620] loss: 338134.613
[2,  2640] loss: 430678.701
[2,  2660] loss: 330979.055
[2,  2680] loss: 335506.188
[2,  2700] loss: 308235.699
[2,  2720] loss: 277019.568
[2,  2740] loss: 301484.984
[2,  2760] loss: 339602.493
[2,  2780] loss: 383124.166
[2,  2800] loss: 215889.995
[2,  2820] loss: 426489.897
[2,  2840] loss: 319326.024
[2,  2860] loss: 279197.185
[2,  2880] loss: 289534.648
[2,  2900] loss: 272932.484
[2,  2920] loss: 356396.105
[2,  2940] loss: 299614.197
[2,  2960] loss: 379685.352
[2,  2980] loss: 292356.975
[2,  3000] loss: 247136.065
[2,  3020] loss: 254972.993
[2,  3040] loss: 257550.589
[2,  3060] loss: 326261.454
[2,  3080] loss: 206807.782
[2,  3100] loss: 352451.264
[2,  3120] loss: 265886.688
[2,  3140] loss: 256640.206
[2,  3160] loss: 259672.832
[2,  3180] loss: 236732.696
[2,  3200] loss: 253005.362
[2,  3220] loss: 161450.690
[2,  3240] loss: 282699.613
[2,  3260] loss: 275750.300
[2,  3280] loss: 203072.902
[2,  3300] loss: 279085.587
[2,  3320] loss: 185885.186
[2,  3340] loss: 256555.881
[2,  3360] loss: 266172.956
[2,  3380] loss: 242857.338
[2,  3400] loss: 283738.280
[2,  3420] loss: 217897.171
[2,  3440] loss: 265751.569
[2,  3460] loss: 190723.617
[2,  3480] loss: 196170.316
[2,  3500] loss: 191214.741
[2,  3520] loss: 175215.522
[2,  3540] loss: 224537.247
[2,  3560] loss: 274560.239
[2,  3580] loss: 214066.095
[2,  3600] loss: 206834.252
[2,  3620] loss: 201562.195
[2,  3640] loss: 231137.687
[2,  3660] loss: 200173.437
[2,  3680] loss: 248570.765
[2,  3700] loss: 171241.934
[2,  3720] loss: 169933.357
[2,  3740] loss: 178087.533
[2,  3760] loss: 203822.538
[2,  3780] loss: 223688.867
[2,  3800] loss: 152217.636
[2,  3820] loss: 180649.726
[2,  3840] loss: 161091.216
[2,  3860] loss: 171472.821
[2,  3880] loss: 187633.617
[2,  3900] loss: 187566.343
[2,  3920] loss: 133279.365
[2,  3940] loss: 203382.248
[2,  3960] loss: 184404.577
[2,  3980] loss: 160849.587
[2,  4000] loss: 173918.410
[2,  4020] loss: 164306.478
[2,  4040] loss: 199269.584
[2,  4060] loss: 157575.203
[2,  4080] loss: 121727.351
[2,  4100] loss: 149146.820
[2,  4120] loss: 128252.936
[2,  4140] loss: 187841.356
[2,  4160] loss: 138733.791
[2,  4180] loss: 145635.329
[2,  4200] loss: 180771.040
[2,  4220] loss: 150165.496
[2,  4240] loss: 162519.478
[2,  4260] loss: 168178.721
[2,  4280] loss: 162449.982
[2,  4300] loss: 157576.727
[2,  4320] loss: 145089.364
[2,  4340] loss: 188068.884
[2,  4360] loss: 182326.653
[2,  4380] loss: 146325.357
[2,  4400] loss: 157920.858
[2,  4420] loss: 191005.802
[2,  4440] loss: 131807.802
[2,  4460] loss: 132582.325
[2,  4480] loss: 117038.004
[2,  4500] loss: 123210.363
[2,  4520] loss: 137503.943
[2,  4540] loss: 150217.929
[2,  4560] loss: 122720.470
[2,  4580] loss: 130071.720
[2,  4600] loss: 134052.479
[2,  4620] loss: 148500.451
[2,  4640] loss: 115043.319
[2,  4660] loss: 178510.642
[2,  4680] loss: 125559.040
[2,  4700] loss: 127996.491
[2,  4720] loss: 133125.903
[2,  4740] loss: 174605.640
[2,  4760] loss: 128499.273
[2,  4780] loss: 146595.209
[2,  4800] loss: 136198.606
[2,  4820] loss: 145064.037
[2,  4840] loss: 116278.780
[2,  4860] loss: 108956.674
[2,  4880] loss: 110556.681
[2,  4900] loss: 129578.765
[2,  4920] loss: 138185.135
[2,  4940] loss: 121817.529
[2,  4960] loss: 127890.330
[2,  4980] loss: 114928.303
[2,  5000] loss: 109401.491
[2,  5020] loss: 133441.264
[2,  5040] loss: 98571.790
[2,  5060] loss: 101632.447
[2,  5080] loss: 111851.372
[2,  5100] loss: 150354.249
[2,  5120] loss: 139360.702
[2,  5140] loss: 106613.733
[2,  5160] loss: 114903.219
[2,  5180] loss: 119806.371
[2,  5200] loss: 100280.985
[2,  5220] loss: 103869.586
[2,  5240] loss: 115522.070
[2,  5260] loss: 113758.114
[2,  5280] loss: 128508.709
[2,  5300] loss: 105449.811
[2,  5320] loss: 127446.547
[2,  5340] loss: 93141.715
[2,  5360] loss: 126339.514
[2,  5380] loss: 112433.236
[2,  5400] loss: 106081.095
[2,  5420] loss: 137790.746
[2,  5440] loss: 101761.627
[2,  5460] loss: 111005.938
[2,  5480] loss: 118453.233
[2,  5500] loss: 108010.471
[2,  5520] loss: 96083.168
[2,  5540] loss: 113867.713
[2,  5560] loss: 85840.234
[2,  5580] loss: 92951.133
[2,  5600] loss: 91287.666
[2,  5620] loss: 79524.654
[2,  5640] loss: 102198.469
[2,  5660] loss: 96586.815
[2,  5680] loss: 60958.257
[2,  5700] loss: 103337.054
[2,  5720] loss: 77179.989
[2,  5740] loss: 104889.143
[2,  5760] loss: 81935.815
[2,  5780] loss: 89379.758
[2,  5800] loss: 72435.630
[2,  5820] loss: 104452.383
[2,  5840] loss: 86213.991
[2,  5860] loss: 90817.362
[2,  5880] loss: 62705.288
[2,  5900] loss: 85169.182
[2,  5920] loss: 115102.012
[2,  5940] loss: 99052.694
[2,  5960] loss: 70247.781
[2,  5980] loss: 74082.256
[2,  6000] loss: 85884.947
[2,  6020] loss: 80997.740
[2,  6040] loss: 85278.296
[2,  6060] loss: 64314.456
[2,  6080] loss: 71539.140
[1,    20] loss: 63690.552
[1,    40] loss: 127727.051
[1,    60] loss: 107409.037
[1,    80] loss: 80698.398
[1,   100] loss: 73897.497
[1,   120] loss: 67162.110
[1,   140] loss: 59174.150
[1,   160] loss: 54035.665
[1,   180] loss: 49957.650
[1,   200] loss: 47941.013
[1,   220] loss: 47961.489
[1,   240] loss: 47292.468
[1,   260] loss: 54679.327
[1,   280] loss: 53718.806
[1,   300] loss: 56151.905
[1,   320] loss: 57256.594
[1,   340] loss: 54788.442
[1,   360] loss: 52412.971
[1,   380] loss: 49822.085
[1,   400] loss: 47962.656
[1,   420] loss: 46441.819
[1,   440] loss: 50263.803
[1,   460] loss: 48656.554
[1,   480] loss: 47561.008
[1,   500] loss: 46345.960
[1,   520] loss: 47371.888
[1,   540] loss: 48923.776
[1,   560] loss: 49395.938
[1,   580] loss: 53412.488
[1,   600] loss: 53430.875
[1,   620] loss: 52615.571
[1,   640] loss: 51315.269
[1,   660] loss: 52880.583
[2,    20] loss: 63690.552
[2,    40] loss: 127727.051
[2,    60] loss: 107409.037
[2,    80] loss: 80698.398
[2,   100] loss: 73897.497
[2,   120] loss: 67162.110
[2,   140] loss: 59174.150
[2,   160] loss: 54035.665
[2,   180] loss: 49957.650
[2,   200] loss: 47941.013
[2,   220] loss: 47961.489
[2,   240] loss: 47292.468
[2,   260] loss: 54679.327
[2,   280] loss: 53718.806
[2,   300] loss: 56151.905
[2,   320] loss: 57256.594
[2,   340] loss: 54788.442
[2,   360] loss: 52412.971
[2,   380] loss: 49822.085
[2,   400] loss: 47962.656
[2,   420] loss: 46441.819
[2,   440] loss: 50263.803
[2,   460] loss: 48656.554
[2,   480] loss: 47561.008
[2,   500] loss: 46345.960
[2,   520] loss: 47371.888
[2,   540] loss: 48923.776
[2,   560] loss: 49395.938
[2,   580] loss: 53412.488
[2,   600] loss: 53430.875
[2,   620] loss: 52615.571
[2,   640] loss: 51315.269
[2,   660] loss: 52880.583
