cuda:  6
color_space: RGB
batch_size: 5
num_epcochs: 3
learning_rate: 0.001
[1,    20] loss: 0.062
[1,    40] loss: 0.070
[1,    60] loss: 0.116
[1,    80] loss: 0.088
[1,   100] loss: 0.109
[1,   120] loss: 0.071
[1,   140] loss: 0.060
[1,   160] loss: 0.059
[1,   180] loss: 0.103
[1,   200] loss: 0.063
[1,   220] loss: 0.122
[1,   240] loss: 0.104
[1,   260] loss: 0.100
[1,   280] loss: 0.046
[1,   300] loss: 0.085
[1,   320] loss: 0.105
[1,   340] loss: 0.070
[1,   360] loss: 0.100
[1,   380] loss: 0.068
[1,   400] loss: 0.092
[1,   420] loss: 0.078
[1,   440] loss: 0.105
[1,   460] loss: 0.139
[1,   480] loss: 0.094
[1,   500] loss: 0.093
[1,   520] loss: 0.050
[1,   540] loss: 0.054
[1,   560] loss: 0.074
[1,   580] loss: 0.038
[1,   600] loss: 0.128
[1,   620] loss: 0.064
[1,   640] loss: 0.058
[1,   660] loss: 0.097
[1,   680] loss: 0.049
[1,   700] loss: 0.082
[1,   720] loss: 0.039
[1,   740] loss: 0.113
[1,   760] loss: 0.150
[1,   780] loss: 0.069
[1,   800] loss: 0.079
[1,   820] loss: 0.099
[1,   840] loss: 0.044
[1,   860] loss: 0.047
[1,   880] loss: 0.065
[1,   900] loss: 0.072
[1,   920] loss: 0.056
[1,   940] loss: 0.089
[1,   960] loss: 0.138
[1,   980] loss: 0.142
[1,  1000] loss: 0.113
[1,  1020] loss: 0.065
[1,  1040] loss: 0.123
[1,  1060] loss: 0.120
[1,  1080] loss: 0.053
[1,  1100] loss: 0.054
[1,  1120] loss: 0.052
[1,  1140] loss: 0.131
[1,  1160] loss: 0.082
[1,  1180] loss: 0.044
[1,  1200] loss: 0.103
[1,  1220] loss: 0.087
[1,  1240] loss: 0.096
[1,  1260] loss: 0.098
[1,  1280] loss: 0.081
[1,  1300] loss: 0.083
[1,  1320] loss: 0.074
[1,  1340] loss: 0.054
[1,  1360] loss: 0.111
[1,  1380] loss: 0.096
[1,  1400] loss: 0.090
[1,  1420] loss: 0.064
[1,  1440] loss: 0.060
[1,  1460] loss: 0.112
[1,  1480] loss: 0.095
[1,  1500] loss: 0.044
[1,  1520] loss: 0.053
[1,  1540] loss: 0.065
[1,  1560] loss: 0.068
[1,  1580] loss: 0.067
[1,  1600] loss: 0.134
[1,  1620] loss: 0.090
[1,  1640] loss: 0.110
[1,  1660] loss: 0.077
[1,  1680] loss: 0.056
[1,  1700] loss: 0.104
[1,  1720] loss: 0.047
[1,  1740] loss: 0.075
[1,  1760] loss: 0.061
[1,  1780] loss: 0.053
[1,  1800] loss: 0.065
[1,  1820] loss: 0.129
[1,  1840] loss: 0.063
[1,  1860] loss: 0.146
[1,  1880] loss: 0.104
[1,  1900] loss: 0.069
[1,  1920] loss: 0.087
[1,  1940] loss: 0.053
[1,  1960] loss: 0.071
[1,  1980] loss: 0.071
[1,  2000] loss: 0.086
[1,  2020] loss: 0.095
[1,  2040] loss: 0.062
[1,  2060] loss: 0.097
[1,  2080] loss: 3713.146
[1,  2100] loss: 93550.568
[1,  2120] loss: 28901.366
[1,  2140] loss: 7850.776
[1,  2160] loss: 350.596
[1,  2180] loss: 62.666
[1,  2200] loss: 24.919
[1,  2220] loss: 17.383
[1,  2240] loss: 13.706
[1,  2260] loss: 6.526
[1,  2280] loss: 8.924
[1,  2300] loss: 7.459
[1,  2320] loss: 6.562
[1,  2340] loss: 4.592
[1,  2360] loss: 6.570
[1,  2380] loss: 4.049
[1,  2400] loss: 5.476
[1,  2420] loss: 2.999
[1,  2440] loss: 2.212
[1,  2460] loss: 4.136
[1,  2480] loss: 2.935
[1,  2500] loss: 2.922
[1,  2520] loss: 2.039
[1,  2540] loss: 2.051
[1,  2560] loss: 2.313
[1,  2580] loss: 2.735
[1,  2600] loss: 3.072
[1,  2620] loss: 1.924
[1,  2640] loss: 2.367
[1,  2660] loss: 2.406
[1,  2680] loss: 1.621
[1,  2700] loss: 1.431
[1,  2720] loss: 1.700
[1,  2740] loss: 1.603
[1,  2760] loss: 1.302
[1,  2780] loss: 1.939
[1,  2800] loss: 1.404
[1,  2820] loss: 1.471
[1,  2840] loss: 1.459
[1,  2860] loss: 1.169
[1,  2880] loss: 0.855
[1,  2900] loss: 1.118
[1,  2920] loss: 1.183
[1,  2940] loss: 1.326
[1,  2960] loss: 1.223
[1,  2980] loss: 0.803
[1,  3000] loss: 1.045
[1,  3020] loss: 0.933
[1,  3040] loss: 1.176
[1,  3060] loss: 0.869
[1,  3080] loss: 0.811
[1,  3100] loss: 0.777
[1,  3120] loss: 0.837
[1,  3140] loss: 0.771
[1,  3160] loss: 0.852
[1,  3180] loss: 0.842
[1,  3200] loss: 0.761
[1,  3220] loss: 0.567
[1,  3240] loss: 0.677
[1,  3260] loss: 0.757
[1,  3280] loss: 0.624
[1,  3300] loss: 0.813
[1,  3320] loss: 0.585
[1,  3340] loss: 0.583
[1,  3360] loss: 0.614
[1,  3380] loss: 0.578
[1,  3400] loss: 0.655
[1,  3420] loss: 0.557
[1,  3440] loss: 0.651
[1,  3460] loss: 0.469
[1,  3480] loss: 0.532
[1,  3500] loss: 0.605
[1,  3520] loss: 0.513
[1,  3540] loss: 0.434
[1,  3560] loss: 0.492
[1,  3580] loss: 0.477
[1,  3600] loss: 0.538
[1,  3620] loss: 0.483
[1,  3640] loss: 0.386
[1,  3660] loss: 0.499
[1,  3680] loss: 0.388
[1,  3700] loss: 0.405
[1,  3720] loss: 0.502
[1,  3740] loss: 0.459
[1,  3760] loss: 0.416
[1,  3780] loss: 0.400
[1,  3800] loss: 0.457
[1,  3820] loss: 0.402
[1,  3840] loss: 0.351
[1,  3860] loss: 0.310
[1,  3880] loss: 0.448
[1,  3900] loss: 0.413
[1,  3920] loss: 0.363
[1,  3940] loss: 0.441
[1,  3960] loss: 0.337
[1,  3980] loss: 0.249
[1,  4000] loss: 0.366
[1,  4020] loss: 0.343
[1,  4040] loss: 0.412
[1,  4060] loss: 0.359
[1,  4080] loss: 0.236
[1,  4100] loss: 0.417
[1,  4120] loss: 0.274
[1,  4140] loss: 0.305
[1,  4160] loss: 0.344
[1,  4180] loss: 0.315
[1,  4200] loss: 0.286
[1,  4220] loss: 0.352
[1,  4240] loss: 0.247
[1,  4260] loss: 0.206
[1,  4280] loss: 0.328
[1,  4300] loss: 0.258
[1,  4320] loss: 0.349
[1,  4340] loss: 0.234
[1,  4360] loss: 0.262
[1,  4380] loss: 0.216
[1,  4400] loss: 0.278
[1,  4420] loss: 0.187
[1,  4440] loss: 0.198
[1,  4460] loss: 0.290
[1,  4480] loss: 0.241
[1,  4500] loss: 0.253
[1,  4520] loss: 0.245
[1,  4540] loss: 0.242
[1,  4560] loss: 0.196
[1,  4580] loss: 0.218
[1,  4600] loss: 0.250
[1,  4620] loss: 0.219
[1,  4640] loss: 0.194
[1,  4660] loss: 0.200
[1,  4680] loss: 0.252
[1,  4700] loss: 0.221
[1,  4720] loss: 0.241
[1,  4740] loss: 0.227
[1,  4760] loss: 0.328
[1,  4780] loss: 0.214
[1,  4800] loss: 0.285
[1,  4820] loss: 0.181
[1,  4840] loss: 0.176
[1,  4860] loss: 0.235
[1,  4880] loss: 0.186
[1,  4900] loss: 0.220
[1,  4920] loss: 0.191
[1,  4940] loss: 0.188
[1,  4960] loss: 0.146
[1,  4980] loss: 0.147
[1,  5000] loss: 0.168
[1,  5020] loss: 0.151
[1,  5040] loss: 0.198
[1,  5060] loss: 0.199
[1,  5080] loss: 0.201
[1,  5100] loss: 0.148
[1,  5120] loss: 0.193
[1,  5140] loss: 0.176
[1,  5160] loss: 0.144
[1,  5180] loss: 0.181
[1,  5200] loss: 0.203
[1,  5220] loss: 0.209
[1,  5240] loss: 0.155
[1,  5260] loss: 0.115
[1,  5280] loss: 0.169
[1,  5300] loss: 0.183
[1,  5320] loss: 0.155
[1,  5340] loss: 0.124
[1,  5360] loss: 0.135
[1,  5380] loss: 0.168
[1,  5400] loss: 0.128
[1,  5420] loss: 0.123
[1,  5440] loss: 0.169
[1,  5460] loss: 0.148
[1,  5480] loss: 0.164
[1,  5500] loss: 0.168
[1,  5520] loss: 0.134
[1,  5540] loss: 0.159
[1,  5560] loss: 0.194
[1,  5580] loss: 0.091
[1,  5600] loss: 0.120
[1,  5620] loss: 0.226
[1,  5640] loss: 0.145
[1,  5660] loss: 0.136
[1,  5680] loss: 0.119
[1,  5700] loss: 0.110
[1,  5720] loss: 0.137
[1,  5740] loss: 0.121
[1,  5760] loss: 0.115
[1,  5780] loss: 0.103
[1,  5800] loss: 0.075
[1,  5820] loss: 0.123
[1,  5840] loss: 0.103
[1,  5860] loss: 0.090
[1,  5880] loss: 0.121
[1,  5900] loss: 0.136
[1,  5920] loss: 0.103
[1,  5940] loss: 0.132
[1,  5960] loss: 0.093
[1,  5980] loss: 0.098
[1,  6000] loss: 0.087
[1,  6020] loss: 0.116
[1,  6040] loss: 0.103
[1,  6060] loss: 0.139
[1,  6080] loss: 0.153
[2,    20] loss: 0.107
[2,    40] loss: 0.074
[2,    60] loss: 0.095
[2,    80] loss: 0.106
[2,   100] loss: 0.154
[2,   120] loss: 0.084
[2,   140] loss: 0.186
[2,   160] loss: 0.117
[2,   180] loss: 0.101
[2,   200] loss: 0.124
[2,   220] loss: 0.080
[2,   240] loss: 0.090
[2,   260] loss: 0.126
[2,   280] loss: 0.124
[2,   300] loss: 0.108
[2,   320] loss: 0.171
[2,   340] loss: 0.056
[2,   360] loss: 0.056
[2,   380] loss: 0.109
[2,   400] loss: 0.115
[2,   420] loss: 0.118
[2,   440] loss: 0.119
[2,   460] loss: 0.099
[2,   480] loss: 0.107
[2,   500] loss: 0.118
[2,   520] loss: 0.123
[2,   540] loss: 0.140
[2,   560] loss: 0.100
[2,   580] loss: 0.075
[2,   600] loss: 0.111
[2,   620] loss: 0.154
[2,   640] loss: 0.107
[2,   660] loss: 0.141
[2,   680] loss: 0.100
[2,   700] loss: 0.081
[2,   720] loss: 0.061
[2,   740] loss: 0.085
[2,   760] loss: 0.126
[2,   780] loss: 0.147
[2,   800] loss: 0.115
[2,   820] loss: 0.097
[2,   840] loss: 0.151
[2,   860] loss: 0.162
[2,   880] loss: 0.128
[2,   900] loss: 0.070
[2,   920] loss: 0.050
[2,   940] loss: 0.160
[2,   960] loss: 0.077
[2,   980] loss: 0.120
[2,  1000] loss: 0.092
[2,  1020] loss: 0.070
[2,  1040] loss: 0.063
[2,  1060] loss: 0.142
[2,  1080] loss: 0.082
[2,  1100] loss: 0.101
[2,  1120] loss: 0.134
[2,  1140] loss: 0.052
[2,  1160] loss: 0.052
[2,  1180] loss: 0.066
[2,  1200] loss: 0.070
[2,  1220] loss: 0.087
[2,  1240] loss: 0.071
[2,  1260] loss: 0.147
[2,  1280] loss: 0.127
[2,  1300] loss: 0.100
[2,  1320] loss: 0.102
[2,  1340] loss: 0.077
[2,  1360] loss: 0.105
[2,  1380] loss: 0.076
[2,  1400] loss: 0.079
[2,  1420] loss: 0.058
[2,  1440] loss: 0.140
[2,  1460] loss: 0.112
[2,  1480] loss: 0.156
[2,  1500] loss: 0.120
[2,  1520] loss: 0.082
[2,  1540] loss: 0.107
[2,  1560] loss: 0.113
[2,  1580] loss: 0.067
[2,  1600] loss: 0.096
[2,  1620] loss: 0.065
[2,  1640] loss: 0.075
[2,  1660] loss: 0.094
[2,  1680] loss: 0.062
[2,  1700] loss: 0.106
[2,  1720] loss: 0.110
[2,  1740] loss: 0.110
[2,  1760] loss: 0.088
[2,  1780] loss: 0.155
[2,  1800] loss: 0.102
[2,  1820] loss: 0.078
[2,  1840] loss: 0.106
[2,  1860] loss: 0.103
[2,  1880] loss: 0.078
[2,  1900] loss: 0.071
[2,  1920] loss: 0.103
[2,  1940] loss: 0.119
[2,  1960] loss: 0.056
[2,  1980] loss: 0.054
[2,  2000] loss: 0.062
[2,  2020] loss: 0.101
[2,  2040] loss: 0.085
[2,  2060] loss: 0.142
[2,  2080] loss: 0.086
[2,  2100] loss: 0.164
[2,  2120] loss: 0.217
[2,  2140] loss: 0.076
[2,  2160] loss: 0.138
[2,  2180] loss: 0.069
[2,  2200] loss: 0.115
[2,  2220] loss: 0.119
[2,  2240] loss: 0.086
[2,  2260] loss: 0.146
[2,  2280] loss: 0.135
[2,  2300] loss: 0.107
[2,  2320] loss: 0.080
[2,  2340] loss: 0.088
[2,  2360] loss: 0.053
[2,  2380] loss: 0.052
[2,  2400] loss: 0.090
[2,  2420] loss: 0.107
[2,  2440] loss: 0.109
[2,  2460] loss: 0.116
[2,  2480] loss: 0.175
[2,  2500] loss: 0.089
[2,  2520] loss: 0.076
[2,  2540] loss: 0.132
[2,  2560] loss: 0.068
[2,  2580] loss: 0.091
[2,  2600] loss: 0.095
[2,  2620] loss: 0.150
[2,  2640] loss: 0.112
[2,  2660] loss: 0.188
[2,  2680] loss: 0.130
[2,  2700] loss: 0.070
[2,  2720] loss: 0.053
[2,  2740] loss: 0.131
[2,  2760] loss: 0.101
[2,  2780] loss: 0.058
[2,  2800] loss: 0.127
[2,  2820] loss: 0.133
[2,  2840] loss: 0.091
[2,  2860] loss: 0.107
[2,  2880] loss: 0.086
[2,  2900] loss: 0.109
[2,  2920] loss: 0.101
[2,  2940] loss: 0.082
[2,  2960] loss: 0.076
[2,  2980] loss: 0.062
[2,  3000] loss: 0.085
[2,  3020] loss: 0.091
[2,  3040] loss: 0.106
[2,  3060] loss: 0.085
[2,  3080] loss: 0.054
[2,  3100] loss: 0.098
[2,  3120] loss: 0.070
[2,  3140] loss: 0.085
[2,  3160] loss: 0.097
[2,  3180] loss: 0.172
[2,  3200] loss: 0.150
[2,  3220] loss: 0.053
[2,  3240] loss: 0.085
[2,  3260] loss: 0.116
[2,  3280] loss: 0.118
[2,  3300] loss: 0.161
[2,  3320] loss: 0.112
[2,  3340] loss: 0.088
[2,  3360] loss: 0.179
[2,  3380] loss: 0.090
[2,  3400] loss: 0.113
[2,  3420] loss: 0.096
[2,  3440] loss: 0.046
[2,  3460] loss: 0.053
[2,  3480] loss: 0.088
[2,  3500] loss: 0.104
[2,  3520] loss: 0.158
[2,  3540] loss: 0.132
[2,  3560] loss: 0.098
[2,  3580] loss: 0.078
[2,  3600] loss: 0.055
[2,  3620] loss: 0.091
[2,  3640] loss: 0.064
[2,  3660] loss: 0.123
[2,  3680] loss: 0.071
[2,  3700] loss: 0.138
[2,  3720] loss: 0.076
[2,  3740] loss: 0.116
[2,  3760] loss: 0.169
[2,  3780] loss: 0.085
[2,  3800] loss: 0.099
[2,  3820] loss: 0.084
[2,  3840] loss: 0.195
[2,  3860] loss: 0.075
[2,  3880] loss: 0.157
[2,  3900] loss: 0.115
[2,  3920] loss: 0.231
[2,  3940] loss: 0.170
[2,  3960] loss: 0.082
[2,  3980] loss: 0.086
[2,  4000] loss: 0.100
[2,  4020] loss: 0.081
[2,  4040] loss: 0.070
[2,  4060] loss: 0.114
[2,  4080] loss: 0.048
[2,  4100] loss: 0.137
[2,  4120] loss: 0.093
[2,  4140] loss: 0.076
[2,  4160] loss: 0.121
[2,  4180] loss: 0.130
[2,  4200] loss: 0.064
[2,  4220] loss: 0.078
[2,  4240] loss: 0.091
[2,  4260] loss: 0.108
[2,  4280] loss: 0.140
[2,  4300] loss: 0.076
[2,  4320] loss: 0.089
[2,  4340] loss: 0.145
[2,  4360] loss: 0.087
[2,  4380] loss: 0.093
[2,  4400] loss: 0.055
[2,  4420] loss: 0.066
[2,  4440] loss: 0.072
[2,  4460] loss: 0.060
[2,  4480] loss: 0.093
[2,  4500] loss: 0.068
[2,  4520] loss: 0.092
[2,  4540] loss: 0.115
[2,  4560] loss: 0.042
[2,  4580] loss: 0.100
[2,  4600] loss: 0.143
[2,  4620] loss: 0.166
[2,  4640] loss: 0.075
[2,  4660] loss: 0.078
[2,  4680] loss: 0.108
[2,  4700] loss: 0.065
[2,  4720] loss: 0.065
[2,  4740] loss: 0.110
[2,  4760] loss: 0.125
[2,  4780] loss: 0.085
[2,  4800] loss: 0.138
[2,  4820] loss: 0.068
[2,  4840] loss: 0.061
[2,  4860] loss: 0.089
[2,  4880] loss: 0.084
[2,  4900] loss: 0.070
[2,  4920] loss: 0.108
[2,  4940] loss: 0.067
[2,  4960] loss: 0.066
[2,  4980] loss: 0.089
[2,  5000] loss: 0.056
[2,  5020] loss: 0.069
[2,  5040] loss: 0.084
[2,  5060] loss: 0.108
[2,  5080] loss: 0.062
[2,  5100] loss: 0.076
[2,  5120] loss: 0.055
[2,  5140] loss: 0.061
[2,  5160] loss: 0.064
[2,  5180] loss: 0.112
[2,  5200] loss: 0.066
[2,  5220] loss: 0.102
[2,  5240] loss: 0.102
[2,  5260] loss: 0.118
[2,  5280] loss: 0.150
[2,  5300] loss: 0.141
[2,  5320] loss: 0.086
[2,  5340] loss: 0.068
[2,  5360] loss: 0.088
[2,  5380] loss: 0.094
[2,  5400] loss: 0.102
[2,  5420] loss: 0.182
[2,  5440] loss: 0.123
[2,  5460] loss: 0.066
[2,  5480] loss: 0.070
[2,  5500] loss: 0.121
[2,  5520] loss: 0.051
[2,  5540] loss: 0.105
[2,  5560] loss: 0.140
[2,  5580] loss: 0.119
[2,  5600] loss: 0.109
[2,  5620] loss: 0.102
[2,  5640] loss: 0.173
[2,  5660] loss: 0.066
[2,  5680] loss: 0.171
[2,  5700] loss: 0.092
[2,  5720] loss: 0.112
[2,  5740] loss: 0.100
[2,  5760] loss: 0.066
[2,  5780] loss: 0.075
[2,  5800] loss: 0.100
[2,  5820] loss: 0.055
[2,  5840] loss: 0.060
[2,  5860] loss: 0.053
[2,  5880] loss: 0.087
[2,  5900] loss: 0.058
[2,  5920] loss: 0.056
[2,  5940] loss: 0.102
[2,  5960] loss: 0.037
[2,  5980] loss: 0.079
[2,  6000] loss: 0.100
[2,  6020] loss: 0.128
[2,  6040] loss: 0.105
[2,  6060] loss: 0.079
[2,  6080] loss: 0.087
[3,    20] loss: 0.110
[3,    40] loss: 0.067
[3,    60] loss: 0.069
[3,    80] loss: 0.086
[3,   100] loss: 0.059
[3,   120] loss: 0.128
[3,   140] loss: 0.043
[3,   160] loss: 0.069
[3,   180] loss: 0.117
[3,   200] loss: 0.144
[3,   220] loss: 0.088
[3,   240] loss: 0.094
[3,   260] loss: 0.073
[3,   280] loss: 0.091
[3,   300] loss: 0.075
[3,   320] loss: 0.079
[3,   340] loss: 0.097
[3,   360] loss: 0.108
[3,   380] loss: 0.077
[3,   400] loss: 0.091
[3,   420] loss: 0.087
[3,   440] loss: 0.038
[3,   460] loss: 0.081
[3,   480] loss: 0.103
[3,   500] loss: 0.093
[3,   520] loss: 0.061
[3,   540] loss: 0.051
[3,   560] loss: 0.040
[3,   580] loss: 0.033
[3,   600] loss: 0.074
[3,   620] loss: 0.077
[3,   640] loss: 0.077
[3,   660] loss: 0.027
[3,   680] loss: 0.085
[3,   700] loss: 0.100
[3,   720] loss: 0.103
[3,   740] loss: 0.078
[3,   760] loss: 0.043
[3,   780] loss: 0.081
[3,   800] loss: 0.085
[3,   820] loss: 0.067
[3,   840] loss: 0.041
[3,   860] loss: 0.107
[3,   880] loss: 0.096
[3,   900] loss: 0.081
[3,   920] loss: 0.119
[3,   940] loss: 0.073
[3,   960] loss: 0.123
[3,   980] loss: 0.075
[3,  1000] loss: 0.069
[3,  1020] loss: 0.063
[3,  1040] loss: 0.070
[3,  1060] loss: 0.086
[3,  1080] loss: 0.088
[3,  1100] loss: 0.096
[3,  1120] loss: 0.087
[3,  1140] loss: 0.090
[3,  1160] loss: 0.090
[3,  1180] loss: 0.086
[3,  1200] loss: 0.078
[3,  1220] loss: 0.040
[3,  1240] loss: 0.096
[3,  1260] loss: 0.091
[3,  1280] loss: 0.043
[3,  1300] loss: 0.070
[3,  1320] loss: 0.035
[3,  1340] loss: 0.031
[3,  1360] loss: 0.063
[3,  1380] loss: 0.064
[3,  1400] loss: 0.109
[3,  1420] loss: 0.065
[3,  1440] loss: 0.096
[3,  1460] loss: 0.108
[3,  1480] loss: 0.056
[3,  1500] loss: 0.039
[3,  1520] loss: 0.070
[3,  1540] loss: 0.062
[3,  1560] loss: 0.060
[3,  1580] loss: 0.092
[3,  1600] loss: 0.071
[3,  1620] loss: 0.073
[3,  1640] loss: 0.062
[3,  1660] loss: 0.084
[3,  1680] loss: 0.056
[3,  1700] loss: 0.114
[3,  1720] loss: 0.130
[3,  1740] loss: 0.104
[3,  1760] loss: 0.040
[3,  1780] loss: 0.106
[3,  1800] loss: 0.058
[3,  1820] loss: 0.079
[3,  1840] loss: 0.099
[3,  1860] loss: 0.029
[3,  1880] loss: 0.083
[3,  1900] loss: 0.068
[3,  1920] loss: 0.044
[3,  1940] loss: 0.089
[3,  1960] loss: 0.078
[3,  1980] loss: 0.086
[3,  2000] loss: 0.055
[3,  2020] loss: 0.051
[3,  2040] loss: 0.062
[3,  2060] loss: 0.077
[3,  2080] loss: 0.032
[3,  2100] loss: 0.044
[3,  2120] loss: 0.099
[3,  2140] loss: 0.071
[3,  2160] loss: 0.074
[3,  2180] loss: 0.068
[3,  2200] loss: 0.084
[3,  2220] loss: 0.089
[3,  2240] loss: 0.134
[3,  2260] loss: 0.072
[3,  2280] loss: 0.074
[3,  2300] loss: 0.046
[3,  2320] loss: 0.063
[3,  2340] loss: 0.098
[3,  2360] loss: 0.111
[3,  2380] loss: 0.115
[3,  2400] loss: 0.075
[3,  2420] loss: 0.043
[3,  2440] loss: 0.067
[3,  2460] loss: 0.073
[3,  2480] loss: 0.043
[3,  2500] loss: 0.056
[3,  2520] loss: 0.080
[3,  2540] loss: 0.103
[3,  2560] loss: 0.062
[3,  2580] loss: 0.036
[3,  2600] loss: 0.072
[3,  2620] loss: 0.054
[3,  2640] loss: 0.046
[3,  2660] loss: 0.060
[3,  2680] loss: 0.098
[3,  2700] loss: 0.038
[3,  2720] loss: 0.042
[3,  2740] loss: 0.066
[3,  2760] loss: 0.085
[3,  2780] loss: 0.045
[3,  2800] loss: 0.055
[3,  2820] loss: 0.046
[3,  2840] loss: 0.059
[3,  2860] loss: 0.035
[3,  2880] loss: 0.064
[3,  2900] loss: 0.112
[3,  2920] loss: 0.106
[3,  2940] loss: 0.083
[3,  2960] loss: 0.067
[3,  2980] loss: 0.041
[3,  3000] loss: 0.073
[3,  3020] loss: 0.035
[3,  3040] loss: 0.027
[3,  3060] loss: 0.041
[3,  3080] loss: 0.060
[3,  3100] loss: 0.079
[3,  3120] loss: 0.045
[3,  3140] loss: 0.092
[3,  3160] loss: 0.075
[3,  3180] loss: 0.129
[3,  3200] loss: 0.050
[3,  3220] loss: 0.031
[3,  3240] loss: 0.115
[3,  3260] loss: 0.115
[3,  3280] loss: 0.059
[3,  3300] loss: 0.057
[3,  3320] loss: 0.051
[3,  3340] loss: 0.071
[3,  3360] loss: 0.035
[3,  3380] loss: 0.059
[3,  3400] loss: 0.066
[3,  3420] loss: 0.046
[3,  3440] loss: 0.118
[3,  3460] loss: 0.082
[3,  3480] loss: 0.063
[3,  3500] loss: 0.064
[3,  3520] loss: 0.054
[3,  3540] loss: 0.039
[3,  3560] loss: 0.073
[3,  3580] loss: 0.043
[3,  3600] loss: 0.038
[3,  3620] loss: 0.053
[3,  3640] loss: 0.074
[3,  3660] loss: 0.078
[3,  3680] loss: 0.043
[3,  3700] loss: 0.042
[3,  3720] loss: 0.071
[3,  3740] loss: 0.120
[3,  3760] loss: 0.072
[3,  3780] loss: 0.073
[3,  3800] loss: 0.068
[3,  3820] loss: 0.061
[3,  3840] loss: 0.102
[3,  3860] loss: 0.057
[3,  3880] loss: 0.067
[3,  3900] loss: 0.055
[3,  3920] loss: 0.087
[3,  3940] loss: 0.080
[3,  3960] loss: 0.119
[3,  3980] loss: 0.070
[3,  4000] loss: 0.093
[3,  4020] loss: 0.079
[3,  4040] loss: 0.050
[3,  4060] loss: 0.104
[3,  4080] loss: 0.034
[3,  4100] loss: 0.119
[3,  4120] loss: 0.050
[3,  4140] loss: 0.067
[3,  4160] loss: 0.113
[3,  4180] loss: 0.071
[3,  4200] loss: 0.089
[3,  4220] loss: 0.099
[3,  4240] loss: 0.046
[3,  4260] loss: 0.054
[3,  4280] loss: 0.073
[3,  4300] loss: 0.164
[3,  4320] loss: 0.097
[3,  4340] loss: 0.061
[3,  4360] loss: 0.072
[3,  4380] loss: 0.090
[3,  4400] loss: 0.039
[3,  4420] loss: 0.091
[3,  4440] loss: 0.057
[3,  4460] loss: 0.065
[3,  4480] loss: 0.044
[3,  4500] loss: 0.026
[3,  4520] loss: 0.094
[3,  4540] loss: 0.046
[3,  4560] loss: 0.083
[3,  4580] loss: 0.032
[3,  4600] loss: 0.141
[3,  4620] loss: 0.048
[3,  4640] loss: 0.052
[3,  4660] loss: 0.082
[3,  4680] loss: 0.119
[3,  4700] loss: 0.110
[3,  4720] loss: 0.082
[3,  4740] loss: 0.065
[3,  4760] loss: 0.065
[3,  4780] loss: 0.053
[3,  4800] loss: 0.059
[3,  4820] loss: 0.056
[3,  4840] loss: 0.040
[3,  4860] loss: 0.038
[3,  4880] loss: 0.055
[3,  4900] loss: 0.041
[3,  4920] loss: 0.049
[3,  4940] loss: 0.088
[3,  4960] loss: 0.059
[3,  4980] loss: 0.071
[3,  5000] loss: 0.028
[3,  5020] loss: 0.028
[3,  5040] loss: 0.072
[3,  5060] loss: 0.124
[3,  5080] loss: 0.047
[3,  5100] loss: 0.055
[3,  5120] loss: 0.035
[3,  5140] loss: 0.079
[3,  5160] loss: 0.091
[3,  5180] loss: 0.132
[3,  5200] loss: 0.047
[3,  5220] loss: 0.034
[3,  5240] loss: 0.054
[3,  5260] loss: 0.088
[3,  5280] loss: 0.061
[3,  5300] loss: 0.066
[3,  5320] loss: 0.053
[3,  5340] loss: 0.100
[3,  5360] loss: 0.025
[3,  5380] loss: 0.066
[3,  5400] loss: 0.055
[3,  5420] loss: 0.085
[3,  5440] loss: 0.043
[3,  5460] loss: 0.100
[3,  5480] loss: 0.069
[3,  5500] loss: 0.063
[3,  5520] loss: 0.056
[3,  5540] loss: 0.068
[3,  5560] loss: 0.091
[3,  5580] loss: 0.048
[3,  5600] loss: 0.103
[3,  5620] loss: 0.049
[3,  5640] loss: 0.082
[3,  5660] loss: 0.139
[3,  5680] loss: 0.042
[3,  5700] loss: 0.038
[3,  5720] loss: 0.043
[3,  5740] loss: 0.038
[3,  5760] loss: 0.094
[3,  5780] loss: 0.069
[3,  5800] loss: 0.037
[3,  5820] loss: 0.110
[3,  5840] loss: 0.038
[3,  5860] loss: 0.061
[3,  5880] loss: 0.072
[3,  5900] loss: 0.090
[3,  5920] loss: 0.065
[3,  5940] loss: 0.054
[3,  5960] loss: 0.066
[3,  5980] loss: 0.159
[3,  6000] loss: 0.035
[3,  6020] loss: 0.055
[3,  6040] loss: 0.058
[3,  6060] loss: 0.053
[3,  6080] loss: 0.101
[1,    20] loss: 0.004
[1,    40] loss: 0.005
[1,    60] loss: 0.005
[1,    80] loss: 0.004
[1,   100] loss: 0.005
[1,   120] loss: 0.007
[1,   140] loss: 0.007
[1,   160] loss: 0.006
[1,   180] loss: 0.006
[1,   200] loss: 0.006
[1,   220] loss: 0.006
[1,   240] loss: 0.005
[1,   260] loss: 0.005
[1,   280] loss: 0.005
[1,   300] loss: 0.005
[1,   320] loss: 0.004
[1,   340] loss: 0.004
[1,   360] loss: 0.004
[1,   380] loss: 0.004
[1,   400] loss: 0.004
[1,   420] loss: 0.004
[1,   440] loss: 0.004
[1,   460] loss: 0.004
[1,   480] loss: 0.004
[1,   500] loss: 0.004
[1,   520] loss: 0.004
[1,   540] loss: 0.003
[1,   560] loss: 0.003
[1,   580] loss: 0.004
[1,   600] loss: 0.004
[1,   620] loss: 0.004
[1,   640] loss: 0.003
[1,   660] loss: 0.004
[2,    20] loss: 0.004
[2,    40] loss: 0.005
[2,    60] loss: 0.005
[2,    80] loss: 0.004
[2,   100] loss: 0.005
[2,   120] loss: 0.007
[2,   140] loss: 0.007
[2,   160] loss: 0.006
[2,   180] loss: 0.006
[2,   200] loss: 0.006
[2,   220] loss: 0.006
[2,   240] loss: 0.005
[2,   260] loss: 0.005
[2,   280] loss: 0.005
[2,   300] loss: 0.005
[2,   320] loss: 0.004
[2,   340] loss: 0.004
[2,   360] loss: 0.004
[2,   380] loss: 0.004
[2,   400] loss: 0.004
[2,   420] loss: 0.004
[2,   440] loss: 0.004
[2,   460] loss: 0.004
[2,   480] loss: 0.004
[2,   500] loss: 0.004
[2,   520] loss: 0.004
[2,   540] loss: 0.003
[2,   560] loss: 0.003
[2,   580] loss: 0.004
[2,   600] loss: 0.004
[2,   620] loss: 0.004
[2,   640] loss: 0.003
[2,   660] loss: 0.004
[3,    20] loss: 0.004
[3,    40] loss: 0.005
[3,    60] loss: 0.005
[3,    80] loss: 0.004
[3,   100] loss: 0.005
[3,   120] loss: 0.007
[3,   140] loss: 0.007
[3,   160] loss: 0.006
[3,   180] loss: 0.006
[3,   200] loss: 0.006
[3,   220] loss: 0.006
[3,   240] loss: 0.005
[3,   260] loss: 0.005
[3,   280] loss: 0.005
[3,   300] loss: 0.005
[3,   320] loss: 0.004
[3,   340] loss: 0.004
[3,   360] loss: 0.004
[3,   380] loss: 0.004
[3,   400] loss: 0.004
[3,   420] loss: 0.004
[3,   440] loss: 0.004
[3,   460] loss: 0.004
[3,   480] loss: 0.004
[3,   500] loss: 0.004
[3,   520] loss: 0.004
[3,   540] loss: 0.003
[3,   560] loss: 0.003
[3,   580] loss: 0.004
[3,   600] loss: 0.004
[3,   620] loss: 0.004
[3,   640] loss: 0.003
[3,   660] loss: 0.004
