cuda:  1
color_space: RGB
batch_size: 5
num_epcochs: 3
learning_rate: 0.002
[1,    20] loss: 0.429
[1,    40] loss: 0.287
[1,    60] loss: 0.118
[1,    80] loss: 0.156
[1,   100] loss: 0.104
[1,   120] loss: 0.046
[1,   140] loss: 0.053
[1,   160] loss: 0.071
[1,   180] loss: 0.078
[1,   200] loss: 0.087
[1,   220] loss: 0.044
[1,   240] loss: 0.068
[1,   260] loss: 0.121
[1,   280] loss: 0.036
[1,   300] loss: 0.112
[1,   320] loss: 0.123
[1,   340] loss: 0.089
[1,   360] loss: 0.057
[1,   380] loss: 0.056
[1,   400] loss: 0.075
[1,   420] loss: 0.088
[1,   440] loss: 0.104
[1,   460] loss: 0.091
[1,   480] loss: 0.093
[1,   500] loss: 0.063
[1,   520] loss: 0.054
[1,   540] loss: 0.082
[1,   560] loss: 0.057
[1,   580] loss: 0.107
[1,   600] loss: 0.070
[1,   620] loss: 0.097
[1,   640] loss: 0.081
[1,   660] loss: 0.090
[1,   680] loss: 0.096
[1,   700] loss: 0.093
[1,   720] loss: 0.069
[1,   740] loss: 0.044
[1,   760] loss: 0.064
[1,   780] loss: 0.065
[1,   800] loss: 0.106
[1,   820] loss: 0.068
[1,   840] loss: 0.081
[1,   860] loss: 0.047
[1,   880] loss: 0.134
[1,   900] loss: 0.069
[1,   920] loss: 0.136
[1,   940] loss: 0.083
[1,   960] loss: 0.035
[1,   980] loss: 0.100
[1,  1000] loss: 0.085
[1,  1020] loss: 0.083
[1,  1040] loss: 0.093
[1,  1060] loss: 0.082
[1,  1080] loss: 0.086
[1,  1100] loss: 0.086
[1,  1120] loss: 0.075
[1,  1140] loss: 0.103
[1,  1160] loss: 0.065
[1,  1180] loss: 0.080
[1,  1200] loss: 0.068
[1,  1220] loss: 0.101
[1,  1240] loss: 0.117
[1,  1260] loss: 0.069
[1,  1280] loss: 0.042
[1,  1300] loss: 0.069
[1,  1320] loss: 0.139
[1,  1340] loss: 0.044
[1,  1360] loss: 0.085
[1,  1380] loss: 0.091
[1,  1400] loss: 0.091
[1,  1420] loss: 0.076
[1,  1440] loss: 0.082
[1,  1460] loss: 0.072
[1,  1480] loss: 0.059
[1,  1500] loss: 0.065
[1,  1520] loss: 0.034
[1,  1540] loss: 0.102
[1,  1560] loss: 0.109
[1,  1580] loss: 0.096
[1,  1600] loss: 0.137
[1,  1620] loss: 0.086
[1,  1640] loss: 0.075
[1,  1660] loss: 0.090
[1,  1680] loss: 0.095
[1,  1700] loss: 0.060
[1,  1720] loss: 0.059
[1,  1740] loss: 0.089
[1,  1760] loss: 0.114
[1,  1780] loss: 0.067
[1,  1800] loss: 0.069
[1,  1820] loss: 0.137
[1,  1840] loss: 0.065
[1,  1860] loss: 0.114
[1,  1880] loss: 0.087
[1,  1900] loss: 0.074
[1,  1920] loss: 0.100
[1,  1940] loss: 0.079
[1,  1960] loss: 0.082
[1,  1980] loss: 0.063
[1,  2000] loss: 0.133
[1,  2020] loss: 0.114
[1,  2040] loss: 0.075
[1,  2060] loss: 0.094
[1,  2080] loss: 0.093
[1,  2100] loss: 0.061
[1,  2120] loss: 0.032
[1,  2140] loss: 0.059
[1,  2160] loss: 0.080
[1,  2180] loss: 0.060
[1,  2200] loss: 0.107
[1,  2220] loss: 0.092
[1,  2240] loss: 0.098
[1,  2260] loss: 0.040
[1,  2280] loss: 0.084
[1,  2300] loss: 0.073
[1,  2320] loss: 0.079
[1,  2340] loss: 0.102
[1,  2360] loss: 0.079
[1,  2380] loss: 0.039
[1,  2400] loss: 0.068
[1,  2420] loss: 0.036
[1,  2440] loss: 0.055
[1,  2460] loss: 0.064
[1,  2480] loss: 0.096
[1,  2500] loss: 0.086
[1,  2520] loss: 0.078
[1,  2540] loss: 0.079
[1,  2560] loss: 0.080
[1,  2580] loss: 0.031
[1,  2600] loss: 0.090
[1,  2620] loss: 0.034
[1,  2640] loss: 0.095
[1,  2660] loss: 0.054
[1,  2680] loss: 0.056
[1,  2700] loss: 0.066
[1,  2720] loss: 0.125
[1,  2740] loss: 0.096
[1,  2760] loss: 0.092
[1,  2780] loss: 0.067
[1,  2800] loss: 0.121
[1,  2820] loss: 0.101
[1,  2840] loss: 0.089
[1,  2860] loss: 0.178
[1,  2880] loss: 7765840.868
[1,  2900] loss: 30687147.698
[1,  2920] loss: 4063521.346
[1,  2940] loss: 138567.149
[1,  2960] loss: 5788.236
[1,  2980] loss: 505.342
[1,  3000] loss: 358.642
[1,  3020] loss: 260.502
[1,  3040] loss: 312.307
[1,  3060] loss: 326.924
[1,  3080] loss: 308.914
[1,  3100] loss: 257.882
[1,  3120] loss: 282.982
[1,  3140] loss: 221.633
[1,  3160] loss: 325.268
[1,  3180] loss: 233.175
[1,  3200] loss: 233.777
[1,  3220] loss: 272.254
[1,  3240] loss: 154.516
[1,  3260] loss: 190.421
[1,  3280] loss: 250.917
[1,  3300] loss: 178.838
[1,  3320] loss: 221.994
[1,  3340] loss: 226.628
[1,  3360] loss: 156.091
[1,  3380] loss: 162.268
[1,  3400] loss: 180.855
[1,  3420] loss: 177.895
[1,  3440] loss: 159.085
[1,  3460] loss: 211.829
[1,  3480] loss: 156.393
[1,  3500] loss: 130.784
[1,  3520] loss: 193.673
[1,  3540] loss: 160.128
[1,  3560] loss: 126.515
[1,  3580] loss: 156.453
[1,  3600] loss: 183.732
[1,  3620] loss: 143.309
[1,  3640] loss: 147.990
[1,  3660] loss: 87.893
[1,  3680] loss: 93.042
[1,  3700] loss: 122.522
[1,  3720] loss: 129.308
[1,  3740] loss: 107.772
[1,  3760] loss: 102.571
[1,  3780] loss: 141.181
[1,  3800] loss: 114.538
[1,  3820] loss: 169.406
[1,  3840] loss: 126.408
[1,  3860] loss: 148.501
[1,  3880] loss: 120.903
[1,  3900] loss: 130.560
[1,  3920] loss: 122.184
[1,  3940] loss: 107.911
[1,  3960] loss: 89.279
[1,  3980] loss: 117.500
[1,  4000] loss: 113.051
[1,  4020] loss: 98.243
[1,  4040] loss: 112.956
[1,  4060] loss: 81.273
[1,  4080] loss: 125.323
[1,  4100] loss: 109.418
[1,  4120] loss: 116.711
[1,  4140] loss: 135.778
[1,  4160] loss: 76.181
[1,  4180] loss: 97.558
[1,  4200] loss: 109.997
[1,  4220] loss: 139.506
[1,  4240] loss: 136.587
[1,  4260] loss: 114.177
[1,  4280] loss: 108.180
[1,  4300] loss: 94.970
[1,  4320] loss: 120.181
[1,  4340] loss: 99.695
[1,  4360] loss: 129.006
[1,  4380] loss: 101.639
[1,  4400] loss: 108.066
[1,  4420] loss: 103.365
[1,  4440] loss: 105.182
[1,  4460] loss: 124.341
[1,  4480] loss: 94.479
[1,  4500] loss: 120.036
[1,  4520] loss: 90.789
[1,  4540] loss: 93.085
[1,  4560] loss: 83.608
[1,  4580] loss: 102.682
[1,  4600] loss: 89.309
[1,  4620] loss: 126.115
[1,  4640] loss: 90.486
[1,  4660] loss: 107.696
[1,  4680] loss: 91.547
[1,  4700] loss: 117.826
[1,  4720] loss: 86.708
[1,  4740] loss: 104.708
[1,  4760] loss: 86.341
[1,  4780] loss: 83.939
[1,  4800] loss: 104.146
[1,  4820] loss: 94.131
[1,  4840] loss: 90.799
[1,  4860] loss: 110.179
[1,  4880] loss: 78.939
[1,  4900] loss: 88.807
[1,  4920] loss: 94.365
[1,  4940] loss: 87.619
[1,  4960] loss: 96.961
[1,  4980] loss: 101.677
[1,  5000] loss: 72.322
[1,  5020] loss: 69.824
[1,  5040] loss: 87.393
[1,  5060] loss: 126.733
[1,  5080] loss: 86.169
[1,  5100] loss: 85.068
[1,  5120] loss: 65.992
[1,  5140] loss: 72.976
[1,  5160] loss: 86.165
[1,  5180] loss: 78.158
[1,  5200] loss: 78.445
[1,  5220] loss: 58.793
[1,  5240] loss: 85.156
[1,  5260] loss: 82.466
[1,  5280] loss: 84.063
[1,  5300] loss: 81.588
[1,  5320] loss: 68.755
[1,  5340] loss: 76.595
[1,  5360] loss: 91.792
[1,  5380] loss: 78.863
[1,  5400] loss: 67.099
[1,  5420] loss: 66.339
[1,  5440] loss: 52.264
[1,  5460] loss: 59.840
[1,  5480] loss: 70.019
[1,  5500] loss: 72.215
[1,  5520] loss: 67.322
[1,  5540] loss: 79.247
[1,  5560] loss: 88.445
[1,  5580] loss: 58.534
[1,  5600] loss: 79.018
[1,  5620] loss: 62.833
[1,  5640] loss: 48.045
[1,  5660] loss: 60.037
[1,  5680] loss: 55.954
[1,  5700] loss: 60.584
[1,  5720] loss: 58.967
[1,  5740] loss: 59.037
[1,  5760] loss: 60.695
[1,  5780] loss: 79.202
[1,  5800] loss: 64.848
[1,  5820] loss: 59.855
[1,  5840] loss: 69.820
[1,  5860] loss: 68.463
[1,  5880] loss: 67.658
[1,  5900] loss: 56.055
[1,  5920] loss: 60.951
[1,  5940] loss: 57.075
[1,  5960] loss: 47.688
[1,  5980] loss: 69.036
[1,  6000] loss: 49.364
[1,  6020] loss: 64.530
[1,  6040] loss: 52.451
[1,  6060] loss: 54.614
[1,  6080] loss: 54.242
[2,    20] loss: 58.887
[2,    40] loss: 53.942
[2,    60] loss: 61.560
[2,    80] loss: 39.668
[2,   100] loss: 54.422
[2,   120] loss: 50.760
[2,   140] loss: 46.017
[2,   160] loss: 34.333
[2,   180] loss: 72.872
[2,   200] loss: 50.760
[2,   220] loss: 48.611
[2,   240] loss: 62.118
[2,   260] loss: 50.460
[2,   280] loss: 59.670
[2,   300] loss: 46.165
[2,   320] loss: 51.396
[2,   340] loss: 64.396
[2,   360] loss: 41.103
[2,   380] loss: 33.517
[2,   400] loss: 68.530
[2,   420] loss: 33.491
[2,   440] loss: 31.816
[2,   460] loss: 35.183
[2,   480] loss: 40.641
[2,   500] loss: 42.906
[2,   520] loss: 52.241
[2,   540] loss: 42.163
[2,   560] loss: 31.511
[2,   580] loss: 30.358
[2,   600] loss: 40.761
[2,   620] loss: 39.898
[2,   640] loss: 44.141
[2,   660] loss: 48.109
[2,   680] loss: 43.273
[2,   700] loss: 42.928
[2,   720] loss: 45.098
[2,   740] loss: 46.103
[2,   760] loss: 42.770
[2,   780] loss: 33.747
[2,   800] loss: 41.616
[2,   820] loss: 32.702
[2,   840] loss: 38.857
[2,   860] loss: 43.029
[2,   880] loss: 36.372
[2,   900] loss: 38.881
[2,   920] loss: 34.248
[2,   940] loss: 39.518
[2,   960] loss: 35.826
[2,   980] loss: 29.324
[2,  1000] loss: 27.024
[2,  1020] loss: 37.803
[2,  1040] loss: 24.608
[2,  1060] loss: 48.699
[2,  1080] loss: 35.242
[2,  1100] loss: 26.029
[2,  1120] loss: 29.775
[2,  1140] loss: 29.545
[2,  1160] loss: 29.047
[2,  1180] loss: 45.846
[2,  1200] loss: 47.399
[2,  1220] loss: 25.461
[2,  1240] loss: 37.244
[2,  1260] loss: 27.730
[2,  1280] loss: 28.840
[2,  1300] loss: 32.601
[2,  1320] loss: 33.406
[2,  1340] loss: 29.013
[2,  1360] loss: 28.392
[2,  1380] loss: 27.328
[2,  1400] loss: 21.556
[2,  1420] loss: 25.775
[2,  1440] loss: 25.076
[2,  1460] loss: 30.737
[2,  1480] loss: 23.990
[2,  1500] loss: 26.202
[2,  1520] loss: 25.674
[2,  1540] loss: 27.317
[2,  1560] loss: 31.262
[2,  1580] loss: 22.595
[2,  1600] loss: 28.224
[2,  1620] loss: 26.504
[2,  1640] loss: 20.712
[2,  1660] loss: 39.304
[2,  1680] loss: 23.825
[2,  1700] loss: 22.433
[2,  1720] loss: 33.658
[2,  1740] loss: 26.898
[2,  1760] loss: 21.275
[2,  1780] loss: 21.764
[2,  1800] loss: 21.119
[2,  1820] loss: 18.108
[2,  1840] loss: 35.549
[2,  1860] loss: 27.564
[2,  1880] loss: 17.563
[2,  1900] loss: 17.741
[2,  1920] loss: 19.511
[2,  1940] loss: 22.731
[2,  1960] loss: 26.503
[2,  1980] loss: 19.522
[2,  2000] loss: 28.500
[2,  2020] loss: 13.077
[2,  2040] loss: 16.852
[2,  2060] loss: 16.945
[2,  2080] loss: 15.842
[2,  2100] loss: 21.681
[2,  2120] loss: 15.642
[2,  2140] loss: 19.267
[2,  2160] loss: 15.964
[2,  2180] loss: 26.089
[2,  2200] loss: 20.762
[2,  2220] loss: 21.751
[2,  2240] loss: 17.514
[2,  2260] loss: 16.483
[2,  2280] loss: 12.484
[2,  2300] loss: 20.966
[2,  2320] loss: 16.793
[2,  2340] loss: 15.415
[2,  2360] loss: 19.075
[2,  2380] loss: 16.220
[2,  2400] loss: 15.378
[2,  2420] loss: 17.348
[2,  2440] loss: 23.151
[2,  2460] loss: 18.642
[2,  2480] loss: 21.384
[2,  2500] loss: 11.524
[2,  2520] loss: 15.389
[2,  2540] loss: 28.755
[2,  2560] loss: 31.380
[2,  2580] loss: 13.312
[2,  2600] loss: 16.166
[2,  2620] loss: 13.997
[2,  2640] loss: 13.503
[2,  2660] loss: 11.319
[2,  2680] loss: 16.157
[2,  2700] loss: 18.259
[2,  2720] loss: 14.524
[2,  2740] loss: 16.422
[2,  2760] loss: 14.972
[2,  2780] loss: 13.547
[2,  2800] loss: 13.039
[2,  2820] loss: 15.954
[2,  2840] loss: 11.880
[2,  2860] loss: 12.023
[2,  2880] loss: 15.656
[2,  2900] loss: 16.263
[2,  2920] loss: 12.399
[2,  2940] loss: 7.837
[2,  2960] loss: 14.141
[2,  2980] loss: 14.252
[2,  3000] loss: 12.688
[2,  3020] loss: 13.920
[2,  3040] loss: 8.420
[2,  3060] loss: 15.019
[2,  3080] loss: 13.264
[2,  3100] loss: 11.128
[2,  3120] loss: 9.465
[2,  3140] loss: 11.144
[2,  3160] loss: 11.196
[2,  3180] loss: 11.663
[2,  3200] loss: 8.041
[2,  3220] loss: 8.635
[2,  3240] loss: 9.092
[2,  3260] loss: 14.277
[2,  3280] loss: 9.151
[2,  3300] loss: 7.051
[2,  3320] loss: 6.864
[2,  3340] loss: 10.344
[2,  3360] loss: 20.064
[2,  3380] loss: 13.019
[2,  3400] loss: 12.681
[2,  3420] loss: 9.089
[2,  3440] loss: 10.656
[2,  3460] loss: 12.232
[2,  3480] loss: 13.406
[2,  3500] loss: 11.360
[2,  3520] loss: 7.190
[2,  3540] loss: 6.055
[2,  3560] loss: 6.894
[2,  3580] loss: 6.969
[2,  3600] loss: 6.956
[2,  3620] loss: 5.239
[2,  3640] loss: 7.393
[2,  3660] loss: 7.287
[2,  3680] loss: 8.865
[2,  3700] loss: 7.626
[2,  3720] loss: 13.283
[2,  3740] loss: 7.042
[2,  3760] loss: 5.843
[2,  3780] loss: 8.288
[2,  3800] loss: 7.708
[2,  3820] loss: 8.436
[2,  3840] loss: 8.546
[2,  3860] loss: 8.573
[2,  3880] loss: 8.217
[2,  3900] loss: 6.516
[2,  3920] loss: 7.134
[2,  3940] loss: 5.846
[2,  3960] loss: 7.268
[2,  3980] loss: 6.188
[2,  4000] loss: 4.564
[2,  4020] loss: 5.760
[2,  4040] loss: 5.262
[2,  4060] loss: 6.816
[2,  4080] loss: 7.144
[2,  4100] loss: 9.887
[2,  4120] loss: 8.464
[2,  4140] loss: 9.391
[2,  4160] loss: 5.873
[2,  4180] loss: 8.028
[2,  4200] loss: 9.641
[2,  4220] loss: 7.658
[2,  4240] loss: 4.551
[2,  4260] loss: 6.412
[2,  4280] loss: 6.886
[2,  4300] loss: 5.689
[2,  4320] loss: 5.727
[2,  4340] loss: 3.918
[2,  4360] loss: 9.680
[2,  4380] loss: 5.587
[2,  4400] loss: 4.666
[2,  4420] loss: 5.526
[2,  4440] loss: 4.668
[2,  4460] loss: 4.253
[2,  4480] loss: 4.326
[2,  4500] loss: 4.224
[2,  4520] loss: 3.500
[2,  4540] loss: 5.148
[2,  4560] loss: 6.773
[2,  4580] loss: 4.372
[2,  4600] loss: 5.568
[2,  4620] loss: 2.660
[2,  4640] loss: 3.792
[2,  4660] loss: 2.982
[2,  4680] loss: 3.188
[2,  4700] loss: 3.761
[2,  4720] loss: 3.758
[2,  4740] loss: 3.728
[2,  4760] loss: 4.291
[2,  4780] loss: 3.761
[2,  4800] loss: 3.058
[2,  4820] loss: 5.505
[2,  4840] loss: 5.954
[2,  4860] loss: 5.900
[2,  4880] loss: 4.274
[2,  4900] loss: 3.018
[2,  4920] loss: 2.856
[2,  4940] loss: 3.155
[2,  4960] loss: 2.392
[2,  4980] loss: 3.087
[2,  5000] loss: 3.348
[2,  5020] loss: 3.506
[2,  5040] loss: 4.496
[2,  5060] loss: 4.628
[2,  5080] loss: 2.919
[2,  5100] loss: 4.111
[2,  5120] loss: 2.980
[2,  5140] loss: 3.501
[2,  5160] loss: 3.029
[2,  5180] loss: 2.219
[2,  5200] loss: 2.344
[2,  5220] loss: 3.382
[2,  5240] loss: 2.698
[2,  5260] loss: 2.607
[2,  5280] loss: 2.766
[2,  5300] loss: 3.466
[2,  5320] loss: 2.771
[2,  5340] loss: 2.399
[2,  5360] loss: 2.694
[2,  5380] loss: 2.429
[2,  5400] loss: 3.888
[2,  5420] loss: 2.265
[2,  5440] loss: 2.587
[2,  5460] loss: 2.910
[2,  5480] loss: 2.311
[2,  5500] loss: 3.267
[2,  5520] loss: 4.529
[2,  5540] loss: 3.254
[2,  5560] loss: 3.455
[2,  5580] loss: 1.957
[2,  5600] loss: 2.354
[2,  5620] loss: 3.335
[2,  5640] loss: 2.252
[2,  5660] loss: 2.578
[2,  5680] loss: 2.828
[2,  5700] loss: 1.637
[2,  5720] loss: 2.405
[2,  5740] loss: 2.592
[2,  5760] loss: 1.561
[2,  5780] loss: 2.183
[2,  5800] loss: 1.719
[2,  5820] loss: 2.326
[2,  5840] loss: 1.979
[2,  5860] loss: 1.427
[2,  5880] loss: 1.936
[2,  5900] loss: 1.682
[2,  5920] loss: 1.395
[2,  5940] loss: 2.008
[2,  5960] loss: 2.143
[2,  5980] loss: 0.980
[2,  6000] loss: 1.835
[2,  6020] loss: 2.414
[2,  6040] loss: 1.559
[2,  6060] loss: 1.439
[2,  6080] loss: 1.518
[3,    20] loss: 1.249
[3,    40] loss: 1.352
[3,    60] loss: 2.080
[3,    80] loss: 1.770
[3,   100] loss: 1.162
[3,   120] loss: 1.612
[3,   140] loss: 1.228
[3,   160] loss: 0.763
[3,   180] loss: 1.035
[3,   200] loss: 1.023
[3,   220] loss: 1.416
[3,   240] loss: 1.719
[3,   260] loss: 1.620
[3,   280] loss: 1.748
[3,   300] loss: 2.537
[3,   320] loss: 2.020
[3,   340] loss: 3.558
[3,   360] loss: 1.949
[3,   380] loss: 0.845
[3,   400] loss: 1.036
[3,   420] loss: 1.070
[3,   440] loss: 1.384
[3,   460] loss: 1.509
[3,   480] loss: 1.501
[3,   500] loss: 1.255
[3,   520] loss: 1.093
[3,   540] loss: 1.816
[3,   560] loss: 1.199
[3,   580] loss: 1.067
[3,   600] loss: 1.132
[3,   620] loss: 0.992
[3,   640] loss: 0.749
[3,   660] loss: 0.904
[3,   680] loss: 0.809
[3,   700] loss: 0.970
[3,   720] loss: 1.118
[3,   740] loss: 1.098
[3,   760] loss: 0.803
[3,   780] loss: 1.428
[3,   800] loss: 1.132
[3,   820] loss: 0.999
[3,   840] loss: 1.047
[3,   860] loss: 0.864
[3,   880] loss: 0.858
[3,   900] loss: 0.611
[3,   920] loss: 1.505
[3,   940] loss: 1.042
[3,   960] loss: 0.941
[3,   980] loss: 1.188
[3,  1000] loss: 0.935
[3,  1020] loss: 0.935
[3,  1040] loss: 1.628
[3,  1060] loss: 0.706
[3,  1080] loss: 0.833
[3,  1100] loss: 0.673
[3,  1120] loss: 0.721
[3,  1140] loss: 0.451
[3,  1160] loss: 0.989
[3,  1180] loss: 0.939
[3,  1200] loss: 1.000
[3,  1220] loss: 1.068
[3,  1240] loss: 1.014
[3,  1260] loss: 1.686
[3,  1280] loss: 1.235
[3,  1300] loss: 0.572
[3,  1320] loss: 0.828
[3,  1340] loss: 0.676
[3,  1360] loss: 0.977
[3,  1380] loss: 0.846
[3,  1400] loss: 0.681
[3,  1420] loss: 1.196
[3,  1440] loss: 0.708
[3,  1460] loss: 0.905
[3,  1480] loss: 0.776
[3,  1500] loss: 0.755
[3,  1520] loss: 1.067
[3,  1540] loss: 1.318
[3,  1560] loss: 0.888
[3,  1580] loss: 0.929
[3,  1600] loss: 1.235
[3,  1620] loss: 1.401
[3,  1640] loss: 0.742
[3,  1660] loss: 0.780
[3,  1680] loss: 0.637
[3,  1700] loss: 0.838
[3,  1720] loss: 0.553
[3,  1740] loss: 0.708
[3,  1760] loss: 0.825
[3,  1780] loss: 0.532
[3,  1800] loss: 0.710
[3,  1820] loss: 0.922
[3,  1840] loss: 1.364
[3,  1860] loss: 0.779
[3,  1880] loss: 1.700
[3,  1900] loss: 0.992
[3,  1920] loss: 0.607
[3,  1940] loss: 0.511
[3,  1960] loss: 0.498
[3,  1980] loss: 0.594
[3,  2000] loss: 0.637
[3,  2020] loss: 0.633
[3,  2040] loss: 0.582
[3,  2060] loss: 0.698
[3,  2080] loss: 1.047
[3,  2100] loss: 0.897
[3,  2120] loss: 0.665
[3,  2140] loss: 0.547
[3,  2160] loss: 0.628
[3,  2180] loss: 0.708
[3,  2200] loss: 0.734
[3,  2220] loss: 0.724
[3,  2240] loss: 1.263
[3,  2260] loss: 1.136
[3,  2280] loss: 0.398
[3,  2300] loss: 0.384
[3,  2320] loss: 0.450
[3,  2340] loss: 0.549
[3,  2360] loss: 0.463
[3,  2380] loss: 0.908
[3,  2400] loss: 0.524
[3,  2420] loss: 0.423
[3,  2440] loss: 0.362
[3,  2460] loss: 0.464
[3,  2480] loss: 0.689
[3,  2500] loss: 0.929
[3,  2520] loss: 1.085
[3,  2540] loss: 0.600
[3,  2560] loss: 0.517
[3,  2580] loss: 0.433
[3,  2600] loss: 0.444
[3,  2620] loss: 0.924
[3,  2640] loss: 0.821
[3,  2660] loss: 0.724
[3,  2680] loss: 0.451
[3,  2700] loss: 0.455
[3,  2720] loss: 0.365
[3,  2740] loss: 0.528
[3,  2760] loss: 0.550
[3,  2780] loss: 0.602
[3,  2800] loss: 0.420
[3,  2820] loss: 0.482
[3,  2840] loss: 0.565
[3,  2860] loss: 0.448
[3,  2880] loss: 0.493
[3,  2900] loss: 0.618
[3,  2920] loss: 0.456
[3,  2940] loss: 0.457
[3,  2960] loss: 0.456
[3,  2980] loss: 0.469
[3,  3000] loss: 0.876
[3,  3020] loss: 0.344
[3,  3040] loss: 0.432
[3,  3060] loss: 0.962
[3,  3080] loss: 0.790
[3,  3100] loss: 0.565
[3,  3120] loss: 0.508
[3,  3140] loss: 0.532
[3,  3160] loss: 0.642
[3,  3180] loss: 0.600
[3,  3200] loss: 0.574
[3,  3220] loss: 0.932
[3,  3240] loss: 0.592
[3,  3260] loss: 0.410
[3,  3280] loss: 0.411
[3,  3300] loss: 0.862
[3,  3320] loss: 0.355
[3,  3340] loss: 0.275
[3,  3360] loss: 0.439
[3,  3380] loss: 0.401
[3,  3400] loss: 0.464
[3,  3420] loss: 0.282
[3,  3440] loss: 0.701
[3,  3460] loss: 1.140
[3,  3480] loss: 0.828
[3,  3500] loss: 0.588
[3,  3520] loss: 0.364
[3,  3540] loss: 0.332
[3,  3560] loss: 0.415
[3,  3580] loss: 0.439
[3,  3600] loss: 0.354
[3,  3620] loss: 0.358
[3,  3640] loss: 0.276
[3,  3660] loss: 0.308
[3,  3680] loss: 0.367
[3,  3700] loss: 0.395
[3,  3720] loss: 0.279
[3,  3740] loss: 0.276
[3,  3760] loss: 0.246
[3,  3780] loss: 0.432
[3,  3800] loss: 0.487
[3,  3820] loss: 0.447
[3,  3840] loss: 0.284
[3,  3860] loss: 0.273
[3,  3880] loss: 0.453
[3,  3900] loss: 0.953
[3,  3920] loss: 0.466
[3,  3940] loss: 0.687
[3,  3960] loss: 0.352
[3,  3980] loss: 0.260
[3,  4000] loss: 0.426
[3,  4020] loss: 0.321
[3,  4040] loss: 0.308
[3,  4060] loss: 0.272
[3,  4080] loss: 0.323
[3,  4100] loss: 0.348
[3,  4120] loss: 0.236
[3,  4140] loss: 0.299
[3,  4160] loss: 0.655
[3,  4180] loss: 0.582
[3,  4200] loss: 0.205
[3,  4220] loss: 0.400
[3,  4240] loss: 0.597
[3,  4260] loss: 0.408
[3,  4280] loss: 0.463
[3,  4300] loss: 0.229
[3,  4320] loss: 0.160
[3,  4340] loss: 0.198
[3,  4360] loss: 0.327
[3,  4380] loss: 0.519
[3,  4400] loss: 0.254
[3,  4420] loss: 0.228
[3,  4440] loss: 0.124
[3,  4460] loss: 0.557
[3,  4480] loss: 0.807
[3,  4500] loss: 0.284
[3,  4520] loss: 0.306
[3,  4540] loss: 0.412
[3,  4560] loss: 0.542
[3,  4580] loss: 0.195
[3,  4600] loss: 0.140
[3,  4620] loss: 0.152
[3,  4640] loss: 0.318
[3,  4660] loss: 0.452
[3,  4680] loss: 0.423
[3,  4700] loss: 0.178
[3,  4720] loss: 0.342
[3,  4740] loss: 0.213
[3,  4760] loss: 0.465
[3,  4780] loss: 0.495
[3,  4800] loss: 0.552
[3,  4820] loss: 0.620
[3,  4840] loss: 0.326
[3,  4860] loss: 0.372
[3,  4880] loss: 0.383
[3,  4900] loss: 0.179
[3,  4920] loss: 0.464
[3,  4940] loss: 0.128
[3,  4960] loss: 0.111
[3,  4980] loss: 0.149
[3,  5000] loss: 0.228
[3,  5020] loss: 0.216
[3,  5040] loss: 0.209
[3,  5060] loss: 0.286
[3,  5080] loss: 0.369
[3,  5100] loss: 0.245
[3,  5120] loss: 0.373
[3,  5140] loss: 0.169
[3,  5160] loss: 0.283
[3,  5180] loss: 0.259
[3,  5200] loss: 0.569
[3,  5220] loss: 0.341
[3,  5240] loss: 0.238
[3,  5260] loss: 0.181
[3,  5280] loss: 0.304
[3,  5300] loss: 0.159
[3,  5320] loss: 0.365
[3,  5340] loss: 0.344
[3,  5360] loss: 0.185
[3,  5380] loss: 0.428
[3,  5400] loss: 0.354
[3,  5420] loss: 0.304
[3,  5440] loss: 0.579
[3,  5460] loss: 0.842
[3,  5480] loss: 0.517
[3,  5500] loss: 0.185
[3,  5520] loss: 0.291
[3,  5540] loss: 0.153
[3,  5560] loss: 0.140
[3,  5580] loss: 0.089
[3,  5600] loss: 0.380
[3,  5620] loss: 0.179
[3,  5640] loss: 0.170
[3,  5660] loss: 0.204
[3,  5680] loss: 0.242
[3,  5700] loss: 0.138
[3,  5720] loss: 0.246
[3,  5740] loss: 0.198
[3,  5760] loss: 0.299
[3,  5780] loss: 0.235
[3,  5800] loss: 0.141
[3,  5820] loss: 0.286
[3,  5840] loss: 0.154
[3,  5860] loss: 0.149
[3,  5880] loss: 0.333
[3,  5900] loss: 0.261
[3,  5920] loss: 0.274
[3,  5940] loss: 0.366
[3,  5960] loss: 0.174
[3,  5980] loss: 0.117
[3,  6000] loss: 0.121
[3,  6020] loss: 0.199
[3,  6040] loss: 0.264
[3,  6060] loss: 0.189
[3,  6080] loss: 0.183
[1,    20] loss: 0.309
[1,    40] loss: 0.313
[1,    60] loss: 0.287
[1,    80] loss: 0.263
[1,   100] loss: 0.223
[1,   120] loss: 0.199
[1,   140] loss: 0.225
[1,   160] loss: 0.254
[1,   180] loss: 0.277
[1,   200] loss: 0.289
[1,   220] loss: 0.286
[1,   240] loss: 0.276
[1,   260] loss: 0.269
[1,   280] loss: 0.268
[1,   300] loss: 0.269
[1,   320] loss: 0.263
[1,   340] loss: 0.256
[1,   360] loss: 0.255
[1,   380] loss: 0.251
[1,   400] loss: 0.242
[1,   420] loss: 0.236
[1,   440] loss: 0.237
[1,   460] loss: 0.233
[1,   480] loss: 0.229
[1,   500] loss: 0.224
[1,   520] loss: 0.224
[1,   540] loss: 0.226
[1,   560] loss: 0.225
[1,   580] loss: 0.232
[1,   600] loss: 0.233
[1,   620] loss: 0.237
[1,   640] loss: 0.242
[1,   660] loss: 0.246
[2,    20] loss: 0.309
[2,    40] loss: 0.313
[2,    60] loss: 0.287
[2,    80] loss: 0.263
[2,   100] loss: 0.223
[2,   120] loss: 0.199
[2,   140] loss: 0.225
[2,   160] loss: 0.254
[2,   180] loss: 0.277
[2,   200] loss: 0.289
[2,   220] loss: 0.286
[2,   240] loss: 0.276
[2,   260] loss: 0.269
[2,   280] loss: 0.268
[2,   300] loss: 0.269
[2,   320] loss: 0.263
[2,   340] loss: 0.256
[2,   360] loss: 0.255
[2,   380] loss: 0.251
[2,   400] loss: 0.242
[2,   420] loss: 0.236
[2,   440] loss: 0.237
[2,   460] loss: 0.233
[2,   480] loss: 0.229
[2,   500] loss: 0.224
[2,   520] loss: 0.224
[2,   540] loss: 0.226
[2,   560] loss: 0.225
[2,   580] loss: 0.232
[2,   600] loss: 0.233
[2,   620] loss: 0.237
[2,   640] loss: 0.242
[2,   660] loss: 0.246
[3,    20] loss: 0.309
[3,    40] loss: 0.313
[3,    60] loss: 0.287
[3,    80] loss: 0.263
[3,   100] loss: 0.223
[3,   120] loss: 0.199
[3,   140] loss: 0.225
[3,   160] loss: 0.254
[3,   180] loss: 0.277
[3,   200] loss: 0.289
[3,   220] loss: 0.286
[3,   240] loss: 0.276
[3,   260] loss: 0.269
[3,   280] loss: 0.268
[3,   300] loss: 0.269
[3,   320] loss: 0.263
[3,   340] loss: 0.256
[3,   360] loss: 0.255
[3,   380] loss: 0.251
[3,   400] loss: 0.242
[3,   420] loss: 0.236
[3,   440] loss: 0.237
[3,   460] loss: 0.233
[3,   480] loss: 0.229
[3,   500] loss: 0.224
[3,   520] loss: 0.224
[3,   540] loss: 0.226
[3,   560] loss: 0.225
[3,   580] loss: 0.232
[3,   600] loss: 0.233
[3,   620] loss: 0.237
[3,   640] loss: 0.242
[3,   660] loss: 0.246
