cuda:  3
color_space: RGB
batch_size: 5
num_epcochs: 3
learning_rate: 0.002
[1,    20] loss: 0.132
[1,    40] loss: 0.154
[1,    60] loss: 0.081
[1,    80] loss: 0.068
[1,   100] loss: 0.066
[1,   120] loss: 0.099
[1,   140] loss: 0.067
[1,   160] loss: 0.109
[1,   180] loss: 0.057
[1,   200] loss: 0.118
[1,   220] loss: 0.048
[1,   240] loss: 0.068
[1,   260] loss: 0.097
[1,   280] loss: 0.079
[1,   300] loss: 0.048
[1,   320] loss: 0.096
[1,   340] loss: 0.111
[1,   360] loss: 0.139
[1,   380] loss: 0.053
[1,   400] loss: 0.121
[1,   420] loss: 0.108
[1,   440] loss: 0.106
[1,   460] loss: 0.052
[1,   480] loss: 0.084
[1,   500] loss: 0.078
[1,   520] loss: 0.063
[1,   540] loss: 0.093
[1,   560] loss: 0.506
[1,   580] loss: 17797.930
[1,   600] loss: 2268312.337
[1,   620] loss: 194206.063
[1,   640] loss: 70491.125
[1,   660] loss: 5834.798
[1,   680] loss: 734.611
[1,   700] loss: 130.502
[1,   720] loss: 88.670
[1,   740] loss: 74.772
[1,   760] loss: 61.139
[1,   780] loss: 61.838
[1,   800] loss: 47.863
[1,   820] loss: 44.528
[1,   840] loss: 37.284
[1,   860] loss: 31.097
[1,   880] loss: 35.054
[1,   900] loss: 34.119
[1,   920] loss: 36.397
[1,   940] loss: 27.414
[1,   960] loss: 31.308
[1,   980] loss: 18.639
[1,  1000] loss: 25.019
[1,  1020] loss: 24.485
[1,  1040] loss: 20.830
[1,  1060] loss: 25.223
[1,  1080] loss: 25.878
[1,  1100] loss: 19.347
[1,  1120] loss: 16.560
[1,  1140] loss: 17.254
[1,  1160] loss: 18.473
[1,  1180] loss: 20.804
[1,  1200] loss: 14.403
[1,  1220] loss: 14.791
[1,  1240] loss: 18.272
[1,  1260] loss: 13.302
[1,  1280] loss: 16.895
[1,  1300] loss: 16.835
[1,  1320] loss: 17.053
[1,  1340] loss: 12.766
[1,  1360] loss: 12.681
[1,  1380] loss: 12.513
[1,  1400] loss: 13.006
[1,  1420] loss: 12.335
[1,  1440] loss: 8.528
[1,  1460] loss: 12.782
[1,  1480] loss: 10.236
[1,  1500] loss: 11.584
[1,  1520] loss: 11.437
[1,  1540] loss: 10.314
[1,  1560] loss: 6.363
[1,  1580] loss: 8.603
[1,  1600] loss: 10.020
[1,  1620] loss: 11.657
[1,  1640] loss: 8.565
[1,  1660] loss: 7.439
[1,  1680] loss: 6.397
[1,  1700] loss: 8.189
[1,  1720] loss: 12.260
[1,  1740] loss: 7.124
[1,  1760] loss: 8.706
[1,  1780] loss: 7.254
[1,  1800] loss: 8.022
[1,  1820] loss: 7.558
[1,  1840] loss: 7.886
[1,  1860] loss: 9.902
[1,  1880] loss: 6.760
[1,  1900] loss: 7.334
[1,  1920] loss: 6.589
[1,  1940] loss: 7.106
[1,  1960] loss: 7.556
[1,  1980] loss: 8.257
[1,  2000] loss: 9.515
[1,  2020] loss: 8.783
[1,  2040] loss: 5.563
[1,  2060] loss: 5.602
[1,  2080] loss: 4.590
[1,  2100] loss: 6.521
[1,  2120] loss: 5.058
[1,  2140] loss: 6.310
[1,  2160] loss: 6.719
[1,  2180] loss: 5.583
[1,  2200] loss: 5.185
[1,  2220] loss: 4.928
[1,  2240] loss: 4.709
[1,  2260] loss: 5.022
[1,  2280] loss: 3.309
[1,  2300] loss: 5.578
[1,  2320] loss: 3.780
[1,  2340] loss: 5.606
[1,  2360] loss: 4.880
[1,  2380] loss: 3.615
[1,  2400] loss: 5.905
[1,  2420] loss: 3.951
[1,  2440] loss: 4.023
[1,  2460] loss: 3.470
[1,  2480] loss: 4.871
[1,  2500] loss: 3.826
[1,  2520] loss: 3.079
[1,  2540] loss: 5.233
[1,  2560] loss: 3.218
[1,  2580] loss: 3.328
[1,  2600] loss: 2.964
[1,  2620] loss: 3.121
[1,  2640] loss: 4.412
[1,  2660] loss: 4.201
[1,  2680] loss: 3.995
[1,  2700] loss: 3.842
[1,  2720] loss: 2.951
[1,  2740] loss: 2.727
[1,  2760] loss: 2.902
[1,  2780] loss: 3.726
[1,  2800] loss: 4.089
[1,  2820] loss: 3.947
[1,  2840] loss: 3.567
[1,  2860] loss: 3.767
[1,  2880] loss: 3.751
[1,  2900] loss: 2.971
[1,  2920] loss: 2.890
[1,  2940] loss: 2.258
[1,  2960] loss: 2.582
[1,  2980] loss: 2.737
[1,  3000] loss: 3.136
[1,  3020] loss: 2.637
[1,  3040] loss: 2.784
[1,  3060] loss: 2.586
[1,  3080] loss: 2.481
[1,  3100] loss: 2.455
[1,  3120] loss: 3.029
[1,  3140] loss: 3.339
[1,  3160] loss: 2.776
[1,  3180] loss: 2.481
[1,  3200] loss: 2.990
[1,  3220] loss: 3.150
[1,  3240] loss: 2.437
[1,  3260] loss: 2.001
[1,  3280] loss: 2.810
[1,  3300] loss: 2.700
[1,  3320] loss: 2.903
[1,  3340] loss: 2.511
[1,  3360] loss: 2.746
[1,  3380] loss: 2.431
[1,  3400] loss: 2.214
[1,  3420] loss: 2.326
[1,  3440] loss: 1.700
[1,  3460] loss: 2.551
[1,  3480] loss: 2.547
[1,  3500] loss: 3.430
[1,  3520] loss: 3.135
[1,  3540] loss: 2.128
[1,  3560] loss: 2.448
[1,  3580] loss: 2.743
[1,  3600] loss: 1.965
[1,  3620] loss: 1.832
[1,  3640] loss: 1.529
[1,  3660] loss: 2.213
[1,  3680] loss: 2.454
[1,  3700] loss: 1.584
[1,  3720] loss: 1.381
[1,  3740] loss: 1.610
[1,  3760] loss: 2.701
[1,  3780] loss: 3.227
[1,  3800] loss: 1.898
[1,  3820] loss: 2.613
[1,  3840] loss: 2.201
[1,  3860] loss: 1.544
[1,  3880] loss: 2.066
[1,  3900] loss: 1.651
[1,  3920] loss: 1.829
[1,  3940] loss: 1.697
[1,  3960] loss: 1.599
[1,  3980] loss: 1.611
[1,  4000] loss: 1.588
[1,  4020] loss: 1.468
[1,  4040] loss: 2.659
[1,  4060] loss: 2.138
[1,  4080] loss: 1.681
[1,  4100] loss: 1.482
[1,  4120] loss: 1.234
[1,  4140] loss: 1.991
[1,  4160] loss: 1.358
[1,  4180] loss: 1.753
[1,  4200] loss: 1.701
[1,  4220] loss: 1.719
[1,  4240] loss: 1.873
[1,  4260] loss: 1.406
[1,  4280] loss: 1.390
[1,  4300] loss: 1.197
[1,  4320] loss: 1.538
[1,  4340] loss: 1.218
[1,  4360] loss: 1.324
[1,  4380] loss: 1.318
[1,  4400] loss: 1.145
[1,  4420] loss: 2.024
[1,  4440] loss: 0.961
[1,  4460] loss: 1.766
[1,  4480] loss: 1.624
[1,  4500] loss: 1.472
[1,  4520] loss: 1.244
[1,  4540] loss: 1.306
[1,  4560] loss: 1.122
[1,  4580] loss: 1.391
[1,  4600] loss: 1.406
[1,  4620] loss: 1.226
[1,  4640] loss: 1.008
[1,  4660] loss: 1.519
[1,  4680] loss: 0.787
[1,  4700] loss: 1.432
[1,  4720] loss: 1.085
[1,  4740] loss: 1.585
[1,  4760] loss: 1.705
[1,  4780] loss: 1.144
[1,  4800] loss: 1.175
[1,  4820] loss: 1.343
[1,  4840] loss: 1.318
[1,  4860] loss: 1.299
[1,  4880] loss: 0.620
[1,  4900] loss: 0.927
[1,  4920] loss: 1.455
[1,  4940] loss: 0.770
[1,  4960] loss: 1.236
[1,  4980] loss: 0.997
[1,  5000] loss: 1.339
[1,  5020] loss: 0.668
[1,  5040] loss: 1.603
[1,  5060] loss: 1.162
[1,  5080] loss: 1.223
[1,  5100] loss: 1.389
[1,  5120] loss: 0.983
[1,  5140] loss: 1.344
[1,  5160] loss: 0.894
[1,  5180] loss: 0.748
[1,  5200] loss: 1.240
[1,  5220] loss: 0.934
[1,  5240] loss: 0.706
[1,  5260] loss: 0.850
[1,  5280] loss: 0.772
[1,  5300] loss: 0.729
[1,  5320] loss: 0.597
[1,  5340] loss: 0.732
[1,  5360] loss: 1.543
[1,  5380] loss: 3.116
[1,  5400] loss: 2.510
[1,  5420] loss: 1.594
[1,  5440] loss: 1.015
[1,  5460] loss: 1.214
[1,  5480] loss: 0.811
[1,  5500] loss: 0.814
[1,  5520] loss: 0.741
[1,  5540] loss: 0.814
[1,  5560] loss: 1.409
[1,  5580] loss: 1.320
[1,  5600] loss: 2.692
[1,  5620] loss: 1.594
[1,  5640] loss: 0.686
[1,  5660] loss: 0.623
[1,  5680] loss: 0.634
[1,  5700] loss: 0.486
[1,  5720] loss: 0.756
[1,  5740] loss: 0.974
[1,  5760] loss: 0.702
[1,  5780] loss: 1.300
[1,  5800] loss: 0.880
[1,  5820] loss: 0.727
[1,  5840] loss: 0.823
[1,  5860] loss: 0.933
[1,  5880] loss: 1.378
[1,  5900] loss: 0.656
[1,  5920] loss: 0.718
[1,  5940] loss: 0.721
[1,  5960] loss: 0.745
[1,  5980] loss: 0.548
[1,  6000] loss: 0.785
[1,  6020] loss: 2.191
[1,  6040] loss: 1.790
[1,  6060] loss: 0.853
[1,  6080] loss: 0.869
[2,    20] loss: 0.709
[2,    40] loss: 0.901
[2,    60] loss: 0.625
[2,    80] loss: 0.362
[2,   100] loss: 0.557
[2,   120] loss: 0.468
[2,   140] loss: 0.962
[2,   160] loss: 0.515
[2,   180] loss: 1.018
[2,   200] loss: 1.800
[2,   220] loss: 2.901
[2,   240] loss: 3.864
[2,   260] loss: 4.510
[2,   280] loss: 1.933
[2,   300] loss: 1.235
[2,   320] loss: 1.131
[2,   340] loss: 2.112
[2,   360] loss: 2.813
[2,   380] loss: 1.189
[2,   400] loss: 0.835
[2,   420] loss: 0.443
[2,   440] loss: 0.470
[2,   460] loss: 0.505
[2,   480] loss: 0.489
[2,   500] loss: 0.465
[2,   520] loss: 0.478
[2,   540] loss: 0.422
[2,   560] loss: 0.432
[2,   580] loss: 0.471
[2,   600] loss: 0.727
[2,   620] loss: 0.526
[2,   640] loss: 0.791
[2,   660] loss: 1.001
[2,   680] loss: 1.082
[2,   700] loss: 0.393
[2,   720] loss: 0.616
[2,   740] loss: 0.622
[2,   760] loss: 0.618
[2,   780] loss: 0.367
[2,   800] loss: 0.494
[2,   820] loss: 0.658
[2,   840] loss: 0.858
[2,   860] loss: 0.488
[2,   880] loss: 0.545
[2,   900] loss: 0.481
[2,   920] loss: 0.677
[2,   940] loss: 0.426
[2,   960] loss: 0.446
[2,   980] loss: 0.402
[2,  1000] loss: 0.476
[2,  1020] loss: 0.357
[2,  1040] loss: 0.416
[2,  1060] loss: 0.692
[2,  1080] loss: 0.964
[2,  1100] loss: 0.441
[2,  1120] loss: 0.267
[2,  1140] loss: 0.436
[2,  1160] loss: 0.421
[2,  1180] loss: 0.424
[2,  1200] loss: 0.863
[2,  1220] loss: 0.556
[2,  1240] loss: 0.469
[2,  1260] loss: 0.479
[2,  1280] loss: 0.399
[2,  1300] loss: 0.272
[2,  1320] loss: 0.867
[2,  1340] loss: 0.719
[2,  1360] loss: 0.269
[2,  1380] loss: 0.494
[2,  1400] loss: 0.442
[2,  1420] loss: 0.545
[2,  1440] loss: 0.671
[2,  1460] loss: 0.408
[2,  1480] loss: 0.449
[2,  1500] loss: 1.195
[2,  1520] loss: 0.713
[2,  1540] loss: 0.373
[2,  1560] loss: 0.297
[2,  1580] loss: 0.366
[2,  1600] loss: 0.335
[2,  1620] loss: 0.619
[2,  1640] loss: 0.369
[2,  1660] loss: 0.336
[2,  1680] loss: 0.212
[2,  1700] loss: 0.219
[2,  1720] loss: 0.321
[2,  1740] loss: 0.247
[2,  1760] loss: 0.716
[2,  1780] loss: 0.330
[2,  1800] loss: 0.533
[2,  1820] loss: 0.591
[2,  1840] loss: 0.379
[2,  1860] loss: 0.746
[2,  1880] loss: 1.323
[2,  1900] loss: 0.344
[2,  1920] loss: 0.473
[2,  1940] loss: 0.374
[2,  1960] loss: 0.372
[2,  1980] loss: 0.817
[2,  2000] loss: 1.085
[2,  2020] loss: 0.565
[2,  2040] loss: 0.322
[2,  2060] loss: 0.459
[2,  2080] loss: 0.271
[2,  2100] loss: 0.422
[2,  2120] loss: 0.363
[2,  2140] loss: 0.991
[2,  2160] loss: 1.114
[2,  2180] loss: 0.666
[2,  2200] loss: 0.678
[2,  2220] loss: 0.599
[2,  2240] loss: 0.283
[2,  2260] loss: 0.245
[2,  2280] loss: 0.228
[2,  2300] loss: 0.339
[2,  2320] loss: 0.286
[2,  2340] loss: 0.713
[2,  2360] loss: 0.861
[2,  2380] loss: 0.541
[2,  2400] loss: 0.819
[2,  2420] loss: 0.224
[2,  2440] loss: 0.522
[2,  2460] loss: 0.382
[2,  2480] loss: 0.265
[2,  2500] loss: 0.319
[2,  2520] loss: 0.653
[2,  2540] loss: 0.769
[2,  2560] loss: 1.051
[2,  2580] loss: 1.755
[2,  2600] loss: 0.841
[2,  2620] loss: 0.379
[2,  2640] loss: 0.191
[2,  2660] loss: 0.317
[2,  2680] loss: 0.447
[2,  2700] loss: 1.046
[2,  2720] loss: 0.417
[2,  2740] loss: 0.575
[2,  2760] loss: 0.329
[2,  2780] loss: 0.230
[2,  2800] loss: 0.204
[2,  2820] loss: 0.452
[2,  2840] loss: 1.243
[2,  2860] loss: 0.647
[2,  2880] loss: 0.306
[2,  2900] loss: 0.361
[2,  2920] loss: 0.248
[2,  2940] loss: 0.434
[2,  2960] loss: 0.213
[2,  2980] loss: 0.325
[2,  3000] loss: 0.206
[2,  3020] loss: 0.271
[2,  3040] loss: 0.340
[2,  3060] loss: 0.469
[2,  3080] loss: 0.193
[2,  3100] loss: 0.227
[2,  3120] loss: 0.249
[2,  3140] loss: 0.127
[2,  3160] loss: 0.142
[2,  3180] loss: 0.201
[2,  3200] loss: 0.395
[2,  3220] loss: 0.241
[2,  3240] loss: 0.396
[2,  3260] loss: 1.051
[2,  3280] loss: 0.554
[2,  3300] loss: 0.146
[2,  3320] loss: 0.206
[2,  3340] loss: 0.190
[2,  3360] loss: 0.307
[2,  3380] loss: 0.253
[2,  3400] loss: 0.194
[2,  3420] loss: 0.214
[2,  3440] loss: 0.243
[2,  3460] loss: 0.206
[2,  3480] loss: 0.156
[2,  3500] loss: 0.184
[2,  3520] loss: 0.241
[2,  3540] loss: 0.433
[2,  3560] loss: 0.269
[2,  3580] loss: 0.282
[2,  3600] loss: 0.580
[2,  3620] loss: 0.926
[2,  3640] loss: 0.265
[2,  3660] loss: 0.193
[2,  3680] loss: 0.375
[2,  3700] loss: 0.219
[2,  3720] loss: 0.144
[2,  3740] loss: 0.208
[2,  3760] loss: 0.165
[2,  3780] loss: 0.200
[2,  3800] loss: 0.279
[2,  3820] loss: 0.583
[2,  3840] loss: 0.181
[2,  3860] loss: 0.149
[2,  3880] loss: 0.181
[2,  3900] loss: 0.294
[2,  3920] loss: 0.245
[2,  3940] loss: 0.159
[2,  3960] loss: 0.207
[2,  3980] loss: 0.229
[2,  4000] loss: 0.286
[2,  4020] loss: 0.288
[2,  4040] loss: 0.328
[2,  4060] loss: 0.170
[2,  4080] loss: 0.280
[2,  4100] loss: 0.157
[2,  4120] loss: 0.137
[2,  4140] loss: 0.198
[2,  4160] loss: 0.245
[2,  4180] loss: 0.261
[2,  4200] loss: 0.139
[2,  4220] loss: 0.147
[2,  4240] loss: 0.365
[2,  4260] loss: 0.219
[2,  4280] loss: 0.202
[2,  4300] loss: 0.153
[2,  4320] loss: 0.135
[2,  4340] loss: 0.319
[2,  4360] loss: 0.728
[2,  4380] loss: 0.684
[2,  4400] loss: 0.163
[2,  4420] loss: 0.154
[2,  4440] loss: 0.172
[2,  4460] loss: 0.223
[2,  4480] loss: 0.132
[2,  4500] loss: 0.163
[2,  4520] loss: 0.098
[2,  4540] loss: 0.321
[2,  4560] loss: 0.239
[2,  4580] loss: 0.128
[2,  4600] loss: 0.099
[2,  4620] loss: 0.139
[2,  4640] loss: 0.383
[2,  4660] loss: 0.184
[2,  4680] loss: 0.350
[2,  4700] loss: 0.178
[2,  4720] loss: 0.165
[2,  4740] loss: 0.199
[2,  4760] loss: 0.137
[2,  4780] loss: 0.188
[2,  4800] loss: 0.273
[2,  4820] loss: 0.219
[2,  4840] loss: 0.446
[2,  4860] loss: 0.376
[2,  4880] loss: 0.116
[2,  4900] loss: 0.096
[2,  4920] loss: 0.111
[2,  4940] loss: 0.081
[2,  4960] loss: 0.163
[2,  4980] loss: 0.106
[2,  5000] loss: 0.140
[2,  5020] loss: 0.238
[2,  5040] loss: 0.148
[2,  5060] loss: 0.098
[2,  5080] loss: 0.109
[2,  5100] loss: 0.108
[2,  5120] loss: 0.164
[2,  5140] loss: 0.199
[2,  5160] loss: 0.171
[2,  5180] loss: 0.071
[2,  5200] loss: 0.108
[2,  5220] loss: 0.159
[2,  5240] loss: 0.097
[2,  5260] loss: 0.146
[2,  5280] loss: 0.148
[2,  5300] loss: 0.077
[2,  5320] loss: 0.083
[2,  5340] loss: 0.066
[2,  5360] loss: 0.069
[2,  5380] loss: 0.140
[2,  5400] loss: 0.082
[2,  5420] loss: 0.152
[2,  5440] loss: 0.140
[2,  5460] loss: 0.248
[2,  5480] loss: 0.210
[2,  5500] loss: 0.160
[2,  5520] loss: 0.171
[2,  5540] loss: 0.107
[2,  5560] loss: 0.172
[2,  5580] loss: 0.178
[2,  5600] loss: 0.142
[2,  5620] loss: 0.099
[2,  5640] loss: 0.097
[2,  5660] loss: 0.127
[2,  5680] loss: 0.154
[2,  5700] loss: 0.166
[2,  5720] loss: 0.158
[2,  5740] loss: 0.111
[2,  5760] loss: 0.116
[2,  5780] loss: 0.097
[2,  5800] loss: 0.139
[2,  5820] loss: 0.206
[2,  5840] loss: 0.162
[2,  5860] loss: 0.214
[2,  5880] loss: 0.160
[2,  5900] loss: 0.179
[2,  5920] loss: 0.136
[2,  5940] loss: 0.160
[2,  5960] loss: 0.075
[2,  5980] loss: 0.080
[2,  6000] loss: 0.133
[2,  6020] loss: 0.112
[2,  6040] loss: 0.056
[2,  6060] loss: 0.082
[2,  6080] loss: 0.129
[3,    20] loss: 0.106
[3,    40] loss: 0.085
[3,    60] loss: 0.074
[3,    80] loss: 0.074
[3,   100] loss: 0.088
[3,   120] loss: 0.077
[3,   140] loss: 0.111
[3,   160] loss: 0.093
[3,   180] loss: 0.089
[3,   200] loss: 0.070
[3,   220] loss: 0.097
[3,   240] loss: 0.188
[3,   260] loss: 0.102
[3,   280] loss: 0.111
[3,   300] loss: 0.060
[3,   320] loss: 0.202
[3,   340] loss: 0.089
[3,   360] loss: 0.264
[3,   380] loss: 0.155
[3,   400] loss: 0.186
[3,   420] loss: 0.067
[3,   440] loss: 0.097
[3,   460] loss: 0.081
[3,   480] loss: 0.088
[3,   500] loss: 0.081
[3,   520] loss: 0.215
[3,   540] loss: 0.206
[3,   560] loss: 0.150
[3,   580] loss: 0.100
[3,   600] loss: 0.172
[3,   620] loss: 0.151
[3,   640] loss: 0.132
[3,   660] loss: 0.108
[3,   680] loss: 0.202
[3,   700] loss: 0.169
[3,   720] loss: 0.119
[3,   740] loss: 0.104
[3,   760] loss: 0.045
[3,   780] loss: 0.033
[3,   800] loss: 0.102
[3,   820] loss: 0.114
[3,   840] loss: 0.101
[3,   860] loss: 0.132
[3,   880] loss: 0.080
[3,   900] loss: 0.107
[3,   920] loss: 0.102
[3,   940] loss: 0.101
[3,   960] loss: 0.138
[3,   980] loss: 0.099
[3,  1000] loss: 0.169
[3,  1020] loss: 0.118
[3,  1040] loss: 0.196
[3,  1060] loss: 0.109
[3,  1080] loss: 0.082
[3,  1100] loss: 0.046
[3,  1120] loss: 0.111
[3,  1140] loss: 0.123
[3,  1160] loss: 0.084
[3,  1180] loss: 0.052
[3,  1200] loss: 0.092
[3,  1220] loss: 0.104
[3,  1240] loss: 0.133
[3,  1260] loss: 0.090
[3,  1280] loss: 0.086
[3,  1300] loss: 0.117
[3,  1320] loss: 0.083
[3,  1340] loss: 0.075
[3,  1360] loss: 0.101
[3,  1380] loss: 0.065
[3,  1400] loss: 0.093
[3,  1420] loss: 0.109
[3,  1440] loss: 0.109
[3,  1460] loss: 0.086
[3,  1480] loss: 0.124
[3,  1500] loss: 0.105
[3,  1520] loss: 0.188
[3,  1540] loss: 0.107
[3,  1560] loss: 0.091
[3,  1580] loss: 0.049
[3,  1600] loss: 0.110
[3,  1620] loss: 0.138
[3,  1640] loss: 0.081
[3,  1660] loss: 0.198
[3,  1680] loss: 0.226
[3,  1700] loss: 0.108
[3,  1720] loss: 0.089
[3,  1740] loss: 0.071
[3,  1760] loss: 0.069
[3,  1780] loss: 0.069
[3,  1800] loss: 0.061
[3,  1820] loss: 0.114
[3,  1840] loss: 0.175
[3,  1860] loss: 0.124
[3,  1880] loss: 0.130
[3,  1900] loss: 0.066
[3,  1920] loss: 0.157
[3,  1940] loss: 0.157
[3,  1960] loss: 0.094
[3,  1980] loss: 0.130
[3,  2000] loss: 0.206
[3,  2020] loss: 0.264
[3,  2040] loss: 0.089
[3,  2060] loss: 0.159
[3,  2080] loss: 0.154
[3,  2100] loss: 0.108
[3,  2120] loss: 0.088
[3,  2140] loss: 0.193
[3,  2160] loss: 0.150
[3,  2180] loss: 0.080
[3,  2200] loss: 0.081
[3,  2220] loss: 0.066
[3,  2240] loss: 0.128
[3,  2260] loss: 0.130
[3,  2280] loss: 0.255
[3,  2300] loss: 0.252
[3,  2320] loss: 0.723
[3,  2340] loss: 1.399
[3,  2360] loss: 18.139
[3,  2380] loss: 3778781510.703
[3,  2400] loss: 1686892526.000
[3,  2420] loss: 51638104.775
[3,  2440] loss: 8673166.166
[3,  2460] loss: 1714483.128
[3,  2480] loss: 229137.595
[3,  2500] loss: 132801.770
[3,  2520] loss: 84518.106
[3,  2540] loss: 119962.963
[3,  2560] loss: 81553.421
[3,  2580] loss: 58065.245
[3,  2600] loss: 67256.720
[3,  2620] loss: 61626.618
[3,  2640] loss: 90393.379
[3,  2660] loss: 52864.719
[3,  2680] loss: 48062.793
[3,  2700] loss: 51135.184
[3,  2720] loss: 53338.570
[3,  2740] loss: 39233.324
[3,  2760] loss: 40767.382
[3,  2780] loss: 31848.839
[3,  2800] loss: 38451.482
[3,  2820] loss: 35888.806
[3,  2840] loss: 33239.244
[3,  2860] loss: 29532.361
[3,  2880] loss: 35199.438
[3,  2900] loss: 30011.902
[3,  2920] loss: 30890.739
[3,  2940] loss: 41112.425
[3,  2960] loss: 31068.557
[3,  2980] loss: 27815.701
[3,  3000] loss: 25980.382
[3,  3020] loss: 25489.900
[3,  3040] loss: 28105.665
[3,  3060] loss: 24286.146
[3,  3080] loss: 26047.886
[3,  3100] loss: 21320.496
[3,  3120] loss: 18254.066
[3,  3140] loss: 24121.370
[3,  3160] loss: 19995.511
[3,  3180] loss: 13080.888
[3,  3200] loss: 20803.014
[3,  3220] loss: 21850.092
[3,  3240] loss: 15820.274
[3,  3260] loss: 20025.203
[3,  3280] loss: 16003.665
[3,  3300] loss: 22280.452
[3,  3320] loss: 14650.998
[3,  3340] loss: 19994.675
[3,  3360] loss: 17059.231
[3,  3380] loss: 13713.155
[3,  3400] loss: 13521.289
[3,  3420] loss: 11869.397
[3,  3440] loss: 14253.911
[3,  3460] loss: 17742.238
[3,  3480] loss: 14643.684
[3,  3500] loss: 17697.370
[3,  3520] loss: 13990.103
[3,  3540] loss: 16922.739
[3,  3560] loss: 12971.312
[3,  3580] loss: 11887.302
[3,  3600] loss: 15675.368
[3,  3620] loss: 10579.092
[3,  3640] loss: 12191.649
[3,  3660] loss: 14205.770
[3,  3680] loss: 13148.978
[3,  3700] loss: 11049.063
[3,  3720] loss: 12334.485
[3,  3740] loss: 10727.634
[3,  3760] loss: 9952.629
[3,  3780] loss: 11378.040
[3,  3800] loss: 12427.350
[3,  3820] loss: 9635.308
[3,  3840] loss: 12632.273
[3,  3860] loss: 10629.762
[3,  3880] loss: 5091.868
[3,  3900] loss: 9507.857
[3,  3920] loss: 10848.115
[3,  3940] loss: 12301.949
[3,  3960] loss: 8042.378
[3,  3980] loss: 8567.951
[3,  4000] loss: 9548.059
[3,  4020] loss: 7107.995
[3,  4040] loss: 8179.417
[3,  4060] loss: 6373.327
[3,  4080] loss: 9530.610
[3,  4100] loss: 9321.679
[3,  4120] loss: 6258.071
[3,  4140] loss: 8098.833
[3,  4160] loss: 6860.916
[3,  4180] loss: 8059.280
[3,  4200] loss: 9381.515
[3,  4220] loss: 5855.600
[3,  4240] loss: 7961.424
[3,  4260] loss: 5945.231
[3,  4280] loss: 5859.957
[3,  4300] loss: 10116.946
[3,  4320] loss: 5989.849
[3,  4340] loss: 6218.970
[3,  4360] loss: 5203.479
[3,  4380] loss: 4913.360
[3,  4400] loss: 5781.443
[3,  4420] loss: 4424.516
[3,  4440] loss: 5184.857
[3,  4460] loss: 5915.679
[3,  4480] loss: 5360.944
[3,  4500] loss: 4997.519
[3,  4520] loss: 7262.890
[3,  4540] loss: 6805.767
[3,  4560] loss: 4792.428
[3,  4580] loss: 5075.410
[3,  4600] loss: 5384.056
[3,  4620] loss: 4950.703
[3,  4640] loss: 4571.874
[3,  4660] loss: 5357.215
[3,  4680] loss: 4613.485
[3,  4700] loss: 4081.513
[3,  4720] loss: 4592.920
[3,  4740] loss: 4684.072
[3,  4760] loss: 4384.193
[3,  4780] loss: 4919.354
[3,  4800] loss: 4211.357
[3,  4820] loss: 4211.614
[3,  4840] loss: 4644.621
[3,  4860] loss: 5219.085
[3,  4880] loss: 3886.127
[3,  4900] loss: 3635.815
[3,  4920] loss: 3387.381
[3,  4940] loss: 4165.866
[3,  4960] loss: 3391.003
[3,  4980] loss: 4371.806
[3,  5000] loss: 3977.374
[3,  5020] loss: 3288.278
[3,  5040] loss: 4180.175
[3,  5060] loss: 3799.783
[3,  5080] loss: 3550.645
[3,  5100] loss: 3236.719
[3,  5120] loss: 3223.896
[3,  5140] loss: 3760.331
[3,  5160] loss: 3452.215
[3,  5180] loss: 4017.844
[3,  5200] loss: 2338.065
[3,  5220] loss: 3049.010
[3,  5240] loss: 2509.939
[3,  5260] loss: 3365.596
[3,  5280] loss: 2703.345
[3,  5300] loss: 2797.044
[3,  5320] loss: 2664.138
[3,  5340] loss: 2620.336
[3,  5360] loss: 2569.063
[3,  5380] loss: 2228.598
[3,  5400] loss: 2052.037
[3,  5420] loss: 2587.268
[3,  5440] loss: 3123.630
[3,  5460] loss: 2739.135
[3,  5480] loss: 2213.266
[3,  5500] loss: 2670.200
[3,  5520] loss: 2451.925
[3,  5540] loss: 1767.916
[3,  5560] loss: 2368.402
[3,  5580] loss: 2686.493
[3,  5600] loss: 2300.438
[3,  5620] loss: 1974.434
[3,  5640] loss: 2139.728
[3,  5660] loss: 1476.014
[3,  5680] loss: 2064.860
[3,  5700] loss: 1822.261
[3,  5720] loss: 2016.633
[3,  5740] loss: 1712.440
[3,  5760] loss: 1662.828
[3,  5780] loss: 1957.892
[3,  5800] loss: 2045.994
[3,  5820] loss: 1822.031
[3,  5840] loss: 1882.980
[3,  5860] loss: 1724.845
[3,  5880] loss: 1514.928
[3,  5900] loss: 1587.361
[3,  5920] loss: 2296.031
[3,  5940] loss: 1476.812
[3,  5960] loss: 1671.911
[3,  5980] loss: 1598.227
[3,  6000] loss: 2018.588
[3,  6020] loss: 1458.017
[3,  6040] loss: 1268.575
[3,  6060] loss: 1453.157
[3,  6080] loss: 1708.671
[1,    20] loss: 1339.733
[1,    40] loss: 1658.285
[1,    60] loss: 1419.243
[1,    80] loss: 1529.706
[1,   100] loss: 1446.940
[1,   120] loss: 1321.084
[1,   140] loss: 1196.554
[1,   160] loss: 1103.923
[1,   180] loss: 989.778
[1,   200] loss: 948.048
[1,   220] loss: 1009.114
[1,   240] loss: 1372.170
[1,   260] loss: 1344.147
[1,   280] loss: 1301.403
[1,   300] loss: 1287.509
[1,   320] loss: 1241.847
[1,   340] loss: 1222.055
[1,   360] loss: 1192.373
[1,   380] loss: 1161.952
[1,   400] loss: 1142.598
[1,   420] loss: 1116.639
[1,   440] loss: 1101.760
[1,   460] loss: 1069.785
[1,   480] loss: 1051.012
[1,   500] loss: 1029.253
[1,   520] loss: 1059.551
[1,   540] loss: 1034.277
[1,   560] loss: 1028.928
[1,   580] loss: 1018.994
[1,   600] loss: 999.836
[1,   620] loss: 1004.519
[1,   640] loss: 1025.902
[1,   660] loss: 1041.788
[2,    20] loss: 1339.733
[2,    40] loss: 1658.285
[2,    60] loss: 1419.243
[2,    80] loss: 1529.706
[2,   100] loss: 1446.940
[2,   120] loss: 1321.084
[2,   140] loss: 1196.554
[2,   160] loss: 1103.923
[2,   180] loss: 989.778
[2,   200] loss: 948.048
[2,   220] loss: 1009.114
[2,   240] loss: 1372.170
[2,   260] loss: 1344.147
[2,   280] loss: 1301.403
[2,   300] loss: 1287.509
[2,   320] loss: 1241.847
[2,   340] loss: 1222.055
[2,   360] loss: 1192.373
[2,   380] loss: 1161.952
[2,   400] loss: 1142.598
[2,   420] loss: 1116.639
[2,   440] loss: 1101.760
[2,   460] loss: 1069.785
[2,   480] loss: 1051.012
[2,   500] loss: 1029.253
[2,   520] loss: 1059.551
[2,   540] loss: 1034.277
[2,   560] loss: 1028.928
[2,   580] loss: 1018.994
[2,   600] loss: 999.836
[2,   620] loss: 1004.519
[2,   640] loss: 1025.902
[2,   660] loss: 1041.788
[3,    20] loss: 1339.733
[3,    40] loss: 1658.285
[3,    60] loss: 1419.243
[3,    80] loss: 1529.706
[3,   100] loss: 1446.940
[3,   120] loss: 1321.084
[3,   140] loss: 1196.554
[3,   160] loss: 1103.923
[3,   180] loss: 989.778
[3,   200] loss: 948.048
[3,   220] loss: 1009.114
[3,   240] loss: 1372.170
[3,   260] loss: 1344.147
[3,   280] loss: 1301.403
[3,   300] loss: 1287.509
[3,   320] loss: 1241.847
[3,   340] loss: 1222.055
[3,   360] loss: 1192.373
[3,   380] loss: 1161.952
[3,   400] loss: 1142.598
[3,   420] loss: 1116.639
[3,   440] loss: 1101.760
[3,   460] loss: 1069.785
[3,   480] loss: 1051.012
[3,   500] loss: 1029.253
[3,   520] loss: 1059.551
[3,   540] loss: 1034.277
[3,   560] loss: 1028.928
[3,   580] loss: 1018.994
[3,   600] loss: 999.836
[3,   620] loss: 1004.519
[3,   640] loss: 1025.902
[3,   660] loss: 1041.788
