cuda:  0
color_space: RGB
batch_size: 5
num_epcochs: 3
learning_rate: 0.002
[1,    20] loss: 0.392
[1,    40] loss: 0.127
[1,    60] loss: 0.103
[1,    80] loss: 0.096
[1,   100] loss: 0.063
[1,   120] loss: 0.065
[1,   140] loss: 0.060
[1,   160] loss: 0.099
[1,   180] loss: 0.089
[1,   200] loss: 0.053
[1,   220] loss: 0.073
[1,   240] loss: 0.074
[1,   260] loss: 0.082
[1,   280] loss: 0.045
[1,   300] loss: 0.081
[1,   320] loss: 0.077
[1,   340] loss: 0.113
[1,   360] loss: 0.053
[1,   380] loss: 0.038
[1,   400] loss: 0.092
[1,   420] loss: 0.050
[1,   440] loss: 0.175
[1,   460] loss: 0.154
[1,   480] loss: 0.096
[1,   500] loss: 0.081
[1,   520] loss: 0.041
[1,   540] loss: 0.085
[1,   560] loss: 0.056
[1,   580] loss: 0.048
[1,   600] loss: 0.060
[1,   620] loss: 0.048
[1,   640] loss: 0.067
[1,   660] loss: 0.073
[1,   680] loss: 0.064
[1,   700] loss: 0.060
[1,   720] loss: 0.073
[1,   740] loss: 0.090
[1,   760] loss: 0.087
[1,   780] loss: 0.051
[1,   800] loss: 0.036
[1,   820] loss: 0.046
[1,   840] loss: 0.084
[1,   860] loss: 0.040
[1,   880] loss: 0.056
[1,   900] loss: 0.109
[1,   920] loss: 0.097
[1,   940] loss: 0.077
[1,   960] loss: 0.080
[1,   980] loss: 0.060
[1,  1000] loss: 0.060
[1,  1020] loss: 0.060
[1,  1040] loss: 0.079
[1,  1060] loss: 0.027
[1,  1080] loss: 0.071
[1,  1100] loss: 0.092
[1,  1120] loss: 0.051
[1,  1140] loss: 0.087
[1,  1160] loss: 0.096
[1,  1180] loss: 0.103
[1,  1200] loss: 0.132
[1,  1220] loss: 0.122
[1,  1240] loss: 0.053
[1,  1260] loss: 0.042
[1,  1280] loss: 0.043
[1,  1300] loss: 0.049
[1,  1320] loss: 0.095
[1,  1340] loss: 0.067
[1,  1360] loss: 0.060
[1,  1380] loss: 0.050
[1,  1400] loss: 0.036
[1,  1420] loss: 0.119
[1,  1440] loss: 0.102
[1,  1460] loss: 0.131
[1,  1480] loss: 0.053
[1,  1500] loss: 0.055
[1,  1520] loss: 0.134
[1,  1540] loss: 0.105
[1,  1560] loss: 0.136
[1,  1580] loss: 0.155
[1,  1600] loss: 939714942.578
[1,  1620] loss: 33808243031.200
[1,  1640] loss: 132394400668.000
[1,  1660] loss: 3734137693.400
[1,  1680] loss: 348451114.800
[1,  1700] loss: 48243010.600
[1,  1720] loss: 10236372.050
[1,  1740] loss: 9284336.125
[1,  1760] loss: 9287821.175
[1,  1780] loss: 5767971.231
[1,  1800] loss: 5903586.844
[1,  1820] loss: 4914924.781
[1,  1840] loss: 3000140.200
[1,  1860] loss: 3299268.930
[1,  1880] loss: 3183964.467
[1,  1900] loss: 2980477.903
[1,  1920] loss: 3480270.112
[1,  1940] loss: 2344760.306
[1,  1960] loss: 2217748.064
[1,  1980] loss: 2321220.814
[1,  2000] loss: 1755991.319
[1,  2020] loss: 1810286.382
[1,  2040] loss: 1795696.152
[1,  2060] loss: 2009062.033
[1,  2080] loss: 1632572.495
[1,  2100] loss: 1709665.706
[1,  2120] loss: 1684144.027
[1,  2140] loss: 1500687.837
[1,  2160] loss: 1586217.073
[1,  2180] loss: 1471624.096
[1,  2200] loss: 1089471.323
[1,  2220] loss: 1253838.377
[1,  2240] loss: 1201904.664
[1,  2260] loss: 1133416.652
[1,  2280] loss: 839292.651
[1,  2300] loss: 982366.738
[1,  2320] loss: 1170824.482
[1,  2340] loss: 1146625.952
[1,  2360] loss: 1197013.131
[1,  2380] loss: 911156.209
[1,  2400] loss: 706492.788
[1,  2420] loss: 843216.670
[1,  2440] loss: 784185.711
[1,  2460] loss: 761525.788
[1,  2480] loss: 826700.085
[1,  2500] loss: 875307.197
[1,  2520] loss: 795957.244
[1,  2540] loss: 823987.130
[1,  2560] loss: 682057.632
[1,  2580] loss: 577802.883
[1,  2600] loss: 639291.494
[1,  2620] loss: 862497.260
[1,  2640] loss: 674322.214
[1,  2660] loss: 530860.286
[1,  2680] loss: 710375.310
[1,  2700] loss: 661479.145
[1,  2720] loss: 604660.690
[1,  2740] loss: 655085.854
[1,  2760] loss: 552488.190
[1,  2780] loss: 517606.524
[1,  2800] loss: 563568.837
[1,  2820] loss: 635597.866
[1,  2840] loss: 572958.716
[1,  2860] loss: 415072.994
[1,  2880] loss: 485472.179
[1,  2900] loss: 362418.909
[1,  2920] loss: 456459.148
[1,  2940] loss: 455271.762
[1,  2960] loss: 436105.457
[1,  2980] loss: 426810.215
[1,  3000] loss: 510016.418
[1,  3020] loss: 454184.387
[1,  3040] loss: 534281.532
[1,  3060] loss: 441502.409
[1,  3080] loss: 442874.764
[1,  3100] loss: 487916.887
[1,  3120] loss: 498765.063
[1,  3140] loss: 378219.965
[1,  3160] loss: 516147.194
[1,  3180] loss: 452322.172
[1,  3200] loss: 347032.935
[1,  3220] loss: 376339.661
[1,  3240] loss: 309930.534
[1,  3260] loss: 382722.460
[1,  3280] loss: 295780.901
[1,  3300] loss: 289541.302
[1,  3320] loss: 379891.548
[1,  3340] loss: 309014.319
[1,  3360] loss: 326568.445
[1,  3380] loss: 327858.838
[1,  3400] loss: 351736.028
[1,  3420] loss: 362698.086
[1,  3440] loss: 357865.143
[1,  3460] loss: 306409.378
[1,  3480] loss: 268884.999
[1,  3500] loss: 326244.012
[1,  3520] loss: 284481.655
[1,  3540] loss: 288320.554
[1,  3560] loss: 329185.951
[1,  3580] loss: 286945.858
[1,  3600] loss: 260862.775
[1,  3620] loss: 306500.842
[1,  3640] loss: 304547.690
[1,  3660] loss: 403086.371
[1,  3680] loss: 358982.940
[1,  3700] loss: 310468.512
[1,  3720] loss: 277542.781
[1,  3740] loss: 357589.527
[1,  3760] loss: 310017.511
[1,  3780] loss: 344301.290
[1,  3800] loss: 226108.140
[1,  3820] loss: 287113.282
[1,  3840] loss: 296616.507
[1,  3860] loss: 221319.391
[1,  3880] loss: 241019.695
[1,  3900] loss: 253392.539
[1,  3920] loss: 233742.757
[1,  3940] loss: 270546.166
[1,  3960] loss: 268270.869
[1,  3980] loss: 246231.672
[1,  4000] loss: 225161.804
[1,  4020] loss: 218120.109
[1,  4040] loss: 272720.968
[1,  4060] loss: 283848.405
[1,  4080] loss: 235941.162
[1,  4100] loss: 188419.966
[1,  4120] loss: 227432.914
[1,  4140] loss: 202197.063
[1,  4160] loss: 287205.584
[1,  4180] loss: 298535.614
[1,  4200] loss: 195759.881
[1,  4220] loss: 188339.325
[1,  4240] loss: 233390.458
[1,  4260] loss: 195721.148
[1,  4280] loss: 182974.966
[1,  4300] loss: 115843.331
[1,  4320] loss: 200719.428
[1,  4340] loss: 188752.602
[1,  4360] loss: 224388.320
[1,  4380] loss: 181258.289
[1,  4400] loss: 177539.928
[1,  4420] loss: 172894.603
[1,  4440] loss: 186420.832
[1,  4460] loss: 215352.482
[1,  4480] loss: 198551.479
[1,  4500] loss: 176715.122
[1,  4520] loss: 166110.092
[1,  4540] loss: 208292.420
[1,  4560] loss: 152410.675
[1,  4580] loss: 158816.468
[1,  4600] loss: 156845.064
[1,  4620] loss: 187723.093
[1,  4640] loss: 187686.531
[1,  4660] loss: 195381.529
[1,  4680] loss: 183815.952
[1,  4700] loss: 158949.741
[1,  4720] loss: 151520.186
[1,  4740] loss: 181826.656
[1,  4760] loss: 173407.552
[1,  4780] loss: 192844.092
[1,  4800] loss: 155968.410
[1,  4820] loss: 145074.909
[1,  4840] loss: 140201.293
[1,  4860] loss: 156387.655
[1,  4880] loss: 142517.195
[1,  4900] loss: 143678.390
[1,  4920] loss: 155452.734
[1,  4940] loss: 123568.929
[1,  4960] loss: 123492.024
[1,  4980] loss: 119375.986
[1,  5000] loss: 122080.016
[1,  5020] loss: 106077.855
[1,  5040] loss: 163857.126
[1,  5060] loss: 140055.599
[1,  5080] loss: 128828.983
[1,  5100] loss: 105543.210
[1,  5120] loss: 117636.425
[1,  5140] loss: 138485.671
[1,  5160] loss: 122250.591
[1,  5180] loss: 95009.983
[1,  5200] loss: 125040.746
[1,  5220] loss: 101590.898
[1,  5240] loss: 155566.239
[1,  5260] loss: 95996.469
[1,  5280] loss: 141680.041
[1,  5300] loss: 117073.353
[1,  5320] loss: 86946.169
[1,  5340] loss: 97074.688
[1,  5360] loss: 97041.608
[1,  5380] loss: 128386.893
[1,  5400] loss: 112042.687
[1,  5420] loss: 103557.831
[1,  5440] loss: 80258.735
[1,  5460] loss: 102707.879
[1,  5480] loss: 79763.798
[1,  5500] loss: 111535.835
[1,  5520] loss: 128234.471
[1,  5540] loss: 90968.129
[1,  5560] loss: 90758.545
[1,  5580] loss: 82615.945
[1,  5600] loss: 106897.979
[1,  5620] loss: 90659.143
[1,  5640] loss: 102421.587
[1,  5660] loss: 88607.013
[1,  5680] loss: 92996.550
[1,  5700] loss: 67301.341
[1,  5720] loss: 80049.705
[1,  5740] loss: 65455.573
[1,  5760] loss: 84756.408
[1,  5780] loss: 89794.666
[1,  5800] loss: 71886.692
[1,  5820] loss: 71297.882
[1,  5840] loss: 80327.193
[1,  5860] loss: 88776.980
[1,  5880] loss: 85769.481
[1,  5900] loss: 96433.152
[1,  5920] loss: 96167.603
[1,  5940] loss: 73566.845
[1,  5960] loss: 87474.718
[1,  5980] loss: 77376.618
[1,  6000] loss: 75811.200
[1,  6020] loss: 70299.536
[1,  6040] loss: 64060.568
[1,  6060] loss: 98921.039
[1,  6080] loss: 68449.247
[2,    20] loss: 54373.735
[2,    40] loss: 83856.636
[2,    60] loss: 72014.662
[2,    80] loss: 80826.033
[2,   100] loss: 71738.130
[2,   120] loss: 74975.441
[2,   140] loss: 63834.536
[2,   160] loss: 42846.009
[2,   180] loss: 68918.337
[2,   200] loss: 57450.349
[2,   220] loss: 36127.251
[2,   240] loss: 50437.572
[2,   260] loss: 42398.347
[2,   280] loss: 34245.556
[2,   300] loss: 57961.688
[2,   320] loss: 56891.511
[2,   340] loss: 55019.830
[2,   360] loss: 58947.141
[2,   380] loss: 50630.396
[2,   400] loss: 58126.229
[2,   420] loss: 60288.580
[2,   440] loss: 50946.329
[2,   460] loss: 62205.815
[2,   480] loss: 35803.813
[2,   500] loss: 52588.353
[2,   520] loss: 54282.788
[2,   540] loss: 48790.142
[2,   560] loss: 50941.798
[2,   580] loss: 56407.579
[2,   600] loss: 32107.585
[2,   620] loss: 36814.075
[2,   640] loss: 42262.302
[2,   660] loss: 52950.676
[2,   680] loss: 56973.736
[2,   700] loss: 41429.531
[2,   720] loss: 39496.174
[2,   740] loss: 52063.205
[2,   760] loss: 49233.269
[2,   780] loss: 48387.818
[2,   800] loss: 41125.490
[2,   820] loss: 52344.693
[2,   840] loss: 47412.828
[2,   860] loss: 34353.627
[2,   880] loss: 30988.326
[2,   900] loss: 27570.821
[2,   920] loss: 32341.058
[2,   940] loss: 40162.051
[2,   960] loss: 49739.298
[2,   980] loss: 50230.823
[2,  1000] loss: 38635.195
[2,  1020] loss: 39050.020
[2,  1040] loss: 47636.843
[2,  1060] loss: 32216.815
[2,  1080] loss: 36856.723
[2,  1100] loss: 32231.294
[2,  1120] loss: 41809.999
[2,  1140] loss: 30254.381
[2,  1160] loss: 35645.820
[2,  1180] loss: 30190.403
[2,  1200] loss: 24670.213
[2,  1220] loss: 35797.896
[2,  1240] loss: 30124.257
[2,  1260] loss: 23710.862
[2,  1280] loss: 32026.376
[2,  1300] loss: 24667.562
[2,  1320] loss: 34676.638
[2,  1340] loss: 35765.403
[2,  1360] loss: 42387.608
[2,  1380] loss: 28029.837
[2,  1400] loss: 31667.842
[2,  1420] loss: 28710.278
[2,  1440] loss: 19457.087
[2,  1460] loss: 35301.251
[2,  1480] loss: 22408.242
[2,  1500] loss: 20475.636
[2,  1520] loss: 20306.122
[2,  1540] loss: 27706.031
[2,  1560] loss: 23029.792
[2,  1580] loss: 21480.468
[2,  1600] loss: 19571.978
[2,  1620] loss: 24516.618
[2,  1640] loss: 26186.452
[2,  1660] loss: 24057.204
[2,  1680] loss: 17652.611
[2,  1700] loss: 22612.870
[2,  1720] loss: 23455.410
[2,  1740] loss: 20525.858
[2,  1760] loss: 24598.845
[2,  1780] loss: 24443.571
[2,  1800] loss: 28107.521
[2,  1820] loss: 25144.898
[2,  1840] loss: 27675.478
[2,  1860] loss: 31277.852
[2,  1880] loss: 23233.155
[2,  1900] loss: 20129.325
[2,  1920] loss: 29760.471
[2,  1940] loss: 21313.707
[2,  1960] loss: 21304.296
[2,  1980] loss: 34325.760
[2,  2000] loss: 24436.488
[2,  2020] loss: 19846.763
[2,  2040] loss: 16300.371
[2,  2060] loss: 21869.277
[2,  2080] loss: 19856.544
[2,  2100] loss: 17854.022
[2,  2120] loss: 14657.120
[2,  2140] loss: 12469.432
[2,  2160] loss: 17961.632
[2,  2180] loss: 17540.878
[2,  2200] loss: 18851.051
[2,  2220] loss: 22092.144
[2,  2240] loss: 17973.960
[2,  2260] loss: 15112.088
[2,  2280] loss: 21501.277
[2,  2300] loss: 20018.910
[2,  2320] loss: 21445.394
[2,  2340] loss: 13885.067
[2,  2360] loss: 16037.782
[2,  2380] loss: 17583.172
[2,  2400] loss: 14394.116
[2,  2420] loss: 18927.518
[2,  2440] loss: 19270.182
[2,  2460] loss: 14476.221
[2,  2480] loss: 17036.584
[2,  2500] loss: 17350.188
[2,  2520] loss: 14275.784
[2,  2540] loss: 20707.203
[2,  2560] loss: 17392.791
[2,  2580] loss: 14081.620
[2,  2600] loss: 31250.689
[2,  2620] loss: 14871.622
[2,  2640] loss: 16386.302
[2,  2660] loss: 12647.791
[2,  2680] loss: 12381.931
[2,  2700] loss: 9207.226
[2,  2720] loss: 14632.756
[2,  2740] loss: 17112.031
[2,  2760] loss: 18673.442
[2,  2780] loss: 21077.351
[2,  2800] loss: 19418.352
[2,  2820] loss: 13891.763
[2,  2840] loss: 12573.935
[2,  2860] loss: 15298.314
[2,  2880] loss: 14237.327
[2,  2900] loss: 25223.945
[2,  2920] loss: 14630.859
[2,  2940] loss: 10310.188
[2,  2960] loss: 13702.996
[2,  2980] loss: 11516.380
[2,  3000] loss: 9014.085
[2,  3020] loss: 13972.121
[2,  3040] loss: 9362.342
[2,  3060] loss: 9168.807
[2,  3080] loss: 10837.033
[2,  3100] loss: 10372.796
[2,  3120] loss: 9479.821
[2,  3140] loss: 10250.650
[2,  3160] loss: 12667.857
[2,  3180] loss: 8004.166
[2,  3200] loss: 9100.107
[2,  3220] loss: 14843.850
[2,  3240] loss: 11184.933
[2,  3260] loss: 8291.111
[2,  3280] loss: 13128.310
[2,  3300] loss: 7751.519
[2,  3320] loss: 13147.143
[2,  3340] loss: 11564.752
[2,  3360] loss: 10881.308
[2,  3380] loss: 13398.265
[2,  3400] loss: 10800.160
[2,  3420] loss: 13687.255
[2,  3440] loss: 10269.700
[2,  3460] loss: 7667.948
[2,  3480] loss: 12748.785
[2,  3500] loss: 8507.483
[2,  3520] loss: 11232.751
[2,  3540] loss: 9630.595
[2,  3560] loss: 8008.027
[2,  3580] loss: 16025.131
[2,  3600] loss: 9345.179
[2,  3620] loss: 9849.050
[2,  3640] loss: 10785.111
[2,  3660] loss: 10816.024
[2,  3680] loss: 11524.096
[2,  3700] loss: 15049.535
[2,  3720] loss: 11918.297
[2,  3740] loss: 11193.474
[2,  3760] loss: 8772.771
[2,  3780] loss: 8875.406
[2,  3800] loss: 10688.048
[2,  3820] loss: 7287.574
[2,  3840] loss: 9388.973
[2,  3860] loss: 8644.721
[2,  3880] loss: 7103.658
[2,  3900] loss: 5922.910
[2,  3920] loss: 12166.636
[2,  3940] loss: 8182.835
[2,  3960] loss: 11762.780
[2,  3980] loss: 6280.508
[2,  4000] loss: 8975.388
[2,  4020] loss: 7533.154
[2,  4040] loss: 7855.475
[2,  4060] loss: 5897.272
[2,  4080] loss: 10724.669
[2,  4100] loss: 9350.352
[2,  4120] loss: 6796.516
[2,  4140] loss: 8053.881
[2,  4160] loss: 5506.836
[2,  4180] loss: 5449.425
[2,  4200] loss: 6951.579
[2,  4220] loss: 9471.040
[2,  4240] loss: 10267.039
[2,  4260] loss: 10459.756
[2,  4280] loss: 9210.460
[2,  4300] loss: 6448.087
[2,  4320] loss: 5282.768
[2,  4340] loss: 9753.499
[2,  4360] loss: 5367.903
[2,  4380] loss: 5035.964
[2,  4400] loss: 6039.805
[2,  4420] loss: 6184.184
[2,  4440] loss: 6275.886
[2,  4460] loss: 7034.042
[2,  4480] loss: 7796.109
[2,  4500] loss: 5609.914
[2,  4520] loss: 6349.619
[2,  4540] loss: 6261.397
[2,  4560] loss: 5007.471
[2,  4580] loss: 5310.481
[2,  4600] loss: 6705.563
[2,  4620] loss: 5831.843
[2,  4640] loss: 7461.005
[2,  4660] loss: 4781.246
[2,  4680] loss: 7570.756
[2,  4700] loss: 4738.564
[2,  4720] loss: 6604.325
[2,  4740] loss: 5098.135
[2,  4760] loss: 3167.565
[2,  4780] loss: 6873.422
[2,  4800] loss: 4758.902
[2,  4820] loss: 7368.939
[2,  4840] loss: 4228.851
[2,  4860] loss: 3210.892
[2,  4880] loss: 4681.922
[2,  4900] loss: 5195.475
[2,  4920] loss: 4639.036
[2,  4940] loss: 4437.529
[2,  4960] loss: 6283.220
[2,  4980] loss: 5515.274
[2,  5000] loss: 7373.503
[2,  5020] loss: 14566.452
[2,  5040] loss: 8714.106
[2,  5060] loss: 9927.282
[2,  5080] loss: 6589.649
[2,  5100] loss: 8584.716
[2,  5120] loss: 4617.355
[2,  5140] loss: 4471.525
[2,  5160] loss: 2802.655
[2,  5180] loss: 2968.780
[2,  5200] loss: 3638.707
[2,  5220] loss: 3962.055
[2,  5240] loss: 3750.422
[2,  5260] loss: 5380.890
[2,  5280] loss: 4821.628
[2,  5300] loss: 6235.454
[2,  5320] loss: 4528.534
[2,  5340] loss: 2933.945
[2,  5360] loss: 7525.251
[2,  5380] loss: 6694.335
[2,  5400] loss: 5817.414
[2,  5420] loss: 4036.015
[2,  5440] loss: 6648.647
[2,  5460] loss: 4690.742
[2,  5480] loss: 4484.731
[2,  5500] loss: 2926.482
[2,  5520] loss: 4015.647
[2,  5540] loss: 4042.631
[2,  5560] loss: 4605.696
[2,  5580] loss: 4925.284
[2,  5600] loss: 7022.920
[2,  5620] loss: 4718.914
[2,  5640] loss: 4254.653
[2,  5660] loss: 2383.278
[2,  5680] loss: 3053.759
[2,  5700] loss: 4342.120
[2,  5720] loss: 3634.249
[2,  5740] loss: 3078.197
[2,  5760] loss: 3513.415
[2,  5780] loss: 4099.706
[2,  5800] loss: 3316.353
[2,  5820] loss: 2034.561
[2,  5840] loss: 3157.334
[2,  5860] loss: 2754.471
[2,  5880] loss: 2605.759
[2,  5900] loss: 2838.930
[2,  5920] loss: 3225.280
[2,  5940] loss: 2259.924
[2,  5960] loss: 2853.487
[2,  5980] loss: 2296.132
[2,  6000] loss: 2250.821
[2,  6020] loss: 1896.735
[2,  6040] loss: 26921.699
[2,  6060] loss: 34804.977
[2,  6080] loss: 29574.305
[3,    20] loss: 11293.566
[3,    40] loss: 6330.199
[3,    60] loss: 6603.818
[3,    80] loss: 5310.935
[3,   100] loss: 3132.355
[3,   120] loss: 1964.326
[3,   140] loss: 2999.238
[3,   160] loss: 3643.166
[3,   180] loss: 4741.089
[3,   200] loss: 4824.327
[3,   220] loss: 4069.677
[3,   240] loss: 2911.368
[3,   260] loss: 2176.462
[3,   280] loss: 2492.782
[3,   300] loss: 1539.208
[3,   320] loss: 2720.914
[3,   340] loss: 2675.105
[3,   360] loss: 2271.744
[3,   380] loss: 3353.110
[3,   400] loss: 4698.476
[3,   420] loss: 2891.490
[3,   440] loss: 3334.890
[3,   460] loss: 5640.618
[3,   480] loss: 4213.110
[3,   500] loss: 6776.604
[3,   520] loss: 3574.201
[3,   540] loss: 10643.470
[3,   560] loss: 5948.656
[3,   580] loss: 2986.003
[3,   600] loss: 3217.400
[3,   620] loss: 2717.875
[3,   640] loss: 3396.760
[3,   660] loss: 2483.693
[3,   680] loss: 2299.451
[3,   700] loss: 1834.684
[3,   720] loss: 1245.523
[3,   740] loss: 1365.396
[3,   760] loss: 1140.730
[3,   780] loss: 1467.148
[3,   800] loss: 1560.823
[3,   820] loss: 2620.014
[3,   840] loss: 1971.431
[3,   860] loss: 1774.138
[3,   880] loss: 4840.148
[3,   900] loss: 3782.615
[3,   920] loss: 3045.763
[3,   940] loss: 1173.815
[3,   960] loss: 1161.920
[3,   980] loss: 1202.035
[3,  1000] loss: 1297.195
[3,  1020] loss: 1926.554
[3,  1040] loss: 1701.715
[3,  1060] loss: 1267.503
[3,  1080] loss: 1684.919
[3,  1100] loss: 1200.661
[3,  1120] loss: 1814.387
[3,  1140] loss: 1687.891
[3,  1160] loss: 1400.173
[3,  1180] loss: 749.207
[3,  1200] loss: 1270.076
[3,  1220] loss: 2506.619
[3,  1240] loss: 1689.936
[3,  1260] loss: 2189.886
[3,  1280] loss: 3266.359
[3,  1300] loss: 4815.149
[3,  1320] loss: 4694.554
[3,  1340] loss: 1988.385
[3,  1360] loss: 1180.971
[3,  1380] loss: 2123.234
[3,  1400] loss: 1166.453
[3,  1420] loss: 802.959
[3,  1440] loss: 998.119
[3,  1460] loss: 953.566
[3,  1480] loss: 1043.176
[3,  1500] loss: 997.278
[3,  1520] loss: 2371.232
[3,  1540] loss: 3701.011
[3,  1560] loss: 2384.919
[3,  1580] loss: 1578.789
[3,  1600] loss: 974.895
[3,  1620] loss: 737.385
[3,  1640] loss: 1290.817
[3,  1660] loss: 840.513
[3,  1680] loss: 2794.284
[3,  1700] loss: 1594.827
[3,  1720] loss: 807.635
[3,  1740] loss: 1269.606
[3,  1760] loss: 1324.099
[3,  1780] loss: 1566.098
[3,  1800] loss: 1100.580
[3,  1820] loss: 1034.996
[3,  1840] loss: 953.867
[3,  1860] loss: 1579.026
[3,  1880] loss: 1826.911
[3,  1900] loss: 1210.519
[3,  1920] loss: 1013.511
[3,  1940] loss: 1666.381
[3,  1960] loss: 891.042
[3,  1980] loss: 662.074
[3,  2000] loss: 710.390
[3,  2020] loss: 1002.468
[3,  2040] loss: 4132.187
[3,  2060] loss: 1945.705
[3,  2080] loss: 1108.113
[3,  2100] loss: 1148.618
[3,  2120] loss: 1207.040
[3,  2140] loss: 1375.203
[3,  2160] loss: 2369.085
[3,  2180] loss: 1898.522
[3,  2200] loss: 3193.560
[3,  2220] loss: 3048.589
[3,  2240] loss: 2468.771
[3,  2260] loss: 1062.675
[3,  2280] loss: 1057.534
[3,  2300] loss: 1100.096
[3,  2320] loss: 771.344
[3,  2340] loss: 601.133
[3,  2360] loss: 485.514
[3,  2380] loss: 613.475
[3,  2400] loss: 652.505
[3,  2420] loss: 1114.750
[3,  2440] loss: 1424.708
[3,  2460] loss: 1290.806
[3,  2480] loss: 1209.617
[3,  2500] loss: 781.379
[3,  2520] loss: 510.365
[3,  2540] loss: 526.914
[3,  2560] loss: 658.901
[3,  2580] loss: 911.417
[3,  2600] loss: 668.153
[3,  2620] loss: 993.764
[3,  2640] loss: 1151.398
[3,  2660] loss: 1452.896
[3,  2680] loss: 851.288
[3,  2700] loss: 564.574
[3,  2720] loss: 915.758
[3,  2740] loss: 2632.385
[3,  2760] loss: 1773.750
[3,  2780] loss: 993.594
[3,  2800] loss: 1363.920
[3,  2820] loss: 1018.753
[3,  2840] loss: 1171.648
[3,  2860] loss: 849.601
[3,  2880] loss: 1571.541
[3,  2900] loss: 1325.941
[3,  2920] loss: 1984.719
[3,  2940] loss: 627.571
[3,  2960] loss: 645.186
[3,  2980] loss: 583.559
[3,  3000] loss: 1434.552
[3,  3020] loss: 2025.244
[3,  3040] loss: 1220.763
[3,  3060] loss: 2632.688
[3,  3080] loss: 2620.572
[3,  3100] loss: 1911.798
[3,  3120] loss: 7834.108
[3,  3140] loss: 4596.224
[3,  3160] loss: 521.907
[3,  3180] loss: 622.571
[3,  3200] loss: 475.349
[3,  3220] loss: 733.099
[3,  3240] loss: 523.532
[3,  3260] loss: 429.808
[3,  3280] loss: 702.783
[3,  3300] loss: 774.117
[3,  3320] loss: 762.136
[3,  3340] loss: 863.212
[3,  3360] loss: 716.166
[3,  3380] loss: 735.702
[3,  3400] loss: 626.276
[3,  3420] loss: 529.673
[3,  3440] loss: 622.131
[3,  3460] loss: 584.305
[3,  3480] loss: 953.780
[3,  3500] loss: 1216.937
[3,  3520] loss: 681.933
[3,  3540] loss: 656.549
[3,  3560] loss: 499.997
[3,  3580] loss: 656.138
[3,  3600] loss: 361.591
[3,  3620] loss: 297.979
[3,  3640] loss: 453.837
[3,  3660] loss: 442.330
[3,  3680] loss: 391.859
[3,  3700] loss: 1155.312
[3,  3720] loss: 1219.452
[3,  3740] loss: 559.004
[3,  3760] loss: 592.995
[3,  3780] loss: 478.629
[3,  3800] loss: 651.842
[3,  3820] loss: 1334.107
[3,  3840] loss: 656.581
[3,  3860] loss: 363.807
[3,  3880] loss: 629.961
[3,  3900] loss: 1526.540
[3,  3920] loss: 2918.856
[3,  3940] loss: 1134.805
[3,  3960] loss: 358.559
[3,  3980] loss: 421.181
[3,  4000] loss: 651.038
[3,  4020] loss: 650.374
[3,  4040] loss: 388.005
[3,  4060] loss: 259.005
[3,  4080] loss: 590.898
[3,  4100] loss: 1490.534
[3,  4120] loss: 689.252
[3,  4140] loss: 1294.064
[3,  4160] loss: 461.789
[3,  4180] loss: 514.960
[3,  4200] loss: 329.690
[3,  4220] loss: 197.955
[3,  4240] loss: 408.938
[3,  4260] loss: 1131.082
[3,  4280] loss: 1201.728
[3,  4300] loss: 1286.217
[3,  4320] loss: 869.991
[3,  4340] loss: 706.878
[3,  4360] loss: 880.279
[3,  4380] loss: 644.629
[3,  4400] loss: 794.339
[3,  4420] loss: 380.338
[3,  4440] loss: 410.836
[3,  4460] loss: 505.948
[3,  4480] loss: 358.600
[3,  4500] loss: 221.620
[3,  4520] loss: 341.865
[3,  4540] loss: 249.900
[3,  4560] loss: 265.679
[3,  4580] loss: 237.401
[3,  4600] loss: 528.087
[3,  4620] loss: 365.167
[3,  4640] loss: 399.540
[3,  4660] loss: 566.081
[3,  4680] loss: 438.604
[3,  4700] loss: 838.417
[3,  4720] loss: 966.494
[3,  4740] loss: 21206.489
[3,  4760] loss: 4622.282
[3,  4780] loss: 1625.473
[3,  4800] loss: 448.633
[3,  4820] loss: 357.285
[3,  4840] loss: 336.754
[3,  4860] loss: 380.390
[3,  4880] loss: 166.677
[3,  4900] loss: 153.735
[3,  4920] loss: 165.208
[3,  4940] loss: 518.672
[3,  4960] loss: 2113.312
[3,  4980] loss: 2319.332
[3,  5000] loss: 4205.688
[3,  5020] loss: 1139.868
[3,  5040] loss: 461.729
[3,  5060] loss: 312.578
[3,  5080] loss: 172.551
[3,  5100] loss: 192.907
[3,  5120] loss: 185.232
[3,  5140] loss: 196.162
[3,  5160] loss: 128.053
[3,  5180] loss: 360.140
[3,  5200] loss: 425.858
[3,  5220] loss: 317.336
[3,  5240] loss: 183.231
[3,  5260] loss: 291.193
[3,  5280] loss: 158.738
[3,  5300] loss: 261.196
[3,  5320] loss: 157.052
[3,  5340] loss: 200.806
[3,  5360] loss: 242.460
[3,  5380] loss: 191.730
[3,  5400] loss: 99.629
[3,  5420] loss: 92.713
[3,  5440] loss: 122.396
[3,  5460] loss: 359.042
[3,  5480] loss: 787.993
[3,  5500] loss: 548.924
[3,  5520] loss: 196.344
[3,  5540] loss: 1562.497
[3,  5560] loss: 1169.438
[3,  5580] loss: 670.420
[3,  5600] loss: 577.095
[3,  5620] loss: 349.745
[3,  5640] loss: 721.418
[3,  5660] loss: 279.712
[3,  5680] loss: 1165.012
[3,  5700] loss: 2388.857
[3,  5720] loss: 1171.258
[3,  5740] loss: 465.747
[3,  5760] loss: 241.755
[3,  5780] loss: 138.824
[3,  5800] loss: 453.371
[3,  5820] loss: 1579.114
[3,  5840] loss: 422.966
[3,  5860] loss: 184.807
[3,  5880] loss: 188.426
[3,  5900] loss: 271.876
[3,  5920] loss: 173.820
[3,  5940] loss: 228.138
[3,  5960] loss: 175.182
[3,  5980] loss: 117.731
[3,  6000] loss: 242.538
[3,  6020] loss: 2185.525
[3,  6040] loss: 1528.756
[3,  6060] loss: 1023.692
[3,  6080] loss: 261.268
[1,    20] loss: 165.889
[1,    40] loss: 204.616
[1,    60] loss: 178.935
[1,    80] loss: 183.085
[1,   100] loss: 173.872
[1,   120] loss: 168.110
[1,   140] loss: 151.747
[1,   160] loss: 143.049
[1,   180] loss: 136.143
[1,   200] loss: 124.369
[1,   220] loss: 116.503
[1,   240] loss: 109.827
[1,   260] loss: 102.478
[1,   280] loss: 100.873
[1,   300] loss: 99.087
[1,   320] loss: 95.242
[1,   340] loss: 90.472
[1,   360] loss: 86.650
[1,   380] loss: 85.608
[1,   400] loss: 87.485
[1,   420] loss: 85.371
[1,   440] loss: 87.956
[1,   460] loss: 85.624
[1,   480] loss: 83.494
[1,   500] loss: 81.667
[1,   520] loss: 80.830
[1,   540] loss: 78.556
[1,   560] loss: 78.160
[1,   580] loss: 78.710
[1,   600] loss: 77.155
[1,   620] loss: 75.786
[1,   640] loss: 73.827
[1,   660] loss: 73.693
[2,    20] loss: 165.889
[2,    40] loss: 204.616
[2,    60] loss: 178.935
[2,    80] loss: 183.085
[2,   100] loss: 173.872
[2,   120] loss: 168.110
[2,   140] loss: 151.747
[2,   160] loss: 143.049
[2,   180] loss: 136.143
[2,   200] loss: 124.369
[2,   220] loss: 116.503
[2,   240] loss: 109.827
[2,   260] loss: 102.478
[2,   280] loss: 100.873
[2,   300] loss: 99.087
[2,   320] loss: 95.242
[2,   340] loss: 90.472
[2,   360] loss: 86.650
[2,   380] loss: 85.608
[2,   400] loss: 87.485
[2,   420] loss: 85.371
[2,   440] loss: 87.956
[2,   460] loss: 85.624
[2,   480] loss: 83.494
[2,   500] loss: 81.667
[2,   520] loss: 80.830
[2,   540] loss: 78.556
[2,   560] loss: 78.160
[2,   580] loss: 78.710
[2,   600] loss: 77.155
[2,   620] loss: 75.786
[2,   640] loss: 73.827
[2,   660] loss: 73.693
[3,    20] loss: 165.889
[3,    40] loss: 204.616
[3,    60] loss: 178.935
[3,    80] loss: 183.085
[3,   100] loss: 173.872
[3,   120] loss: 168.110
[3,   140] loss: 151.747
[3,   160] loss: 143.049
[3,   180] loss: 136.143
[3,   200] loss: 124.369
[3,   220] loss: 116.503
[3,   240] loss: 109.827
[3,   260] loss: 102.478
[3,   280] loss: 100.873
[3,   300] loss: 99.087
[3,   320] loss: 95.242
[3,   340] loss: 90.472
[3,   360] loss: 86.650
[3,   380] loss: 85.608
[3,   400] loss: 87.485
[3,   420] loss: 85.371
[3,   440] loss: 87.956
[3,   460] loss: 85.624
[3,   480] loss: 83.494
[3,   500] loss: 81.667
[3,   520] loss: 80.830
[3,   540] loss: 78.556
[3,   560] loss: 78.160
[3,   580] loss: 78.710
[3,   600] loss: 77.155
[3,   620] loss: 75.786
[3,   640] loss: 73.827
[3,   660] loss: 73.693
