cuda:  2
color_space: RGB
batch_size: 5
num_epcochs: 3
learning_rate: 0.002
[1,    20] loss: 0.133
[1,    40] loss: 0.111
[1,    60] loss: 0.191
[1,    80] loss: 0.118
[1,   100] loss: 0.061
[1,   120] loss: 0.077
[1,   140] loss: 0.167
[1,   160] loss: 0.110
[1,   180] loss: 0.123
[1,   200] loss: 0.138
[1,   220] loss: 0.100
[1,   240] loss: 0.149
[1,   260] loss: 0.120
[1,   280] loss: 0.067
[1,   300] loss: 0.071
[1,   320] loss: 0.051
[1,   340] loss: 0.086
[1,   360] loss: 0.056
[1,   380] loss: 0.092
[1,   400] loss: 0.065
[1,   420] loss: 0.057
[1,   440] loss: 0.102
[1,   460] loss: 0.087
[1,   480] loss: 0.089
[1,   500] loss: 0.106
[1,   520] loss: 0.126
[1,   540] loss: 0.047
[1,   560] loss: 0.033
[1,   580] loss: 0.063
[1,   600] loss: 0.064
[1,   620] loss: 0.120
[1,   640] loss: 0.037
[1,   660] loss: 0.053
[1,   680] loss: 0.055
[1,   700] loss: 0.058
[1,   720] loss: 0.058
[1,   740] loss: 0.079
[1,   760] loss: 0.084
[1,   780] loss: 0.039
[1,   800] loss: 0.062
[1,   820] loss: 0.075
[1,   840] loss: 0.063
[1,   860] loss: 0.178
[1,   880] loss: 0.063
[1,   900] loss: 0.111
[1,   920] loss: 0.069
[1,   940] loss: 0.069
[1,   960] loss: 0.039
[1,   980] loss: 0.072
[1,  1000] loss: 0.100
[1,  1020] loss: 0.143
[1,  1040] loss: 0.059
[1,  1060] loss: 0.153
[1,  1080] loss: 0.087
[1,  1100] loss: 0.146
[1,  1120] loss: 0.090
[1,  1140] loss: 0.102
[1,  1160] loss: 0.095
[1,  1180] loss: 0.120
[1,  1200] loss: 0.071
[1,  1220] loss: 0.086
[1,  1240] loss: 0.067
[1,  1260] loss: 0.061
[1,  1280] loss: 0.060
[1,  1300] loss: 0.063
[1,  1320] loss: 0.061
[1,  1340] loss: 0.096
[1,  1360] loss: 0.077
[1,  1380] loss: 0.079
[1,  1400] loss: 0.085
[1,  1420] loss: 0.087
[1,  1440] loss: 0.059
[1,  1460] loss: 0.148
[1,  1480] loss: 6924995.648
[1,  1500] loss: 2304478667.278
[1,  1520] loss: 26043186410.400
[1,  1540] loss: 1608280719.400
[1,  1560] loss: 516353057.200
[1,  1580] loss: 5668539.416
[1,  1600] loss: 4115775.106
[1,  1620] loss: 1686824.406
[1,  1640] loss: 791393.095
[1,  1660] loss: 765720.294
[1,  1680] loss: 541683.263
[1,  1700] loss: 458078.321
[1,  1720] loss: 533400.159
[1,  1740] loss: 301468.363
[1,  1760] loss: 364165.541
[1,  1780] loss: 381185.316
[1,  1800] loss: 405506.121
[1,  1820] loss: 317671.995
[1,  1840] loss: 326981.278
[1,  1860] loss: 250695.836
[1,  1880] loss: 368495.537
[1,  1900] loss: 262947.418
[1,  1920] loss: 213613.659
[1,  1940] loss: 231291.755
[1,  1960] loss: 259317.192
[1,  1980] loss: 218032.696
[1,  2000] loss: 255166.245
[1,  2020] loss: 171522.747
[1,  2040] loss: 188555.205
[1,  2060] loss: 152428.112
[1,  2080] loss: 141741.923
[1,  2100] loss: 131251.714
[1,  2120] loss: 143070.266
[1,  2140] loss: 164986.327
[1,  2160] loss: 130421.790
[1,  2180] loss: 124106.352
[1,  2200] loss: 135201.450
[1,  2220] loss: 120943.246
[1,  2240] loss: 92540.346
[1,  2260] loss: 113786.806
[1,  2280] loss: 82996.645
[1,  2300] loss: 113069.149
[1,  2320] loss: 106884.343
[1,  2340] loss: 83674.716
[1,  2360] loss: 88154.629
[1,  2380] loss: 110732.499
[1,  2400] loss: 110867.557
[1,  2420] loss: 75294.376
[1,  2440] loss: 132187.088
[1,  2460] loss: 100516.773
[1,  2480] loss: 97615.305
[1,  2500] loss: 86613.568
[1,  2520] loss: 72116.608
[1,  2540] loss: 75328.673
[1,  2560] loss: 62781.743
[1,  2580] loss: 68466.448
[1,  2600] loss: 74043.797
[1,  2620] loss: 84939.209
[1,  2640] loss: 52240.027
[1,  2660] loss: 58227.591
[1,  2680] loss: 49215.328
[1,  2700] loss: 95213.355
[1,  2720] loss: 50760.269
[1,  2740] loss: 64347.573
[1,  2760] loss: 51186.260
[1,  2780] loss: 51602.198
[1,  2800] loss: 67887.682
[1,  2820] loss: 43876.406
[1,  2840] loss: 57812.402
[1,  2860] loss: 63521.025
[1,  2880] loss: 56764.274
[1,  2900] loss: 38766.885
[1,  2920] loss: 43863.540
[1,  2940] loss: 38763.379
[1,  2960] loss: 47996.099
[1,  2980] loss: 38312.754
[1,  3000] loss: 45818.134
[1,  3020] loss: 39079.168
[1,  3040] loss: 57853.483
[1,  3060] loss: 40031.865
[1,  3080] loss: 33744.610
[1,  3100] loss: 31807.890
[1,  3120] loss: 43043.547
[1,  3140] loss: 38765.330
[1,  3160] loss: 39688.809
[1,  3180] loss: 42319.673
[1,  3200] loss: 29493.809
[1,  3220] loss: 42681.564
[1,  3240] loss: 39956.844
[1,  3260] loss: 33101.712
[1,  3280] loss: 32532.427
[1,  3300] loss: 37829.847
[1,  3320] loss: 33298.143
[1,  3340] loss: 34030.394
[1,  3360] loss: 31838.837
[1,  3380] loss: 23187.262
[1,  3400] loss: 31858.093
[1,  3420] loss: 30190.106
[1,  3440] loss: 21483.132
[1,  3460] loss: 25228.772
[1,  3480] loss: 21675.605
[1,  3500] loss: 35917.064
[1,  3520] loss: 27275.807
[1,  3540] loss: 20736.264
[1,  3560] loss: 19685.102
[1,  3580] loss: 25007.602
[1,  3600] loss: 21343.527
[1,  3620] loss: 39697.624
[1,  3640] loss: 21115.867
[1,  3660] loss: 14993.286
[1,  3680] loss: 16816.549
[1,  3700] loss: 20320.300
[1,  3720] loss: 21282.755
[1,  3740] loss: 19567.014
[1,  3760] loss: 17637.416
[1,  3780] loss: 21507.806
[1,  3800] loss: 17218.559
[1,  3820] loss: 24362.550
[1,  3840] loss: 18949.321
[1,  3860] loss: 17018.096
[1,  3880] loss: 14631.085
[1,  3900] loss: 18357.304
[1,  3920] loss: 14422.180
[1,  3940] loss: 15520.638
[1,  3960] loss: 14611.510
[1,  3980] loss: 18680.773
[1,  4000] loss: 12003.239
[1,  4020] loss: 10100.400
[1,  4040] loss: 14925.318
[1,  4060] loss: 15364.178
[1,  4080] loss: 12180.596
[1,  4100] loss: 13438.757
[1,  4120] loss: 12614.107
[1,  4140] loss: 8058.447
[1,  4160] loss: 12963.945
[1,  4180] loss: 10467.972
[1,  4200] loss: 13207.923
[1,  4220] loss: 9081.975
[1,  4240] loss: 10143.952
[1,  4260] loss: 12143.678
[1,  4280] loss: 11070.765
[1,  4300] loss: 13718.777
[1,  4320] loss: 16194.271
[1,  4340] loss: 12435.593
[1,  4360] loss: 11846.389
[1,  4380] loss: 12237.431
[1,  4400] loss: 9706.965
[1,  4420] loss: 11787.857
[1,  4440] loss: 10419.456
[1,  4460] loss: 10698.113
[1,  4480] loss: 10223.050
[1,  4500] loss: 9230.781
[1,  4520] loss: 7778.576
[1,  4540] loss: 9610.098
[1,  4560] loss: 9952.203
[1,  4580] loss: 8462.579
[1,  4600] loss: 7647.254
[1,  4620] loss: 9506.503
[1,  4640] loss: 8228.517
[1,  4660] loss: 10792.351
[1,  4680] loss: 8705.337
[1,  4700] loss: 9175.182
[1,  4720] loss: 7152.941
[1,  4740] loss: 7915.494
[1,  4760] loss: 8206.181
[1,  4780] loss: 8798.959
[1,  4800] loss: 7172.727
[1,  4820] loss: 8878.249
[1,  4840] loss: 7932.437
[1,  4860] loss: 6011.360
[1,  4880] loss: 8841.660
[1,  4900] loss: 8109.925
[1,  4920] loss: 6126.885
[1,  4940] loss: 7184.729
[1,  4960] loss: 5133.234
[1,  4980] loss: 4322.756
[1,  5000] loss: 4280.248
[1,  5020] loss: 6469.197
[1,  5040] loss: 7167.399
[1,  5060] loss: 5767.423
[1,  5080] loss: 6771.919
[1,  5100] loss: 6184.527
[1,  5120] loss: 8005.557
[1,  5140] loss: 5931.019
[1,  5160] loss: 5906.231
[1,  5180] loss: 5176.787
[1,  5200] loss: 5096.948
[1,  5220] loss: 4120.963
[1,  5240] loss: 4827.664
[1,  5260] loss: 6253.388
[1,  5280] loss: 5260.748
[1,  5300] loss: 5920.807
[1,  5320] loss: 5923.684
[1,  5340] loss: 6013.100
[1,  5360] loss: 4460.467
[1,  5380] loss: 5868.550
[1,  5400] loss: 4331.406
[1,  5420] loss: 4809.862
[1,  5440] loss: 5287.210
[1,  5460] loss: 5482.737
[1,  5480] loss: 4812.056
[1,  5500] loss: 4402.058
[1,  5520] loss: 4469.540
[1,  5540] loss: 5780.423
[1,  5560] loss: 3809.654
[1,  5580] loss: 3407.372
[1,  5600] loss: 5033.928
[1,  5620] loss: 3504.759
[1,  5640] loss: 4360.651
[1,  5660] loss: 4042.137
[1,  5680] loss: 4275.063
[1,  5700] loss: 3921.282
[1,  5720] loss: 3562.559
[1,  5740] loss: 3008.422
[1,  5760] loss: 3526.782
[1,  5780] loss: 4048.358
[1,  5800] loss: 4382.507
[1,  5820] loss: 3634.644
[1,  5840] loss: 5977.621
[1,  5860] loss: 3144.485
[1,  5880] loss: 2136.697
[1,  5900] loss: 2963.847
[1,  5920] loss: 2995.727
[1,  5940] loss: 3038.916
[1,  5960] loss: 2944.116
[1,  5980] loss: 2559.075
[1,  6000] loss: 3056.280
[1,  6020] loss: 4546.168
[1,  6040] loss: 1825.841
[1,  6060] loss: 3764.769
[1,  6080] loss: 2788.823
[2,    20] loss: 3043.897
[2,    40] loss: 2782.272
[2,    60] loss: 2087.711
[2,    80] loss: 2448.165
[2,   100] loss: 3037.483
[2,   120] loss: 3230.112
[2,   140] loss: 2414.676
[2,   160] loss: 2877.563
[2,   180] loss: 3542.877
[2,   200] loss: 2206.772
[2,   220] loss: 2667.079
[2,   240] loss: 2270.654
[2,   260] loss: 2161.354
[2,   280] loss: 2734.218
[2,   300] loss: 2648.724
[2,   320] loss: 1974.856
[2,   340] loss: 2327.650
[2,   360] loss: 3559.660
[2,   380] loss: 1753.493
[2,   400] loss: 2324.930
[2,   420] loss: 2374.428
[2,   440] loss: 2320.705
[2,   460] loss: 2341.229
[2,   480] loss: 2147.148
[2,   500] loss: 2397.614
[2,   520] loss: 1707.638
[2,   540] loss: 1944.860
[2,   560] loss: 2144.926
[2,   580] loss: 1945.168
[2,   600] loss: 2136.539
[2,   620] loss: 2931.755
[2,   640] loss: 2077.863
[2,   660] loss: 2125.920
[2,   680] loss: 1843.961
[2,   700] loss: 2546.828
[2,   720] loss: 2319.596
[2,   740] loss: 2262.986
[2,   760] loss: 2075.241
[2,   780] loss: 2051.549
[2,   800] loss: 1319.965
[2,   820] loss: 1593.851
[2,   840] loss: 2076.097
[2,   860] loss: 1273.578
[2,   880] loss: 1603.978
[2,   900] loss: 1248.000
[2,   920] loss: 2160.270
[2,   940] loss: 1561.843
[2,   960] loss: 1874.421
[2,   980] loss: 1334.872
[2,  1000] loss: 1457.152
[2,  1020] loss: 1145.338
[2,  1040] loss: 961.070
[2,  1060] loss: 1576.426
[2,  1080] loss: 1308.737
[2,  1100] loss: 1050.001
[2,  1120] loss: 1207.266
[2,  1140] loss: 1540.699
[2,  1160] loss: 1457.376
[2,  1180] loss: 1489.187
[2,  1200] loss: 1334.238
[2,  1220] loss: 1707.787
[2,  1240] loss: 1214.268
[2,  1260] loss: 1289.959
[2,  1280] loss: 1340.010
[2,  1300] loss: 1568.975
[2,  1320] loss: 1248.993
[2,  1340] loss: 1475.235
[2,  1360] loss: 1079.872
[2,  1380] loss: 901.189
[2,  1400] loss: 1418.701
[2,  1420] loss: 1104.639
[2,  1440] loss: 1318.017
[2,  1460] loss: 923.660
[2,  1480] loss: 1004.276
[2,  1500] loss: 1236.085
[2,  1520] loss: 1003.480
[2,  1540] loss: 1334.411
[2,  1560] loss: 1243.213
[2,  1580] loss: 1056.153
[2,  1600] loss: 773.757
[2,  1620] loss: 1338.651
[2,  1640] loss: 1015.940
[2,  1660] loss: 1016.847
[2,  1680] loss: 989.374
[2,  1700] loss: 924.988
[2,  1720] loss: 849.744
[2,  1740] loss: 944.259
[2,  1760] loss: 1183.279
[2,  1780] loss: 858.261
[2,  1800] loss: 796.137
[2,  1820] loss: 812.216
[2,  1840] loss: 1047.415
[2,  1860] loss: 952.294
[2,  1880] loss: 867.255
[2,  1900] loss: 717.319
[2,  1920] loss: 1478.989
[2,  1940] loss: 754.852
[2,  1960] loss: 1032.960
[2,  1980] loss: 1172.061
[2,  2000] loss: 1082.137
[2,  2020] loss: 887.408
[2,  2040] loss: 1132.702
[2,  2060] loss: 1042.872
[2,  2080] loss: 871.172
[2,  2100] loss: 898.572
[2,  2120] loss: 732.721
[2,  2140] loss: 1002.137
[2,  2160] loss: 651.144
[2,  2180] loss: 807.471
[2,  2200] loss: 557.003
[2,  2220] loss: 648.218
[2,  2240] loss: 913.904
[2,  2260] loss: 561.575
[2,  2280] loss: 534.146
[2,  2300] loss: 688.234
[2,  2320] loss: 968.440
[2,  2340] loss: 998.346
[2,  2360] loss: 869.494
[2,  2380] loss: 793.233
[2,  2400] loss: 1001.142
[2,  2420] loss: 676.642
[2,  2440] loss: 597.234
[2,  2460] loss: 618.313
[2,  2480] loss: 423.442
[2,  2500] loss: 644.647
[2,  2520] loss: 588.838
[2,  2540] loss: 753.772
[2,  2560] loss: 648.024
[2,  2580] loss: 621.191
[2,  2600] loss: 662.838
[2,  2620] loss: 667.193
[2,  2640] loss: 587.108
[2,  2660] loss: 1189.166
[2,  2680] loss: 644.678
[2,  2700] loss: 523.583
[2,  2720] loss: 482.145
[2,  2740] loss: 545.365
[2,  2760] loss: 612.025
[2,  2780] loss: 488.262
[2,  2800] loss: 518.614
[2,  2820] loss: 436.411
[2,  2840] loss: 467.516
[2,  2860] loss: 707.733
[2,  2880] loss: 767.328
[2,  2900] loss: 524.595
[2,  2920] loss: 846.566
[2,  2940] loss: 524.816
[2,  2960] loss: 534.000
[2,  2980] loss: 520.178
[2,  3000] loss: 636.471
[2,  3020] loss: 548.545
[2,  3040] loss: 557.432
[2,  3060] loss: 511.071
[2,  3080] loss: 622.323
[2,  3100] loss: 663.368
[2,  3120] loss: 567.093
[2,  3140] loss: 575.264
[2,  3160] loss: 639.000
[2,  3180] loss: 591.288
[2,  3200] loss: 374.996
[2,  3220] loss: 470.995
[2,  3240] loss: 483.638
[2,  3260] loss: 609.722
[2,  3280] loss: 423.760
[2,  3300] loss: 512.335
[2,  3320] loss: 570.390
[2,  3340] loss: 550.753
[2,  3360] loss: 375.650
[2,  3380] loss: 438.550
[2,  3400] loss: 513.119
[2,  3420] loss: 575.275
[2,  3440] loss: 469.140
[2,  3460] loss: 576.129
[2,  3480] loss: 406.685
[2,  3500] loss: 424.660
[2,  3520] loss: 462.588
[2,  3540] loss: 426.387
[2,  3560] loss: 456.008
[2,  3580] loss: 318.885
[2,  3600] loss: 428.067
[2,  3620] loss: 392.459
[2,  3640] loss: 341.454
[2,  3660] loss: 392.378
[2,  3680] loss: 381.609
[2,  3700] loss: 346.182
[2,  3720] loss: 482.279
[2,  3740] loss: 584.929
[2,  3760] loss: 363.698
[2,  3780] loss: 401.966
[2,  3800] loss: 393.863
[2,  3820] loss: 330.269
[2,  3840] loss: 404.504
[2,  3860] loss: 341.713
[2,  3880] loss: 439.817
[2,  3900] loss: 333.282
[2,  3920] loss: 448.854
[2,  3940] loss: 465.855
[2,  3960] loss: 315.661
[2,  3980] loss: 296.251
[2,  4000] loss: 275.109
[2,  4020] loss: 287.664
[2,  4040] loss: 328.140
[2,  4060] loss: 373.808
[2,  4080] loss: 272.478
[2,  4100] loss: 218.185
[2,  4120] loss: 513.817
[2,  4140] loss: 288.697
[2,  4160] loss: 296.117
[2,  4180] loss: 338.537
[2,  4200] loss: 287.171
[2,  4220] loss: 280.215
[2,  4240] loss: 465.365
[2,  4260] loss: 347.330
[2,  4280] loss: 393.743
[2,  4300] loss: 305.599
[2,  4320] loss: 346.932
[2,  4340] loss: 363.561
[2,  4360] loss: 218.625
[2,  4380] loss: 298.476
[2,  4400] loss: 300.790
[2,  4420] loss: 285.614
[2,  4440] loss: 429.180
[2,  4460] loss: 253.629
[2,  4480] loss: 336.744
[2,  4500] loss: 419.987
[2,  4520] loss: 253.297
[2,  4540] loss: 314.641
[2,  4560] loss: 357.008
[2,  4580] loss: 325.511
[2,  4600] loss: 279.447
[2,  4620] loss: 315.506
[2,  4640] loss: 343.055
[2,  4660] loss: 309.657
[2,  4680] loss: 177.164
[2,  4700] loss: 263.472
[2,  4720] loss: 198.729
[2,  4740] loss: 233.229
[2,  4760] loss: 194.880
[2,  4780] loss: 283.631
[2,  4800] loss: 219.653
[2,  4820] loss: 269.141
[2,  4840] loss: 318.575
[2,  4860] loss: 246.605
[2,  4880] loss: 289.319
[2,  4900] loss: 270.477
[2,  4920] loss: 222.721
[2,  4940] loss: 217.631
[2,  4960] loss: 216.394
[2,  4980] loss: 218.678
[2,  5000] loss: 293.299
[2,  5020] loss: 334.475
[2,  5040] loss: 217.540
[2,  5060] loss: 263.095
[2,  5080] loss: 225.539
[2,  5100] loss: 217.365
[2,  5120] loss: 221.640
[2,  5140] loss: 266.915
[2,  5160] loss: 223.292
[2,  5180] loss: 229.601
[2,  5200] loss: 193.464
[2,  5220] loss: 303.269
[2,  5240] loss: 255.208
[2,  5260] loss: 264.769
[2,  5280] loss: 223.801
[2,  5300] loss: 224.966
[2,  5320] loss: 211.866
[2,  5340] loss: 316.096
[2,  5360] loss: 366.352
[2,  5380] loss: 171.689
[2,  5400] loss: 249.430
[2,  5420] loss: 253.442
[2,  5440] loss: 177.740
[2,  5460] loss: 205.726
[2,  5480] loss: 120.077
[2,  5500] loss: 156.706
[2,  5520] loss: 225.650
[2,  5540] loss: 223.883
[2,  5560] loss: 230.192
[2,  5580] loss: 144.680
[2,  5600] loss: 170.484
[2,  5620] loss: 229.142
[2,  5640] loss: 196.478
[2,  5660] loss: 240.739
[2,  5680] loss: 197.596
[2,  5700] loss: 115.147
[2,  5720] loss: 217.320
[2,  5740] loss: 252.792
[2,  5760] loss: 155.129
[2,  5780] loss: 224.183
[2,  5800] loss: 313.436
[2,  5820] loss: 254.682
[2,  5840] loss: 127.787
[2,  5860] loss: 154.017
[2,  5880] loss: 179.998
[2,  5900] loss: 139.620
[2,  5920] loss: 197.528
[2,  5940] loss: 153.855
[2,  5960] loss: 140.880
[2,  5980] loss: 141.876
[2,  6000] loss: 216.943
[2,  6020] loss: 314.362
[2,  6040] loss: 388.416
[2,  6060] loss: 385.269
[2,  6080] loss: 251.106
[3,    20] loss: 156.256
[3,    40] loss: 134.320
[3,    60] loss: 82.628
[3,    80] loss: 124.290
[3,   100] loss: 126.295
[3,   120] loss: 147.054
[3,   140] loss: 164.988
[3,   160] loss: 234.749
[3,   180] loss: 216.916
[3,   200] loss: 149.983
[3,   220] loss: 107.658
[3,   240] loss: 114.006
[3,   260] loss: 97.333
[3,   280] loss: 123.887
[3,   300] loss: 177.803
[3,   320] loss: 188.609
[3,   340] loss: 184.918
[3,   360] loss: 153.501
[3,   380] loss: 220.753
[3,   400] loss: 194.922
[3,   420] loss: 144.925
[3,   440] loss: 99.339
[3,   460] loss: 91.008
[3,   480] loss: 143.792
[3,   500] loss: 113.802
[3,   520] loss: 131.849
[3,   540] loss: 120.188
[3,   560] loss: 75.649
[3,   580] loss: 144.202
[3,   600] loss: 159.037
[3,   620] loss: 148.742
[3,   640] loss: 128.033
[3,   660] loss: 148.738
[3,   680] loss: 190.751
[3,   700] loss: 126.677
[3,   720] loss: 219.094
[3,   740] loss: 198.321
[3,   760] loss: 78.272
[3,   780] loss: 65.766
[3,   800] loss: 101.548
[3,   820] loss: 198.039
[3,   840] loss: 276.069
[3,   860] loss: 195.003
[3,   880] loss: 170.167
[3,   900] loss: 135.467
[3,   920] loss: 156.196
[3,   940] loss: 126.189
[3,   960] loss: 118.392
[3,   980] loss: 172.079
[3,  1000] loss: 92.389
[3,  1020] loss: 127.203
[3,  1040] loss: 133.266
[3,  1060] loss: 72.050
[3,  1080] loss: 156.998
[3,  1100] loss: 291.621
[3,  1120] loss: 338.430
[3,  1140] loss: 123.563
[3,  1160] loss: 87.297
[3,  1180] loss: 44.478
[3,  1200] loss: 54.422
[3,  1220] loss: 109.795
[3,  1240] loss: 229.125
[3,  1260] loss: 225.591
[3,  1280] loss: 75.585
[3,  1300] loss: 94.255
[3,  1320] loss: 92.900
[3,  1340] loss: 73.206
[3,  1360] loss: 54.033
[3,  1380] loss: 122.451
[3,  1400] loss: 225.878
[3,  1420] loss: 71.320
[3,  1440] loss: 60.752
[3,  1460] loss: 62.422
[3,  1480] loss: 107.023
[3,  1500] loss: 284.835
[3,  1520] loss: 232.498
[3,  1540] loss: 572.946
[3,  1560] loss: 581.488
[3,  1580] loss: 400.443
[3,  1600] loss: 596.640
[3,  1620] loss: 247.988
[3,  1640] loss: 638.372
[3,  1660] loss: 301.054
[3,  1680] loss: 252.958
[3,  1700] loss: 119.774
[3,  1720] loss: 71.359
[3,  1740] loss: 104.428
[3,  1760] loss: 65.060
[3,  1780] loss: 61.348
[3,  1800] loss: 57.448
[3,  1820] loss: 57.339
[3,  1840] loss: 130.234
[3,  1860] loss: 120.962
[3,  1880] loss: 935.359
[3,  1900] loss: 3315.483
[3,  1920] loss: 2693.260
[3,  1940] loss: 1708.866
[3,  1960] loss: 1919.371
[3,  1980] loss: 820.588
[3,  2000] loss: 340.336
[3,  2020] loss: 212.354
[3,  2040] loss: 331.865
[3,  2060] loss: 191.387
[3,  2080] loss: 133.215
[3,  2100] loss: 145.177
[3,  2120] loss: 53.064
[3,  2140] loss: 19.787
[3,  2160] loss: 40.775
[3,  2180] loss: 55.937
[3,  2200] loss: 89.485
[3,  2220] loss: 76.344
[3,  2240] loss: 36.921
[3,  2260] loss: 42.203
[3,  2280] loss: 38.236
[3,  2300] loss: 28.910
[3,  2320] loss: 57.778
[3,  2340] loss: 82.843
[3,  2360] loss: 41.397
[3,  2380] loss: 140.041
[3,  2400] loss: 157.266
[3,  2420] loss: 127.981
[3,  2440] loss: 163.524
[3,  2460] loss: 78.759
[3,  2480] loss: 62.655
[3,  2500] loss: 179.829
[3,  2520] loss: 75.632
[3,  2540] loss: 38.572
[3,  2560] loss: 33.502
[3,  2580] loss: 54.624
[3,  2600] loss: 51.783
[3,  2620] loss: 178.018
[3,  2640] loss: 124.216
[3,  2660] loss: 115.413
[3,  2680] loss: 230.340
[3,  2700] loss: 231.398
[3,  2720] loss: 472.730
[3,  2740] loss: 562.779
[3,  2760] loss: 276.281
[3,  2780] loss: 83.330
[3,  2800] loss: 46.599
[3,  2820] loss: 108.181
[3,  2840] loss: 47.136
[3,  2860] loss: 72.998
[3,  2880] loss: 37.874
[3,  2900] loss: 80.169
[3,  2920] loss: 194.243
[3,  2940] loss: 63.827
[3,  2960] loss: 192.435
[3,  2980] loss: 155.959
[3,  3000] loss: 1822.107
[3,  3020] loss: 1072.763
[3,  3040] loss: 2985.310
[3,  3060] loss: 40055786756.150
[3,  3080] loss: 616335638712.800
[3,  3100] loss: 326463846156.800
[3,  3120] loss: 12009401363.200
[3,  3140] loss: 1327743229.400
[3,  3160] loss: 155649061.700
[3,  3180] loss: 81143600.600
[3,  3200] loss: 56061688.950
[3,  3220] loss: 31090060.300
[3,  3240] loss: 23207740.575
[3,  3260] loss: 21456451.050
[3,  3280] loss: 15728819.150
[3,  3300] loss: 13095008.887
[3,  3320] loss: 12359522.494
[3,  3340] loss: 9740239.588
[3,  3360] loss: 12070097.562
[3,  3380] loss: 8009157.906
[3,  3400] loss: 9538177.975
[3,  3420] loss: 8749103.931
[3,  3440] loss: 5937395.750
[3,  3460] loss: 7088955.695
[3,  3480] loss: 5231074.153
[3,  3500] loss: 6784440.056
[3,  3520] loss: 6404778.406
[3,  3540] loss: 5490004.050
[3,  3560] loss: 5158886.662
[3,  3580] loss: 4394069.400
[3,  3600] loss: 5769434.769
[3,  3620] loss: 5529294.344
[3,  3640] loss: 5862250.956
[3,  3660] loss: 4451414.975
[3,  3680] loss: 3133862.538
[3,  3700] loss: 2850883.681
[3,  3720] loss: 3099574.859
[3,  3740] loss: 2959892.712
[3,  3760] loss: 3099846.737
[3,  3780] loss: 3214428.487
[3,  3800] loss: 4089891.406
[3,  3820] loss: 1985979.170
[3,  3840] loss: 2325383.450
[3,  3860] loss: 3623217.228
[3,  3880] loss: 3262763.506
[3,  3900] loss: 1625238.170
[3,  3920] loss: 2884082.545
[3,  3940] loss: 2735811.434
[3,  3960] loss: 2795417.931
[3,  3980] loss: 2061291.797
[3,  4000] loss: 2241703.394
[3,  4020] loss: 2049964.528
[3,  4040] loss: 1913823.772
[3,  4060] loss: 2811009.888
[3,  4080] loss: 2605795.763
[3,  4100] loss: 2409380.006
[3,  4120] loss: 2392428.367
[3,  4140] loss: 2916461.722
[3,  4160] loss: 2130331.444
[3,  4180] loss: 2063804.386
[3,  4200] loss: 1801426.897
[3,  4220] loss: 1908613.778
[3,  4240] loss: 2389716.819
[3,  4260] loss: 1781062.273
[3,  4280] loss: 2066773.550
[3,  4300] loss: 2293932.252
[3,  4320] loss: 1800184.848
[3,  4340] loss: 2182887.775
[3,  4360] loss: 2169963.506
[3,  4380] loss: 1988754.089
[3,  4400] loss: 2245259.602
[3,  4420] loss: 1980937.939
[3,  4440] loss: 1579192.101
[3,  4460] loss: 2233187.709
[3,  4480] loss: 2105200.711
[3,  4500] loss: 1421706.367
[3,  4520] loss: 1812844.444
[3,  4540] loss: 1661514.077
[3,  4560] loss: 1493446.264
[3,  4580] loss: 1626215.484
[3,  4600] loss: 1879166.020
[3,  4620] loss: 1665606.980
[3,  4640] loss: 1914416.839
[3,  4660] loss: 1599675.417
[3,  4680] loss: 1321616.171
[3,  4700] loss: 1484557.286
[3,  4720] loss: 1565497.106
[3,  4740] loss: 1410245.284
[3,  4760] loss: 1657202.438
[3,  4780] loss: 1620355.100
[3,  4800] loss: 1936373.431
[3,  4820] loss: 1550966.509
[3,  4840] loss: 1320454.425
[3,  4860] loss: 1612769.306
[3,  4880] loss: 1730974.098
[3,  4900] loss: 1489513.250
[3,  4920] loss: 1130788.961
[3,  4940] loss: 1807052.428
[3,  4960] loss: 1409477.500
[3,  4980] loss: 1713033.618
[3,  5000] loss: 1906448.880
[3,  5020] loss: 1659371.604
[3,  5040] loss: 1238577.816
[3,  5060] loss: 1496413.258
[3,  5080] loss: 1287742.624
[3,  5100] loss: 1095428.061
[3,  5120] loss: 1018997.603
[3,  5140] loss: 1215095.353
[3,  5160] loss: 1106199.237
[3,  5180] loss: 1667712.297
[3,  5200] loss: 1488183.358
[3,  5220] loss: 1511013.519
[3,  5240] loss: 1338619.920
[3,  5260] loss: 1493818.123
[3,  5280] loss: 1571988.825
[3,  5300] loss: 1342393.663
[3,  5320] loss: 1159348.277
[3,  5340] loss: 1352878.470
[3,  5360] loss: 1312237.995
[3,  5380] loss: 1431843.977
[3,  5400] loss: 1173504.679
[3,  5420] loss: 1439464.548
[3,  5440] loss: 1211705.709
[3,  5460] loss: 1739661.488
[3,  5480] loss: 1187898.699
[3,  5500] loss: 1224015.998
[3,  5520] loss: 1248373.353
[3,  5540] loss: 1319543.706
[3,  5560] loss: 1077185.500
[3,  5580] loss: 929419.071
[3,  5600] loss: 1118335.034
[3,  5620] loss: 1082629.780
[3,  5640] loss: 792520.070
[3,  5660] loss: 1066817.175
[3,  5680] loss: 1056445.814
[3,  5700] loss: 912921.633
[3,  5720] loss: 872205.715
[3,  5740] loss: 1225820.255
[3,  5760] loss: 1163632.936
[3,  5780] loss: 1069121.116
[3,  5800] loss: 1318925.902
[3,  5820] loss: 1024578.260
[3,  5840] loss: 1148923.749
[3,  5860] loss: 857769.030
[3,  5880] loss: 832331.130
[3,  5900] loss: 1037655.488
[3,  5920] loss: 892649.944
[3,  5940] loss: 1057303.875
[3,  5960] loss: 769297.428
[3,  5980] loss: 861475.575
[3,  6000] loss: 1029902.360
[3,  6020] loss: 909195.152
[3,  6040] loss: 739661.115
[3,  6060] loss: 747700.673
[3,  6080] loss: 782170.112
[1,    20] loss: 1021289.056
[1,    40] loss: 1361673.579
[1,    60] loss: 1215356.554
[1,    80] loss: 1285769.045
[1,   100] loss: 1185384.377
[1,   120] loss: 1028572.169
[1,   140] loss: 909443.293
[1,   160] loss: 800847.193
[1,   180] loss: 724411.741
[1,   200] loss: 716338.191
[1,   220] loss: 718523.875
[1,   240] loss: 709082.942
[1,   260] loss: 661729.699
[1,   280] loss: 658034.549
[1,   300] loss: 650285.469
[1,   320] loss: 623859.263
[1,   340] loss: 592150.499
[1,   360] loss: 572190.205
[1,   380] loss: 551425.811
[1,   400] loss: 557618.215
[1,   420] loss: 539396.218
[1,   440] loss: 517553.786
[1,   460] loss: 504598.412
[1,   480] loss: 495200.409
[1,   500] loss: 484885.641
[1,   520] loss: 473480.451
[1,   540] loss: 461012.577
[1,   560] loss: 451638.201
[1,   580] loss: 441575.007
[1,   600] loss: 431544.668
[1,   620] loss: 421945.600
[1,   640] loss: 429451.797
[1,   660] loss: 479684.858
[2,    20] loss: 1021289.056
[2,    40] loss: 1361673.579
[2,    60] loss: 1215356.554
[2,    80] loss: 1285769.045
[2,   100] loss: 1185384.377
[2,   120] loss: 1028572.169
[2,   140] loss: 909443.293
[2,   160] loss: 800847.193
[2,   180] loss: 724411.741
[2,   200] loss: 716338.191
[2,   220] loss: 718523.875
[2,   240] loss: 709082.942
[2,   260] loss: 661729.699
[2,   280] loss: 658034.549
[2,   300] loss: 650285.469
[2,   320] loss: 623859.263
[2,   340] loss: 592150.499
[2,   360] loss: 572190.205
[2,   380] loss: 551425.811
[2,   400] loss: 557618.215
[2,   420] loss: 539396.218
[2,   440] loss: 517553.786
[2,   460] loss: 504598.412
[2,   480] loss: 495200.409
[2,   500] loss: 484885.641
[2,   520] loss: 473480.451
[2,   540] loss: 461012.577
[2,   560] loss: 451638.201
[2,   580] loss: 441575.007
[2,   600] loss: 431544.668
[2,   620] loss: 421945.600
[2,   640] loss: 429451.797
[2,   660] loss: 479684.858
[3,    20] loss: 1021289.056
[3,    40] loss: 1361673.579
[3,    60] loss: 1215356.554
[3,    80] loss: 1285769.045
[3,   100] loss: 1185384.377
[3,   120] loss: 1028572.169
[3,   140] loss: 909443.293
[3,   160] loss: 800847.193
[3,   180] loss: 724411.741
[3,   200] loss: 716338.191
[3,   220] loss: 718523.875
[3,   240] loss: 709082.942
[3,   260] loss: 661729.699
[3,   280] loss: 658034.549
[3,   300] loss: 650285.469
[3,   320] loss: 623859.263
[3,   340] loss: 592150.499
[3,   360] loss: 572190.205
[3,   380] loss: 551425.811
[3,   400] loss: 557618.215
[3,   420] loss: 539396.218
[3,   440] loss: 517553.786
[3,   460] loss: 504598.412
[3,   480] loss: 495200.409
[3,   500] loss: 484885.641
[3,   520] loss: 473480.451
[3,   540] loss: 461012.577
[3,   560] loss: 451638.201
[3,   580] loss: 441575.007
[3,   600] loss: 431544.668
[3,   620] loss: 421945.600
[3,   640] loss: 429451.797
[3,   660] loss: 479684.858
