cuda:  7
color_space: RGB
batch_size: 5
num_epcochs: 3
learning_rate: 0.003
[1,    20] loss: 7.679
[1,    40] loss: 0.789
[1,    60] loss: 0.188
[1,    80] loss: 0.181
[1,   100] loss: 0.142
[1,   120] loss: 0.136
[1,   140] loss: 0.073
[1,   160] loss: 0.067
[1,   180] loss: 0.036
[1,   200] loss: 0.065
[1,   220] loss: 0.069
[1,   240] loss: 0.100
[1,   260] loss: 0.100
[1,   280] loss: 0.060
[1,   300] loss: 0.118
[1,   320] loss: 0.053
[1,   340] loss: 0.084
[1,   360] loss: 0.127
[1,   380] loss: 0.053
[1,   400] loss: 0.097
[1,   420] loss: 0.101
[1,   440] loss: 0.070
[1,   460] loss: 0.103
[1,   480] loss: 0.043
[1,   500] loss: 0.044
[1,   520] loss: 0.079
[1,   540] loss: 0.103
[1,   560] loss: 0.067
[1,   580] loss: 0.118
[1,   600] loss: 0.094
[1,   620] loss: 0.073
[1,   640] loss: 0.108
[1,   660] loss: 0.051
[1,   680] loss: 0.057
[1,   700] loss: 0.059
[1,   720] loss: 0.063
[1,   740] loss: 0.080
[1,   760] loss: 0.146
[1,   780] loss: 0.102
[1,   800] loss: 0.071
[1,   820] loss: 0.135
[1,   840] loss: 0.071
[1,   860] loss: 0.040
[1,   880] loss: 0.026
[1,   900] loss: 0.056
[1,   920] loss: 0.103
[1,   940] loss: 0.063
[1,   960] loss: 0.137
[1,   980] loss: 0.045
[1,  1000] loss: 0.095
[1,  1020] loss: 0.075
[1,  1040] loss: 0.042
[1,  1060] loss: 0.033
[1,  1080] loss: 0.061
[1,  1100] loss: 0.119
[1,  1120] loss: 0.051
[1,  1140] loss: 0.053
[1,  1160] loss: 0.026
[1,  1180] loss: 0.079
[1,  1200] loss: 0.082
[1,  1220] loss: 0.029
[1,  1240] loss: 0.167
[1,  1260] loss: 0.081
[1,  1280] loss: 0.110
[1,  1300] loss: 0.075
[1,  1320] loss: 0.076
[1,  1340] loss: 0.087
[1,  1360] loss: 0.061
[1,  1380] loss: 0.132
[1,  1400] loss: 0.136
[1,  1420] loss: 0.045
[1,  1440] loss: 0.102
[1,  1460] loss: 0.081
[1,  1480] loss: 0.091
[1,  1500] loss: 0.082
[1,  1520] loss: 0.037
[1,  1540] loss: 0.144
[1,  1560] loss: 0.077
[1,  1580] loss: 0.096
[1,  1600] loss: 0.091
[1,  1620] loss: 0.047
[1,  1640] loss: 0.042
[1,  1660] loss: 0.055
[1,  1680] loss: 0.070
[1,  1700] loss: 0.072
[1,  1720] loss: 0.066
[1,  1740] loss: 0.051
[1,  1760] loss: 0.098
[1,  1780] loss: 0.094
[1,  1800] loss: 0.073
[1,  1820] loss: 0.075
[1,  1840] loss: 0.060
[1,  1860] loss: 0.094
[1,  1880] loss: 0.046
[1,  1900] loss: 0.039
[1,  1920] loss: 0.072
[1,  1940] loss: 0.052
[1,  1960] loss: 0.065
[1,  1980] loss: 0.049
[1,  2000] loss: 0.066
[1,  2020] loss: 0.096
[1,  2040] loss: 0.063
[1,  2060] loss: 0.110
[1,  2080] loss: 0.043
[1,  2100] loss: 0.076
[1,  2120] loss: 0.064
[1,  2140] loss: 0.084
[1,  2160] loss: 0.040
[1,  2180] loss: 0.038
[1,  2200] loss: 0.078
[1,  2220] loss: 0.104
[1,  2240] loss: 0.086
[1,  2260] loss: 0.047
[1,  2280] loss: 0.092
[1,  2300] loss: 0.078
[1,  2320] loss: 0.040
[1,  2340] loss: 0.035
[1,  2360] loss: 0.095
[1,  2380] loss: 0.076
[1,  2400] loss: 0.066
[1,  2420] loss: 0.069
[1,  2440] loss: 0.099
[1,  2460] loss: 0.098
[1,  2480] loss: 0.069
[1,  2500] loss: 0.093
[1,  2520] loss: 0.118
[1,  2540] loss: 0.054
[1,  2560] loss: 0.071
[1,  2580] loss: 0.106
[1,  2600] loss: 0.111
[1,  2620] loss: 0.040
[1,  2640] loss: 0.034
[1,  2660] loss: 0.042
[1,  2680] loss: 0.063
[1,  2700] loss: 0.065
[1,  2720] loss: 0.085
[1,  2740] loss: 0.031
[1,  2760] loss: 0.034
[1,  2780] loss: 0.087
[1,  2800] loss: 0.043
[1,  2820] loss: 0.052
[1,  2840] loss: 0.049
[1,  2860] loss: 0.071
[1,  2880] loss: 0.048
[1,  2900] loss: 0.058
[1,  2920] loss: 0.096
[1,  2940] loss: 0.056
[1,  2960] loss: 0.039
[1,  2980] loss: 0.070
[1,  3000] loss: 0.052
[1,  3020] loss: 0.079
[1,  3040] loss: 0.053
[1,  3060] loss: 0.070
[1,  3080] loss: 0.051
[1,  3100] loss: 0.073
[1,  3120] loss: 0.061
[1,  3140] loss: 0.069
[1,  3160] loss: 0.106
[1,  3180] loss: 0.053
[1,  3200] loss: 0.116
[1,  3220] loss: 0.043
[1,  3240] loss: 0.072
[1,  3260] loss: 0.036
[1,  3280] loss: 0.056
[1,  3300] loss: 0.039
[1,  3320] loss: 0.085
[1,  3340] loss: 0.060
[1,  3360] loss: 0.053
[1,  3380] loss: 0.053
[1,  3400] loss: 0.065
[1,  3420] loss: 0.074
[1,  3440] loss: 0.045
[1,  3460] loss: 0.068
[1,  3480] loss: 0.041
[1,  3500] loss: 0.035
[1,  3520] loss: 0.060
[1,  3540] loss: 0.091
[1,  3560] loss: 0.098
[1,  3580] loss: 0.079
[1,  3600] loss: 0.052
[1,  3620] loss: 0.080
[1,  3640] loss: 0.078
[1,  3660] loss: 0.085
[1,  3680] loss: 0.064
[1,  3700] loss: 0.072
[1,  3720] loss: 0.088
[1,  3740] loss: 0.061
[1,  3760] loss: 0.055
[1,  3780] loss: 0.061
[1,  3800] loss: 0.092
[1,  3820] loss: 0.088
[1,  3840] loss: 0.065
[1,  3860] loss: 0.048
[1,  3880] loss: 0.114
[1,  3900] loss: 0.054
[1,  3920] loss: 0.085
[1,  3940] loss: 0.036
[1,  3960] loss: 0.071
[1,  3980] loss: 0.085
[1,  4000] loss: 0.106
[1,  4020] loss: 0.055
[1,  4040] loss: 0.082
[1,  4060] loss: 0.041
[1,  4080] loss: 0.046
[1,  4100] loss: 0.090
[1,  4120] loss: 0.077
[1,  4140] loss: 0.055
[1,  4160] loss: 0.106
[1,  4180] loss: 0.076
[1,  4200] loss: 0.076
[1,  4220] loss: 0.108
[1,  4240] loss: 0.060
[1,  4260] loss: 0.051
[1,  4280] loss: 0.089
[1,  4300] loss: 0.077
[1,  4320] loss: 0.047
[1,  4340] loss: 0.087
[1,  4360] loss: 0.037
[1,  4380] loss: 0.046
[1,  4400] loss: 0.039
[1,  4420] loss: 0.051
[1,  4440] loss: 0.046
[1,  4460] loss: 0.079
[1,  4480] loss: 0.074
[1,  4500] loss: 0.075
[1,  4520] loss: 0.079
[1,  4540] loss: 0.121
[1,  4560] loss: 0.104
[1,  4580] loss: 0.123
[1,  4600] loss: 0.099
[1,  4620] loss: 0.154
[1,  4640] loss: 0.073
[1,  4660] loss: 0.080
[1,  4680] loss: 0.047
[1,  4700] loss: 0.087
[1,  4720] loss: 0.051
[1,  4740] loss: 0.029
[1,  4760] loss: 0.081
[1,  4780] loss: 0.058
[1,  4800] loss: 0.054
[1,  4820] loss: 0.086
[1,  4840] loss: 0.082
[1,  4860] loss: 0.060
[1,  4880] loss: 0.068
[1,  4900] loss: 0.068
[1,  4920] loss: 0.035
[1,  4940] loss: 0.041
[1,  4960] loss: 0.060
[1,  4980] loss: 0.049
[1,  5000] loss: 0.048
[1,  5020] loss: 0.050
[1,  5040] loss: 0.055
[1,  5060] loss: 0.066
[1,  5080] loss: 0.032
[1,  5100] loss: 0.067
[1,  5120] loss: 0.086
[1,  5140] loss: 0.054
[1,  5160] loss: 0.027
[1,  5180] loss: 0.102
[1,  5200] loss: 0.083
[1,  5220] loss: 0.053
[1,  5240] loss: 0.080
[1,  5260] loss: 0.038
[1,  5280] loss: 0.075
[1,  5300] loss: 0.038
[1,  5320] loss: 0.036
[1,  5340] loss: 0.100
[1,  5360] loss: 0.081
[1,  5380] loss: 0.106
[1,  5400] loss: 0.130
[1,  5420] loss: 0.167
[1,  5440] loss: 0.081
[1,  5460] loss: 0.123
[1,  5480] loss: 0.115
[1,  5500] loss: 0.073
[1,  5520] loss: 0.091
[1,  5540] loss: 0.041
[1,  5560] loss: 0.078
[1,  5580] loss: 0.059
[1,  5600] loss: 0.066
[1,  5620] loss: 0.043
[1,  5640] loss: 0.050
[1,  5660] loss: 0.105
[1,  5680] loss: 0.061
[1,  5700] loss: 0.089
[1,  5720] loss: 0.103
[1,  5740] loss: 0.088
[1,  5760] loss: 0.111
[1,  5780] loss: 0.063
[1,  5800] loss: 0.125
[1,  5820] loss: 0.121
[1,  5840] loss: 0.074
[1,  5860] loss: 0.094
[1,  5880] loss: 0.072
[1,  5900] loss: 0.046
[1,  5920] loss: 0.060
[1,  5940] loss: 0.079
[1,  5960] loss: 0.094
[1,  5980] loss: 0.157
[1,  6000] loss: 71724378.589
[1,  6020] loss: 11546820226.600
[1,  6040] loss: 512047322408.000
[1,  6060] loss: 10263893544132.801
[1,  6080] loss: 7400272618828.800
[2,    20] loss: 130511470720.000
[2,    40] loss: 7167370009.600
[2,    60] loss: 3948556201.600
[2,    80] loss: 2629899507.200
[2,   100] loss: 1607195802.400
[2,   120] loss: 1216744204.800
[2,   140] loss: 560233736.800
[2,   160] loss: 793252741.600
[2,   180] loss: 834291885.900
[2,   200] loss: 673642767.200
[2,   220] loss: 302449309.800
[2,   240] loss: 636637914.400
[2,   260] loss: 451558403.200
[2,   280] loss: 549128407.600
[2,   300] loss: 398305027.200
[2,   320] loss: 378883791.200
[2,   340] loss: 368734916.000
[2,   360] loss: 314301135.400
[2,   380] loss: 284608280.400
[2,   400] loss: 317514784.800
[2,   420] loss: 324305647.600
[2,   440] loss: 277693501.600
[2,   460] loss: 253245036.400
[2,   480] loss: 254239083.600
[2,   500] loss: 299140337.600
[2,   520] loss: 257614317.700
[2,   540] loss: 256039809.200
[2,   560] loss: 348870614.000
[2,   580] loss: 192052992.800
[2,   600] loss: 216876637.000
[2,   620] loss: 264179489.700
[2,   640] loss: 207138241.400
[2,   660] loss: 219453904.400
[2,   680] loss: 215925096.200
[2,   700] loss: 166274057.800
[2,   720] loss: 167654619.400
[2,   740] loss: 162258477.400
[2,   760] loss: 225986643.800
[2,   780] loss: 139423593.050
[2,   800] loss: 135848433.300
[2,   820] loss: 209779681.400
[2,   840] loss: 125655040.500
[2,   860] loss: 141589811.700
[2,   880] loss: 153345638.200
[2,   900] loss: 162705796.200
[2,   920] loss: 129579941.500
[2,   940] loss: 125109859.000
[2,   960] loss: 119492301.400
[2,   980] loss: 149440741.200
[2,  1000] loss: 130782233.600
[2,  1020] loss: 152730079.600
[2,  1040] loss: 90392768.800
[2,  1060] loss: 108060874.000
[2,  1080] loss: 117236880.700
[2,  1100] loss: 137420120.000
[2,  1120] loss: 96447765.000
[2,  1140] loss: 141636290.550
[2,  1160] loss: 127902825.800
[2,  1180] loss: 76828173.900
[2,  1200] loss: 127511955.000
[2,  1220] loss: 82523954.100
[2,  1240] loss: 114922311.550
[2,  1260] loss: 85640096.700
[2,  1280] loss: 83268864.900
[2,  1300] loss: 81057271.550
[2,  1320] loss: 72401177.000
[2,  1340] loss: 90937482.300
[2,  1360] loss: 74172003.350
[2,  1380] loss: 69029468.950
[2,  1400] loss: 91035900.400
[2,  1420] loss: 101946104.600
[2,  1440] loss: 100614373.250
[2,  1460] loss: 64575837.250
[2,  1480] loss: 108428688.100
[2,  1500] loss: 58147591.550
[2,  1520] loss: 55388579.150
[2,  1540] loss: 53665828.800
[2,  1560] loss: 82674832.500
[2,  1580] loss: 59468102.400
[2,  1600] loss: 46852279.900
[2,  1620] loss: 35123935.600
[2,  1640] loss: 56842183.825
[2,  1660] loss: 46548414.850
[2,  1680] loss: 48227882.050
[2,  1700] loss: 49001731.400
[2,  1720] loss: 50511548.500
[2,  1740] loss: 48912842.650
[2,  1760] loss: 45319694.475
[2,  1780] loss: 56544992.600
[2,  1800] loss: 52940780.150
[2,  1820] loss: 42800474.900
[2,  1840] loss: 46535847.475
[2,  1860] loss: 37187167.000
[2,  1880] loss: 49338743.975
[2,  1900] loss: 41300265.800
[2,  1920] loss: 39280266.300
[2,  1940] loss: 28286935.600
[2,  1960] loss: 39236083.350
[2,  1980] loss: 45121083.325
[2,  2000] loss: 28302898.663
[2,  2020] loss: 27244796.050
[2,  2040] loss: 35222699.725
[2,  2060] loss: 40832489.925
[2,  2080] loss: 51768311.975
[2,  2100] loss: 33123479.750
[2,  2120] loss: 41748227.975
[2,  2140] loss: 28312693.700
[2,  2160] loss: 23448159.025
[2,  2180] loss: 25198394.900
[2,  2200] loss: 29546499.450
[2,  2220] loss: 39486650.431
[2,  2240] loss: 31935830.025
[2,  2260] loss: 31802910.375
[2,  2280] loss: 32341528.250
[2,  2300] loss: 30485867.663
[2,  2320] loss: 26883936.750
[2,  2340] loss: 37034645.775
[2,  2360] loss: 28251976.837
[2,  2380] loss: 37256730.925
[2,  2400] loss: 19494333.337
[2,  2420] loss: 24503307.000
[2,  2440] loss: 28943163.125
[2,  2460] loss: 29317177.850
[2,  2480] loss: 19288043.775
[2,  2500] loss: 19070503.238
[2,  2520] loss: 22814456.875
[2,  2540] loss: 22300702.222
[2,  2560] loss: 26171736.050
[2,  2580] loss: 18841844.250
[2,  2600] loss: 21741744.944
[2,  2620] loss: 16144746.537
[2,  2640] loss: 28915208.775
[2,  2660] loss: 18588433.975
[2,  2680] loss: 13243101.588
[2,  2700] loss: 17772946.931
[2,  2720] loss: 16031914.438
[2,  2740] loss: 22874499.000
[2,  2760] loss: 20642469.300
[2,  2780] loss: 16927877.944
[2,  2800] loss: 18080161.913
[2,  2820] loss: 13444026.537
[2,  2840] loss: 19755531.850
[2,  2860] loss: 13238305.050
[2,  2880] loss: 17634621.725
[2,  2900] loss: 21415881.541
[2,  2920] loss: 10946576.450
[2,  2940] loss: 15397591.613
[2,  2960] loss: 21042860.650
[2,  2980] loss: 11752314.375
[2,  3000] loss: 12678443.963
[2,  3020] loss: 11106436.344
[2,  3040] loss: 16374455.600
[2,  3060] loss: 12793420.412
[2,  3080] loss: 11683948.178
[2,  3100] loss: 11149346.775
[2,  3120] loss: 10345133.887
[2,  3140] loss: 10265804.350
[2,  3160] loss: 8767918.044
[2,  3180] loss: 7695644.425
[2,  3200] loss: 18374808.512
[2,  3220] loss: 15343487.438
[2,  3240] loss: 19136222.594
[2,  3260] loss: 9437866.397
[2,  3280] loss: 8532068.863
[2,  3300] loss: 14205096.600
[2,  3320] loss: 15074754.547
[2,  3340] loss: 8064707.244
[2,  3360] loss: 8944388.787
[2,  3380] loss: 15021039.963
[2,  3400] loss: 7824927.138
[2,  3420] loss: 7739768.162
[2,  3440] loss: 7877877.519
[2,  3460] loss: 16652681.169
[2,  3480] loss: 7593963.362
[2,  3500] loss: 5376011.463
[2,  3520] loss: 11917655.512
[2,  3540] loss: 8254014.856
[2,  3560] loss: 4910993.281
[2,  3580] loss: 7961662.463
[2,  3600] loss: 7575379.028
[2,  3620] loss: 11198263.412
[2,  3640] loss: 8257710.156
[2,  3660] loss: 10731100.356
[2,  3680] loss: 11824682.531
[2,  3700] loss: 8102393.206
[2,  3720] loss: 6734315.500
[2,  3740] loss: 6686852.456
[2,  3760] loss: 11810832.344
[2,  3780] loss: 7860589.088
[2,  3800] loss: 19035416.603
[2,  3820] loss: 10729383.391
[2,  3840] loss: 6523756.650
[2,  3860] loss: 6797900.803
[2,  3880] loss: 7816048.025
[2,  3900] loss: 8189918.987
[2,  3920] loss: 5321108.425
[2,  3940] loss: 9530677.669
[2,  3960] loss: 7413832.800
[2,  3980] loss: 23560061.512
[2,  4000] loss: 46217293.413
[2,  4020] loss: 22728754.700
[2,  4040] loss: 9478679.600
[2,  4060] loss: 12223432.022
[2,  4080] loss: 9118805.287
[2,  4100] loss: 10584229.922
[2,  4120] loss: 8910636.481
[2,  4140] loss: 12045761.222
[2,  4160] loss: 11823516.331
[2,  4180] loss: 3847047.369
[2,  4200] loss: 4582689.231
[2,  4220] loss: 6059044.597
[2,  4240] loss: 9391611.562
[2,  4260] loss: 8584769.256
[2,  4280] loss: 10695306.731
[2,  4300] loss: 10725465.500
[2,  4320] loss: 6741890.938
[2,  4340] loss: 5592971.013
[2,  4360] loss: 6290230.025
[2,  4380] loss: 5969848.188
[2,  4400] loss: 5067893.369
[2,  4420] loss: 9604276.238
[2,  4440] loss: 7028184.362
[2,  4460] loss: 3995346.477
[2,  4480] loss: 3105449.656
[2,  4500] loss: 4826755.356
[2,  4520] loss: 8038601.688
[2,  4540] loss: 12819039.769
[2,  4560] loss: 10965174.200
[2,  4580] loss: 4440976.166
[2,  4600] loss: 7340494.088
[2,  4620] loss: 12176724.969
[2,  4640] loss: 10707858.713
[2,  4660] loss: 4403830.194
[2,  4680] loss: 4477038.662
[2,  4700] loss: 7221046.981
[2,  4720] loss: 5510695.219
[2,  4740] loss: 6544216.463
[2,  4760] loss: 4710497.362
[2,  4780] loss: 5845178.694
[2,  4800] loss: 5361319.825
[2,  4820] loss: 5212820.841
[2,  4840] loss: 9112030.869
[2,  4860] loss: 6363337.542
[2,  4880] loss: 11427672.113
[2,  4900] loss: 9939728.688
[2,  4920] loss: 4515581.478
[2,  4940] loss: 7411449.416
[2,  4960] loss: 13135186.494
[2,  4980] loss: 5873714.964
[2,  5000] loss: 9642983.162
[2,  5020] loss: 3970097.909
[2,  5040] loss: 3801365.134
[2,  5060] loss: 13663632.456
[2,  5080] loss: 18479449.706
[2,  5100] loss: 12624154.350
[2,  5120] loss: 5447874.756
[2,  5140] loss: 10075731.419
[2,  5160] loss: 6100190.156
[2,  5180] loss: 4012883.016
[2,  5200] loss: 3886080.042
[2,  5220] loss: 6382491.723
[2,  5240] loss: 3176191.134
[2,  5260] loss: 5662286.562
[2,  5280] loss: 8414884.225
[2,  5300] loss: 15413072.325
[2,  5320] loss: 5792115.600
[2,  5340] loss: 8989003.494
[2,  5360] loss: 18676574.203
[2,  5380] loss: 13004619.325
[2,  5400] loss: 12785061.255
[2,  5420] loss: 6570154.397
[2,  5440] loss: 5066718.789
[2,  5460] loss: 13887002.809
[2,  5480] loss: 5274321.406
[2,  5500] loss: 4078067.013
[2,  5520] loss: 3477491.737
[2,  5540] loss: 2538380.594
[2,  5560] loss: 4861102.440
[2,  5580] loss: 5517677.225
[2,  5600] loss: 3757763.794
[2,  5620] loss: 6017978.125
[2,  5640] loss: 9118745.450
[2,  5660] loss: 7328924.463
[2,  5680] loss: 16200081.806
[2,  5700] loss: 10836269.303
[2,  5720] loss: 13307979.106
[2,  5740] loss: 19459389.103
[2,  5760] loss: 6860788.412
[2,  5780] loss: 4804546.306
[2,  5800] loss: 3400214.309
[2,  5820] loss: 7460645.394
[2,  5840] loss: 6506187.581
[2,  5860] loss: 4767139.566
[2,  5880] loss: 7046831.772
[2,  5900] loss: 7113773.559
[2,  5920] loss: 5231237.600
[2,  5940] loss: 3550474.206
[2,  5960] loss: 3740673.247
[2,  5980] loss: 4612942.966
[2,  6000] loss: 7116951.056
[2,  6020] loss: 2577605.236
[2,  6040] loss: 8961758.889
[2,  6060] loss: 22408225.163
[2,  6080] loss: 7390845.275
[3,    20] loss: 2532509.945
[3,    40] loss: 4576614.458
[3,    60] loss: 3761691.897
[3,    80] loss: 3816178.638
[3,   100] loss: 2778322.643
[3,   120] loss: 6406075.147
[3,   140] loss: 2947862.587
[3,   160] loss: 8615638.009
[3,   180] loss: 2938577.981
[3,   200] loss: 4803807.028
[3,   220] loss: 3701297.013
[3,   240] loss: 4270453.614
[3,   260] loss: 3175714.974
[3,   280] loss: 1752617.359
[3,   300] loss: 3632402.214
[3,   320] loss: 6955861.215
[3,   340] loss: 8426044.694
[3,   360] loss: 3512131.138
[3,   380] loss: 8795703.559
[3,   400] loss: 11167631.897
[3,   420] loss: 3745454.216
[3,   440] loss: 3663938.852
[3,   460] loss: 2488378.647
[3,   480] loss: 1752332.406
[3,   500] loss: 3876495.991
[3,   520] loss: 10562612.479
[3,   540] loss: 5431450.780
[3,   560] loss: 3272919.642
[3,   580] loss: 2548325.891
[3,   600] loss: 4710315.659
[3,   620] loss: 3560463.989
[3,   640] loss: 4097757.725
[3,   660] loss: 4378364.034
[3,   680] loss: 5949265.627
[3,   700] loss: 6602406.777
[3,   720] loss: 4983702.650
[3,   740] loss: 3866522.103
[3,   760] loss: 3226032.736
[3,   780] loss: 15257774.069
[3,   800] loss: 7496554.225
[3,   820] loss: 3194133.303
[3,   840] loss: 3374510.041
[3,   860] loss: 3444614.647
[3,   880] loss: 3440846.794
[3,   900] loss: 2728313.225
[3,   920] loss: 1883348.583
[3,   940] loss: 6492759.791
[3,   960] loss: 8032927.269
[3,   980] loss: 6292482.197
[3,  1000] loss: 3839894.847
[3,  1020] loss: 4419848.080
[3,  1040] loss: 2994902.519
[3,  1060] loss: 3950816.320
[3,  1080] loss: 6864865.250
[3,  1100] loss: 4350963.647
[3,  1120] loss: 6644596.688
[3,  1140] loss: 3771679.969
[3,  1160] loss: 2484676.023
[3,  1180] loss: 3915914.938
[3,  1200] loss: 2315707.050
[3,  1220] loss: 4190871.111
[3,  1240] loss: 2470872.367
[3,  1260] loss: 1174658.517
[3,  1280] loss: 1172155.969
[3,  1300] loss: 1930704.291
[3,  1320] loss: 4269727.358
[3,  1340] loss: 1711984.599
[3,  1360] loss: 3201637.597
[3,  1380] loss: 3230646.894
[3,  1400] loss: 4721010.653
[3,  1420] loss: 7288482.438
[3,  1440] loss: 1347970.915
[3,  1460] loss: 1386765.755
[3,  1480] loss: 1479138.047
[3,  1500] loss: 3108949.167
[3,  1520] loss: 1798764.811
[3,  1540] loss: 1326276.980
[3,  1560] loss: 1760554.049
[3,  1580] loss: 1979407.172
[3,  1600] loss: 1632007.540
[3,  1620] loss: 2852786.708
[3,  1640] loss: 3929271.605
[3,  1660] loss: 2260171.147
[3,  1680] loss: 1692198.872
[3,  1700] loss: 2335577.029
[3,  1720] loss: 1886083.066
[3,  1740] loss: 3536762.939
[3,  1760] loss: 2650641.012
[3,  1780] loss: 3288359.841
[3,  1800] loss: 4121015.044
[3,  1820] loss: 4271895.505
[3,  1840] loss: 2495110.206
[3,  1860] loss: 3483392.768
[3,  1880] loss: 2449079.044
[3,  1900] loss: 3181713.880
[3,  1920] loss: 6245051.134
[3,  1940] loss: 6838475.394
[3,  1960] loss: 3283938.047
[3,  1980] loss: 6172255.359
[3,  2000] loss: 2832245.994
[3,  2020] loss: 2772752.612
[3,  2040] loss: 914715.580
[3,  2060] loss: 2041873.494
[3,  2080] loss: 1590111.267
[3,  2100] loss: 3095810.061
[3,  2120] loss: 5850617.106
[3,  2140] loss: 3003190.402
[3,  2160] loss: 3192566.284
[3,  2180] loss: 1652776.474
[3,  2200] loss: 1247340.870
[3,  2220] loss: 1909112.882
[3,  2240] loss: 1405391.541
[3,  2260] loss: 947155.561
[3,  2280] loss: 512609.319
[3,  2300] loss: 833416.141
[3,  2320] loss: 1704380.388
[3,  2340] loss: 3148171.862
[3,  2360] loss: 958556.745
[3,  2380] loss: 765131.655
[3,  2400] loss: 1208887.663
[3,  2420] loss: 6321380.591
[3,  2440] loss: 1786842.481
[3,  2460] loss: 1179852.387
[3,  2480] loss: 1131363.502
[3,  2500] loss: 2911981.034
[3,  2520] loss: 5071885.577
[3,  2540] loss: 4266064.845
[3,  2560] loss: 1853226.373
[3,  2580] loss: 902601.875
[3,  2600] loss: 1265222.645
[3,  2620] loss: 764253.968
[3,  2640] loss: 1712555.959
[3,  2660] loss: 881737.578
[3,  2680] loss: 808156.497
[3,  2700] loss: 949536.031
[3,  2720] loss: 2655779.511
[3,  2740] loss: 990865.375
[3,  2760] loss: 1368756.342
[3,  2780] loss: 1739744.028
[3,  2800] loss: 1908313.373
[3,  2820] loss: 570150.362
[3,  2840] loss: 812010.968
[3,  2860] loss: 820175.402
[3,  2880] loss: 1732481.320
[3,  2900] loss: 3867727.883
[3,  2920] loss: 2290928.778
[3,  2940] loss: 433853.030
[3,  2960] loss: 1054660.270
[3,  2980] loss: 1112205.036
[3,  3000] loss: 607823.432
[3,  3020] loss: 1378804.351
[3,  3040] loss: 1335240.567
[3,  3060] loss: 689900.465
[3,  3080] loss: 509061.094
[3,  3100] loss: 770579.204
[3,  3120] loss: 471145.062
[3,  3140] loss: 626384.446
[3,  3160] loss: 424948.139
[3,  3180] loss: 396090.411
[3,  3200] loss: 741548.870
[3,  3220] loss: 617524.401
[3,  3240] loss: 932358.943
[3,  3260] loss: 710079.725
[3,  3280] loss: 630403.295
[3,  3300] loss: 308435.610
[3,  3320] loss: 512612.290
[3,  3340] loss: 558416.155
[3,  3360] loss: 519357.779
[3,  3380] loss: 369637.149
[3,  3400] loss: 684950.694
[3,  3420] loss: 1715982.267
[3,  3440] loss: 310141.801
[3,  3460] loss: 670820.770
[3,  3480] loss: 1027187.644
[3,  3500] loss: 585989.495
[3,  3520] loss: 564383.415
[3,  3540] loss: 695824.134
[3,  3560] loss: 743397.697
[3,  3580] loss: 1013923.023
[3,  3600] loss: 610053.470
[3,  3620] loss: 280187.384
[3,  3640] loss: 726348.932
[3,  3660] loss: 1549498.206
[3,  3680] loss: 658570.123
[3,  3700] loss: 639020.754
[3,  3720] loss: 458455.016
[3,  3740] loss: 417708.388
[3,  3760] loss: 625534.194
[3,  3780] loss: 1243299.705
[3,  3800] loss: 546800.539
[3,  3820] loss: 248439.773
[3,  3840] loss: 473501.165
[3,  3860] loss: 506223.805
[3,  3880] loss: 2636443.880
[3,  3900] loss: 3776087.337
[3,  3920] loss: 3723349.977
[3,  3940] loss: 1487620.711
[3,  3960] loss: 381708.334
[3,  3980] loss: 553093.421
[3,  4000] loss: 254119.413
[3,  4020] loss: 695252.234
[3,  4040] loss: 762866.085
[3,  4060] loss: 348866.444
[3,  4080] loss: 269806.444
[3,  4100] loss: 222144.739
[3,  4120] loss: 134638.532
[3,  4140] loss: 190951.926
[3,  4160] loss: 246554.090
[3,  4180] loss: 156317.571
[3,  4200] loss: 148516.136
[3,  4220] loss: 281140.752
[3,  4240] loss: 428153.080
[3,  4260] loss: 387642.585
[3,  4280] loss: 330659.526
[3,  4300] loss: 239737.786
[3,  4320] loss: 371182.855
[3,  4340] loss: 233972.535
[3,  4360] loss: 572640.657
[3,  4380] loss: 982702.102
[3,  4400] loss: 580468.631
[3,  4420] loss: 416005.373
[3,  4440] loss: 200010.025
[3,  4460] loss: 480659.200
[3,  4480] loss: 361667.007
[3,  4500] loss: 339664.796
[3,  4520] loss: 403593.917
[3,  4540] loss: 156846.125
[3,  4560] loss: 392903.874
[3,  4580] loss: 236078.274
[3,  4600] loss: 435562.646
[3,  4620] loss: 345552.117
[3,  4640] loss: 294913.885
[3,  4660] loss: 483712.345
[3,  4680] loss: 342598.808
[3,  4700] loss: 240491.623
[3,  4720] loss: 315508.567
[3,  4740] loss: 278404.005
[3,  4760] loss: 451435.373
[3,  4780] loss: 137094.827
[3,  4800] loss: 177153.564
[3,  4820] loss: 193116.984
[3,  4840] loss: 221958.766
[3,  4860] loss: 338610.193
[3,  4880] loss: 652961.113
[3,  4900] loss: 408725.716
[3,  4920] loss: 467688.787
[3,  4940] loss: 638122.411
[3,  4960] loss: 114504.815
[3,  4980] loss: 210454.104
[3,  5000] loss: 120086.685
[3,  5020] loss: 219477.165
[3,  5040] loss: 156132.530
[3,  5060] loss: 310565.568
[3,  5080] loss: 415449.223
[3,  5100] loss: 470524.353
[3,  5120] loss: 139022.893
[3,  5140] loss: 147528.091
[3,  5160] loss: 169652.524
[3,  5180] loss: 236525.801
[3,  5200] loss: 145696.776
[3,  5220] loss: 100288.793
[3,  5240] loss: 230173.711
[3,  5260] loss: 280335.825
[3,  5280] loss: 323210.629
[3,  5300] loss: 257758.503
[3,  5320] loss: 1277108.387
[3,  5340] loss: 966032.663
[3,  5360] loss: 731417.776
[3,  5380] loss: 213593.872
[3,  5400] loss: 180288.649
[3,  5420] loss: 198482.605
[3,  5440] loss: 595818.836
[3,  5460] loss: 1188329.459
[3,  5480] loss: 810691.424
[3,  5500] loss: 127675.648
[3,  5520] loss: 304479.166
[3,  5540] loss: 117873.967
[3,  5560] loss: 149857.568
[3,  5580] loss: 526306.168
[3,  5600] loss: 341213.169
[3,  5620] loss: 216416.414
[3,  5640] loss: 105690.923
[3,  5660] loss: 234435.295
[3,  5680] loss: 242465.418
[3,  5700] loss: 221469.701
[3,  5720] loss: 215697.857
[3,  5740] loss: 165339.542
[3,  5760] loss: 174260.743
[3,  5780] loss: 160100.085
[3,  5800] loss: 332415.781
[3,  5820] loss: 119534.969
[3,  5840] loss: 204806.522
[3,  5860] loss: 286593.579
[3,  5880] loss: 148735.699
[3,  5900] loss: 148502.157
[3,  5920] loss: 230532.215
[3,  5940] loss: 99625.127
[3,  5960] loss: 221329.449
[3,  5980] loss: 202509.343
[3,  6000] loss: 161374.866
[3,  6020] loss: 134189.136
[3,  6040] loss: 192011.228
[3,  6060] loss: 136742.626
[3,  6080] loss: 137957.474
[1,    20] loss: 59662.365
[1,    40] loss: 50389.013
[1,    60] loss: 40981.364
[1,    80] loss: 39062.921
[1,   100] loss: 37860.179
[1,   120] loss: 66321.905
[1,   140] loss: 166252.876
[1,   160] loss: 286680.803
[1,   180] loss: 338631.615
[1,   200] loss: 362966.707
[1,   220] loss: 361952.231
[1,   240] loss: 373251.146
[1,   260] loss: 380594.461
[1,   280] loss: 392988.046
[1,   300] loss: 396956.424
[1,   320] loss: 384032.092
[1,   340] loss: 382579.578
[1,   360] loss: 378088.178
[1,   380] loss: 380087.139
[1,   400] loss: 367709.355
[1,   420] loss: 367169.082
[1,   440] loss: 393144.026
[1,   460] loss: 393468.203
[1,   480] loss: 387499.081
[1,   500] loss: 379471.253
[1,   520] loss: 384002.006
[1,   540] loss: 387032.125
[1,   560] loss: 386053.528
[1,   580] loss: 395849.135
[1,   600] loss: 401041.230
[1,   620] loss: 393598.369
[1,   640] loss: 381728.588
[1,   660] loss: 372828.894
[2,    20] loss: 59662.365
[2,    40] loss: 50389.013
[2,    60] loss: 40981.364
[2,    80] loss: 39062.921
[2,   100] loss: 37860.179
[2,   120] loss: 66321.905
[2,   140] loss: 166252.876
[2,   160] loss: 286680.803
[2,   180] loss: 338631.615
[2,   200] loss: 362966.707
[2,   220] loss: 361952.231
[2,   240] loss: 373251.146
[2,   260] loss: 380594.461
[2,   280] loss: 392988.046
[2,   300] loss: 396956.424
[2,   320] loss: 384032.092
[2,   340] loss: 382579.578
[2,   360] loss: 378088.178
[2,   380] loss: 380087.139
[2,   400] loss: 367709.355
[2,   420] loss: 367169.082
[2,   440] loss: 393144.026
[2,   460] loss: 393468.203
[2,   480] loss: 387499.081
[2,   500] loss: 379471.253
[2,   520] loss: 384002.006
[2,   540] loss: 387032.125
[2,   560] loss: 386053.528
[2,   580] loss: 395849.135
[2,   600] loss: 401041.230
[2,   620] loss: 393598.369
[2,   640] loss: 381728.588
[2,   660] loss: 372828.894
[3,    20] loss: 59662.365
[3,    40] loss: 50389.013
[3,    60] loss: 40981.364
[3,    80] loss: 39062.921
[3,   100] loss: 37860.179
[3,   120] loss: 66321.905
[3,   140] loss: 166252.876
[3,   160] loss: 286680.803
[3,   180] loss: 338631.615
[3,   200] loss: 362966.707
[3,   220] loss: 361952.231
[3,   240] loss: 373251.146
[3,   260] loss: 380594.461
[3,   280] loss: 392988.046
[3,   300] loss: 396956.424
[3,   320] loss: 384032.092
[3,   340] loss: 382579.578
[3,   360] loss: 378088.178
[3,   380] loss: 380087.139
[3,   400] loss: 367709.355
[3,   420] loss: 367169.082
[3,   440] loss: 393144.026
[3,   460] loss: 393468.203
[3,   480] loss: 387499.081
[3,   500] loss: 379471.253
[3,   520] loss: 384002.006
[3,   540] loss: 387032.125
[3,   560] loss: 386053.528
[3,   580] loss: 395849.135
[3,   600] loss: 401041.230
[3,   620] loss: 393598.369
[3,   640] loss: 381728.588
[3,   660] loss: 372828.894
