cuda:  5
color_space: RGB
batch_size: 5
num_epcochs: 3
learning_rate: 0.003
[1,    20] loss: 1.703
[1,    40] loss: 1.598
[1,    60] loss: 0.677
[1,    80] loss: 0.103
[1,   100] loss: 0.066
[1,   120] loss: 0.044
[1,   140] loss: 0.092
[1,   160] loss: 0.051
[1,   180] loss: 0.057
[1,   200] loss: 0.070
[1,   220] loss: 0.044
[1,   240] loss: 0.095
[1,   260] loss: 0.092
[1,   280] loss: 0.081
[1,   300] loss: 0.094
[1,   320] loss: 0.086
[1,   340] loss: 0.054
[1,   360] loss: 0.070
[1,   380] loss: 0.058
[1,   400] loss: 0.036
[1,   420] loss: 0.071
[1,   440] loss: 0.059
[1,   460] loss: 0.101
[1,   480] loss: 0.099
[1,   500] loss: 0.095
[1,   520] loss: 0.100
[1,   540] loss: 0.046
[1,   560] loss: 0.080
[1,   580] loss: 0.097
[1,   600] loss: 0.120
[1,   620] loss: 0.068
[1,   640] loss: 0.080
[1,   660] loss: 0.055
[1,   680] loss: 0.058
[1,   700] loss: 0.066
[1,   720] loss: 0.067
[1,   740] loss: 0.051
[1,   760] loss: 0.085
[1,   780] loss: 0.130
[1,   800] loss: 0.061
[1,   820] loss: 0.104
[1,   840] loss: 0.069
[1,   860] loss: 0.034
[1,   880] loss: 0.049
[1,   900] loss: 0.076
[1,   920] loss: 0.081
[1,   940] loss: 0.041
[1,   960] loss: 0.077
[1,   980] loss: 0.067
[1,  1000] loss: 0.092
[1,  1020] loss: 0.075
[1,  1040] loss: 0.070
[1,  1060] loss: 0.048
[1,  1080] loss: 0.043
[1,  1100] loss: 0.085
[1,  1120] loss: 0.061
[1,  1140] loss: 0.062
[1,  1160] loss: 0.037
[1,  1180] loss: 0.061
[1,  1200] loss: 0.059
[1,  1220] loss: 0.048
[1,  1240] loss: 0.071
[1,  1260] loss: 0.066
[1,  1280] loss: 0.101
[1,  1300] loss: 0.058
[1,  1320] loss: 0.083
[1,  1340] loss: 0.078
[1,  1360] loss: 0.043
[1,  1380] loss: 0.165
[1,  1400] loss: 0.068
[1,  1420] loss: 0.177
[1,  1440] loss: 0.078
[1,  1460] loss: 0.140
[1,  1480] loss: 0.088
[1,  1500] loss: 0.098
[1,  1520] loss: 0.067
[1,  1540] loss: 0.055
[1,  1560] loss: 0.094
[1,  1580] loss: 0.112
[1,  1600] loss: 0.082
[1,  1620] loss: 0.063
[1,  1640] loss: 0.044
[1,  1660] loss: 0.056
[1,  1680] loss: 0.104
[1,  1700] loss: 0.052
[1,  1720] loss: 0.078
[1,  1740] loss: 0.109
[1,  1760] loss: 0.070
[1,  1780] loss: 0.061
[1,  1800] loss: 0.062
[1,  1820] loss: 0.075
[1,  1840] loss: 0.127
[1,  1860] loss: 0.067
[1,  1880] loss: 0.081
[1,  1900] loss: 0.053
[1,  1920] loss: 0.037
[1,  1940] loss: 0.066
[1,  1960] loss: 0.063
[1,  1980] loss: 0.051
[1,  2000] loss: 0.058
[1,  2020] loss: 0.047
[1,  2040] loss: 0.130
[1,  2060] loss: 0.108
[1,  2080] loss: 0.084
[1,  2100] loss: 0.066
[1,  2120] loss: 0.132
[1,  2140] loss: 0.071
[1,  2160] loss: 0.060
[1,  2180] loss: 0.059
[1,  2200] loss: 0.098
[1,  2220] loss: 0.152
[1,  2240] loss: 0.065
[1,  2260] loss: 0.109
[1,  2280] loss: 0.077
[1,  2300] loss: 0.109
[1,  2320] loss: 0.075
[1,  2340] loss: 0.103
[1,  2360] loss: 0.069
[1,  2380] loss: 0.095
[1,  2400] loss: 0.179
[1,  2420] loss: 0.084
[1,  2440] loss: 0.077
[1,  2460] loss: 0.097
[1,  2480] loss: 0.073
[1,  2500] loss: 0.094
[1,  2520] loss: 0.048
[1,  2540] loss: 0.091
[1,  2560] loss: 0.070
[1,  2580] loss: 0.077
[1,  2600] loss: 0.057
[1,  2620] loss: 0.109
[1,  2640] loss: 0.054
[1,  2660] loss: 0.138
[1,  2680] loss: 0.124
[1,  2700] loss: 0.097
[1,  2720] loss: 0.053
[1,  2740] loss: 0.043
[1,  2760] loss: 0.060
[1,  2780] loss: 0.101
[1,  2800] loss: 0.117
[1,  2820] loss: 0.071
[1,  2840] loss: 0.039
[1,  2860] loss: 0.059
[1,  2880] loss: 0.057
[1,  2900] loss: 0.133
[1,  2920] loss: 0.042
[1,  2940] loss: 0.084
[1,  2960] loss: 0.094
[1,  2980] loss: 0.064
[1,  3000] loss: 0.055
[1,  3020] loss: 0.103
[1,  3040] loss: 0.059
[1,  3060] loss: 0.079
[1,  3080] loss: 0.088
[1,  3100] loss: 0.045
[1,  3120] loss: 0.100
[1,  3140] loss: 0.068
[1,  3160] loss: 0.086
[1,  3180] loss: 0.106
[1,  3200] loss: 0.064
[1,  3220] loss: 0.117
[1,  3240] loss: 0.066
[1,  3260] loss: 0.056
[1,  3280] loss: 0.092
[1,  3300] loss: 0.061
[1,  3320] loss: 0.051
[1,  3340] loss: 0.129
[1,  3360] loss: 0.094
[1,  3380] loss: 0.104
[1,  3400] loss: 0.076
[1,  3420] loss: 0.056
[1,  3440] loss: 0.059
[1,  3460] loss: 0.060
[1,  3480] loss: 0.070
[1,  3500] loss: 0.087
[1,  3520] loss: 0.081
[1,  3540] loss: 0.119
[1,  3560] loss: 0.048
[1,  3580] loss: 0.073
[1,  3600] loss: 0.128
[1,  3620] loss: 0.051
[1,  3640] loss: 0.055
[1,  3660] loss: 0.123
[1,  3680] loss: 0.055
[1,  3700] loss: 0.090
[1,  3720] loss: 0.094
[1,  3740] loss: 0.085
[1,  3760] loss: 0.037
[1,  3780] loss: 0.073
[1,  3800] loss: 0.138
[1,  3820] loss: 0.037
[1,  3840] loss: 0.075
[1,  3860] loss: 0.038
[1,  3880] loss: 0.089
[1,  3900] loss: 0.119
[1,  3920] loss: 0.068
[1,  3940] loss: 0.068
[1,  3960] loss: 0.071
[1,  3980] loss: 0.090
[1,  4000] loss: 0.094
[1,  4020] loss: 0.103
[1,  4040] loss: 0.071
[1,  4060] loss: 0.097
[1,  4080] loss: 0.064
[1,  4100] loss: 0.054
[1,  4120] loss: 0.067
[1,  4140] loss: 0.082
[1,  4160] loss: 0.078
[1,  4180] loss: 0.102
[1,  4200] loss: 0.075
[1,  4220] loss: 0.063
[1,  4240] loss: 0.088
[1,  4260] loss: 0.120
[1,  4280] loss: 0.102
[1,  4300] loss: 0.058
[1,  4320] loss: 0.140
[1,  4340] loss: 0.065
[1,  4360] loss: 0.092
[1,  4380] loss: 0.089
[1,  4400] loss: 0.087
[1,  4420] loss: 0.084
[1,  4440] loss: 0.066
[1,  4460] loss: 0.063
[1,  4480] loss: 0.077
[1,  4500] loss: 0.120
[1,  4520] loss: 0.128
[1,  4540] loss: 0.050
[1,  4560] loss: 0.074
[1,  4580] loss: 0.068
[1,  4600] loss: 0.042
[1,  4620] loss: 0.075
[1,  4640] loss: 0.058
[1,  4660] loss: 0.081
[1,  4680] loss: 0.102
[1,  4700] loss: 0.133
[1,  4720] loss: 0.038
[1,  4740] loss: 0.068
[1,  4760] loss: 0.107
[1,  4780] loss: 0.104
[1,  4800] loss: 0.056
[1,  4820] loss: 3.543
[1,  4840] loss: 58274654952.002
[1,  4860] loss: 53605710769.600
[1,  4880] loss: 3188941830.700
[1,  4900] loss: 116435170.388
[1,  4920] loss: 9611692.075
[1,  4940] loss: 4871259.778
[1,  4960] loss: 2126155.153
[1,  4980] loss: 2237666.980
[1,  5000] loss: 1956733.898
[1,  5020] loss: 1924407.742
[1,  5040] loss: 979741.639
[1,  5060] loss: 1130879.987
[1,  5080] loss: 857647.052
[1,  5100] loss: 636169.077
[1,  5120] loss: 575982.069
[1,  5140] loss: 465972.125
[1,  5160] loss: 516207.449
[1,  5180] loss: 466387.693
[1,  5200] loss: 348501.234
[1,  5220] loss: 376090.171
[1,  5240] loss: 383634.379
[1,  5260] loss: 261230.932
[1,  5280] loss: 316099.254
[1,  5300] loss: 341736.812
[1,  5320] loss: 307719.204
[1,  5340] loss: 272977.989
[1,  5360] loss: 273240.824
[1,  5380] loss: 301555.889
[1,  5400] loss: 219748.005
[1,  5420] loss: 254601.636
[1,  5440] loss: 235281.678
[1,  5460] loss: 228351.283
[1,  5480] loss: 189548.124
[1,  5500] loss: 232464.184
[1,  5520] loss: 197939.367
[1,  5540] loss: 194473.901
[1,  5560] loss: 209268.340
[1,  5580] loss: 191112.997
[1,  5600] loss: 180150.089
[1,  5620] loss: 157987.064
[1,  5640] loss: 131822.815
[1,  5660] loss: 206437.203
[1,  5680] loss: 169522.107
[1,  5700] loss: 171881.302
[1,  5720] loss: 171150.833
[1,  5740] loss: 174061.462
[1,  5760] loss: 164354.171
[1,  5780] loss: 175485.268
[1,  5800] loss: 154779.445
[1,  5820] loss: 126231.832
[1,  5840] loss: 142975.535
[1,  5860] loss: 194874.131
[1,  5880] loss: 184291.709
[1,  5900] loss: 139975.888
[1,  5920] loss: 113902.279
[1,  5940] loss: 137556.405
[1,  5960] loss: 92074.288
[1,  5980] loss: 142298.042
[1,  6000] loss: 108590.963
[1,  6020] loss: 130144.576
[1,  6040] loss: 116314.974
[1,  6060] loss: 89984.389
[1,  6080] loss: 126780.517
[2,    20] loss: 113030.511
[2,    40] loss: 147268.223
[2,    60] loss: 119109.984
[2,    80] loss: 126601.801
[2,   100] loss: 161741.067
[2,   120] loss: 134215.033
[2,   140] loss: 151293.952
[2,   160] loss: 137293.281
[2,   180] loss: 128148.413
[2,   200] loss: 139469.165
[2,   220] loss: 123360.979
[2,   240] loss: 165569.965
[2,   260] loss: 113207.648
[2,   280] loss: 107929.661
[2,   300] loss: 121309.862
[2,   320] loss: 116709.212
[2,   340] loss: 95445.121
[2,   360] loss: 122259.478
[2,   380] loss: 149046.909
[2,   400] loss: 109242.142
[2,   420] loss: 122950.152
[2,   440] loss: 79901.899
[2,   460] loss: 130937.949
[2,   480] loss: 115601.351
[2,   500] loss: 91136.928
[2,   520] loss: 74160.065
[2,   540] loss: 160800.895
[2,   560] loss: 107778.316
[2,   580] loss: 104423.786
[2,   600] loss: 90852.510
[2,   620] loss: 82551.211
[2,   640] loss: 119736.687
[2,   660] loss: 81540.652
[2,   680] loss: 63709.309
[2,   700] loss: 96606.654
[2,   720] loss: 66734.634
[2,   740] loss: 92894.016
[2,   760] loss: 89149.159
[2,   780] loss: 80444.118
[2,   800] loss: 88177.366
[2,   820] loss: 79525.175
[2,   840] loss: 74042.056
[2,   860] loss: 95081.554
[2,   880] loss: 90870.490
[2,   900] loss: 76779.122
[2,   920] loss: 86337.978
[2,   940] loss: 70679.687
[2,   960] loss: 83049.828
[2,   980] loss: 66373.944
[2,  1000] loss: 81209.586
[2,  1020] loss: 71765.320
[2,  1040] loss: 86436.195
[2,  1060] loss: 63645.823
[2,  1080] loss: 61841.216
[2,  1100] loss: 80716.780
[2,  1120] loss: 68265.549
[2,  1140] loss: 84829.489
[2,  1160] loss: 80943.595
[2,  1180] loss: 62390.445
[2,  1200] loss: 34548.144
[2,  1220] loss: 98090.634
[2,  1240] loss: 75860.712
[2,  1260] loss: 72648.761
[2,  1280] loss: 61055.907
[2,  1300] loss: 59426.813
[2,  1320] loss: 53359.579
[2,  1340] loss: 54451.473
[2,  1360] loss: 54435.165
[2,  1380] loss: 60648.763
[2,  1400] loss: 67313.959
[2,  1420] loss: 57563.579
[2,  1440] loss: 59600.492
[2,  1460] loss: 40907.004
[2,  1480] loss: 53706.631
[2,  1500] loss: 44882.717
[2,  1520] loss: 40243.025
[2,  1540] loss: 53834.717
[2,  1560] loss: 55644.413
[2,  1580] loss: 61796.162
[2,  1600] loss: 54420.623
[2,  1620] loss: 66080.020
[2,  1640] loss: 56018.532
[2,  1660] loss: 52930.281
[2,  1680] loss: 70011.063
[2,  1700] loss: 54549.620
[2,  1720] loss: 59495.318
[2,  1740] loss: 50663.282
[2,  1760] loss: 46160.599
[2,  1780] loss: 46720.156
[2,  1800] loss: 61767.889
[2,  1820] loss: 48560.972
[2,  1840] loss: 42071.326
[2,  1860] loss: 47223.290
[2,  1880] loss: 37746.465
[2,  1900] loss: 41859.997
[2,  1920] loss: 30033.773
[2,  1940] loss: 40194.693
[2,  1960] loss: 37207.989
[2,  1980] loss: 54253.971
[2,  2000] loss: 30493.159
[2,  2020] loss: 38586.723
[2,  2040] loss: 35224.142
[2,  2060] loss: 39711.203
[2,  2080] loss: 45376.019
[2,  2100] loss: 38179.827
[2,  2120] loss: 42921.621
[2,  2140] loss: 40636.695
[2,  2160] loss: 30048.085
[2,  2180] loss: 29417.073
[2,  2200] loss: 28677.331
[2,  2220] loss: 42312.088
[2,  2240] loss: 37477.828
[2,  2260] loss: 34679.760
[2,  2280] loss: 24783.570
[2,  2300] loss: 28609.516
[2,  2320] loss: 34879.312
[2,  2340] loss: 38419.292
[2,  2360] loss: 42070.137
[2,  2380] loss: 29441.904
[2,  2400] loss: 30492.136
[2,  2420] loss: 26612.527
[2,  2440] loss: 30481.341
[2,  2460] loss: 26777.425
[2,  2480] loss: 21353.625
[2,  2500] loss: 30786.677
[2,  2520] loss: 35395.768
[2,  2540] loss: 25346.318
[2,  2560] loss: 26516.913
[2,  2580] loss: 33696.502
[2,  2600] loss: 29352.942
[2,  2620] loss: 25690.970
[2,  2640] loss: 30125.386
[2,  2660] loss: 27286.182
[2,  2680] loss: 23193.657
[2,  2700] loss: 27931.197
[2,  2720] loss: 17845.958
[2,  2740] loss: 24697.828
[2,  2760] loss: 22950.355
[2,  2780] loss: 28079.102
[2,  2800] loss: 20943.914
[2,  2820] loss: 26456.572
[2,  2840] loss: 25821.560
[2,  2860] loss: 28453.254
[2,  2880] loss: 21919.232
[2,  2900] loss: 23874.398
[2,  2920] loss: 19795.438
[2,  2940] loss: 20513.009
[2,  2960] loss: 18071.832
[2,  2980] loss: 21963.098
[2,  3000] loss: 17523.080
[2,  3020] loss: 15988.072
[2,  3040] loss: 22143.634
[2,  3060] loss: 21523.265
[2,  3080] loss: 21322.770
[2,  3100] loss: 17631.820
[2,  3120] loss: 20667.386
[2,  3140] loss: 21372.484
[2,  3160] loss: 21217.651
[2,  3180] loss: 17661.606
[2,  3200] loss: 21366.734
[2,  3220] loss: 14582.752
[2,  3240] loss: 21868.751
[2,  3260] loss: 13091.107
[2,  3280] loss: 24609.046
[2,  3300] loss: 20415.927
[2,  3320] loss: 15687.636
[2,  3340] loss: 19342.444
[2,  3360] loss: 15717.881
[2,  3380] loss: 14898.678
[2,  3400] loss: 19763.316
[2,  3420] loss: 18096.266
[2,  3440] loss: 9865.908
[2,  3460] loss: 10714.319
[2,  3480] loss: 16699.983
[2,  3500] loss: 15626.893
[2,  3520] loss: 12945.577
[2,  3540] loss: 14502.144
[2,  3560] loss: 14675.773
[2,  3580] loss: 16352.367
[2,  3600] loss: 14916.678
[2,  3620] loss: 14190.218
[2,  3640] loss: 11579.010
[2,  3660] loss: 14938.033
[2,  3680] loss: 11792.195
[2,  3700] loss: 14292.817
[2,  3720] loss: 12104.378
[2,  3740] loss: 11807.889
[2,  3760] loss: 11879.629
[2,  3780] loss: 8413.202
[2,  3800] loss: 14418.216
[2,  3820] loss: 12495.981
[2,  3840] loss: 10553.773
[2,  3860] loss: 9097.563
[2,  3880] loss: 10335.621
[2,  3900] loss: 10865.455
[2,  3920] loss: 10365.684
[2,  3940] loss: 11697.571
[2,  3960] loss: 10505.180
[2,  3980] loss: 11841.614
[2,  4000] loss: 7833.766
[2,  4020] loss: 11117.705
[2,  4040] loss: 8210.298
[2,  4060] loss: 10668.246
[2,  4080] loss: 11745.956
[2,  4100] loss: 14396.936
[2,  4120] loss: 10185.913
[2,  4140] loss: 8570.701
[2,  4160] loss: 8442.816
[2,  4180] loss: 8707.857
[2,  4200] loss: 11449.121
[2,  4220] loss: 6602.524
[2,  4240] loss: 8358.692
[2,  4260] loss: 9376.782
[2,  4280] loss: 7204.957
[2,  4300] loss: 7575.154
[2,  4320] loss: 5448.575
[2,  4340] loss: 7375.786
[2,  4360] loss: 9417.615
[2,  4380] loss: 6687.669
[2,  4400] loss: 9605.473
[2,  4420] loss: 6924.723
[2,  4440] loss: 6726.581
[2,  4460] loss: 6834.240
[2,  4480] loss: 6026.176
[2,  4500] loss: 6180.796
[2,  4520] loss: 6965.385
[2,  4540] loss: 8512.394
[2,  4560] loss: 6796.378
[2,  4580] loss: 7098.004
[2,  4600] loss: 7432.711
[2,  4620] loss: 6890.696
[2,  4640] loss: 7901.867
[2,  4660] loss: 6176.691
[2,  4680] loss: 5788.043
[2,  4700] loss: 4749.572
[2,  4720] loss: 5239.958
[2,  4740] loss: 5685.522
[2,  4760] loss: 6404.600
[2,  4780] loss: 7726.638
[2,  4800] loss: 7002.097
[2,  4820] loss: 7034.860
[2,  4840] loss: 5734.233
[2,  4860] loss: 6270.752
[2,  4880] loss: 7405.338
[2,  4900] loss: 4270.065
[2,  4920] loss: 5153.099
[2,  4940] loss: 4848.216
[2,  4960] loss: 6164.642
[2,  4980] loss: 4955.955
[2,  5000] loss: 4791.098
[2,  5020] loss: 4822.499
[2,  5040] loss: 4638.735
[2,  5060] loss: 4562.042
[2,  5080] loss: 5643.655
[2,  5100] loss: 3280.204
[2,  5120] loss: 3870.262
[2,  5140] loss: 4812.365
[2,  5160] loss: 3930.281
[2,  5180] loss: 3987.209
[2,  5200] loss: 5700.566
[2,  5220] loss: 3574.232
[2,  5240] loss: 3767.316
[2,  5260] loss: 4099.676
[2,  5280] loss: 5230.248
[2,  5300] loss: 5164.018
[2,  5320] loss: 3436.496
[2,  5340] loss: 3741.263
[2,  5360] loss: 3549.817
[2,  5380] loss: 5109.213
[2,  5400] loss: 3321.833
[2,  5420] loss: 5146.522
[2,  5440] loss: 3219.737
[2,  5460] loss: 7677.157
[2,  5480] loss: 4874.264
[2,  5500] loss: 3419.704
[2,  5520] loss: 3190.680
[2,  5540] loss: 2982.518
[2,  5560] loss: 3580.373
[2,  5580] loss: 8466.003
[2,  5600] loss: 3659.270
[2,  5620] loss: 3389.899
[2,  5640] loss: 2598.272
[2,  5660] loss: 2612.323
[2,  5680] loss: 3581.165
[2,  5700] loss: 3732.554
[2,  5720] loss: 5174.196
[2,  5740] loss: 2672.426
[2,  5760] loss: 2228.067
[2,  5780] loss: 4139.179
[2,  5800] loss: 4633.548
[2,  5820] loss: 3086.280
[2,  5840] loss: 2786.470
[2,  5860] loss: 2246.094
[2,  5880] loss: 2699.150
[2,  5900] loss: 4824.429
[2,  5920] loss: 1595.227
[2,  5940] loss: 2050.368
[2,  5960] loss: 1637.386
[2,  5980] loss: 2183.108
[2,  6000] loss: 1878.235
[2,  6020] loss: 2417.467
[2,  6040] loss: 2544.975
[2,  6060] loss: 6423.309
[2,  6080] loss: 6482.293
[3,    20] loss: 13106.373
[3,    40] loss: 22737.368
[3,    60] loss: 17661.760
[3,    80] loss: 5453.215
[3,   100] loss: 2865.293
[3,   120] loss: 1550.557
[3,   140] loss: 2133.610
[3,   160] loss: 2095.494
[3,   180] loss: 1799.591
[3,   200] loss: 3005.008
[3,   220] loss: 1907.441
[3,   240] loss: 2568.630
[3,   260] loss: 2890.559
[3,   280] loss: 3666.807
[3,   300] loss: 2539.278
[3,   320] loss: 2462.849
[3,   340] loss: 2678.704
[3,   360] loss: 2169.690
[3,   380] loss: 3043.493
[3,   400] loss: 7043.925
[3,   420] loss: 3272.964
[3,   440] loss: 2460.507
[3,   460] loss: 2595.107
[3,   480] loss: 1828.685
[3,   500] loss: 1523.569
[3,   520] loss: 1479.260
[3,   540] loss: 1918.224
[3,   560] loss: 3158.146
[3,   580] loss: 1509.065
[3,   600] loss: 1661.434
[3,   620] loss: 1483.740
[3,   640] loss: 2605.912
[3,   660] loss: 2621.996
[3,   680] loss: 1568.455
[3,   700] loss: 1092.003
[3,   720] loss: 1522.165
[3,   740] loss: 1624.862
[3,   760] loss: 1260.123
[3,   780] loss: 1425.320
[3,   800] loss: 896.323
[3,   820] loss: 1405.546
[3,   840] loss: 925.847
[3,   860] loss: 1820.818
[3,   880] loss: 1114.401
[3,   900] loss: 2637.979
[3,   920] loss: 2143.324
[3,   940] loss: 2011.893
[3,   960] loss: 1717.530
[3,   980] loss: 1535.738
[3,  1000] loss: 1953.260
[3,  1020] loss: 1734.789
[3,  1040] loss: 3000.828
[3,  1060] loss: 806.578
[3,  1080] loss: 1562.743
[3,  1100] loss: 16965.408
[3,  1120] loss: 27636.378
[3,  1140] loss: 12402.778
[3,  1160] loss: 1172.906
[3,  1180] loss: 905.301
[3,  1200] loss: 1454.014
[3,  1220] loss: 1735.552
[3,  1240] loss: 1367.973
[3,  1260] loss: 930.546
[3,  1280] loss: 2137.837
[3,  1300] loss: 1372.391
[3,  1320] loss: 876.298
[3,  1340] loss: 803.861
[3,  1360] loss: 800.437
[3,  1380] loss: 783.979
[3,  1400] loss: 1858.962
[3,  1420] loss: 2915.754
[3,  1440] loss: 2706.664
[3,  1460] loss: 1456.193
[3,  1480] loss: 1379.505
[3,  1500] loss: 2203.220
[3,  1520] loss: 1154.576
[3,  1540] loss: 1483.419
[3,  1560] loss: 1531.041
[3,  1580] loss: 1085.804
[3,  1600] loss: 1405.427
[3,  1620] loss: 2817.913
[3,  1640] loss: 1153.888
[3,  1660] loss: 1305.675
[3,  1680] loss: 3245.666
[3,  1700] loss: 4513.493
[3,  1720] loss: 1906.341
[3,  1740] loss: 3725.721
[3,  1760] loss: 4111.670
[3,  1780] loss: 2107.677
[3,  1800] loss: 4485.026
[3,  1820] loss: 5205.757
[3,  1840] loss: 6881.878
[3,  1860] loss: 4431.073
[3,  1880] loss: 27018.995
[3,  1900] loss: 15167.375
[3,  1920] loss: 9706.593
[3,  1940] loss: 4483.266
[3,  1960] loss: 2402.074
[3,  1980] loss: 2717.453
[3,  2000] loss: 3817.145
[3,  2020] loss: 2514.175
[3,  2040] loss: 7600.257
[3,  2060] loss: 6972.811
[3,  2080] loss: 5697.125
[3,  2100] loss: 7673.515
[3,  2120] loss: 4622.070
[3,  2140] loss: 3400.090
[3,  2160] loss: 2767.720
[3,  2180] loss: 2422.502
[3,  2200] loss: 1634.595
[3,  2220] loss: 462.297
[3,  2240] loss: 1838.889
[3,  2260] loss: 3582.824
[3,  2280] loss: 2654.031
[3,  2300] loss: 942.768
[3,  2320] loss: 542.645
[3,  2340] loss: 637.759
[3,  2360] loss: 840.044
[3,  2380] loss: 481.516
[3,  2400] loss: 808.920
[3,  2420] loss: 1961.068
[3,  2440] loss: 1682.736
[3,  2460] loss: 1594.628
[3,  2480] loss: 1511.152
[3,  2500] loss: 24942.243
[3,  2520] loss: 55522.449
[3,  2540] loss: 8260.518
[3,  2560] loss: 5050.897
[3,  2580] loss: 1660.807
[3,  2600] loss: 1445.289
[3,  2620] loss: 775.103
[3,  2640] loss: 849.369
[3,  2660] loss: 421.132
[3,  2680] loss: 529.916
[3,  2700] loss: 313.291
[3,  2720] loss: 353.785
[3,  2740] loss: 620.420
[3,  2760] loss: 1156.314
[3,  2780] loss: 680.365
[3,  2800] loss: 972.801
[3,  2820] loss: 20521.191
[3,  2840] loss: 25496.719
[3,  2860] loss: 10971.256
[3,  2880] loss: 2190.352
[3,  2900] loss: 783.639
[3,  2920] loss: 576.002
[3,  2940] loss: 3114.523
[3,  2960] loss: 1135.875
[3,  2980] loss: 1636.774
[3,  3000] loss: 6795.895
[3,  3020] loss: 2161.392
[3,  3040] loss: 1063.177
[3,  3060] loss: 823.491
[3,  3080] loss: 465.806
[3,  3100] loss: 488.050
[3,  3120] loss: 355.703
[3,  3140] loss: 216.211
[3,  3160] loss: 285.552
[3,  3180] loss: 326.319
[3,  3200] loss: 379.576
[3,  3220] loss: 1790.739
[3,  3240] loss: 4308.170
[3,  3260] loss: 5729.754
[3,  3280] loss: 6608.597
[3,  3300] loss: 17964.484
[3,  3320] loss: 21864.666
[3,  3340] loss: 6679.232
[3,  3360] loss: 2779.125
[3,  3380] loss: 1732.520
[3,  3400] loss: 1550.049
[3,  3420] loss: 904.582
[3,  3440] loss: 295.728
[3,  3460] loss: 224.671
[3,  3480] loss: 220.799
[3,  3500] loss: 317.875
[3,  3520] loss: 533.281
[3,  3540] loss: 410.736
[3,  3560] loss: 228.820
[3,  3580] loss: 300.796
[3,  3600] loss: 362.962
[3,  3620] loss: 862.002
[3,  3640] loss: 413.103
[3,  3660] loss: 295.746
[3,  3680] loss: 567.540
[3,  3700] loss: 1065.531
[3,  3720] loss: 537.552
[3,  3740] loss: 179.786
[3,  3760] loss: 393.180
[3,  3780] loss: 1294.896
[3,  3800] loss: 941.569
[3,  3820] loss: 1862.252
[3,  3840] loss: 19680.087
[3,  3860] loss: 32370.843
[3,  3880] loss: 14215.658
[3,  3900] loss: 7860.805
[3,  3920] loss: 9565.137
[3,  3940] loss: 2684.956
[3,  3960] loss: 1038.877
[3,  3980] loss: 477.205
[3,  4000] loss: 673.035
[3,  4020] loss: 346.292
[3,  4040] loss: 1724.209
[3,  4060] loss: 1600.862
[3,  4080] loss: 1792.489
[3,  4100] loss: 1864.123
[3,  4120] loss: 1584.952
[3,  4140] loss: 1020.319
[3,  4160] loss: 1159.859
[3,  4180] loss: 1106.937
[3,  4200] loss: 1755.041
[3,  4220] loss: 2988.315
[3,  4240] loss: 2865.304
[3,  4260] loss: 1621.139
[3,  4280] loss: 2038.087
[3,  4300] loss: 4444.255
[3,  4320] loss: 1222.269
[3,  4340] loss: 1367.548
[3,  4360] loss: 779.983
[3,  4380] loss: 280.499
[3,  4400] loss: 279.908
[3,  4420] loss: 292.452
[3,  4440] loss: 3803.894
[3,  4460] loss: 6212.591
[3,  4480] loss: 12621.550
[3,  4500] loss: 11633.693
[3,  4520] loss: 1283.306
[3,  4540] loss: 633.734
[3,  4560] loss: 212.731
[3,  4580] loss: 4225.824
[3,  4600] loss: 2533.001
[3,  4620] loss: 4050.396
[3,  4640] loss: 10859.340
[3,  4660] loss: 5735.074
[3,  4680] loss: 18301.020
[3,  4700] loss: 111394.927
[3,  4720] loss: 38902.890
[3,  4740] loss: 63913.944
[3,  4760] loss: 45510.306
[3,  4780] loss: 24319.950
[3,  4800] loss: 16955.870
[3,  4820] loss: 2282.314
[3,  4840] loss: 227.699
[3,  4860] loss: 187.514
[3,  4880] loss: 152.300
[3,  4900] loss: 97.918
[3,  4920] loss: 100.383
[3,  4940] loss: 84.227
[3,  4960] loss: 68.106
[3,  4980] loss: 136.861
[3,  5000] loss: 294.979
[3,  5020] loss: 256.702
[3,  5040] loss: 79.400
[3,  5060] loss: 791.952
[3,  5080] loss: 952.864
[3,  5100] loss: 252.111
[3,  5120] loss: 400.075
[3,  5140] loss: 174.130
[3,  5160] loss: 153.018
[3,  5180] loss: 313.085
[3,  5200] loss: 616.173
[3,  5220] loss: 289.185
[3,  5240] loss: 344.463
[3,  5260] loss: 178.469
[3,  5280] loss: 389.584
[3,  5300] loss: 2076.561
[3,  5320] loss: 396.105
[3,  5340] loss: 131.004
[3,  5360] loss: 98.175
[3,  5380] loss: 93.870
[3,  5400] loss: 94.596
[3,  5420] loss: 458.898
[3,  5440] loss: 187.967
[3,  5460] loss: 92.452
[3,  5480] loss: 319.694
[3,  5500] loss: 233.783
[3,  5520] loss: 105.957
[3,  5540] loss: 120.253
[3,  5560] loss: 57.980
[3,  5580] loss: 96.501
[3,  5600] loss: 258.753
[3,  5620] loss: 1706.976
[3,  5640] loss: 9124.488
[3,  5660] loss: 4630.228
[3,  5680] loss: 1417.558
[3,  5700] loss: 9568.248
[3,  5720] loss: 29610.899
[3,  5740] loss: 23289.793
[3,  5760] loss: 22827.228
[3,  5780] loss: 14561.659
[3,  5800] loss: 6592.857
[3,  5820] loss: 2411.273
[3,  5840] loss: 558.844
[3,  5860] loss: 698.378
[3,  5880] loss: 330.895
[3,  5900] loss: 230.851
[3,  5920] loss: 82.373
[3,  5940] loss: 131.595
[3,  5960] loss: 107.763
[3,  5980] loss: 56.512
[3,  6000] loss: 48.128
[3,  6020] loss: 48.038
[3,  6040] loss: 80.431
[3,  6060] loss: 33.954
[3,  6080] loss: 69.414
[1,    20] loss: 76.681
[1,    40] loss: 51.562
[1,    60] loss: 48.091
[1,    80] loss: 62.602
[1,   100] loss: 55.197
[1,   120] loss: 53.528
[1,   140] loss: 84.570
[1,   160] loss: 106.745
[1,   180] loss: 133.622
[1,   200] loss: 132.665
[1,   220] loss: 138.416
[1,   240] loss: 188.896
[1,   260] loss: 189.503
[1,   280] loss: 185.427
[1,   300] loss: 179.900
[1,   320] loss: 175.927
[1,   340] loss: 179.556
[1,   360] loss: 188.702
[1,   380] loss: 221.080
[1,   400] loss: 327.051
[1,   420] loss: 402.736
[1,   440] loss: 409.865
[1,   460] loss: 393.327
[1,   480] loss: 378.909
[1,   500] loss: 364.385
[1,   520] loss: 353.046
[1,   540] loss: 344.614
[1,   560] loss: 334.954
[1,   580] loss: 325.748
[1,   600] loss: 315.688
[1,   620] loss: 307.375
[1,   640] loss: 302.233
[1,   660] loss: 299.984
[2,    20] loss: 76.681
[2,    40] loss: 51.562
[2,    60] loss: 48.091
[2,    80] loss: 62.602
[2,   100] loss: 55.197
[2,   120] loss: 53.528
[2,   140] loss: 84.570
[2,   160] loss: 106.745
[2,   180] loss: 133.622
[2,   200] loss: 132.665
[2,   220] loss: 138.416
[2,   240] loss: 188.896
[2,   260] loss: 189.503
[2,   280] loss: 185.427
[2,   300] loss: 179.900
[2,   320] loss: 175.927
[2,   340] loss: 179.556
[2,   360] loss: 188.702
[2,   380] loss: 221.080
[2,   400] loss: 327.051
[2,   420] loss: 402.736
[2,   440] loss: 409.865
[2,   460] loss: 393.327
[2,   480] loss: 378.909
[2,   500] loss: 364.385
[2,   520] loss: 353.046
[2,   540] loss: 344.614
[2,   560] loss: 334.954
[2,   580] loss: 325.748
[2,   600] loss: 315.688
[2,   620] loss: 307.375
[2,   640] loss: 302.233
[2,   660] loss: 299.984
[3,    20] loss: 76.681
[3,    40] loss: 51.562
[3,    60] loss: 48.091
[3,    80] loss: 62.602
[3,   100] loss: 55.197
[3,   120] loss: 53.528
[3,   140] loss: 84.570
[3,   160] loss: 106.745
[3,   180] loss: 133.622
[3,   200] loss: 132.665
[3,   220] loss: 138.416
[3,   240] loss: 188.896
[3,   260] loss: 189.503
[3,   280] loss: 185.427
[3,   300] loss: 179.900
[3,   320] loss: 175.927
[3,   340] loss: 179.556
[3,   360] loss: 188.702
[3,   380] loss: 221.080
[3,   400] loss: 327.051
[3,   420] loss: 402.736
[3,   440] loss: 409.865
[3,   460] loss: 393.327
[3,   480] loss: 378.909
[3,   500] loss: 364.385
[3,   520] loss: 353.046
[3,   540] loss: 344.614
[3,   560] loss: 334.954
[3,   580] loss: 325.748
[3,   600] loss: 315.688
[3,   620] loss: 307.375
[3,   640] loss: 302.233
[3,   660] loss: 299.984
