cuda:  4
color_space: RGB
batch_size: 5
num_epcochs: 3
learning_rate: 0.003
[1,    20] loss: 3.228
[1,    40] loss: 0.521
[1,    60] loss: 0.179
[1,    80] loss: 0.068
[1,   100] loss: 0.060
[1,   120] loss: 0.169
[1,   140] loss: 0.092
[1,   160] loss: 0.068
[1,   180] loss: 0.067
[1,   200] loss: 0.092
[1,   220] loss: 0.046
[1,   240] loss: 0.079
[1,   260] loss: 0.051
[1,   280] loss: 0.064
[1,   300] loss: 0.050
[1,   320] loss: 0.055
[1,   340] loss: 0.106
[1,   360] loss: 0.030
[1,   380] loss: 0.060
[1,   400] loss: 0.033
[1,   420] loss: 0.172
[1,   440] loss: 0.083
[1,   460] loss: 0.078
[1,   480] loss: 0.066
[1,   500] loss: 0.034
[1,   520] loss: 0.032
[1,   540] loss: 0.095
[1,   560] loss: 0.059
[1,   580] loss: 0.062
[1,   600] loss: 0.062
[1,   620] loss: 0.088
[1,   640] loss: 0.058
[1,   660] loss: 0.023
[1,   680] loss: 0.093
[1,   700] loss: 0.103
[1,   720] loss: 0.078
[1,   740] loss: 0.095
[1,   760] loss: 0.106
[1,   780] loss: 0.077
[1,   800] loss: 0.073
[1,   820] loss: 0.075
[1,   840] loss: 0.082
[1,   860] loss: 0.098
[1,   880] loss: 0.089
[1,   900] loss: 0.138
[1,   920] loss: 0.133
[1,   940] loss: 0.043
[1,   960] loss: 0.053
[1,   980] loss: 0.064
[1,  1000] loss: 0.057
[1,  1020] loss: 0.023
[1,  1040] loss: 0.043
[1,  1060] loss: 0.042
[1,  1080] loss: 0.043
[1,  1100] loss: 0.044
[1,  1120] loss: 0.062
[1,  1140] loss: 0.055
[1,  1160] loss: 0.069
[1,  1180] loss: 0.086
[1,  1200] loss: 0.118
[1,  1220] loss: 0.048
[1,  1240] loss: 0.035
[1,  1260] loss: 0.087
[1,  1280] loss: 0.074
[1,  1300] loss: 0.064
[1,  1320] loss: 0.033
[1,  1340] loss: 0.028
[1,  1360] loss: 0.066
[1,  1380] loss: 0.094
[1,  1400] loss: 0.037
[1,  1420] loss: 0.098
[1,  1440] loss: 0.128
[1,  1460] loss: 0.044
[1,  1480] loss: 0.074
[1,  1500] loss: 0.048
[1,  1520] loss: 0.055
[1,  1540] loss: 0.073
[1,  1560] loss: 0.047
[1,  1580] loss: 0.111
[1,  1600] loss: 0.072
[1,  1620] loss: 0.048
[1,  1640] loss: 0.041
[1,  1660] loss: 0.110
[1,  1680] loss: 0.141
[1,  1700] loss: 0.065
[1,  1720] loss: 0.068
[1,  1740] loss: 0.080
[1,  1760] loss: 0.124
[1,  1780] loss: 0.049
[1,  1800] loss: 0.071
[1,  1820] loss: 0.049
[1,  1840] loss: 0.055
[1,  1860] loss: 0.087
[1,  1880] loss: 0.055
[1,  1900] loss: 0.049
[1,  1920] loss: 0.061
[1,  1940] loss: 0.057
[1,  1960] loss: 0.146
[1,  1980] loss: 0.046
[1,  2000] loss: 0.134
[1,  2020] loss: 0.058
[1,  2040] loss: 0.069
[1,  2060] loss: 0.097
[1,  2080] loss: 0.048
[1,  2100] loss: 0.086
[1,  2120] loss: 0.095
[1,  2140] loss: 0.054
[1,  2160] loss: 0.076
[1,  2180] loss: 0.091
[1,  2200] loss: 0.080
[1,  2220] loss: 0.119
[1,  2240] loss: 0.086
[1,  2260] loss: 0.082
[1,  2280] loss: 0.031
[1,  2300] loss: 0.089
[1,  2320] loss: 0.079
[1,  2340] loss: 0.078
[1,  2360] loss: 0.048
[1,  2380] loss: 0.064
[1,  2400] loss: 0.115
[1,  2420] loss: 0.057
[1,  2440] loss: 0.071
[1,  2460] loss: 0.029
[1,  2480] loss: 0.048
[1,  2500] loss: 0.107
[1,  2520] loss: 0.085
[1,  2540] loss: 0.061
[1,  2560] loss: 0.081
[1,  2580] loss: 0.069
[1,  2600] loss: 0.154
[1,  2620] loss: 0.074
[1,  2640] loss: 0.076
[1,  2660] loss: 0.067
[1,  2680] loss: 0.073
[1,  2700] loss: 0.075
[1,  2720] loss: 0.066
[1,  2740] loss: 0.093
[1,  2760] loss: 0.047
[1,  2780] loss: 0.106
[1,  2800] loss: 0.073
[1,  2820] loss: 0.045
[1,  2840] loss: 0.089
[1,  2860] loss: 0.114
[1,  2880] loss: 0.104
[1,  2900] loss: 0.073
[1,  2920] loss: 0.049
[1,  2940] loss: 0.062
[1,  2960] loss: 0.084
[1,  2980] loss: 0.100
[1,  3000] loss: 0.105
[1,  3020] loss: 404721405.947
[1,  3040] loss: 1622592119856.400
[1,  3060] loss: 1019432735232.000
[1,  3080] loss: 34182726073.600
[1,  3100] loss: 2292892001.000
[1,  3120] loss: 693957751.600
[1,  3140] loss: 334747679.800
[1,  3160] loss: 160117829.000
[1,  3180] loss: 100565651.450
[1,  3200] loss: 43254168.750
[1,  3220] loss: 32227116.900
[1,  3240] loss: 25251011.113
[1,  3260] loss: 29056611.250
[1,  3280] loss: 31184702.725
[1,  3300] loss: 20619705.375
[1,  3320] loss: 14034778.850
[1,  3340] loss: 16842412.631
[1,  3360] loss: 14871711.262
[1,  3380] loss: 15859005.287
[1,  3400] loss: 15613010.950
[1,  3420] loss: 15299101.300
[1,  3440] loss: 18347152.462
[1,  3460] loss: 16496863.725
[1,  3480] loss: 10074106.419
[1,  3500] loss: 13069557.406
[1,  3520] loss: 10810414.425
[1,  3540] loss: 7550579.062
[1,  3560] loss: 8611842.391
[1,  3580] loss: 8015890.494
[1,  3600] loss: 6821644.750
[1,  3620] loss: 8408847.613
[1,  3640] loss: 7931594.700
[1,  3660] loss: 5090424.344
[1,  3680] loss: 7654242.356
[1,  3700] loss: 7168683.569
[1,  3720] loss: 7495408.694
[1,  3740] loss: 7301326.463
[1,  3760] loss: 8764222.525
[1,  3780] loss: 5404045.106
[1,  3800] loss: 7343231.850
[1,  3820] loss: 4054762.431
[1,  3840] loss: 5969767.569
[1,  3860] loss: 4232941.811
[1,  3880] loss: 4391899.134
[1,  3900] loss: 3447503.959
[1,  3920] loss: 5123257.391
[1,  3940] loss: 3795202.141
[1,  3960] loss: 4722278.925
[1,  3980] loss: 3194677.003
[1,  4000] loss: 4279360.097
[1,  4020] loss: 3201243.163
[1,  4040] loss: 4415257.213
[1,  4060] loss: 3719092.291
[1,  4080] loss: 4979863.731
[1,  4100] loss: 2913580.041
[1,  4120] loss: 4098739.672
[1,  4140] loss: 2759885.705
[1,  4160] loss: 5250263.375
[1,  4180] loss: 3210631.950
[1,  4200] loss: 2614990.277
[1,  4220] loss: 3017352.484
[1,  4240] loss: 2321230.987
[1,  4260] loss: 1844662.800
[1,  4280] loss: 2346959.830
[1,  4300] loss: 2424304.792
[1,  4320] loss: 3273990.691
[1,  4340] loss: 3520560.922
[1,  4360] loss: 2470379.320
[1,  4380] loss: 2887904.580
[1,  4400] loss: 2877099.787
[1,  4420] loss: 1601049.295
[1,  4440] loss: 2714515.349
[1,  4460] loss: 2278172.853
[1,  4480] loss: 2758675.020
[1,  4500] loss: 2315989.500
[1,  4520] loss: 2020298.233
[1,  4540] loss: 2326594.462
[1,  4560] loss: 2387685.706
[1,  4580] loss: 1844398.325
[1,  4600] loss: 2256870.681
[1,  4620] loss: 2103614.869
[1,  4640] loss: 2492449.950
[1,  4660] loss: 3258874.359
[1,  4680] loss: 2871193.359
[1,  4700] loss: 7447487.787
[1,  4720] loss: 2340151.661
[1,  4740] loss: 2375016.041
[1,  4760] loss: 1710527.667
[1,  4780] loss: 1249261.997
[1,  4800] loss: 1203353.747
[1,  4820] loss: 2065448.684
[1,  4840] loss: 1925501.600
[1,  4860] loss: 3337781.672
[1,  4880] loss: 1773619.017
[1,  4900] loss: 1629701.704
[1,  4920] loss: 1403871.058
[1,  4940] loss: 2561929.753
[1,  4960] loss: 3190658.247
[1,  4980] loss: 3010955.711
[1,  5000] loss: 1869890.284
[1,  5020] loss: 1300711.822
[1,  5040] loss: 2366971.830
[1,  5060] loss: 2198224.687
[1,  5080] loss: 1230884.816
[1,  5100] loss: 1160167.734
[1,  5120] loss: 973927.869
[1,  5140] loss: 2019865.818
[1,  5160] loss: 2581383.081
[1,  5180] loss: 1297243.309
[1,  5200] loss: 2282865.476
[1,  5220] loss: 1647330.878
[1,  5240] loss: 991366.900
[1,  5260] loss: 1414626.077
[1,  5280] loss: 1392408.547
[1,  5300] loss: 2222213.837
[1,  5320] loss: 2296139.053
[1,  5340] loss: 1980921.614
[1,  5360] loss: 2378817.575
[1,  5380] loss: 1655176.791
[1,  5400] loss: 1844442.568
[1,  5420] loss: 2114524.407
[1,  5440] loss: 1272775.004
[1,  5460] loss: 1317927.312
[1,  5480] loss: 1195824.758
[1,  5500] loss: 954243.077
[1,  5520] loss: 1639931.622
[1,  5540] loss: 1321538.277
[1,  5560] loss: 1275118.527
[1,  5580] loss: 1774993.834
[1,  5600] loss: 2029107.903
[1,  5620] loss: 2109255.830
[1,  5640] loss: 1683096.898
[1,  5660] loss: 919273.091
[1,  5680] loss: 1558736.630
[1,  5700] loss: 967150.691
[1,  5720] loss: 1035346.031
[1,  5740] loss: 3752777.742
[1,  5760] loss: 1441481.597
[1,  5780] loss: 1766844.684
[1,  5800] loss: 1194038.483
[1,  5820] loss: 1339072.413
[1,  5840] loss: 1811076.547
[1,  5860] loss: 3372107.866
[1,  5880] loss: 2551744.423
[1,  5900] loss: 2465087.722
[1,  5920] loss: 2748270.345
[1,  5940] loss: 3222003.491
[1,  5960] loss: 1774345.459
[1,  5980] loss: 2777849.158
[1,  6000] loss: 1505873.593
[1,  6020] loss: 4372192.025
[1,  6040] loss: 2417339.814
[1,  6060] loss: 770342.570
[1,  6080] loss: 1639682.459
[2,    20] loss: 1461115.611
[2,    40] loss: 1721452.414
[2,    60] loss: 1914093.220
[2,    80] loss: 808157.451
[2,   100] loss: 676345.149
[2,   120] loss: 660396.144
[2,   140] loss: 737034.846
[2,   160] loss: 1020541.643
[2,   180] loss: 6750726.916
[2,   200] loss: 5025679.203
[2,   220] loss: 1198855.353
[2,   240] loss: 845951.446
[2,   260] loss: 844991.959
[2,   280] loss: 1790504.046
[2,   300] loss: 825341.045
[2,   320] loss: 1107503.806
[2,   340] loss: 1380281.697
[2,   360] loss: 1349125.329
[2,   380] loss: 727649.764
[2,   400] loss: 1963235.866
[2,   420] loss: 2368672.333
[2,   440] loss: 2234255.527
[2,   460] loss: 923615.745
[2,   480] loss: 803495.737
[2,   500] loss: 635959.448
[2,   520] loss: 973949.734
[2,   540] loss: 1730140.505
[2,   560] loss: 1359493.366
[2,   580] loss: 1554956.561
[2,   600] loss: 634401.995
[2,   620] loss: 463249.713
[2,   640] loss: 805346.021
[2,   660] loss: 717246.086
[2,   680] loss: 789533.019
[2,   700] loss: 1166974.166
[2,   720] loss: 1284838.641
[2,   740] loss: 2557898.972
[2,   760] loss: 1863552.825
[2,   780] loss: 764073.753
[2,   800] loss: 1001549.700
[2,   820] loss: 905784.710
[2,   840] loss: 842442.407
[2,   860] loss: 1316752.395
[2,   880] loss: 941812.353
[2,   900] loss: 541916.668
[2,   920] loss: 721401.273
[2,   940] loss: 556198.464
[2,   960] loss: 618323.329
[2,   980] loss: 642613.751
[2,  1000] loss: 510241.221
[2,  1020] loss: 1266996.918
[2,  1040] loss: 1429773.106
[2,  1060] loss: 1208694.689
[2,  1080] loss: 987320.303
[2,  1100] loss: 1267985.856
[2,  1120] loss: 798342.067
[2,  1140] loss: 512540.248
[2,  1160] loss: 553641.691
[2,  1180] loss: 740556.919
[2,  1200] loss: 506690.516
[2,  1220] loss: 1055713.655
[2,  1240] loss: 896989.380
[2,  1260] loss: 1359645.750
[2,  1280] loss: 936193.685
[2,  1300] loss: 1484448.711
[2,  1320] loss: 1863404.366
[2,  1340] loss: 1002008.916
[2,  1360] loss: 791708.903
[2,  1380] loss: 540167.449
[2,  1400] loss: 541172.410
[2,  1420] loss: 406166.648
[2,  1440] loss: 561160.874
[2,  1460] loss: 432933.809
[2,  1480] loss: 346530.202
[2,  1500] loss: 362089.496
[2,  1520] loss: 336295.300
[2,  1540] loss: 363996.107
[2,  1560] loss: 481051.662
[2,  1580] loss: 478377.938
[2,  1600] loss: 342688.676
[2,  1620] loss: 553985.173
[2,  1640] loss: 677256.459
[2,  1660] loss: 6653760.247
[2,  1680] loss: 5006166.795
[2,  1700] loss: 2608529.869
[2,  1720] loss: 465691.879
[2,  1740] loss: 381669.742
[2,  1760] loss: 373050.880
[2,  1780] loss: 500868.571
[2,  1800] loss: 829164.956
[2,  1820] loss: 934828.633
[2,  1840] loss: 304879.056
[2,  1860] loss: 252429.759
[2,  1880] loss: 265930.291
[2,  1900] loss: 335196.361
[2,  1920] loss: 378277.454
[2,  1940] loss: 416236.544
[2,  1960] loss: 363410.309
[2,  1980] loss: 289107.337
[2,  2000] loss: 503431.180
[2,  2020] loss: 291786.048
[2,  2040] loss: 436318.404
[2,  2060] loss: 636698.734
[2,  2080] loss: 632961.770
[2,  2100] loss: 465413.850
[2,  2120] loss: 630514.508
[2,  2140] loss: 370098.891
[2,  2160] loss: 329064.308
[2,  2180] loss: 1025698.536
[2,  2200] loss: 690014.825
[2,  2220] loss: 459011.317
[2,  2240] loss: 316354.850
[2,  2260] loss: 279132.512
[2,  2280] loss: 307439.388
[2,  2300] loss: 337886.768
[2,  2320] loss: 263153.359
[2,  2340] loss: 310195.190
[2,  2360] loss: 693367.195
[2,  2380] loss: 393637.114
[2,  2400] loss: 414675.876
[2,  2420] loss: 405073.600
[2,  2440] loss: 475656.263
[2,  2460] loss: 376499.668
[2,  2480] loss: 238166.290
[2,  2500] loss: 299232.867
[2,  2520] loss: 551364.107
[2,  2540] loss: 378239.024
[2,  2560] loss: 188352.335
[2,  2580] loss: 315315.966
[2,  2600] loss: 254115.376
[2,  2620] loss: 427559.407
[2,  2640] loss: 514253.908
[2,  2660] loss: 235183.478
[2,  2680] loss: 428931.044
[2,  2700] loss: 222831.169
[2,  2720] loss: 687643.921
[2,  2740] loss: 604736.436
[2,  2760] loss: 508732.297
[2,  2780] loss: 500633.524
[2,  2800] loss: 1513835.395
[2,  2820] loss: 963191.773
[2,  2840] loss: 800514.632
[2,  2860] loss: 443005.195
[2,  2880] loss: 927823.461
[2,  2900] loss: 865480.416
[2,  2920] loss: 518335.044
[2,  2940] loss: 427958.149
[2,  2960] loss: 208391.397
[2,  2980] loss: 354565.267
[2,  3000] loss: 1031539.280
[2,  3020] loss: 542129.952
[2,  3040] loss: 488583.295
[2,  3060] loss: 221646.448
[2,  3080] loss: 108762.071
[2,  3100] loss: 164294.349
[2,  3120] loss: 175262.549
[2,  3140] loss: 196960.466
[2,  3160] loss: 248320.526
[2,  3180] loss: 332644.311
[2,  3200] loss: 368640.792
[2,  3220] loss: 436135.594
[2,  3240] loss: 260436.335
[2,  3260] loss: 257501.183
[2,  3280] loss: 271494.816
[2,  3300] loss: 268754.745
[2,  3320] loss: 372229.714
[2,  3340] loss: 1232720.918
[2,  3360] loss: 637115.458
[2,  3380] loss: 318774.382
[2,  3400] loss: 140488.554
[2,  3420] loss: 450262.512
[2,  3440] loss: 368152.724
[2,  3460] loss: 360290.723
[2,  3480] loss: 109739.051
[2,  3500] loss: 261600.856
[2,  3520] loss: 277608.140
[2,  3540] loss: 391778.765
[2,  3560] loss: 765984.681
[2,  3580] loss: 2108218.513
[2,  3600] loss: 5137386.641
[2,  3620] loss: 1495000.945
[2,  3640] loss: 2190353.127
[2,  3660] loss: 1129446.266
[2,  3680] loss: 1342412.817
[2,  3700] loss: 338125.236
[2,  3720] loss: 618714.412
[2,  3740] loss: 680466.874
[2,  3760] loss: 347141.689
[2,  3780] loss: 153152.183
[2,  3800] loss: 135898.248
[2,  3820] loss: 340748.081
[2,  3840] loss: 236092.328
[2,  3860] loss: 157368.745
[2,  3880] loss: 91088.398
[2,  3900] loss: 162321.285
[2,  3920] loss: 382682.784
[2,  3940] loss: 324041.962
[2,  3960] loss: 132173.817
[2,  3980] loss: 120112.338
[2,  4000] loss: 231415.460
[2,  4020] loss: 131426.051
[2,  4040] loss: 116129.641
[2,  4060] loss: 121885.740
[2,  4080] loss: 262194.054
[2,  4100] loss: 554224.909
[2,  4120] loss: 257710.228
[2,  4140] loss: 197916.286
[2,  4160] loss: 215424.713
[2,  4180] loss: 118040.835
[2,  4200] loss: 106751.284
[2,  4220] loss: 160598.861
[2,  4240] loss: 175546.927
[2,  4260] loss: 806161.155
[2,  4280] loss: 428443.575
[2,  4300] loss: 101793.081
[2,  4320] loss: 273153.461
[2,  4340] loss: 149819.854
[2,  4360] loss: 203430.715
[2,  4380] loss: 380264.244
[2,  4400] loss: 566629.997
[2,  4420] loss: 319166.994
[2,  4440] loss: 373719.837
[2,  4460] loss: 1012604.659
[2,  4480] loss: 2570333.659
[2,  4500] loss: 4791400.550
[2,  4520] loss: 4464193.131
[2,  4540] loss: 6442156.963
[2,  4560] loss: 3950742.606
[2,  4580] loss: 1740964.573
[2,  4600] loss: 1592809.313
[2,  4620] loss: 863250.008
[2,  4640] loss: 293345.560
[2,  4660] loss: 245632.582
[2,  4680] loss: 254112.003
[2,  4700] loss: 538769.665
[2,  4720] loss: 511411.423
[2,  4740] loss: 214972.251
[2,  4760] loss: 249180.382
[2,  4780] loss: 526279.671
[2,  4800] loss: 1068078.541
[2,  4820] loss: 1520545.013
[2,  4840] loss: 210983.329
[2,  4860] loss: 419221.654
[2,  4880] loss: 136306.456
[2,  4900] loss: 123233.331
[2,  4920] loss: 141976.625
[2,  4940] loss: 105487.510
[2,  4960] loss: 72894.142
[2,  4980] loss: 51258.468
[2,  5000] loss: 112494.850
[2,  5020] loss: 162248.301
[2,  5040] loss: 109006.216
[2,  5060] loss: 253598.601
[2,  5080] loss: 812405.524
[2,  5100] loss: 2285654.615
[2,  5120] loss: 2553242.630
[2,  5140] loss: 1826635.153
[2,  5160] loss: 526503.194
[2,  5180] loss: 202773.477
[2,  5200] loss: 187173.974
[2,  5220] loss: 237034.150
[2,  5240] loss: 215926.273
[2,  5260] loss: 75408.059
[2,  5280] loss: 129154.344
[2,  5300] loss: 396137.040
[2,  5320] loss: 419412.076
[2,  5340] loss: 187194.382
[2,  5360] loss: 513708.326
[2,  5380] loss: 688097.446
[2,  5400] loss: 305270.991
[2,  5420] loss: 175183.391
[2,  5440] loss: 60232.858
[2,  5460] loss: 71833.084
[2,  5480] loss: 78606.058
[2,  5500] loss: 57019.720
[2,  5520] loss: 44792.331
[2,  5540] loss: 73847.566
[2,  5560] loss: 38593.359
[2,  5580] loss: 27606.847
[2,  5600] loss: 50634.084
[2,  5620] loss: 65166.966
[2,  5640] loss: 114093.679
[2,  5660] loss: 80658.139
[2,  5680] loss: 82091.158
[2,  5700] loss: 45025.150
[2,  5720] loss: 34271.395
[2,  5740] loss: 34380.677
[2,  5760] loss: 49737.149
[2,  5780] loss: 181529.237
[2,  5800] loss: 922279.209
[2,  5820] loss: 1138776.058
[2,  5840] loss: 3368197.204
[2,  5860] loss: 1764235.767
[2,  5880] loss: 1571009.573
[2,  5900] loss: 2579956.281
[2,  5920] loss: 5656809.138
[2,  5940] loss: 14557399.541
[2,  5960] loss: 10959030.011
[2,  5980] loss: 6966410.750
[2,  6000] loss: 1261886.203
[2,  6020] loss: 420004.276
[2,  6040] loss: 356209.878
[2,  6060] loss: 153016.217
[2,  6080] loss: 143794.038
[3,    20] loss: 93386.355
[3,    40] loss: 49597.683
[3,    60] loss: 34173.802
[3,    80] loss: 63141.580
[3,   100] loss: 135520.394
[3,   120] loss: 76499.808
[3,   140] loss: 107171.881
[3,   160] loss: 158133.463
[3,   180] loss: 188927.164
[3,   200] loss: 127192.119
[3,   220] loss: 50154.532
[3,   240] loss: 41847.421
[3,   260] loss: 64710.236
[3,   280] loss: 61598.656
[3,   300] loss: 49165.650
[3,   320] loss: 20492.437
[3,   340] loss: 28115.712
[3,   360] loss: 32568.956
[3,   380] loss: 17663.501
[3,   400] loss: 20787.997
[3,   420] loss: 20148.960
[3,   440] loss: 39644.327
[3,   460] loss: 48527.952
[3,   480] loss: 18201.728
[3,   500] loss: 25735.237
[3,   520] loss: 27726.346
[3,   540] loss: 19218.489
[3,   560] loss: 29910.104
[3,   580] loss: 34452.663
[3,   600] loss: 30909.823
[3,   620] loss: 18419.136
[3,   640] loss: 11634.246
[3,   660] loss: 32505.161
[3,   680] loss: 34762.308
[3,   700] loss: 47601.724
[3,   720] loss: 53343.112
[3,   740] loss: 25593.004
[3,   760] loss: 31809.336
[3,   780] loss: 16483.958
[3,   800] loss: 28727.001
[3,   820] loss: 31760.035
[3,   840] loss: 11028.033
[3,   860] loss: 18673.839
[3,   880] loss: 19897.472
[3,   900] loss: 17336.284
[3,   920] loss: 18381.142
[3,   940] loss: 21996.125
[3,   960] loss: 23366.618
[3,   980] loss: 27550.384
[3,  1000] loss: 42338.282
[3,  1020] loss: 76495.496
[3,  1040] loss: 53607.380
[3,  1060] loss: 128715.091
[3,  1080] loss: 251820.385
[3,  1100] loss: 197158.484
[3,  1120] loss: 161051.506
[3,  1140] loss: 80825.757
[3,  1160] loss: 71430.009
[3,  1180] loss: 130555.686
[3,  1200] loss: 78746.258
[3,  1220] loss: 25048.483
[3,  1240] loss: 11332.913
[3,  1260] loss: 18156.467
[3,  1280] loss: 17078.989
[3,  1300] loss: 16414.718
[3,  1320] loss: 21069.714
[3,  1340] loss: 17433.372
[3,  1360] loss: 33155.037
[3,  1380] loss: 39503.674
[3,  1400] loss: 75622.391
[3,  1420] loss: 206524.138
[3,  1440] loss: 140465.106
[3,  1460] loss: 78118.538
[3,  1480] loss: 27152.840
[3,  1500] loss: 27012.672
[3,  1520] loss: 15520.401
[3,  1540] loss: 19771.130
[3,  1560] loss: 31936.981
[3,  1580] loss: 34156.016
[3,  1600] loss: 12232.102
[3,  1620] loss: 74991.359
[3,  1640] loss: 36027.104
[3,  1660] loss: 46806.160
[3,  1680] loss: 34350.714
[3,  1700] loss: 54786.916
[3,  1720] loss: 39246.018
[3,  1740] loss: 28993.569
[3,  1760] loss: 55019.250
[3,  1780] loss: 41478.024
[3,  1800] loss: 74237.411
[3,  1820] loss: 293011.950
[3,  1840] loss: 122278.336
[3,  1860] loss: 57636.668
[3,  1880] loss: 58389.157
[3,  1900] loss: 518218.680
[3,  1920] loss: 249300.940
[3,  1940] loss: 194631.731
[3,  1960] loss: 727183.260
[3,  1980] loss: 1514116.456
[3,  2000] loss: 714245.844
[3,  2020] loss: 1849238.020
[3,  2040] loss: 620528.896
[3,  2060] loss: 424237.587
[3,  2080] loss: 330157.686
[3,  2100] loss: 153190.912
[3,  2120] loss: 80476.684
[3,  2140] loss: 46982.467
[3,  2160] loss: 18619.279
[3,  2180] loss: 46244.535
[3,  2200] loss: 98292.809
[3,  2220] loss: 129864.279
[3,  2240] loss: 69293.217
[3,  2260] loss: 27891.143
[3,  2280] loss: 16802.518
[3,  2300] loss: 13317.171
[3,  2320] loss: 8749.560
[3,  2340] loss: 20333.864
[3,  2360] loss: 20304.339
[3,  2380] loss: 6751.378
[3,  2400] loss: 19481.751
[3,  2420] loss: 10687.226
[3,  2440] loss: 9358.387
[3,  2460] loss: 13202.020
[3,  2480] loss: 14700.944
[3,  2500] loss: 16041.593
[3,  2520] loss: 7956.437
[3,  2540] loss: 8018.022
[3,  2560] loss: 9785.025
[3,  2580] loss: 7364.366
[3,  2600] loss: 10697.126
[3,  2620] loss: 15408.893
[3,  2640] loss: 10646.057
[3,  2660] loss: 27402.516
[3,  2680] loss: 30255.256
[3,  2700] loss: 50563.949
[3,  2720] loss: 44114.264
[3,  2740] loss: 10754.969
[3,  2760] loss: 9420.782
[3,  2780] loss: 8118.273
[3,  2800] loss: 28763.760
[3,  2820] loss: 55841.103
[3,  2840] loss: 42168.746
[3,  2860] loss: 19995.225
[3,  2880] loss: 40672.821
[3,  2900] loss: 35828.478
[3,  2920] loss: 56379.299
[3,  2940] loss: 58135.354
[3,  2960] loss: 107428.473
[3,  2980] loss: 55507.377
[3,  3000] loss: 38830.739
[3,  3020] loss: 39066.200
[3,  3040] loss: 37881.966
[3,  3060] loss: 23779.028
[3,  3080] loss: 109552.308
[3,  3100] loss: 175064.206
[3,  3120] loss: 266109.038
[3,  3140] loss: 555472.739
[3,  3160] loss: 7826171469095.065
[3,  3180] loss: 15526221760102.400
[3,  3200] loss: 28340047790080.000
[3,  3220] loss: 2955868531200.000
[3,  3240] loss: 172925403955.200
[3,  3260] loss: 7980087670.400
[3,  3280] loss: 3284069235.200
[3,  3300] loss: 2750588502.400
[3,  3320] loss: 2024974921.600
[3,  3340] loss: 2165535507.200
[3,  3360] loss: 2025768875.200
[3,  3380] loss: 1443341292.800
[3,  3400] loss: 1902010553.600
[3,  3420] loss: 1026964204.000
[3,  3440] loss: 1271279296.000
[3,  3460] loss: 1163028278.400
[3,  3480] loss: 1326736806.400
[3,  3500] loss: 751046048.000
[3,  3520] loss: 987860355.200
[3,  3540] loss: 951766256.800
[3,  3560] loss: 808992682.400
[3,  3580] loss: 790434670.200
[3,  3600] loss: 821357454.200
[3,  3620] loss: 851275428.000
[3,  3640] loss: 757003300.000
[3,  3660] loss: 620633520.000
[3,  3680] loss: 915552898.400
[3,  3700] loss: 592089156.000
[3,  3720] loss: 580516572.000
[3,  3740] loss: 541773135.600
[3,  3760] loss: 556536783.200
[3,  3780] loss: 597269796.000
[3,  3800] loss: 480671060.400
[3,  3820] loss: 633781420.800
[3,  3840] loss: 594581958.000
[3,  3860] loss: 407519460.400
[3,  3880] loss: 479984119.200
[3,  3900] loss: 374306785.800
[3,  3920] loss: 441886098.400
[3,  3940] loss: 434449980.400
[3,  3960] loss: 379326801.600
[3,  3980] loss: 478712228.000
[3,  4000] loss: 380325974.000
[3,  4020] loss: 407386229.600
[3,  4040] loss: 318490808.700
[3,  4060] loss: 276688841.900
[3,  4080] loss: 430370044.000
[3,  4100] loss: 335670429.600
[3,  4120] loss: 366367433.800
[3,  4140] loss: 395980088.000
[3,  4160] loss: 321438612.600
[3,  4180] loss: 407863534.400
[3,  4200] loss: 416041724.000
[3,  4220] loss: 375662085.600
[3,  4240] loss: 324912893.600
[3,  4260] loss: 248484298.000
[3,  4280] loss: 235775361.200
[3,  4300] loss: 357825576.600
[3,  4320] loss: 323928237.600
[3,  4340] loss: 284091473.600
[3,  4360] loss: 290697212.200
[3,  4380] loss: 234054325.600
[3,  4400] loss: 216519228.800
[3,  4420] loss: 237749293.200
[3,  4440] loss: 241472470.400
[3,  4460] loss: 237282217.400
[3,  4480] loss: 201166162.800
[3,  4500] loss: 214716655.400
[3,  4520] loss: 196949434.000
[3,  4540] loss: 272664482.600
[3,  4560] loss: 236508376.200
[3,  4580] loss: 194500496.400
[3,  4600] loss: 183733821.200
[3,  4620] loss: 175033103.800
[3,  4640] loss: 282580543.000
[3,  4660] loss: 249503315.000
[3,  4680] loss: 170222190.500
[3,  4700] loss: 192670386.500
[3,  4720] loss: 159825111.800
[3,  4740] loss: 190839666.000
[3,  4760] loss: 197502917.400
[3,  4780] loss: 212423005.600
[3,  4800] loss: 151320274.700
[3,  4820] loss: 183401337.000
[3,  4840] loss: 168556212.400
[3,  4860] loss: 140058919.800
[3,  4880] loss: 144054194.600
[3,  4900] loss: 190472889.600
[3,  4920] loss: 123059332.600
[3,  4940] loss: 154746337.700
[3,  4960] loss: 145982512.000
[3,  4980] loss: 108878820.200
[3,  5000] loss: 114707462.900
[3,  5020] loss: 136978878.600
[3,  5040] loss: 115967222.550
[3,  5060] loss: 145898685.200
[3,  5080] loss: 151723550.700
[3,  5100] loss: 86835935.200
[3,  5120] loss: 129022075.200
[3,  5140] loss: 126678192.000
[3,  5160] loss: 85232090.500
[3,  5180] loss: 112623155.450
[3,  5200] loss: 97411149.300
[3,  5220] loss: 93771232.900
[3,  5240] loss: 116107100.000
[3,  5260] loss: 112807554.600
[3,  5280] loss: 106101832.550
[3,  5300] loss: 95117384.500
[3,  5320] loss: 94033609.300
[3,  5340] loss: 106814704.500
[3,  5360] loss: 82118683.800
[3,  5380] loss: 80293820.500
[3,  5400] loss: 73751359.075
[3,  5420] loss: 96649992.100
[3,  5440] loss: 72384266.550
[3,  5460] loss: 81707208.200
[3,  5480] loss: 54102603.500
[3,  5500] loss: 97977786.500
[3,  5520] loss: 75096744.600
[3,  5540] loss: 91996400.500
[3,  5560] loss: 69652632.100
[3,  5580] loss: 66699435.900
[3,  5600] loss: 68509583.000
[3,  5620] loss: 64249573.000
[3,  5640] loss: 59587093.388
[3,  5660] loss: 54131872.550
[3,  5680] loss: 57136341.900
[3,  5700] loss: 56027646.500
[3,  5720] loss: 52531661.150
[3,  5740] loss: 62772778.400
[3,  5760] loss: 61741241.900
[3,  5780] loss: 42763654.487
[3,  5800] loss: 49262180.125
[3,  5820] loss: 65964184.300
[3,  5840] loss: 64901318.500
[3,  5860] loss: 63890120.150
[3,  5880] loss: 69598591.450
[3,  5900] loss: 45934673.050
[3,  5920] loss: 44446955.500
[3,  5940] loss: 47730216.000
[3,  5960] loss: 42702717.487
[3,  5980] loss: 45729521.000
[3,  6000] loss: 59359349.950
[3,  6020] loss: 42586822.469
[3,  6040] loss: 48301063.900
[3,  6060] loss: 40057485.375
[3,  6080] loss: 43927798.725
[1,    20] loss: 112964677.789
[1,    40] loss: 89336240.700
[1,    60] loss: 71773322.344
[1,    80] loss: 59993954.042
[1,   100] loss: 52776939.824
[1,   120] loss: 46777063.639
[1,   140] loss: 42897859.521
[1,   160] loss: 41191986.449
[1,   180] loss: 41012526.164
[1,   200] loss: 44196454.871
[1,   220] loss: 42870769.450
[1,   240] loss: 48714927.672
[1,   260] loss: 48933985.345
[1,   280] loss: 46211302.799
[1,   300] loss: 44753814.449
[1,   320] loss: 46158146.951
[1,   340] loss: 43987439.831
[1,   360] loss: 42006475.991
[1,   380] loss: 40077705.828
[1,   400] loss: 38349317.072
[1,   420] loss: 36675008.735
[1,   440] loss: 35135563.992
[1,   460] loss: 34864514.463
[1,   480] loss: 34558032.024
[1,   500] loss: 33794166.661
[1,   520] loss: 33099009.119
[1,   540] loss: 32164980.969
[1,   560] loss: 31317020.767
[1,   580] loss: 30366843.906
[1,   600] loss: 29797638.707
[1,   620] loss: 30251480.558
[1,   640] loss: 31205780.919
[1,   660] loss: 32793013.715
[2,    20] loss: 112964677.789
[2,    40] loss: 89336240.700
[2,    60] loss: 71773322.344
[2,    80] loss: 59993954.042
[2,   100] loss: 52776939.824
[2,   120] loss: 46777063.639
[2,   140] loss: 42897859.521
[2,   160] loss: 41191986.449
[2,   180] loss: 41012526.164
[2,   200] loss: 44196454.871
[2,   220] loss: 42870769.450
[2,   240] loss: 48714927.672
[2,   260] loss: 48933985.345
[2,   280] loss: 46211302.799
[2,   300] loss: 44753814.449
[2,   320] loss: 46158146.951
[2,   340] loss: 43987439.831
[2,   360] loss: 42006475.991
[2,   380] loss: 40077705.828
[2,   400] loss: 38349317.072
[2,   420] loss: 36675008.735
[2,   440] loss: 35135563.992
[2,   460] loss: 34864514.463
[2,   480] loss: 34558032.024
[2,   500] loss: 33794166.661
[2,   520] loss: 33099009.119
[2,   540] loss: 32164980.969
[2,   560] loss: 31317020.767
[2,   580] loss: 30366843.906
[2,   600] loss: 29797638.707
[2,   620] loss: 30251480.558
[2,   640] loss: 31205780.919
[2,   660] loss: 32793013.715
[3,    20] loss: 112964677.789
[3,    40] loss: 89336240.700
[3,    60] loss: 71773322.344
[3,    80] loss: 59993954.042
[3,   100] loss: 52776939.824
[3,   120] loss: 46777063.639
[3,   140] loss: 42897859.521
[3,   160] loss: 41191986.449
[3,   180] loss: 41012526.164
[3,   200] loss: 44196454.871
[3,   220] loss: 42870769.450
[3,   240] loss: 48714927.672
[3,   260] loss: 48933985.345
[3,   280] loss: 46211302.799
[3,   300] loss: 44753814.449
[3,   320] loss: 46158146.951
[3,   340] loss: 43987439.831
[3,   360] loss: 42006475.991
[3,   380] loss: 40077705.828
[3,   400] loss: 38349317.072
[3,   420] loss: 36675008.735
[3,   440] loss: 35135563.992
[3,   460] loss: 34864514.463
[3,   480] loss: 34558032.024
[3,   500] loss: 33794166.661
[3,   520] loss: 33099009.119
[3,   540] loss: 32164980.969
[3,   560] loss: 31317020.767
[3,   580] loss: 30366843.906
[3,   600] loss: 29797638.707
[3,   620] loss: 30251480.558
[3,   640] loss: 31205780.919
[3,   660] loss: 32793013.715
