cuda:  6
color_space: RGB
batch_size: 5
num_epcochs: 3
learning_rate: 0.003
[1,    20] loss: 8.324
[1,    40] loss: 5.201
[1,    60] loss: 15.898
[1,    80] loss: 1.089
[1,   100] loss: 0.262
[1,   120] loss: 0.125
[1,   140] loss: 0.106
[1,   160] loss: 0.075
[1,   180] loss: 0.094
[1,   200] loss: 0.047
[1,   220] loss: 0.097
[1,   240] loss: 0.100
[1,   260] loss: 0.095
[1,   280] loss: 0.076
[1,   300] loss: 0.114
[1,   320] loss: 0.053
[1,   340] loss: 0.086
[1,   360] loss: 0.066
[1,   380] loss: 0.105
[1,   400] loss: 0.061
[1,   420] loss: 0.041
[1,   440] loss: 0.073
[1,   460] loss: 0.052
[1,   480] loss: 0.117
[1,   500] loss: 0.055
[1,   520] loss: 0.098
[1,   540] loss: 0.087
[1,   560] loss: 0.076
[1,   580] loss: 0.085
[1,   600] loss: 0.073
[1,   620] loss: 0.093
[1,   640] loss: 0.073
[1,   660] loss: 0.096
[1,   680] loss: 0.029
[1,   700] loss: 0.080
[1,   720] loss: 0.052
[1,   740] loss: 0.069
[1,   760] loss: 0.110
[1,   780] loss: 0.031
[1,   800] loss: 0.032
[1,   820] loss: 0.044
[1,   840] loss: 0.092
[1,   860] loss: 0.063
[1,   880] loss: 0.055
[1,   900] loss: 0.064
[1,   920] loss: 0.068
[1,   940] loss: 0.082
[1,   960] loss: 0.053
[1,   980] loss: 0.066
[1,  1000] loss: 0.071
[1,  1020] loss: 0.075
[1,  1040] loss: 0.046
[1,  1060] loss: 0.030
[1,  1080] loss: 0.119
[1,  1100] loss: 0.085
[1,  1120] loss: 0.131
[1,  1140] loss: 0.059
[1,  1160] loss: 0.059
[1,  1180] loss: 0.045
[1,  1200] loss: 0.050
[1,  1220] loss: 0.072
[1,  1240] loss: 0.068
[1,  1260] loss: 0.092
[1,  1280] loss: 0.054
[1,  1300] loss: 0.024
[1,  1320] loss: 0.115
[1,  1340] loss: 0.095
[1,  1360] loss: 0.053
[1,  1380] loss: 0.082
[1,  1400] loss: 0.086
[1,  1420] loss: 0.082
[1,  1440] loss: 0.072
[1,  1460] loss: 0.070
[1,  1480] loss: 0.064
[1,  1500] loss: 0.053
[1,  1520] loss: 0.096
[1,  1540] loss: 0.083
[1,  1560] loss: 0.068
[1,  1580] loss: 0.085
[1,  1600] loss: 0.106
[1,  1620] loss: 0.097
[1,  1640] loss: 0.094
[1,  1660] loss: 0.091
[1,  1680] loss: 0.065
[1,  1700] loss: 0.074
[1,  1720] loss: 0.072
[1,  1740] loss: 0.070
[1,  1760] loss: 0.101
[1,  1780] loss: 0.103
[1,  1800] loss: 0.064
[1,  1820] loss: 0.040
[1,  1840] loss: 0.040
[1,  1860] loss: 0.099
[1,  1880] loss: 0.062
[1,  1900] loss: 0.062
[1,  1920] loss: 0.082
[1,  1940] loss: 0.072
[1,  1960] loss: 0.094
[1,  1980] loss: 0.047
[1,  2000] loss: 0.070
[1,  2020] loss: 0.068
[1,  2040] loss: 0.055
[1,  2060] loss: 0.056
[1,  2080] loss: 0.055
[1,  2100] loss: 0.047
[1,  2120] loss: 0.049
[1,  2140] loss: 0.073
[1,  2160] loss: 0.062
[1,  2180] loss: 0.113
[1,  2200] loss: 0.081
[1,  2220] loss: 0.082
[1,  2240] loss: 0.078
[1,  2260] loss: 0.045
[1,  2280] loss: 0.053
[1,  2300] loss: 0.125
[1,  2320] loss: 0.065
[1,  2340] loss: 0.056
[1,  2360] loss: 0.062
[1,  2380] loss: 0.037
[1,  2400] loss: 0.082
[1,  2420] loss: 0.102
[1,  2440] loss: 0.074
[1,  2460] loss: 0.058
[1,  2480] loss: 0.040
[1,  2500] loss: 0.048
[1,  2520] loss: 0.068
[1,  2540] loss: 0.100
[1,  2560] loss: 0.033
[1,  2580] loss: 0.061
[1,  2600] loss: 0.064
[1,  2620] loss: 0.050
[1,  2640] loss: 0.073
[1,  2660] loss: 0.072
[1,  2680] loss: 0.132
[1,  2700] loss: 0.044
[1,  2720] loss: 0.072
[1,  2740] loss: 0.068
[1,  2760] loss: 0.076
[1,  2780] loss: 0.059
[1,  2800] loss: 0.122
[1,  2820] loss: 0.110
[1,  2840] loss: 0.060
[1,  2860] loss: 0.067
[1,  2880] loss: 0.050
[1,  2900] loss: 0.073
[1,  2920] loss: 0.049
[1,  2940] loss: 0.149
[1,  2960] loss: 0.057
[1,  2980] loss: 0.035
[1,  3000] loss: 0.073
[1,  3020] loss: 0.046
[1,  3040] loss: 0.065
[1,  3060] loss: 0.090
[1,  3080] loss: 0.081
[1,  3100] loss: 0.061
[1,  3120] loss: 0.056
[1,  3140] loss: 0.049
[1,  3160] loss: 0.049
[1,  3180] loss: 0.099
[1,  3200] loss: 0.087
[1,  3220] loss: 0.061
[1,  3240] loss: 0.077
[1,  3260] loss: 0.053
[1,  3280] loss: 0.039
[1,  3300] loss: 0.077
[1,  3320] loss: 0.053
[1,  3340] loss: 0.075
[1,  3360] loss: 0.070
[1,  3380] loss: 0.089
[1,  3400] loss: 0.068
[1,  3420] loss: 0.037
[1,  3440] loss: 0.062
[1,  3460] loss: 0.080
[1,  3480] loss: 0.047
[1,  3500] loss: 0.039
[1,  3520] loss: 0.038
[1,  3540] loss: 0.059
[1,  3560] loss: 0.067
[1,  3580] loss: 0.073
[1,  3600] loss: 0.049
[1,  3620] loss: 0.039
[1,  3640] loss: 0.068
[1,  3660] loss: 0.063
[1,  3680] loss: 0.077
[1,  3700] loss: 0.046
[1,  3720] loss: 0.126
[1,  3740] loss: 0.044
[1,  3760] loss: 0.045
[1,  3780] loss: 0.041
[1,  3800] loss: 0.079
[1,  3820] loss: 0.031
[1,  3840] loss: 0.038
[1,  3860] loss: 0.061
[1,  3880] loss: 0.052
[1,  3900] loss: 0.106
[1,  3920] loss: 0.091
[1,  3940] loss: 0.059
[1,  3960] loss: 0.048
[1,  3980] loss: 0.077
[1,  4000] loss: 0.116
[1,  4020] loss: 0.105
[1,  4040] loss: 0.147
[1,  4060] loss: 0.089
[1,  4080] loss: 0.085
[1,  4100] loss: 0.053
[1,  4120] loss: 0.074
[1,  4140] loss: 0.049
[1,  4160] loss: 0.049
[1,  4180] loss: 0.113
[1,  4200] loss: 0.111
[1,  4220] loss: 0.057
[1,  4240] loss: 0.064
[1,  4260] loss: 0.094
[1,  4280] loss: 0.073
[1,  4300] loss: 0.081
[1,  4320] loss: 0.061
[1,  4340] loss: 0.095
[1,  4360] loss: 0.055
[1,  4380] loss: 0.046
[1,  4400] loss: 0.043
[1,  4420] loss: 0.031
[1,  4440] loss: 0.080
[1,  4460] loss: 0.100
[1,  4480] loss: 0.116
[1,  4500] loss: 0.057
[1,  4520] loss: 0.051
[1,  4540] loss: 0.048
[1,  4560] loss: 0.127
[1,  4580] loss: 0.110
[1,  4600] loss: 0.078
[1,  4620] loss: 0.061
[1,  4640] loss: 0.094
[1,  4660] loss: 0.050
[1,  4680] loss: 0.053
[1,  4700] loss: 0.104
[1,  4720] loss: 0.092
[1,  4740] loss: 0.045
[1,  4760] loss: 0.071
[1,  4780] loss: 0.063
[1,  4800] loss: 0.063
[1,  4820] loss: 0.081
[1,  4840] loss: 0.068
[1,  4860] loss: 0.078
[1,  4880] loss: 0.077
[1,  4900] loss: 0.078
[1,  4920] loss: 0.067
[1,  4940] loss: 0.061
[1,  4960] loss: 0.083
[1,  4980] loss: 0.041
[1,  5000] loss: 0.079
[1,  5020] loss: 0.067
[1,  5040] loss: 0.069
[1,  5060] loss: 0.092
[1,  5080] loss: 0.036
[1,  5100] loss: 0.040
[1,  5120] loss: 0.070
[1,  5140] loss: 0.049
[1,  5160] loss: 0.072
[1,  5180] loss: 0.069
[1,  5200] loss: 0.102
[1,  5220] loss: 0.098
[1,  5240] loss: 0.068
[1,  5260] loss: 0.056
[1,  5280] loss: 0.066
[1,  5300] loss: 0.099
[1,  5320] loss: 0.103
[1,  5340] loss: 0.087
[1,  5360] loss: 0.066
[1,  5380] loss: 0.086
[1,  5400] loss: 0.073
[1,  5420] loss: 0.093
[1,  5440] loss: 0.056
[1,  5460] loss: 0.088
[1,  5480] loss: 0.073
[1,  5500] loss: 0.069
[1,  5520] loss: 0.056
[1,  5540] loss: 0.061
[1,  5560] loss: 0.043
[1,  5580] loss: 0.034
[1,  5600] loss: 0.047
[1,  5620] loss: 0.055
[1,  5640] loss: 0.092
[1,  5660] loss: 0.068
[1,  5680] loss: 0.074
[1,  5700] loss: 0.032
[1,  5720] loss: 0.083
[1,  5740] loss: 0.128
[1,  5760] loss: 0.078
[1,  5780] loss: 0.120
[1,  5800] loss: 0.074
[1,  5820] loss: 0.056
[1,  5840] loss: 0.087
[1,  5860] loss: 0.086
[1,  5880] loss: 0.055
[1,  5900] loss: 0.102
[1,  5920] loss: 0.045
[1,  5940] loss: 0.085
[1,  5960] loss: 0.057
[1,  5980] loss: 0.077
[1,  6000] loss: 0.061
[1,  6020] loss: 0.046
[1,  6040] loss: 0.051
[1,  6060] loss: 0.115
[1,  6080] loss: 0.065
[2,    20] loss: 0.063
[2,    40] loss: 0.098
[2,    60] loss: 0.080
[2,    80] loss: 0.071
[2,   100] loss: 0.073
[2,   120] loss: 0.070
[2,   140] loss: 0.077
[2,   160] loss: 0.073
[2,   180] loss: 0.064
[2,   200] loss: 0.065
[2,   220] loss: 0.044
[2,   240] loss: 0.149
[2,   260] loss: 0.092
[2,   280] loss: 0.045
[2,   300] loss: 0.116
[2,   320] loss: 0.109
[2,   340] loss: 0.082
[2,   360] loss: 0.084
[2,   380] loss: 0.046
[2,   400] loss: 0.087
[2,   420] loss: 0.121
[2,   440] loss: 0.083
[2,   460] loss: 0.116
[2,   480] loss: 0.084
[2,   500] loss: 0.108
[2,   520] loss: 0.074
[2,   540] loss: 0.052
[2,   560] loss: 0.071
[2,   580] loss: 0.090
[2,   600] loss: 0.055
[2,   620] loss: 0.066
[2,   640] loss: 0.066
[2,   660] loss: 0.054
[2,   680] loss: 0.089
[2,   700] loss: 0.060
[2,   720] loss: 0.106
[2,   740] loss: 0.102
[2,   760] loss: 0.031
[2,   780] loss: 0.035
[2,   800] loss: 0.050
[2,   820] loss: 0.064
[2,   840] loss: 0.131
[2,   860] loss: 0.100
[2,   880] loss: 0.132
[2,   900] loss: 0.070
[2,   920] loss: 0.070
[2,   940] loss: 0.083
[2,   960] loss: 0.093
[2,   980] loss: 0.061
[2,  1000] loss: 0.106
[2,  1020] loss: 0.110
[2,  1040] loss: 0.058
[2,  1060] loss: 0.061
[2,  1080] loss: 0.091
[2,  1100] loss: 0.119
[2,  1120] loss: 0.085
[2,  1140] loss: 0.068
[2,  1160] loss: 0.075
[2,  1180] loss: 0.063
[2,  1200] loss: 0.050
[2,  1220] loss: 0.091
[2,  1240] loss: 0.088
[2,  1260] loss: 0.101
[2,  1280] loss: 0.073
[2,  1300] loss: 0.027
[2,  1320] loss: 0.107
[2,  1340] loss: 0.035
[2,  1360] loss: 0.054
[2,  1380] loss: 0.062
[2,  1400] loss: 0.078
[2,  1420] loss: 0.084
[2,  1440] loss: 0.059
[2,  1460] loss: 0.046
[2,  1480] loss: 0.100
[2,  1500] loss: 0.055
[2,  1520] loss: 0.068
[2,  1540] loss: 0.091
[2,  1560] loss: 0.123
[2,  1580] loss: 0.066
[2,  1600] loss: 0.078
[2,  1620] loss: 0.096
[2,  1640] loss: 0.109
[2,  1660] loss: 0.059
[2,  1680] loss: 0.052
[2,  1700] loss: 0.086
[2,  1720] loss: 0.062
[2,  1740] loss: 0.075
[2,  1760] loss: 0.043
[2,  1780] loss: 0.058
[2,  1800] loss: 0.075
[2,  1820] loss: 0.082
[2,  1840] loss: 0.146
[2,  1860] loss: 0.044
[2,  1880] loss: 0.190
[2,  1900] loss: 34036835929360.867
[2,  1920] loss: 27502391773305.602
[2,  1940] loss: 16696778475110.400
[2,  1960] loss: 236436984576.000
[2,  1980] loss: 127057736320.000
[2,  2000] loss: 27476365798.400
[2,  2020] loss: 6569285964.800
[2,  2040] loss: 3420656377.600
[2,  2060] loss: 3321280860.800
[2,  2080] loss: 2152280184.800
[2,  2100] loss: 1399333414.000
[2,  2120] loss: 823773563.200
[2,  2140] loss: 975826998.400
[2,  2160] loss: 680835706.000
[2,  2180] loss: 457873768.800
[2,  2200] loss: 605165972.400
[2,  2220] loss: 449236987.200
[2,  2240] loss: 522494374.400
[2,  2260] loss: 410439903.200
[2,  2280] loss: 347405294.800
[2,  2300] loss: 381197927.600
[2,  2320] loss: 293782929.600
[2,  2340] loss: 363845165.600
[2,  2360] loss: 302336116.600
[2,  2380] loss: 280181853.600
[2,  2400] loss: 204707865.400
[2,  2420] loss: 198296897.200
[2,  2440] loss: 167579956.200
[2,  2460] loss: 188461315.400
[2,  2480] loss: 149874038.600
[2,  2500] loss: 120747177.200
[2,  2520] loss: 143575927.200
[2,  2540] loss: 143871084.600
[2,  2560] loss: 128920928.500
[2,  2580] loss: 120157452.800
[2,  2600] loss: 89554585.700
[2,  2620] loss: 81965623.600
[2,  2640] loss: 97281204.800
[2,  2660] loss: 66554209.850
[2,  2680] loss: 75551790.000
[2,  2700] loss: 82132229.500
[2,  2720] loss: 67799758.150
[2,  2740] loss: 72805623.500
[2,  2760] loss: 69558334.750
[2,  2780] loss: 48311806.200
[2,  2800] loss: 60444169.000
[2,  2820] loss: 53328874.100
[2,  2840] loss: 65111988.500
[2,  2860] loss: 51260441.500
[2,  2880] loss: 48262892.325
[2,  2900] loss: 40669216.400
[2,  2920] loss: 40591697.500
[2,  2940] loss: 38988695.900
[2,  2960] loss: 40444586.900
[2,  2980] loss: 35074786.500
[2,  3000] loss: 40539141.600
[2,  3020] loss: 28422588.950
[2,  3040] loss: 33333600.400
[2,  3060] loss: 35821561.050
[2,  3080] loss: 32831375.075
[2,  3100] loss: 29382388.550
[2,  3120] loss: 28212505.425
[2,  3140] loss: 31499614.475
[2,  3160] loss: 22656753.725
[2,  3180] loss: 30900103.150
[2,  3200] loss: 24885662.050
[2,  3220] loss: 22982553.850
[2,  3240] loss: 24951349.950
[2,  3260] loss: 28459010.600
[2,  3280] loss: 33880267.475
[2,  3300] loss: 21705579.600
[2,  3320] loss: 23496840.750
[2,  3340] loss: 23450563.038
[2,  3360] loss: 18971739.550
[2,  3380] loss: 17707043.400
[2,  3400] loss: 25165342.050
[2,  3420] loss: 23211989.400
[2,  3440] loss: 21973614.875
[2,  3460] loss: 17782318.550
[2,  3480] loss: 25103951.950
[2,  3500] loss: 22953170.675
[2,  3520] loss: 20852815.500
[2,  3540] loss: 21906134.350
[2,  3560] loss: 20982328.425
[2,  3580] loss: 22961618.950
[2,  3600] loss: 20993345.100
[2,  3620] loss: 19808495.988
[2,  3640] loss: 16876173.875
[2,  3660] loss: 19403849.450
[2,  3680] loss: 19563262.538
[2,  3700] loss: 16490930.000
[2,  3720] loss: 25305021.625
[2,  3740] loss: 15086059.825
[2,  3760] loss: 25172202.300
[2,  3780] loss: 25813582.150
[2,  3800] loss: 17523276.113
[2,  3820] loss: 18655102.625
[2,  3840] loss: 20599915.606
[2,  3860] loss: 18235916.800
[2,  3880] loss: 18991663.575
[2,  3900] loss: 17847996.637
[2,  3920] loss: 14257310.800
[2,  3940] loss: 17319101.200
[2,  3960] loss: 19370965.512
[2,  3980] loss: 17922056.512
[2,  4000] loss: 20925690.050
[2,  4020] loss: 14598638.250
[2,  4040] loss: 16162115.506
[2,  4060] loss: 20097123.750
[2,  4080] loss: 16471349.575
[2,  4100] loss: 10427826.072
[2,  4120] loss: 18461150.250
[2,  4140] loss: 13993119.000
[2,  4160] loss: 15236953.113
[2,  4180] loss: 18784657.863
[2,  4200] loss: 16815007.100
[2,  4220] loss: 13988459.500
[2,  4240] loss: 14767349.525
[2,  4260] loss: 15597219.100
[2,  4280] loss: 16727630.488
[2,  4300] loss: 19910217.025
[2,  4320] loss: 15757754.750
[2,  4340] loss: 11398899.512
[2,  4360] loss: 14067969.881
[2,  4380] loss: 13018605.875
[2,  4400] loss: 10598131.588
[2,  4420] loss: 16348753.900
[2,  4440] loss: 13494392.000
[2,  4460] loss: 12514264.550
[2,  4480] loss: 12333489.312
[2,  4500] loss: 16078705.725
[2,  4520] loss: 14001742.845
[2,  4540] loss: 11120337.800
[2,  4560] loss: 11152718.787
[2,  4580] loss: 11960386.869
[2,  4600] loss: 14367446.375
[2,  4620] loss: 15310273.178
[2,  4640] loss: 11141435.062
[2,  4660] loss: 11369152.188
[2,  4680] loss: 14022779.400
[2,  4700] loss: 12348188.150
[2,  4720] loss: 12656227.256
[2,  4740] loss: 12151897.200
[2,  4760] loss: 11734468.633
[2,  4780] loss: 10482736.463
[2,  4800] loss: 11058421.200
[2,  4820] loss: 10107889.750
[2,  4840] loss: 10723744.400
[2,  4860] loss: 8668665.231
[2,  4880] loss: 10077303.156
[2,  4900] loss: 9514394.531
[2,  4920] loss: 9863692.688
[2,  4940] loss: 11752941.438
[2,  4960] loss: 9391079.131
[2,  4980] loss: 10923338.287
[2,  5000] loss: 8320764.100
[2,  5020] loss: 10991493.316
[2,  5040] loss: 9255004.387
[2,  5060] loss: 8761627.225
[2,  5080] loss: 9392688.137
[2,  5100] loss: 12077329.262
[2,  5120] loss: 9392943.347
[2,  5140] loss: 7221391.875
[2,  5160] loss: 8265723.888
[2,  5180] loss: 8159931.006
[2,  5200] loss: 11601915.125
[2,  5220] loss: 7956847.588
[2,  5240] loss: 9798160.775
[2,  5260] loss: 8790165.600
[2,  5280] loss: 11125423.044
[2,  5300] loss: 8865208.056
[2,  5320] loss: 7767333.713
[2,  5340] loss: 10050630.494
[2,  5360] loss: 6778290.412
[2,  5380] loss: 7963593.638
[2,  5400] loss: 7367924.081
[2,  5420] loss: 6656751.375
[2,  5440] loss: 7280682.150
[2,  5460] loss: 6578672.888
[2,  5480] loss: 8277136.975
[2,  5500] loss: 7143550.406
[2,  5520] loss: 5905521.819
[2,  5540] loss: 8131463.200
[2,  5560] loss: 5573771.869
[2,  5580] loss: 5218483.088
[2,  5600] loss: 8444299.387
[2,  5620] loss: 7115219.906
[2,  5640] loss: 6204218.925
[2,  5660] loss: 5679675.516
[2,  5680] loss: 6322894.206
[2,  5700] loss: 7007878.756
[2,  5720] loss: 8172036.787
[2,  5740] loss: 6274232.869
[2,  5760] loss: 6012496.963
[2,  5780] loss: 6011882.786
[2,  5800] loss: 6126442.588
[2,  5820] loss: 6656528.162
[2,  5840] loss: 6692031.438
[2,  5860] loss: 5648657.092
[2,  5880] loss: 5038783.903
[2,  5900] loss: 5255805.556
[2,  5920] loss: 5975050.944
[2,  5940] loss: 5978261.550
[2,  5960] loss: 6024925.175
[2,  5980] loss: 5645658.895
[2,  6000] loss: 4920671.944
[2,  6020] loss: 5670521.200
[2,  6040] loss: 5736595.694
[2,  6060] loss: 6134927.013
[2,  6080] loss: 4239109.631
[3,    20] loss: 4201037.856
[3,    40] loss: 5772138.556
[3,    60] loss: 5566869.963
[3,    80] loss: 7213761.225
[3,   100] loss: 5750195.872
[3,   120] loss: 5404183.125
[3,   140] loss: 4385880.919
[3,   160] loss: 4702531.494
[3,   180] loss: 3568815.763
[3,   200] loss: 4723925.425
[3,   220] loss: 4585559.894
[3,   240] loss: 4600617.600
[3,   260] loss: 5291506.289
[3,   280] loss: 5249259.822
[3,   300] loss: 4162539.059
[3,   320] loss: 3991792.206
[3,   340] loss: 5160060.309
[3,   360] loss: 3153167.119
[3,   380] loss: 3226662.775
[3,   400] loss: 3794395.188
[3,   420] loss: 3982599.344
[3,   440] loss: 4364764.566
[3,   460] loss: 5438109.162
[3,   480] loss: 4590000.287
[3,   500] loss: 5204011.656
[3,   520] loss: 3132119.756
[3,   540] loss: 3517272.091
[3,   560] loss: 3161656.241
[3,   580] loss: 3078152.322
[3,   600] loss: 2816208.291
[3,   620] loss: 3799641.194
[3,   640] loss: 5326605.900
[3,   660] loss: 3927254.819
[3,   680] loss: 2804866.994
[3,   700] loss: 3715084.356
[3,   720] loss: 3354156.286
[3,   740] loss: 3856883.378
[3,   760] loss: 2724958.789
[3,   780] loss: 3624608.538
[3,   800] loss: 2985372.978
[3,   820] loss: 2129262.331
[3,   840] loss: 2580847.381
[3,   860] loss: 1996312.505
[3,   880] loss: 2534438.906
[3,   900] loss: 3167675.694
[3,   920] loss: 3091571.748
[3,   940] loss: 2620423.626
[3,   960] loss: 1755022.134
[3,   980] loss: 3237711.513
[3,  1000] loss: 2408813.538
[3,  1020] loss: 2579546.092
[3,  1040] loss: 2725621.119
[3,  1060] loss: 2160017.934
[3,  1080] loss: 2571079.531
[3,  1100] loss: 2925232.309
[3,  1120] loss: 2294853.856
[3,  1140] loss: 1986219.266
[3,  1160] loss: 1743262.359
[3,  1180] loss: 2145352.388
[3,  1200] loss: 2070903.253
[3,  1220] loss: 2303412.956
[3,  1240] loss: 2234521.694
[3,  1260] loss: 1762618.080
[3,  1280] loss: 1929403.795
[3,  1300] loss: 1835236.369
[3,  1320] loss: 1914086.972
[3,  1340] loss: 2475585.405
[3,  1360] loss: 2230920.009
[3,  1380] loss: 3383639.525
[3,  1400] loss: 2366830.139
[3,  1420] loss: 1746957.320
[3,  1440] loss: 1705106.689
[3,  1460] loss: 5120348.942
[3,  1480] loss: 3203149.756
[3,  1500] loss: 3082339.337
[3,  1520] loss: 3814939.938
[3,  1540] loss: 4665111.684
[3,  1560] loss: 2141823.744
[3,  1580] loss: 1700517.748
[3,  1600] loss: 1378245.566
[3,  1620] loss: 2002903.848
[3,  1640] loss: 1853261.744
[3,  1660] loss: 1393294.558
[3,  1680] loss: 1534446.963
[3,  1700] loss: 1325499.144
[3,  1720] loss: 1258398.478
[3,  1740] loss: 1465337.784
[3,  1760] loss: 1514203.081
[3,  1780] loss: 1448033.089
[3,  1800] loss: 1488900.403
[3,  1820] loss: 1346604.130
[3,  1840] loss: 2718208.441
[3,  1860] loss: 2656771.256
[3,  1880] loss: 1557418.788
[3,  1900] loss: 1633191.883
[3,  1920] loss: 1319658.345
[3,  1940] loss: 1236565.777
[3,  1960] loss: 1110241.032
[3,  1980] loss: 883741.444
[3,  2000] loss: 975481.438
[3,  2020] loss: 1188669.920
[3,  2040] loss: 1243798.080
[3,  2060] loss: 1201216.769
[3,  2080] loss: 1123757.363
[3,  2100] loss: 881282.489
[3,  2120] loss: 906210.216
[3,  2140] loss: 877742.383
[3,  2160] loss: 889285.594
[3,  2180] loss: 1299107.030
[3,  2200] loss: 1134364.897
[3,  2220] loss: 753202.335
[3,  2240] loss: 853970.877
[3,  2260] loss: 717340.392
[3,  2280] loss: 967157.762
[3,  2300] loss: 1055762.797
[3,  2320] loss: 1198416.380
[3,  2340] loss: 1116360.512
[3,  2360] loss: 822415.020
[3,  2380] loss: 1195835.059
[3,  2400] loss: 1167386.864
[3,  2420] loss: 965915.280
[3,  2440] loss: 913495.272
[3,  2460] loss: 1544667.887
[3,  2480] loss: 564273.741
[3,  2500] loss: 443606.501
[3,  2520] loss: 761472.020
[3,  2540] loss: 663758.633
[3,  2560] loss: 746789.699
[3,  2580] loss: 795851.934
[3,  2600] loss: 1204028.147
[3,  2620] loss: 632919.253
[3,  2640] loss: 950787.978
[3,  2660] loss: 462269.146
[3,  2680] loss: 546160.529
[3,  2700] loss: 616532.682
[3,  2720] loss: 984354.423
[3,  2740] loss: 496399.046
[3,  2760] loss: 494183.308
[3,  2780] loss: 1349663.053
[3,  2800] loss: 1693673.523
[3,  2820] loss: 560128.491
[3,  2840] loss: 525946.741
[3,  2860] loss: 1266244.751
[3,  2880] loss: 1896276.737
[3,  2900] loss: 655390.352
[3,  2920] loss: 841882.172
[3,  2940] loss: 415985.967
[3,  2960] loss: 431513.240
[3,  2980] loss: 408866.642
[3,  3000] loss: 458628.197
[3,  3020] loss: 952671.800
[3,  3040] loss: 608523.016
[3,  3060] loss: 544925.266
[3,  3080] loss: 400251.261
[3,  3100] loss: 877012.064
[3,  3120] loss: 1555282.372
[3,  3140] loss: 803665.285
[3,  3160] loss: 890794.241
[3,  3180] loss: 345710.051
[3,  3200] loss: 357013.516
[3,  3220] loss: 949732.545
[3,  3240] loss: 1193249.566
[3,  3260] loss: 2250136.011
[3,  3280] loss: 307076.173
[3,  3300] loss: 1421105.187
[3,  3320] loss: 2999408.871
[3,  3340] loss: 3525555.143
[3,  3360] loss: 1008762.854
[3,  3380] loss: 741088.279
[3,  3400] loss: 476225.305
[3,  3420] loss: 305243.657
[3,  3440] loss: 1087744.166
[3,  3460] loss: 425401.350
[3,  3480] loss: 1154225.105
[3,  3500] loss: 1399960.764
[3,  3520] loss: 1715537.308
[3,  3540] loss: 1916526.727
[3,  3560] loss: 2117925.156
[3,  3580] loss: 2444656.972
[3,  3600] loss: 396685.211
[3,  3620] loss: 634487.605
[3,  3640] loss: 12016730.817
[3,  3660] loss: 5256626.724
[3,  3680] loss: 1421051.360
[3,  3700] loss: 367449.616
[3,  3720] loss: 545458.389
[3,  3740] loss: 2052444.285
[3,  3760] loss: 13184897.989
[3,  3780] loss: 10529168.797
[3,  3800] loss: 958384.763
[3,  3820] loss: 1688946.054
[3,  3840] loss: 3138927.752
[3,  3860] loss: 494083.691
[3,  3880] loss: 2452840.677
[3,  3900] loss: 1710691.187
[3,  3920] loss: 532235.787
[3,  3940] loss: 406175.022
[3,  3960] loss: 1261976.535
[3,  3980] loss: 4145214.037
[3,  4000] loss: 4029041.465
[3,  4020] loss: 13462657.469
[3,  4040] loss: 49218090.250
[3,  4060] loss: 5998539.812
[3,  4080] loss: 9823498.391
[3,  4100] loss: 5922203.362
[3,  4120] loss: 9712660.927
[3,  4140] loss: 294794476.169
[3,  4160] loss: 105174726.700
[3,  4180] loss: 73711359.525
[3,  4200] loss: 12746685.097
[3,  4220] loss: 2499618.269
[3,  4240] loss: 1058169.432
[3,  4260] loss: 842452.304
[3,  4280] loss: 328553.920
[3,  4300] loss: 306210.420
[3,  4320] loss: 441027.008
[3,  4340] loss: 337943.780
[3,  4360] loss: 1009328.826
[3,  4380] loss: 3027673.308
[3,  4400] loss: 2126547.937
[3,  4420] loss: 359259.767
[3,  4440] loss: 469375.890
[3,  4460] loss: 337195.937
[3,  4480] loss: 356351.197
[3,  4500] loss: 437806.051
[3,  4520] loss: 459813.160
[3,  4540] loss: 1131851.405
[3,  4560] loss: 1477872.095
[3,  4580] loss: 7330714.716
[3,  4600] loss: 62120346.766
[3,  4620] loss: 72512696.150
[3,  4640] loss: 131997218.169
[3,  4660] loss: 10446907.644
[3,  4680] loss: 3515826.663
[3,  4700] loss: 7443581.882
[3,  4720] loss: 3749309.974
[3,  4740] loss: 1034136.284
[3,  4760] loss: 575934.646
[3,  4780] loss: 325647.441
[3,  4800] loss: 395724.900
[3,  4820] loss: 322440.759
[3,  4840] loss: 244531.386
[3,  4860] loss: 570400.248
[3,  4880] loss: 708234.086
[3,  4900] loss: 467157.588
[3,  4920] loss: 1642791.427
[3,  4940] loss: 1813408.547
[3,  4960] loss: 1690840.416
[3,  4980] loss: 987209.308
[3,  5000] loss: 707887.327
[3,  5020] loss: 1542640.683
[3,  5040] loss: 1107021.834
[3,  5060] loss: 676463.848
[3,  5080] loss: 323252.659
[3,  5100] loss: 266743.531
[3,  5120] loss: 1540542.217
[3,  5140] loss: 2770080.103
[3,  5160] loss: 2391316.506
[3,  5180] loss: 14735864.978
[3,  5200] loss: 123508475.650
[3,  5220] loss: 63540870.263
[3,  5240] loss: 443495127.788
[3,  5260] loss: 1120612792.200
[3,  5280] loss: 105508070.800
[3,  5300] loss: 27595949.225
[3,  5320] loss: 3537714.584
[3,  5340] loss: 979496.243
[3,  5360] loss: 603218.075
[3,  5380] loss: 489972.309
[3,  5400] loss: 700994.631
[3,  5420] loss: 1235732.593
[3,  5440] loss: 295091.991
[3,  5460] loss: 169758.327
[3,  5480] loss: 132016.218
[3,  5500] loss: 197696.696
[3,  5520] loss: 199670.529
[3,  5540] loss: 195520.617
[3,  5560] loss: 173096.534
[3,  5580] loss: 206979.357
[3,  5600] loss: 290258.584
[3,  5620] loss: 188656.137
[3,  5640] loss: 204428.241
[3,  5660] loss: 138344.937
[3,  5680] loss: 153818.562
[3,  5700] loss: 343002.462
[3,  5720] loss: 156630.999
[3,  5740] loss: 141352.909
[3,  5760] loss: 362406.868
[3,  5780] loss: 134811.395
[3,  5800] loss: 142659.636
[3,  5820] loss: 194191.344
[3,  5840] loss: 241675.501
[3,  5860] loss: 166191.194
[3,  5880] loss: 144150.476
[3,  5900] loss: 190944.907
[3,  5920] loss: 240637.667
[3,  5940] loss: 106828.152
[3,  5960] loss: 210994.387
[3,  5980] loss: 98975.775
[3,  6000] loss: 104494.354
[3,  6020] loss: 132215.455
[3,  6040] loss: 148494.353
[3,  6060] loss: 136510.457
[3,  6080] loss: 118060.603
[1,    20] loss: 235497.252
[1,    40] loss: 214001.017
[1,    60] loss: 153679.950
[1,    80] loss: 119214.164
[1,   100] loss: 106229.924
[1,   120] loss: 105894.613
[1,   140] loss: 90899.896
[1,   160] loss: 80838.380
[1,   180] loss: 79668.228
[1,   200] loss: 80975.747
[1,   220] loss: 79026.044
[1,   240] loss: 79681.333
[1,   260] loss: 74391.199
[1,   280] loss: 69862.805
[1,   300] loss: 65345.178
[1,   320] loss: 62992.983
[1,   340] loss: 60403.820
[1,   360] loss: 57452.576
[1,   380] loss: 55462.934
[1,   400] loss: 53666.937
[1,   420] loss: 53363.829
[1,   440] loss: 54584.717
[1,   460] loss: 56827.065
[1,   480] loss: 56754.564
[1,   500] loss: 55586.959
[1,   520] loss: 54984.359
[1,   540] loss: 54362.350
[1,   560] loss: 56640.316
[1,   580] loss: 59549.086
[1,   600] loss: 62540.576
[1,   620] loss: 62531.562
[1,   640] loss: 60630.917
[1,   660] loss: 63769.732
[2,    20] loss: 235497.252
[2,    40] loss: 214001.017
[2,    60] loss: 153679.950
[2,    80] loss: 119214.164
[2,   100] loss: 106229.924
[2,   120] loss: 105894.613
[2,   140] loss: 90899.896
[2,   160] loss: 80838.380
[2,   180] loss: 79668.228
[2,   200] loss: 80975.747
[2,   220] loss: 79026.044
[2,   240] loss: 79681.333
[2,   260] loss: 74391.199
[2,   280] loss: 69862.805
[2,   300] loss: 65345.178
[2,   320] loss: 62992.983
[2,   340] loss: 60403.820
[2,   360] loss: 57452.576
[2,   380] loss: 55462.934
[2,   400] loss: 53666.937
[2,   420] loss: 53363.829
[2,   440] loss: 54584.717
[2,   460] loss: 56827.065
[2,   480] loss: 56754.564
[2,   500] loss: 55586.959
[2,   520] loss: 54984.359
[2,   540] loss: 54362.350
[2,   560] loss: 56640.316
[2,   580] loss: 59549.086
[2,   600] loss: 62540.576
[2,   620] loss: 62531.562
[2,   640] loss: 60630.917
[2,   660] loss: 63769.732
[3,    20] loss: 235497.252
[3,    40] loss: 214001.017
[3,    60] loss: 153679.950
[3,    80] loss: 119214.164
[3,   100] loss: 106229.924
[3,   120] loss: 105894.613
[3,   140] loss: 90899.896
[3,   160] loss: 80838.380
[3,   180] loss: 79668.228
[3,   200] loss: 80975.747
[3,   220] loss: 79026.044
[3,   240] loss: 79681.333
[3,   260] loss: 74391.199
[3,   280] loss: 69862.805
[3,   300] loss: 65345.178
[3,   320] loss: 62992.983
[3,   340] loss: 60403.820
[3,   360] loss: 57452.576
[3,   380] loss: 55462.934
[3,   400] loss: 53666.937
[3,   420] loss: 53363.829
[3,   440] loss: 54584.717
[3,   460] loss: 56827.065
[3,   480] loss: 56754.564
[3,   500] loss: 55586.959
[3,   520] loss: 54984.359
[3,   540] loss: 54362.350
[3,   560] loss: 56640.316
[3,   580] loss: 59549.086
[3,   600] loss: 62540.576
[3,   620] loss: 62531.562
[3,   640] loss: 60630.917
[3,   660] loss: 63769.732
