cuda:  2
color_space: RGB
batch_size: 10
num_epcochs: 1
learning_rate: 0.001
[1,    20] loss: 0.095
[1,    40] loss: 0.087
[1,    60] loss: 0.039
[1,    80] loss: 0.084
[1,   100] loss: 0.068
[1,   120] loss: 0.084
[1,   140] loss: 0.097
[1,   160] loss: 0.075
[1,   180] loss: 0.063
[1,   200] loss: 0.080
[1,   220] loss: 0.098
[1,   240] loss: 0.099
[1,   260] loss: 0.079
[1,   280] loss: 0.101
[1,   300] loss: 0.051
[1,   320] loss: 0.062
[1,   340] loss: 0.042
[1,   360] loss: 0.081
[1,   380] loss: 0.080
[1,   400] loss: 6.925
[1,   420] loss: 1557.240
[1,   440] loss: 438.067
[1,   460] loss: 18.603
[1,   480] loss: 2.953
[1,   500] loss: 0.509
[1,   520] loss: 0.313
[1,   540] loss: 0.316
[1,   560] loss: 0.231
[1,   580] loss: 0.183
[1,   600] loss: 0.196
[1,   620] loss: 0.196
[1,   640] loss: 0.176
[1,   660] loss: 0.191
[1,   680] loss: 0.191
[1,   700] loss: 0.153
[1,   720] loss: 0.151
[1,   740] loss: 0.165
[1,   760] loss: 0.118
[1,   780] loss: 0.131
[1,   800] loss: 0.163
[1,   820] loss: 0.153
[1,   840] loss: 0.124
[1,   860] loss: 0.131
[1,   880] loss: 0.136
[1,   900] loss: 0.090
[1,   920] loss: 0.150
[1,   940] loss: 0.147
[1,   960] loss: 0.112
[1,   980] loss: 0.106
[1,  1000] loss: 0.113
[1,  1020] loss: 0.184
[1,  1040] loss: 0.152
[1,  1060] loss: 0.145
[1,  1080] loss: 0.096
[1,  1100] loss: 0.111
[1,  1120] loss: 0.176
[1,  1140] loss: 0.163
[1,  1160] loss: 0.112
[1,  1180] loss: 0.094
[1,  1200] loss: 0.116
[1,  1220] loss: 0.108
[1,  1240] loss: 0.109
[1,  1260] loss: 0.090
[1,  1280] loss: 0.134
[1,  1300] loss: 0.151
[1,  1320] loss: 0.157
[1,  1340] loss: 0.105
[1,  1360] loss: 0.121
[1,  1380] loss: 0.116
[1,  1400] loss: 0.143
[1,  1420] loss: 0.128
[1,  1440] loss: 0.090
[1,  1460] loss: 0.132
[1,  1480] loss: 0.080
[1,  1500] loss: 0.079
[1,  1520] loss: 0.113
[1,  1540] loss: 0.120
[1,  1560] loss: 0.085
[1,  1580] loss: 0.100
[1,  1600] loss: 0.112
[1,  1620] loss: 0.090
[1,  1640] loss: 0.148
[1,  1660] loss: 0.160
[1,  1680] loss: 0.104
[1,  1700] loss: 0.076
[1,  1720] loss: 0.091
[1,  1740] loss: 0.115
[1,  1760] loss: 0.109
[1,  1780] loss: 0.107
[1,  1800] loss: 0.103
[1,  1820] loss: 0.102
[1,  1840] loss: 0.107
[1,  1860] loss: 0.083
[1,  1880] loss: 0.127
[1,  1900] loss: 0.090
[1,  1920] loss: 0.096
[1,  1940] loss: 0.104
[1,  1960] loss: 0.081
[1,  1980] loss: 0.046
[1,  2000] loss: 0.097
[1,  2020] loss: 0.110
[1,  2040] loss: 0.092
[1,  2060] loss: 0.121
[1,  2080] loss: 0.088
[1,  2100] loss: 0.085
[1,  2120] loss: 0.095
[1,  2140] loss: 0.073
[1,  2160] loss: 0.130
[1,  2180] loss: 0.145
[1,  2200] loss: 0.094
[1,  2220] loss: 0.091
[1,  2240] loss: 0.102
[1,  2260] loss: 0.116
[1,  2280] loss: 0.128
[1,  2300] loss: 0.137
[1,  2320] loss: 0.106
[1,  2340] loss: 0.096
[1,  2360] loss: 0.057
[1,  2380] loss: 0.057
[1,  2400] loss: 0.088
[1,  2420] loss: 0.099
[1,  2440] loss: 0.095
[1,  2460] loss: 0.105
[1,  2480] loss: 0.101
[1,  2500] loss: 0.140
[1,  2520] loss: 0.061
[1,  2540] loss: 0.065
[1,  2560] loss: 0.064
[1,  2580] loss: 0.075
[1,  2600] loss: 0.102
[1,  2620] loss: 0.116
[1,  2640] loss: 0.060
[1,  2660] loss: 0.131
[1,  2680] loss: 0.127
[1,  2700] loss: 0.116
[1,  2720] loss: 0.118
[1,  2740] loss: 0.063
[1,  2760] loss: 0.082
[1,  2780] loss: 0.078
[1,  2800] loss: 0.060
[1,  2820] loss: 0.097
[1,  2840] loss: 0.067
[1,  2860] loss: 0.103
[1,  2880] loss: 0.060
[1,  2900] loss: 0.073
[1,  2920] loss: 0.107
[1,  2940] loss: 0.074
[1,  2960] loss: 0.059
[1,  2980] loss: 0.078
[1,  3000] loss: 0.076
[1,  3020] loss: 0.076
[1,  3040] loss: 0.095
[1,    20] loss: 0.017
[1,    40] loss: 0.016
[1,    60] loss: 0.013
[1,    80] loss: 0.010
[1,   100] loss: 0.009
[1,   120] loss: 0.008
[1,   140] loss: 0.008
[1,   160] loss: 0.007
[1,   180] loss: 0.007
[1,   200] loss: 0.008
[1,   220] loss: 0.007
[1,   240] loss: 0.007
[1,   260] loss: 0.007
[1,   280] loss: 0.007
[1,   300] loss: 0.007
[1,   320] loss: 0.008
