cuda:  0
color_space: RGB
batch_size: 10
num_epcochs: 1
learning_rate: 0.001
[1,    20] loss: 0.093
[1,    40] loss: 0.080
[1,    60] loss: 0.093
[1,    80] loss: 0.054
[1,   100] loss: 0.055
[1,   120] loss: 0.068
[1,   140] loss: 0.085
[1,   160] loss: 0.087
[1,   180] loss: 0.072
[1,   200] loss: 0.078
[1,   220] loss: 0.111
[1,   240] loss: 0.126
[1,   260] loss: 0.059
[1,   280] loss: 0.044
[1,   300] loss: 0.086
[1,   320] loss: 0.064
[1,   340] loss: 0.108
[1,   360] loss: 0.108
[1,   380] loss: 0.067
[1,   400] loss: 0.060
[1,   420] loss: 0.055
[1,   440] loss: 0.127
[1,   460] loss: 0.088
[1,   480] loss: 0.081
[1,   500] loss: 0.060
[1,   520] loss: 0.081
[1,   540] loss: 0.062
[1,   560] loss: 0.093
[1,   580] loss: 0.078
[1,   600] loss: 0.096
[1,   620] loss: 0.118
[1,   640] loss: 0.057
[1,   660] loss: 0.120
[1,   680] loss: 0.061
[1,   700] loss: 0.058
[1,   720] loss: 0.096
[1,   740] loss: 0.061
[1,   760] loss: 0.066
[1,   780] loss: 0.099
[1,   800] loss: 0.077
[1,   820] loss: 0.080
[1,   840] loss: 0.084
[1,   860] loss: 0.066
[1,   880] loss: 0.073
[1,   900] loss: 0.080
[1,   920] loss: 0.069
[1,   940] loss: 0.125
[1,   960] loss: 0.048
[1,   980] loss: 0.068
[1,  1000] loss: 0.066
[1,  1020] loss: 0.096
[1,  1040] loss: 0.068
[1,  1060] loss: 0.111
[1,  1080] loss: 0.057
[1,  1100] loss: 0.077
[1,  1120] loss: 0.102
[1,  1140] loss: 0.070
[1,  1160] loss: 0.100
[1,  1180] loss: 0.094
[1,  1200] loss: 0.099
[1,  1220] loss: 0.092
[1,  1240] loss: 0.062
[1,  1260] loss: 0.070
[1,  1280] loss: 0.068
[1,  1300] loss: 0.132
[1,  1320] loss: 0.099
[1,  1340] loss: 0.076
[1,  1360] loss: 0.073
[1,  1380] loss: 0.098
[1,  1400] loss: 0.075
[1,  1420] loss: 0.080
[1,  1440] loss: 0.070
[1,  1460] loss: 0.072
[1,  1480] loss: 0.080
[1,  1500] loss: 0.039
[1,  1520] loss: 0.076
[1,  1540] loss: 0.061
[1,  1560] loss: 0.055
[1,  1580] loss: 0.089
[1,  1600] loss: 0.088
[1,  1620] loss: 0.097
[1,  1640] loss: 0.080
[1,  1660] loss: 0.081
[1,  1680] loss: 0.131
[1,  1700] loss: 0.065
[1,  1720] loss: 0.082
[1,  1740] loss: 0.099
[1,  1760] loss: 0.091
[1,  1780] loss: 0.084
[1,  1800] loss: 0.088
[1,  1820] loss: 36.282
[1,  1840] loss: 236790.766
[1,  1860] loss: 13411.588
[1,  1880] loss: 1865.663
[1,  1900] loss: 100.750
[1,  1920] loss: 5.710
[1,  1940] loss: 5.064
[1,  1960] loss: 3.431
[1,  1980] loss: 2.541
[1,  2000] loss: 2.278
[1,  2020] loss: 1.587
[1,  2040] loss: 1.189
[1,  2060] loss: 1.177
[1,  2080] loss: 0.990
[1,  2100] loss: 1.007
[1,  2120] loss: 0.898
[1,  2140] loss: 0.775
[1,  2160] loss: 0.777
[1,  2180] loss: 0.711
[1,  2200] loss: 0.735
[1,  2220] loss: 0.646
[1,  2240] loss: 0.600
[1,  2260] loss: 0.637
[1,  2280] loss: 0.613
[1,  2300] loss: 0.565
[1,  2320] loss: 0.508
[1,  2340] loss: 0.522
[1,  2360] loss: 0.440
[1,  2380] loss: 0.473
[1,  2400] loss: 0.400
[1,  2420] loss: 0.416
[1,  2440] loss: 0.406
[1,  2460] loss: 0.451
[1,  2480] loss: 0.340
[1,  2500] loss: 0.422
[1,  2520] loss: 0.342
[1,  2540] loss: 0.379
[1,  2560] loss: 0.351
[1,  2580] loss: 0.281
[1,  2600] loss: 0.414
[1,  2620] loss: 0.324
[1,  2640] loss: 0.350
[1,  2660] loss: 0.397
[1,  2680] loss: 0.425
[1,  2700] loss: 0.326
[1,  2720] loss: 0.372
[1,  2740] loss: 0.351
[1,  2760] loss: 0.325
[1,  2780] loss: 0.264
[1,  2800] loss: 0.313
[1,  2820] loss: 0.350
[1,  2840] loss: 0.268
[1,  2860] loss: 0.286
[1,  2880] loss: 0.270
[1,  2900] loss: 0.313
[1,  2920] loss: 0.377
[1,  2940] loss: 0.299
[1,  2960] loss: 0.273
[1,  2980] loss: 0.269
[1,  3000] loss: 0.176
[1,  3020] loss: 0.265
[1,  3040] loss: 0.246
[1,    20] loss: 0.195
[1,    40] loss: 0.143
[1,    60] loss: 0.131
[1,    80] loss: 0.106
[1,   100] loss: 0.088
[1,   120] loss: 0.110
[1,   140] loss: 0.153
[1,   160] loss: 0.139
[1,   180] loss: 0.130
[1,   200] loss: 0.135
[1,   220] loss: 0.135
[1,   240] loss: 0.128
[1,   260] loss: 0.120
[1,   280] loss: 0.113
[1,   300] loss: 0.109
[1,   320] loss: 0.104
