cuda:  4
color_space: RGB
batch_size: 10
num_epcochs: 1
learning_rate: 0.002
[1,    20] loss: 0.337
[1,    40] loss: 0.185
[1,    60] loss: 0.091
[1,    80] loss: 0.060
[1,   100] loss: 0.065
[1,   120] loss: 0.082
[1,   140] loss: 0.104
[1,   160] loss: 0.081
[1,   180] loss: 0.068
[1,   200] loss: 0.074
[1,   220] loss: 0.098
[1,   240] loss: 0.044
[1,   260] loss: 0.115
[1,   280] loss: 0.074
[1,   300] loss: 0.079
[1,   320] loss: 0.070
[1,   340] loss: 0.072
[1,   360] loss: 0.103
[1,   380] loss: 0.060
[1,   400] loss: 0.093
[1,   420] loss: 0.136
[1,   440] loss: 0.083
[1,   460] loss: 0.088
[1,   480] loss: 0.076
[1,   500] loss: 0.102
[1,   520] loss: 0.110
[1,   540] loss: 0.056
[1,   560] loss: 0.058
[1,   580] loss: 0.063
[1,   600] loss: 0.076
[1,   620] loss: 0.092
[1,   640] loss: 0.084
[1,   660] loss: 0.092
[1,   680] loss: 0.061
[1,   700] loss: 0.066
[1,   720] loss: 0.110
[1,   740] loss: 0.083
[1,   760] loss: 0.061
[1,   780] loss: 0.063
[1,   800] loss: 0.081
[1,   820] loss: 0.060
[1,   840] loss: 0.073
[1,   860] loss: 0.092
[1,   880] loss: 0.092
[1,   900] loss: 0.105
[1,   920] loss: 0.071
[1,   940] loss: 0.077
[1,   960] loss: 0.047
[1,   980] loss: 0.097
[1,  1000] loss: 0.076
[1,  1020] loss: 0.060
[1,  1040] loss: 0.071
[1,  1060] loss: 0.066
[1,  1080] loss: 0.041
[1,  1100] loss: 0.059
[1,  1120] loss: 0.063
[1,  1140] loss: 0.078
[1,  1160] loss: 0.091
[1,  1180] loss: 0.100
[1,  1200] loss: 0.070
[1,  1220] loss: 0.059
[1,  1240] loss: 0.083
[1,  1260] loss: 0.076
[1,  1280] loss: 0.057
[1,  1300] loss: 0.086
[1,  1320] loss: 0.065
[1,  1340] loss: 0.082
[1,  1360] loss: 0.052
[1,  1380] loss: 0.077
[1,  1400] loss: 0.050
[1,  1420] loss: 0.051
[1,  1440] loss: 0.058
[1,  1460] loss: 0.082
[1,  1480] loss: 0.082
[1,  1500] loss: 0.087
[1,  1520] loss: 0.061
[1,  1540] loss: 0.067
[1,  1560] loss: 0.059
[1,  1580] loss: 0.052
[1,  1600] loss: 0.089
[1,  1620] loss: 0.056
[1,  1640] loss: 0.079
[1,  1660] loss: 0.092
[1,  1680] loss: 0.063
[1,  1700] loss: 0.084
[1,  1720] loss: 0.070
[1,  1740] loss: 0.090
[1,  1760] loss: 0.054
[1,  1780] loss: 0.084
[1,  1800] loss: 0.067
[1,  1820] loss: 0.087
[1,  1840] loss: 0.050
[1,  1860] loss: 0.061
[1,  1880] loss: 0.097
[1,  1900] loss: 0.089
[1,  1920] loss: 0.063
[1,  1940] loss: 0.132
[1,  1960] loss: 0.200
[1,  1980] loss: 209523612.540
[1,  2000] loss: 7707477629.200
[1,  2020] loss: 1087442237.281
[1,  2040] loss: 20418731.200
[1,  2060] loss: 2343384.906
[1,  2080] loss: 845194.299
[1,  2100] loss: 491572.968
[1,  2120] loss: 336846.946
[1,  2140] loss: 319327.046
[1,  2160] loss: 254187.888
[1,  2180] loss: 252447.000
[1,  2200] loss: 262962.195
[1,  2220] loss: 211329.365
[1,  2240] loss: 135167.485
[1,  2260] loss: 204907.266
[1,  2280] loss: 126287.211
[1,  2300] loss: 133229.094
[1,  2320] loss: 131997.645
[1,  2340] loss: 92188.974
[1,  2360] loss: 93192.336
[1,  2380] loss: 84486.410
[1,  2400] loss: 76534.868
[1,  2420] loss: 71320.718
[1,  2440] loss: 70205.319
[1,  2460] loss: 64030.828
[1,  2480] loss: 65449.704
[1,  2500] loss: 78030.155
[1,  2520] loss: 50385.021
[1,  2540] loss: 70513.456
[1,  2560] loss: 63642.859
[1,  2580] loss: 46091.016
[1,  2600] loss: 42725.560
[1,  2620] loss: 32386.338
[1,  2640] loss: 27771.288
[1,  2660] loss: 36851.368
[1,  2680] loss: 39696.061
[1,  2700] loss: 37002.510
[1,  2720] loss: 46280.134
[1,  2740] loss: 30756.744
[1,  2760] loss: 32500.839
[1,  2780] loss: 45057.481
[1,  2800] loss: 32830.880
[1,  2820] loss: 26583.886
[1,  2840] loss: 29745.332
[1,  2860] loss: 24875.170
[1,  2880] loss: 29234.641
[1,  2900] loss: 26339.732
[1,  2920] loss: 27213.702
[1,  2940] loss: 28106.261
[1,  2960] loss: 39909.446
[1,  2980] loss: 32533.532
[1,  3000] loss: 23945.541
[1,  3020] loss: 26784.139
[1,  3040] loss: 27943.959
[1,    20] loss: 39575.701
[1,    40] loss: 24684.713
[1,    60] loss: 21423.245
[1,    80] loss: 16928.643
[1,   100] loss: 17681.963
[1,   120] loss: 18374.431
[1,   140] loss: 17330.742
[1,   160] loss: 16014.817
[1,   180] loss: 15945.104
[1,   200] loss: 15275.460
[1,   220] loss: 13988.408
[1,   240] loss: 13346.682
[1,   260] loss: 13356.153
[1,   280] loss: 12552.711
[1,   300] loss: 11960.046
[1,   320] loss: 11654.017
