cuda:  5
color_space: RGB
batch_size: 10
num_epcochs: 1
learning_rate: 0.002
[1,    20] loss: 0.162
[1,    40] loss: 0.120
[1,    60] loss: 0.060
[1,    80] loss: 0.101
[1,   100] loss: 0.059
[1,   120] loss: 0.092
[1,   140] loss: 0.107
[1,   160] loss: 0.069
[1,   180] loss: 0.072
[1,   200] loss: 0.087
[1,   220] loss: 0.074
[1,   240] loss: 0.092
[1,   260] loss: 0.112
[1,   280] loss: 0.084
[1,   300] loss: 0.107
[1,   320] loss: 0.084
[1,   340] loss: 0.069
[1,   360] loss: 0.074
[1,   380] loss: 0.051
[1,   400] loss: 0.069
[1,   420] loss: 0.100
[1,   440] loss: 0.111
[1,   460] loss: 0.082
[1,   480] loss: 0.159
[1,   500] loss: 126698.356
[1,   520] loss: 114015477.112
[1,   540] loss: 825590052.900
[1,   560] loss: 7704635.522
[1,   580] loss: 501379.594
[1,   600] loss: 156012.604
[1,   620] loss: 34147.341
[1,   640] loss: 14312.229
[1,   660] loss: 7481.838
[1,   680] loss: 4303.132
[1,   700] loss: 3777.889
[1,   720] loss: 2721.753
[1,   740] loss: 2210.414
[1,   760] loss: 2184.243
[1,   780] loss: 1989.719
[1,   800] loss: 1827.010
[1,   820] loss: 1771.988
[1,   840] loss: 1454.154
[1,   860] loss: 1275.963
[1,   880] loss: 1278.718
[1,   900] loss: 1056.040
[1,   920] loss: 837.474
[1,   940] loss: 1058.225
[1,   960] loss: 891.944
[1,   980] loss: 852.309
[1,  1000] loss: 784.492
[1,  1020] loss: 756.338
[1,  1040] loss: 678.009
[1,  1060] loss: 610.731
[1,  1080] loss: 577.511
[1,  1100] loss: 475.502
[1,  1120] loss: 507.100
[1,  1140] loss: 479.695
[1,  1160] loss: 467.928
[1,  1180] loss: 420.321
[1,  1200] loss: 426.493
[1,  1220] loss: 391.313
[1,  1240] loss: 365.203
[1,  1260] loss: 390.205
[1,  1280] loss: 332.627
[1,  1300] loss: 306.399
[1,  1320] loss: 381.405
[1,  1340] loss: 306.657
[1,  1360] loss: 268.576
[1,  1380] loss: 341.276
[1,  1400] loss: 265.888
[1,  1420] loss: 256.943
[1,  1440] loss: 270.394
[1,  1460] loss: 270.520
[1,  1480] loss: 252.231
[1,  1500] loss: 234.088
[1,  1520] loss: 250.342
[1,  1540] loss: 212.208
[1,  1560] loss: 216.835
[1,  1580] loss: 209.644
[1,  1600] loss: 206.790
[1,  1620] loss: 177.359
[1,  1640] loss: 221.255
[1,  1660] loss: 202.999
[1,  1680] loss: 170.584
[1,  1700] loss: 172.986
[1,  1720] loss: 165.276
[1,  1740] loss: 183.589
[1,  1760] loss: 165.793
[1,  1780] loss: 151.538
[1,  1800] loss: 153.983
[1,  1820] loss: 150.869
[1,  1840] loss: 139.963
[1,  1860] loss: 127.620
[1,  1880] loss: 132.097
[1,  1900] loss: 159.521
[1,  1920] loss: 131.139
[1,  1940] loss: 126.673
[1,  1960] loss: 135.214
[1,  1980] loss: 100.577
[1,  2000] loss: 112.580
[1,  2020] loss: 114.359
[1,  2040] loss: 107.515
[1,  2060] loss: 102.271
[1,  2080] loss: 103.681
[1,  2100] loss: 90.666
[1,  2120] loss: 100.102
[1,  2140] loss: 97.500
[1,  2160] loss: 99.536
[1,  2180] loss: 87.705
[1,  2200] loss: 95.948
[1,  2220] loss: 84.370
[1,  2240] loss: 89.322
[1,  2260] loss: 82.757
[1,  2280] loss: 75.947
[1,  2300] loss: 83.603
[1,  2320] loss: 75.435
[1,  2340] loss: 78.036
[1,  2360] loss: 71.141
[1,  2380] loss: 64.999
[1,  2400] loss: 70.664
[1,  2420] loss: 57.931
[1,  2440] loss: 67.411
[1,  2460] loss: 64.357
[1,  2480] loss: 64.012
[1,  2500] loss: 57.374
[1,  2520] loss: 56.366
[1,  2540] loss: 65.294
[1,  2560] loss: 51.580
[1,  2580] loss: 49.387
[1,  2600] loss: 47.416
[1,  2620] loss: 48.551
[1,  2640] loss: 46.966
[1,  2660] loss: 46.383
[1,  2680] loss: 44.070
[1,  2700] loss: 48.564
[1,  2720] loss: 38.893
[1,  2740] loss: 46.997
[1,  2760] loss: 46.329
[1,  2780] loss: 35.716
[1,  2800] loss: 43.644
[1,  2820] loss: 34.594
[1,  2840] loss: 32.563
[1,  2860] loss: 38.598
[1,  2880] loss: 41.670
[1,  2900] loss: 36.091
[1,  2920] loss: 36.269
[1,  2940] loss: 34.551
[1,  2960] loss: 41.569
[1,  2980] loss: 36.713
[1,  3000] loss: 35.400
[1,  3020] loss: 35.352
[1,  3040] loss: 34.026
[1,    20] loss: 89.424
[1,    40] loss: 111.512
[1,    60] loss: 81.270
[1,    80] loss: 69.026
[1,   100] loss: 61.289
[1,   120] loss: 54.595
[1,   140] loss: 54.620
[1,   160] loss: 49.121
[1,   180] loss: 45.817
[1,   200] loss: 42.192
[1,   220] loss: 38.439
[1,   240] loss: 36.130
[1,   260] loss: 34.942
[1,   280] loss: 32.966
[1,   300] loss: 31.147
[1,   320] loss: 31.810
