cuda:  1
color_space: RGB
batch_size: 10
num_epcochs: 1
learning_rate: 0.003
[1,    20] loss: 1.129
[1,    40] loss: 12.978
[1,    60] loss: 737.826
[1,    80] loss: 13861.249
[1,   100] loss: 16410.855
[1,   120] loss: 2961.078
[1,   140] loss: 148.583
[1,   160] loss: 13.970
[1,   180] loss: 5.104
[1,   200] loss: 2.314
[1,   220] loss: 1.125
[1,   240] loss: 0.901
[1,   260] loss: 0.508
[1,   280] loss: 0.447
[1,   300] loss: 0.424
[1,   320] loss: 0.359
[1,   340] loss: 0.299
[1,   360] loss: 0.304
[1,   380] loss: 0.360
[1,   400] loss: 0.252
[1,   420] loss: 0.212
[1,   440] loss: 0.245
[1,   460] loss: 0.234
[1,   480] loss: 0.258
[1,   500] loss: 0.197
[1,   520] loss: 0.201
[1,   540] loss: 0.186
[1,   560] loss: 0.242
[1,   580] loss: 0.180
[1,   600] loss: 0.194
[1,   620] loss: 0.181
[1,   640] loss: 0.240
[1,   660] loss: 0.196
[1,   680] loss: 0.193
[1,   700] loss: 0.158
[1,   720] loss: 0.154
[1,   740] loss: 0.171
[1,   760] loss: 0.208
[1,   780] loss: 0.138
[1,   800] loss: 0.148
[1,   820] loss: 0.158
[1,   840] loss: 0.154
[1,   860] loss: 0.100
[1,   880] loss: 0.162
[1,   900] loss: 0.166
[1,   920] loss: 0.168
[1,   940] loss: 0.182
[1,   960] loss: 0.145
[1,   980] loss: 0.122
[1,  1000] loss: 0.165
[1,  1020] loss: 0.160
[1,  1040] loss: 0.134
[1,  1060] loss: 0.137
[1,  1080] loss: 0.123
[1,  1100] loss: 0.117
[1,  1120] loss: 0.098
[1,  1140] loss: 0.139
[1,  1160] loss: 0.118
[1,  1180] loss: 0.143
[1,  1200] loss: 0.168
[1,  1220] loss: 0.166
[1,  1240] loss: 0.136
[1,  1260] loss: 0.117
[1,  1280] loss: 0.094
[1,  1300] loss: 0.117
[1,  1320] loss: 0.162
[1,  1340] loss: 0.167
[1,  1360] loss: 0.089
[1,  1380] loss: 0.174
[1,  1400] loss: 0.150
[1,  1420] loss: 0.107
[1,  1440] loss: 0.106
[1,  1460] loss: 0.112
[1,  1480] loss: 0.146
[1,  1500] loss: 0.123
[1,  1520] loss: 0.137
[1,  1540] loss: 0.170
[1,  1560] loss: 0.097
[1,  1580] loss: 0.088
[1,  1600] loss: 0.101
[1,  1620] loss: 0.112
[1,  1640] loss: 0.124
[1,  1660] loss: 0.074
[1,  1680] loss: 0.128
[1,  1700] loss: 0.108
[1,  1720] loss: 0.089
[1,  1740] loss: 0.098
[1,  1760] loss: 0.096
[1,  1780] loss: 0.106
[1,  1800] loss: 0.117
[1,  1820] loss: 0.093
[1,  1840] loss: 0.101
[1,  1860] loss: 0.129
[1,  1880] loss: 0.090
[1,  1900] loss: 0.135
[1,  1920] loss: 0.126
[1,  1940] loss: 0.149
[1,  1960] loss: 0.139
[1,  1980] loss: 0.154
[1,  2000] loss: 0.123
[1,  2020] loss: 0.130
[1,  2040] loss: 0.137
[1,  2060] loss: 0.149
[1,  2080] loss: 0.137
[1,  2100] loss: 0.119
[1,  2120] loss: 0.098
[1,  2140] loss: 0.136
[1,  2160] loss: 0.133
[1,  2180] loss: 0.079
[1,  2200] loss: 0.098
[1,  2220] loss: 0.109
[1,  2240] loss: 0.133
[1,  2260] loss: 0.135
[1,  2280] loss: 0.102
[1,  2300] loss: 0.078
[1,  2320] loss: 0.192
[1,  2340] loss: 0.114
[1,  2360] loss: 0.121
[1,  2380] loss: 0.120
[1,  2400] loss: 0.097
[1,  2420] loss: 0.114
[1,  2440] loss: 0.086
[1,  2460] loss: 0.125
[1,  2480] loss: 0.134
[1,  2500] loss: 0.138
[1,  2520] loss: 0.131
[1,  2540] loss: 0.202
[1,  2560] loss: 0.119
[1,  2580] loss: 0.132
[1,  2600] loss: 0.136
[1,  2620] loss: 0.094
[1,  2640] loss: 0.118
[1,  2660] loss: 0.175
[1,  2680] loss: 0.134
[1,  2700] loss: 0.144
[1,  2720] loss: 0.256
[1,  2740] loss: 0.151
[1,  2760] loss: 0.101
[1,  2780] loss: 0.082
[1,  2800] loss: 0.161
[1,  2820] loss: 0.102
[1,  2840] loss: 0.136
[1,  2860] loss: 0.107
[1,  2880] loss: 0.125
[1,  2900] loss: 0.099
[1,  2920] loss: 0.068
[1,  2940] loss: 0.118
[1,  2960] loss: 0.158
[1,  2980] loss: 0.106
[1,  3000] loss: 0.148
[1,  3020] loss: 0.112
[1,  3040] loss: 0.100
[1,    20] loss: 0.106
[1,    40] loss: 0.080
[1,    60] loss: 0.062
[1,    80] loss: 0.098
[1,   100] loss: 0.111
[1,   120] loss: 0.109
[1,   140] loss: 0.113
[1,   160] loss: 0.108
[1,   180] loss: 0.100
[1,   200] loss: 0.092
[1,   220] loss: 0.094
[1,   240] loss: 0.092
[1,   260] loss: 0.092
[1,   280] loss: 0.095
[1,   300] loss: 0.092
[1,   320] loss: 0.089
