cuda:  5
color_space: RGB
batch_size: 10
num_epcochs: 2
learning_rate: 0.001
[1,    20] loss: 0.126
[1,    40] loss: 0.061
[1,    60] loss: 0.131
[1,    80] loss: 0.115
[1,   100] loss: 0.087
[1,   120] loss: 0.092
[1,   140] loss: 0.046
[1,   160] loss: 0.071
[1,   180] loss: 0.084
[1,   200] loss: 0.097
[1,   220] loss: 0.076
[1,   240] loss: 0.054
[1,   260] loss: 0.076
[1,   280] loss: 0.068
[1,   300] loss: 0.063
[1,   320] loss: 0.099
[1,   340] loss: 0.082
[1,   360] loss: 0.076
[1,   380] loss: 0.046
[1,   400] loss: 0.065
[1,   420] loss: 0.071
[1,   440] loss: 0.102
[1,   460] loss: 0.074
[1,   480] loss: 0.095
[1,   500] loss: 0.056
[1,   520] loss: 0.063
[1,   540] loss: 0.070
[1,   560] loss: 0.093
[1,   580] loss: 0.069
[1,   600] loss: 0.103
[1,   620] loss: 0.054
[1,   640] loss: 0.081
[1,   660] loss: 0.077
[1,   680] loss: 0.062
[1,   700] loss: 0.084
[1,   720] loss: 0.069
[1,   740] loss: 0.087
[1,   760] loss: 0.100
[1,   780] loss: 0.121
[1,   800] loss: 0.062
[1,   820] loss: 0.130
[1,   840] loss: 0.119
[1,   860] loss: 0.082
[1,   880] loss: 0.096
[1,   900] loss: 0.115
[1,   920] loss: 0.084
[1,   940] loss: 0.110
[1,   960] loss: 0.087
[1,   980] loss: 0.095
[1,  1000] loss: 0.094
[1,  1020] loss: 0.061
[1,  1040] loss: 0.042
[1,  1060] loss: 0.056
[1,  1080] loss: 0.053
[1,  1100] loss: 0.078
[1,  1120] loss: 0.062
[1,  1140] loss: 0.087
[1,  1160] loss: 0.096
[1,  1180] loss: 0.084
[1,  1200] loss: 0.089
[1,  1220] loss: 0.066
[1,  1240] loss: 0.049
[1,  1260] loss: 0.063
[1,  1280] loss: 0.060
[1,  1300] loss: 0.079
[1,  1320] loss: 0.052
[1,  1340] loss: 0.077
[1,  1360] loss: 0.083
[1,  1380] loss: 0.110
[1,  1400] loss: 0.100
[1,  1420] loss: 0.082
[1,  1440] loss: 0.057
[1,  1460] loss: 0.094
[1,  1480] loss: 0.055
[1,  1500] loss: 0.076
[1,  1520] loss: 0.105
[1,  1540] loss: 0.089
[1,  1560] loss: 0.044
[1,  1580] loss: 0.072
[1,  1600] loss: 0.116
[1,  1620] loss: 0.077
[1,  1640] loss: 0.065
[1,  1660] loss: 0.071
[1,  1680] loss: 0.093
[1,  1700] loss: 0.071
[1,  1720] loss: 0.068
[1,  1740] loss: 0.090
[1,  1760] loss: 0.055
[1,  1780] loss: 0.055
[1,  1800] loss: 0.089
[1,  1820] loss: 0.103
[1,  1840] loss: 0.064
[1,  1860] loss: 0.063
[1,  1880] loss: 0.087
[1,  1900] loss: 0.091
[1,  1920] loss: 0.067
[1,  1940] loss: 0.073
[1,  1960] loss: 0.068
[1,  1980] loss: 0.080
[1,  2000] loss: 0.115
[1,  2020] loss: 0.096
[1,  2040] loss: 0.085
[1,  2060] loss: 0.065
[1,  2080] loss: 0.038
[1,  2100] loss: 0.077
[1,  2120] loss: 0.067
[1,  2140] loss: 0.113
[1,  2160] loss: 0.103
[1,  2180] loss: 0.077
[1,  2200] loss: 0.039
[1,  2220] loss: 0.094
[1,  2240] loss: 0.085
[1,  2260] loss: 0.051
[1,  2280] loss: 0.104
[1,  2300] loss: 0.076
[1,  2320] loss: 0.044
[1,  2340] loss: 0.122
[1,  2360] loss: 0.088
[1,  2380] loss: 0.084
[1,  2400] loss: 0.089
[1,  2420] loss: 0.091
[1,  2440] loss: 0.086
[1,  2460] loss: 0.090
[1,  2480] loss: 0.080
[1,  2500] loss: 0.109
[1,  2520] loss: 0.077
[1,  2540] loss: 0.103
[1,  2560] loss: 0.054
[1,  2580] loss: 0.111
[1,  2600] loss: 0.082
[1,  2620] loss: 0.088
[1,  2640] loss: 0.089
[1,  2660] loss: 0.074
[1,  2680] loss: 0.046
[1,  2700] loss: 0.067
[1,  2720] loss: 0.077
[1,  2740] loss: 0.073
[1,  2760] loss: 0.076
[1,  2780] loss: 0.097
[1,  2800] loss: 0.085
[1,  2820] loss: 0.072
[1,  2840] loss: 0.081
[1,  2860] loss: 0.081
[1,  2880] loss: 0.113
[1,  2900] loss: 0.067
[1,  2920] loss: 0.068
[1,  2940] loss: 0.065
[1,  2960] loss: 0.101
[1,  2980] loss: 0.085
[1,  3000] loss: 0.078
[1,  3020] loss: 0.120
[1,  3040] loss: 0.125
[2,    20] loss: 0.107
[2,    40] loss: 0.084
[2,    60] loss: 0.075
[2,    80] loss: 0.063
[2,   100] loss: 0.065
[2,   120] loss: 0.076
[2,   140] loss: 0.061
[2,   160] loss: 0.067
[2,   180] loss: 0.067
[2,   200] loss: 0.051
[2,   220] loss: 0.114
[2,   240] loss: 0.099
[2,   260] loss: 0.071
[2,   280] loss: 0.062
[2,   300] loss: 0.079
[2,   320] loss: 0.105
[2,   340] loss: 0.063
[2,   360] loss: 0.077
[2,   380] loss: 0.070
[2,   400] loss: 0.059
[2,   420] loss: 0.105
[2,   440] loss: 0.095
[2,   460] loss: 0.079
[2,   480] loss: 0.075
[2,   500] loss: 0.079
[2,   520] loss: 0.098
[2,   540] loss: 0.083
[2,   560] loss: 0.073
[2,   580] loss: 0.105
[2,   600] loss: 0.109
[2,   620] loss: 0.107
[2,   640] loss: 0.070
[2,   660] loss: 0.097
[2,   680] loss: 0.077
[2,   700] loss: 0.085
[2,   720] loss: 0.048
[2,   740] loss: 0.062
[2,   760] loss: 0.066
[2,   780] loss: 0.070
[2,   800] loss: 0.073
[2,   820] loss: 0.063
[2,   840] loss: 0.076
[2,   860] loss: 0.084
[2,   880] loss: 0.076
[2,   900] loss: 0.066
[2,   920] loss: 0.095
[2,   940] loss: 0.107
[2,   960] loss: 0.095
[2,   980] loss: 0.061
[2,  1000] loss: 0.065
[2,  1020] loss: 0.078
[2,  1040] loss: 0.087
[2,  1060] loss: 0.057
[2,  1080] loss: 0.066
[2,  1100] loss: 0.095
[2,  1120] loss: 0.090
[2,  1140] loss: 0.094
[2,  1160] loss: 0.067
[2,  1180] loss: 0.059
[2,  1200] loss: 0.068
[2,  1220] loss: 0.076
[2,  1240] loss: 0.071
[2,  1260] loss: 0.103
[2,  1280] loss: 0.069
[2,  1300] loss: 0.115
[2,  1320] loss: 0.052
[2,  1340] loss: 0.118
[2,  1360] loss: 0.045
[2,  1380] loss: 0.085
[2,  1400] loss: 0.072
[2,  1420] loss: 0.062
[2,  1440] loss: 0.070
[2,  1460] loss: 0.098
[2,  1480] loss: 0.060
[2,  1500] loss: 0.091
[2,  1520] loss: 0.067
[2,  1540] loss: 0.076
[2,  1560] loss: 0.077
[2,  1580] loss: 0.078
[2,  1600] loss: 0.090
[2,  1620] loss: 0.080
[2,  1640] loss: 0.056
[2,  1660] loss: 0.073
[2,  1680] loss: 0.061
[2,  1700] loss: 0.070
[2,  1720] loss: 0.075
[2,  1740] loss: 0.046
[2,  1760] loss: 0.127
[2,  1780] loss: 0.065
[2,  1800] loss: 0.095
[2,  1820] loss: 0.080
[2,  1840] loss: 0.102
[2,  1860] loss: 0.046
[2,  1880] loss: 0.054
[2,  1900] loss: 0.071
[2,  1920] loss: 0.131
[2,  1940] loss: 0.145
[2,  1960] loss: 0.086
[2,  1980] loss: 0.058
[2,  2000] loss: 0.076
[2,  2020] loss: 0.070
[2,  2040] loss: 0.085
[2,  2060] loss: 0.088
[2,  2080] loss: 0.117
[2,  2100] loss: 0.074
[2,  2120] loss: 0.073
[2,  2140] loss: 0.092
[2,  2160] loss: 0.052
[2,  2180] loss: 0.114
[2,  2200] loss: 16.287
[2,  2220] loss: 42819.799
[2,  2240] loss: 812290.628
[2,  2260] loss: 12288.796
[2,  2280] loss: 2803.664
[2,  2300] loss: 163.992
[2,  2320] loss: 65.635
[2,  2340] loss: 29.967
[2,  2360] loss: 13.991
[2,  2380] loss: 11.138
[2,  2400] loss: 8.962
[2,  2420] loss: 6.902
[2,  2440] loss: 6.558
[2,  2460] loss: 4.582
[2,  2480] loss: 5.172
[2,  2500] loss: 4.337
[2,  2520] loss: 3.958
[2,  2540] loss: 3.590
[2,  2560] loss: 4.134
[2,  2580] loss: 3.547
[2,  2600] loss: 4.058
[2,  2620] loss: 4.219
[2,  2640] loss: 3.234
[2,  2660] loss: 2.831
[2,  2680] loss: 3.253
[2,  2700] loss: 2.819
[2,  2720] loss: 3.297
[2,  2740] loss: 2.373
[2,  2760] loss: 2.863
[2,  2780] loss: 3.077
[2,  2800] loss: 2.648
[2,  2820] loss: 3.070
[2,  2840] loss: 2.466
[2,  2860] loss: 1.945
[2,  2880] loss: 2.086
[2,  2900] loss: 2.130
[2,  2920] loss: 2.977
[2,  2940] loss: 2.067
[2,  2960] loss: 2.030
[2,  2980] loss: 1.669
[2,  3000] loss: 2.050
[2,  3020] loss: 2.993
[2,  3040] loss: 1.965
[1,    20] loss: 8.880
[1,    40] loss: 5.231
[1,    60] loss: 3.875
[1,    80] loss: 3.289
[1,   100] loss: 2.760
[1,   120] loss: 2.420
[1,   140] loss: 2.157
[1,   160] loss: 2.209
[1,   180] loss: 2.169
[1,   200] loss: 2.075
[1,   220] loss: 2.004
[1,   240] loss: 1.990
[1,   260] loss: 1.974
[1,   280] loss: 1.931
[1,   300] loss: 1.912
[1,   320] loss: 1.850
[2,    20] loss: 8.880
[2,    40] loss: 5.231
[2,    60] loss: 3.875
[2,    80] loss: 3.289
[2,   100] loss: 2.760
[2,   120] loss: 2.420
[2,   140] loss: 2.157
[2,   160] loss: 2.209
[2,   180] loss: 2.169
[2,   200] loss: 2.075
[2,   220] loss: 2.004
[2,   240] loss: 1.990
[2,   260] loss: 1.974
[2,   280] loss: 1.931
[2,   300] loss: 1.912
[2,   320] loss: 1.850
