cuda:  4
color_space: RGB
batch_size: 10
num_epcochs: 2
learning_rate: 0.001
[1,    20] loss: 0.107
[1,    40] loss: 0.101
[1,    60] loss: 0.067
[1,    80] loss: 0.072
[1,   100] loss: 0.066
[1,   120] loss: 0.063
[1,   140] loss: 0.063
[1,   160] loss: 0.087
[1,   180] loss: 0.049
[1,   200] loss: 0.078
[1,   220] loss: 0.058
[1,   240] loss: 0.062
[1,   260] loss: 0.065
[1,   280] loss: 0.107
[1,   300] loss: 0.108
[1,   320] loss: 0.080
[1,   340] loss: 0.088
[1,   360] loss: 0.101
[1,   380] loss: 0.087
[1,   400] loss: 0.081
[1,   420] loss: 0.055
[1,   440] loss: 0.084
[1,   460] loss: 0.087
[1,   480] loss: 0.075
[1,   500] loss: 0.071
[1,   520] loss: 0.101
[1,   540] loss: 0.090
[1,   560] loss: 0.084
[1,   580] loss: 0.070
[1,   600] loss: 0.079
[1,   620] loss: 0.061
[1,   640] loss: 0.068
[1,   660] loss: 0.080
[1,   680] loss: 0.072
[1,   700] loss: 0.096
[1,   720] loss: 0.104
[1,   740] loss: 0.070
[1,   760] loss: 0.103
[1,   780] loss: 0.078
[1,   800] loss: 0.074
[1,   820] loss: 0.115
[1,   840] loss: 0.098
[1,   860] loss: 0.104
[1,   880] loss: 0.091
[1,   900] loss: 0.108
[1,   920] loss: 0.069
[1,   940] loss: 0.093
[1,   960] loss: 0.131
[1,   980] loss: 0.115
[1,  1000] loss: 137.879
[1,  1020] loss: 51881.183
[1,  1040] loss: 3199.883
[1,  1060] loss: 263.929
[1,  1080] loss: 146.502
[1,  1100] loss: 14.563
[1,  1120] loss: 4.475
[1,  1140] loss: 2.711
[1,  1160] loss: 2.290
[1,  1180] loss: 1.996
[1,  1200] loss: 1.999
[1,  1220] loss: 1.850
[1,  1240] loss: 2.386
[1,  1260] loss: 1.764
[1,  1280] loss: 1.439
[1,  1300] loss: 1.282
[1,  1320] loss: 1.049
[1,  1340] loss: 1.164
[1,  1360] loss: 1.139
[1,  1380] loss: 0.945
[1,  1400] loss: 1.037
[1,  1420] loss: 0.911
[1,  1440] loss: 1.139
[1,  1460] loss: 0.834
[1,  1480] loss: 0.943
[1,  1500] loss: 0.850
[1,  1520] loss: 0.668
[1,  1540] loss: 0.591
[1,  1560] loss: 0.696
[1,  1580] loss: 0.649
[1,  1600] loss: 0.781
[1,  1620] loss: 0.709
[1,  1640] loss: 0.711
[1,  1660] loss: 0.568
[1,  1680] loss: 0.496
[1,  1700] loss: 0.552
[1,  1720] loss: 0.628
[1,  1740] loss: 0.549
[1,  1760] loss: 0.519
[1,  1780] loss: 0.512
[1,  1800] loss: 0.622
[1,  1820] loss: 0.509
[1,  1840] loss: 0.453
[1,  1860] loss: 0.703
[1,  1880] loss: 0.499
[1,  1900] loss: 0.421
[1,  1920] loss: 0.560
[1,  1940] loss: 0.605
[1,  1960] loss: 0.457
[1,  1980] loss: 0.322
[1,  2000] loss: 0.439
[1,  2020] loss: 0.436
[1,  2040] loss: 0.383
[1,  2060] loss: 0.394
[1,  2080] loss: 0.462
[1,  2100] loss: 0.478
[1,  2120] loss: 0.426
[1,  2140] loss: 0.428
[1,  2160] loss: 0.350
[1,  2180] loss: 0.519
[1,  2200] loss: 0.362
[1,  2220] loss: 0.397
[1,  2240] loss: 0.370
[1,  2260] loss: 0.330
[1,  2280] loss: 0.330
[1,  2300] loss: 0.539
[1,  2320] loss: 0.278
[1,  2340] loss: 0.373
[1,  2360] loss: 0.321
[1,  2380] loss: 0.352
[1,  2400] loss: 0.391
[1,  2420] loss: 0.378
[1,  2440] loss: 0.297
[1,  2460] loss: 0.306
[1,  2480] loss: 0.345
[1,  2500] loss: 0.356
[1,  2520] loss: 0.444
[1,  2540] loss: 0.407
[1,  2560] loss: 0.268
[1,  2580] loss: 0.376
[1,  2600] loss: 0.239
[1,  2620] loss: 0.288
[1,  2640] loss: 0.385
[1,  2660] loss: 0.286
[1,  2680] loss: 0.274
[1,  2700] loss: 0.211
[1,  2720] loss: 0.281
[1,  2740] loss: 0.305
[1,  2760] loss: 0.310
[1,  2780] loss: 0.348
[1,  2800] loss: 0.266
[1,  2820] loss: 0.325
[1,  2840] loss: 0.202
[1,  2860] loss: 0.227
[1,  2880] loss: 0.342
[1,  2900] loss: 0.305
[1,  2920] loss: 0.273
[1,  2940] loss: 0.250
[1,  2960] loss: 0.234
[1,  2980] loss: 0.240
[1,  3000] loss: 0.299
[1,  3020] loss: 0.280
[1,  3040] loss: 0.285
[2,    20] loss: 0.318
[2,    40] loss: 0.224
[2,    60] loss: 0.211
[2,    80] loss: 0.270
[2,   100] loss: 0.260
[2,   120] loss: 0.210
[2,   140] loss: 0.282
[2,   160] loss: 0.187
[2,   180] loss: 0.211
[2,   200] loss: 0.201
[2,   220] loss: 0.212
[2,   240] loss: 0.235
[2,   260] loss: 0.179
[2,   280] loss: 0.237
[2,   300] loss: 0.232
[2,   320] loss: 0.202
[2,   340] loss: 0.295
[2,   360] loss: 0.242
[2,   380] loss: 0.179
[2,   400] loss: 0.239
[2,   420] loss: 0.220
[2,   440] loss: 0.191
[2,   460] loss: 0.153
[2,   480] loss: 0.218
[2,   500] loss: 0.145
[2,   520] loss: 0.195
[2,   540] loss: 0.170
[2,   560] loss: 0.205
[2,   580] loss: 0.225
[2,   600] loss: 0.193
[2,   620] loss: 0.167
[2,   640] loss: 0.163
[2,   660] loss: 0.185
[2,   680] loss: 0.205
[2,   700] loss: 0.204
[2,   720] loss: 0.183
[2,   740] loss: 0.197
[2,   760] loss: 0.159
[2,   780] loss: 0.204
[2,   800] loss: 0.130
[2,   820] loss: 0.186
[2,   840] loss: 0.166
[2,   860] loss: 0.150
[2,   880] loss: 0.192
[2,   900] loss: 0.140
[2,   920] loss: 0.137
[2,   940] loss: 0.199
[2,   960] loss: 0.207
[2,   980] loss: 0.134
[2,  1000] loss: 0.135
[2,  1020] loss: 0.187
[2,  1040] loss: 0.161
[2,  1060] loss: 0.162
[2,  1080] loss: 0.178
[2,  1100] loss: 0.139
[2,  1120] loss: 0.207
[2,  1140] loss: 0.238
[2,  1160] loss: 0.157
[2,  1180] loss: 0.153
[2,  1200] loss: 0.163
[2,  1220] loss: 0.153
[2,  1240] loss: 0.144
[2,  1260] loss: 0.212
[2,  1280] loss: 0.157
[2,  1300] loss: 0.124
[2,  1320] loss: 0.213
[2,  1340] loss: 0.127
[2,  1360] loss: 0.252
[2,  1380] loss: 0.170
[2,  1400] loss: 0.166
[2,  1420] loss: 0.177
[2,  1440] loss: 0.115
[2,  1460] loss: 0.177
[2,  1480] loss: 0.148
[2,  1500] loss: 0.182
[2,  1520] loss: 0.144
[2,  1540] loss: 0.139
[2,  1560] loss: 0.199
[2,  1580] loss: 0.161
[2,  1600] loss: 0.153
[2,  1620] loss: 0.195
[2,  1640] loss: 0.133
[2,  1660] loss: 0.135
[2,  1680] loss: 0.175
[2,  1700] loss: 0.148
[2,  1720] loss: 0.178
[2,  1740] loss: 0.145
[2,  1760] loss: 0.140
[2,  1780] loss: 0.208
[2,  1800] loss: 0.120
[2,  1820] loss: 0.119
[2,  1840] loss: 0.185
[2,  1860] loss: 0.157
[2,  1880] loss: 0.114
[2,  1900] loss: 0.128
[2,  1920] loss: 0.136
[2,  1940] loss: 0.151
[2,  1960] loss: 0.129
[2,  1980] loss: 0.115
[2,  2000] loss: 0.125
[2,  2020] loss: 0.182
[2,  2040] loss: 0.136
[2,  2060] loss: 0.094
[2,  2080] loss: 0.143
[2,  2100] loss: 0.225
[2,  2120] loss: 0.172
[2,  2140] loss: 0.138
[2,  2160] loss: 0.106
[2,  2180] loss: 0.085
[2,  2200] loss: 0.103
[2,  2220] loss: 0.158
[2,  2240] loss: 0.110
[2,  2260] loss: 0.107
[2,  2280] loss: 0.099
[2,  2300] loss: 0.127
[2,  2320] loss: 0.113
[2,  2340] loss: 0.137
[2,  2360] loss: 0.126
[2,  2380] loss: 0.098
[2,  2400] loss: 0.155
[2,  2420] loss: 0.149
[2,  2440] loss: 0.143
[2,  2460] loss: 0.124
[2,  2480] loss: 0.140
[2,  2500] loss: 0.087
[2,  2520] loss: 0.107
[2,  2540] loss: 0.122
[2,  2560] loss: 0.132
[2,  2580] loss: 0.120
[2,  2600] loss: 0.089
[2,  2620] loss: 0.114
[2,  2640] loss: 0.174
[2,  2660] loss: 0.139
[2,  2680] loss: 0.080
[2,  2700] loss: 0.136
[2,  2720] loss: 0.147
[2,  2740] loss: 0.100
[2,  2760] loss: 0.111
[2,  2780] loss: 0.129
[2,  2800] loss: 0.088
[2,  2820] loss: 0.115
[2,  2840] loss: 0.131
[2,  2860] loss: 0.126
[2,  2880] loss: 0.128
[2,  2900] loss: 0.127
[2,  2920] loss: 0.124
[2,  2940] loss: 0.114
[2,  2960] loss: 0.111
[2,  2980] loss: 0.162
[2,  3000] loss: 0.196
[2,  3020] loss: 0.124
[2,  3040] loss: 0.162
[1,    20] loss: 0.041
[1,    40] loss: 0.048
[1,    60] loss: 0.043
[1,    80] loss: 0.039
[1,   100] loss: 0.039
[1,   120] loss: 0.041
[1,   140] loss: 0.036
[1,   160] loss: 0.044
[1,   180] loss: 0.048
[1,   200] loss: 0.046
[1,   220] loss: 0.051
[1,   240] loss: 0.050
[1,   260] loss: 0.050
[1,   280] loss: 0.048
[1,   300] loss: 0.046
[1,   320] loss: 0.044
[2,    20] loss: 0.041
[2,    40] loss: 0.048
[2,    60] loss: 0.043
[2,    80] loss: 0.039
[2,   100] loss: 0.039
[2,   120] loss: 0.041
[2,   140] loss: 0.036
[2,   160] loss: 0.044
[2,   180] loss: 0.048
[2,   200] loss: 0.046
[2,   220] loss: 0.051
[2,   240] loss: 0.050
[2,   260] loss: 0.050
[2,   280] loss: 0.048
[2,   300] loss: 0.046
[2,   320] loss: 0.044
