cuda:  0
color_space: RGB
batch_size: 10
num_epcochs: 2
learning_rate: 0.002
[1,    20] loss: 0.127
[1,    40] loss: 0.078
[1,    60] loss: 0.127
[1,    80] loss: 0.123
[1,   100] loss: 0.070
[1,   120] loss: 0.094
[1,   140] loss: 0.051
[1,   160] loss: 0.059
[1,   180] loss: 0.066
[1,   200] loss: 0.066
[1,   220] loss: 0.062
[1,   240] loss: 0.067
[1,   260] loss: 0.062
[1,   280] loss: 0.058
[1,   300] loss: 0.119
[1,   320] loss: 0.089
[1,   340] loss: 0.085
[1,   360] loss: 0.106
[1,   380] loss: 0.089
[1,   400] loss: 0.095
[1,   420] loss: 0.084
[1,   440] loss: 0.071
[1,   460] loss: 0.067
[1,   480] loss: 0.115
[1,   500] loss: 0.071
[1,   520] loss: 0.104
[1,   540] loss: 0.079
[1,   560] loss: 0.060
[1,   580] loss: 0.095
[1,   600] loss: 0.098
[1,   620] loss: 0.067
[1,   640] loss: 0.076
[1,   660] loss: 0.068
[1,   680] loss: 0.080
[1,   700] loss: 0.131
[1,   720] loss: 0.086
[1,   740] loss: 0.061
[1,   760] loss: 0.095
[1,   780] loss: 0.096
[1,   800] loss: 0.083
[1,   820] loss: 0.136
[1,   840] loss: 0.061
[1,   860] loss: 0.074
[1,   880] loss: 0.064
[1,   900] loss: 5705.146
[1,   920] loss: 2592999984.516
[1,   940] loss: 466629476.300
[1,   960] loss: 31497421.625
[1,   980] loss: 75597239268.387
[1,  1000] loss: 40189928077.525
[1,  1020] loss: 231153917.900
[1,  1040] loss: 27264859.769
[1,  1060] loss: 8948532.819
[1,  1080] loss: 9457065.781
[1,  1100] loss: 3697616.853
[1,  1120] loss: 2297748.197
[1,  1140] loss: 1145259.997
[1,  1160] loss: 1021547.103
[1,  1180] loss: 1191141.369
[1,  1200] loss: 898358.433
[1,  1220] loss: 1177749.572
[1,  1240] loss: 1012775.600
[1,  1260] loss: 1096357.082
[1,  1280] loss: 2985559.931
[1,  1300] loss: 1600618.769
[1,  1320] loss: 865171.908
[1,  1340] loss: 685967.973
[1,  1360] loss: 633109.499
[1,  1380] loss: 524798.395
[1,  1400] loss: 949267.691
[1,  1420] loss: 1015611.972
[1,  1440] loss: 927846.233
[1,  1460] loss: 426534.745
[1,  1480] loss: 379463.299
[1,  1500] loss: 505207.049
[1,  1520] loss: 770658.113
[1,  1540] loss: 855192.750
[1,  1560] loss: 711158.314
[1,  1580] loss: 485151.858
[1,  1600] loss: 337472.832
[1,  1620] loss: 259503.679
[1,  1640] loss: 218813.126
[1,  1660] loss: 601348.393
[1,  1680] loss: 392943.065
[1,  1700] loss: 220147.253
[1,  1720] loss: 436782.823
[1,  1740] loss: 707094.138
[1,  1760] loss: 220749.496
[1,  1780] loss: 163462.294
[1,  1800] loss: 144220.917
[1,  1820] loss: 344748.203
[1,  1840] loss: 155874.091
[1,  1860] loss: 120595.706
[1,  1880] loss: 118017.210
[1,  1900] loss: 178384.346
[1,  1920] loss: 159651.224
[1,  1940] loss: 146277.899
[1,  1960] loss: 181779.650
[1,  1980] loss: 107369.686
[1,  2000] loss: 140266.998
[1,  2020] loss: 446896.888
[1,  2040] loss: 194416.537
[1,  2060] loss: 149604.440
[1,  2080] loss: 477585.271
[1,  2100] loss: 171467.351
[1,  2120] loss: 86871.163
[1,  2140] loss: 116287.653
[1,  2160] loss: 144619.301
[1,  2180] loss: 186916.740
[1,  2200] loss: 64373.977
[1,  2220] loss: 75859.468
[1,  2240] loss: 177142.190
[1,  2260] loss: 103592.978
[1,  2280] loss: 68693.126
[1,  2300] loss: 121912.582
[1,  2320] loss: 166666.200
[1,  2340] loss: 71950.828
[1,  2360] loss: 211979.218
[1,  2380] loss: 69637.799
[1,  2400] loss: 69025.776
[1,  2420] loss: 77900.945
[1,  2440] loss: 48079.790
[1,  2460] loss: 194596.243
[1,  2480] loss: 725891.686
[1,  2500] loss: 3655584.229
[1,  2520] loss: 1473916.221
[1,  2540] loss: 2018545.384
[1,  2560] loss: 8895082.337
[1,  2580] loss: 8782389.817
[1,  2600] loss: 4327841.069
[1,  2620] loss: 6142709.263
[1,  2640] loss: 8124263.061
[1,  2660] loss: 4401226.081
[1,  2680] loss: 965645.997
[1,  2700] loss: 304098.130
[1,  2720] loss: 345181.379
[1,  2740] loss: 176668.419
[1,  2760] loss: 63727.050
[1,  2780] loss: 123313.381
[1,  2800] loss: 157186.217
[1,  2820] loss: 46657.539
[1,  2840] loss: 82068.126
[1,  2860] loss: 58218.055
[1,  2880] loss: 81069.388
[1,  2900] loss: 21353.505
[1,  2920] loss: 117197.336
[1,  2940] loss: 124812.624
[1,  2960] loss: 58369.545
[1,  2980] loss: 110116.726
[1,  3000] loss: 455663.652
[1,  3020] loss: 1134752.332
[1,  3040] loss: 683078.428
[2,    20] loss: 1673197.384
[2,    40] loss: 947805.958
[2,    60] loss: 431684.718
[2,    80] loss: 162298.435
[2,   100] loss: 330812.035
[2,   120] loss: 48530.145
[2,   140] loss: 80068.935
[2,   160] loss: 60216.457
[2,   180] loss: 84495.392
[2,   200] loss: 151463.553
[2,   220] loss: 53492.504
[2,   240] loss: 17496.116
[2,   260] loss: 39017.023
[2,   280] loss: 100785.565
[2,   300] loss: 46404.971
[2,   320] loss: 94530.190
[2,   340] loss: 27902.592
[2,   360] loss: 119624.189
[2,   380] loss: 165984.472
[2,   400] loss: 24121.365
[2,   420] loss: 34064.493
[2,   440] loss: 19852.742
[2,   460] loss: 40095.111
[2,   480] loss: 131972.070
[2,   500] loss: 58358.446
[2,   520] loss: 30486.636
[2,   540] loss: 815122.572
[2,   560] loss: 1181085.038
[2,   580] loss: 358379.008
[2,   600] loss: 2028526.470
[2,   620] loss: 2790758.568
[2,   640] loss: 20208015.078
[2,   660] loss: 107575591.881
[2,   680] loss: 14315372.845
[2,   700] loss: 1726934.759
[2,   720] loss: 99172.491
[2,   740] loss: 52391.508
[2,   760] loss: 30931.118
[2,   780] loss: 20432.212
[2,   800] loss: 16356.156
[2,   820] loss: 15398.503
[2,   840] loss: 14626.396
[2,   860] loss: 20020.986
[2,   880] loss: 19038.546
[2,   900] loss: 21107.144
[2,   920] loss: 10961.160
[2,   940] loss: 7174.658
[2,   960] loss: 6309.622
[2,   980] loss: 6930.830
[2,  1000] loss: 7667.959
[2,  1020] loss: 15387.209
[2,  1040] loss: 19203.859
[2,  1060] loss: 14093.209
[2,  1080] loss: 7643.253
[2,  1100] loss: 4990.936
[2,  1120] loss: 3776.084
[2,  1140] loss: 4667.100
[2,  1160] loss: 5766.707
[2,  1180] loss: 13886.401
[2,  1200] loss: 6897.278
[2,  1220] loss: 4006.871
[2,  1240] loss: 4220.865
[2,  1260] loss: 4145.755
[2,  1280] loss: 3638.938
[2,  1300] loss: 5036.123
[2,  1320] loss: 2893.367
[2,  1340] loss: 2442.207
[2,  1360] loss: 3303.639
[2,  1380] loss: 5351.664
[2,  1400] loss: 7633.897
[2,  1420] loss: 3902.270
[2,  1440] loss: 2746.013
[2,  1460] loss: 2742.899
[2,  1480] loss: 2526.188
[2,  1500] loss: 2662.459
[2,  1520] loss: 3086.975
[2,  1540] loss: 2105.638
[2,  1560] loss: 2233.437
[2,  1580] loss: 1737.622
[2,  1600] loss: 1821.005
[2,  1620] loss: 4590.898
[2,  1640] loss: 6290.418
[2,  1660] loss: 2809.182
[2,  1680] loss: 3987.617
[2,  1700] loss: 2125.332
[2,  1720] loss: 2020.509
[2,  1740] loss: 3720.510
[2,  1760] loss: 1847.664
[2,  1780] loss: 4457.226
[2,  1800] loss: 2227.434
[2,  1820] loss: 1548.961
[2,  1840] loss: 3308.649
[2,  1860] loss: 1625.817
[2,  1880] loss: 2355.535
[2,  1900] loss: 4702.337
[2,  1920] loss: 2886.546
[2,  1940] loss: 6237.626
[2,  1960] loss: 2406.492
[2,  1980] loss: 1770.382
[2,  2000] loss: 2455.213
[2,  2020] loss: 6472.547
[2,  2040] loss: 11055.454
[2,  2060] loss: 3454.689
[2,  2080] loss: 1896.273
[2,  2100] loss: 2805.420
[2,  2120] loss: 2363.585
[2,  2140] loss: 1584.906
[2,  2160] loss: 2394.901
[2,  2180] loss: 2852.382
[2,  2200] loss: 2544.725
[2,  2220] loss: 5255.477
[2,  2240] loss: 3161.429
[2,  2260] loss: 3591.368
[2,  2280] loss: 3193.127
[2,  2300] loss: 2006.194
[2,  2320] loss: 3850.884
[2,  2340] loss: 3923.147
[2,  2360] loss: 2431.664
[2,  2380] loss: 88042.547
[2,  2400] loss: 101144.217
[2,  2420] loss: 88015.968
[2,  2440] loss: 82671.782
[2,  2460] loss: 151844.477
[2,  2480] loss: 212615.272
[2,  2500] loss: 526578.439
[2,  2520] loss: 119202.074
[2,  2540] loss: 57924.468
[2,  2560] loss: 96066.152
[2,  2580] loss: 105372.336
[2,  2600] loss: 72459.410
[2,  2620] loss: 366669.117
[2,  2640] loss: 949662.736
[2,  2660] loss: 321623.535
[2,  2680] loss: 180914.219
[2,  2700] loss: 238412.811
[2,  2720] loss: 112732.147
[2,  2740] loss: 75250.119
[2,  2760] loss: 33900.130
[2,  2780] loss: 26253.711
[2,  2800] loss: 9855.751
[2,  2820] loss: 3085.858
[2,  2840] loss: 3041.565
[2,  2860] loss: 3815.873
[2,  2880] loss: 8403.259
[2,  2900] loss: 2029.773
[2,  2920] loss: 5771.908
[2,  2940] loss: 4310.682
[2,  2960] loss: 2341.530
[2,  2980] loss: 2745.617
[2,  3000] loss: 3158.787
[2,  3020] loss: 3115.778
[2,  3040] loss: 13722.423
[1,    20] loss: 173573.853
[1,    40] loss: 157725.631
[1,    60] loss: 113610.885
[1,    80] loss: 101992.625
[1,   100] loss: 96587.370
[1,   120] loss: 127867.820
[1,   140] loss: 126402.925
[1,   160] loss: 113352.075
[1,   180] loss: 101570.629
[1,   200] loss: 94706.573
[1,   220] loss: 90159.331
[1,   240] loss: 83564.372
[1,   260] loss: 79385.931
[1,   280] loss: 74950.928
[1,   300] loss: 70519.023
[1,   320] loss: 75261.840
[2,    20] loss: 173573.853
[2,    40] loss: 157725.631
[2,    60] loss: 113610.885
[2,    80] loss: 101992.625
[2,   100] loss: 96587.370
[2,   120] loss: 127867.820
[2,   140] loss: 126402.925
[2,   160] loss: 113352.075
[2,   180] loss: 101570.629
[2,   200] loss: 94706.573
[2,   220] loss: 90159.331
[2,   240] loss: 83564.372
[2,   260] loss: 79385.931
[2,   280] loss: 74950.928
[2,   300] loss: 70519.023
[2,   320] loss: 75261.840
