cuda:  1
color_space: RGB
batch_size: 10
num_epcochs: 2
learning_rate: 0.002
[1,    20] loss: 0.116
[1,    40] loss: 0.107
[1,    60] loss: 0.073
[1,    80] loss: 0.066
[1,   100] loss: 0.077
[1,   120] loss: 0.050
[1,   140] loss: 0.065
[1,   160] loss: 0.077
[1,   180] loss: 0.104
[1,   200] loss: 0.097
[1,   220] loss: 0.072
[1,   240] loss: 0.067
[1,   260] loss: 0.083
[1,   280] loss: 0.093
[1,   300] loss: 0.091
[1,   320] loss: 0.075
[1,   340] loss: 0.088
[1,   360] loss: 23.267
[1,   380] loss: 2657210.324
[1,   400] loss: 198973.232
[1,   420] loss: 10531.331
[1,   440] loss: 2483.087
[1,   460] loss: 537.215
[1,   480] loss: 233.807
[1,   500] loss: 185.842
[1,   520] loss: 162.241
[1,   540] loss: 142.228
[1,   560] loss: 125.629
[1,   580] loss: 124.884
[1,   600] loss: 107.659
[1,   620] loss: 104.857
[1,   640] loss: 81.642
[1,   660] loss: 86.957
[1,   680] loss: 62.947
[1,   700] loss: 71.535
[1,   720] loss: 57.431
[1,   740] loss: 61.631
[1,   760] loss: 51.421
[1,   780] loss: 53.564
[1,   800] loss: 45.435
[1,   820] loss: 39.186
[1,   840] loss: 27.757
[1,   860] loss: 39.733
[1,   880] loss: 32.735
[1,   900] loss: 28.073
[1,   920] loss: 29.382
[1,   940] loss: 24.673
[1,   960] loss: 27.407
[1,   980] loss: 23.376
[1,  1000] loss: 24.960
[1,  1020] loss: 22.344
[1,  1040] loss: 20.205
[1,  1060] loss: 16.698
[1,  1080] loss: 19.331
[1,  1100] loss: 18.006
[1,  1120] loss: 16.817
[1,  1140] loss: 15.775
[1,  1160] loss: 17.128
[1,  1180] loss: 15.912
[1,  1200] loss: 12.847
[1,  1220] loss: 13.285
[1,  1240] loss: 13.144
[1,  1260] loss: 14.490
[1,  1280] loss: 13.045
[1,  1300] loss: 10.692
[1,  1320] loss: 12.964
[1,  1340] loss: 14.174
[1,  1360] loss: 13.877
[1,  1380] loss: 10.928
[1,  1400] loss: 11.406
[1,  1420] loss: 10.605
[1,  1440] loss: 11.235
[1,  1460] loss: 9.961
[1,  1480] loss: 11.635
[1,  1500] loss: 8.241
[1,  1520] loss: 7.468
[1,  1540] loss: 11.985
[1,  1560] loss: 9.345
[1,  1580] loss: 10.060
[1,  1600] loss: 8.789
[1,  1620] loss: 7.600
[1,  1640] loss: 8.899
[1,  1660] loss: 8.796
[1,  1680] loss: 7.005
[1,  1700] loss: 8.621
[1,  1720] loss: 7.065
[1,  1740] loss: 7.404
[1,  1760] loss: 7.763
[1,  1780] loss: 6.901
[1,  1800] loss: 7.774
[1,  1820] loss: 7.917
[1,  1840] loss: 8.515
[1,  1860] loss: 6.736
[1,  1880] loss: 7.434
[1,  1900] loss: 6.472
[1,  1920] loss: 6.633
[1,  1940] loss: 5.353
[1,  1960] loss: 6.261
[1,  1980] loss: 6.476
[1,  2000] loss: 6.076
[1,  2020] loss: 5.069
[1,  2040] loss: 5.963
[1,  2060] loss: 6.682
[1,  2080] loss: 4.587
[1,  2100] loss: 5.294
[1,  2120] loss: 5.444
[1,  2140] loss: 4.710
[1,  2160] loss: 4.766
[1,  2180] loss: 4.348
[1,  2200] loss: 4.625
[1,  2220] loss: 4.334
[1,  2240] loss: 5.110
[1,  2260] loss: 5.573
[1,  2280] loss: 4.998
[1,  2300] loss: 5.127
[1,  2320] loss: 4.235
[1,  2340] loss: 4.499
[1,  2360] loss: 4.663
[1,  2380] loss: 3.356
[1,  2400] loss: 3.908
[1,  2420] loss: 4.819
[1,  2440] loss: 3.497
[1,  2460] loss: 3.441
[1,  2480] loss: 3.275
[1,  2500] loss: 3.623
[1,  2520] loss: 3.709
[1,  2540] loss: 3.177
[1,  2560] loss: 4.240
[1,  2580] loss: 3.637
[1,  2600] loss: 3.387
[1,  2620] loss: 3.620
[1,  2640] loss: 3.834
[1,  2660] loss: 3.492
[1,  2680] loss: 3.388
[1,  2700] loss: 3.179
[1,  2720] loss: 3.004
[1,  2740] loss: 2.556
[1,  2760] loss: 3.316
[1,  2780] loss: 3.311
[1,  2800] loss: 3.148
[1,  2820] loss: 2.749
[1,  2840] loss: 2.718
[1,  2860] loss: 2.821
[1,  2880] loss: 3.093
[1,  2900] loss: 3.025
[1,  2920] loss: 2.802
[1,  2940] loss: 3.044
[1,  2960] loss: 3.034
[1,  2980] loss: 2.399
[1,  3000] loss: 2.657
[1,  3020] loss: 2.719
[1,  3040] loss: 1.960
[2,    20] loss: 2.249
[2,    40] loss: 2.509
[2,    60] loss: 2.235
[2,    80] loss: 2.719
[2,   100] loss: 2.460
[2,   120] loss: 2.317
[2,   140] loss: 2.053
[2,   160] loss: 2.121
[2,   180] loss: 1.607
[2,   200] loss: 2.260
[2,   220] loss: 2.325
[2,   240] loss: 1.952
[2,   260] loss: 2.017
[2,   280] loss: 2.298
[2,   300] loss: 1.806
[2,   320] loss: 2.129
[2,   340] loss: 2.254
[2,   360] loss: 2.420
[2,   380] loss: 1.863
[2,   400] loss: 1.524
[2,   420] loss: 1.773
[2,   440] loss: 1.908
[2,   460] loss: 1.797
[2,   480] loss: 2.084
[2,   500] loss: 1.871
[2,   520] loss: 1.678
[2,   540] loss: 1.726
[2,   560] loss: 1.807
[2,   580] loss: 1.478
[2,   600] loss: 1.866
[2,   620] loss: 1.571
[2,   640] loss: 1.711
[2,   660] loss: 2.082
[2,   680] loss: 1.822
[2,   700] loss: 1.865
[2,   720] loss: 1.630
[2,   740] loss: 1.904
[2,   760] loss: 1.574
[2,   780] loss: 1.353
[2,   800] loss: 2.323
[2,   820] loss: 1.590
[2,   840] loss: 1.689
[2,   860] loss: 1.316
[2,   880] loss: 1.438
[2,   900] loss: 1.541
[2,   920] loss: 1.510
[2,   940] loss: 1.614
[2,   960] loss: 1.357
[2,   980] loss: 1.398
[2,  1000] loss: 1.308
[2,  1020] loss: 1.461
[2,  1040] loss: 1.333
[2,  1060] loss: 1.444
[2,  1080] loss: 1.242
[2,  1100] loss: 1.438
[2,  1120] loss: 1.460
[2,  1140] loss: 1.305
[2,  1160] loss: 1.264
[2,  1180] loss: 1.167
[2,  1200] loss: 1.328
[2,  1220] loss: 1.171
[2,  1240] loss: 1.044
[2,  1260] loss: 1.207
[2,  1280] loss: 1.421
[2,  1300] loss: 1.378
[2,  1320] loss: 1.333
[2,  1340] loss: 1.180
[2,  1360] loss: 1.279
[2,  1380] loss: 1.142
[2,  1400] loss: 1.258
[2,  1420] loss: 1.881
[2,  1440] loss: 0.887
[2,  1460] loss: 1.186
[2,  1480] loss: 1.097
[2,  1500] loss: 1.220
[2,  1520] loss: 0.987
[2,  1540] loss: 1.372
[2,  1560] loss: 1.072
[2,  1580] loss: 1.047
[2,  1600] loss: 0.996
[2,  1620] loss: 1.128
[2,  1640] loss: 1.135
[2,  1660] loss: 1.148
[2,  1680] loss: 1.145
[2,  1700] loss: 1.094
[2,  1720] loss: 0.907
[2,  1740] loss: 0.822
[2,  1760] loss: 0.926
[2,  1780] loss: 1.030
[2,  1800] loss: 1.365
[2,  1820] loss: 1.055
[2,  1840] loss: 0.985
[2,  1860] loss: 1.037
[2,  1880] loss: 0.985
[2,  1900] loss: 1.016
[2,  1920] loss: 1.103
[2,  1940] loss: 0.975
[2,  1960] loss: 1.099
[2,  1980] loss: 0.899
[2,  2000] loss: 0.818
[2,  2020] loss: 0.944
[2,  2040] loss: 0.930
[2,  2060] loss: 0.858
[2,  2080] loss: 1.154
[2,  2100] loss: 0.900
[2,  2120] loss: 0.826
[2,  2140] loss: 0.904
[2,  2160] loss: 0.967
[2,  2180] loss: 0.701
[2,  2200] loss: 0.658
[2,  2220] loss: 0.960
[2,  2240] loss: 0.910
[2,  2260] loss: 0.842
[2,  2280] loss: 0.892
[2,  2300] loss: 0.940
[2,  2320] loss: 0.933
[2,  2340] loss: 0.745
[2,  2360] loss: 0.828
[2,  2380] loss: 1.071
[2,  2400] loss: 0.943
[2,  2420] loss: 0.950
[2,  2440] loss: 0.743
[2,  2460] loss: 0.856
[2,  2480] loss: 0.998
[2,  2500] loss: 0.781
[2,  2520] loss: 0.747
[2,  2540] loss: 0.912
[2,  2560] loss: 0.952
[2,  2580] loss: 0.758
[2,  2600] loss: 0.959
[2,  2620] loss: 0.902
[2,  2640] loss: 0.635
[2,  2660] loss: 0.770
[2,  2680] loss: 0.634
[2,  2700] loss: 0.884
[2,  2720] loss: 0.812
[2,  2740] loss: 0.813
[2,  2760] loss: 0.740
[2,  2780] loss: 0.655
[2,  2800] loss: 0.673
[2,  2820] loss: 0.662
[2,  2840] loss: 0.715
[2,  2860] loss: 0.655
[2,  2880] loss: 0.698
[2,  2900] loss: 0.768
[2,  2920] loss: 0.665
[2,  2940] loss: 0.555
[2,  2960] loss: 0.461
[2,  2980] loss: 0.558
[2,  3000] loss: 0.616
[2,  3020] loss: 0.784
[2,  3040] loss: 0.656
[1,    20] loss: 0.981
[1,    40] loss: 0.910
[1,    60] loss: 0.769
[1,    80] loss: 0.650
[1,   100] loss: 0.610
[1,   120] loss: 0.594
[1,   140] loss: 0.536
[1,   160] loss: 0.476
[1,   180] loss: 0.448
[1,   200] loss: 0.424
[1,   220] loss: 0.390
[1,   240] loss: 0.370
[1,   260] loss: 0.359
[1,   280] loss: 0.348
[1,   300] loss: 0.338
[1,   320] loss: 0.347
[2,    20] loss: 0.981
[2,    40] loss: 0.910
[2,    60] loss: 0.769
[2,    80] loss: 0.650
[2,   100] loss: 0.610
[2,   120] loss: 0.594
[2,   140] loss: 0.536
[2,   160] loss: 0.476
[2,   180] loss: 0.448
[2,   200] loss: 0.424
[2,   220] loss: 0.390
[2,   240] loss: 0.370
[2,   260] loss: 0.359
[2,   280] loss: 0.348
[2,   300] loss: 0.338
[2,   320] loss: 0.347
