cuda:  3
color_space: RGB
batch_size: 10
num_epcochs: 2
learning_rate: 0.002
[1,    20] loss: 0.113
[1,    40] loss: 0.085
[1,    60] loss: 0.079
[1,    80] loss: 0.071
[1,   100] loss: 0.092
[1,   120] loss: 0.081
[1,   140] loss: 0.081
[1,   160] loss: 0.074
[1,   180] loss: 0.074
[1,   200] loss: 0.066
[1,   220] loss: 0.129
[1,   240] loss: 0.081
[1,   260] loss: 0.061
[1,   280] loss: 0.050
[1,   300] loss: 0.062
[1,   320] loss: 0.074
[1,   340] loss: 0.077
[1,   360] loss: 0.064
[1,   380] loss: 0.077
[1,   400] loss: 0.107
[1,   420] loss: 0.076
[1,   440] loss: 0.075
[1,   460] loss: 0.061
[1,   480] loss: 0.132
[1,   500] loss: 31953.705
[1,   520] loss: 1924038.444
[1,   540] loss: 70641.869
[1,   560] loss: 2515.135
[1,   580] loss: 297.586
[1,   600] loss: 126.104
[1,   620] loss: 57.936
[1,   640] loss: 60.803
[1,   660] loss: 58.812
[1,   680] loss: 38.719
[1,   700] loss: 43.803
[1,   720] loss: 40.517
[1,   740] loss: 34.201
[1,   760] loss: 34.419
[1,   780] loss: 29.414
[1,   800] loss: 25.662
[1,   820] loss: 26.440
[1,   840] loss: 30.869
[1,   860] loss: 26.010
[1,   880] loss: 26.287
[1,   900] loss: 25.525
[1,   920] loss: 25.750
[1,   940] loss: 27.381
[1,   960] loss: 29.979
[1,   980] loss: 18.963
[1,  1000] loss: 17.380
[1,  1020] loss: 19.713
[1,  1040] loss: 16.272
[1,  1060] loss: 14.108
[1,  1080] loss: 12.703
[1,  1100] loss: 14.557
[1,  1120] loss: 17.517
[1,  1140] loss: 16.442
[1,  1160] loss: 15.928
[1,  1180] loss: 13.409
[1,  1200] loss: 10.908
[1,  1220] loss: 11.890
[1,  1240] loss: 13.927
[1,  1260] loss: 10.442
[1,  1280] loss: 9.607
[1,  1300] loss: 9.208
[1,  1320] loss: 8.926
[1,  1340] loss: 11.755
[1,  1360] loss: 20.143
[1,  1380] loss: 11.886
[1,  1400] loss: 13.378
[1,  1420] loss: 7.334
[1,  1440] loss: 7.533
[1,  1460] loss: 9.382
[1,  1480] loss: 6.789
[1,  1500] loss: 6.028
[1,  1520] loss: 7.848
[1,  1540] loss: 6.904
[1,  1560] loss: 7.741
[1,  1580] loss: 5.806
[1,  1600] loss: 5.051
[1,  1620] loss: 5.474
[1,  1640] loss: 4.944
[1,  1660] loss: 5.826
[1,  1680] loss: 5.485
[1,  1700] loss: 5.609
[1,  1720] loss: 4.659
[1,  1740] loss: 5.884
[1,  1760] loss: 4.971
[1,  1780] loss: 4.216
[1,  1800] loss: 5.006
[1,  1820] loss: 2.547
[1,  1840] loss: 4.463
[1,  1860] loss: 4.114
[1,  1880] loss: 3.927
[1,  1900] loss: 5.030
[1,  1920] loss: 3.918
[1,  1940] loss: 3.181
[1,  1960] loss: 4.669
[1,  1980] loss: 2.977
[1,  2000] loss: 3.198
[1,  2020] loss: 2.966
[1,  2040] loss: 3.100
[1,  2060] loss: 2.659
[1,  2080] loss: 3.752
[1,  2100] loss: 2.394
[1,  2120] loss: 3.316
[1,  2140] loss: 3.937
[1,  2160] loss: 2.453
[1,  2180] loss: 2.433
[1,  2200] loss: 2.374
[1,  2220] loss: 2.902
[1,  2240] loss: 2.560
[1,  2260] loss: 2.699
[1,  2280] loss: 2.454
[1,  2300] loss: 2.524
[1,  2320] loss: 1.512
[1,  2340] loss: 1.770
[1,  2360] loss: 1.719
[1,  2380] loss: 1.594
[1,  2400] loss: 2.146
[1,  2420] loss: 1.977
[1,  2440] loss: 1.650
[1,  2460] loss: 1.688
[1,  2480] loss: 2.040
[1,  2500] loss: 1.506
[1,  2520] loss: 1.612
[1,  2540] loss: 1.982
[1,  2560] loss: 1.407
[1,  2580] loss: 1.718
[1,  2600] loss: 2.341
[1,  2620] loss: 1.497
[1,  2640] loss: 1.631
[1,  2660] loss: 1.253
[1,  2680] loss: 0.971
[1,  2700] loss: 1.287
[1,  2720] loss: 1.265
[1,  2740] loss: 1.306
[1,  2760] loss: 1.374
[1,  2780] loss: 1.179
[1,  2800] loss: 1.406
[1,  2820] loss: 1.016
[1,  2840] loss: 1.021
[1,  2860] loss: 1.063
[1,  2880] loss: 1.143
[1,  2900] loss: 1.310
[1,  2920] loss: 1.183
[1,  2940] loss: 1.193
[1,  2960] loss: 1.293
[1,  2980] loss: 1.074
[1,  3000] loss: 1.024
[1,  3020] loss: 1.481
[1,  3040] loss: 1.228
[2,    20] loss: 1.223
[2,    40] loss: 0.897
[2,    60] loss: 0.907
[2,    80] loss: 0.813
[2,   100] loss: 0.753
[2,   120] loss: 0.642
[2,   140] loss: 1.134
[2,   160] loss: 0.886
[2,   180] loss: 0.770
[2,   200] loss: 0.920
[2,   220] loss: 1.185
[2,   240] loss: 0.945
[2,   260] loss: 1.252
[2,   280] loss: 0.871
[2,   300] loss: 0.871
[2,   320] loss: 0.770
[2,   340] loss: 0.546
[2,   360] loss: 0.708
[2,   380] loss: 1.115
[2,   400] loss: 0.852
[2,   420] loss: 1.240
[2,   440] loss: 1.051
[2,   460] loss: 0.883
[2,   480] loss: 0.793
[2,   500] loss: 1.073
[2,   520] loss: 0.556
[2,   540] loss: 0.583
[2,   560] loss: 0.616
[2,   580] loss: 0.637
[2,   600] loss: 0.668
[2,   620] loss: 0.671
[2,   640] loss: 0.872
[2,   660] loss: 0.735
[2,   680] loss: 0.540
[2,   700] loss: 0.732
[2,   720] loss: 0.613
[2,   740] loss: 0.937
[2,   760] loss: 0.903
[2,   780] loss: 0.779
[2,   800] loss: 0.729
[2,   820] loss: 0.672
[2,   840] loss: 0.671
[2,   860] loss: 0.701
[2,   880] loss: 0.601
[2,   900] loss: 0.580
[2,   920] loss: 0.498
[2,   940] loss: 0.549
[2,   960] loss: 1.471
[2,   980] loss: 2.976
[2,  1000] loss: 1.536
[2,  1020] loss: 1.195
[2,  1040] loss: 1.053
[2,  1060] loss: 2.029
[2,  1080] loss: 1.609
[2,  1100] loss: 0.925
[2,  1120] loss: 0.924
[2,  1140] loss: 0.442
[2,  1160] loss: 0.774
[2,  1180] loss: 0.624
[2,  1200] loss: 0.422
[2,  1220] loss: 0.776
[2,  1240] loss: 0.899
[2,  1260] loss: 4.246
[2,  1280] loss: 2.378
[2,  1300] loss: 1.413
[2,  1320] loss: 1.087
[2,  1340] loss: 0.760
[2,  1360] loss: 0.718
[2,  1380] loss: 0.393
[2,  1400] loss: 0.438
[2,  1420] loss: 0.321
[2,  1440] loss: 0.607
[2,  1460] loss: 0.551
[2,  1480] loss: 0.908
[2,  1500] loss: 0.538
[2,  1520] loss: 0.802
[2,  1540] loss: 0.584
[2,  1560] loss: 0.366
[2,  1580] loss: 0.489
[2,  1600] loss: 0.734
[2,  1620] loss: 0.841
[2,  1640] loss: 1.191
[2,  1660] loss: 0.682
[2,  1680] loss: 0.435
[2,  1700] loss: 2.097
[2,  1720] loss: 12.147
[2,  1740] loss: 2.423
[2,  1760] loss: 0.810
[2,  1780] loss: 0.602
[2,  1800] loss: 0.506
[2,  1820] loss: 0.620
[2,  1840] loss: 0.677
[2,  1860] loss: 0.468
[2,  1880] loss: 1.050
[2,  1900] loss: 0.672
[2,  1920] loss: 0.393
[2,  1940] loss: 0.812
[2,  1960] loss: 0.420
[2,  1980] loss: 0.644
[2,  2000] loss: 0.990
[2,  2020] loss: 0.723
[2,  2040] loss: 0.547
[2,  2060] loss: 0.454
[2,  2080] loss: 0.535
[2,  2100] loss: 0.488
[2,  2120] loss: 0.598
[2,  2140] loss: 0.620
[2,  2160] loss: 0.737
[2,  2180] loss: 0.879
[2,  2200] loss: 4.411
[2,  2220] loss: 2.703
[2,  2240] loss: 0.740
[2,  2260] loss: 0.608
[2,  2280] loss: 0.739
[2,  2300] loss: 1.085
[2,  2320] loss: 0.830
[2,  2340] loss: 0.360
[2,  2360] loss: 0.908
[2,  2380] loss: 3.487
[2,  2400] loss: 11.042
[2,  2420] loss: 31.969
[2,  2440] loss: 14.357
[2,  2460] loss: 10.705
[2,  2480] loss: 17.527
[2,  2500] loss: 70201469.998
[2,  2520] loss: 10794777.279
[2,  2540] loss: 450792.996
[2,  2560] loss: 64463.470
[2,  2580] loss: 22854.534
[2,  2600] loss: 11036.833
[2,  2620] loss: 10654.264
[2,  2640] loss: 8565.689
[2,  2660] loss: 8057.841
[2,  2680] loss: 4663.265
[2,  2700] loss: 5763.209
[2,  2720] loss: 3566.481
[2,  2740] loss: 3327.087
[2,  2760] loss: 2300.839
[2,  2780] loss: 2406.196
[2,  2800] loss: 2136.106
[2,  2820] loss: 1896.498
[2,  2840] loss: 1960.965
[2,  2860] loss: 1610.793
[2,  2880] loss: 1493.434
[2,  2900] loss: 1376.933
[2,  2920] loss: 1173.841
[2,  2940] loss: 1385.899
[2,  2960] loss: 1054.407
[2,  2980] loss: 925.080
[2,  3000] loss: 1424.652
[2,  3020] loss: 932.034
[2,  3040] loss: 611.157
[1,    20] loss: 2362.284
[1,    40] loss: 1383.702
[1,    60] loss: 1384.313
[1,    80] loss: 1322.870
[1,   100] loss: 1180.696
[1,   120] loss: 1135.237
[1,   140] loss: 993.099
[1,   160] loss: 904.315
[1,   180] loss: 879.516
[1,   200] loss: 872.365
[1,   220] loss: 902.889
[1,   240] loss: 850.029
[1,   260] loss: 844.655
[1,   280] loss: 939.863
[1,   300] loss: 906.144
[1,   320] loss: 852.672
[2,    20] loss: 2362.284
[2,    40] loss: 1383.702
[2,    60] loss: 1384.313
[2,    80] loss: 1322.870
[2,   100] loss: 1180.696
[2,   120] loss: 1135.237
[2,   140] loss: 993.099
[2,   160] loss: 904.315
[2,   180] loss: 879.516
[2,   200] loss: 872.365
[2,   220] loss: 902.889
[2,   240] loss: 850.029
[2,   260] loss: 844.655
[2,   280] loss: 939.863
[2,   300] loss: 906.144
[2,   320] loss: 852.672
