cuda:  7
color_space: RGB
batch_size: 10
num_epcochs: 2
learning_rate: 0.003
[1,    20] loss: 0.318
[1,    40] loss: 0.241
[1,    60] loss: 0.226
[1,    80] loss: 0.076
[1,   100] loss: 0.070
[1,   120] loss: 0.117
[1,   140] loss: 0.118
[1,   160] loss: 0.078
[1,   180] loss: 0.089
[1,   200] loss: 0.130
[1,   220] loss: 0.054
[1,   240] loss: 0.066
[1,   260] loss: 0.098
[1,   280] loss: 0.071
[1,   300] loss: 0.087
[1,   320] loss: 0.090
[1,   340] loss: 0.078
[1,   360] loss: 0.071
[1,   380] loss: 0.091
[1,   400] loss: 0.080
[1,   420] loss: 0.129
[1,   440] loss: 0.079
[1,   460] loss: 0.054
[1,   480] loss: 0.119
[1,   500] loss: 0.082
[1,   520] loss: 0.061
[1,   540] loss: 0.111
[1,   560] loss: 0.083
[1,   580] loss: 0.103
[1,   600] loss: 0.052
[1,   620] loss: 0.093
[1,   640] loss: 0.120
[1,   660] loss: 0.062
[1,   680] loss: 0.083
[1,   700] loss: 0.082
[1,   720] loss: 0.089
[1,   740] loss: 0.115
[1,   760] loss: 0.070
[1,   780] loss: 0.061
[1,   800] loss: 0.049
[1,   820] loss: 0.052
[1,   840] loss: 0.102
[1,   860] loss: 0.051
[1,   880] loss: 0.079
[1,   900] loss: 0.094
[1,   920] loss: 0.064
[1,   940] loss: 0.076
[1,   960] loss: 0.070
[1,   980] loss: 0.088
[1,  1000] loss: 0.092
[1,  1020] loss: 0.084
[1,  1040] loss: 0.071
[1,  1060] loss: 0.093
[1,  1080] loss: 0.098
[1,  1100] loss: 0.095
[1,  1120] loss: 0.057
[1,  1140] loss: 0.086
[1,  1160] loss: 0.074
[1,  1180] loss: 0.055
[1,  1200] loss: 0.074
[1,  1220] loss: 0.109
[1,  1240] loss: 0.103
[1,  1260] loss: 0.101
[1,  1280] loss: 0.073
[1,  1300] loss: 0.060
[1,  1320] loss: 0.098
[1,  1340] loss: 0.084
[1,  1360] loss: 0.055
[1,  1380] loss: 0.087
[1,  1400] loss: 0.082
[1,  1420] loss: 0.066
[1,  1440] loss: 0.062
[1,  1460] loss: 0.084
[1,  1480] loss: 0.057
[1,  1500] loss: 0.072
[1,  1520] loss: 0.092
[1,  1540] loss: 0.082
[1,  1560] loss: 0.051
[1,  1580] loss: 0.061
[1,  1600] loss: 0.076
[1,  1620] loss: 0.076
[1,  1640] loss: 0.070
[1,  1660] loss: 0.081
[1,  1680] loss: 0.083
[1,  1700] loss: 0.093
[1,  1720] loss: 0.077
[1,  1740] loss: 0.100
[1,  1760] loss: 0.077
[1,  1780] loss: 0.060
[1,  1800] loss: 0.088
[1,  1820] loss: 0.076
[1,  1840] loss: 0.071
[1,  1860] loss: 0.065
[1,  1880] loss: 0.070
[1,  1900] loss: 0.050
[1,  1920] loss: 0.054
[1,  1940] loss: 0.066
[1,  1960] loss: 0.093
[1,  1980] loss: 0.075
[1,  2000] loss: 0.069
[1,  2020] loss: 0.051
[1,  2040] loss: 0.075
[1,  2060] loss: 0.084
[1,  2080] loss: 0.045
[1,  2100] loss: 0.078
[1,  2120] loss: 0.088
[1,  2140] loss: 0.076
[1,  2160] loss: 0.042
[1,  2180] loss: 0.070
[1,  2200] loss: 0.126
[1,  2220] loss: 0.071
[1,  2240] loss: 0.057
[1,  2260] loss: 0.106
[1,  2280] loss: 0.098
[1,  2300] loss: 0.066
[1,  2320] loss: 0.092
[1,  2340] loss: 0.085
[1,  2360] loss: 0.084
[1,  2380] loss: 0.084
[1,  2400] loss: 0.088
[1,  2420] loss: 0.100
[1,  2440] loss: 0.107
[1,  2460] loss: 0.105
[1,  2480] loss: 343706.631
[1,  2500] loss: 262551149701.875
[1,  2520] loss: 2785535368640.000
[1,  2540] loss: 223193342054.400
[1,  2560] loss: 1625660718.400
[1,  2580] loss: 169757118.700
[1,  2600] loss: 29533169.887
[1,  2620] loss: 7831009.700
[1,  2640] loss: 4253762.888
[1,  2660] loss: 3805730.250
[1,  2680] loss: 2321728.391
[1,  2700] loss: 3031686.594
[1,  2720] loss: 2345071.775
[1,  2740] loss: 1893100.391
[1,  2760] loss: 2826987.272
[1,  2780] loss: 2301780.989
[1,  2800] loss: 1803465.500
[1,  2820] loss: 1916113.175
[1,  2840] loss: 2135420.631
[1,  2860] loss: 2294304.831
[1,  2880] loss: 1881688.678
[1,  2900] loss: 1874919.678
[1,  2920] loss: 1821002.984
[1,  2940] loss: 1520765.228
[1,  2960] loss: 2208823.987
[1,  2980] loss: 2147367.062
[1,  3000] loss: 1693105.806
[1,  3020] loss: 2069298.925
[1,  3040] loss: 1913467.428
[2,    20] loss: 1834655.764
[2,    40] loss: 1860881.181
[2,    60] loss: 2036081.139
[2,    80] loss: 2249071.900
[2,   100] loss: 1709547.706
[2,   120] loss: 1543302.490
[2,   140] loss: 2162943.606
[2,   160] loss: 1791050.397
[2,   180] loss: 2019249.809
[2,   200] loss: 2518908.434
[2,   220] loss: 2132089.778
[2,   240] loss: 2587365.241
[2,   260] loss: 1910154.734
[2,   280] loss: 1590897.913
[2,   300] loss: 1862969.591
[2,   320] loss: 1690880.009
[2,   340] loss: 2171645.797
[2,   360] loss: 1940708.681
[2,   380] loss: 1395393.378
[2,   400] loss: 1907568.141
[2,   420] loss: 1590126.219
[2,   440] loss: 1927362.062
[2,   460] loss: 1498794.184
[2,   480] loss: 1699143.669
[2,   500] loss: 1628672.097
[2,   520] loss: 2299756.953
[2,   540] loss: 2483107.966
[2,   560] loss: 1840426.434
[2,   580] loss: 1548395.309
[2,   600] loss: 1338619.347
[2,   620] loss: 1744216.903
[2,   640] loss: 1440862.347
[2,   660] loss: 1566476.047
[2,   680] loss: 2449913.441
[2,   700] loss: 1562641.172
[2,   720] loss: 1405417.113
[2,   740] loss: 1381284.516
[2,   760] loss: 2142733.225
[2,   780] loss: 1964635.528
[2,   800] loss: 1475672.194
[2,   820] loss: 1679460.291
[2,   840] loss: 1881724.863
[2,   860] loss: 1298807.008
[2,   880] loss: 1343829.734
[2,   900] loss: 1462044.989
[2,   920] loss: 1840578.859
[2,   940] loss: 2357340.384
[2,   960] loss: 1843768.850
[2,   980] loss: 1232489.236
[2,  1000] loss: 1412138.084
[2,  1020] loss: 1234056.381
[2,  1040] loss: 1084956.742
[2,  1060] loss: 1381659.288
[2,  1080] loss: 1073237.091
[2,  1100] loss: 1260145.950
[2,  1120] loss: 1524329.363
[2,  1140] loss: 1528131.069
[2,  1160] loss: 1290016.316
[2,  1180] loss: 1481223.575
[2,  1200] loss: 1905629.614
[2,  1220] loss: 1581062.375
[2,  1240] loss: 1681756.028
[2,  1260] loss: 1263645.356
[2,  1280] loss: 998009.747
[2,  1300] loss: 1385832.911
[2,  1320] loss: 1106820.233
[2,  1340] loss: 1437956.786
[2,  1360] loss: 1167810.514
[2,  1380] loss: 1229340.052
[2,  1400] loss: 1375264.538
[2,  1420] loss: 931052.625
[2,  1440] loss: 1329120.989
[2,  1460] loss: 993849.378
[2,  1480] loss: 1260292.756
[2,  1500] loss: 1045825.089
[2,  1520] loss: 1412402.142
[2,  1540] loss: 999867.591
[2,  1560] loss: 996764.630
[2,  1580] loss: 787548.798
[2,  1600] loss: 1048446.354
[2,  1620] loss: 897757.669
[2,  1640] loss: 1052099.391
[2,  1660] loss: 1067263.377
[2,  1680] loss: 947835.537
[2,  1700] loss: 1453706.902
[2,  1720] loss: 1089479.620
[2,  1740] loss: 894685.444
[2,  1760] loss: 1045310.824
[2,  1780] loss: 1070765.828
[2,  1800] loss: 869345.058
[2,  1820] loss: 844117.332
[2,  1840] loss: 819404.402
[2,  1860] loss: 961754.255
[2,  1880] loss: 866453.969
[2,  1900] loss: 1206874.123
[2,  1920] loss: 1193306.516
[2,  1940] loss: 774952.558
[2,  1960] loss: 778699.879
[2,  1980] loss: 1508910.889
[2,  2000] loss: 1020619.363
[2,  2020] loss: 817875.402
[2,  2040] loss: 860036.840
[2,  2060] loss: 841764.843
[2,  2080] loss: 1168353.718
[2,  2100] loss: 850991.380
[2,  2120] loss: 1473449.216
[2,  2140] loss: 1658710.113
[2,  2160] loss: 821365.284
[2,  2180] loss: 856482.990
[2,  2200] loss: 869754.365
[2,  2220] loss: 970841.899
[2,  2240] loss: 974570.400
[2,  2260] loss: 1012463.455
[2,  2280] loss: 575991.245
[2,  2300] loss: 900447.387
[2,  2320] loss: 617082.884
[2,  2340] loss: 991128.872
[2,  2360] loss: 959366.466
[2,  2380] loss: 634078.512
[2,  2400] loss: 969685.904
[2,  2420] loss: 881076.485
[2,  2440] loss: 925004.239
[2,  2460] loss: 870303.839
[2,  2480] loss: 1306694.009
[2,  2500] loss: 725101.456
[2,  2520] loss: 582397.066
[2,  2540] loss: 666342.048
[2,  2560] loss: 797148.263
[2,  2580] loss: 674654.323
[2,  2600] loss: 633305.129
[2,  2620] loss: 705117.803
[2,  2640] loss: 443753.434
[2,  2660] loss: 479516.546
[2,  2680] loss: 929599.860
[2,  2700] loss: 947384.009
[2,  2720] loss: 720061.841
[2,  2740] loss: 614558.198
[2,  2760] loss: 445247.428
[2,  2780] loss: 535913.911
[2,  2800] loss: 678130.789
[2,  2820] loss: 686400.461
[2,  2840] loss: 1780670.366
[2,  2860] loss: 882903.372
[2,  2880] loss: 845313.387
[2,  2900] loss: 752873.705
[2,  2920] loss: 475274.438
[2,  2940] loss: 677997.655
[2,  2960] loss: 543576.938
[2,  2980] loss: 644008.908
[2,  3000] loss: 470305.998
[2,  3020] loss: 626494.158
[2,  3040] loss: 1091115.140
[1,    20] loss: 298268.377
[1,    40] loss: 512680.496
[1,    60] loss: 480796.439
[1,    80] loss: 602486.172
[1,   100] loss: 581379.142
[1,   120] loss: 539012.363
[1,   140] loss: 571697.750
[1,   160] loss: 829228.832
[1,   180] loss: 980741.510
[1,   200] loss: 1132206.932
[1,   220] loss: 1197091.460
[1,   240] loss: 1111130.212
[1,   260] loss: 1070727.515
[1,   280] loss: 1042977.452
[1,   300] loss: 1015086.950
[1,   320] loss: 975252.694
[2,    20] loss: 298268.377
[2,    40] loss: 512680.496
[2,    60] loss: 480796.439
[2,    80] loss: 602486.172
[2,   100] loss: 581379.142
[2,   120] loss: 539012.363
[2,   140] loss: 571697.750
[2,   160] loss: 829228.832
[2,   180] loss: 980741.510
[2,   200] loss: 1132206.932
[2,   220] loss: 1197091.460
[2,   240] loss: 1111130.212
[2,   260] loss: 1070727.515
[2,   280] loss: 1042977.452
[2,   300] loss: 1015086.950
[2,   320] loss: 975252.694
