cuda:  4
color_space: RGB
batch_size: 10
num_epcochs: 3
learning_rate: 0.002
[1,    20] loss: 0.124
[1,    40] loss: 0.117
[1,    60] loss: 0.110
[1,    80] loss: 0.112
[1,   100] loss: 0.078
[1,   120] loss: 0.098
[1,   140] loss: 0.092
[1,   160] loss: 0.092
[1,   180] loss: 0.115
[1,   200] loss: 0.092
[1,   220] loss: 0.090
[1,   240] loss: 0.058
[1,   260] loss: 0.064
[1,   280] loss: 0.103
[1,   300] loss: 0.080
[1,   320] loss: 0.066
[1,   340] loss: 0.089
[1,   360] loss: 0.048
[1,   380] loss: 0.069
[1,   400] loss: 0.118
[1,   420] loss: 0.075
[1,   440] loss: 0.081
[1,   460] loss: 0.105
[1,   480] loss: 0.086
[1,   500] loss: 0.038
[1,   520] loss: 0.098
[1,   540] loss: 0.124
[1,   560] loss: 0.056
[1,   580] loss: 0.081
[1,   600] loss: 0.080
[1,   620] loss: 0.089
[1,   640] loss: 0.059
[1,   660] loss: 0.076
[1,   680] loss: 0.099
[1,   700] loss: 0.114
[1,   720] loss: 0.083
[1,   740] loss: 0.109
[1,   760] loss: 0.080
[1,   780] loss: 0.061
[1,   800] loss: 0.072
[1,   820] loss: 0.129
[1,   840] loss: 0.071
[1,   860] loss: 0.090
[1,   880] loss: 0.144
[1,   900] loss: 58675204.144
[1,   920] loss: 104003151.787
[1,   940] loss: 2938071.239
[1,   960] loss: 289426.850
[1,   980] loss: 41951.216
[1,  1000] loss: 11657.932
[1,  1020] loss: 5566.699
[1,  1040] loss: 3635.604
[1,  1060] loss: 2922.693
[1,  1080] loss: 2112.559
[1,  1100] loss: 1674.433
[1,  1120] loss: 1626.309
[1,  1140] loss: 1285.517
[1,  1160] loss: 1032.650
[1,  1180] loss: 1014.661
[1,  1200] loss: 1150.482
[1,  1220] loss: 859.571
[1,  1240] loss: 972.886
[1,  1260] loss: 646.660
[1,  1280] loss: 546.113
[1,  1300] loss: 731.522
[1,  1320] loss: 577.457
[1,  1340] loss: 736.024
[1,  1360] loss: 557.197
[1,  1380] loss: 526.653
[1,  1400] loss: 499.538
[1,  1420] loss: 459.072
[1,  1440] loss: 463.223
[1,  1460] loss: 517.458
[1,  1480] loss: 391.005
[1,  1500] loss: 397.467
[1,  1520] loss: 425.979
[1,  1540] loss: 465.690
[1,  1560] loss: 431.086
[1,  1580] loss: 322.436
[1,  1600] loss: 242.095
[1,  1620] loss: 283.682
[1,  1640] loss: 318.555
[1,  1660] loss: 338.033
[1,  1680] loss: 254.488
[1,  1700] loss: 284.300
[1,  1720] loss: 324.841
[1,  1740] loss: 265.925
[1,  1760] loss: 275.886
[1,  1780] loss: 212.649
[1,  1800] loss: 185.264
[1,  1820] loss: 194.590
[1,  1840] loss: 202.772
[1,  1860] loss: 209.608
[1,  1880] loss: 185.810
[1,  1900] loss: 209.967
[1,  1920] loss: 196.853
[1,  1940] loss: 184.906
[1,  1960] loss: 161.168
[1,  1980] loss: 147.268
[1,  2000] loss: 203.333
[1,  2020] loss: 173.349
[1,  2040] loss: 145.446
[1,  2060] loss: 197.928
[1,  2080] loss: 198.736
[1,  2100] loss: 139.001
[1,  2120] loss: 141.977
[1,  2140] loss: 159.354
[1,  2160] loss: 133.967
[1,  2180] loss: 140.291
[1,  2200] loss: 141.060
[1,  2220] loss: 97.680
[1,  2240] loss: 148.221
[1,  2260] loss: 117.083
[1,  2280] loss: 132.425
[1,  2300] loss: 121.330
[1,  2320] loss: 139.710
[1,  2340] loss: 111.975
[1,  2360] loss: 124.969
[1,  2380] loss: 118.417
[1,  2400] loss: 80.039
[1,  2420] loss: 99.761
[1,  2440] loss: 81.269
[1,  2460] loss: 114.398
[1,  2480] loss: 78.997
[1,  2500] loss: 76.243
[1,  2520] loss: 92.558
[1,  2540] loss: 98.662
[1,  2560] loss: 81.323
[1,  2580] loss: 86.066
[1,  2600] loss: 72.440
[1,  2620] loss: 76.119
[1,  2640] loss: 82.367
[1,  2660] loss: 64.451
[1,  2680] loss: 67.977
[1,  2700] loss: 72.173
[1,  2720] loss: 68.737
[1,  2740] loss: 63.469
[1,  2760] loss: 70.733
[1,  2780] loss: 55.360
[1,  2800] loss: 61.836
[1,  2820] loss: 67.663
[1,  2840] loss: 54.385
[1,  2860] loss: 66.869
[1,  2880] loss: 57.504
[1,  2900] loss: 51.192
[1,  2920] loss: 65.141
[1,  2940] loss: 46.203
[1,  2960] loss: 47.180
[1,  2980] loss: 61.591
[1,  3000] loss: 66.465
[1,  3020] loss: 47.693
[1,  3040] loss: 59.955
[2,    20] loss: 42.880
[2,    40] loss: 48.048
[2,    60] loss: 63.359
[2,    80] loss: 117.035
[2,   100] loss: 66.830
[2,   120] loss: 76.312
[2,   140] loss: 64.847
[2,   160] loss: 59.064
[2,   180] loss: 59.728
[2,   200] loss: 60.308
[2,   220] loss: 69.722
[2,   240] loss: 36.112
[2,   260] loss: 47.050
[2,   280] loss: 39.998
[2,   300] loss: 40.647
[2,   320] loss: 46.594
[2,   340] loss: 91.554
[2,   360] loss: 291.278
[2,   380] loss: 152.377
[2,   400] loss: 30.676
[2,   420] loss: 38.913
[2,   440] loss: 37.389
[2,   460] loss: 35.043
[2,   480] loss: 56.378
[2,   500] loss: 48.684
[2,   520] loss: 60.706
[2,   540] loss: 125.335
[2,   560] loss: 227.623
[2,   580] loss: 108.394
[2,   600] loss: 78.195
[2,   620] loss: 53.642
[2,   640] loss: 41.774
[2,   660] loss: 47.866
[2,   680] loss: 112.809
[2,   700] loss: 53.833
[2,   720] loss: 52.913
[2,   740] loss: 48.936
[2,   760] loss: 82.740
[2,   780] loss: 64.408
[2,   800] loss: 29.390
[2,   820] loss: 31.742
[2,   840] loss: 67.733
[2,   860] loss: 89.402
[2,   880] loss: 38.035
[2,   900] loss: 41.003
[2,   920] loss: 59.524
[2,   940] loss: 32.387
[2,   960] loss: 32.226
[2,   980] loss: 26.059
[2,  1000] loss: 34.045
[2,  1020] loss: 34.430
[2,  1040] loss: 20.781
[2,  1060] loss: 21.607
[2,  1080] loss: 37.611
[2,  1100] loss: 114.283
[2,  1120] loss: 68.348
[2,  1140] loss: 39.548
[2,  1160] loss: 30.693
[2,  1180] loss: 33.451
[2,  1200] loss: 22.399
[2,  1220] loss: 32.677
[2,  1240] loss: 149.599
[2,  1260] loss: 124.914
[2,  1280] loss: 184.812
[2,  1300] loss: 304.797
[2,  1320] loss: 102.140
[2,  1340] loss: 41.563
[2,  1360] loss: 22.272
[2,  1380] loss: 33.677
[2,  1400] loss: 40.467
[2,  1420] loss: 31.314
[2,  1440] loss: 21.993
[2,  1460] loss: 41.465
[2,  1480] loss: 19.127
[2,  1500] loss: 34.073
[2,  1520] loss: 18.013
[2,  1540] loss: 25.162
[2,  1560] loss: 25.953
[2,  1580] loss: 24.838
[2,  1600] loss: 29.786
[2,  1620] loss: 33.028
[2,  1640] loss: 27.077
[2,  1660] loss: 22.824
[2,  1680] loss: 12.254
[2,  1700] loss: 18.464
[2,  1720] loss: 17.842
[2,  1740] loss: 25.276
[2,  1760] loss: 26.676
[2,  1780] loss: 32.189
[2,  1800] loss: 172.640
[2,  1820] loss: 150.136
[2,  1840] loss: 18.780
[2,  1860] loss: 21.443
[2,  1880] loss: 18.574
[2,  1900] loss: 18.525
[2,  1920] loss: 14.630
[2,  1940] loss: 19.902
[2,  1960] loss: 30.251
[2,  1980] loss: 69.280
[2,  2000] loss: 82.911
[2,  2020] loss: 71.179
[2,  2040] loss: 20.121
[2,  2060] loss: 25.242
[2,  2080] loss: 26.818
[2,  2100] loss: 16.872
[2,  2120] loss: 50.656
[2,  2140] loss: 74.478
[2,  2160] loss: 112.219
[2,  2180] loss: 36.159
[2,  2200] loss: 9.825
[2,  2220] loss: 15.889
[2,  2240] loss: 34.876
[2,  2260] loss: 24.744
[2,  2280] loss: 20.530
[2,  2300] loss: 16.432
[2,  2320] loss: 12.955
[2,  2340] loss: 14.117
[2,  2360] loss: 16.085
[2,  2380] loss: 33.518
[2,  2400] loss: 24.626
[2,  2420] loss: 23.963
[2,  2440] loss: 18.046
[2,  2460] loss: 55.940
[2,  2480] loss: 36.860
[2,  2500] loss: 17.826
[2,  2520] loss: 18.778
[2,  2540] loss: 59.617
[2,  2560] loss: 179.508
[2,  2580] loss: 144.707
[2,  2600] loss: 167.265
[2,  2620] loss: 51.090
[2,  2640] loss: 18.384
[2,  2660] loss: 12.282
[2,  2680] loss: 35.437
[2,  2700] loss: 45.555
[2,  2720] loss: 31.163
[2,  2740] loss: 13.583
[2,  2760] loss: 24.010
[2,  2780] loss: 16.673
[2,  2800] loss: 22.160
[2,  2820] loss: 22.120
[2,  2840] loss: 16.278
[2,  2860] loss: 26.244
[2,  2880] loss: 36.894
[2,  2900] loss: 45.482
[2,  2920] loss: 17.712
[2,  2940] loss: 12.526
[2,  2960] loss: 11.496
[2,  2980] loss: 9.466
[2,  3000] loss: 22.918
[2,  3020] loss: 8.111
[2,  3040] loss: 8.676
[3,    20] loss: 9.327
[3,    40] loss: 10.329
[3,    60] loss: 25.692
[3,    80] loss: 20.682
[3,   100] loss: 15.824
[3,   120] loss: 10.217
[3,   140] loss: 10.697
[3,   160] loss: 15.038
[3,   180] loss: 28.887
[3,   200] loss: 14.308
[3,   220] loss: 11.509
[3,   240] loss: 11.413
[3,   260] loss: 8.465
[3,   280] loss: 7.565
[3,   300] loss: 12.452
[3,   320] loss: 10.767
[3,   340] loss: 17.483
[3,   360] loss: 29.162
[3,   380] loss: 36.471
[3,   400] loss: 37.745
[3,   420] loss: 9.574
[3,   440] loss: 17.051
[3,   460] loss: 8.709
[3,   480] loss: 11.369
[3,   500] loss: 11.106
[3,   520] loss: 19.720
[3,   540] loss: 77.097
[3,   560] loss: 82.042
[3,   580] loss: 83.460
[3,   600] loss: 142.072
[3,   620] loss: 225.022
[3,   640] loss: 39.678
[3,   660] loss: 14.712
[3,   680] loss: 6.308
[3,   700] loss: 7.302
[3,   720] loss: 13.068
[3,   740] loss: 9.934
[3,   760] loss: 8.039
[3,   780] loss: 9.221
[3,   800] loss: 7.941
[3,   820] loss: 12.847
[3,   840] loss: 8.579
[3,   860] loss: 10.827
[3,   880] loss: 6.338
[3,   900] loss: 5.825
[3,   920] loss: 11.421
[3,   940] loss: 11.710
[3,   960] loss: 7.132
[3,   980] loss: 9.126
[3,  1000] loss: 8.028
[3,  1020] loss: 16.002
[3,  1040] loss: 19.567
[3,  1060] loss: 12.079
[3,  1080] loss: 4.704
[3,  1100] loss: 6.717
[3,  1120] loss: 11.240
[3,  1140] loss: 23.442
[3,  1160] loss: 18.104
[3,  1180] loss: 9.558
[3,  1200] loss: 6.119
[3,  1220] loss: 18.892
[3,  1240] loss: 8.957
[3,  1260] loss: 6.982
[3,  1280] loss: 10.612
[3,  1300] loss: 10.082
[3,  1320] loss: 6.229
[3,  1340] loss: 14.381
[3,  1360] loss: 18.991
[3,  1380] loss: 38.803
[3,  1400] loss: 14.146
[3,  1420] loss: 10.713
[3,  1440] loss: 9.270
[3,  1460] loss: 11.673
[3,  1480] loss: 10.738
[3,  1500] loss: 10.123
[3,  1520] loss: 16.007
[3,  1540] loss: 17.339
[3,  1560] loss: 17.364
[3,  1580] loss: 9.309
[3,  1600] loss: 6.683
[3,  1620] loss: 5.535
[3,  1640] loss: 5.677
[3,  1660] loss: 9.760
[3,  1680] loss: 9.208
[3,  1700] loss: 6.961
[3,  1720] loss: 24.520
[3,  1740] loss: 13.117
[3,  1760] loss: 7.958
[3,  1780] loss: 20.808
[3,  1800] loss: 27.039
[3,  1820] loss: 8.089
[3,  1840] loss: 3.588
[3,  1860] loss: 6.607
[3,  1880] loss: 6.974
[3,  1900] loss: 8.356
[3,  1920] loss: 6.151
[3,  1940] loss: 13.700
[3,  1960] loss: 19.183
[3,  1980] loss: 7.131
[3,  2000] loss: 11.504
[3,  2020] loss: 5.320
[3,  2040] loss: 8.189
[3,  2060] loss: 14.331
[3,  2080] loss: 52.553
[3,  2100] loss: 18.787
[3,  2120] loss: 26.062
[3,  2140] loss: 14.213
[3,  2160] loss: 5.706
[3,  2180] loss: 5.247
[3,  2200] loss: 12.801
[3,  2220] loss: 13.907
[3,  2240] loss: 8.906
[3,  2260] loss: 4.103
[3,  2280] loss: 7.982
[3,  2300] loss: 16.569
[3,  2320] loss: 56.230
[3,  2340] loss: 7.524
[3,  2360] loss: 14.474
[3,  2380] loss: 23.254
[3,  2400] loss: 29.259
[3,  2420] loss: 71.721
[3,  2440] loss: 156.221
[3,  2460] loss: 100.706
[3,  2480] loss: 34.474
[3,  2500] loss: 21.058
[3,  2520] loss: 8.682
[3,  2540] loss: 12.182
[3,  2560] loss: 11.312
[3,  2580] loss: 5.527
[3,  2600] loss: 3.531
[3,  2620] loss: 4.029
[3,  2640] loss: 3.809
[3,  2660] loss: 21.279
[3,  2680] loss: 55.126
[3,  2700] loss: 93.821
[3,  2720] loss: 135.640
[3,  2740] loss: 39.568
[3,  2760] loss: 4.487
[3,  2780] loss: 3.182
[3,  2800] loss: 9.186
[3,  2820] loss: 8.135
[3,  2840] loss: 13.744
[3,  2860] loss: 20.022
[3,  2880] loss: 17.037
[3,  2900] loss: 6.793
[3,  2920] loss: 2.547
[3,  2940] loss: 4.615
[3,  2960] loss: 13.612
[3,  2980] loss: 20.050
[3,  3000] loss: 7.965
[3,  3020] loss: 3.593
[3,  3040] loss: 2.920
[1,    20] loss: 14.301
[1,    40] loss: 10.742
[1,    60] loss: 8.415
[1,    80] loss: 7.339
[1,   100] loss: 6.031
[1,   120] loss: 6.158
[1,   140] loss: 6.241
[1,   160] loss: 5.797
[1,   180] loss: 5.188
[1,   200] loss: 4.787
[1,   220] loss: 4.570
[1,   240] loss: 4.328
[1,   260] loss: 4.222
[1,   280] loss: 4.110
[1,   300] loss: 3.914
[1,   320] loss: 3.906
[2,    20] loss: 14.301
[2,    40] loss: 10.742
[2,    60] loss: 8.415
[2,    80] loss: 7.339
[2,   100] loss: 6.031
[2,   120] loss: 6.158
[2,   140] loss: 6.241
[2,   160] loss: 5.797
[2,   180] loss: 5.188
[2,   200] loss: 4.787
[2,   220] loss: 4.570
[2,   240] loss: 4.328
[2,   260] loss: 4.222
[2,   280] loss: 4.110
[2,   300] loss: 3.914
[2,   320] loss: 3.906
[3,    20] loss: 14.301
[3,    40] loss: 10.742
[3,    60] loss: 8.415
[3,    80] loss: 7.339
[3,   100] loss: 6.031
[3,   120] loss: 6.158
[3,   140] loss: 6.241
[3,   160] loss: 5.797
[3,   180] loss: 5.188
[3,   200] loss: 4.787
[3,   220] loss: 4.570
[3,   240] loss: 4.328
[3,   260] loss: 4.222
[3,   280] loss: 4.110
[3,   300] loss: 3.914
[3,   320] loss: 3.906
