cuda:  5
color_space: RGB
batch_size: 10
num_epcochs: 3
learning_rate: 0.002
[1,    20] loss: 0.517
[1,    40] loss: 0.261
[1,    60] loss: 0.089
[1,    80] loss: 0.086
[1,   100] loss: 0.088
[1,   120] loss: 0.054
[1,   140] loss: 0.075
[1,   160] loss: 0.073
[1,   180] loss: 0.111
[1,   200] loss: 0.097
[1,   220] loss: 0.081
[1,   240] loss: 0.109
[1,   260] loss: 0.048
[1,   280] loss: 0.076
[1,   300] loss: 0.062
[1,   320] loss: 0.107
[1,   340] loss: 0.086
[1,   360] loss: 0.047
[1,   380] loss: 0.041
[1,   400] loss: 0.083
[1,   420] loss: 0.096
[1,   440] loss: 0.095
[1,   460] loss: 0.067
[1,   480] loss: 0.091
[1,   500] loss: 0.084
[1,   520] loss: 0.036
[1,   540] loss: 0.054
[1,   560] loss: 0.031
[1,   580] loss: 0.091
[1,   600] loss: 0.061
[1,   620] loss: 0.070
[1,   640] loss: 0.048
[1,   660] loss: 0.052
[1,   680] loss: 0.085
[1,   700] loss: 0.081
[1,   720] loss: 0.077
[1,   740] loss: 0.084
[1,   760] loss: 0.108
[1,   780] loss: 0.082
[1,   800] loss: 0.073
[1,   820] loss: 0.069
[1,   840] loss: 0.067
[1,   860] loss: 0.062
[1,   880] loss: 0.099
[1,   900] loss: 0.082
[1,   920] loss: 0.063
[1,   940] loss: 0.070
[1,   960] loss: 0.064
[1,   980] loss: 0.091
[1,  1000] loss: 0.070
[1,  1020] loss: 0.100
[1,  1040] loss: 0.082
[1,  1060] loss: 0.064
[1,  1080] loss: 0.072
[1,  1100] loss: 0.069
[1,  1120] loss: 0.065
[1,  1140] loss: 0.074
[1,  1160] loss: 0.039
[1,  1180] loss: 0.087
[1,  1200] loss: 0.080
[1,  1220] loss: 0.060
[1,  1240] loss: 0.066
[1,  1260] loss: 0.086
[1,  1280] loss: 0.092
[1,  1300] loss: 0.069
[1,  1320] loss: 0.054
[1,  1340] loss: 0.057
[1,  1360] loss: 0.105
[1,  1380] loss: 0.087
[1,  1400] loss: 0.072
[1,  1420] loss: 0.054
[1,  1440] loss: 0.059
[1,  1460] loss: 0.142
[1,  1480] loss: 0.066
[1,  1500] loss: 0.074
[1,  1520] loss: 0.060
[1,  1540] loss: 0.055
[1,  1560] loss: 0.083
[1,  1580] loss: 0.060
[1,  1600] loss: 0.140
[1,  1620] loss: 0.105
[1,  1640] loss: 0.104
[1,  1660] loss: 0.078
[1,  1680] loss: 0.070
[1,  1700] loss: 0.077
[1,  1720] loss: 0.111
[1,  1740] loss: 0.079
[1,  1760] loss: 0.083
[1,  1780] loss: 0.099
[1,  1800] loss: 0.081
[1,  1820] loss: 0.060
[1,  1840] loss: 0.053
[1,  1860] loss: 0.071
[1,  1880] loss: 0.071
[1,  1900] loss: 0.107
[1,  1920] loss: 0.078
[1,  1940] loss: 0.113
[1,  1960] loss: 0.078
[1,  1980] loss: 0.076
[1,  2000] loss: 0.098
[1,  2020] loss: 0.071
[1,  2040] loss: 0.063
[1,  2060] loss: 0.084
[1,  2080] loss: 0.068
[1,  2100] loss: 0.052
[1,  2120] loss: 0.046
[1,  2140] loss: 0.061
[1,  2160] loss: 0.087
[1,  2180] loss: 0.066
[1,  2200] loss: 0.061
[1,  2220] loss: 0.083
[1,  2240] loss: 0.075
[1,  2260] loss: 0.119
[1,  2280] loss: 0.095
[1,  2300] loss: 0.112
[1,  2320] loss: 0.114
[1,  2340] loss: 0.077
[1,  2360] loss: 0.090
[1,  2380] loss: 0.091
[1,  2400] loss: 0.072
[1,  2420] loss: 0.072
[1,  2440] loss: 0.080
[1,  2460] loss: 0.050
[1,  2480] loss: 0.066
[1,  2500] loss: 0.093
[1,  2520] loss: 0.067
[1,  2540] loss: 0.061
[1,  2560] loss: 0.066
[1,  2580] loss: 0.054
[1,  2600] loss: 0.067
[1,  2620] loss: 0.071
[1,  2640] loss: 0.048
[1,  2660] loss: 0.117
[1,  2680] loss: 0.100
[1,  2700] loss: 0.074
[1,  2720] loss: 0.077
[1,  2740] loss: 0.078
[1,  2760] loss: 0.091
[1,  2780] loss: 0.083
[1,  2800] loss: 0.126
[1,  2820] loss: 0.089
[1,  2840] loss: 0.061
[1,  2860] loss: 0.060
[1,  2880] loss: 0.071
[1,  2900] loss: 0.063
[1,  2920] loss: 0.067
[1,  2940] loss: 0.066
[1,  2960] loss: 0.060
[1,  2980] loss: 0.074
[1,  3000] loss: 0.069
[1,  3020] loss: 0.066
[1,  3040] loss: 0.092
[2,    20] loss: 0.080
[2,    40] loss: 0.073
[2,    60] loss: 0.082
[2,    80] loss: 0.063
[2,   100] loss: 0.054
[2,   120] loss: 0.051
[2,   140] loss: 0.072
[2,   160] loss: 0.081
[2,   180] loss: 0.090
[2,   200] loss: 0.121
[2,   220] loss: 0.081
[2,   240] loss: 0.071
[2,   260] loss: 0.086
[2,   280] loss: 0.103
[2,   300] loss: 0.098
[2,   320] loss: 0.074
[2,   340] loss: 0.056
[2,   360] loss: 0.145
[2,   380] loss: 0.094
[2,   400] loss: 0.072
[2,   420] loss: 0.069
[2,   440] loss: 0.046
[2,   460] loss: 0.121
[2,   480] loss: 0.078
[2,   500] loss: 0.063
[2,   520] loss: 0.090
[2,   540] loss: 0.079
[2,   560] loss: 0.068
[2,   580] loss: 0.051
[2,   600] loss: 0.139
[2,   620] loss: 0.083
[2,   640] loss: 0.100
[2,   660] loss: 0.078
[2,   680] loss: 0.085
[2,   700] loss: 0.087
[2,   720] loss: 0.052
[2,   740] loss: 0.085
[2,   760] loss: 0.047
[2,   780] loss: 0.074
[2,   800] loss: 0.074
[2,   820] loss: 0.086
[2,   840] loss: 0.092
[2,   860] loss: 0.071
[2,   880] loss: 0.085
[2,   900] loss: 0.071
[2,   920] loss: 0.058
[2,   940] loss: 0.098
[2,   960] loss: 0.092
[2,   980] loss: 0.111
[2,  1000] loss: 0.065
[2,  1020] loss: 0.071
[2,  1040] loss: 0.094
[2,  1060] loss: 0.083
[2,  1080] loss: 0.096
[2,  1100] loss: 0.080
[2,  1120] loss: 0.093
[2,  1140] loss: 0.070
[2,  1160] loss: 0.084
[2,  1180] loss: 0.068
[2,  1200] loss: 0.093
[2,  1220] loss: 0.091
[2,  1240] loss: 0.093
[2,  1260] loss: 0.063
[2,  1280] loss: 0.052
[2,  1300] loss: 0.106
[2,  1320] loss: 0.077
[2,  1340] loss: 0.054
[2,  1360] loss: 0.046
[2,  1380] loss: 0.097
[2,  1400] loss: 0.086
[2,  1420] loss: 0.086
[2,  1440] loss: 0.071
[2,  1460] loss: 0.068
[2,  1480] loss: 0.062
[2,  1500] loss: 0.072
[2,  1520] loss: 0.077
[2,  1540] loss: 0.114
[2,  1560] loss: 0.078
[2,  1580] loss: 0.069
[2,  1600] loss: 0.060
[2,  1620] loss: 0.093
[2,  1640] loss: 0.071
[2,  1660] loss: 0.051
[2,  1680] loss: 0.131
[2,  1700] loss: 0.105
[2,  1720] loss: 0.080
[2,  1740] loss: 0.103
[2,  1760] loss: 0.094
[2,  1780] loss: 0.070
[2,  1800] loss: 0.074
[2,  1820] loss: 0.088
[2,  1840] loss: 0.080
[2,  1860] loss: 0.097
[2,  1880] loss: 0.074
[2,  1900] loss: 0.085
[2,  1920] loss: 0.084
[2,  1940] loss: 0.061
[2,  1960] loss: 0.072
[2,  1980] loss: 0.046
[2,  2000] loss: 0.076
[2,  2020] loss: 0.085
[2,  2040] loss: 0.061
[2,  2060] loss: 0.091
[2,  2080] loss: 0.094
[2,  2100] loss: 0.111
[2,  2120] loss: 0.136
[2,  2140] loss: 0.084
[2,  2160] loss: 0.078
[2,  2180] loss: 0.061
[2,  2200] loss: 0.052
[2,  2220] loss: 0.073
[2,  2240] loss: 0.093
[2,  2260] loss: 0.106
[2,  2280] loss: 0.084
[2,  2300] loss: 0.060
[2,  2320] loss: 0.078
[2,  2340] loss: 0.064
[2,  2360] loss: 0.099
[2,  2380] loss: 0.090
[2,  2400] loss: 0.125
[2,  2420] loss: 0.050
[2,  2440] loss: 0.057
[2,  2460] loss: 0.070
[2,  2480] loss: 0.078
[2,  2500] loss: 0.084
[2,  2520] loss: 0.091
[2,  2540] loss: 0.096
[2,  2560] loss: 0.094
[2,  2580] loss: 0.074
[2,  2600] loss: 318.459
[2,  2620] loss: 18040935.050
[2,  2640] loss: 9034054.008
[2,  2660] loss: 151175.915
[2,  2680] loss: 25024.425
[2,  2700] loss: 6328.194
[2,  2720] loss: 2419.752
[2,  2740] loss: 1665.374
[2,  2760] loss: 1493.125
[2,  2780] loss: 1152.309
[2,  2800] loss: 914.757
[2,  2820] loss: 880.318
[2,  2840] loss: 721.107
[2,  2860] loss: 630.928
[2,  2880] loss: 615.829
[2,  2900] loss: 389.936
[2,  2920] loss: 495.129
[2,  2940] loss: 371.116
[2,  2960] loss: 376.196
[2,  2980] loss: 443.718
[2,  3000] loss: 286.682
[2,  3020] loss: 253.882
[2,  3040] loss: 236.114
[3,    20] loss: 202.122
[3,    40] loss: 271.044
[3,    60] loss: 172.422
[3,    80] loss: 186.384
[3,   100] loss: 167.779
[3,   120] loss: 190.046
[3,   140] loss: 170.373
[3,   160] loss: 139.228
[3,   180] loss: 139.946
[3,   200] loss: 124.294
[3,   220] loss: 125.695
[3,   240] loss: 108.741
[3,   260] loss: 108.880
[3,   280] loss: 99.283
[3,   300] loss: 85.782
[3,   320] loss: 89.230
[3,   340] loss: 101.062
[3,   360] loss: 97.618
[3,   380] loss: 93.839
[3,   400] loss: 79.985
[3,   420] loss: 91.605
[3,   440] loss: 51.869
[3,   460] loss: 66.204
[3,   480] loss: 84.452
[3,   500] loss: 73.638
[3,   520] loss: 61.009
[3,   540] loss: 57.893
[3,   560] loss: 57.279
[3,   580] loss: 49.394
[3,   600] loss: 60.700
[3,   620] loss: 66.792
[3,   640] loss: 53.206
[3,   660] loss: 54.604
[3,   680] loss: 52.722
[3,   700] loss: 53.203
[3,   720] loss: 48.261
[3,   740] loss: 50.819
[3,   760] loss: 41.669
[3,   780] loss: 48.366
[3,   800] loss: 46.030
[3,   820] loss: 43.485
[3,   840] loss: 38.240
[3,   860] loss: 37.421
[3,   880] loss: 36.485
[3,   900] loss: 45.658
[3,   920] loss: 40.304
[3,   940] loss: 30.504
[3,   960] loss: 41.820
[3,   980] loss: 32.617
[3,  1000] loss: 37.244
[3,  1020] loss: 33.777
[3,  1040] loss: 29.262
[3,  1060] loss: 26.989
[3,  1080] loss: 34.629
[3,  1100] loss: 27.074
[3,  1120] loss: 27.945
[3,  1140] loss: 30.353
[3,  1160] loss: 27.648
[3,  1180] loss: 30.436
[3,  1200] loss: 27.650
[3,  1220] loss: 29.200
[3,  1240] loss: 30.493
[3,  1260] loss: 31.469
[3,  1280] loss: 25.149
[3,  1300] loss: 28.711
[3,  1320] loss: 29.346
[3,  1340] loss: 23.748
[3,  1360] loss: 29.473
[3,  1380] loss: 23.740
[3,  1400] loss: 25.710
[3,  1420] loss: 23.307
[3,  1440] loss: 21.400
[3,  1460] loss: 20.677
[3,  1480] loss: 21.748
[3,  1500] loss: 25.933
[3,  1520] loss: 19.496
[3,  1540] loss: 17.678
[3,  1560] loss: 16.865
[3,  1580] loss: 18.362
[3,  1600] loss: 15.303
[3,  1620] loss: 23.133
[3,  1640] loss: 15.408
[3,  1660] loss: 16.785
[3,  1680] loss: 21.921
[3,  1700] loss: 19.196
[3,  1720] loss: 22.341
[3,  1740] loss: 21.071
[3,  1760] loss: 14.294
[3,  1780] loss: 18.976
[3,  1800] loss: 24.413
[3,  1820] loss: 15.742
[3,  1840] loss: 20.060
[3,  1860] loss: 12.981
[3,  1880] loss: 15.570
[3,  1900] loss: 18.886
[3,  1920] loss: 15.984
[3,  1940] loss: 11.658
[3,  1960] loss: 12.086
[3,  1980] loss: 13.127
[3,  2000] loss: 13.780
[3,  2020] loss: 14.543
[3,  2040] loss: 13.723
[3,  2060] loss: 15.069
[3,  2080] loss: 13.150
[3,  2100] loss: 14.505
[3,  2120] loss: 12.522
[3,  2140] loss: 12.578
[3,  2160] loss: 10.115
[3,  2180] loss: 17.444
[3,  2200] loss: 13.308
[3,  2220] loss: 14.973
[3,  2240] loss: 15.390
[3,  2260] loss: 10.685
[3,  2280] loss: 13.491
[3,  2300] loss: 15.237
[3,  2320] loss: 17.352
[3,  2340] loss: 13.913
[3,  2360] loss: 12.992
[3,  2380] loss: 13.918
[3,  2400] loss: 15.123
[3,  2420] loss: 11.592
[3,  2440] loss: 14.908
[3,  2460] loss: 14.507
[3,  2480] loss: 15.128
[3,  2500] loss: 8.925
[3,  2520] loss: 9.845
[3,  2540] loss: 9.389
[3,  2560] loss: 8.145
[3,  2580] loss: 10.177
[3,  2600] loss: 9.387
[3,  2620] loss: 9.902
[3,  2640] loss: 10.702
[3,  2660] loss: 11.770
[3,  2680] loss: 10.332
[3,  2700] loss: 10.311
[3,  2720] loss: 9.550
[3,  2740] loss: 8.582
[3,  2760] loss: 9.319
[3,  2780] loss: 7.521
[3,  2800] loss: 11.282
[3,  2820] loss: 17.652
[3,  2840] loss: 13.047
[3,  2860] loss: 8.416
[3,  2880] loss: 8.948
[3,  2900] loss: 7.454
[3,  2920] loss: 6.730
[3,  2940] loss: 6.065
[3,  2960] loss: 9.055
[3,  2980] loss: 9.097
[3,  3000] loss: 9.823
[3,  3020] loss: 7.279
[3,  3040] loss: 6.457
[1,    20] loss: 11.406
[1,    40] loss: 8.028
[1,    60] loss: 7.090
[1,    80] loss: 7.335
[1,   100] loss: 10.598
[1,   120] loss: 10.891
[1,   140] loss: 9.850
[1,   160] loss: 10.092
[1,   180] loss: 10.079
[1,   200] loss: 10.705
[1,   220] loss: 10.979
[1,   240] loss: 10.500
[1,   260] loss: 10.600
[1,   280] loss: 10.484
[1,   300] loss: 10.162
[1,   320] loss: 9.930
[2,    20] loss: 11.406
[2,    40] loss: 8.028
[2,    60] loss: 7.090
[2,    80] loss: 7.335
[2,   100] loss: 10.598
[2,   120] loss: 10.891
[2,   140] loss: 9.850
[2,   160] loss: 10.092
[2,   180] loss: 10.079
[2,   200] loss: 10.705
[2,   220] loss: 10.979
[2,   240] loss: 10.500
[2,   260] loss: 10.600
[2,   280] loss: 10.484
[2,   300] loss: 10.162
[2,   320] loss: 9.930
[3,    20] loss: 11.406
[3,    40] loss: 8.028
[3,    60] loss: 7.090
[3,    80] loss: 7.335
[3,   100] loss: 10.598
[3,   120] loss: 10.891
[3,   140] loss: 9.850
[3,   160] loss: 10.092
[3,   180] loss: 10.079
[3,   200] loss: 10.705
[3,   220] loss: 10.979
[3,   240] loss: 10.500
[3,   260] loss: 10.600
[3,   280] loss: 10.484
[3,   300] loss: 10.162
[3,   320] loss: 9.930
