cuda:  7
color_space: RGB
batch_size: 10
num_epcochs: 3
learning_rate: 0.002
[1,    20] loss: 0.322
[1,    40] loss: 0.176
[1,    60] loss: 0.096
[1,    80] loss: 0.047
[1,   100] loss: 0.093
[1,   120] loss: 0.055
[1,   140] loss: 0.081
[1,   160] loss: 0.097
[1,   180] loss: 0.092
[1,   200] loss: 0.080
[1,   220] loss: 0.078
[1,   240] loss: 0.042
[1,   260] loss: 0.078
[1,   280] loss: 0.086
[1,   300] loss: 0.096
[1,   320] loss: 0.072
[1,   340] loss: 0.073
[1,   360] loss: 0.099
[1,   380] loss: 0.060
[1,   400] loss: 0.057
[1,   420] loss: 0.048
[1,   440] loss: 0.093
[1,   460] loss: 0.061
[1,   480] loss: 0.058
[1,   500] loss: 0.072
[1,   520] loss: 0.067
[1,   540] loss: 0.065
[1,   560] loss: 0.050
[1,   580] loss: 0.070
[1,   600] loss: 0.076
[1,   620] loss: 0.101
[1,   640] loss: 0.064
[1,   660] loss: 0.071
[1,   680] loss: 0.118
[1,   700] loss: 0.111
[1,   720] loss: 0.058
[1,   740] loss: 0.091
[1,   760] loss: 0.098
[1,   780] loss: 0.087
[1,   800] loss: 0.104
[1,   820] loss: 0.066
[1,   840] loss: 0.063
[1,   860] loss: 0.113
[1,   880] loss: 0.091
[1,   900] loss: 0.071
[1,   920] loss: 0.070
[1,   940] loss: 0.129
[1,   960] loss: 0.062
[1,   980] loss: 0.096
[1,  1000] loss: 0.058
[1,  1020] loss: 0.081
[1,  1040] loss: 0.092
[1,  1060] loss: 0.061
[1,  1080] loss: 0.063
[1,  1100] loss: 0.094
[1,  1120] loss: 0.099
[1,  1140] loss: 0.064
[1,  1160] loss: 0.082
[1,  1180] loss: 0.076
[1,  1200] loss: 0.075
[1,  1220] loss: 0.074
[1,  1240] loss: 0.104
[1,  1260] loss: 0.056
[1,  1280] loss: 0.085
[1,  1300] loss: 0.087
[1,  1320] loss: 0.053
[1,  1340] loss: 0.066
[1,  1360] loss: 0.105
[1,  1380] loss: 0.080
[1,  1400] loss: 0.050
[1,  1420] loss: 0.050
[1,  1440] loss: 0.065
[1,  1460] loss: 0.088
[1,  1480] loss: 0.078
[1,  1500] loss: 0.095
[1,  1520] loss: 0.047
[1,  1540] loss: 0.069
[1,  1560] loss: 0.044
[1,  1580] loss: 0.064
[1,  1600] loss: 0.070
[1,  1620] loss: 0.114
[1,  1640] loss: 0.068
[1,  1660] loss: 0.085
[1,  1680] loss: 0.073
[1,  1700] loss: 0.103
[1,  1720] loss: 0.060
[1,  1740] loss: 0.056
[1,  1760] loss: 0.077
[1,  1780] loss: 0.102
[1,  1800] loss: 0.095
[1,  1820] loss: 0.064
[1,  1840] loss: 0.094
[1,  1860] loss: 0.068
[1,  1880] loss: 0.059
[1,  1900] loss: 0.144
[1,  1920] loss: 0.076
[1,  1940] loss: 0.067
[1,  1960] loss: 0.087
[1,  1980] loss: 0.123
[1,  2000] loss: 0.058
[1,  2020] loss: 0.057
[1,  2040] loss: 0.071
[1,  2060] loss: 0.090
[1,  2080] loss: 0.063
[1,  2100] loss: 0.111
[1,  2120] loss: 0.083
[1,  2140] loss: 0.054
[1,  2160] loss: 0.101
[1,  2180] loss: 0.051
[1,  2200] loss: 0.069
[1,  2220] loss: 0.066
[1,  2240] loss: 0.085
[1,  2260] loss: 0.131
[1,  2280] loss: 0.069
[1,  2300] loss: 0.088
[1,  2320] loss: 0.097
[1,  2340] loss: 0.088
[1,  2360] loss: 0.124
[1,  2380] loss: 0.084
[1,  2400] loss: 0.056
[1,  2420] loss: 0.103
[1,  2440] loss: 0.063
[1,  2460] loss: 0.060
[1,  2480] loss: 0.080
[1,  2500] loss: 0.073
[1,  2520] loss: 0.103
[1,  2540] loss: 221536.323
[1,  2560] loss: 27627964.889
[1,  2580] loss: 1138741411.659
[1,  2600] loss: 738586675.400
[1,  2620] loss: 16511593.012
[1,  2640] loss: 2457827.384
[1,  2660] loss: 167566.693
[1,  2680] loss: 69004.752
[1,  2700] loss: 41961.478
[1,  2720] loss: 34311.933
[1,  2740] loss: 31191.039
[1,  2760] loss: 33331.690
[1,  2780] loss: 26280.999
[1,  2800] loss: 37730.394
[1,  2820] loss: 27509.355
[1,  2840] loss: 27567.690
[1,  2860] loss: 30412.164
[1,  2880] loss: 22682.378
[1,  2900] loss: 21703.599
[1,  2920] loss: 22436.862
[1,  2940] loss: 26621.012
[1,  2960] loss: 25379.999
[1,  2980] loss: 19886.986
[1,  3000] loss: 19087.385
[1,  3020] loss: 20065.485
[1,  3040] loss: 24816.052
[2,    20] loss: 18699.395
[2,    40] loss: 20544.667
[2,    60] loss: 17252.903
[2,    80] loss: 15781.144
[2,   100] loss: 17120.614
[2,   120] loss: 15311.315
[2,   140] loss: 12428.354
[2,   160] loss: 14178.922
[2,   180] loss: 15422.600
[2,   200] loss: 9933.269
[2,   220] loss: 12965.848
[2,   240] loss: 14198.383
[2,   260] loss: 12901.563
[2,   280] loss: 12477.377
[2,   300] loss: 9857.066
[2,   320] loss: 10984.174
[2,   340] loss: 10035.303
[2,   360] loss: 10394.005
[2,   380] loss: 9020.082
[2,   400] loss: 9512.264
[2,   420] loss: 9844.795
[2,   440] loss: 8717.982
[2,   460] loss: 9878.228
[2,   480] loss: 7363.032
[2,   500] loss: 14297.365
[2,   520] loss: 7632.064
[2,   540] loss: 7508.632
[2,   560] loss: 7066.478
[2,   580] loss: 8090.707
[2,   600] loss: 6881.365
[2,   620] loss: 7117.713
[2,   640] loss: 6601.247
[2,   660] loss: 7550.029
[2,   680] loss: 6884.053
[2,   700] loss: 9436.138
[2,   720] loss: 6064.781
[2,   740] loss: 6249.388
[2,   760] loss: 6673.413
[2,   780] loss: 5988.793
[2,   800] loss: 6015.872
[2,   820] loss: 6170.486
[2,   840] loss: 5146.803
[2,   860] loss: 5864.182
[2,   880] loss: 6274.913
[2,   900] loss: 5657.378
[2,   920] loss: 5129.745
[2,   940] loss: 6009.481
[2,   960] loss: 5997.559
[2,   980] loss: 4221.791
[2,  1000] loss: 4733.473
[2,  1020] loss: 5237.719
[2,  1040] loss: 5022.425
[2,  1060] loss: 3714.473
[2,  1080] loss: 3687.499
[2,  1100] loss: 5164.089
[2,  1120] loss: 3853.163
[2,  1140] loss: 3835.451
[2,  1160] loss: 4233.222
[2,  1180] loss: 3730.155
[2,  1200] loss: 3791.587
[2,  1220] loss: 3646.361
[2,  1240] loss: 4104.455
[2,  1260] loss: 4408.831
[2,  1280] loss: 3620.298
[2,  1300] loss: 3111.726
[2,  1320] loss: 3959.481
[2,  1340] loss: 4002.850
[2,  1360] loss: 3445.228
[2,  1380] loss: 2563.852
[2,  1400] loss: 3253.409
[2,  1420] loss: 4743.505
[2,  1440] loss: 3882.795
[2,  1460] loss: 3059.036
[2,  1480] loss: 2935.747
[2,  1500] loss: 2361.327
[2,  1520] loss: 3040.747
[2,  1540] loss: 2989.668
[2,  1560] loss: 3631.318
[2,  1580] loss: 3773.773
[2,  1600] loss: 2856.798
[2,  1620] loss: 3219.901
[2,  1640] loss: 3181.893
[2,  1660] loss: 2517.264
[2,  1680] loss: 2771.831
[2,  1700] loss: 2194.360
[2,  1720] loss: 2823.865
[2,  1740] loss: 2590.345
[2,  1760] loss: 2793.547
[2,  1780] loss: 2795.276
[2,  1800] loss: 2083.371
[2,  1820] loss: 2183.256
[2,  1840] loss: 2443.128
[2,  1860] loss: 2174.817
[2,  1880] loss: 2001.581
[2,  1900] loss: 2652.384
[2,  1920] loss: 1914.486
[2,  1940] loss: 2124.999
[2,  1960] loss: 2326.597
[2,  1980] loss: 2265.962
[2,  2000] loss: 1858.324
[2,  2020] loss: 2109.172
[2,  2040] loss: 1649.296
[2,  2060] loss: 1742.546
[2,  2080] loss: 1646.902
[2,  2100] loss: 2102.887
[2,  2120] loss: 1596.743
[2,  2140] loss: 1755.170
[2,  2160] loss: 1608.880
[2,  2180] loss: 1810.784
[2,  2200] loss: 1595.289
[2,  2220] loss: 1760.975
[2,  2240] loss: 1593.793
[2,  2260] loss: 1299.113
[2,  2280] loss: 1390.586
[2,  2300] loss: 1333.267
[2,  2320] loss: 1793.576
[2,  2340] loss: 1557.885
[2,  2360] loss: 1511.717
[2,  2380] loss: 1418.311
[2,  2400] loss: 1275.439
[2,  2420] loss: 1592.316
[2,  2440] loss: 1567.953
[2,  2460] loss: 1188.705
[2,  2480] loss: 1244.302
[2,  2500] loss: 1185.723
[2,  2520] loss: 1402.185
[2,  2540] loss: 1241.661
[2,  2560] loss: 1148.822
[2,  2580] loss: 1079.527
[2,  2600] loss: 1404.656
[2,  2620] loss: 1577.017
[2,  2640] loss: 1177.919
[2,  2660] loss: 1459.254
[2,  2680] loss: 1119.666
[2,  2700] loss: 890.080
[2,  2720] loss: 1028.187
[2,  2740] loss: 1214.541
[2,  2760] loss: 1077.743
[2,  2780] loss: 1076.448
[2,  2800] loss: 906.868
[2,  2820] loss: 1008.683
[2,  2840] loss: 1057.147
[2,  2860] loss: 1021.893
[2,  2880] loss: 852.919
[2,  2900] loss: 916.821
[2,  2920] loss: 976.332
[2,  2940] loss: 870.004
[2,  2960] loss: 916.453
[2,  2980] loss: 966.145
[2,  3000] loss: 950.808
[2,  3020] loss: 838.027
[2,  3040] loss: 687.169
[3,    20] loss: 847.723
[3,    40] loss: 1045.887
[3,    60] loss: 848.959
[3,    80] loss: 848.564
[3,   100] loss: 1181.635
[3,   120] loss: 869.824
[3,   140] loss: 1135.331
[3,   160] loss: 912.242
[3,   180] loss: 763.415
[3,   200] loss: 679.653
[3,   220] loss: 1003.521
[3,   240] loss: 746.789
[3,   260] loss: 640.547
[3,   280] loss: 624.471
[3,   300] loss: 771.192
[3,   320] loss: 718.816
[3,   340] loss: 591.595
[3,   360] loss: 865.720
[3,   380] loss: 652.432
[3,   400] loss: 658.575
[3,   420] loss: 568.046
[3,   440] loss: 773.136
[3,   460] loss: 511.827
[3,   480] loss: 657.903
[3,   500] loss: 717.888
[3,   520] loss: 739.431
[3,   540] loss: 541.295
[3,   560] loss: 599.556
[3,   580] loss: 616.732
[3,   600] loss: 723.978
[3,   620] loss: 488.850
[3,   640] loss: 590.010
[3,   660] loss: 593.144
[3,   680] loss: 581.468
[3,   700] loss: 413.078
[3,   720] loss: 480.609
[3,   740] loss: 456.584
[3,   760] loss: 400.266
[3,   780] loss: 452.530
[3,   800] loss: 359.866
[3,   820] loss: 460.880
[3,   840] loss: 367.071
[3,   860] loss: 459.565
[3,   880] loss: 442.627
[3,   900] loss: 447.243
[3,   920] loss: 473.236
[3,   940] loss: 471.548
[3,   960] loss: 426.952
[3,   980] loss: 403.908
[3,  1000] loss: 439.865
[3,  1020] loss: 502.417
[3,  1040] loss: 540.437
[3,  1060] loss: 312.533
[3,  1080] loss: 360.786
[3,  1100] loss: 383.748
[3,  1120] loss: 338.855
[3,  1140] loss: 440.001
[3,  1160] loss: 359.010
[3,  1180] loss: 361.816
[3,  1200] loss: 342.070
[3,  1220] loss: 328.125
[3,  1240] loss: 421.631
[3,  1260] loss: 319.631
[3,  1280] loss: 348.698
[3,  1300] loss: 351.186
[3,  1320] loss: 400.591
[3,  1340] loss: 295.541
[3,  1360] loss: 313.106
[3,  1380] loss: 281.184
[3,  1400] loss: 246.860
[3,  1420] loss: 275.811
[3,  1440] loss: 253.903
[3,  1460] loss: 283.552
[3,  1480] loss: 314.127
[3,  1500] loss: 216.065
[3,  1520] loss: 274.983
[3,  1540] loss: 296.820
[3,  1560] loss: 305.804
[3,  1580] loss: 211.730
[3,  1600] loss: 189.066
[3,  1620] loss: 212.359
[3,  1640] loss: 205.879
[3,  1660] loss: 240.039
[3,  1680] loss: 248.901
[3,  1700] loss: 186.316
[3,  1720] loss: 184.991
[3,  1740] loss: 212.905
[3,  1760] loss: 214.050
[3,  1780] loss: 212.622
[3,  1800] loss: 212.300
[3,  1820] loss: 197.483
[3,  1840] loss: 168.235
[3,  1860] loss: 215.014
[3,  1880] loss: 191.055
[3,  1900] loss: 160.757
[3,  1920] loss: 169.634
[3,  1940] loss: 169.912
[3,  1960] loss: 148.216
[3,  1980] loss: 153.480
[3,  2000] loss: 164.099
[3,  2020] loss: 153.713
[3,  2040] loss: 144.887
[3,  2060] loss: 118.207
[3,  2080] loss: 152.893
[3,  2100] loss: 159.046
[3,  2120] loss: 151.746
[3,  2140] loss: 130.258
[3,  2160] loss: 193.276
[3,  2180] loss: 202.163
[3,  2200] loss: 187.274
[3,  2220] loss: 230.056
[3,  2240] loss: 121.856
[3,  2260] loss: 118.772
[3,  2280] loss: 137.315
[3,  2300] loss: 140.216
[3,  2320] loss: 137.479
[3,  2340] loss: 98.838
[3,  2360] loss: 110.066
[3,  2380] loss: 134.225
[3,  2400] loss: 98.321
[3,  2420] loss: 123.416
[3,  2440] loss: 141.275
[3,  2460] loss: 128.957
[3,  2480] loss: 136.294
[3,  2500] loss: 110.346
[3,  2520] loss: 100.157
[3,  2540] loss: 99.295
[3,  2560] loss: 89.227
[3,  2580] loss: 130.592
[3,  2600] loss: 81.953
[3,  2620] loss: 99.074
[3,  2640] loss: 94.712
[3,  2660] loss: 95.980
[3,  2680] loss: 128.602
[3,  2700] loss: 99.449
[3,  2720] loss: 106.592
[3,  2740] loss: 79.994
[3,  2760] loss: 88.913
[3,  2780] loss: 69.477
[3,  2800] loss: 95.050
[3,  2820] loss: 110.566
[3,  2840] loss: 99.344
[3,  2860] loss: 67.914
[3,  2880] loss: 67.306
[3,  2900] loss: 73.204
[3,  2920] loss: 91.082
[3,  2940] loss: 69.711
[3,  2960] loss: 76.060
[3,  2980] loss: 61.907
[3,  3000] loss: 59.473
[3,  3020] loss: 62.834
[3,  3040] loss: 64.848
[1,    20] loss: 316.280
[1,    40] loss: 172.454
[1,    60] loss: 128.120
[1,    80] loss: 97.801
[1,   100] loss: 87.638
[1,   120] loss: 85.273
[1,   140] loss: 75.070
[1,   160] loss: 67.105
[1,   180] loss: 60.425
[1,   200] loss: 61.841
[1,   220] loss: 64.773
[1,   240] loss: 67.362
[1,   260] loss: 64.276
[1,   280] loss: 64.404
[1,   300] loss: 68.641
[1,   320] loss: 69.044
[2,    20] loss: 316.280
[2,    40] loss: 172.454
[2,    60] loss: 128.120
[2,    80] loss: 97.801
[2,   100] loss: 87.638
[2,   120] loss: 85.273
[2,   140] loss: 75.070
[2,   160] loss: 67.105
[2,   180] loss: 60.425
[2,   200] loss: 61.841
[2,   220] loss: 64.773
[2,   240] loss: 67.362
[2,   260] loss: 64.276
[2,   280] loss: 64.404
[2,   300] loss: 68.641
[2,   320] loss: 69.044
[3,    20] loss: 316.280
[3,    40] loss: 172.454
[3,    60] loss: 128.120
[3,    80] loss: 97.801
[3,   100] loss: 87.638
[3,   120] loss: 85.273
[3,   140] loss: 75.070
[3,   160] loss: 67.105
[3,   180] loss: 60.425
[3,   200] loss: 61.841
[3,   220] loss: 64.773
[3,   240] loss: 67.362
[3,   260] loss: 64.276
[3,   280] loss: 64.404
[3,   300] loss: 68.641
[3,   320] loss: 69.044
