cuda:  6
color_space: RGB
batch_size: 10
num_epcochs: 3
learning_rate: 0.002
[1,    20] loss: 1.365
[1,    40] loss: 0.806
[1,    60] loss: 0.092
[1,    80] loss: 0.048
[1,   100] loss: 0.091
[1,   120] loss: 0.081
[1,   140] loss: 0.061
[1,   160] loss: 0.121
[1,   180] loss: 0.103
[1,   200] loss: 0.084
[1,   220] loss: 0.133
[1,   240] loss: 0.100
[1,   260] loss: 0.077
[1,   280] loss: 0.052
[1,   300] loss: 0.066
[1,   320] loss: 0.078
[1,   340] loss: 0.089
[1,   360] loss: 0.062
[1,   380] loss: 0.056
[1,   400] loss: 0.079
[1,   420] loss: 0.062
[1,   440] loss: 0.107
[1,   460] loss: 0.095
[1,   480] loss: 0.064
[1,   500] loss: 0.057
[1,   520] loss: 0.086
[1,   540] loss: 0.095
[1,   560] loss: 0.050
[1,   580] loss: 0.049
[1,   600] loss: 0.077
[1,   620] loss: 0.054
[1,   640] loss: 0.060
[1,   660] loss: 0.110
[1,   680] loss: 0.061
[1,   700] loss: 0.056
[1,   720] loss: 0.109
[1,   740] loss: 0.064
[1,   760] loss: 0.054
[1,   780] loss: 0.041
[1,   800] loss: 0.071
[1,   820] loss: 0.050
[1,   840] loss: 0.044
[1,   860] loss: 0.060
[1,   880] loss: 0.079
[1,   900] loss: 0.049
[1,   920] loss: 0.058
[1,   940] loss: 0.045
[1,   960] loss: 0.077
[1,   980] loss: 0.080
[1,  1000] loss: 0.085
[1,  1020] loss: 0.066
[1,  1040] loss: 0.077
[1,  1060] loss: 0.057
[1,  1080] loss: 0.046
[1,  1100] loss: 0.052
[1,  1120] loss: 0.058
[1,  1140] loss: 0.079
[1,  1160] loss: 0.091
[1,  1180] loss: 0.062
[1,  1200] loss: 0.047
[1,  1220] loss: 0.047
[1,  1240] loss: 0.044
[1,  1260] loss: 0.051
[1,  1280] loss: 0.088
[1,  1300] loss: 0.060
[1,  1320] loss: 0.051
[1,  1340] loss: 0.086
[1,  1360] loss: 0.082
[1,  1380] loss: 0.071
[1,  1400] loss: 0.086
[1,  1420] loss: 0.075
[1,  1440] loss: 0.094
[1,  1460] loss: 0.085
[1,  1480] loss: 0.095
[1,  1500] loss: 0.071
[1,  1520] loss: 0.083
[1,  1540] loss: 0.032
[1,  1560] loss: 0.053
[1,  1580] loss: 0.063
[1,  1600] loss: 0.090
[1,  1620] loss: 0.057
[1,  1640] loss: 0.058
[1,  1660] loss: 0.056
[1,  1680] loss: 0.042
[1,  1700] loss: 0.055
[1,  1720] loss: 0.057
[1,  1740] loss: 0.040
[1,  1760] loss: 0.062
[1,  1780] loss: 0.041
[1,  1800] loss: 0.057
[1,  1820] loss: 0.057
[1,  1840] loss: 0.074
[1,  1860] loss: 0.064
[1,  1880] loss: 0.064
[1,  1900] loss: 0.070
[1,  1920] loss: 0.097
[1,  1940] loss: 0.078
[1,  1960] loss: 0.067
[1,  1980] loss: 0.076
[1,  2000] loss: 0.048
[1,  2020] loss: 0.048
[1,  2040] loss: 0.066
[1,  2060] loss: 0.071
[1,  2080] loss: 0.063
[1,  2100] loss: 0.093
[1,  2120] loss: 0.065
[1,  2140] loss: 0.067
[1,  2160] loss: 0.059
[1,  2180] loss: 0.065
[1,  2200] loss: 0.041
[1,  2220] loss: 0.054
[1,  2240] loss: 0.091
[1,  2260] loss: 0.048
[1,  2280] loss: 0.086
[1,  2300] loss: 0.060
[1,  2320] loss: 0.082
[1,  2340] loss: 0.066
[1,  2360] loss: 0.077
[1,  2380] loss: 0.028
[1,  2400] loss: 0.045
[1,  2420] loss: 0.075
[1,  2440] loss: 0.048
[1,  2460] loss: 0.054
[1,  2480] loss: 0.060
[1,  2500] loss: 0.055
[1,  2520] loss: 0.080
[1,  2540] loss: 0.055
[1,  2560] loss: 0.053
[1,  2580] loss: 0.041
[1,  2600] loss: 0.090
[1,  2620] loss: 0.076
[1,  2640] loss: 0.098
[1,  2660] loss: 0.076
[1,  2680] loss: 0.128
[1,  2700] loss: 0.071
[1,  2720] loss: 0.054
[1,  2740] loss: 0.068
[1,  2760] loss: 0.039
[1,  2780] loss: 0.074
[1,  2800] loss: 0.111
[1,  2820] loss: 0.068
[1,  2840] loss: 0.074
[1,  2860] loss: 0.072
[1,  2880] loss: 0.063
[1,  2900] loss: 0.057
[1,  2920] loss: 0.036
[1,  2940] loss: 0.096
[1,  2960] loss: 0.051
[1,  2980] loss: 0.067
[1,  3000] loss: 0.081
[1,  3020] loss: 0.057
[1,  3040] loss: 0.049
[2,    20] loss: 0.078
[2,    40] loss: 0.051
[2,    60] loss: 0.082
[2,    80] loss: 0.088
[2,   100] loss: 0.080
[2,   120] loss: 0.095
[2,   140] loss: 0.052
[2,   160] loss: 0.068
[2,   180] loss: 0.090
[2,   200] loss: 0.080
[2,   220] loss: 0.073
[2,   240] loss: 0.040
[2,   260] loss: 0.058
[2,   280] loss: 0.049
[2,   300] loss: 0.071
[2,   320] loss: 0.104
[2,   340] loss: 0.071
[2,   360] loss: 0.090
[2,   380] loss: 0.031
[2,   400] loss: 0.054
[2,   420] loss: 0.049
[2,   440] loss: 0.083
[2,   460] loss: 0.083
[2,   480] loss: 0.070
[2,   500] loss: 0.054
[2,   520] loss: 0.092
[2,   540] loss: 0.105
[2,   560] loss: 0.071
[2,   580] loss: 0.059
[2,   600] loss: 0.078
[2,   620] loss: 0.079
[2,   640] loss: 0.074
[2,   660] loss: 0.057
[2,   680] loss: 0.077
[2,   700] loss: 0.047
[2,   720] loss: 0.055
[2,   740] loss: 0.048
[2,   760] loss: 0.063
[2,   780] loss: 0.051
[2,   800] loss: 0.041
[2,   820] loss: 0.054
[2,   840] loss: 0.085
[2,   860] loss: 0.053
[2,   880] loss: 0.080
[2,   900] loss: 0.065
[2,   920] loss: 0.076
[2,   940] loss: 0.091
[2,   960] loss: 0.096
[2,   980] loss: 0.071
[2,  1000] loss: 0.059
[2,  1020] loss: 0.050
[2,  1040] loss: 0.053
[2,  1060] loss: 0.072
[2,  1080] loss: 0.059
[2,  1100] loss: 0.061
[2,  1120] loss: 0.066
[2,  1140] loss: 0.108
[2,  1160] loss: 0.102
[2,  1180] loss: 0.048
[2,  1200] loss: 0.091
[2,  1220] loss: 0.098
[2,  1240] loss: 0.093
[2,  1260] loss: 0.122
[2,  1280] loss: 0.054
[2,  1300] loss: 0.053
[2,  1320] loss: 0.062
[2,  1340] loss: 0.131
[2,  1360] loss: 0.064
[2,  1380] loss: 0.054
[2,  1400] loss: 0.085
[2,  1420] loss: 0.084
[2,  1440] loss: 0.126
[2,  1460] loss: 0.084
[2,  1480] loss: 0.094
[2,  1500] loss: 0.066
[2,  1520] loss: 0.112
[2,  1540] loss: 0.091
[2,  1560] loss: 0.107
[2,  1580] loss: 0.064
[2,  1600] loss: 0.063
[2,  1620] loss: 0.110
[2,  1640] loss: 0.105
[2,  1660] loss: 0.057
[2,  1680] loss: 0.074
[2,  1700] loss: 0.064
[2,  1720] loss: 0.076
[2,  1740] loss: 0.062
[2,  1760] loss: 0.099
[2,  1780] loss: 0.071
[2,  1800] loss: 0.120
[2,  1820] loss: 924081.787
[2,  1840] loss: 32697733456.966
[2,  1860] loss: 30832085602.800
[2,  1880] loss: 5490480867.200
[2,  1900] loss: 147136508.800
[2,  1920] loss: 26442463.675
[2,  1940] loss: 7636029.588
[2,  1960] loss: 6967986.994
[2,  1980] loss: 4174119.761
[2,  2000] loss: 3425061.288
[2,  2020] loss: 3302535.038
[2,  2040] loss: 3340347.092
[2,  2060] loss: 3129641.688
[2,  2080] loss: 2219417.716
[2,  2100] loss: 1499683.984
[2,  2120] loss: 1666437.900
[2,  2140] loss: 1414285.181
[2,  2160] loss: 1276395.192
[2,  2180] loss: 1421696.333
[2,  2200] loss: 806030.261
[2,  2220] loss: 869979.370
[2,  2240] loss: 1003710.708
[2,  2260] loss: 514430.959
[2,  2280] loss: 574073.769
[2,  2300] loss: 518240.648
[2,  2320] loss: 407154.316
[2,  2340] loss: 455639.070
[2,  2360] loss: 357378.033
[2,  2380] loss: 344476.991
[2,  2400] loss: 356924.419
[2,  2420] loss: 386677.380
[2,  2440] loss: 292836.167
[2,  2460] loss: 230217.171
[2,  2480] loss: 262064.926
[2,  2500] loss: 264843.097
[2,  2520] loss: 212464.244
[2,  2540] loss: 155239.539
[2,  2560] loss: 197234.070
[2,  2580] loss: 176800.944
[2,  2600] loss: 138931.150
[2,  2620] loss: 129632.288
[2,  2640] loss: 150862.553
[2,  2660] loss: 147623.311
[2,  2680] loss: 140471.730
[2,  2700] loss: 117243.831
[2,  2720] loss: 123073.501
[2,  2740] loss: 129784.497
[2,  2760] loss: 161273.780
[2,  2780] loss: 171308.119
[2,  2800] loss: 125769.271
[2,  2820] loss: 117707.093
[2,  2840] loss: 113099.542
[2,  2860] loss: 91428.635
[2,  2880] loss: 116878.566
[2,  2900] loss: 87759.454
[2,  2920] loss: 86702.727
[2,  2940] loss: 110959.345
[2,  2960] loss: 82185.493
[2,  2980] loss: 127582.390
[2,  3000] loss: 127724.237
[2,  3020] loss: 85089.790
[2,  3040] loss: 78526.023
[3,    20] loss: 80544.491
[3,    40] loss: 88003.653
[3,    60] loss: 74644.011
[3,    80] loss: 72756.443
[3,   100] loss: 63548.947
[3,   120] loss: 64442.482
[3,   140] loss: 105022.150
[3,   160] loss: 74713.791
[3,   180] loss: 66886.243
[3,   200] loss: 79150.110
[3,   220] loss: 77628.390
[3,   240] loss: 56455.167
[3,   260] loss: 56055.753
[3,   280] loss: 64838.799
[3,   300] loss: 67248.515
[3,   320] loss: 59809.958
[3,   340] loss: 56770.851
[3,   360] loss: 63080.317
[3,   380] loss: 50631.296
[3,   400] loss: 51039.173
[3,   420] loss: 64810.551
[3,   440] loss: 61337.712
[3,   460] loss: 57658.879
[3,   480] loss: 60186.244
[3,   500] loss: 63060.742
[3,   520] loss: 46851.791
[3,   540] loss: 48424.009
[3,   560] loss: 48735.351
[3,   580] loss: 49289.472
[3,   600] loss: 55617.996
[3,   620] loss: 55844.442
[3,   640] loss: 72688.274
[3,   660] loss: 53318.619
[3,   680] loss: 44486.301
[3,   700] loss: 53353.646
[3,   720] loss: 50570.698
[3,   740] loss: 58055.359
[3,   760] loss: 38323.518
[3,   780] loss: 45510.002
[3,   800] loss: 50254.533
[3,   820] loss: 40078.470
[3,   840] loss: 45026.094
[3,   860] loss: 36718.301
[3,   880] loss: 34713.944
[3,   900] loss: 52282.256
[3,   920] loss: 43553.060
[3,   940] loss: 40395.941
[3,   960] loss: 48462.891
[3,   980] loss: 40540.783
[3,  1000] loss: 43543.632
[3,  1020] loss: 45593.761
[3,  1040] loss: 31454.555
[3,  1060] loss: 48157.172
[3,  1080] loss: 35771.370
[3,  1100] loss: 30578.847
[3,  1120] loss: 31174.844
[3,  1140] loss: 42447.565
[3,  1160] loss: 35607.390
[3,  1180] loss: 32634.971
[3,  1200] loss: 31325.811
[3,  1220] loss: 33844.242
[3,  1240] loss: 36457.994
[3,  1260] loss: 39275.568
[3,  1280] loss: 34849.434
[3,  1300] loss: 43652.238
[3,  1320] loss: 36561.817
[3,  1340] loss: 29370.949
[3,  1360] loss: 27121.987
[3,  1380] loss: 22701.881
[3,  1400] loss: 26979.929
[3,  1420] loss: 57723.384
[3,  1440] loss: 42635.991
[3,  1460] loss: 31076.132
[3,  1480] loss: 21443.650
[3,  1500] loss: 38485.659
[3,  1520] loss: 34254.534
[3,  1540] loss: 35687.162
[3,  1560] loss: 27218.454
[3,  1580] loss: 31262.101
[3,  1600] loss: 32456.536
[3,  1620] loss: 28718.675
[3,  1640] loss: 30878.641
[3,  1660] loss: 26884.943
[3,  1680] loss: 27063.630
[3,  1700] loss: 27669.637
[3,  1720] loss: 24296.208
[3,  1740] loss: 28089.632
[3,  1760] loss: 25537.744
[3,  1780] loss: 48587.617
[3,  1800] loss: 23844.789
[3,  1820] loss: 50088.039
[3,  1840] loss: 36749.322
[3,  1860] loss: 22116.171
[3,  1880] loss: 24162.561
[3,  1900] loss: 23118.178
[3,  1920] loss: 25471.593
[3,  1940] loss: 24235.644
[3,  1960] loss: 23778.751
[3,  1980] loss: 27170.847
[3,  2000] loss: 27087.365
[3,  2020] loss: 19396.622
[3,  2040] loss: 19940.100
[3,  2060] loss: 24998.783
[3,  2080] loss: 38574.297
[3,  2100] loss: 23231.009
[3,  2120] loss: 18222.590
[3,  2140] loss: 22905.580
[3,  2160] loss: 22599.633
[3,  2180] loss: 30473.846
[3,  2200] loss: 25188.403
[3,  2220] loss: 20745.547
[3,  2240] loss: 15940.071
[3,  2260] loss: 33356.703
[3,  2280] loss: 30098.667
[3,  2300] loss: 24425.732
[3,  2320] loss: 20913.905
[3,  2340] loss: 13747.178
[3,  2360] loss: 19008.151
[3,  2380] loss: 23966.813
[3,  2400] loss: 16176.311
[3,  2420] loss: 14330.517
[3,  2440] loss: 21106.689
[3,  2460] loss: 20425.204
[3,  2480] loss: 15829.374
[3,  2500] loss: 17205.051
[3,  2520] loss: 26035.666
[3,  2540] loss: 19769.199
[3,  2560] loss: 21119.522
[3,  2580] loss: 15313.021
[3,  2600] loss: 17725.822
[3,  2620] loss: 19146.547
[3,  2640] loss: 21890.719
[3,  2660] loss: 35882.458
[3,  2680] loss: 14056.553
[3,  2700] loss: 19732.577
[3,  2720] loss: 16140.310
[3,  2740] loss: 13855.414
[3,  2760] loss: 13578.425
[3,  2780] loss: 18051.200
[3,  2800] loss: 20596.834
[3,  2820] loss: 16908.229
[3,  2840] loss: 31925.648
[3,  2860] loss: 18391.981
[3,  2880] loss: 17108.655
[3,  2900] loss: 13153.216
[3,  2920] loss: 16431.727
[3,  2940] loss: 24262.729
[3,  2960] loss: 20988.627
[3,  2980] loss: 18013.180
[3,  3000] loss: 28811.620
[3,  3020] loss: 29844.107
[3,  3040] loss: 43076.517
[1,    20] loss: 30742.412
[1,    40] loss: 39533.276
[1,    60] loss: 32904.931
[1,    80] loss: 43985.431
[1,   100] loss: 50217.722
[1,   120] loss: 60974.977
[1,   140] loss: 74005.748
[1,   160] loss: 82219.722
[1,   180] loss: 81632.688
[1,   200] loss: 81690.420
[1,   220] loss: 81465.810
[1,   240] loss: 76229.869
[1,   260] loss: 72975.290
[1,   280] loss: 71150.951
[1,   300] loss: 67964.096
[1,   320] loss: 66072.268
[2,    20] loss: 30742.412
[2,    40] loss: 39533.276
[2,    60] loss: 32904.931
[2,    80] loss: 43985.431
[2,   100] loss: 50217.722
[2,   120] loss: 60974.977
[2,   140] loss: 74005.748
[2,   160] loss: 82219.722
[2,   180] loss: 81632.688
[2,   200] loss: 81690.420
[2,   220] loss: 81465.810
[2,   240] loss: 76229.869
[2,   260] loss: 72975.290
[2,   280] loss: 71150.951
[2,   300] loss: 67964.096
[2,   320] loss: 66072.268
[3,    20] loss: 30742.412
[3,    40] loss: 39533.276
[3,    60] loss: 32904.931
[3,    80] loss: 43985.431
[3,   100] loss: 50217.722
[3,   120] loss: 60974.977
[3,   140] loss: 74005.748
[3,   160] loss: 82219.722
[3,   180] loss: 81632.688
[3,   200] loss: 81690.420
[3,   220] loss: 81465.810
[3,   240] loss: 76229.869
[3,   260] loss: 72975.290
[3,   280] loss: 71150.951
[3,   300] loss: 67964.096
[3,   320] loss: 66072.268
