cuda:  1
color_space: RGB
batch_size: 10
num_epcochs: 3
learning_rate: 0.003
[1,    20] loss: 0.431
[1,    40] loss: 0.161
[1,    60] loss: 0.093
[1,    80] loss: 0.085
[1,   100] loss: 0.088
[1,   120] loss: 0.120
[1,   140] loss: 0.102
[1,   160] loss: 0.106
[1,   180] loss: 0.060
[1,   200] loss: 0.079
[1,   220] loss: 0.068
[1,   240] loss: 0.057
[1,   260] loss: 0.082
[1,   280] loss: 0.052
[1,   300] loss: 0.135
[1,   320] loss: 0.060
[1,   340] loss: 0.080
[1,   360] loss: 0.064
[1,   380] loss: 0.091
[1,   400] loss: 0.070
[1,   420] loss: 0.117
[1,   440] loss: 0.093
[1,   460] loss: 0.120
[1,   480] loss: 0.084
[1,   500] loss: 0.089
[1,   520] loss: 0.081
[1,   540] loss: 0.053
[1,   560] loss: 0.087
[1,   580] loss: 0.059
[1,   600] loss: 0.057
[1,   620] loss: 0.095
[1,   640] loss: 0.123
[1,   660] loss: 0.082
[1,   680] loss: 0.069
[1,   700] loss: 0.082
[1,   720] loss: 0.084
[1,   740] loss: 0.088
[1,   760] loss: 0.085
[1,   780] loss: 0.068
[1,   800] loss: 0.070
[1,   820] loss: 0.064
[1,   840] loss: 0.107
[1,   860] loss: 0.100
[1,   880] loss: 0.071
[1,   900] loss: 0.075
[1,   920] loss: 0.082
[1,   940] loss: 0.090
[1,   960] loss: 0.068
[1,   980] loss: 0.053
[1,  1000] loss: 0.093
[1,  1020] loss: 0.071
[1,  1040] loss: 0.067
[1,  1060] loss: 0.071
[1,  1080] loss: 0.045
[1,  1100] loss: 0.094
[1,  1120] loss: 0.100
[1,  1140] loss: 0.129
[1,  1160] loss: 0.079
[1,  1180] loss: 0.106
[1,  1200] loss: 0.056
[1,  1220] loss: 0.065
[1,  1240] loss: 0.074
[1,  1260] loss: 0.130
[1,  1280] loss: 739026804.507
[1,  1300] loss: 35934121321.800
[1,  1320] loss: 155486034169.600
[1,  1340] loss: 10563280733.600
[1,  1360] loss: 372737997.775
[1,  1380] loss: 17182462.300
[1,  1400] loss: 7939549.162
[1,  1420] loss: 4535297.269
[1,  1440] loss: 2356255.972
[1,  1460] loss: 1743775.695
[1,  1480] loss: 1455622.299
[1,  1500] loss: 1477200.205
[1,  1520] loss: 1162772.086
[1,  1540] loss: 1069411.286
[1,  1560] loss: 987414.106
[1,  1580] loss: 815687.062
[1,  1600] loss: 796081.709
[1,  1620] loss: 792043.828
[1,  1640] loss: 583096.460
[1,  1660] loss: 607401.072
[1,  1680] loss: 538233.484
[1,  1700] loss: 443780.296
[1,  1720] loss: 443015.030
[1,  1740] loss: 320254.753
[1,  1760] loss: 395695.946
[1,  1780] loss: 301731.567
[1,  1800] loss: 303542.987
[1,  1820] loss: 278784.189
[1,  1840] loss: 235588.422
[1,  1860] loss: 264811.705
[1,  1880] loss: 216399.777
[1,  1900] loss: 254077.262
[1,  1920] loss: 194969.026
[1,  1940] loss: 163945.354
[1,  1960] loss: 190362.114
[1,  1980] loss: 173313.062
[1,  2000] loss: 212244.285
[1,  2020] loss: 192918.555
[1,  2040] loss: 201752.531
[1,  2060] loss: 168376.225
[1,  2080] loss: 172925.220
[1,  2100] loss: 167708.358
[1,  2120] loss: 162158.882
[1,  2140] loss: 134801.434
[1,  2160] loss: 164469.402
[1,  2180] loss: 154233.007
[1,  2200] loss: 163850.386
[1,  2220] loss: 130065.206
[1,  2240] loss: 153702.492
[1,  2260] loss: 151655.534
[1,  2280] loss: 171862.679
[1,  2300] loss: 147002.381
[1,  2320] loss: 106991.765
[1,  2340] loss: 132933.533
[1,  2360] loss: 137848.494
[1,  2380] loss: 136722.628
[1,  2400] loss: 128061.626
[1,  2420] loss: 124341.762
[1,  2440] loss: 125112.026
[1,  2460] loss: 114663.961
[1,  2480] loss: 131962.596
[1,  2500] loss: 103716.353
[1,  2520] loss: 109402.707
[1,  2540] loss: 113560.085
[1,  2560] loss: 132673.238
[1,  2580] loss: 106507.639
[1,  2600] loss: 96550.383
[1,  2620] loss: 95850.942
[1,  2640] loss: 84605.628
[1,  2660] loss: 88688.569
[1,  2680] loss: 96281.712
[1,  2700] loss: 81608.396
[1,  2720] loss: 92683.544
[1,  2740] loss: 101344.895
[1,  2760] loss: 92415.693
[1,  2780] loss: 96138.236
[1,  2800] loss: 94994.384
[1,  2820] loss: 75883.840
[1,  2840] loss: 79436.518
[1,  2860] loss: 82591.006
[1,  2880] loss: 83060.188
[1,  2900] loss: 78837.940
[1,  2920] loss: 60085.926
[1,  2940] loss: 71566.434
[1,  2960] loss: 75385.137
[1,  2980] loss: 71705.579
[1,  3000] loss: 67782.958
[1,  3020] loss: 66054.626
[1,  3040] loss: 66100.693
[2,    20] loss: 65003.496
[2,    40] loss: 70634.014
[2,    60] loss: 76459.922
[2,    80] loss: 66645.166
[2,   100] loss: 56008.306
[2,   120] loss: 51431.492
[2,   140] loss: 54748.549
[2,   160] loss: 54708.406
[2,   180] loss: 54567.777
[2,   200] loss: 59807.323
[2,   220] loss: 54995.751
[2,   240] loss: 50497.917
[2,   260] loss: 61926.708
[2,   280] loss: 43628.381
[2,   300] loss: 55827.271
[2,   320] loss: 50269.409
[2,   340] loss: 51221.472
[2,   360] loss: 42058.253
[2,   380] loss: 40981.979
[2,   400] loss: 56489.378
[2,   420] loss: 45094.554
[2,   440] loss: 44704.617
[2,   460] loss: 43500.204
[2,   480] loss: 37109.995
[2,   500] loss: 40626.072
[2,   520] loss: 38980.825
[2,   540] loss: 37584.259
[2,   560] loss: 36953.375
[2,   580] loss: 38314.929
[2,   600] loss: 38654.241
[2,   620] loss: 34078.208
[2,   640] loss: 34894.807
[2,   660] loss: 36597.141
[2,   680] loss: 40809.074
[2,   700] loss: 31225.395
[2,   720] loss: 37515.403
[2,   740] loss: 25047.032
[2,   760] loss: 27661.927
[2,   780] loss: 28454.360
[2,   800] loss: 33326.352
[2,   820] loss: 30610.544
[2,   840] loss: 27285.291
[2,   860] loss: 32608.840
[2,   880] loss: 30163.307
[2,   900] loss: 27674.148
[2,   920] loss: 26950.108
[2,   940] loss: 26262.743
[2,   960] loss: 27133.803
[2,   980] loss: 27686.144
[2,  1000] loss: 28194.253
[2,  1020] loss: 25658.355
[2,  1040] loss: 25069.431
[2,  1060] loss: 22076.223
[2,  1080] loss: 20858.222
[2,  1100] loss: 23704.736
[2,  1120] loss: 21304.523
[2,  1140] loss: 21790.998
[2,  1160] loss: 22261.053
[2,  1180] loss: 20473.147
[2,  1200] loss: 19997.974
[2,  1220] loss: 17880.843
[2,  1240] loss: 21192.247
[2,  1260] loss: 20300.037
[2,  1280] loss: 20081.558
[2,  1300] loss: 20858.194
[2,  1320] loss: 20999.666
[2,  1340] loss: 17759.145
[2,  1360] loss: 17055.276
[2,  1380] loss: 15605.593
[2,  1400] loss: 16867.175
[2,  1420] loss: 17248.711
[2,  1440] loss: 16538.651
[2,  1460] loss: 16689.803
[2,  1480] loss: 15654.423
[2,  1500] loss: 15040.105
[2,  1520] loss: 15439.832
[2,  1540] loss: 13347.151
[2,  1560] loss: 15959.605
[2,  1580] loss: 16169.482
[2,  1600] loss: 14673.583
[2,  1620] loss: 14801.930
[2,  1640] loss: 18046.191
[2,  1660] loss: 13026.460
[2,  1680] loss: 15521.057
[2,  1700] loss: 12662.339
[2,  1720] loss: 13085.867
[2,  1740] loss: 12848.286
[2,  1760] loss: 12304.711
[2,  1780] loss: 12399.677
[2,  1800] loss: 13828.412
[2,  1820] loss: 12279.174
[2,  1840] loss: 12190.446
[2,  1860] loss: 9762.813
[2,  1880] loss: 16799.955
[2,  1900] loss: 11702.751
[2,  1920] loss: 11933.774
[2,  1940] loss: 11788.822
[2,  1960] loss: 9995.098
[2,  1980] loss: 10245.203
[2,  2000] loss: 9809.837
[2,  2020] loss: 9723.773
[2,  2040] loss: 8331.223
[2,  2060] loss: 10049.579
[2,  2080] loss: 8966.123
[2,  2100] loss: 8464.787
[2,  2120] loss: 9961.944
[2,  2140] loss: 11485.683
[2,  2160] loss: 9237.658
[2,  2180] loss: 10158.323
[2,  2200] loss: 8613.057
[2,  2220] loss: 9192.697
[2,  2240] loss: 8996.772
[2,  2260] loss: 7629.912
[2,  2280] loss: 7943.907
[2,  2300] loss: 8704.458
[2,  2320] loss: 8374.706
[2,  2340] loss: 6963.366
[2,  2360] loss: 7474.775
[2,  2380] loss: 7727.627
[2,  2400] loss: 9746.523
[2,  2420] loss: 7910.103
[2,  2440] loss: 9369.493
[2,  2460] loss: 8417.570
[2,  2480] loss: 9975.543
[2,  2500] loss: 9318.497
[2,  2520] loss: 9652.063
[2,  2540] loss: 7211.190
[2,  2560] loss: 7083.150
[2,  2580] loss: 6659.083
[2,  2600] loss: 7535.400
[2,  2620] loss: 6915.168
[2,  2640] loss: 6670.435
[2,  2660] loss: 7595.923
[2,  2680] loss: 7608.391
[2,  2700] loss: 7222.017
[2,  2720] loss: 6930.384
[2,  2740] loss: 7222.412
[2,  2760] loss: 7016.079
[2,  2780] loss: 6912.123
[2,  2800] loss: 7002.716
[2,  2820] loss: 6783.634
[2,  2840] loss: 6964.625
[2,  2860] loss: 7545.132
[2,  2880] loss: 7382.852
[2,  2900] loss: 6231.083
[2,  2920] loss: 5725.676
[2,  2940] loss: 6744.688
[2,  2960] loss: 7037.537
[2,  2980] loss: 7303.557
[2,  3000] loss: 6014.155
[2,  3020] loss: 5534.579
[2,  3040] loss: 7371.558
[3,    20] loss: 6656.573
[3,    40] loss: 7269.874
[3,    60] loss: 6185.362
[3,    80] loss: 6155.351
[3,   100] loss: 6125.117
[3,   120] loss: 7184.545
[3,   140] loss: 5086.032
[3,   160] loss: 6258.179
[3,   180] loss: 6092.638
[3,   200] loss: 6486.164
[3,   220] loss: 6531.033
[3,   240] loss: 6004.643
[3,   260] loss: 5695.441
[3,   280] loss: 6363.962
[3,   300] loss: 5244.718
[3,   320] loss: 5405.203
[3,   340] loss: 5997.772
[3,   360] loss: 4785.705
[3,   380] loss: 5566.530
[3,   400] loss: 5890.227
[3,   420] loss: 5919.533
[3,   440] loss: 5156.983
[3,   460] loss: 5740.844
[3,   480] loss: 6149.777
[3,   500] loss: 5871.115
[3,   520] loss: 4090.483
[3,   540] loss: 5112.391
[3,   560] loss: 5357.512
[3,   580] loss: 5111.254
[3,   600] loss: 5271.306
[3,   620] loss: 4579.633
[3,   640] loss: 5914.665
[3,   660] loss: 4489.738
[3,   680] loss: 4851.583
[3,   700] loss: 5218.968
[3,   720] loss: 5367.412
[3,   740] loss: 5377.666
[3,   760] loss: 6301.651
[3,   780] loss: 5005.204
[3,   800] loss: 4364.618
[3,   820] loss: 4390.522
[3,   840] loss: 4619.276
[3,   860] loss: 4628.459
[3,   880] loss: 5003.303
[3,   900] loss: 4882.571
[3,   920] loss: 3981.186
[3,   940] loss: 4528.007
[3,   960] loss: 4492.333
[3,   980] loss: 5235.911
[3,  1000] loss: 5818.070
[3,  1020] loss: 4531.810
[3,  1040] loss: 4113.933
[3,  1060] loss: 5734.752
[3,  1080] loss: 4356.969
[3,  1100] loss: 4938.412
[3,  1120] loss: 4674.187
[3,  1140] loss: 5002.202
[3,  1160] loss: 5136.761
[3,  1180] loss: 4490.671
[3,  1200] loss: 4451.188
[3,  1220] loss: 4974.514
[3,  1240] loss: 3841.227
[3,  1260] loss: 4137.255
[3,  1280] loss: 4622.971
[3,  1300] loss: 4288.210
[3,  1320] loss: 4262.898
[3,  1340] loss: 4446.100
[3,  1360] loss: 3894.685
[3,  1380] loss: 3678.529
[3,  1400] loss: 3917.343
[3,  1420] loss: 4081.071
[3,  1440] loss: 3983.220
[3,  1460] loss: 3767.201
[3,  1480] loss: 4285.223
[3,  1500] loss: 4045.522
[3,  1520] loss: 4629.920
[3,  1540] loss: 3277.814
[3,  1560] loss: 3789.559
[3,  1580] loss: 4752.947
[3,  1600] loss: 4092.508
[3,  1620] loss: 4058.477
[3,  1640] loss: 4057.847
[3,  1660] loss: 3832.187
[3,  1680] loss: 2547.926
[3,  1700] loss: 3861.019
[3,  1720] loss: 4312.694
[3,  1740] loss: 3943.687
[3,  1760] loss: 3528.647
[3,  1780] loss: 2778.874
[3,  1800] loss: 4039.946
[3,  1820] loss: 3583.942
[3,  1840] loss: 3043.708
[3,  1860] loss: 3833.983
[3,  1880] loss: 3729.785
[3,  1900] loss: 4218.554
[3,  1920] loss: 3401.153
[3,  1940] loss: 3117.371
[3,  1960] loss: 3587.437
[3,  1980] loss: 3256.593
[3,  2000] loss: 3826.270
[3,  2020] loss: 3106.314
[3,  2040] loss: 3160.390
[3,  2060] loss: 3083.535
[3,  2080] loss: 3728.797
[3,  2100] loss: 4238.719
[3,  2120] loss: 3407.903
[3,  2140] loss: 2356.544
[3,  2160] loss: 2784.830
[3,  2180] loss: 2510.092
[3,  2200] loss: 3731.450
[3,  2220] loss: 3157.406
[3,  2240] loss: 3101.723
[3,  2260] loss: 2953.167
[3,  2280] loss: 2888.426
[3,  2300] loss: 3038.240
[3,  2320] loss: 2431.472
[3,  2340] loss: 3521.871
[3,  2360] loss: 2633.052
[3,  2380] loss: 3420.667
[3,  2400] loss: 3046.397
[3,  2420] loss: 3563.902
[3,  2440] loss: 2872.722
[3,  2460] loss: 2771.622
[3,  2480] loss: 2340.226
[3,  2500] loss: 3313.798
[3,  2520] loss: 2761.922
[3,  2540] loss: 2458.043
[3,  2560] loss: 2860.899
[3,  2580] loss: 2475.786
[3,  2600] loss: 2357.578
[3,  2620] loss: 2652.276
[3,  2640] loss: 2266.834
[3,  2660] loss: 2541.213
[3,  2680] loss: 2397.715
[3,  2700] loss: 2932.802
[3,  2720] loss: 3026.004
[3,  2740] loss: 2756.907
[3,  2760] loss: 2270.006
[3,  2780] loss: 2584.611
[3,  2800] loss: 3056.389
[3,  2820] loss: 2532.177
[3,  2840] loss: 2158.150
[3,  2860] loss: 2519.679
[3,  2880] loss: 3028.766
[3,  2900] loss: 2542.393
[3,  2920] loss: 2467.948
[3,  2940] loss: 2625.489
[3,  2960] loss: 2365.681
[3,  2980] loss: 2322.289
[3,  3000] loss: 2340.976
[3,  3020] loss: 2474.613
[3,  3040] loss: 2305.070
[1,    20] loss: 1481.635
[1,    40] loss: 2003.052
[1,    60] loss: 1775.962
[1,    80] loss: 1520.486
[1,   100] loss: 2076.595
[1,   120] loss: 3600.549
[1,   140] loss: 4045.931
[1,   160] loss: 5033.808
[1,   180] loss: 5042.645
[1,   200] loss: 4867.513
[1,   220] loss: 4629.664
[1,   240] loss: 4280.660
[1,   260] loss: 4110.619
[1,   280] loss: 4038.658
[1,   300] loss: 3922.072
[1,   320] loss: 3709.538
[2,    20] loss: 1481.635
[2,    40] loss: 2003.052
[2,    60] loss: 1775.962
[2,    80] loss: 1520.486
[2,   100] loss: 2076.595
[2,   120] loss: 3600.549
[2,   140] loss: 4045.931
[2,   160] loss: 5033.808
[2,   180] loss: 5042.645
[2,   200] loss: 4867.513
[2,   220] loss: 4629.664
[2,   240] loss: 4280.660
[2,   260] loss: 4110.619
[2,   280] loss: 4038.658
[2,   300] loss: 3922.072
[2,   320] loss: 3709.538
[3,    20] loss: 1481.635
[3,    40] loss: 2003.052
[3,    60] loss: 1775.962
[3,    80] loss: 1520.486
[3,   100] loss: 2076.595
[3,   120] loss: 3600.549
[3,   140] loss: 4045.931
[3,   160] loss: 5033.808
[3,   180] loss: 5042.645
[3,   200] loss: 4867.513
[3,   220] loss: 4629.664
[3,   240] loss: 4280.660
[3,   260] loss: 4110.619
[3,   280] loss: 4038.658
[3,   300] loss: 3922.072
[3,   320] loss: 3709.538
