cuda:  2
color_space: RGB
batch_size: 10
num_epcochs: 3
learning_rate: 0.003
[1,    20] loss: 3.031
[1,    40] loss: 49.793
[1,    60] loss: 1092.445
[1,    80] loss: 1046.215
[1,   100] loss: 45.805
[1,   120] loss: 7.020
[1,   140] loss: 0.903
[1,   160] loss: 0.361
[1,   180] loss: 0.161
[1,   200] loss: 0.108
[1,   220] loss: 0.106
[1,   240] loss: 0.134
[1,   260] loss: 0.126
[1,   280] loss: 0.126
[1,   300] loss: 0.099
[1,   320] loss: 0.148
[1,   340] loss: 0.099
[1,   360] loss: 0.127
[1,   380] loss: 0.071
[1,   400] loss: 0.096
[1,   420] loss: 0.111
[1,   440] loss: 0.122
[1,   460] loss: 0.088
[1,   480] loss: 0.097
[1,   500] loss: 0.099
[1,   520] loss: 0.097
[1,   540] loss: 0.063
[1,   560] loss: 0.063
[1,   580] loss: 0.058
[1,   600] loss: 0.080
[1,   620] loss: 0.075
[1,   640] loss: 0.054
[1,   660] loss: 0.063
[1,   680] loss: 0.047
[1,   700] loss: 0.064
[1,   720] loss: 0.143
[1,   740] loss: 0.069
[1,   760] loss: 0.084
[1,   780] loss: 0.101
[1,   800] loss: 0.059
[1,   820] loss: 0.097
[1,   840] loss: 0.072
[1,   860] loss: 0.097
[1,   880] loss: 0.055
[1,   900] loss: 0.075
[1,   920] loss: 0.072
[1,   940] loss: 0.063
[1,   960] loss: 0.102
[1,   980] loss: 0.077
[1,  1000] loss: 0.092
[1,  1020] loss: 0.094
[1,  1040] loss: 0.071
[1,  1060] loss: 0.067
[1,  1080] loss: 0.083
[1,  1100] loss: 0.068
[1,  1120] loss: 0.076
[1,  1140] loss: 0.061
[1,  1160] loss: 0.095
[1,  1180] loss: 0.072
[1,  1200] loss: 0.045
[1,  1220] loss: 0.061
[1,  1240] loss: 0.129
[1,  1260] loss: 0.091
[1,  1280] loss: 0.088
[1,  1300] loss: 0.081
[1,  1320] loss: 0.049
[1,  1340] loss: 0.054
[1,  1360] loss: 0.071
[1,  1380] loss: 0.089
[1,  1400] loss: 0.057
[1,  1420] loss: 0.075
[1,  1440] loss: 0.062
[1,  1460] loss: 0.122
[1,  1480] loss: 0.054
[1,  1500] loss: 0.077
[1,  1520] loss: 0.073
[1,  1540] loss: 0.071
[1,  1560] loss: 0.070
[1,  1580] loss: 0.093
[1,  1600] loss: 0.072
[1,  1620] loss: 0.077
[1,  1640] loss: 0.051
[1,  1660] loss: 0.118
[1,  1680] loss: 0.074
[1,  1700] loss: 0.086
[1,  1720] loss: 0.080
[1,  1740] loss: 0.081
[1,  1760] loss: 0.071
[1,  1780] loss: 0.056
[1,  1800] loss: 0.098
[1,  1820] loss: 0.074
[1,  1840] loss: 0.096
[1,  1860] loss: 0.096
[1,  1880] loss: 0.064
[1,  1900] loss: 0.086
[1,  1920] loss: 0.078
[1,  1940] loss: 0.061
[1,  1960] loss: 0.064
[1,  1980] loss: 0.082
[1,  2000] loss: 0.120
[1,  2020] loss: 0.080
[1,  2040] loss: 0.101
[1,  2060] loss: 0.083
[1,  2080] loss: 0.102
[1,  2100] loss: 0.063
[1,  2120] loss: 0.085
[1,  2140] loss: 0.052
[1,  2160] loss: 0.095
[1,  2180] loss: 0.059
[1,  2200] loss: 0.062
[1,  2220] loss: 0.062
[1,  2240] loss: 0.095
[1,  2260] loss: 0.059
[1,  2280] loss: 0.085
[1,  2300] loss: 0.055
[1,  2320] loss: 0.052
[1,  2340] loss: 0.083
[1,  2360] loss: 0.068
[1,  2380] loss: 0.108
[1,  2400] loss: 0.074
[1,  2420] loss: 0.050
[1,  2440] loss: 0.092
[1,  2460] loss: 0.060
[1,  2480] loss: 0.070
[1,  2500] loss: 0.057
[1,  2520] loss: 0.083
[1,  2540] loss: 0.057
[1,  2560] loss: 0.073
[1,  2580] loss: 0.064
[1,  2600] loss: 0.049
[1,  2620] loss: 0.066
[1,  2640] loss: 0.072
[1,  2660] loss: 0.086
[1,  2680] loss: 0.065
[1,  2700] loss: 0.070
[1,  2720] loss: 0.117
[1,  2740] loss: 0.055
[1,  2760] loss: 0.064
[1,  2780] loss: 0.074
[1,  2800] loss: 0.088
[1,  2820] loss: 0.088
[1,  2840] loss: 0.051
[1,  2860] loss: 0.080
[1,  2880] loss: 0.072
[1,  2900] loss: 0.072
[1,  2920] loss: 0.057
[1,  2940] loss: 0.077
[1,  2960] loss: 0.065
[1,  2980] loss: 0.042
[1,  3000] loss: 0.066
[1,  3020] loss: 0.052
[1,  3040] loss: 0.099
[2,    20] loss: 0.073
[2,    40] loss: 0.078
[2,    60] loss: 0.050
[2,    80] loss: 0.062
[2,   100] loss: 0.087
[2,   120] loss: 0.076
[2,   140] loss: 0.053
[2,   160] loss: 0.089
[2,   180] loss: 0.108
[2,   200] loss: 0.091
[2,   220] loss: 0.073
[2,   240] loss: 0.069
[2,   260] loss: 0.087
[2,   280] loss: 0.088
[2,   300] loss: 0.104
[2,   320] loss: 0.060
[2,   340] loss: 0.071
[2,   360] loss: 0.060
[2,   380] loss: 0.069
[2,   400] loss: 0.048
[2,   420] loss: 0.058
[2,   440] loss: 0.057
[2,   460] loss: 0.051
[2,   480] loss: 0.098
[2,   500] loss: 0.112
[2,   520] loss: 0.087
[2,   540] loss: 0.102
[2,   560] loss: 0.075
[2,   580] loss: 0.086
[2,   600] loss: 0.099
[2,   620] loss: 0.073
[2,   640] loss: 0.076
[2,   660] loss: 0.067
[2,   680] loss: 0.074
[2,   700] loss: 0.063
[2,   720] loss: 0.077
[2,   740] loss: 0.059
[2,   760] loss: 0.092
[2,   780] loss: 0.100
[2,   800] loss: 0.072
[2,   820] loss: 0.060
[2,   840] loss: 0.095
[2,   860] loss: 0.088
[2,   880] loss: 0.067
[2,   900] loss: 0.058
[2,   920] loss: 0.070
[2,   940] loss: 0.115
[2,   960] loss: 0.059
[2,   980] loss: 0.076
[2,  1000] loss: 0.041
[2,  1020] loss: 0.083
[2,  1040] loss: 0.082
[2,  1060] loss: 0.032
[2,  1080] loss: 0.081
[2,  1100] loss: 0.048
[2,  1120] loss: 0.056
[2,  1140] loss: 0.072
[2,  1160] loss: 0.089
[2,  1180] loss: 0.056
[2,  1200] loss: 0.056
[2,  1220] loss: 0.052
[2,  1240] loss: 0.101
[2,  1260] loss: 0.052
[2,  1280] loss: 0.049
[2,  1300] loss: 0.068
[2,  1320] loss: 0.074
[2,  1340] loss: 0.062
[2,  1360] loss: 0.076
[2,  1380] loss: 0.055
[2,  1400] loss: 0.083
[2,  1420] loss: 0.072
[2,  1440] loss: 0.072
[2,  1460] loss: 0.082
[2,  1480] loss: 0.059
[2,  1500] loss: 0.041
[2,  1520] loss: 0.057
[2,  1540] loss: 0.103
[2,  1560] loss: 0.079
[2,  1580] loss: 0.057
[2,  1600] loss: 0.084
[2,  1620] loss: 0.062
[2,  1640] loss: 0.149
[2,  1660] loss: 0.092
[2,  1680] loss: 0.071
[2,  1700] loss: 0.057
[2,  1720] loss: 0.044
[2,  1740] loss: 0.053
[2,  1760] loss: 0.055
[2,  1780] loss: 0.062
[2,  1800] loss: 0.048
[2,  1820] loss: 0.065
[2,  1840] loss: 0.066
[2,  1860] loss: 0.064
[2,  1880] loss: 0.066
[2,  1900] loss: 0.085
[2,  1920] loss: 0.101
[2,  1940] loss: 0.044
[2,  1960] loss: 0.097
[2,  1980] loss: 0.101
[2,  2000] loss: 0.057
[2,  2020] loss: 0.074
[2,  2040] loss: 0.062
[2,  2060] loss: 0.050
[2,  2080] loss: 0.064
[2,  2100] loss: 0.053
[2,  2120] loss: 0.077
[2,  2140] loss: 0.044
[2,  2160] loss: 0.078
[2,  2180] loss: 0.054
[2,  2200] loss: 0.071
[2,  2220] loss: 0.075
[2,  2240] loss: 0.069
[2,  2260] loss: 0.060
[2,  2280] loss: 0.056
[2,  2300] loss: 0.056
[2,  2320] loss: 0.044
[2,  2340] loss: 0.086
[2,  2360] loss: 0.076
[2,  2380] loss: 0.057
[2,  2400] loss: 0.062
[2,  2420] loss: 0.060
[2,  2440] loss: 0.065
[2,  2460] loss: 0.041
[2,  2480] loss: 0.067
[2,  2500] loss: 0.047
[2,  2520] loss: 0.066
[2,  2540] loss: 0.068
[2,  2560] loss: 0.056
[2,  2580] loss: 0.075
[2,  2600] loss: 0.072
[2,  2620] loss: 0.047
[2,  2640] loss: 0.072
[2,  2660] loss: 0.070
[2,  2680] loss: 0.046
[2,  2700] loss: 0.089
[2,  2720] loss: 0.047
[2,  2740] loss: 0.104
[2,  2760] loss: 0.129
[2,  2780] loss: 0.079
[2,  2800] loss: 0.054
[2,  2820] loss: 0.087
[2,  2840] loss: 0.085
[2,  2860] loss: 0.072
[2,  2880] loss: 0.055
[2,  2900] loss: 0.072
[2,  2920] loss: 0.069
[2,  2940] loss: 0.114
[2,  2960] loss: 0.081
[2,  2980] loss: 0.071
[2,  3000] loss: 0.108
[2,  3020] loss: 0.067
[2,  3040] loss: 0.068
[3,    20] loss: 0.054
[3,    40] loss: 0.114
[3,    60] loss: 0.048
[3,    80] loss: 0.088
[3,   100] loss: 0.055
[3,   120] loss: 0.035
[3,   140] loss: 0.091
[3,   160] loss: 0.052
[3,   180] loss: 0.049
[3,   200] loss: 0.078
[3,   220] loss: 0.054
[3,   240] loss: 0.064
[3,   260] loss: 0.057
[3,   280] loss: 0.065
[3,   300] loss: 0.142
[3,   320] loss: 0.073
[3,   340] loss: 0.064
[3,   360] loss: 0.046
[3,   380] loss: 0.081
[3,   400] loss: 0.101
[3,   420] loss: 0.065
[3,   440] loss: 0.061
[3,   460] loss: 0.049
[3,   480] loss: 0.097
[3,   500] loss: 0.040
[3,   520] loss: 0.038
[3,   540] loss: 0.066
[3,   560] loss: 0.059
[3,   580] loss: 0.052
[3,   600] loss: 0.063
[3,   620] loss: 0.095
[3,   640] loss: 0.078
[3,   660] loss: 0.066
[3,   680] loss: 0.050
[3,   700] loss: 0.052
[3,   720] loss: 0.063
[3,   740] loss: 0.099
[3,   760] loss: 0.081
[3,   780] loss: 0.061
[3,   800] loss: 0.066
[3,   820] loss: 0.066
[3,   840] loss: 0.067
[3,   860] loss: 0.100
[3,   880] loss: 0.078
[3,   900] loss: 0.052
[3,   920] loss: 0.068
[3,   940] loss: 0.070
[3,   960] loss: 0.056
[3,   980] loss: 0.083
[3,  1000] loss: 0.073
[3,  1020] loss: 0.049
[3,  1040] loss: 0.042
[3,  1060] loss: 0.060
[3,  1080] loss: 0.053
[3,  1100] loss: 0.077
[3,  1120] loss: 0.098
[3,  1140] loss: 0.080
[3,  1160] loss: 0.077
[3,  1180] loss: 0.052
[3,  1200] loss: 0.085
[3,  1220] loss: 0.045
[3,  1240] loss: 0.065
[3,  1260] loss: 0.052
[3,  1280] loss: 0.081
[3,  1300] loss: 0.043
[3,  1320] loss: 0.084
[3,  1340] loss: 0.069
[3,  1360] loss: 0.066
[3,  1380] loss: 0.071
[3,  1400] loss: 0.078
[3,  1420] loss: 0.044
[3,  1440] loss: 0.061
[3,  1460] loss: 0.078
[3,  1480] loss: 0.091
[3,  1500] loss: 0.049
[3,  1520] loss: 0.056
[3,  1540] loss: 0.045
[3,  1560] loss: 0.033
[3,  1580] loss: 0.102
[3,  1600] loss: 0.069
[3,  1620] loss: 0.089
[3,  1640] loss: 0.075
[3,  1660] loss: 0.096
[3,  1680] loss: 0.092
[3,  1700] loss: 0.078
[3,  1720] loss: 0.065
[3,  1740] loss: 0.039
[3,  1760] loss: 0.071
[3,  1780] loss: 0.054
[3,  1800] loss: 0.073
[3,  1820] loss: 0.075
[3,  1840] loss: 0.086
[3,  1860] loss: 0.082
[3,  1880] loss: 0.066
[3,  1900] loss: 0.111
[3,  1920] loss: 0.059
[3,  1940] loss: 0.070
[3,  1960] loss: 0.052
[3,  1980] loss: 0.079
[3,  2000] loss: 0.047
[3,  2020] loss: 0.041
[3,  2040] loss: 0.071
[3,  2060] loss: 0.071
[3,  2080] loss: 0.079
[3,  2100] loss: 0.087
[3,  2120] loss: 0.056
[3,  2140] loss: 0.072
[3,  2160] loss: 0.070
[3,  2180] loss: 0.071
[3,  2200] loss: 0.085
[3,  2220] loss: 0.067
[3,  2240] loss: 0.068
[3,  2260] loss: 0.084
[3,  2280] loss: 0.054
[3,  2300] loss: 0.070
[3,  2320] loss: 0.060
[3,  2340] loss: 0.046
[3,  2360] loss: 0.106
[3,  2380] loss: 0.069
[3,  2400] loss: 0.082
[3,  2420] loss: 0.045
[3,  2440] loss: 0.065
[3,  2460] loss: 0.080
[3,  2480] loss: 0.055
[3,  2500] loss: 0.074
[3,  2520] loss: 0.079
[3,  2540] loss: 0.051
[3,  2560] loss: 0.064
[3,  2580] loss: 0.049
[3,  2600] loss: 0.042
[3,  2620] loss: 0.066
[3,  2640] loss: 0.053
[3,  2660] loss: 0.046
[3,  2680] loss: 0.051
[3,  2700] loss: 0.102
[3,  2720] loss: 0.059
[3,  2740] loss: 0.037
[3,  2760] loss: 0.052
[3,  2780] loss: 0.097
[3,  2800] loss: 0.051
[3,  2820] loss: 0.043
[3,  2840] loss: 0.105
[3,  2860] loss: 0.044
[3,  2880] loss: 0.053
[3,  2900] loss: 0.115
[3,  2920] loss: 0.042
[3,  2940] loss: 0.084
[3,  2960] loss: 0.052
[3,  2980] loss: 0.065
[3,  3000] loss: 0.036
[3,  3020] loss: 0.058
[3,  3040] loss: 0.068
[1,    20] loss: 0.004
[1,    40] loss: 0.009
[1,    60] loss: 0.007
[1,    80] loss: 0.007
[1,   100] loss: 0.007
[1,   120] loss: 0.006
[1,   140] loss: 0.005
[1,   160] loss: 0.005
[1,   180] loss: 0.005
[1,   200] loss: 0.005
[1,   220] loss: 0.006
[1,   240] loss: 0.006
[1,   260] loss: 0.006
[1,   280] loss: 0.006
[1,   300] loss: 0.006
[1,   320] loss: 0.006
[2,    20] loss: 0.004
[2,    40] loss: 0.009
[2,    60] loss: 0.007
[2,    80] loss: 0.007
[2,   100] loss: 0.007
[2,   120] loss: 0.006
[2,   140] loss: 0.005
[2,   160] loss: 0.005
[2,   180] loss: 0.005
[2,   200] loss: 0.005
[2,   220] loss: 0.006
[2,   240] loss: 0.006
[2,   260] loss: 0.006
[2,   280] loss: 0.006
[2,   300] loss: 0.006
[2,   320] loss: 0.006
[3,    20] loss: 0.004
[3,    40] loss: 0.009
[3,    60] loss: 0.007
[3,    80] loss: 0.007
[3,   100] loss: 0.007
[3,   120] loss: 0.006
[3,   140] loss: 0.005
[3,   160] loss: 0.005
[3,   180] loss: 0.005
[3,   200] loss: 0.005
[3,   220] loss: 0.006
[3,   240] loss: 0.006
[3,   260] loss: 0.006
[3,   280] loss: 0.006
[3,   300] loss: 0.006
[3,   320] loss: 0.006
