cuda:  3
color_space: RGB
batch_size: 10
num_epcochs: 3
learning_rate: 0.003
[1,    20] loss: 0.494
[1,    40] loss: 2.392
[1,    60] loss: 2.795
[1,    80] loss: 0.512
[1,   100] loss: 0.120
[1,   120] loss: 0.086
[1,   140] loss: 0.069
[1,   160] loss: 0.098
[1,   180] loss: 0.066
[1,   200] loss: 0.091
[1,   220] loss: 0.120
[1,   240] loss: 0.053
[1,   260] loss: 0.049
[1,   280] loss: 0.123
[1,   300] loss: 0.103
[1,   320] loss: 0.099
[1,   340] loss: 0.071
[1,   360] loss: 0.086
[1,   380] loss: 0.080
[1,   400] loss: 0.060
[1,   420] loss: 0.071
[1,   440] loss: 0.061
[1,   460] loss: 0.069
[1,   480] loss: 0.111
[1,   500] loss: 0.071
[1,   520] loss: 0.064
[1,   540] loss: 0.091
[1,   560] loss: 0.080
[1,   580] loss: 0.083
[1,   600] loss: 0.055
[1,   620] loss: 0.069
[1,   640] loss: 0.066
[1,   660] loss: 0.068
[1,   680] loss: 0.064
[1,   700] loss: 0.088
[1,   720] loss: 0.043
[1,   740] loss: 0.069
[1,   760] loss: 0.064
[1,   780] loss: 0.097
[1,   800] loss: 0.059
[1,   820] loss: 0.102
[1,   840] loss: 0.085
[1,   860] loss: 0.098
[1,   880] loss: 0.056
[1,   900] loss: 0.055
[1,   920] loss: 0.106
[1,   940] loss: 0.087
[1,   960] loss: 0.060
[1,   980] loss: 0.064
[1,  1000] loss: 0.099
[1,  1020] loss: 0.088
[1,  1040] loss: 0.066
[1,  1060] loss: 0.071
[1,  1080] loss: 0.078
[1,  1100] loss: 0.086
[1,  1120] loss: 0.064
[1,  1140] loss: 0.078
[1,  1160] loss: 0.066
[1,  1180] loss: 0.081
[1,  1200] loss: 0.057
[1,  1220] loss: 0.040
[1,  1240] loss: 0.076
[1,  1260] loss: 0.051
[1,  1280] loss: 0.058
[1,  1300] loss: 0.092
[1,  1320] loss: 0.060
[1,  1340] loss: 0.055
[1,  1360] loss: 0.086
[1,  1380] loss: 0.052
[1,  1400] loss: 0.072
[1,  1420] loss: 0.076
[1,  1440] loss: 0.066
[1,  1460] loss: 0.051
[1,  1480] loss: 0.097
[1,  1500] loss: 0.053
[1,  1520] loss: 0.081
[1,  1540] loss: 0.087
[1,  1560] loss: 0.060
[1,  1580] loss: 0.053
[1,  1600] loss: 0.106
[1,  1620] loss: 0.091
[1,  1640] loss: 0.049
[1,  1660] loss: 0.057
[1,  1680] loss: 0.076
[1,  1700] loss: 0.055
[1,  1720] loss: 0.066
[1,  1740] loss: 0.073
[1,  1760] loss: 0.097
[1,  1780] loss: 0.048
[1,  1800] loss: 0.040
[1,  1820] loss: 0.061
[1,  1840] loss: 0.106
[1,  1860] loss: 0.070
[1,  1880] loss: 0.063
[1,  1900] loss: 0.083
[1,  1920] loss: 0.083
[1,  1940] loss: 0.070
[1,  1960] loss: 0.067
[1,  1980] loss: 0.089
[1,  2000] loss: 0.067
[1,  2020] loss: 0.059
[1,  2040] loss: 0.052
[1,  2060] loss: 0.036
[1,  2080] loss: 0.067
[1,  2100] loss: 0.109
[1,  2120] loss: 0.057
[1,  2140] loss: 0.056
[1,  2160] loss: 0.084
[1,  2180] loss: 0.049
[1,  2200] loss: 0.058
[1,  2220] loss: 0.080
[1,  2240] loss: 0.060
[1,  2260] loss: 0.051
[1,  2280] loss: 0.068
[1,  2300] loss: 0.046
[1,  2320] loss: 0.050
[1,  2340] loss: 0.058
[1,  2360] loss: 0.057
[1,  2380] loss: 0.053
[1,  2400] loss: 0.037
[1,  2420] loss: 0.066
[1,  2440] loss: 0.085
[1,  2460] loss: 0.086
[1,  2480] loss: 0.069
[1,  2500] loss: 0.051
[1,  2520] loss: 0.052
[1,  2540] loss: 0.060
[1,  2560] loss: 0.067
[1,  2580] loss: 0.085
[1,  2600] loss: 0.060
[1,  2620] loss: 0.055
[1,  2640] loss: 0.048
[1,  2660] loss: 0.065
[1,  2680] loss: 0.047
[1,  2700] loss: 0.044
[1,  2720] loss: 0.062
[1,  2740] loss: 0.034
[1,  2760] loss: 0.045
[1,  2780] loss: 0.040
[1,  2800] loss: 0.058
[1,  2820] loss: 0.062
[1,  2840] loss: 0.079
[1,  2860] loss: 0.065
[1,  2880] loss: 0.064
[1,  2900] loss: 0.063
[1,  2920] loss: 0.036
[1,  2940] loss: 0.062
[1,  2960] loss: 0.069
[1,  2980] loss: 0.088
[1,  3000] loss: 0.059
[1,  3020] loss: 0.086
[1,  3040] loss: 0.051
[2,    20] loss: 0.060
[2,    40] loss: 0.048
[2,    60] loss: 0.051
[2,    80] loss: 0.067
[2,   100] loss: 0.064
[2,   120] loss: 0.063
[2,   140] loss: 0.063
[2,   160] loss: 0.055
[2,   180] loss: 0.055
[2,   200] loss: 0.026
[2,   220] loss: 0.055
[2,   240] loss: 0.083
[2,   260] loss: 0.027
[2,   280] loss: 0.052
[2,   300] loss: 0.062
[2,   320] loss: 0.070
[2,   340] loss: 0.092
[2,   360] loss: 0.097
[2,   380] loss: 0.080
[2,   400] loss: 0.055
[2,   420] loss: 0.053
[2,   440] loss: 0.063
[2,   460] loss: 0.080
[2,   480] loss: 0.065
[2,   500] loss: 0.077
[2,   520] loss: 0.056
[2,   540] loss: 0.082
[2,   560] loss: 0.098
[2,   580] loss: 0.063
[2,   600] loss: 0.077
[2,   620] loss: 0.047
[2,   640] loss: 0.081
[2,   660] loss: 0.074
[2,   680] loss: 0.083
[2,   700] loss: 0.069
[2,   720] loss: 0.078
[2,   740] loss: 0.047
[2,   760] loss: 0.068
[2,   780] loss: 0.083
[2,   800] loss: 0.060
[2,   820] loss: 0.044
[2,   840] loss: 0.068
[2,   860] loss: 0.065
[2,   880] loss: 0.060
[2,   900] loss: 0.056
[2,   920] loss: 0.080
[2,   940] loss: 0.092
[2,   960] loss: 0.100
[2,   980] loss: 0.050
[2,  1000] loss: 0.066
[2,  1020] loss: 0.064
[2,  1040] loss: 0.052
[2,  1060] loss: 0.063
[2,  1080] loss: 0.071
[2,  1100] loss: 0.046
[2,  1120] loss: 0.071
[2,  1140] loss: 0.069
[2,  1160] loss: 0.101
[2,  1180] loss: 0.047
[2,  1200] loss: 0.063
[2,  1220] loss: 0.051
[2,  1240] loss: 0.099
[2,  1260] loss: 0.059
[2,  1280] loss: 0.093
[2,  1300] loss: 0.112
[2,  1320] loss: 0.043
[2,  1340] loss: 0.106
[2,  1360] loss: 0.085
[2,  1380] loss: 0.072
[2,  1400] loss: 0.099
[2,  1420] loss: 0.042
[2,  1440] loss: 0.111
[2,  1460] loss: 0.037
[2,  1480] loss: 0.067
[2,  1500] loss: 0.066
[2,  1520] loss: 0.047
[2,  1540] loss: 0.075
[2,  1560] loss: 0.087
[2,  1580] loss: 0.074
[2,  1600] loss: 0.057
[2,  1620] loss: 0.068
[2,  1640] loss: 0.140
[2,  1660] loss: 0.073
[2,  1680] loss: 0.056
[2,  1700] loss: 0.073
[2,  1720] loss: 0.044
[2,  1740] loss: 0.112
[2,  1760] loss: 0.048
[2,  1780] loss: 0.055
[2,  1800] loss: 0.061
[2,  1820] loss: 0.065
[2,  1840] loss: 0.071
[2,  1860] loss: 0.057
[2,  1880] loss: 0.052
[2,  1900] loss: 0.051
[2,  1920] loss: 0.078
[2,  1940] loss: 0.051
[2,  1960] loss: 0.086
[2,  1980] loss: 0.080
[2,  2000] loss: 0.088
[2,  2020] loss: 0.059
[2,  2040] loss: 0.067
[2,  2060] loss: 0.066
[2,  2080] loss: 0.075
[2,  2100] loss: 0.047
[2,  2120] loss: 0.100
[2,  2140] loss: 0.043
[2,  2160] loss: 0.045
[2,  2180] loss: 0.113
[2,  2200] loss: 0.055
[2,  2220] loss: 0.062
[2,  2240] loss: 0.085
[2,  2260] loss: 0.056
[2,  2280] loss: 0.094
[2,  2300] loss: 0.053
[2,  2320] loss: 0.099
[2,  2340] loss: 0.079
[2,  2360] loss: 0.074
[2,  2380] loss: 0.119
[2,  2400] loss: 0.037
[2,  2420] loss: 0.052
[2,  2440] loss: 0.074
[2,  2460] loss: 0.068
[2,  2480] loss: 0.074
[2,  2500] loss: 0.061
[2,  2520] loss: 0.129
[2,  2540] loss: 0.081
[2,  2560] loss: 0.106
[2,  2580] loss: 0.089
[2,  2600] loss: 0.078
[2,  2620] loss: 0.093
[2,  2640] loss: 0.059
[2,  2660] loss: 0.074
[2,  2680] loss: 0.064
[2,  2700] loss: 0.076
[2,  2720] loss: 0.066
[2,  2740] loss: 0.082
[2,  2760] loss: 0.063
[2,  2780] loss: 0.053
[2,  2800] loss: 0.074
[2,  2820] loss: 0.093
[2,  2840] loss: 0.050
[2,  2860] loss: 0.080
[2,  2880] loss: 0.078
[2,  2900] loss: 0.053
[2,  2920] loss: 0.043
[2,  2940] loss: 0.064
[2,  2960] loss: 0.069
[2,  2980] loss: 0.055
[2,  3000] loss: 0.040
[2,  3020] loss: 0.088
[2,  3040] loss: 0.062
[3,    20] loss: 0.058
[3,    40] loss: 0.089
[3,    60] loss: 0.069
[3,    80] loss: 0.052
[3,   100] loss: 0.061
[3,   120] loss: 0.068
[3,   140] loss: 0.112
[3,   160] loss: 0.058
[3,   180] loss: 0.063
[3,   200] loss: 0.070
[3,   220] loss: 0.070
[3,   240] loss: 0.071
[3,   260] loss: 0.041
[3,   280] loss: 0.098
[3,   300] loss: 0.081
[3,   320] loss: 0.074
[3,   340] loss: 0.091
[3,   360] loss: 0.070
[3,   380] loss: 0.093
[3,   400] loss: 0.066
[3,   420] loss: 0.098
[3,   440] loss: 0.096
[3,   460] loss: 0.091
[3,   480] loss: 0.076
[3,   500] loss: 0.076
[3,   520] loss: 0.115
[3,   540] loss: 0.035
[3,   560] loss: 0.077
[3,   580] loss: 0.072
[3,   600] loss: 0.108
[3,   620] loss: 0.058
[3,   640] loss: 0.096
[3,   660] loss: 0.051
[3,   680] loss: 0.065
[3,   700] loss: 0.059
[3,   720] loss: 0.062
[3,   740] loss: 0.060
[3,   760] loss: 0.058
[3,   780] loss: 0.093
[3,   800] loss: 0.064
[3,   820] loss: 0.060
[3,   840] loss: 0.069
[3,   860] loss: 0.057
[3,   880] loss: 0.073
[3,   900] loss: 0.058
[3,   920] loss: 0.090
[3,   940] loss: 0.104
[3,   960] loss: 0.103
[3,   980] loss: 0.082
[3,  1000] loss: 0.104
[3,  1020] loss: 0.086
[3,  1040] loss: 0.060
[3,  1060] loss: 0.092
[3,  1080] loss: 0.129
[3,  1100] loss: 0.090
[3,  1120] loss: 0.075
[3,  1140] loss: 0.076
[3,  1160] loss: 0.062
[3,  1180] loss: 0.052
[3,  1200] loss: 0.102
[3,  1220] loss: 0.068
[3,  1240] loss: 0.094
[3,  1260] loss: 0.079
[3,  1280] loss: 0.103
[3,  1300] loss: 0.088
[3,  1320] loss: 0.093
[3,  1340] loss: 0.089
[3,  1360] loss: 0.093
[3,  1380] loss: 0.068
[3,  1400] loss: 0.074
[3,  1420] loss: 0.061
[3,  1440] loss: 0.078
[3,  1460] loss: 0.069
[3,  1480] loss: 0.093
[3,  1500] loss: 0.051
[3,  1520] loss: 0.069
[3,  1540] loss: 0.077
[3,  1560] loss: 0.057
[3,  1580] loss: 0.058
[3,  1600] loss: 0.102
[3,  1620] loss: 0.054
[3,  1640] loss: 0.084
[3,  1660] loss: 0.082
[3,  1680] loss: 0.106
[3,  1700] loss: 0.113
[3,  1720] loss: 0.058
[3,  1740] loss: 0.077
[3,  1760] loss: 0.062
[3,  1780] loss: 0.090
[3,  1800] loss: 0.083
[3,  1820] loss: 0.080
[3,  1840] loss: 0.097
[3,  1860] loss: 0.083
[3,  1880] loss: 0.067
[3,  1900] loss: 0.064
[3,  1920] loss: 0.116
[3,  1940] loss: 0.065
[3,  1960] loss: 0.066
[3,  1980] loss: 44938.029
[3,  2000] loss: 18578942835.100
[3,  2020] loss: 23872640575062.398
[3,  2040] loss: 245718716550348.812
[3,  2060] loss: 10210521004441.600
[3,  2080] loss: 382449421516.800
[3,  2100] loss: 75402026572.800
[3,  2120] loss: 19700619212.800
[3,  2140] loss: 11481706137.600
[3,  2160] loss: 6752990758.400
[3,  2180] loss: 6931364992.000
[3,  2200] loss: 5818679961.600
[3,  2220] loss: 4541442969.600
[3,  2240] loss: 3320046048.000
[3,  2260] loss: 3145198406.400
[3,  2280] loss: 3253627462.400
[3,  2300] loss: 2480078195.200
[3,  2320] loss: 2265122083.200
[3,  2340] loss: 1936219891.200
[3,  2360] loss: 1882364963.200
[3,  2380] loss: 1483586230.400
[3,  2400] loss: 1444296912.000
[3,  2420] loss: 1254318244.800
[3,  2440] loss: 1206217270.400
[3,  2460] loss: 1291640094.400
[3,  2480] loss: 954327766.400
[3,  2500] loss: 840193252.800
[3,  2520] loss: 792309918.400
[3,  2540] loss: 722994384.000
[3,  2560] loss: 727963696.000
[3,  2580] loss: 593345801.600
[3,  2600] loss: 494025322.400
[3,  2620] loss: 469692901.600
[3,  2640] loss: 511218339.200
[3,  2660] loss: 428531708.000
[3,  2680] loss: 415509412.800
[3,  2700] loss: 375275412.000
[3,  2720] loss: 306689461.600
[3,  2740] loss: 364266531.200
[3,  2760] loss: 356813674.400
[3,  2780] loss: 288534281.200
[3,  2800] loss: 259229283.600
[3,  2820] loss: 298117999.600
[3,  2840] loss: 244390559.600
[3,  2860] loss: 227396652.400
[3,  2880] loss: 240757553.200
[3,  2900] loss: 200175080.000
[3,  2920] loss: 227293401.600
[3,  2940] loss: 161815910.800
[3,  2960] loss: 204593350.800
[3,  2980] loss: 153362784.800
[3,  3000] loss: 127448304.600
[3,  3020] loss: 142574816.400
[3,  3040] loss: 140291206.400
[1,    20] loss: 180993388.263
[1,    40] loss: 136392345.051
[1,    60] loss: 103408067.500
[1,    80] loss: 94397286.534
[1,   100] loss: 119888992.002
[1,   120] loss: 156608806.455
[1,   140] loss: 155405736.692
[1,   160] loss: 138566805.544
[1,   180] loss: 124041642.447
[1,   200] loss: 112591713.559
[1,   220] loss: 105261626.833
[1,   240] loss: 101003361.634
[1,   260] loss: 96763158.869
[1,   280] loss: 90704592.429
[1,   300] loss: 85747496.270
[1,   320] loss: 92422530.734
[2,    20] loss: 180993388.263
[2,    40] loss: 136392345.051
[2,    60] loss: 103408067.500
[2,    80] loss: 94397286.534
[2,   100] loss: 119888992.002
[2,   120] loss: 156608806.455
[2,   140] loss: 155405736.692
[2,   160] loss: 138566805.544
[2,   180] loss: 124041642.447
[2,   200] loss: 112591713.559
[2,   220] loss: 105261626.833
[2,   240] loss: 101003361.634
[2,   260] loss: 96763158.869
[2,   280] loss: 90704592.429
[2,   300] loss: 85747496.270
[2,   320] loss: 92422530.734
[3,    20] loss: 180993388.263
[3,    40] loss: 136392345.051
[3,    60] loss: 103408067.500
[3,    80] loss: 94397286.534
[3,   100] loss: 119888992.002
[3,   120] loss: 156608806.455
[3,   140] loss: 155405736.692
[3,   160] loss: 138566805.544
[3,   180] loss: 124041642.447
[3,   200] loss: 112591713.559
[3,   220] loss: 105261626.833
[3,   240] loss: 101003361.634
[3,   260] loss: 96763158.869
[3,   280] loss: 90704592.429
[3,   300] loss: 85747496.270
[3,   320] loss: 92422530.734
