cuda:  4
color_space: YCbCr
batch_size: 1
num_epcochs: 1
learning_rate: 0.001
[1,    20] loss: 0.158
[1,    40] loss: 0.114
[1,    60] loss: 0.123
[1,    80] loss: 0.143
[1,   100] loss: 0.083
[1,   120] loss: 0.052
[1,   140] loss: 0.056
[1,   160] loss: 0.143
[1,   180] loss: 0.056
[1,   200] loss: 0.086
[1,   220] loss: 0.021
[1,   240] loss: 0.165
[1,   260] loss: 27.361
[1,   280] loss: 9585.649
[1,   300] loss: 2453.399
[1,   320] loss: 58.041
[1,   340] loss: 3.486
[1,   360] loss: 2.281
[1,   380] loss: 1.076
[1,   400] loss: 1.757
[1,   420] loss: 1.837
[1,   440] loss: 0.533
[1,   460] loss: 0.768
[1,   480] loss: 0.701
[1,   500] loss: 0.806
[1,   520] loss: 0.581
[1,   540] loss: 0.552
[1,   560] loss: 0.460
[1,   580] loss: 0.709
[1,   600] loss: 0.606
[1,   620] loss: 0.282
[1,   640] loss: 0.166
[1,   660] loss: 0.208
[1,   680] loss: 0.225
[1,   700] loss: 0.270
[1,   720] loss: 0.677
[1,   740] loss: 0.310
[1,   760] loss: 0.260
[1,   780] loss: 0.496
[1,   800] loss: 0.416
[1,   820] loss: 0.309
[1,   840] loss: 0.219
[1,   860] loss: 0.347
[1,   880] loss: 0.461
[1,   900] loss: 0.142
[1,   920] loss: 0.212
[1,   940] loss: 0.100
[1,   960] loss: 0.276
[1,   980] loss: 0.294
[1,  1000] loss: 0.213
[1,  1020] loss: 0.380
[1,  1040] loss: 0.158
[1,  1060] loss: 0.277
[1,  1080] loss: 0.310
[1,  1100] loss: 0.425
[1,  1120] loss: 0.349
[1,  1140] loss: 0.124
[1,  1160] loss: 0.099
[1,  1180] loss: 0.177
[1,  1200] loss: 0.159
[1,  1220] loss: 0.244
[1,  1240] loss: 0.492
[1,  1260] loss: 0.519
[1,  1280] loss: 0.785
[1,  1300] loss: 1.056
[1,  1320] loss: 0.484
[1,  1340] loss: 0.347
[1,  1360] loss: 0.122
[1,  1380] loss: 0.125
[1,  1400] loss: 0.114
[1,  1420] loss: 0.253
[1,  1440] loss: 0.202
[1,  1460] loss: 0.266
[1,  1480] loss: 0.349
[1,  1500] loss: 0.308
[1,  1520] loss: 0.446
[1,  1540] loss: 0.322
[1,  1560] loss: 0.230
[1,  1580] loss: 0.315
[1,  1600] loss: 0.107
[1,  1620] loss: 0.195
[1,  1640] loss: 0.084
[1,  1660] loss: 0.030
[1,  1680] loss: 0.142
[1,  1700] loss: 0.088
[1,  1720] loss: 0.060
[1,  1740] loss: 0.324
[1,  1760] loss: 0.433
[1,  1780] loss: 0.224
[1,  1800] loss: 0.151
[1,  1820] loss: 0.137
[1,  1840] loss: 0.136
[1,  1860] loss: 0.114
[1,  1880] loss: 0.218
[1,  1900] loss: 0.189
[1,  1920] loss: 0.113
[1,  1940] loss: 0.298
[1,  1960] loss: 0.189
[1,  1980] loss: 0.099
[1,  2000] loss: 0.266
[1,  2020] loss: 0.137
[1,  2040] loss: 0.079
[1,  2060] loss: 0.171
[1,  2080] loss: 0.245
[1,  2100] loss: 0.206
[1,  2120] loss: 0.270
[1,  2140] loss: 0.059
[1,  2160] loss: 0.106
[1,  2180] loss: 0.136
[1,  2200] loss: 0.182
[1,  2220] loss: 0.293
[1,  2240] loss: 0.053
[1,  2260] loss: 0.123
[1,  2280] loss: 0.104
[1,  2300] loss: 0.115
[1,  2320] loss: 0.080
[1,  2340] loss: 0.176
[1,  2360] loss: 0.412
[1,  2380] loss: 0.318
[1,  2400] loss: 0.207
[1,  2420] loss: 0.199
[1,  2440] loss: 0.124
[1,  2460] loss: 0.112
[1,  2480] loss: 0.109
[1,  2500] loss: 0.186
[1,  2520] loss: 0.070
[1,  2540] loss: 0.144
[1,  2560] loss: 0.046
[1,  2580] loss: 0.106
[1,  2600] loss: 0.145
[1,  2620] loss: 0.126
[1,  2640] loss: 0.123
[1,  2660] loss: 0.092
[1,  2680] loss: 0.037
[1,  2700] loss: 0.146
[1,  2720] loss: 0.096
[1,  2740] loss: 0.164
[1,  2760] loss: 0.119
[1,  2780] loss: 0.071
[1,  2800] loss: 0.103
[1,  2820] loss: 0.514
[1,  2840] loss: 0.191
[1,  2860] loss: 0.221
[1,  2880] loss: 0.122
[1,  2900] loss: 0.148
[1,  2920] loss: 0.049
[1,  2940] loss: 0.079
[1,  2960] loss: 0.156
[1,  2980] loss: 0.154
[1,  3000] loss: 0.362
[1,  3020] loss: 0.077
[1,  3040] loss: 0.109
[1,  3060] loss: 0.135
[1,  3080] loss: 0.079
[1,  3100] loss: 0.041
[1,  3120] loss: 0.117
[1,  3140] loss: 0.072
[1,  3160] loss: 0.105
[1,  3180] loss: 0.088
[1,  3200] loss: 0.080
[1,  3220] loss: 0.244
[1,  3240] loss: 0.227
[1,  3260] loss: 0.069
[1,  3280] loss: 0.129
[1,  3300] loss: 0.152
[1,  3320] loss: 0.049
[1,  3340] loss: 0.378
[1,  3360] loss: 0.216
[1,  3380] loss: 0.062
[1,  3400] loss: 0.130
[1,  3420] loss: 0.150
[1,  3440] loss: 0.038
[1,  3460] loss: 0.194
[1,  3480] loss: 0.077
[1,  3500] loss: 0.034
[1,  3520] loss: 0.112
[1,  3540] loss: 0.039
[1,  3560] loss: 0.087
[1,  3580] loss: 0.060
[1,  3600] loss: 0.019
[1,  3620] loss: 0.048
[1,  3640] loss: 0.034
[1,  3660] loss: 0.026
[1,  3680] loss: 0.229
[1,  3700] loss: 0.097
[1,  3720] loss: 0.066
[1,  3740] loss: 0.162
[1,  3760] loss: 0.113
[1,  3780] loss: 0.170
[1,  3800] loss: 0.077
[1,  3820] loss: 0.115
[1,  3840] loss: 0.107
[1,  3860] loss: 0.070
[1,  3880] loss: 0.120
[1,  3900] loss: 0.067
[1,  3920] loss: 0.180
[1,  3940] loss: 0.295
[1,  3960] loss: 0.167
[1,  3980] loss: 0.054
[1,  4000] loss: 0.100
[1,  4020] loss: 0.058
[1,  4040] loss: 0.136
[1,  4060] loss: 0.118
[1,  4080] loss: 0.148
[1,  4100] loss: 0.109
[1,  4120] loss: 0.087
[1,  4140] loss: 0.035
[1,  4160] loss: 0.103
[1,  4180] loss: 0.015
[1,  4200] loss: 0.108
[1,  4220] loss: 0.262
[1,  4240] loss: 0.074
[1,  4260] loss: 0.154
[1,  4280] loss: 0.041
[1,  4300] loss: 0.054
[1,  4320] loss: 0.181
[1,  4340] loss: 0.039
[1,  4360] loss: 0.110
[1,  4380] loss: 0.132
[1,  4400] loss: 0.183
[1,  4420] loss: 0.158
[1,  4440] loss: 0.275
[1,  4460] loss: 0.051
[1,  4480] loss: 0.022
[1,  4500] loss: 0.098
[1,  4520] loss: 0.068
[1,  4540] loss: 0.089
[1,  4560] loss: 0.041
[1,  4580] loss: 0.139
[1,  4600] loss: 0.196
[1,  4620] loss: 0.061
[1,  4640] loss: 0.036
[1,  4660] loss: 0.036
[1,  4680] loss: 0.036
[1,  4700] loss: 0.052
[1,  4720] loss: 0.130
[1,  4740] loss: 0.053
[1,  4760] loss: 0.054
[1,  4780] loss: 0.130
[1,  4800] loss: 0.042
[1,  4820] loss: 0.067
[1,  4840] loss: 0.119
[1,  4860] loss: 0.060
[1,  4880] loss: 0.074
[1,  4900] loss: 0.275
[1,  4920] loss: 0.274
[1,  4940] loss: 0.090
[1,  4960] loss: 0.132
[1,  4980] loss: 0.087
[1,  5000] loss: 0.185
[1,  5020] loss: 0.141
[1,  5040] loss: 0.068
[1,  5060] loss: 0.208
[1,  5080] loss: 0.074
[1,  5100] loss: 0.088
[1,  5120] loss: 0.059
[1,  5140] loss: 0.085
[1,  5160] loss: 0.149
[1,  5180] loss: 0.078
[1,  5200] loss: 0.202
[1,  5220] loss: 0.100
[1,  5240] loss: 0.105
[1,  5260] loss: 0.027
[1,  5280] loss: 0.090
[1,  5300] loss: 0.053
[1,  5320] loss: 0.116
[1,  5340] loss: 0.056
[1,  5360] loss: 0.038
[1,  5380] loss: 0.210
[1,  5400] loss: 0.058
[1,  5420] loss: 0.127
[1,  5440] loss: 0.037
[1,  5460] loss: 0.116
[1,  5480] loss: 0.118
[1,  5500] loss: 0.118
[1,  5520] loss: 0.062
[1,  5540] loss: 0.063
[1,  5560] loss: 0.026
[1,  5580] loss: 0.141
[1,  5600] loss: 0.086
[1,  5620] loss: 0.062
[1,  5640] loss: 0.043
[1,  5660] loss: 0.017
[1,  5680] loss: 0.040
[1,  5700] loss: 0.099
[1,  5720] loss: 0.048
[1,  5740] loss: 0.137
[1,  5760] loss: 0.032
[1,  5780] loss: 0.050
[1,  5800] loss: 0.086
[1,  5820] loss: 0.099
[1,  5840] loss: 0.047
[1,  5860] loss: 0.047
[1,  5880] loss: 0.075
[1,  5900] loss: 0.019
[1,  5920] loss: 0.011
[1,  5940] loss: 0.024
[1,  5960] loss: 0.034
[1,  5980] loss: 0.023
[1,  6000] loss: 0.045
[1,  6020] loss: 0.166
[1,  6040] loss: 0.038
[1,  6060] loss: 0.054
[1,  6080] loss: 0.066
[1,  6100] loss: 0.161
[1,  6120] loss: 0.161
[1,  6140] loss: 0.084
[1,  6160] loss: 0.121
[1,  6180] loss: 0.025
[1,  6200] loss: 0.053
[1,  6220] loss: 0.058
[1,  6240] loss: 0.101
[1,  6260] loss: 0.114
[1,  6280] loss: 0.033
[1,  6300] loss: 0.059
[1,  6320] loss: 0.089
[1,  6340] loss: 0.030
[1,  6360] loss: 0.018
[1,  6380] loss: 0.080
[1,  6400] loss: 0.105
[1,  6420] loss: 0.061
[1,  6440] loss: 0.036
[1,  6460] loss: 0.045
[1,  6480] loss: 0.152
[1,  6500] loss: 0.016
[1,  6520] loss: 0.110
[1,  6540] loss: 0.086
[1,  6560] loss: 0.187
[1,  6580] loss: 0.079
[1,  6600] loss: 0.070
[1,  6620] loss: 0.043
[1,  6640] loss: 0.203
[1,  6660] loss: 0.049
[1,  6680] loss: 0.103
[1,  6700] loss: 0.025
[1,  6720] loss: 0.017
[1,  6740] loss: 0.042
[1,  6760] loss: 0.061
[1,  6780] loss: 0.034
[1,  6800] loss: 0.054
[1,  6820] loss: 0.072
[1,  6840] loss: 0.052
[1,  6860] loss: 0.044
[1,  6880] loss: 0.132
[1,  6900] loss: 0.053
[1,  6920] loss: 0.118
[1,  6940] loss: 0.095
[1,  6960] loss: 0.039
[1,  6980] loss: 0.086
[1,  7000] loss: 0.067
[1,  7020] loss: 0.161
[1,  7040] loss: 0.235
[1,  7060] loss: 0.214
[1,  7080] loss: 0.168
[1,  7100] loss: 0.082
[1,  7120] loss: 0.129
[1,  7140] loss: 0.027
[1,  7160] loss: 0.085
[1,  7180] loss: 0.039
[1,  7200] loss: 0.036
[1,  7220] loss: 0.034
[1,  7240] loss: 0.089
[1,  7260] loss: 0.075
[1,  7280] loss: 0.079
[1,  7300] loss: 0.033
[1,  7320] loss: 0.048
[1,  7340] loss: 0.043
[1,  7360] loss: 0.067
[1,  7380] loss: 0.052
[1,  7400] loss: 0.213
[1,  7420] loss: 0.054
[1,  7440] loss: 0.064
[1,  7460] loss: 0.036
[1,  7480] loss: 0.011
[1,  7500] loss: 0.214
[1,  7520] loss: 0.069
[1,  7540] loss: 0.052
[1,  7560] loss: 0.037
[1,  7580] loss: 0.024
[1,  7600] loss: 0.366
[1,  7620] loss: 0.033
[1,  7640] loss: 0.019
[1,  7660] loss: 0.195
[1,  7680] loss: 0.703
[1,  7700] loss: 28.564
[1,  7720] loss: 10331019.005
[1,  7740] loss: 169630893.309
[1,  7760] loss: 8289011208.150
[1,  7780] loss: 2666850106.787
[1,  7800] loss: 337659495.069
[1,  7820] loss: 101278919.325
[1,  7840] loss: 12390511.240
[1,  7860] loss: 2035571.406
[1,  7880] loss: 2478231.186
[1,  7900] loss: 2786390.785
[1,  7920] loss: 1093763.705
[1,  7940] loss: 1483469.933
[1,  7960] loss: 984447.147
[1,  7980] loss: 992092.672
[1,  8000] loss: 817602.046
[1,  8020] loss: 689256.437
[1,  8040] loss: 1044110.723
[1,  8060] loss: 567119.778
[1,  8080] loss: 659039.781
[1,  8100] loss: 538332.414
[1,  8120] loss: 514750.873
[1,  8140] loss: 413933.432
[1,  8160] loss: 327716.930
[1,  8180] loss: 812819.103
[1,  8200] loss: 348109.644
[1,  8220] loss: 460618.677
[1,  8240] loss: 400885.169
[1,  8260] loss: 521921.662
[1,  8280] loss: 543109.187
[1,  8300] loss: 604629.644
[1,  8320] loss: 397521.686
[1,  8340] loss: 651900.757
[1,  8360] loss: 401887.266
[1,  8380] loss: 223443.979
[1,  8400] loss: 439195.396
[1,  8420] loss: 292963.834
[1,  8440] loss: 298524.408
[1,  8460] loss: 270398.228
[1,  8480] loss: 397837.934
[1,  8500] loss: 240835.945
[1,  8520] loss: 172867.101
[1,  8540] loss: 279607.381
[1,  8560] loss: 191098.600
[1,  8580] loss: 319403.643
[1,  8600] loss: 309715.474
[1,  8620] loss: 351202.650
[1,  8640] loss: 129161.488
[1,  8660] loss: 190293.176
[1,  8680] loss: 259573.309
[1,  8700] loss: 195775.109
[1,  8720] loss: 210734.294
[1,  8740] loss: 186783.720
[1,  8760] loss: 135606.054
[1,  8780] loss: 86386.752
[1,  8800] loss: 123603.494
[1,  8820] loss: 153034.236
[1,  8840] loss: 127573.496
[1,  8860] loss: 149137.055
[1,  8880] loss: 72458.388
[1,  8900] loss: 183297.828
[1,  8920] loss: 147387.274
[1,  8940] loss: 91853.474
[1,  8960] loss: 199366.656
[1,  8980] loss: 83969.909
[1,  9000] loss: 118349.165
[1,  9020] loss: 127289.228
[1,  9040] loss: 85624.821
[1,  9060] loss: 86594.254
[1,  9080] loss: 130876.923
[1,  9100] loss: 65020.434
[1,  9120] loss: 110231.987
[1,  9140] loss: 94062.753
[1,  9160] loss: 91466.881
[1,  9180] loss: 66861.071
[1,  9200] loss: 150391.956
[1,  9220] loss: 88673.694
[1,  9240] loss: 67122.381
[1,  9260] loss: 90426.078
[1,  9280] loss: 126136.820
[1,  9300] loss: 59294.015
[1,  9320] loss: 66941.020
[1,  9340] loss: 43860.234
[1,  9360] loss: 100111.199
[1,  9380] loss: 46122.348
[1,  9400] loss: 68850.866
[1,  9420] loss: 80054.467
[1,  9440] loss: 67509.069
[1,  9460] loss: 50359.685
[1,  9480] loss: 94798.988
[1,  9500] loss: 57344.518
[1,  9520] loss: 74312.355
[1,  9540] loss: 82890.506
[1,  9560] loss: 53074.854
[1,  9580] loss: 73807.623
[1,  9600] loss: 38065.051
[1,  9620] loss: 67500.344
[1,  9640] loss: 63419.608
[1,  9660] loss: 63973.553
[1,  9680] loss: 60447.986
[1,  9700] loss: 65231.205
[1,  9720] loss: 69047.293
[1,  9740] loss: 51205.215
[1,  9760] loss: 61893.253
[1,  9780] loss: 47033.845
[1,  9800] loss: 77085.062
[1,  9820] loss: 90511.261
[1,  9840] loss: 75005.365
[1,  9860] loss: 59935.095
[1,  9880] loss: 34464.715
[1,  9900] loss: 47240.325
[1,  9920] loss: 38323.855
[1,  9940] loss: 41766.389
[1,  9960] loss: 47424.070
[1,  9980] loss: 43678.345
[1, 10000] loss: 47289.173
[1, 10020] loss: 53811.833
[1, 10040] loss: 57759.166
[1, 10060] loss: 42526.199
[1, 10080] loss: 44244.254
[1, 10100] loss: 18159.027
[1, 10120] loss: 50843.002
[1, 10140] loss: 26348.410
[1, 10160] loss: 37522.606
[1, 10180] loss: 34002.616
[1, 10200] loss: 18296.773
[1, 10220] loss: 28981.630
[1, 10240] loss: 27039.963
[1, 10260] loss: 34868.062
[1, 10280] loss: 62642.427
[1, 10300] loss: 28448.322
[1, 10320] loss: 54084.477
[1, 10340] loss: 22203.326
[1, 10360] loss: 28621.582
[1, 10380] loss: 54003.925
[1, 10400] loss: 33074.039
[1, 10420] loss: 13947.233
[1, 10440] loss: 31914.780
[1, 10460] loss: 27245.959
[1, 10480] loss: 28814.414
[1, 10500] loss: 30268.565
[1, 10520] loss: 21388.883
[1, 10540] loss: 21695.235
[1, 10560] loss: 36761.995
[1, 10580] loss: 36779.988
[1, 10600] loss: 43427.958
[1, 10620] loss: 50532.124
[1, 10640] loss: 23090.853
[1, 10660] loss: 25190.888
[1, 10680] loss: 39647.585
[1, 10700] loss: 29282.875
[1, 10720] loss: 32530.891
[1, 10740] loss: 45029.296
[1, 10760] loss: 16142.843
[1, 10780] loss: 21084.830
[1, 10800] loss: 23498.617
[1, 10820] loss: 19818.236
[1, 10840] loss: 33373.659
[1, 10860] loss: 22644.979
[1, 10880] loss: 22139.778
[1, 10900] loss: 39894.998
[1, 10920] loss: 35859.446
[1, 10940] loss: 16209.511
[1, 10960] loss: 30620.888
[1, 10980] loss: 16640.296
[1, 11000] loss: 20949.044
[1, 11020] loss: 16190.790
[1, 11040] loss: 12276.853
[1, 11060] loss: 13570.147
[1, 11080] loss: 26498.307
[1, 11100] loss: 12412.615
[1, 11120] loss: 23894.078
[1, 11140] loss: 15605.121
[1, 11160] loss: 27804.967
[1, 11180] loss: 28397.811
[1, 11200] loss: 22596.857
[1, 11220] loss: 29907.104
[1, 11240] loss: 12421.116
[1, 11260] loss: 28191.489
[1, 11280] loss: 25719.433
[1, 11300] loss: 21674.995
[1, 11320] loss: 19725.288
[1, 11340] loss: 15258.782
[1, 11360] loss: 22487.292
[1, 11380] loss: 17241.742
[1, 11400] loss: 28523.225
[1, 11420] loss: 17531.200
[1, 11440] loss: 19203.666
[1, 11460] loss: 11669.051
[1, 11480] loss: 22773.303
[1, 11500] loss: 21889.960
[1, 11520] loss: 13368.757
[1, 11540] loss: 25729.161
[1, 11560] loss: 15713.511
[1, 11580] loss: 14709.386
[1, 11600] loss: 26475.120
[1, 11620] loss: 28680.898
[1, 11640] loss: 22471.072
[1, 11660] loss: 17548.173
[1, 11680] loss: 24154.758
[1, 11700] loss: 17215.821
[1, 11720] loss: 25507.943
[1, 11740] loss: 14219.873
[1, 11760] loss: 16355.618
[1, 11780] loss: 17123.769
[1, 11800] loss: 15750.825
[1, 11820] loss: 21613.432
[1, 11840] loss: 24382.494
[1, 11860] loss: 15602.131
[1, 11880] loss: 18555.365
[1, 11900] loss: 20203.819
[1, 11920] loss: 15295.315
[1, 11940] loss: 19525.236
[1, 11960] loss: 15711.269
[1, 11980] loss: 6887.193
[1, 12000] loss: 28735.117
[1, 12020] loss: 23612.315
[1, 12040] loss: 9551.144
[1, 12060] loss: 5044.099
[1, 12080] loss: 22993.549
[1, 12100] loss: 14085.665
[1, 12120] loss: 19753.537
[1, 12140] loss: 20941.834
[1, 12160] loss: 20348.642
[1, 12180] loss: 14492.943
[1, 12200] loss: 18169.416
[1, 12220] loss: 14006.573
[1, 12240] loss: 20176.685
[1, 12260] loss: 16636.835
[1, 12280] loss: 7586.459
[1, 12300] loss: 11315.198
[1, 12320] loss: 16308.668
[1, 12340] loss: 9934.798
[1, 12360] loss: 22093.802
[1, 12380] loss: 17238.868
[1, 12400] loss: 16825.017
[1, 12420] loss: 15571.409
[1, 12440] loss: 12426.257
[1, 12460] loss: 14172.126
[1, 12480] loss: 16103.145
[1, 12500] loss: 11641.695
[1, 12520] loss: 17867.556
[1, 12540] loss: 20955.628
[1, 12560] loss: 12407.261
[1, 12580] loss: 24944.138
[1, 12600] loss: 13493.387
[1, 12620] loss: 11088.245
[1, 12640] loss: 15008.934
[1, 12660] loss: 16223.649
[1, 12680] loss: 13578.370
[1, 12700] loss: 12028.986
[1, 12720] loss: 13189.645
[1, 12740] loss: 17957.421
[1, 12760] loss: 11516.556
[1, 12780] loss: 13190.238
[1, 12800] loss: 13615.324
[1, 12820] loss: 21500.008
[1, 12840] loss: 15618.862
[1, 12860] loss: 26499.077
[1, 12880] loss: 16371.975
[1, 12900] loss: 11586.704
[1, 12920] loss: 16958.721
[1, 12940] loss: 14045.090
[1, 12960] loss: 10116.956
[1, 12980] loss: 17984.199
[1, 13000] loss: 19004.883
[1, 13020] loss: 17302.362
[1, 13040] loss: 18372.318
[1, 13060] loss: 12245.953
[1, 13080] loss: 10061.363
[1, 13100] loss: 21386.112
[1, 13120] loss: 10463.917
[1, 13140] loss: 11423.193
[1, 13160] loss: 10213.054
[1, 13180] loss: 16353.392
[1, 13200] loss: 12208.003
[1, 13220] loss: 14596.815
[1, 13240] loss: 6989.708
[1, 13260] loss: 14087.537
[1, 13280] loss: 9779.158
[1, 13300] loss: 16242.017
[1, 13320] loss: 9853.578
[1, 13340] loss: 6975.252
[1, 13360] loss: 8101.391
[1, 13380] loss: 5306.243
[1, 13400] loss: 5879.191
[1, 13420] loss: 6696.584
[1, 13440] loss: 11965.060
[1, 13460] loss: 11621.923
[1, 13480] loss: 9324.887
[1, 13500] loss: 10610.993
[1, 13520] loss: 15938.351
[1, 13540] loss: 12589.670
[1, 13560] loss: 10886.889
[1, 13580] loss: 10212.087
[1, 13600] loss: 11544.575
[1, 13620] loss: 8234.816
[1, 13640] loss: 6362.845
[1, 13660] loss: 4337.581
[1, 13680] loss: 7694.831
[1, 13700] loss: 12624.400
[1, 13720] loss: 8606.296
[1, 13740] loss: 12272.966
[1, 13760] loss: 9253.419
[1, 13780] loss: 10896.354
[1, 13800] loss: 6017.693
[1, 13820] loss: 6429.454
[1, 13840] loss: 9804.436
[1, 13860] loss: 13651.027
[1, 13880] loss: 10470.678
[1, 13900] loss: 11907.208
[1, 13920] loss: 15302.926
[1, 13940] loss: 12810.507
[1, 13960] loss: 7506.350
[1, 13980] loss: 5050.903
[1, 14000] loss: 11034.786
[1, 14020] loss: 5032.611
[1, 14040] loss: 9018.666
[1, 14060] loss: 6061.773
[1, 14080] loss: 6939.254
[1, 14100] loss: 8011.872
[1, 14120] loss: 3999.513
[1, 14140] loss: 7797.713
[1, 14160] loss: 9633.134
[1, 14180] loss: 7336.531
[1, 14200] loss: 6864.068
[1, 14220] loss: 4740.225
[1, 14240] loss: 5453.378
[1, 14260] loss: 4632.968
[1, 14280] loss: 7780.221
[1, 14300] loss: 4682.808
[1, 14320] loss: 3322.675
[1, 14340] loss: 3579.565
[1, 14360] loss: 3176.355
[1, 14380] loss: 3987.350
[1, 14400] loss: 6303.141
[1, 14420] loss: 3938.684
[1, 14440] loss: 6304.231
[1, 14460] loss: 6999.732
[1, 14480] loss: 11681.255
[1, 14500] loss: 7647.154
[1, 14520] loss: 13393.771
[1, 14540] loss: 8693.645
[1, 14560] loss: 10881.056
[1, 14580] loss: 4908.919
[1, 14600] loss: 6338.400
[1, 14620] loss: 4151.214
[1, 14640] loss: 4857.864
[1, 14660] loss: 6064.960
[1, 14680] loss: 5393.527
[1, 14700] loss: 5506.576
[1, 14720] loss: 3869.802
[1, 14740] loss: 6385.268
[1, 14760] loss: 4591.803
[1, 14780] loss: 3975.388
[1, 14800] loss: 5985.300
[1, 14820] loss: 5275.658
[1, 14840] loss: 5552.289
[1, 14860] loss: 6723.814
[1, 14880] loss: 4167.246
[1, 14900] loss: 4927.572
[1, 14920] loss: 4395.875
[1, 14940] loss: 8569.475
[1, 14960] loss: 8446.178
[1, 14980] loss: 6953.512
[1, 15000] loss: 6631.321
[1, 15020] loss: 3590.603
[1, 15040] loss: 2751.804
[1, 15060] loss: 5520.769
[1, 15080] loss: 3656.835
[1, 15100] loss: 2018.374
[1, 15120] loss: 4273.935
[1, 15140] loss: 5589.720
[1, 15160] loss: 6963.435
[1, 15180] loss: 5765.665
[1, 15200] loss: 5082.055
[1, 15220] loss: 6335.841
[1, 15240] loss: 14362.387
[1, 15260] loss: 8145.580
[1, 15280] loss: 6685.248
[1, 15300] loss: 4806.935
[1, 15320] loss: 5028.690
[1, 15340] loss: 3511.022
[1, 15360] loss: 2585.110
[1, 15380] loss: 3885.290
[1, 15400] loss: 2756.371
[1, 15420] loss: 2733.754
[1, 15440] loss: 3925.446
[1, 15460] loss: 3281.517
[1, 15480] loss: 3067.286
[1, 15500] loss: 5454.859
[1, 15520] loss: 22994.973
[1, 15540] loss: 32556.731
[1, 15560] loss: 6359.687
[1, 15580] loss: 31894.158
[1, 15600] loss: 9932.504
[1, 15620] loss: 3620.160
[1, 15640] loss: 5163.046
[1, 15660] loss: 6465.806
[1, 15680] loss: 2835.883
[1, 15700] loss: 2670.703
[1, 15720] loss: 2754.182
[1, 15740] loss: 2608.426
[1, 15760] loss: 2947.837
[1, 15780] loss: 2447.027
[1, 15800] loss: 5280.311
[1, 15820] loss: 3204.711
[1, 15840] loss: 3258.612
[1, 15860] loss: 5920.096
[1, 15880] loss: 2667.724
[1, 15900] loss: 2447.735
[1, 15920] loss: 2207.845
[1, 15940] loss: 3003.937
[1, 15960] loss: 5785.399
[1, 15980] loss: 11568.414
[1, 16000] loss: 8251.831
[1, 16020] loss: 2177.147
[1, 16040] loss: 2575.568
[1, 16060] loss: 2169.267
[1, 16080] loss: 2896.975
[1, 16100] loss: 5407.076
[1, 16120] loss: 3894.166
[1, 16140] loss: 8510.337
[1, 16160] loss: 4857.157
[1, 16180] loss: 7422.505
[1, 16200] loss: 1572.966
[1, 16220] loss: 2530.111
[1, 16240] loss: 2390.896
[1, 16260] loss: 3072.829
[1, 16280] loss: 3973.474
[1, 16300] loss: 8978.652
[1, 16320] loss: 10532.158
[1, 16340] loss: 7601.151
[1, 16360] loss: 6096.851
[1, 16380] loss: 2633.152
[1, 16400] loss: 2191.401
[1, 16420] loss: 4727.397
[1, 16440] loss: 7816.999
[1, 16460] loss: 1661.627
[1, 16480] loss: 6608.031
[1, 16500] loss: 3521.844
[1, 16520] loss: 1424.155
[1, 16540] loss: 4993.985
[1, 16560] loss: 5082.608
[1, 16580] loss: 1200.081
[1, 16600] loss: 1872.734
[1, 16620] loss: 2464.843
[1, 16640] loss: 1186.082
[1, 16660] loss: 3190.016
[1, 16680] loss: 7649.408
[1, 16700] loss: 28040.809
[1, 16720] loss: 83031.572
[1, 16740] loss: 162927.994
[1, 16760] loss: 47045.135
[1, 16780] loss: 26456.664
[1, 16800] loss: 9453.911
[1, 16820] loss: 8517.761
[1, 16840] loss: 1417.227
[1, 16860] loss: 1105.985
[1, 16880] loss: 764.303
[1, 16900] loss: 1437.902
[1, 16920] loss: 1075.001
[1, 16940] loss: 599.511
[1, 16960] loss: 480.827
[1, 16980] loss: 1023.373
[1, 17000] loss: 496.971
[1, 17020] loss: 624.953
[1, 17040] loss: 1200.116
[1, 17060] loss: 560.157
[1, 17080] loss: 534.850
[1, 17100] loss: 913.931
[1, 17120] loss: 3128.567
[1, 17140] loss: 3894.416
[1, 17160] loss: 1345.645
[1, 17180] loss: 987.759
[1, 17200] loss: 571.672
[1, 17220] loss: 373.672
[1, 17240] loss: 674.116
[1, 17260] loss: 627.519
[1, 17280] loss: 466.855
[1, 17300] loss: 961.662
[1, 17320] loss: 954.832
[1, 17340] loss: 696.308
[1, 17360] loss: 870.344
[1, 17380] loss: 705.303
[1, 17400] loss: 601.204
[1, 17420] loss: 555.597
[1, 17440] loss: 679.006
[1, 17460] loss: 863.967
[1, 17480] loss: 720.191
[1, 17500] loss: 911.213
[1, 17520] loss: 492.958
[1, 17540] loss: 419.913
[1, 17560] loss: 671.513
[1, 17580] loss: 769.220
[1, 17600] loss: 1239.667
[1, 17620] loss: 689.146
[1, 17640] loss: 596.168
[1, 17660] loss: 803.460
[1, 17680] loss: 1966.042
[1, 17700] loss: 1314.142
[1, 17720] loss: 949.592
[1, 17740] loss: 623.506
[1, 17760] loss: 450.861
[1, 17780] loss: 720.557
[1, 17800] loss: 497.698
[1, 17820] loss: 744.440
[1, 17840] loss: 720.854
[1, 17860] loss: 326.453
[1, 17880] loss: 1425.193
[1, 17900] loss: 929.848
[1, 17920] loss: 641.875
[1, 17940] loss: 693.062
[1, 17960] loss: 541.237
[1, 17980] loss: 702.423
[1, 18000] loss: 879.745
[1, 18020] loss: 654.510
[1, 18040] loss: 529.647
[1, 18060] loss: 791.367
[1, 18080] loss: 610.415
[1, 18100] loss: 389.534
[1, 18120] loss: 449.272
[1, 18140] loss: 367.289
[1, 18160] loss: 399.954
[1, 18180] loss: 774.822
[1, 18200] loss: 814.450
[1, 18220] loss: 623.837
[1, 18240] loss: 626.921
[1, 18260] loss: 525.883
[1, 18280] loss: 604.529
[1, 18300] loss: 633.344
[1, 18320] loss: 497.962
[1, 18340] loss: 443.038
[1, 18360] loss: 560.692
[1, 18380] loss: 456.202
[1, 18400] loss: 628.491
[1, 18420] loss: 1061.664
[1, 18440] loss: 1276.054
[1, 18460] loss: 1221.641
[1, 18480] loss: 1810.145
[1, 18500] loss: 1479.946
[1, 18520] loss: 559.257
[1, 18540] loss: 741.339
[1, 18560] loss: 1017.151
[1, 18580] loss: 955.207
[1, 18600] loss: 636.894
[1, 18620] loss: 766.189
[1, 18640] loss: 1729.753
[1, 18660] loss: 814.890
[1, 18680] loss: 906.230
[1, 18700] loss: 1265.053
[1, 18720] loss: 1120.761
[1, 18740] loss: 2323.756
[1, 18760] loss: 958.015
[1, 18780] loss: 619.780
[1, 18800] loss: 683.820
[1, 18820] loss: 932.604
[1, 18840] loss: 339.408
[1, 18860] loss: 744.279
[1, 18880] loss: 483.569
[1, 18900] loss: 443.677
[1, 18920] loss: 925.975
[1, 18940] loss: 1087.737
[1, 18960] loss: 141.783
[1, 18980] loss: 222.521
[1, 19000] loss: 775.821
[1, 19020] loss: 278.619
[1, 19040] loss: 391.057
[1, 19060] loss: 538.980
[1, 19080] loss: 631.012
[1, 19100] loss: 299.148
[1, 19120] loss: 268.815
[1, 19140] loss: 1001.754
[1, 19160] loss: 868.870
[1, 19180] loss: 580.756
[1, 19200] loss: 625.265
[1, 19220] loss: 410.731
[1, 19240] loss: 726.176
[1, 19260] loss: 1042.975
[1, 19280] loss: 853.868
[1, 19300] loss: 443.032
[1, 19320] loss: 952.801
[1, 19340] loss: 580.813
[1, 19360] loss: 827.757
[1, 19380] loss: 1304.526
[1, 19400] loss: 1550.163
[1, 19420] loss: 1528.330
[1, 19440] loss: 1776.503
[1, 19460] loss: 1126.738
[1, 19480] loss: 421.837
[1, 19500] loss: 525.230
[1, 19520] loss: 455.564
[1, 19540] loss: 829.630
[1, 19560] loss: 246.884
[1, 19580] loss: 396.545
[1, 19600] loss: 214.399
[1, 19620] loss: 252.532
[1, 19640] loss: 352.129
[1, 19660] loss: 393.511
[1, 19680] loss: 478.451
[1, 19700] loss: 412.989
[1, 19720] loss: 239.715
[1, 19740] loss: 353.556
[1, 19760] loss: 202.649
[1, 19780] loss: 277.142
[1, 19800] loss: 760.069
[1, 19820] loss: 710.744
[1, 19840] loss: 732.652
[1, 19860] loss: 677.771
[1, 19880] loss: 501.084
[1, 19900] loss: 980.652
[1, 19920] loss: 1101.898
[1, 19940] loss: 1279.257
[1, 19960] loss: 758.927
[1, 19980] loss: 689.503
[1, 20000] loss: 261.467
[1, 20020] loss: 322.961
[1, 20040] loss: 3709.604
[1, 20060] loss: 4669.735
[1, 20080] loss: 8153.356
[1, 20100] loss: 2585.156
[1, 20120] loss: 638.432
[1, 20140] loss: 840.073
[1, 20160] loss: 1030.181
[1, 20180] loss: 323.445
[1, 20200] loss: 274.608
[1, 20220] loss: 176.871
[1, 20240] loss: 113.517
[1, 20260] loss: 142.130
[1, 20280] loss: 88.454
[1, 20300] loss: 430.940
[1, 20320] loss: 216.299
[1, 20340] loss: 248.749
[1, 20360] loss: 204.698
[1, 20380] loss: 186.676
[1, 20400] loss: 166.777
[1, 20420] loss: 79.281
[1, 20440] loss: 83.686
[1, 20460] loss: 112.326
[1, 20480] loss: 231.446
[1, 20500] loss: 148.806
[1, 20520] loss: 89.761
[1, 20540] loss: 149.066
[1, 20560] loss: 139.262
[1, 20580] loss: 162.968
[1, 20600] loss: 270.726
[1, 20620] loss: 143.698
[1, 20640] loss: 70.599
[1, 20660] loss: 98.324
[1, 20680] loss: 319.350
[1, 20700] loss: 307.342
[1, 20720] loss: 156.418
[1, 20740] loss: 135.983
[1, 20760] loss: 235.215
[1, 20780] loss: 140.732
[1, 20800] loss: 119.751
[1, 20820] loss: 78.317
[1, 20840] loss: 87.808
[1, 20860] loss: 84.732
[1, 20880] loss: 133.116
[1, 20900] loss: 188.397
[1, 20920] loss: 151.417
[1, 20940] loss: 454.988
[1, 20960] loss: 768.232
[1, 20980] loss: 335.714
[1, 21000] loss: 404.484
[1, 21020] loss: 402.743
[1, 21040] loss: 664.389
[1, 21060] loss: 183.537
[1, 21080] loss: 121.128
[1, 21100] loss: 156.324
[1, 21120] loss: 485.632
[1, 21140] loss: 538.004
[1, 21160] loss: 877.120
[1, 21180] loss: 1900.477
[1, 21200] loss: 733.278
[1, 21220] loss: 197.316
[1, 21240] loss: 200.749
[1, 21260] loss: 128.635
[1, 21280] loss: 194.564
[1, 21300] loss: 69.279
[1, 21320] loss: 105.751
[1, 21340] loss: 75.123
[1, 21360] loss: 258.582
[1, 21380] loss: 99.374
[1, 21400] loss: 45.403
[1, 21420] loss: 56.692
[1, 21440] loss: 90.059
[1, 21460] loss: 60.681
[1, 21480] loss: 228.178
[1, 21500] loss: 75.064
[1, 21520] loss: 124.517
[1, 21540] loss: 113.479
[1, 21560] loss: 696.966
[1, 21580] loss: 774.906
[1, 21600] loss: 149.840
[1, 21620] loss: 100.036
[1, 21640] loss: 104.213
[1, 21660] loss: 82.867
[1, 21680] loss: 45.501
[1, 21700] loss: 83.283
[1, 21720] loss: 111.230
[1, 21740] loss: 226.887
[1, 21760] loss: 162.441
[1, 21780] loss: 200.469
[1, 21800] loss: 143.944
[1, 21820] loss: 168.721
[1, 21840] loss: 159.679
[1, 21860] loss: 161.750
[1, 21880] loss: 144.986
[1, 21900] loss: 105.165
[1, 21920] loss: 145.052
[1, 21940] loss: 137.938
[1, 21960] loss: 73.766
[1, 21980] loss: 70.652
[1, 22000] loss: 85.328
[1, 22020] loss: 364.276
[1, 22040] loss: 340.490
[1, 22060] loss: 354.924
[1, 22080] loss: 351.447
[1, 22100] loss: 379.959
[1, 22120] loss: 105.097
[1, 22140] loss: 293.777
[1, 22160] loss: 358.335
[1, 22180] loss: 156.105
[1, 22200] loss: 183.009
[1, 22220] loss: 191.758
[1, 22240] loss: 119.865
[1, 22260] loss: 42.066
[1, 22280] loss: 64.826
[1, 22300] loss: 53.212
[1, 22320] loss: 55.139
[1, 22340] loss: 32.875
[1, 22360] loss: 67.440
[1, 22380] loss: 29.947
[1, 22400] loss: 92.958
[1, 22420] loss: 68.263
[1, 22440] loss: 90.301
[1, 22460] loss: 56.669
[1, 22480] loss: 131.905
[1, 22500] loss: 62.885
[1, 22520] loss: 44.236
[1, 22540] loss: 132.971
[1, 22560] loss: 146.919
[1, 22580] loss: 64.352
[1, 22600] loss: 55.354
[1, 22620] loss: 58.888
[1, 22640] loss: 44.570
[1, 22660] loss: 58.092
[1, 22680] loss: 50.175
[1, 22700] loss: 88.351
[1, 22720] loss: 75.223
[1, 22740] loss: 64.956
[1, 22760] loss: 85.125
[1, 22780] loss: 27.976
[1, 22800] loss: 36.792
[1, 22820] loss: 60.987
[1, 22840] loss: 53.424
[1, 22860] loss: 149.806
[1, 22880] loss: 686.531
[1, 22900] loss: 311.385
[1, 22920] loss: 41.050
[1, 22940] loss: 207.862
[1, 22960] loss: 233.836
[1, 22980] loss: 175.910
[1, 23000] loss: 149.292
[1, 23020] loss: 118.017
[1, 23040] loss: 75.020
[1, 23060] loss: 86.864
[1, 23080] loss: 86.341
[1, 23100] loss: 64.196
[1, 23120] loss: 33.334
[1, 23140] loss: 34.118
[1, 23160] loss: 57.349
[1, 23180] loss: 43.691
[1, 23200] loss: 195.210
[1, 23220] loss: 207.893
[1, 23240] loss: 232.627
[1, 23260] loss: 230.575
[1, 23280] loss: 170.649
[1, 23300] loss: 214.283
[1, 23320] loss: 65.199
[1, 23340] loss: 61.738
[1, 23360] loss: 126.513
[1, 23380] loss: 225.507
[1, 23400] loss: 64.193
[1, 23420] loss: 25.928
[1, 23440] loss: 40.237
[1, 23460] loss: 79.140
[1, 23480] loss: 28.030
[1, 23500] loss: 50.007
[1, 23520] loss: 38.330
[1, 23540] loss: 45.088
[1, 23560] loss: 45.435
[1, 23580] loss: 442.665
[1, 23600] loss: 466.415
[1, 23620] loss: 599.400
[1, 23640] loss: 118.615
[1, 23660] loss: 134.697
[1, 23680] loss: 76.843
[1, 23700] loss: 36.649
[1, 23720] loss: 70.105
[1, 23740] loss: 232.632
[1, 23760] loss: 378.067
[1, 23780] loss: 73.196
[1, 23800] loss: 67.309
[1, 23820] loss: 66.979
[1, 23840] loss: 128.472
[1, 23860] loss: 83.103
[1, 23880] loss: 143.659
[1, 23900] loss: 87.608
[1, 23920] loss: 36.671
[1, 23940] loss: 19.497
[1, 23960] loss: 24.970
[1, 23980] loss: 41.147
[1, 24000] loss: 33.517
[1, 24020] loss: 16.125
[1, 24040] loss: 12.912
[1, 24060] loss: 9.833
[1, 24080] loss: 30.213
[1, 24100] loss: 63.958
[1, 24120] loss: 49.909
[1, 24140] loss: 17.754
[1, 24160] loss: 16.306
[1, 24180] loss: 14.362
[1, 24200] loss: 11.901
[1, 24220] loss: 35.032
[1, 24240] loss: 34.690
[1, 24260] loss: 42.177
[1, 24280] loss: 34.444
[1, 24300] loss: 45.878
[1, 24320] loss: 49.152
[1, 24340] loss: 31.537
[1, 24360] loss: 54.787
[1, 24380] loss: 93.381
[1, 24400] loss: 62.698
[1, 24420] loss: 19.464
[1, 24440] loss: 25.324
[1, 24460] loss: 41.151
[1, 24480] loss: 43.378
[1, 24500] loss: 49.865
[1, 24520] loss: 47.847
[1, 24540] loss: 52.465
[1, 24560] loss: 32.804
[1, 24580] loss: 39.527
[1, 24600] loss: 44.574
[1, 24620] loss: 93.728
[1, 24640] loss: 113.790
[1, 24660] loss: 60.451
[1, 24680] loss: 84.558
[1, 24700] loss: 65.902
[1, 24720] loss: 39.373
[1, 24740] loss: 24.233
[1, 24760] loss: 31.906
[1, 24780] loss: 27.687
[1, 24800] loss: 42.979
[1, 24820] loss: 157.851
[1, 24840] loss: 365.398
[1, 24860] loss: 469.548
[1, 24880] loss: 748.343
[1, 24900] loss: 8805.926
[1, 24920] loss: 198506.075
[1, 24940] loss: 3114.053
[1, 24960] loss: 2210.605
[1, 24980] loss: 674.698
[1, 25000] loss: 829.943
[1, 25020] loss: 317.622
[1, 25040] loss: 134.589
[1, 25060] loss: 78.334
[1, 25080] loss: 64.834
[1, 25100] loss: 57.421
[1, 25120] loss: 39.602
[1, 25140] loss: 75.938
[1, 25160] loss: 92.037
[1, 25180] loss: 93.126
[1, 25200] loss: 42.130
[1, 25220] loss: 40.143
[1, 25240] loss: 18.554
[1, 25260] loss: 50.170
[1, 25280] loss: 34.816
[1, 25300] loss: 29.549
[1, 25320] loss: 23.426
[1, 25340] loss: 33.309
[1, 25360] loss: 36.990
[1, 25380] loss: 38.739
[1, 25400] loss: 21.264
[1, 25420] loss: 21.399
[1, 25440] loss: 44.838
[1, 25460] loss: 14.772
[1, 25480] loss: 9.848
[1, 25500] loss: 8.908
[1, 25520] loss: 22.892
[1, 25540] loss: 13.040
[1, 25560] loss: 22.755
[1, 25580] loss: 31.370
[1, 25600] loss: 21.820
[1, 25620] loss: 21.394
[1, 25640] loss: 21.532
[1, 25660] loss: 16.463
[1, 25680] loss: 48.272
[1, 25700] loss: 38.943
[1, 25720] loss: 24.751
[1, 25740] loss: 22.154
[1, 25760] loss: 20.667
[1, 25780] loss: 37.604
[1, 25800] loss: 13.562
[1, 25820] loss: 11.053
[1, 25840] loss: 12.704
[1, 25860] loss: 13.094
[1, 25880] loss: 11.724
[1, 25900] loss: 13.874
[1, 25920] loss: 13.520
[1, 25940] loss: 10.754
[1, 25960] loss: 9.806
[1, 25980] loss: 12.538
[1, 26000] loss: 18.221
[1, 26020] loss: 7.425
[1, 26040] loss: 7.378
[1, 26060] loss: 10.629
[1, 26080] loss: 12.281
[1, 26100] loss: 14.174
[1, 26120] loss: 9.327
[1, 26140] loss: 15.859
[1, 26160] loss: 14.100
[1, 26180] loss: 15.509
[1, 26200] loss: 9.726
[1, 26220] loss: 7.722
[1, 26240] loss: 13.938
[1, 26260] loss: 18.842
[1, 26280] loss: 5.597
[1, 26300] loss: 6.604
[1, 26320] loss: 7.926
[1, 26340] loss: 8.089
[1, 26360] loss: 6.217
[1, 26380] loss: 19.176
[1, 26400] loss: 13.736
[1, 26420] loss: 5.040
[1, 26440] loss: 6.667
[1, 26460] loss: 5.220
[1, 26480] loss: 9.572
[1, 26500] loss: 9.621
[1, 26520] loss: 18.671
[1, 26540] loss: 4.513
[1, 26560] loss: 6.876
[1, 26580] loss: 12.408
[1, 26600] loss: 10.638
[1, 26620] loss: 10.247
[1, 26640] loss: 10.045
[1, 26660] loss: 9.276
[1, 26680] loss: 6.400
[1, 26700] loss: 12.921
[1, 26720] loss: 13.317
[1, 26740] loss: 12.861
[1, 26760] loss: 5.372
[1, 26780] loss: 12.093
[1, 26800] loss: 5.836
[1, 26820] loss: 4.047
[1, 26840] loss: 3.167
[1, 26860] loss: 5.901
[1, 26880] loss: 7.681
[1, 26900] loss: 19.196
[1, 26920] loss: 8.066
[1, 26940] loss: 10.537
[1, 26960] loss: 17.784
[1, 26980] loss: 8.494
[1, 27000] loss: 8.111
[1, 27020] loss: 3.875
[1, 27040] loss: 3.997
[1, 27060] loss: 6.829
[1, 27080] loss: 7.764
[1, 27100] loss: 2.494
[1, 27120] loss: 2.786
[1, 27140] loss: 4.911
[1, 27160] loss: 6.393
[1, 27180] loss: 4.950
[1, 27200] loss: 5.611
[1, 27220] loss: 6.054
[1, 27240] loss: 4.425
[1, 27260] loss: 3.517
[1, 27280] loss: 3.972
[1, 27300] loss: 2.694
[1, 27320] loss: 7.317
[1, 27340] loss: 3.666
[1, 27360] loss: 3.526
[1, 27380] loss: 2.360
[1, 27400] loss: 3.915
[1, 27420] loss: 7.766
[1, 27440] loss: 6.363
[1, 27460] loss: 4.816
[1, 27480] loss: 7.028
[1, 27500] loss: 6.292
[1, 27520] loss: 10.679
[1, 27540] loss: 20.224
[1, 27560] loss: 3.167
[1, 27580] loss: 4.906
[1, 27600] loss: 9.666
[1, 27620] loss: 3.740
[1, 27640] loss: 4.024
[1, 27660] loss: 6.474
[1, 27680] loss: 1.394
[1, 27700] loss: 3.565
[1, 27720] loss: 4.153
[1, 27740] loss: 3.388
[1, 27760] loss: 4.418
[1, 27780] loss: 4.663
[1, 27800] loss: 5.079
[1, 27820] loss: 4.980
[1, 27840] loss: 3.066
[1, 27860] loss: 4.985
[1, 27880] loss: 8.076
[1, 27900] loss: 9.186
[1, 27920] loss: 2.720
[1, 27940] loss: 1.604
[1, 27960] loss: 1.417
[1, 27980] loss: 2.301
[1, 28000] loss: 2.203
[1, 28020] loss: 3.626
[1, 28040] loss: 2.636
[1, 28060] loss: 4.919
[1, 28080] loss: 2.318
[1, 28100] loss: 2.420
[1, 28120] loss: 2.087
[1, 28140] loss: 4.439
[1, 28160] loss: 3.478
[1, 28180] loss: 7.016
[1, 28200] loss: 3.352
[1, 28220] loss: 2.092
[1, 28240] loss: 1.933
[1, 28260] loss: 5.723
[1, 28280] loss: 9.685
[1, 28300] loss: 28.341
[1, 28320] loss: 26.188
[1, 28340] loss: 9.186
[1, 28360] loss: 3.396
[1, 28380] loss: 7.742
[1, 28400] loss: 5.136
[1, 28420] loss: 2.186
[1, 28440] loss: 2.849
[1, 28460] loss: 7.001
[1, 28480] loss: 3.177
[1, 28500] loss: 2.393
[1, 28520] loss: 2.004
[1, 28540] loss: 1.484
[1, 28560] loss: 1.604
[1, 28580] loss: 1.420
[1, 28600] loss: 2.288
[1, 28620] loss: 2.548
[1, 28640] loss: 2.805
[1, 28660] loss: 1.875
[1, 28680] loss: 0.765
[1, 28700] loss: 2.599
[1, 28720] loss: 2.029
[1, 28740] loss: 1.359
[1, 28760] loss: 0.782
[1, 28780] loss: 2.271
[1, 28800] loss: 1.226
[1, 28820] loss: 1.168
[1, 28840] loss: 3.288
[1, 28860] loss: 5.900
[1, 28880] loss: 2.131
[1, 28900] loss: 1.993
[1, 28920] loss: 1.403
[1, 28940] loss: 0.790
[1, 28960] loss: 1.427
[1, 28980] loss: 1.973
[1, 29000] loss: 2.045
[1, 29020] loss: 12.053
[1, 29040] loss: 4.271
[1, 29060] loss: 6.006
[1, 29080] loss: 15.835
[1, 29100] loss: 6.035
[1, 29120] loss: 4.489
[1, 29140] loss: 2.895
[1, 29160] loss: 1.102
[1, 29180] loss: 0.896
[1, 29200] loss: 9.014
[1, 29220] loss: 7.715
[1, 29240] loss: 3.230
[1, 29260] loss: 1.550
[1, 29280] loss: 2.751
[1, 29300] loss: 3.162
[1, 29320] loss: 1.582
[1, 29340] loss: 1.296
[1, 29360] loss: 0.770
[1, 29380] loss: 2.813
[1, 29400] loss: 1.487
[1, 29420] loss: 0.534
[1, 29440] loss: 1.545
[1, 29460] loss: 1.867
[1, 29480] loss: 0.693
[1, 29500] loss: 1.939
[1, 29520] loss: 2.031
[1, 29540] loss: 1.028
[1, 29560] loss: 0.572
[1, 29580] loss: 5.314
[1, 29600] loss: 15.152
[1, 29620] loss: 9.653
[1, 29640] loss: 3.785
[1, 29660] loss: 2.843
[1, 29680] loss: 0.924
[1, 29700] loss: 1.542
[1, 29720] loss: 6.418
[1, 29740] loss: 6.879
[1, 29760] loss: 7.717
[1, 29780] loss: 5.349
[1, 29800] loss: 2.611
[1, 29820] loss: 1.877
[1, 29840] loss: 1.723
[1, 29860] loss: 5.139
[1, 29880] loss: 4.148
[1, 29900] loss: 3.807
[1, 29920] loss: 9.972
[1, 29940] loss: 5.166
[1, 29960] loss: 2.880
[1, 29980] loss: 6.744
[1, 30000] loss: 2.915
[1, 30020] loss: 6.119
[1, 30040] loss: 2.396
[1, 30060] loss: 1.987
[1, 30080] loss: 1.684
[1, 30100] loss: 1.761
[1, 30120] loss: 1.186
[1, 30140] loss: 2.191
[1, 30160] loss: 4.159
[1, 30180] loss: 2.871
[1, 30200] loss: 1.400
[1, 30220] loss: 1.844
[1, 30240] loss: 5.063
[1, 30260] loss: 31.126
[1, 30280] loss: 29.242
[1, 30300] loss: 153.036
[1, 30320] loss: 110.902
[1, 30340] loss: 17.367
[1, 30360] loss: 18.568
[1, 30380] loss: 12.045
[1, 30400] loss: 3.333
[1, 30420] loss: 1.522
[1,    20] loss: 0.324
[1,    40] loss: 1.000
[1,    60] loss: 1.047
[1,    80] loss: 1.392
[1,   100] loss: 1.511
[1,   120] loss: 1.813
[1,   140] loss: 1.876
[1,   160] loss: 1.658
[1,   180] loss: 1.501
[1,   200] loss: 1.416
[1,   220] loss: 1.376
[1,   240] loss: 1.329
[1,   260] loss: 1.287
[1,   280] loss: 1.250
[1,   300] loss: 1.232
[1,   320] loss: 1.200
[1,   340] loss: 1.158
[1,   360] loss: 1.148
[1,   380] loss: 1.160
[1,   400] loss: 1.132
[1,   420] loss: 1.129
[1,   440] loss: 1.117
[1,   460] loss: 1.088
[1,   480] loss: 1.048
[1,   500] loss: 1.028
[1,   520] loss: 1.024
[1,   540] loss: 0.995
[1,   560] loss: 0.959
[1,   580] loss: 0.931
[1,   600] loss: 0.920
[1,   620] loss: 0.904
[1,   640] loss: 0.878
[1,   660] loss: 0.856
[1,   680] loss: 0.832
[1,   700] loss: 0.809
[1,   720] loss: 0.786
[1,   740] loss: 0.765
[1,   760] loss: 0.745
[1,   780] loss: 0.726
[1,   800] loss: 0.708
[1,   820] loss: 0.694
[1,   840] loss: 0.679
[1,   860] loss: 0.664
[1,   880] loss: 0.649
[1,   900] loss: 0.635
[1,   920] loss: 0.622
[1,   940] loss: 0.609
[1,   960] loss: 0.596
[1,   980] loss: 0.584
[1,  1000] loss: 0.575
[1,  1020] loss: 0.565
[1,  1040] loss: 0.555
[1,  1060] loss: 0.547
[1,  1080] loss: 0.538
[1,  1100] loss: 0.545
[1,  1120] loss: 0.568
[1,  1140] loss: 0.570
[1,  1160] loss: 0.564
[1,  1180] loss: 0.556
[1,  1200] loss: 0.551
[1,  1220] loss: 0.547
[1,  1240] loss: 0.540
[1,  1260] loss: 0.531
[1,  1280] loss: 0.523
[1,  1300] loss: 0.520
[1,  1320] loss: 0.517
[1,  1340] loss: 0.514
[1,  1360] loss: 0.511
[1,  1380] loss: 0.509
[1,  1400] loss: 0.510
[1,  1420] loss: 0.509
[1,  1440] loss: 0.507
[1,  1460] loss: 0.504
[1,  1480] loss: 0.502
[1,  1500] loss: 0.498
[1,  1520] loss: 0.494
[1,  1540] loss: 0.490
[1,  1560] loss: 0.487
[1,  1580] loss: 0.484
[1,  1600] loss: 0.479
[1,  1620] loss: 0.474
[1,  1640] loss: 0.469
[1,  1660] loss: 0.464
[1,  1680] loss: 0.461
[1,  1700] loss: 0.457
[1,  1720] loss: 0.454
[1,  1740] loss: 0.450
[1,  1760] loss: 0.446
[1,  1780] loss: 0.441
[1,  1800] loss: 0.437
[1,  1820] loss: 0.433
[1,  1840] loss: 0.430
[1,  1860] loss: 0.427
[1,  1880] loss: 0.423
[1,  1900] loss: 0.419
[1,  1920] loss: 0.415
[1,  1940] loss: 0.411
[1,  1960] loss: 0.408
[1,  1980] loss: 0.408
[1,  2000] loss: 0.412
[1,  2020] loss: 0.414
[1,  2040] loss: 0.411
[1,  2060] loss: 0.410
[1,  2080] loss: 0.406
[1,  2100] loss: 0.403
[1,  2120] loss: 0.401
[1,  2140] loss: 0.398
[1,  2160] loss: 0.394
[1,  2180] loss: 0.391
[1,  2200] loss: 0.387
[1,  2220] loss: 0.385
[1,  2240] loss: 0.383
[1,  2260] loss: 0.380
[1,  2280] loss: 0.381
[1,  2300] loss: 0.385
[1,  2320] loss: 0.390
[1,  2340] loss: 0.389
[1,  2360] loss: 0.387
[1,  2380] loss: 0.385
[1,  2400] loss: 0.390
[1,  2420] loss: 0.388
[1,  2440] loss: 0.386
[1,  2460] loss: 0.383
[1,  2480] loss: 0.380
[1,  2500] loss: 0.380
[1,  2520] loss: 0.380
[1,  2540] loss: 0.378
[1,  2560] loss: 0.375
[1,  2580] loss: 0.373
[1,  2600] loss: 0.371
[1,  2620] loss: 0.370
[1,  2640] loss: 0.370
[1,  2660] loss: 0.368
[1,  2680] loss: 0.367
[1,  2700] loss: 0.366
[1,  2720] loss: 0.364
[1,  2740] loss: 0.368
[1,  2760] loss: 0.368
[1,  2780] loss: 0.366
[1,  2800] loss: 0.365
[1,  2820] loss: 0.363
[1,  2840] loss: 0.360
[1,  2860] loss: 0.358
[1,  2880] loss: 0.356
[1,  2900] loss: 0.354
[1,  2920] loss: 0.351
[1,  2940] loss: 0.349
[1,  2960] loss: 0.349
[1,  2980] loss: 0.348
[1,  3000] loss: 0.345
[1,  3020] loss: 0.343
[1,  3040] loss: 0.345
[1,  3060] loss: 0.354
[1,  3080] loss: 0.359
[1,  3100] loss: 0.361
[1,  3120] loss: 0.364
[1,  3140] loss: 0.370
[1,  3160] loss: 0.379
[1,  3180] loss: 0.384
[1,  3200] loss: 0.391
[1,  3220] loss: 0.395
[1,  3240] loss: 0.402
[1,  3260] loss: 0.402
[1,  3280] loss: 0.405
[1,  3300] loss: 0.404
[1,  3320] loss: 0.403
[1,  3340] loss: 0.403
[1,  3360] loss: 0.408
