cuda:  6
color_space: YCbCr
batch_size: 1
num_epcochs: 1
learning_rate: 0.001
[1,    20] loss: 0.077
[1,    40] loss: 0.097
[1,    60] loss: 0.051
[1,    80] loss: 0.009
[1,   100] loss: 0.056
[1,   120] loss: 0.018
[1,   140] loss: 0.057
[1,   160] loss: 0.025
[1,   180] loss: 0.108
[1,   200] loss: 0.056
[1,   220] loss: 0.117
[1,   240] loss: 0.153
[1,   260] loss: 3.215
[1,   280] loss: 2688.976
[1,   300] loss: 7543.965
[1,   320] loss: 281.221
[1,   340] loss: 121.058
[1,   360] loss: 13.834
[1,   380] loss: 4.009
[1,   400] loss: 6.471
[1,   420] loss: 2.036
[1,   440] loss: 2.590
[1,   460] loss: 4.583
[1,   480] loss: 1.413
[1,   500] loss: 1.362
[1,   520] loss: 0.628
[1,   540] loss: 0.440
[1,   560] loss: 0.266
[1,   580] loss: 0.807
[1,   600] loss: 0.367
[1,   620] loss: 0.350
[1,   640] loss: 0.523
[1,   660] loss: 0.397
[1,   680] loss: 0.459
[1,   700] loss: 0.291
[1,   720] loss: 0.221
[1,   740] loss: 0.531
[1,   760] loss: 0.986
[1,   780] loss: 0.271
[1,   800] loss: 0.307
[1,   820] loss: 0.478
[1,   840] loss: 0.227
[1,   860] loss: 0.311
[1,   880] loss: 0.485
[1,   900] loss: 0.412
[1,   920] loss: 0.088
[1,   940] loss: 0.336
[1,   960] loss: 1.016
[1,   980] loss: 0.371
[1,  1000] loss: 0.383
[1,  1020] loss: 0.175
[1,  1040] loss: 0.460
[1,  1060] loss: 0.160
[1,  1080] loss: 0.312
[1,  1100] loss: 0.285
[1,  1120] loss: 0.105
[1,  1140] loss: 0.361
[1,  1160] loss: 0.198
[1,  1180] loss: 0.108
[1,  1200] loss: 0.231
[1,  1220] loss: 0.152
[1,  1240] loss: 0.121
[1,  1260] loss: 0.227
[1,  1280] loss: 0.228
[1,  1300] loss: 0.314
[1,  1320] loss: 0.181
[1,  1340] loss: 0.220
[1,  1360] loss: 0.219
[1,  1380] loss: 0.350
[1,  1400] loss: 0.428
[1,  1420] loss: 0.665
[1,  1440] loss: 0.785
[1,  1460] loss: 0.353
[1,  1480] loss: 0.319
[1,  1500] loss: 0.210
[1,  1520] loss: 0.555
[1,  1540] loss: 0.435
[1,  1560] loss: 0.392
[1,  1580] loss: 0.415
[1,  1600] loss: 1.464
[1,  1620] loss: 1.400
[1,  1640] loss: 0.718
[1,  1660] loss: 0.622
[1,  1680] loss: 0.295
[1,  1700] loss: 0.373
[1,  1720] loss: 0.057
[1,  1740] loss: 0.102
[1,  1760] loss: 0.140
[1,  1780] loss: 0.194
[1,  1800] loss: 0.181
[1,  1820] loss: 0.247
[1,  1840] loss: 0.184
[1,  1860] loss: 0.166
[1,  1880] loss: 0.134
[1,  1900] loss: 0.128
[1,  1920] loss: 0.221
[1,  1940] loss: 0.224
[1,  1960] loss: 0.143
[1,  1980] loss: 0.267
[1,  2000] loss: 0.265
[1,  2020] loss: 0.148
[1,  2040] loss: 0.075
[1,  2060] loss: 0.234
[1,  2080] loss: 0.618
[1,  2100] loss: 0.672
[1,  2120] loss: 0.261
[1,  2140] loss: 0.051
[1,  2160] loss: 0.183
[1,  2180] loss: 0.104
[1,  2200] loss: 0.477
[1,  2220] loss: 0.178
[1,  2240] loss: 0.073
[1,  2260] loss: 0.119
[1,  2280] loss: 0.067
[1,  2300] loss: 0.241
[1,  2320] loss: 0.077
[1,  2340] loss: 0.123
[1,  2360] loss: 0.238
[1,  2380] loss: 0.242
[1,  2400] loss: 0.641
[1,  2420] loss: 0.925
[1,  2440] loss: 0.118
[1,  2460] loss: 0.380
[1,  2480] loss: 0.108
[1,  2500] loss: 0.097
[1,  2520] loss: 0.100
[1,  2540] loss: 0.267
[1,  2560] loss: 0.438
[1,  2580] loss: 0.172
[1,  2600] loss: 0.134
[1,  2620] loss: 0.121
[1,  2640] loss: 0.232
[1,  2660] loss: 0.377
[1,  2680] loss: 1.165
[1,  2700] loss: 0.390
[1,  2720] loss: 0.419
[1,  2740] loss: 3.599
[1,  2760] loss: 1.206
[1,  2780] loss: 0.293
[1,  2800] loss: 0.555
[1,  2820] loss: 0.268
[1,  2840] loss: 0.153
[1,  2860] loss: 0.114
[1,  2880] loss: 0.118
[1,  2900] loss: 0.072
[1,  2920] loss: 0.112
[1,  2940] loss: 0.039
[1,  2960] loss: 0.107
[1,  2980] loss: 0.241
[1,  3000] loss: 0.183
[1,  3020] loss: 0.197
[1,  3040] loss: 0.159
[1,  3060] loss: 0.099
[1,  3080] loss: 0.102
[1,  3100] loss: 0.108
[1,  3120] loss: 0.100
[1,  3140] loss: 0.212
[1,  3160] loss: 0.142
[1,  3180] loss: 0.187
[1,  3200] loss: 0.210
[1,  3220] loss: 0.094
[1,  3240] loss: 0.076
[1,  3260] loss: 0.050
[1,  3280] loss: 0.036
[1,  3300] loss: 0.187
[1,  3320] loss: 0.143
[1,  3340] loss: 0.309
[1,  3360] loss: 0.268
[1,  3380] loss: 0.065
[1,  3400] loss: 0.111
[1,  3420] loss: 0.102
[1,  3440] loss: 0.178
[1,  3460] loss: 0.114
[1,  3480] loss: 0.076
[1,  3500] loss: 0.388
[1,  3520] loss: 0.215
[1,  3540] loss: 0.137
[1,  3560] loss: 0.161
[1,  3580] loss: 0.070
[1,  3600] loss: 0.065
[1,  3620] loss: 0.024
[1,  3640] loss: 0.125
[1,  3660] loss: 0.064
[1,  3680] loss: 0.057
[1,  3700] loss: 0.241
[1,  3720] loss: 1.493
[1,  3740] loss: 1.300
[1,  3760] loss: 0.908
[1,  3780] loss: 0.215
[1,  3800] loss: 0.101
[1,  3820] loss: 0.049
[1,  3840] loss: 0.104
[1,  3860] loss: 0.149
[1,  3880] loss: 0.077
[1,  3900] loss: 0.089
[1,  3920] loss: 0.103
[1,  3940] loss: 0.076
[1,  3960] loss: 0.048
[1,  3980] loss: 0.127
[1,  4000] loss: 0.060
[1,  4020] loss: 0.042
[1,  4040] loss: 0.035
[1,  4060] loss: 0.201
[1,  4080] loss: 0.116
[1,  4100] loss: 0.041
[1,  4120] loss: 0.066
[1,  4140] loss: 0.047
[1,  4160] loss: 0.137
[1,  4180] loss: 0.160
[1,  4200] loss: 0.133
[1,  4220] loss: 0.055
[1,  4240] loss: 0.068
[1,  4260] loss: 0.114
[1,  4280] loss: 0.071
[1,  4300] loss: 0.064
[1,  4320] loss: 0.311
[1,  4340] loss: 0.108
[1,  4360] loss: 0.536
[1,  4380] loss: 0.086
[1,  4400] loss: 0.065
[1,  4420] loss: 0.345
[1,  4440] loss: 0.104
[1,  4460] loss: 0.191
[1,  4480] loss: 0.084
[1,  4500] loss: 0.217
[1,  4520] loss: 0.094
[1,  4540] loss: 0.062
[1,  4560] loss: 0.095
[1,  4580] loss: 0.142
[1,  4600] loss: 0.109
[1,  4620] loss: 0.085
[1,  4640] loss: 0.149
[1,  4660] loss: 0.441
[1,  4680] loss: 0.520
[1,  4700] loss: 0.259
[1,  4720] loss: 0.241
[1,  4740] loss: 0.327
[1,  4760] loss: 0.124
[1,  4780] loss: 0.059
[1,  4800] loss: 0.262
[1,  4820] loss: 0.122
[1,  4840] loss: 0.049
[1,  4860] loss: 0.119
[1,  4880] loss: 0.129
[1,  4900] loss: 0.262
[1,  4920] loss: 0.059
[1,  4940] loss: 0.111
[1,  4960] loss: 0.225
[1,  4980] loss: 0.058
[1,  5000] loss: 0.103
[1,  5020] loss: 0.062
[1,  5040] loss: 0.130
[1,  5060] loss: 0.196
[1,  5080] loss: 0.146
[1,  5100] loss: 0.079
[1,  5120] loss: 0.117
[1,  5140] loss: 0.043
[1,  5160] loss: 0.028
[1,  5180] loss: 0.054
[1,  5200] loss: 0.218
[1,  5220] loss: 0.136
[1,  5240] loss: 0.170
[1,  5260] loss: 0.142
[1,  5280] loss: 0.245
[1,  5300] loss: 0.086
[1,  5320] loss: 0.027
[1,  5340] loss: 0.172
[1,  5360] loss: 0.097
[1,  5380] loss: 0.117
[1,  5400] loss: 0.078
[1,  5420] loss: 0.399
[1,  5440] loss: 0.223
[1,  5460] loss: 0.031
[1,  5480] loss: 0.133
[1,  5500] loss: 0.095
[1,  5520] loss: 0.134
[1,  5540] loss: 0.093
[1,  5560] loss: 0.163
[1,  5580] loss: 0.028
[1,  5600] loss: 0.209
[1,  5620] loss: 0.170
[1,  5640] loss: 0.165
[1,  5660] loss: 0.116
[1,  5680] loss: 0.082
[1,  5700] loss: 0.154
[1,  5720] loss: 0.034
[1,  5740] loss: 0.210
[1,  5760] loss: 0.096
[1,  5780] loss: 0.198
[1,  5800] loss: 0.146
[1,  5820] loss: 0.164
[1,  5840] loss: 0.049
[1,  5860] loss: 0.317
[1,  5880] loss: 0.556
[1,  5900] loss: 0.490
[1,  5920] loss: 0.152
[1,  5940] loss: 0.049
[1,  5960] loss: 0.160
[1,  5980] loss: 0.082
[1,  6000] loss: 0.081
[1,  6020] loss: 0.020
[1,  6040] loss: 0.134
[1,  6060] loss: 0.178
[1,  6080] loss: 0.160
[1,  6100] loss: 0.087
[1,  6120] loss: 0.074
[1,  6140] loss: 0.026
[1,  6160] loss: 0.263
[1,  6180] loss: 0.095
[1,  6200] loss: 0.124
[1,  6220] loss: 0.072
[1,  6240] loss: 0.038
[1,  6260] loss: 0.038
[1,  6280] loss: 0.043
[1,  6300] loss: 0.064
[1,  6320] loss: 0.074
[1,  6340] loss: 0.131
[1,  6360] loss: 0.371
[1,  6380] loss: 0.167
[1,  6400] loss: 0.023
[1,  6420] loss: 0.059
[1,  6440] loss: 0.087
[1,  6460] loss: 0.063
[1,  6480] loss: 0.269
[1,  6500] loss: 0.151
[1,  6520] loss: 0.089
[1,  6540] loss: 0.037
[1,  6560] loss: 0.103
[1,  6580] loss: 0.070
[1,  6600] loss: 0.010
[1,  6620] loss: 0.081
[1,  6640] loss: 0.515
[1,  6660] loss: 0.812
[1,  6680] loss: 0.234
[1,  6700] loss: 0.130
[1,  6720] loss: 0.113
[1,  6740] loss: 0.128
[1,  6760] loss: 0.051
[1,  6780] loss: 0.188
[1,  6800] loss: 0.066
[1,  6820] loss: 0.098
[1,  6840] loss: 0.059
[1,  6860] loss: 0.071
[1,  6880] loss: 0.014
[1,  6900] loss: 0.130
[1,  6920] loss: 0.051
[1,  6940] loss: 0.110
[1,  6960] loss: 0.109
[1,  6980] loss: 0.100
[1,  7000] loss: 0.078
[1,  7020] loss: 0.086
[1,  7040] loss: 0.098
[1,  7060] loss: 0.038
[1,  7080] loss: 0.025
[1,  7100] loss: 0.155
[1,  7120] loss: 0.022
[1,  7140] loss: 0.027
[1,  7160] loss: 0.094
[1,  7180] loss: 0.105
[1,  7200] loss: 0.122
[1,  7220] loss: 0.134
[1,  7240] loss: 0.066
[1,  7260] loss: 0.163
[1,  7280] loss: 0.069
[1,  7300] loss: 0.038
[1,  7320] loss: 0.029
[1,  7340] loss: 0.100
[1,  7360] loss: 0.212
[1,  7380] loss: 0.087
[1,  7400] loss: 0.209
[1,  7420] loss: 0.105
[1,  7440] loss: 0.073
[1,  7460] loss: 0.104
[1,  7480] loss: 0.036
[1,  7500] loss: 0.110
[1,  7520] loss: 0.057
[1,  7540] loss: 0.111
[1,  7560] loss: 0.075
[1,  7580] loss: 0.042
[1,  7600] loss: 0.136
[1,  7620] loss: 0.093
[1,  7640] loss: 0.145
[1,  7660] loss: 0.171
[1,  7680] loss: 0.089
[1,  7700] loss: 0.029
[1,  7720] loss: 0.088
[1,  7740] loss: 0.436
[1,  7760] loss: 0.038
[1,  7780] loss: 0.093
[1,  7800] loss: 0.122
[1,  7820] loss: 0.052
[1,  7840] loss: 0.027
[1,  7860] loss: 0.073
[1,  7880] loss: 0.184
[1,  7900] loss: 0.231
[1,  7920] loss: 0.077
[1,  7940] loss: 0.121
[1,  7960] loss: 0.032
[1,  7980] loss: 0.259
[1,  8000] loss: 0.244
[1,  8020] loss: 0.188
[1,  8040] loss: 0.079
[1,  8060] loss: 0.227
[1,  8080] loss: 0.101
[1,  8100] loss: 0.117
[1,  8120] loss: 0.069
[1,  8140] loss: 0.019
[1,  8160] loss: 0.023
[1,  8180] loss: 0.019
[1,  8200] loss: 0.041
[1,  8220] loss: 0.259
[1,  8240] loss: 0.029
[1,  8260] loss: 0.035
[1,  8280] loss: 0.044
[1,  8300] loss: 0.102
[1,  8320] loss: 0.163
[1,  8340] loss: 0.025
[1,  8360] loss: 0.050
[1,  8380] loss: 0.071
[1,  8400] loss: 0.011
[1,  8420] loss: 0.098
[1,  8440] loss: 0.050
[1,  8460] loss: 0.043
[1,  8480] loss: 0.035
[1,  8500] loss: 0.039
[1,  8520] loss: 0.062
[1,  8540] loss: 0.037
[1,  8560] loss: 0.159
[1,  8580] loss: 0.078
[1,  8600] loss: 0.042
[1,  8620] loss: 0.032
[1,  8640] loss: 0.035
[1,  8660] loss: 0.063
[1,  8680] loss: 0.177
[1,  8700] loss: 0.033
[1,  8720] loss: 0.023
[1,  8740] loss: 0.169
[1,  8760] loss: 0.050
[1,  8780] loss: 0.093
[1,  8800] loss: 0.058
[1,  8820] loss: 0.066
[1,  8840] loss: 0.098
[1,  8860] loss: 0.210
[1,  8880] loss: 0.057
[1,  8900] loss: 0.144
[1,  8920] loss: 0.100
[1,  8940] loss: 0.323
[1,  8960] loss: 0.099
[1,  8980] loss: 0.344
[1,  9000] loss: 0.171
[1,  9020] loss: 0.075
[1,  9040] loss: 0.108
[1,  9060] loss: 0.175
[1,  9080] loss: 0.337
[1,  9100] loss: 0.108
[1,  9120] loss: 0.174
[1,  9140] loss: 0.036
[1,  9160] loss: 0.268
[1,  9180] loss: 0.095
[1,  9200] loss: 0.133
[1,  9220] loss: 0.027
[1,  9240] loss: 0.043
[1,  9260] loss: 0.039
[1,  9280] loss: 0.045
[1,  9300] loss: 0.016
[1,  9320] loss: 0.105
[1,  9340] loss: 0.028
[1,  9360] loss: 0.039
[1,  9380] loss: 0.147
[1,  9400] loss: 0.033
[1,  9420] loss: 0.129
[1,  9440] loss: 0.025
[1,  9460] loss: 0.087
[1,  9480] loss: 0.034
[1,  9500] loss: 0.024
[1,  9520] loss: 0.062
[1,  9540] loss: 0.217
[1,  9560] loss: 0.072
[1,  9580] loss: 0.085
[1,  9600] loss: 0.049
[1,  9620] loss: 0.056
[1,  9640] loss: 0.039
[1,  9660] loss: 0.075
[1,  9680] loss: 0.025
[1,  9700] loss: 0.097
[1,  9720] loss: 0.030
[1,  9740] loss: 0.243
[1,  9760] loss: 0.060
[1,  9780] loss: 0.045
[1,  9800] loss: 0.064
[1,  9820] loss: 0.051
[1,  9840] loss: 0.064
[1,  9860] loss: 0.020
[1,  9880] loss: 0.042
[1,  9900] loss: 0.105
[1,  9920] loss: 0.372
[1,  9940] loss: 0.042
[1,  9960] loss: 0.025
[1,  9980] loss: 0.079
[1, 10000] loss: 0.022
[1, 10020] loss: 0.079
[1, 10040] loss: 0.013
[1, 10060] loss: 0.020
[1, 10080] loss: 0.050
[1, 10100] loss: 0.107
[1, 10120] loss: 0.017
[1, 10140] loss: 0.268
[1, 10160] loss: 0.042
[1, 10180] loss: 0.083
[1, 10200] loss: 0.032
[1, 10220] loss: 0.031
[1, 10240] loss: 0.077
[1, 10260] loss: 0.048
[1, 10280] loss: 0.095
[1, 10300] loss: 0.045
[1, 10320] loss: 0.013
[1, 10340] loss: 0.056
[1, 10360] loss: 0.020
[1, 10380] loss: 0.022
[1, 10400] loss: 0.187
[1, 10420] loss: 0.146
[1, 10440] loss: 0.208
[1, 10460] loss: 0.074
[1, 10480] loss: 0.121
[1, 10500] loss: 0.054
[1, 10520] loss: 0.158
[1, 10540] loss: 0.195
[1, 10560] loss: 0.062
[1, 10580] loss: 0.086
[1, 10600] loss: 0.046
[1, 10620] loss: 0.065
[1, 10640] loss: 0.070
[1, 10660] loss: 0.052
[1, 10680] loss: 0.060
[1, 10700] loss: 0.026
[1, 10720] loss: 0.060
[1, 10740] loss: 0.022
[1, 10760] loss: 0.103
[1, 10780] loss: 0.066
[1, 10800] loss: 0.051
[1, 10820] loss: 0.168
[1, 10840] loss: 0.082
[1, 10860] loss: 0.037
[1, 10880] loss: 0.049
[1, 10900] loss: 0.068
[1, 10920] loss: 0.082
[1, 10940] loss: 0.229
[1, 10960] loss: 0.060
[1, 10980] loss: 0.037
[1, 11000] loss: 0.069
[1, 11020] loss: 0.035
[1, 11040] loss: 0.069
[1, 11060] loss: 0.060
[1, 11080] loss: 0.024
[1, 11100] loss: 0.066
[1, 11120] loss: 0.096
[1, 11140] loss: 0.052
[1, 11160] loss: 0.026
[1, 11180] loss: 0.130
[1, 11200] loss: 0.040
[1, 11220] loss: 0.023
[1, 11240] loss: 0.062
[1, 11260] loss: 0.042
[1, 11280] loss: 0.017
[1, 11300] loss: 0.234
[1, 11320] loss: 0.126
[1, 11340] loss: 0.151
[1, 11360] loss: 0.085
[1, 11380] loss: 0.084
[1, 11400] loss: 0.050
[1, 11420] loss: 0.066
[1, 11440] loss: 0.033
[1, 11460] loss: 0.032
[1, 11480] loss: 0.036
[1, 11500] loss: 0.075
[1, 11520] loss: 0.040
[1, 11540] loss: 0.044
[1, 11560] loss: 0.037
[1, 11580] loss: 0.232
[1, 11600] loss: 0.378
[1, 11620] loss: 0.031
[1, 11640] loss: 0.024
[1, 11660] loss: 0.132
[1, 11680] loss: 0.045
[1, 11700] loss: 0.112
[1, 11720] loss: 0.046
[1, 11740] loss: 0.101
[1, 11760] loss: 0.085
[1, 11780] loss: 0.069
[1, 11800] loss: 0.051
[1, 11820] loss: 0.075
[1, 11840] loss: 0.065
[1, 11860] loss: 0.046
[1, 11880] loss: 0.026
[1, 11900] loss: 0.018
[1, 11920] loss: 0.062
[1, 11940] loss: 0.038
[1, 11960] loss: 0.035
[1, 11980] loss: 0.031
[1, 12000] loss: 0.164
[1, 12020] loss: 0.037
[1, 12040] loss: 0.184
[1, 12060] loss: 0.071
[1, 12080] loss: 0.014
[1, 12100] loss: 0.122
[1, 12120] loss: 0.021
[1, 12140] loss: 0.016
[1, 12160] loss: 0.063
[1, 12180] loss: 0.074
[1, 12200] loss: 0.018
[1, 12220] loss: 0.042
[1, 12240] loss: 0.052
[1, 12260] loss: 0.017
[1, 12280] loss: 0.211
[1, 12300] loss: 0.137
[1, 12320] loss: 0.166
[1, 12340] loss: 0.038
[1, 12360] loss: 0.067
[1, 12380] loss: 0.026
[1, 12400] loss: 0.026
[1, 12420] loss: 0.073
[1, 12440] loss: 0.214
[1, 12460] loss: 0.031
[1, 12480] loss: 0.106
[1, 12500] loss: 0.160
[1, 12520] loss: 0.064
[1, 12540] loss: 0.164
[1, 12560] loss: 0.155
[1, 12580] loss: 0.121
[1, 12600] loss: 0.058
[1, 12620] loss: 0.047
[1, 12640] loss: 0.062
[1, 12660] loss: 0.042
[1, 12680] loss: 0.030
[1, 12700] loss: 0.126
[1, 12720] loss: 0.189
[1, 12740] loss: 0.062
[1, 12760] loss: 0.152
[1, 12780] loss: 0.041
[1, 12800] loss: 0.208
[1, 12820] loss: 0.039
[1, 12840] loss: 0.094
[1, 12860] loss: 0.169
[1, 12880] loss: 0.034
[1, 12900] loss: 0.071
[1, 12920] loss: 0.021
[1, 12940] loss: 0.092
[1, 12960] loss: 0.094
[1, 12980] loss: 0.033
[1, 13000] loss: 0.044
[1, 13020] loss: 0.171
[1, 13040] loss: 0.134
[1, 13060] loss: 0.025
[1, 13080] loss: 0.087
[1, 13100] loss: 0.024
[1, 13120] loss: 0.039
[1, 13140] loss: 0.031
[1, 13160] loss: 0.021
[1, 13180] loss: 0.080
[1, 13200] loss: 0.066
[1, 13220] loss: 0.040
[1, 13240] loss: 0.049
[1, 13260] loss: 0.107
[1, 13280] loss: 0.128
[1, 13300] loss: 0.065
[1, 13320] loss: 0.049
[1, 13340] loss: 0.100
[1, 13360] loss: 0.115
[1, 13380] loss: 0.218
[1, 13400] loss: 0.082
[1, 13420] loss: 0.124
[1, 13440] loss: 0.024
[1, 13460] loss: 0.039
[1, 13480] loss: 0.019
[1, 13500] loss: 0.073
[1, 13520] loss: 0.218
[1, 13540] loss: 0.042
[1, 13560] loss: 0.039
[1, 13580] loss: 0.033
[1, 13600] loss: 0.128
[1, 13620] loss: 0.088
[1, 13640] loss: 0.035
[1, 13660] loss: 0.073
[1, 13680] loss: 0.224
[1, 13700] loss: 0.063
[1, 13720] loss: 0.042
[1, 13740] loss: 0.165
[1, 13760] loss: 0.048
[1, 13780] loss: 0.098
[1, 13800] loss: 0.313
[1, 13820] loss: 0.074
[1, 13840] loss: 0.084
[1, 13860] loss: 0.070
[1, 13880] loss: 0.044
[1, 13900] loss: 0.118
[1, 13920] loss: 0.022
[1, 13940] loss: 0.297
[1, 13960] loss: 0.032
[1, 13980] loss: 0.038
[1, 14000] loss: 0.060
[1, 14020] loss: 0.053
[1, 14040] loss: 0.035
[1, 14060] loss: 0.090
[1, 14080] loss: 0.022
[1, 14100] loss: 0.042
[1, 14120] loss: 0.138
[1, 14140] loss: 0.019
[1, 14160] loss: 0.042
[1, 14180] loss: 0.040
[1, 14200] loss: 0.041
[1, 14220] loss: 0.059
[1, 14240] loss: 0.095
[1, 14260] loss: 0.168
[1, 14280] loss: 0.062
[1, 14300] loss: 0.086
[1, 14320] loss: 0.055
[1, 14340] loss: 0.063
[1, 14360] loss: 0.257
[1, 14380] loss: 0.049
[1, 14400] loss: 0.028
[1, 14420] loss: 0.177
[1, 14440] loss: 0.290
[1, 14460] loss: 0.020
[1, 14480] loss: 0.160
[1, 14500] loss: 0.124
[1, 14520] loss: 0.176
[1, 14540] loss: 0.046
[1, 14560] loss: 0.080
[1, 14580] loss: 0.100
[1, 14600] loss: 0.032
[1, 14620] loss: 0.223
[1, 14640] loss: 0.199
[1, 14660] loss: 0.156
[1, 14680] loss: 0.036
[1, 14700] loss: 0.055
[1, 14720] loss: 0.083
[1, 14740] loss: 0.005
[1, 14760] loss: 0.081
[1, 14780] loss: 0.023
[1, 14800] loss: 0.032
[1, 14820] loss: 0.072
[1, 14840] loss: 0.037
[1, 14860] loss: 0.044
[1, 14880] loss: 0.034
[1, 14900] loss: 0.054
[1, 14920] loss: 0.057
[1, 14940] loss: 0.024
[1, 14960] loss: 0.081
[1, 14980] loss: 0.051
[1, 15000] loss: 0.159
[1, 15020] loss: 0.021
[1, 15040] loss: 0.055
[1, 15060] loss: 0.089
[1, 15080] loss: 0.074
[1, 15100] loss: 0.027
[1, 15120] loss: 0.064
[1, 15140] loss: 0.038
[1, 15160] loss: 0.103
[1, 15180] loss: 0.021
[1, 15200] loss: 0.088
[1, 15220] loss: 0.096
[1, 15240] loss: 0.156
[1, 15260] loss: 0.140
[1, 15280] loss: 0.071
[1, 15300] loss: 0.093
[1, 15320] loss: 0.029
[1, 15340] loss: 0.188
[1, 15360] loss: 0.120
[1, 15380] loss: 0.013
[1, 15400] loss: 0.024
[1, 15420] loss: 0.048
[1, 15440] loss: 0.125
[1, 15460] loss: 0.041
[1, 15480] loss: 0.046
[1, 15500] loss: 0.084
[1, 15520] loss: 0.234
[1, 15540] loss: 0.033
[1, 15560] loss: 0.195
[1, 15580] loss: 0.067
[1, 15600] loss: 0.075
[1, 15620] loss: 0.039
[1, 15640] loss: 0.095
[1, 15660] loss: 0.027
[1, 15680] loss: 0.016
[1, 15700] loss: 0.055
[1, 15720] loss: 0.061
[1, 15740] loss: 0.042
[1, 15760] loss: 0.124
[1, 15780] loss: 0.062
[1, 15800] loss: 0.039
[1, 15820] loss: 0.085
[1, 15840] loss: 0.111
[1, 15860] loss: 0.137
[1, 15880] loss: 0.083
[1, 15900] loss: 0.033
[1, 15920] loss: 0.063
[1, 15940] loss: 0.037
[1, 15960] loss: 0.024
[1, 15980] loss: 0.107
[1, 16000] loss: 0.079
[1, 16020] loss: 0.075
[1, 16040] loss: 0.098
[1, 16060] loss: 0.020
[1, 16080] loss: 0.051
[1, 16100] loss: 0.047
[1, 16120] loss: 0.089
[1, 16140] loss: 0.033
[1, 16160] loss: 0.159
[1, 16180] loss: 0.235
[1, 16200] loss: 0.405
[1, 16220] loss: 88118.240
[1, 16240] loss: 18600031.984
[1, 16260] loss: 131475242.705
[1, 16280] loss: 74018491.827
[1, 16300] loss: 41827520.019
[1, 16320] loss: 1624159.421
[1, 16340] loss: 542954.527
[1, 16360] loss: 171397.465
[1, 16380] loss: 84944.826
[1, 16400] loss: 45735.072
[1, 16420] loss: 27499.131
[1, 16440] loss: 26004.331
[1, 16460] loss: 13583.298
[1, 16480] loss: 18046.944
[1, 16500] loss: 24160.133
[1, 16520] loss: 20977.016
[1, 16540] loss: 21047.311
[1, 16560] loss: 30228.761
[1, 16580] loss: 18655.502
[1, 16600] loss: 11448.957
[1, 16620] loss: 12713.976
[1, 16640] loss: 19263.676
[1, 16660] loss: 10078.408
[1, 16680] loss: 5792.051
[1, 16700] loss: 9735.916
[1, 16720] loss: 15581.078
[1, 16740] loss: 9744.850
[1, 16760] loss: 6018.261
[1, 16780] loss: 20563.127
[1, 16800] loss: 7193.486
[1, 16820] loss: 7199.962
[1, 16840] loss: 4862.139
[1, 16860] loss: 7018.296
[1, 16880] loss: 8524.804
[1, 16900] loss: 8503.658
[1, 16920] loss: 3784.449
[1, 16940] loss: 8005.665
[1, 16960] loss: 9267.026
[1, 16980] loss: 6182.226
[1, 17000] loss: 5394.805
[1, 17020] loss: 6339.475
[1, 17040] loss: 3249.178
[1, 17060] loss: 6101.140
[1, 17080] loss: 5082.389
[1, 17100] loss: 7095.585
[1, 17120] loss: 5365.661
[1, 17140] loss: 8109.758
[1, 17160] loss: 4879.069
[1, 17180] loss: 3095.857
[1, 17200] loss: 6797.079
[1, 17220] loss: 5843.680
[1, 17240] loss: 3241.931
[1, 17260] loss: 3341.453
[1, 17280] loss: 5612.633
[1, 17300] loss: 2289.387
[1, 17320] loss: 3266.717
[1, 17340] loss: 3612.224
[1, 17360] loss: 2861.299
[1, 17380] loss: 3683.110
[1, 17400] loss: 1969.465
[1, 17420] loss: 2027.428
[1, 17440] loss: 1895.726
[1, 17460] loss: 1624.274
[1, 17480] loss: 1041.608
[1, 17500] loss: 713.314
[1, 17520] loss: 1353.470
[1, 17540] loss: 1649.504
[1, 17560] loss: 2091.861
[1, 17580] loss: 4494.592
[1, 17600] loss: 3398.799
[1, 17620] loss: 3499.477
[1, 17640] loss: 1184.251
[1, 17660] loss: 2199.687
[1, 17680] loss: 1148.502
[1, 17700] loss: 1538.711
[1, 17720] loss: 1540.906
[1, 17740] loss: 1662.269
[1, 17760] loss: 2652.848
[1, 17780] loss: 2683.765
[1, 17800] loss: 1546.474
[1, 17820] loss: 852.912
[1, 17840] loss: 911.933
[1, 17860] loss: 1199.478
[1, 17880] loss: 1635.709
[1, 17900] loss: 961.717
[1, 17920] loss: 2601.815
[1, 17940] loss: 1616.399
[1, 17960] loss: 1555.190
[1, 17980] loss: 1092.606
[1, 18000] loss: 1059.826
[1, 18020] loss: 1127.281
[1, 18040] loss: 1404.402
[1, 18060] loss: 1146.963
[1, 18080] loss: 1092.876
[1, 18100] loss: 509.332
[1, 18120] loss: 1309.505
[1, 18140] loss: 771.641
[1, 18160] loss: 812.732
[1, 18180] loss: 1174.632
[1, 18200] loss: 1135.514
[1, 18220] loss: 894.203
[1, 18240] loss: 910.191
[1, 18260] loss: 716.594
[1, 18280] loss: 511.953
[1, 18300] loss: 845.451
[1, 18320] loss: 818.353
[1, 18340] loss: 1342.509
[1, 18360] loss: 547.224
[1, 18380] loss: 583.270
[1, 18400] loss: 655.825
[1, 18420] loss: 1300.261
[1, 18440] loss: 1362.839
[1, 18460] loss: 502.929
[1, 18480] loss: 653.553
[1, 18500] loss: 706.077
[1, 18520] loss: 1178.439
[1, 18540] loss: 1025.128
[1, 18560] loss: 1434.322
[1, 18580] loss: 586.912
[1, 18600] loss: 780.957
[1, 18620] loss: 602.887
[1, 18640] loss: 494.744
[1, 18660] loss: 677.247
[1, 18680] loss: 502.372
[1, 18700] loss: 714.996
[1, 18720] loss: 723.723
[1, 18740] loss: 722.719
[1, 18760] loss: 461.116
[1, 18780] loss: 757.507
[1, 18800] loss: 545.347
[1, 18820] loss: 1366.432
[1, 18840] loss: 510.010
[1, 18860] loss: 563.295
[1, 18880] loss: 337.272
[1, 18900] loss: 1184.778
[1, 18920] loss: 436.378
[1, 18940] loss: 735.215
[1, 18960] loss: 474.059
[1, 18980] loss: 631.890
[1, 19000] loss: 386.073
[1, 19020] loss: 956.613
[1, 19040] loss: 527.169
[1, 19060] loss: 773.481
[1, 19080] loss: 456.801
[1, 19100] loss: 1020.944
[1, 19120] loss: 482.794
[1, 19140] loss: 521.155
[1, 19160] loss: 472.646
[1, 19180] loss: 630.495
[1, 19200] loss: 383.264
[1, 19220] loss: 354.243
[1, 19240] loss: 373.224
[1, 19260] loss: 176.754
[1, 19280] loss: 731.574
[1, 19300] loss: 457.824
[1, 19320] loss: 703.808
[1, 19340] loss: 1220.426
[1, 19360] loss: 860.917
[1, 19380] loss: 532.059
[1, 19400] loss: 572.382
[1, 19420] loss: 460.299
[1, 19440] loss: 430.852
[1, 19460] loss: 399.875
[1, 19480] loss: 573.917
[1, 19500] loss: 441.822
[1, 19520] loss: 462.188
[1, 19540] loss: 503.918
[1, 19560] loss: 316.604
[1, 19580] loss: 294.202
[1, 19600] loss: 359.638
[1, 19620] loss: 631.260
[1, 19640] loss: 268.838
[1, 19660] loss: 452.526
[1, 19680] loss: 584.403
[1, 19700] loss: 422.159
[1, 19720] loss: 574.064
[1, 19740] loss: 246.898
[1, 19760] loss: 428.638
[1, 19780] loss: 328.198
[1, 19800] loss: 273.052
[1, 19820] loss: 385.745
[1, 19840] loss: 476.371
[1, 19860] loss: 298.249
[1, 19880] loss: 177.260
[1, 19900] loss: 367.898
[1, 19920] loss: 181.496
[1, 19940] loss: 268.147
[1, 19960] loss: 147.646
[1, 19980] loss: 327.635
[1, 20000] loss: 162.553
[1, 20020] loss: 137.365
[1, 20040] loss: 182.461
[1, 20060] loss: 397.222
[1, 20080] loss: 343.574
[1, 20100] loss: 169.299
[1, 20120] loss: 267.992
[1, 20140] loss: 426.059
[1, 20160] loss: 363.141
[1, 20180] loss: 376.185
[1, 20200] loss: 236.133
[1, 20220] loss: 193.803
[1, 20240] loss: 251.107
[1, 20260] loss: 329.336
[1, 20280] loss: 296.946
[1, 20300] loss: 155.780
[1, 20320] loss: 114.922
[1, 20340] loss: 272.729
[1, 20360] loss: 64.328
[1, 20380] loss: 424.015
[1, 20400] loss: 292.364
[1, 20420] loss: 133.308
[1, 20440] loss: 113.071
[1, 20460] loss: 379.188
[1, 20480] loss: 244.810
[1, 20500] loss: 289.440
[1, 20520] loss: 190.089
[1, 20540] loss: 115.878
[1, 20560] loss: 135.743
[1, 20580] loss: 386.037
[1, 20600] loss: 185.594
[1, 20620] loss: 230.094
[1, 20640] loss: 224.958
[1, 20660] loss: 236.415
[1, 20680] loss: 211.938
[1, 20700] loss: 988.353
[1, 20720] loss: 917.977
[1, 20740] loss: 787.222
[1, 20760] loss: 446.987
[1, 20780] loss: 514.567
[1, 20800] loss: 632.940
[1, 20820] loss: 522.516
[1, 20840] loss: 256.507
[1, 20860] loss: 255.478
[1, 20880] loss: 164.430
[1, 20900] loss: 88.268
[1, 20920] loss: 91.995
[1, 20940] loss: 143.673
[1, 20960] loss: 124.736
[1, 20980] loss: 108.211
[1, 21000] loss: 143.009
[1, 21020] loss: 158.463
[1, 21040] loss: 111.562
[1, 21060] loss: 114.806
[1, 21080] loss: 198.311
[1, 21100] loss: 121.317
[1, 21120] loss: 95.672
[1, 21140] loss: 374.812
[1, 21160] loss: 469.403
[1, 21180] loss: 327.851
[1, 21200] loss: 115.734
[1, 21220] loss: 96.940
[1, 21240] loss: 183.536
[1, 21260] loss: 146.478
[1, 21280] loss: 183.577
[1, 21300] loss: 171.932
[1, 21320] loss: 463.319
[1, 21340] loss: 671.971
[1, 21360] loss: 155.358
[1, 21380] loss: 150.625
[1, 21400] loss: 800.165
[1, 21420] loss: 239.404
[1, 21440] loss: 112.394
[1, 21460] loss: 81.128
[1, 21480] loss: 59.380
[1, 21500] loss: 106.733
[1, 21520] loss: 59.427
[1, 21540] loss: 120.406
[1, 21560] loss: 49.925
[1, 21580] loss: 106.432
[1, 21600] loss: 170.725
[1, 21620] loss: 267.938
[1, 21640] loss: 160.295
[1, 21660] loss: 256.942
[1, 21680] loss: 70.835
[1, 21700] loss: 67.016
[1, 21720] loss: 88.051
[1, 21740] loss: 159.455
[1, 21760] loss: 367.569
[1, 21780] loss: 354.676
[1, 21800] loss: 158.047
[1, 21820] loss: 104.022
[1, 21840] loss: 178.029
[1, 21860] loss: 550.335
[1, 21880] loss: 435.498
[1, 21900] loss: 121.721
[1, 21920] loss: 130.510
[1, 21940] loss: 78.367
[1, 21960] loss: 34.393
[1, 21980] loss: 149.011
[1, 22000] loss: 206.203
[1, 22020] loss: 743.843
[1, 22040] loss: 1320.729
[1, 22060] loss: 860.006
[1, 22080] loss: 989.237
[1, 22100] loss: 390.050
[1, 22120] loss: 143.646
[1, 22140] loss: 113.983
[1, 22160] loss: 151.374
[1, 22180] loss: 48.361
[1, 22200] loss: 69.373
[1, 22220] loss: 183.414
[1, 22240] loss: 187.629
[1, 22260] loss: 146.767
[1, 22280] loss: 63.593
[1, 22300] loss: 89.366
[1, 22320] loss: 95.549
[1, 22340] loss: 71.291
[1, 22360] loss: 213.526
[1, 22380] loss: 61.730
[1, 22400] loss: 54.347
[1, 22420] loss: 59.249
[1, 22440] loss: 119.563
[1, 22460] loss: 44.001
[1, 22480] loss: 39.867
[1, 22500] loss: 112.014
[1, 22520] loss: 71.864
[1, 22540] loss: 83.944
[1, 22560] loss: 27.841
[1, 22580] loss: 52.136
[1, 22600] loss: 38.860
[1, 22620] loss: 26.953
[1, 22640] loss: 19.803
[1, 22660] loss: 30.958
[1, 22680] loss: 43.785
[1, 22700] loss: 42.118
[1, 22720] loss: 23.399
[1, 22740] loss: 38.553
[1, 22760] loss: 79.064
[1, 22780] loss: 322.308
[1, 22800] loss: 86.285
[1, 22820] loss: 261.514
[1, 22840] loss: 538.791
[1, 22860] loss: 1391.654
[1, 22880] loss: 353.753
[1, 22900] loss: 1310.472
[1, 22920] loss: 107.646
[1, 22940] loss: 95.912
[1, 22960] loss: 50.513
[1, 22980] loss: 41.635
[1, 23000] loss: 34.554
[1, 23020] loss: 26.354
[1, 23040] loss: 27.818
[1, 23060] loss: 32.002
[1, 23080] loss: 164.783
[1, 23100] loss: 133.363
[1, 23120] loss: 27.190
[1, 23140] loss: 64.855
[1, 23160] loss: 20.475
[1, 23180] loss: 55.988
[1, 23200] loss: 109.904
[1, 23220] loss: 41.093
[1, 23240] loss: 38.450
[1, 23260] loss: 44.763
[1, 23280] loss: 32.577
[1, 23300] loss: 39.840
[1, 23320] loss: 33.554
[1, 23340] loss: 79.067
[1, 23360] loss: 23.632
[1, 23380] loss: 124.275
[1, 23400] loss: 350.607
[1, 23420] loss: 136.484
[1, 23440] loss: 288.666
[1, 23460] loss: 472.579
[1, 23480] loss: 67.580
[1, 23500] loss: 84.049
[1, 23520] loss: 191.028
[1, 23540] loss: 108.323
[1, 23560] loss: 36.291
[1, 23580] loss: 50.866
[1, 23600] loss: 34.503
[1, 23620] loss: 76.473
[1, 23640] loss: 133.860
[1, 23660] loss: 33.831
[1, 23680] loss: 32.233
[1, 23700] loss: 22.242
[1, 23720] loss: 33.559
[1, 23740] loss: 59.232
[1, 23760] loss: 102.082
[1, 23780] loss: 97.208
[1, 23800] loss: 23.776
[1, 23820] loss: 41.442
[1, 23840] loss: 79.560
[1, 23860] loss: 201.031
[1, 23880] loss: 278.733
[1, 23900] loss: 178.086
[1, 23920] loss: 89.012
[1, 23940] loss: 66.044
[1, 23960] loss: 36.253
[1, 23980] loss: 25.031
[1, 24000] loss: 22.550
[1, 24020] loss: 22.863
[1, 24040] loss: 86.790
[1, 24060] loss: 65.043
[1, 24080] loss: 129.169
[1, 24100] loss: 37.042
[1, 24120] loss: 23.759
[1, 24140] loss: 40.603
[1, 24160] loss: 27.390
[1, 24180] loss: 20.466
[1, 24200] loss: 18.883
[1, 24220] loss: 29.878
[1, 24240] loss: 38.475
[1, 24260] loss: 209.126
[1, 24280] loss: 44.848
[1, 24300] loss: 36.847
[1, 24320] loss: 54.324
[1, 24340] loss: 54.306
[1, 24360] loss: 133.796
[1, 24380] loss: 63.602
[1, 24400] loss: 55.959
[1, 24420] loss: 34.443
[1, 24440] loss: 25.396
[1, 24460] loss: 14.158
[1, 24480] loss: 15.163
[1, 24500] loss: 19.869
[1, 24520] loss: 70.595
[1, 24540] loss: 30.244
[1, 24560] loss: 36.042
[1, 24580] loss: 54.462
[1, 24600] loss: 115.357
[1, 24620] loss: 688.722
[1, 24640] loss: 493.379
[1, 24660] loss: 94.010
[1, 24680] loss: 52.363
[1, 24700] loss: 56.287
[1, 24720] loss: 111.004
[1, 24740] loss: 40.596
[1, 24760] loss: 16.890
[1, 24780] loss: 14.019
[1, 24800] loss: 21.915
[1, 24820] loss: 15.159
[1, 24840] loss: 22.892
[1, 24860] loss: 14.877
[1, 24880] loss: 38.436
[1, 24900] loss: 20.989
[1, 24920] loss: 45.788
[1, 24940] loss: 73.323
[1, 24960] loss: 29.414
[1, 24980] loss: 15.699
[1, 25000] loss: 16.722
[1, 25020] loss: 8.110
[1, 25040] loss: 7.997
[1, 25060] loss: 18.445
[1, 25080] loss: 13.964
[1, 25100] loss: 16.055
[1, 25120] loss: 14.743
[1, 25140] loss: 50.735
[1, 25160] loss: 30.561
[1, 25180] loss: 16.515
[1, 25200] loss: 8.701
[1, 25220] loss: 16.070
[1, 25240] loss: 7.633
[1, 25260] loss: 29.551
[1, 25280] loss: 8.688
[1, 25300] loss: 5.165
[1, 25320] loss: 7.525
[1, 25340] loss: 8.606
[1, 25360] loss: 8.256
[1, 25380] loss: 8.300
[1, 25400] loss: 6.388
[1, 25420] loss: 5.755
[1, 25440] loss: 8.464
[1, 25460] loss: 18.939
[1, 25480] loss: 7.905
[1, 25500] loss: 9.316
[1, 25520] loss: 18.651
[1, 25540] loss: 11.770
[1, 25560] loss: 39.255
[1, 25580] loss: 31.273
[1, 25600] loss: 17.809
[1, 25620] loss: 7.584
[1, 25640] loss: 15.899
[1, 25660] loss: 21.846
[1, 25680] loss: 49.471
[1, 25700] loss: 112.879
[1, 25720] loss: 64.869
[1, 25740] loss: 35.920
[1, 25760] loss: 5.998
[1, 25780] loss: 15.546
[1, 25800] loss: 11.195
[1, 25820] loss: 13.993
[1, 25840] loss: 10.248
[1, 25860] loss: 18.701
[1, 25880] loss: 30.290
[1, 25900] loss: 19.638
[1, 25920] loss: 12.342
[1, 25940] loss: 17.451
[1, 25960] loss: 27.884
[1, 25980] loss: 6.084
[1, 26000] loss: 4.647
[1, 26020] loss: 14.061
[1, 26040] loss: 16.602
[1, 26060] loss: 9.475
[1, 26080] loss: 2.757
[1, 26100] loss: 6.216
[1, 26120] loss: 15.657
[1, 26140] loss: 23.181
[1, 26160] loss: 60.814
[1, 26180] loss: 78.897
[1, 26200] loss: 616.338
[1, 26220] loss: 421.880
[1, 26240] loss: 145.963
[1, 26260] loss: 130.677
[1, 26280] loss: 134.777
[1, 26300] loss: 277.727
[1, 26320] loss: 168.260
[1, 26340] loss: 99.767
[1, 26360] loss: 59.365
[1, 26380] loss: 17.632
[1, 26400] loss: 6.707
[1, 26420] loss: 5.451
[1, 26440] loss: 9.355
[1, 26460] loss: 13.625
[1, 26480] loss: 17.255
[1, 26500] loss: 20.649
[1, 26520] loss: 9.872
[1, 26540] loss: 9.080
[1, 26560] loss: 9.231
[1, 26580] loss: 9.165
[1, 26600] loss: 4.806
[1, 26620] loss: 2.289
[1, 26640] loss: 4.023
[1, 26660] loss: 3.546
[1, 26680] loss: 8.636
[1, 26700] loss: 7.663
[1, 26720] loss: 8.586
[1, 26740] loss: 3.323
[1, 26760] loss: 4.272
[1, 26780] loss: 3.785
[1, 26800] loss: 3.979
[1, 26820] loss: 7.545
[1, 26840] loss: 3.465
[1, 26860] loss: 8.027
[1, 26880] loss: 7.985
[1, 26900] loss: 4.165
[1, 26920] loss: 2.286
[1, 26940] loss: 4.111
[1, 26960] loss: 5.544
[1, 26980] loss: 6.681
[1, 27000] loss: 6.619
[1, 27020] loss: 15.771
[1, 27040] loss: 6.984
[1, 27060] loss: 2.810
[1, 27080] loss: 7.397
[1, 27100] loss: 6.610
[1, 27120] loss: 5.769
[1, 27140] loss: 13.741
[1, 27160] loss: 10.721
[1, 27180] loss: 11.424
[1, 27200] loss: 2.860
[1, 27220] loss: 4.457
[1, 27240] loss: 6.116
[1, 27260] loss: 4.019
[1, 27280] loss: 9.760
[1, 27300] loss: 3.075
[1, 27320] loss: 4.109
[1, 27340] loss: 52.602
[1, 27360] loss: 82.434
[1, 27380] loss: 34.058
[1, 27400] loss: 34.048
[1, 27420] loss: 24.035
[1, 27440] loss: 92.079
[1, 27460] loss: 22.826
[1, 27480] loss: 28.386
[1, 27500] loss: 31.836
[1, 27520] loss: 58.098
[1, 27540] loss: 35.711
[1, 27560] loss: 19.432
[1, 27580] loss: 31.233
[1, 27600] loss: 34.441
[1, 27620] loss: 28.260
[1, 27640] loss: 16.312
[1, 27660] loss: 15.902
[1, 27680] loss: 93.549
[1, 27700] loss: 26.506
[1, 27720] loss: 7.826
[1, 27740] loss: 8.214
[1, 27760] loss: 10.339
[1, 27780] loss: 4.512
[1, 27800] loss: 6.157
[1, 27820] loss: 5.897
[1, 27840] loss: 10.874
[1, 27860] loss: 39.898
[1, 27880] loss: 110.368
[1, 27900] loss: 26.412
[1, 27920] loss: 75.679
[1, 27940] loss: 69.186
[1, 27960] loss: 38.486
[1, 27980] loss: 19.620
[1, 28000] loss: 13.421
[1, 28020] loss: 4.167
[1, 28040] loss: 3.293
[1, 28060] loss: 2.750
[1, 28080] loss: 5.312
[1, 28100] loss: 5.452
[1, 28120] loss: 5.436
[1, 28140] loss: 2.624
[1, 28160] loss: 3.578
[1, 28180] loss: 3.338
[1, 28200] loss: 3.549
[1, 28220] loss: 1.446
[1, 28240] loss: 1.300
[1, 28260] loss: 2.233
[1, 28280] loss: 3.824
[1, 28300] loss: 13.893
[1, 28320] loss: 11.515
[1, 28340] loss: 9.356
[1, 28360] loss: 4.376
[1, 28380] loss: 3.080
[1, 28400] loss: 2.180
[1, 28420] loss: 1.725
[1, 28440] loss: 1.449
[1, 28460] loss: 1.972
[1, 28480] loss: 2.170
[1, 28500] loss: 0.954
[1, 28520] loss: 1.439
[1, 28540] loss: 4.240
[1, 28560] loss: 2.578
[1, 28580] loss: 1.317
[1, 28600] loss: 1.039
[1, 28620] loss: 1.712
[1, 28640] loss: 2.014
[1, 28660] loss: 1.429
[1, 28680] loss: 1.394
[1, 28700] loss: 1.685
[1, 28720] loss: 2.433
[1, 28740] loss: 3.062
[1, 28760] loss: 2.757
[1, 28780] loss: 1.906
[1, 28800] loss: 1.065
[1, 28820] loss: 1.732
[1, 28840] loss: 1.617
[1, 28860] loss: 1.294
[1, 28880] loss: 2.133
[1, 28900] loss: 1.858
[1, 28920] loss: 2.120
[1, 28940] loss: 2.613
[1, 28960] loss: 3.858
[1, 28980] loss: 2.209
[1, 29000] loss: 1.648
[1, 29020] loss: 2.266
[1, 29040] loss: 3.101
[1, 29060] loss: 5.140
[1, 29080] loss: 1.482
[1, 29100] loss: 2.621
[1, 29120] loss: 5.307
[1, 29140] loss: 7.521
[1, 29160] loss: 10.292
[1, 29180] loss: 2.251
[1, 29200] loss: 2.201
[1, 29220] loss: 1.653
[1, 29240] loss: 1.226
[1, 29260] loss: 2.479
[1, 29280] loss: 2.998
[1, 29300] loss: 1.421
[1, 29320] loss: 2.455
[1, 29340] loss: 2.670
[1, 29360] loss: 2.724
[1, 29380] loss: 1.670
[1, 29400] loss: 1.510
[1, 29420] loss: 1.094
[1, 29440] loss: 2.730
[1, 29460] loss: 1.088
[1, 29480] loss: 1.045
[1, 29500] loss: 1.746
[1, 29520] loss: 0.828
[1, 29540] loss: 1.171
[1, 29560] loss: 1.173
[1, 29580] loss: 4.384
[1, 29600] loss: 3.434
[1, 29620] loss: 1.636
[1, 29640] loss: 1.601
[1, 29660] loss: 1.342
[1, 29680] loss: 1.963
[1, 29700] loss: 0.957
[1, 29720] loss: 3.346
[1, 29740] loss: 3.435
[1, 29760] loss: 5.892
[1, 29780] loss: 9.750
[1, 29800] loss: 3.903
[1, 29820] loss: 18.518
[1, 29840] loss: 32.383
[1, 29860] loss: 109.691
[1, 29880] loss: 177.930
[1, 29900] loss: 153.773
[1, 29920] loss: 143.462
[1, 29940] loss: 33.036
[1, 29960] loss: 6.459
[1, 29980] loss: 3.373
[1, 30000] loss: 1.523
[1, 30020] loss: 0.776
[1, 30040] loss: 1.396
[1, 30060] loss: 2.253
[1, 30080] loss: 0.553
[1, 30100] loss: 0.972
[1, 30120] loss: 0.825
[1, 30140] loss: 1.176
[1, 30160] loss: 0.713
[1, 30180] loss: 0.450
[1, 30200] loss: 1.179
[1, 30220] loss: 0.776
[1, 30240] loss: 0.747
[1, 30260] loss: 0.684
[1, 30280] loss: 0.331
[1, 30300] loss: 1.024
[1, 30320] loss: 1.796
[1, 30340] loss: 56.701
[1, 30360] loss: 84.074
[1, 30380] loss: 93.565
[1, 30400] loss: 1128857.653
[1, 30420] loss: 759601.156
[1,    20] loss: 10708.696
[1,    40] loss: 17664.696
[1,    60] loss: 18571.091
[1,    80] loss: 23140.654
[1,   100] loss: 26091.026
[1,   120] loss: 28278.678
[1,   140] loss: 28679.490
[1,   160] loss: 27222.037
[1,   180] loss: 25257.839
[1,   200] loss: 22846.340
[1,   220] loss: 21734.772
[1,   240] loss: 26246.730
[1,   260] loss: 37960.108
[1,   280] loss: 55430.689
[1,   300] loss: 67860.451
[1,   320] loss: 81103.397
[1,   340] loss: 93557.857
[1,   360] loss: 100978.102
[1,   380] loss: 105867.970
[1,   400] loss: 109783.684
[1,   420] loss: 108693.870
[1,   440] loss: 110199.490
[1,   460] loss: 114120.549
[1,   480] loss: 114843.728
[1,   500] loss: 117728.684
[1,   520] loss: 124294.605
[1,   540] loss: 128795.805
[1,   560] loss: 130048.776
[1,   580] loss: 130619.407
[1,   600] loss: 131259.732
[1,   620] loss: 130207.119
[1,   640] loss: 127599.582
[1,   660] loss: 124375.380
[1,   680] loss: 121387.285
[1,   700] loss: 118267.153
[1,   720] loss: 115458.654
[1,   740] loss: 112725.666
[1,   760] loss: 110022.171
[1,   780] loss: 107406.444
[1,   800] loss: 104833.883
[1,   820] loss: 102392.043
[1,   840] loss: 100048.417
[1,   860] loss: 97805.190
[1,   880] loss: 95643.461
[1,   900] loss: 93588.976
[1,   920] loss: 91619.496
[1,   940] loss: 89702.607
[1,   960] loss: 87933.440
[1,   980] loss: 86320.468
[1,  1000] loss: 84968.055
[1,  1020] loss: 84336.673
[1,  1040] loss: 84139.181
[1,  1060] loss: 85236.940
[1,  1080] loss: 87287.755
[1,  1100] loss: 91522.871
[1,  1120] loss: 96847.433
[1,  1140] loss: 100143.413
[1,  1160] loss: 101784.712
[1,  1180] loss: 101813.093
[1,  1200] loss: 100909.049
[1,  1220] loss: 99717.602
[1,  1240] loss: 98434.242
[1,  1260] loss: 97117.256
[1,  1280] loss: 95995.414
[1,  1300] loss: 95336.358
[1,  1320] loss: 94212.840
[1,  1340] loss: 92856.406
[1,  1360] loss: 91499.195
[1,  1380] loss: 90183.914
[1,  1400] loss: 89113.337
[1,  1420] loss: 88225.549
[1,  1440] loss: 87758.732
[1,  1460] loss: 87518.314
[1,  1480] loss: 87057.552
[1,  1500] loss: 86934.960
[1,  1520] loss: 87106.762
[1,  1540] loss: 87215.666
[1,  1560] loss: 87030.068
[1,  1580] loss: 86633.041
[1,  1600] loss: 86147.836
[1,  1620] loss: 85752.863
[1,  1640] loss: 85358.298
[1,  1660] loss: 84664.553
[1,  1680] loss: 83842.685
[1,  1700] loss: 83015.184
[1,  1720] loss: 82145.248
[1,  1740] loss: 81463.845
[1,  1760] loss: 80611.407
[1,  1780] loss: 79713.228
[1,  1800] loss: 78834.136
[1,  1820] loss: 77970.932
[1,  1840] loss: 77143.672
[1,  1860] loss: 76718.369
[1,  1880] loss: 76553.057
[1,  1900] loss: 76452.702
[1,  1920] loss: 76564.697
[1,  1940] loss: 77102.285
[1,  1960] loss: 78155.387
[1,  1980] loss: 79440.580
[1,  2000] loss: 79879.104
[1,  2020] loss: 80137.613
[1,  2040] loss: 80733.272
[1,  2060] loss: 81128.140
[1,  2080] loss: 81380.885
[1,  2100] loss: 81114.480
[1,  2120] loss: 80795.220
[1,  2140] loss: 80141.856
[1,  2160] loss: 79752.715
[1,  2180] loss: 79750.294
[1,  2200] loss: 80133.892
[1,  2220] loss: 80439.313
[1,  2240] loss: 80404.423
[1,  2260] loss: 80338.803
[1,  2280] loss: 80045.459
[1,  2300] loss: 79802.555
[1,  2320] loss: 79525.836
[1,  2340] loss: 78996.008
[1,  2360] loss: 78514.294
[1,  2380] loss: 78947.495
[1,  2400] loss: 79957.427
[1,  2420] loss: 79847.979
[1,  2440] loss: 80054.370
[1,  2460] loss: 80718.489
[1,  2480] loss: 81598.216
[1,  2500] loss: 82489.437
[1,  2520] loss: 82992.238
[1,  2540] loss: 83060.100
[1,  2560] loss: 82906.108
[1,  2580] loss: 82655.867
[1,  2600] loss: 82881.975
[1,  2620] loss: 83142.398
[1,  2640] loss: 83397.637
[1,  2660] loss: 83624.877
[1,  2680] loss: 83483.304
[1,  2700] loss: 83141.111
[1,  2720] loss: 82805.843
[1,  2740] loss: 82435.173
[1,  2760] loss: 82326.568
[1,  2780] loss: 82673.657
[1,  2800] loss: 82855.421
[1,  2820] loss: 82600.879
[1,  2840] loss: 82308.814
[1,  2860] loss: 82448.804
[1,  2880] loss: 82689.625
[1,  2900] loss: 82925.558
[1,  2920] loss: 83286.608
[1,  2940] loss: 83742.589
[1,  2960] loss: 83931.114
[1,  2980] loss: 84195.267
[1,  3000] loss: 84221.455
[1,  3020] loss: 84228.829
[1,  3040] loss: 84187.735
[1,  3060] loss: 84322.989
[1,  3080] loss: 84269.091
[1,  3100] loss: 84048.671
[1,  3120] loss: 83839.779
[1,  3140] loss: 83577.031
[1,  3160] loss: 83417.354
[1,  3180] loss: 83279.534
[1,  3200] loss: 83444.759
[1,  3220] loss: 83557.203
[1,  3240] loss: 83496.284
[1,  3260] loss: 83431.372
[1,  3280] loss: 83184.038
[1,  3300] loss: 82884.211
[1,  3320] loss: 82456.100
[1,  3340] loss: 81967.696
[1,  3360] loss: 81488.026
