cuda:  5
color_space: YCbCr
batch_size: 1
num_epcochs: 1
learning_rate: 0.001
[1,    20] loss: 0.074
[1,    40] loss: 0.081
[1,    60] loss: 0.183
[1,    80] loss: 0.231
[1,   100] loss: 0.069
[1,   120] loss: 0.269
[1,   140] loss: 0.302
[1,   160] loss: 0.395
[1,   180] loss: 0.058
[1,   200] loss: 0.098
[1,   220] loss: 0.060
[1,   240] loss: 0.157
[1,   260] loss: 0.051
[1,   280] loss: 0.055
[1,   300] loss: 0.043
[1,   320] loss: 0.277
[1,   340] loss: 0.026
[1,   360] loss: 0.175
[1,   380] loss: 0.134
[1,   400] loss: 0.226
[1,   420] loss: 0.059
[1,   440] loss: 0.022
[1,   460] loss: 0.110
[1,   480] loss: 0.147
[1,   500] loss: 0.108
[1,   520] loss: 0.121
[1,   540] loss: 0.047
[1,   560] loss: 0.054
[1,   580] loss: 0.048
[1,   600] loss: 0.015
[1,   620] loss: 0.278
[1,   640] loss: 0.036
[1,   660] loss: 0.059
[1,   680] loss: 0.089
[1,   700] loss: 0.167
[1,   720] loss: 0.014
[1,   740] loss: 0.080
[1,   760] loss: 0.106
[1,   780] loss: 0.032
[1,   800] loss: 0.059
[1,   820] loss: 0.023
[1,   840] loss: 0.055
[1,   860] loss: 0.045
[1,   880] loss: 0.133
[1,   900] loss: 0.015
[1,   920] loss: 0.069
[1,   940] loss: 0.061
[1,   960] loss: 0.006
[1,   980] loss: 0.093
[1,  1000] loss: 0.013
[1,  1020] loss: 0.219
[1,  1040] loss: 0.032
[1,  1060] loss: 0.042
[1,  1080] loss: 0.020
[1,  1100] loss: 0.045
[1,  1120] loss: 0.110
[1,  1140] loss: 0.058
[1,  1160] loss: 0.022
[1,  1180] loss: 0.057
[1,  1200] loss: 0.067
[1,  1220] loss: 0.051
[1,  1240] loss: 0.054
[1,  1260] loss: 0.083
[1,  1280] loss: 0.030
[1,  1300] loss: 0.147
[1,  1320] loss: 0.036
[1,  1340] loss: 0.025
[1,  1360] loss: 0.021
[1,  1380] loss: 0.148
[1,  1400] loss: 0.134
[1,  1420] loss: 0.087
[1,  1440] loss: 0.035
[1,  1460] loss: 0.108
[1,  1480] loss: 0.271
[1,  1500] loss: 0.050
[1,  1520] loss: 0.108
[1,  1540] loss: 0.130
[1,  1560] loss: 0.133
[1,  1580] loss: 0.340
[1,  1600] loss: 1.657
[1,  1620] loss: 651.040
[1,  1640] loss: 595017.652
[1,  1660] loss: 3500462.984
[1,  1680] loss: 89020.633
[1,  1700] loss: 23729.785
[1,  1720] loss: 3447.196
[1,  1740] loss: 1544.166
[1,  1760] loss: 392.605
[1,  1780] loss: 335.943
[1,  1800] loss: 145.753
[1,  1820] loss: 160.715
[1,  1840] loss: 329.424
[1,  1860] loss: 81.854
[1,  1880] loss: 209.249
[1,  1900] loss: 84.555
[1,  1920] loss: 107.063
[1,  1940] loss: 60.984
[1,  1960] loss: 58.796
[1,  1980] loss: 36.217
[1,  2000] loss: 78.941
[1,  2020] loss: 69.570
[1,  2040] loss: 42.078
[1,  2060] loss: 90.397
[1,  2080] loss: 41.058
[1,  2100] loss: 68.830
[1,  2120] loss: 41.959
[1,  2140] loss: 45.671
[1,  2160] loss: 49.179
[1,  2180] loss: 27.757
[1,  2200] loss: 47.061
[1,  2220] loss: 63.253
[1,  2240] loss: 62.694
[1,  2260] loss: 35.009
[1,  2280] loss: 40.078
[1,  2300] loss: 40.139
[1,  2320] loss: 27.292
[1,  2340] loss: 30.725
[1,  2360] loss: 21.610
[1,  2380] loss: 40.187
[1,  2400] loss: 16.643
[1,  2420] loss: 61.541
[1,  2440] loss: 32.814
[1,  2460] loss: 23.331
[1,  2480] loss: 21.465
[1,  2500] loss: 40.050
[1,  2520] loss: 19.474
[1,  2540] loss: 50.362
[1,  2560] loss: 45.530
[1,  2580] loss: 12.933
[1,  2600] loss: 21.535
[1,  2620] loss: 32.377
[1,  2640] loss: 31.068
[1,  2660] loss: 20.522
[1,  2680] loss: 15.198
[1,  2700] loss: 17.936
[1,  2720] loss: 17.702
[1,  2740] loss: 24.940
[1,  2760] loss: 23.926
[1,  2780] loss: 20.793
[1,  2800] loss: 14.130
[1,  2820] loss: 20.566
[1,  2840] loss: 15.647
[1,  2860] loss: 16.070
[1,  2880] loss: 17.173
[1,  2900] loss: 20.088
[1,  2920] loss: 6.543
[1,  2940] loss: 19.374
[1,  2960] loss: 10.654
[1,  2980] loss: 12.401
[1,  3000] loss: 19.903
[1,  3020] loss: 14.417
[1,  3040] loss: 20.259
[1,  3060] loss: 24.266
[1,  3080] loss: 7.929
[1,  3100] loss: 10.989
[1,  3120] loss: 28.126
[1,  3140] loss: 15.512
[1,  3160] loss: 26.010
[1,  3180] loss: 9.065
[1,  3200] loss: 12.480
[1,  3220] loss: 23.724
[1,  3240] loss: 13.639
[1,  3260] loss: 16.443
[1,  3280] loss: 17.082
[1,  3300] loss: 10.625
[1,  3320] loss: 18.999
[1,  3340] loss: 10.575
[1,  3360] loss: 15.621
[1,  3380] loss: 7.460
[1,  3400] loss: 11.144
[1,  3420] loss: 11.681
[1,  3440] loss: 13.996
[1,  3460] loss: 9.883
[1,  3480] loss: 7.430
[1,  3500] loss: 6.966
[1,  3520] loss: 9.203
[1,  3540] loss: 7.138
[1,  3560] loss: 5.920
[1,  3580] loss: 8.318
[1,  3600] loss: 6.350
[1,  3620] loss: 9.058
[1,  3640] loss: 8.159
[1,  3660] loss: 8.865
[1,  3680] loss: 7.514
[1,  3700] loss: 7.918
[1,  3720] loss: 12.155
[1,  3740] loss: 8.287
[1,  3760] loss: 8.999
[1,  3780] loss: 11.184
[1,  3800] loss: 7.256
[1,  3820] loss: 7.658
[1,  3840] loss: 12.837
[1,  3860] loss: 10.341
[1,  3880] loss: 6.150
[1,  3900] loss: 9.990
[1,  3920] loss: 10.159
[1,  3940] loss: 6.572
[1,  3960] loss: 9.459
[1,  3980] loss: 6.080
[1,  4000] loss: 4.449
[1,  4020] loss: 6.034
[1,  4040] loss: 12.801
[1,  4060] loss: 9.737
[1,  4080] loss: 10.410
[1,  4100] loss: 6.900
[1,  4120] loss: 5.908
[1,  4140] loss: 8.525
[1,  4160] loss: 12.061
[1,  4180] loss: 7.132
[1,  4200] loss: 4.058
[1,  4220] loss: 3.528
[1,  4240] loss: 3.687
[1,  4260] loss: 10.973
[1,  4280] loss: 7.335
[1,  4300] loss: 9.708
[1,  4320] loss: 5.571
[1,  4340] loss: 4.466
[1,  4360] loss: 5.792
[1,  4380] loss: 9.213
[1,  4400] loss: 9.341
[1,  4420] loss: 5.467
[1,  4440] loss: 7.922
[1,  4460] loss: 14.047
[1,  4480] loss: 10.876
[1,  4500] loss: 6.838
[1,  4520] loss: 8.708
[1,  4540] loss: 6.404
[1,  4560] loss: 3.262
[1,  4580] loss: 2.989
[1,  4600] loss: 3.194
[1,  4620] loss: 6.694
[1,  4640] loss: 8.191
[1,  4660] loss: 11.104
[1,  4680] loss: 9.251
[1,  4700] loss: 11.768
[1,  4720] loss: 5.914
[1,  4740] loss: 5.580
[1,  4760] loss: 9.283
[1,  4780] loss: 5.354
[1,  4800] loss: 4.570
[1,  4820] loss: 2.968
[1,  4840] loss: 2.474
[1,  4860] loss: 3.749
[1,  4880] loss: 6.227
[1,  4900] loss: 4.767
[1,  4920] loss: 6.894
[1,  4940] loss: 5.860
[1,  4960] loss: 3.914
[1,  4980] loss: 2.378
[1,  5000] loss: 2.578
[1,  5020] loss: 3.754
[1,  5040] loss: 6.586
[1,  5060] loss: 4.836
[1,  5080] loss: 6.771
[1,  5100] loss: 1.863
[1,  5120] loss: 4.147
[1,  5140] loss: 4.078
[1,  5160] loss: 3.915
[1,  5180] loss: 5.143
[1,  5200] loss: 3.880
[1,  5220] loss: 4.163
[1,  5240] loss: 6.906
[1,  5260] loss: 4.491
[1,  5280] loss: 3.227
[1,  5300] loss: 4.724
[1,  5320] loss: 2.679
[1,  5340] loss: 4.744
[1,  5360] loss: 2.923
[1,  5380] loss: 5.372
[1,  5400] loss: 3.249
[1,  5420] loss: 5.075
[1,  5440] loss: 4.296
[1,  5460] loss: 4.433
[1,  5480] loss: 5.419
[1,  5500] loss: 4.653
[1,  5520] loss: 3.447
[1,  5540] loss: 1.547
[1,  5560] loss: 3.246
[1,  5580] loss: 2.551
[1,  5600] loss: 4.702
[1,  5620] loss: 3.258
[1,  5640] loss: 3.109
[1,  5660] loss: 4.553
[1,  5680] loss: 3.204
[1,  5700] loss: 3.963
[1,  5720] loss: 1.778
[1,  5740] loss: 3.929
[1,  5760] loss: 2.651
[1,  5780] loss: 6.087
[1,  5800] loss: 4.903
[1,  5820] loss: 2.916
[1,  5840] loss: 2.924
[1,  5860] loss: 5.370
[1,  5880] loss: 5.285
[1,  5900] loss: 3.069
[1,  5920] loss: 3.384
[1,  5940] loss: 3.485
[1,  5960] loss: 6.769
[1,  5980] loss: 4.048
[1,  6000] loss: 3.657
[1,  6020] loss: 5.062
[1,  6040] loss: 6.993
[1,  6060] loss: 3.337
[1,  6080] loss: 3.141
[1,  6100] loss: 3.386
[1,  6120] loss: 3.206
[1,  6140] loss: 3.434
[1,  6160] loss: 2.825
[1,  6180] loss: 2.007
[1,  6200] loss: 2.152
[1,  6220] loss: 2.517
[1,  6240] loss: 2.981
[1,  6260] loss: 2.284
[1,  6280] loss: 3.440
[1,  6300] loss: 3.468
[1,  6320] loss: 3.759
[1,  6340] loss: 3.113
[1,  6360] loss: 3.113
[1,  6380] loss: 2.196
[1,  6400] loss: 2.032
[1,  6420] loss: 3.209
[1,  6440] loss: 1.908
[1,  6460] loss: 4.147
[1,  6480] loss: 3.025
[1,  6500] loss: 3.404
[1,  6520] loss: 2.573
[1,  6540] loss: 2.802
[1,  6560] loss: 3.656
[1,  6580] loss: 1.877
[1,  6600] loss: 2.920
[1,  6620] loss: 2.495
[1,  6640] loss: 3.746
[1,  6660] loss: 4.014
[1,  6680] loss: 3.716
[1,  6700] loss: 3.077
[1,  6720] loss: 3.805
[1,  6740] loss: 1.274
[1,  6760] loss: 3.249
[1,  6780] loss: 2.677
[1,  6800] loss: 10.310
[1,  6820] loss: 6.545
[1,  6840] loss: 4.555
[1,  6860] loss: 3.301
[1,  6880] loss: 2.791
[1,  6900] loss: 3.366
[1,  6920] loss: 2.892
[1,  6940] loss: 1.278
[1,  6960] loss: 1.923
[1,  6980] loss: 2.076
[1,  7000] loss: 1.072
[1,  7020] loss: 2.239
[1,  7040] loss: 2.681
[1,  7060] loss: 2.354
[1,  7080] loss: 1.921
[1,  7100] loss: 1.897
[1,  7120] loss: 1.933
[1,  7140] loss: 3.251
[1,  7160] loss: 1.006
[1,  7180] loss: 4.120
[1,  7200] loss: 2.849
[1,  7220] loss: 1.696
[1,  7240] loss: 2.800
[1,  7260] loss: 2.897
[1,  7280] loss: 2.337
[1,  7300] loss: 1.808
[1,  7320] loss: 2.048
[1,  7340] loss: 3.294
[1,  7360] loss: 5.836
[1,  7380] loss: 2.827
[1,  7400] loss: 1.210
[1,  7420] loss: 2.095
[1,  7440] loss: 1.141
[1,  7460] loss: 3.734
[1,  7480] loss: 3.972
[1,  7500] loss: 5.304
[1,  7520] loss: 2.130
[1,  7540] loss: 2.364
[1,  7560] loss: 2.485
[1,  7580] loss: 3.844
[1,  7600] loss: 4.773
[1,  7620] loss: 1.983
[1,  7640] loss: 2.630
[1,  7660] loss: 2.409
[1,  7680] loss: 1.386
[1,  7700] loss: 4.181
[1,  7720] loss: 2.345
[1,  7740] loss: 1.550
[1,  7760] loss: 1.086
[1,  7780] loss: 0.703
[1,  7800] loss: 2.295
[1,  7820] loss: 1.902
[1,  7840] loss: 2.196
[1,  7860] loss: 1.654
[1,  7880] loss: 2.328
[1,  7900] loss: 3.010
[1,  7920] loss: 3.453
[1,  7940] loss: 1.219
[1,  7960] loss: 2.468
[1,  7980] loss: 2.650
[1,  8000] loss: 1.784
[1,  8020] loss: 2.438
[1,  8040] loss: 3.532
[1,  8060] loss: 1.635
[1,  8080] loss: 2.326
[1,  8100] loss: 3.423
[1,  8120] loss: 2.308
[1,  8140] loss: 1.835
[1,  8160] loss: 1.639
[1,  8180] loss: 2.614
[1,  8200] loss: 1.391
[1,  8220] loss: 2.866
[1,  8240] loss: 3.470
[1,  8260] loss: 1.335
[1,  8280] loss: 1.970
[1,  8300] loss: 2.858
[1,  8320] loss: 1.974
[1,  8340] loss: 5.080
[1,  8360] loss: 5.836
[1,  8380] loss: 0.908
[1,  8400] loss: 1.398
[1,  8420] loss: 1.027
[1,  8440] loss: 1.797
[1,  8460] loss: 1.781
[1,  8480] loss: 0.583
[1,  8500] loss: 0.653
[1,  8520] loss: 1.762
[1,  8540] loss: 4.071
[1,  8560] loss: 2.037
[1,  8580] loss: 1.819
[1,  8600] loss: 1.194
[1,  8620] loss: 2.200
[1,  8640] loss: 1.022
[1,  8660] loss: 1.579
[1,  8680] loss: 0.705
[1,  8700] loss: 1.257
[1,  8720] loss: 0.790
[1,  8740] loss: 1.008
[1,  8760] loss: 1.781
[1,  8780] loss: 1.429
[1,  8800] loss: 1.278
[1,  8820] loss: 2.343
[1,  8840] loss: 1.735
[1,  8860] loss: 2.333
[1,  8880] loss: 1.798
[1,  8900] loss: 2.659
[1,  8920] loss: 7.683
[1,  8940] loss: 5.954
[1,  8960] loss: 2.881
[1,  8980] loss: 1.314
[1,  9000] loss: 0.787
[1,  9020] loss: 1.027
[1,  9040] loss: 0.729
[1,  9060] loss: 1.382
[1,  9080] loss: 1.728
[1,  9100] loss: 1.903
[1,  9120] loss: 2.738
[1,  9140] loss: 2.174
[1,  9160] loss: 3.071
[1,  9180] loss: 4.311
[1,  9200] loss: 5.156
[1,  9220] loss: 4.248
[1,  9240] loss: 2.260
[1,  9260] loss: 1.556
[1,  9280] loss: 1.332
[1,  9300] loss: 1.706
[1,  9320] loss: 1.598
[1,  9340] loss: 0.571
[1,  9360] loss: 1.248
[1,  9380] loss: 1.814
[1,  9400] loss: 0.998
[1,  9420] loss: 1.100
[1,  9440] loss: 0.898
[1,  9460] loss: 1.362
[1,  9480] loss: 2.115
[1,  9500] loss: 6.638
[1,  9520] loss: 5.271
[1,  9540] loss: 4.672
[1,  9560] loss: 10.802
[1,  9580] loss: 12.611
[1,  9600] loss: 9.383
[1,  9620] loss: 3.758
[1,  9640] loss: 1.631
[1,  9660] loss: 3.311
[1,  9680] loss: 2.717
[1,  9700] loss: 1.919
[1,  9720] loss: 1.257
[1,  9740] loss: 1.267
[1,  9760] loss: 1.616
[1,  9780] loss: 0.988
[1,  9800] loss: 1.084
[1,  9820] loss: 1.112
[1,  9840] loss: 1.867
[1,  9860] loss: 1.979
[1,  9880] loss: 1.760
[1,  9900] loss: 1.779
[1,  9920] loss: 0.694
[1,  9940] loss: 0.687
[1,  9960] loss: 2.472
[1,  9980] loss: 4.983
[1, 10000] loss: 2.749
[1, 10020] loss: 1.924
[1, 10040] loss: 2.883
[1, 10060] loss: 0.987
[1, 10080] loss: 1.495
[1, 10100] loss: 0.576
[1, 10120] loss: 0.750
[1, 10140] loss: 0.938
[1, 10160] loss: 0.486
[1, 10180] loss: 0.366
[1, 10200] loss: 0.505
[1, 10220] loss: 0.578
[1, 10240] loss: 0.731
[1, 10260] loss: 0.406
[1, 10280] loss: 0.954
[1, 10300] loss: 1.483
[1, 10320] loss: 1.129
[1, 10340] loss: 1.243
[1, 10360] loss: 0.865
[1, 10380] loss: 0.805
[1, 10400] loss: 0.514
[1, 10420] loss: 0.529
[1, 10440] loss: 0.304
[1, 10460] loss: 0.397
[1, 10480] loss: 0.316
[1, 10500] loss: 0.384
[1, 10520] loss: 0.374
[1, 10540] loss: 0.387
[1, 10560] loss: 0.940
[1, 10580] loss: 1.319
[1, 10600] loss: 1.693
[1, 10620] loss: 0.993
[1, 10640] loss: 0.975
[1, 10660] loss: 0.624
[1, 10680] loss: 0.567
[1, 10700] loss: 2.127
[1, 10720] loss: 6.055
[1, 10740] loss: 6.068
[1, 10760] loss: 6.198
[1, 10780] loss: 4.316
[1, 10800] loss: 2.508
[1, 10820] loss: 0.779
[1, 10840] loss: 0.937
[1, 10860] loss: 1.041
[1, 10880] loss: 0.490
[1, 10900] loss: 0.449
[1, 10920] loss: 0.343
[1, 10940] loss: 0.299
[1, 10960] loss: 0.847
[1, 10980] loss: 0.746
[1, 11000] loss: 0.520
[1, 11020] loss: 1.072
[1, 11040] loss: 2.340
[1, 11060] loss: 0.395
[1, 11080] loss: 0.972
[1, 11100] loss: 1.528
[1, 11120] loss: 0.841
[1, 11140] loss: 0.752
[1, 11160] loss: 0.729
[1, 11180] loss: 0.648
[1, 11200] loss: 0.645
[1, 11220] loss: 0.260
[1, 11240] loss: 0.496
[1, 11260] loss: 0.425
[1, 11280] loss: 0.556
[1, 11300] loss: 0.297
[1, 11320] loss: 1.264
[1, 11340] loss: 0.554
[1, 11360] loss: 0.187
[1, 11380] loss: 0.271
[1, 11400] loss: 0.349
[1, 11420] loss: 0.476
[1, 11440] loss: 0.166
[1, 11460] loss: 0.750
[1, 11480] loss: 0.431
[1, 11500] loss: 1.706
[1, 11520] loss: 0.595
[1, 11540] loss: 0.569
[1, 11560] loss: 0.520
[1, 11580] loss: 0.678
[1, 11600] loss: 0.545
[1, 11620] loss: 0.488
[1, 11640] loss: 0.226
[1, 11660] loss: 0.457
[1, 11680] loss: 0.436
[1, 11700] loss: 0.359
[1, 11720] loss: 0.557
[1, 11740] loss: 0.516
[1, 11760] loss: 0.240
[1, 11780] loss: 0.583
[1, 11800] loss: 2.055
[1, 11820] loss: 0.874
[1, 11840] loss: 0.388
[1, 11860] loss: 0.243
[1, 11880] loss: 0.904
[1, 11900] loss: 1.400
[1, 11920] loss: 2.000
[1, 11940] loss: 1.060
[1, 11960] loss: 0.813
[1, 11980] loss: 0.636
[1, 12000] loss: 0.433
[1, 12020] loss: 0.467
[1, 12040] loss: 0.179
[1, 12060] loss: 0.144
[1, 12080] loss: 0.116
[1, 12100] loss: 0.203
[1, 12120] loss: 0.294
[1, 12140] loss: 0.354
[1, 12160] loss: 1.045
[1, 12180] loss: 0.652
[1, 12200] loss: 0.779
[1, 12220] loss: 0.797
[1, 12240] loss: 0.527
[1, 12260] loss: 0.279
[1, 12280] loss: 0.699
[1, 12300] loss: 0.375
[1, 12320] loss: 0.248
[1, 12340] loss: 0.781
[1, 12360] loss: 0.967
[1, 12380] loss: 0.555
[1, 12400] loss: 0.707
[1, 12420] loss: 0.707
[1, 12440] loss: 0.892
[1, 12460] loss: 0.674
[1, 12480] loss: 0.859
[1, 12500] loss: 0.155
[1, 12520] loss: 0.221
[1, 12540] loss: 0.288
[1, 12560] loss: 0.304
[1, 12580] loss: 0.872
[1, 12600] loss: 0.976
[1, 12620] loss: 0.704
[1, 12640] loss: 0.891
[1, 12660] loss: 0.555
[1, 12680] loss: 0.314
[1, 12700] loss: 0.647
[1, 12720] loss: 0.298
[1, 12740] loss: 0.507
[1, 12760] loss: 0.172
[1, 12780] loss: 0.369
[1, 12800] loss: 0.487
[1, 12820] loss: 0.734
[1, 12840] loss: 2.840
[1, 12860] loss: 2.719
[1, 12880] loss: 1.091
[1, 12900] loss: 2.846
[1, 12920] loss: 1.618
[1, 12940] loss: 1.776
[1, 12960] loss: 0.988
[1, 12980] loss: 0.495
[1, 13000] loss: 1.005
[1, 13020] loss: 0.624
[1, 13040] loss: 0.620
[1, 13060] loss: 0.484
[1, 13080] loss: 0.338
[1, 13100] loss: 0.193
[1, 13120] loss: 0.254
[1, 13140] loss: 0.283
[1, 13160] loss: 0.250
[1, 13180] loss: 0.202
[1, 13200] loss: 0.121
[1, 13220] loss: 0.293
[1, 13240] loss: 0.229
[1, 13260] loss: 0.198
[1, 13280] loss: 0.173
[1, 13300] loss: 0.241
[1, 13320] loss: 0.161
[1, 13340] loss: 0.246
[1, 13360] loss: 0.360
[1, 13380] loss: 0.316
[1, 13400] loss: 0.365
[1, 13420] loss: 0.134
[1, 13440] loss: 0.217
[1, 13460] loss: 0.178
[1, 13480] loss: 0.215
[1, 13500] loss: 0.113
[1, 13520] loss: 0.203
[1, 13540] loss: 0.189
[1, 13560] loss: 0.185
[1, 13580] loss: 0.166
[1, 13600] loss: 0.225
[1, 13620] loss: 0.150
[1, 13640] loss: 0.447
[1, 13660] loss: 0.546
[1, 13680] loss: 0.719
[1, 13700] loss: 0.643
[1, 13720] loss: 0.554
[1, 13740] loss: 0.809
[1, 13760] loss: 0.275
[1, 13780] loss: 0.241
[1, 13800] loss: 0.318
[1, 13820] loss: 0.228
[1, 13840] loss: 0.133
[1, 13860] loss: 0.135
[1, 13880] loss: 0.350
[1, 13900] loss: 0.208
[1, 13920] loss: 0.468
[1, 13940] loss: 0.282
[1, 13960] loss: 0.300
[1, 13980] loss: 0.395
[1, 14000] loss: 0.345
[1, 14020] loss: 0.280
[1, 14040] loss: 0.174
[1, 14060] loss: 0.190
[1, 14080] loss: 0.168
[1, 14100] loss: 0.259
[1, 14120] loss: 0.229
[1, 14140] loss: 0.270
[1, 14160] loss: 0.543
[1, 14180] loss: 0.363
[1, 14200] loss: 0.454
[1, 14220] loss: 0.209
[1, 14240] loss: 0.152
[1, 14260] loss: 0.341
[1, 14280] loss: 0.265
[1, 14300] loss: 0.511
[1, 14320] loss: 0.345
[1, 14340] loss: 0.233
[1, 14360] loss: 0.153
[1, 14380] loss: 0.109
[1, 14400] loss: 0.073
[1, 14420] loss: 0.153
[1, 14440] loss: 0.220
[1, 14460] loss: 0.168
[1, 14480] loss: 0.220
[1, 14500] loss: 0.352
[1, 14520] loss: 0.420
[1, 14540] loss: 0.409
[1, 14560] loss: 0.161
[1, 14580] loss: 0.195
[1, 14600] loss: 0.418
[1, 14620] loss: 0.362
[1, 14640] loss: 0.307
[1, 14660] loss: 0.334
[1, 14680] loss: 0.144
[1, 14700] loss: 0.545
[1, 14720] loss: 0.583
[1, 14740] loss: 0.348
[1, 14760] loss: 0.262
[1, 14780] loss: 0.508
[1, 14800] loss: 0.341
[1, 14820] loss: 0.370
[1, 14840] loss: 0.517
[1, 14860] loss: 0.331
[1, 14880] loss: 0.132
[1, 14900] loss: 0.295
[1, 14920] loss: 0.279
[1, 14940] loss: 0.391
[1, 14960] loss: 0.230
[1, 14980] loss: 0.178
[1, 15000] loss: 0.227
[1, 15020] loss: 0.265
[1, 15040] loss: 0.410
[1, 15060] loss: 0.851
[1, 15080] loss: 0.308
[1, 15100] loss: 0.451
[1, 15120] loss: 0.512
[1, 15140] loss: 0.529
[1, 15160] loss: 0.264
[1, 15180] loss: 0.222
[1, 15200] loss: 0.250
[1, 15220] loss: 0.126
[1, 15240] loss: 0.086
[1, 15260] loss: 0.156
[1, 15280] loss: 0.190
[1, 15300] loss: 0.218
[1, 15320] loss: 0.345
[1, 15340] loss: 0.662
[1, 15360] loss: 0.663
[1, 15380] loss: 0.692
[1, 15400] loss: 3.224
[1, 15420] loss: 6.018
[1, 15440] loss: 161019.125
[1, 15460] loss: 257879.306
[1, 15480] loss: 15708.273
[1, 15500] loss: 409.800
[1, 15520] loss: 85.579
[1, 15540] loss: 63.229
[1, 15560] loss: 43.724
[1, 15580] loss: 28.708
[1, 15600] loss: 34.990
[1, 15620] loss: 18.210
[1, 15640] loss: 22.055
[1, 15660] loss: 10.892
[1, 15680] loss: 9.140
[1, 15700] loss: 5.004
[1, 15720] loss: 5.591
[1, 15740] loss: 9.716
[1, 15760] loss: 4.626
[1, 15780] loss: 8.815
[1, 15800] loss: 4.183
[1, 15820] loss: 6.387
[1, 15840] loss: 7.021
[1, 15860] loss: 6.700
[1, 15880] loss: 4.121
[1, 15900] loss: 4.005
[1, 15920] loss: 6.287
[1, 15940] loss: 6.619
[1, 15960] loss: 2.531
[1, 15980] loss: 3.304
[1, 16000] loss: 4.494
[1, 16020] loss: 4.552
[1, 16040] loss: 1.795
[1, 16060] loss: 2.471
[1, 16080] loss: 2.085
[1, 16100] loss: 4.530
[1, 16120] loss: 3.608
[1, 16140] loss: 2.444
[1, 16160] loss: 2.453
[1, 16180] loss: 0.985
[1, 16200] loss: 1.962
[1, 16220] loss: 1.326
[1, 16240] loss: 1.408
[1, 16260] loss: 1.172
[1, 16280] loss: 1.727
[1, 16300] loss: 1.392
[1, 16320] loss: 0.716
[1, 16340] loss: 2.151
[1, 16360] loss: 1.380
[1, 16380] loss: 1.445
[1, 16400] loss: 1.275
[1, 16420] loss: 0.904
[1, 16440] loss: 1.574
[1, 16460] loss: 1.038
[1, 16480] loss: 1.208
[1, 16500] loss: 2.280
[1, 16520] loss: 0.873
[1, 16540] loss: 1.467
[1, 16560] loss: 1.586
[1, 16580] loss: 1.503
[1, 16600] loss: 0.673
[1, 16620] loss: 1.354
[1, 16640] loss: 1.603
[1, 16660] loss: 1.014
[1, 16680] loss: 0.984
[1, 16700] loss: 1.188
[1, 16720] loss: 1.458
[1, 16740] loss: 1.943
[1, 16760] loss: 1.025
[1, 16780] loss: 0.665
[1, 16800] loss: 1.062
[1, 16820] loss: 1.200
[1, 16840] loss: 0.933
[1, 16860] loss: 0.605
[1, 16880] loss: 1.079
[1, 16900] loss: 1.532
[1, 16920] loss: 1.714
[1, 16940] loss: 2.574
[1, 16960] loss: 1.293
[1, 16980] loss: 1.797
[1, 17000] loss: 1.461
[1, 17020] loss: 1.283
[1, 17040] loss: 0.963
[1, 17060] loss: 2.411
[1, 17080] loss: 2.946
[1, 17100] loss: 1.136
[1, 17120] loss: 1.123
[1, 17140] loss: 0.817
[1, 17160] loss: 0.995
[1, 17180] loss: 1.979
[1, 17200] loss: 2.019
[1, 17220] loss: 1.714
[1, 17240] loss: 1.056
[1, 17260] loss: 0.983
[1, 17280] loss: 0.561
[1, 17300] loss: 0.802
[1, 17320] loss: 0.671
[1, 17340] loss: 1.402
[1, 17360] loss: 0.840
[1, 17380] loss: 0.710
[1, 17400] loss: 1.133
[1, 17420] loss: 1.005
[1, 17440] loss: 0.798
[1, 17460] loss: 0.509
[1, 17480] loss: 0.873
[1, 17500] loss: 1.031
[1, 17520] loss: 0.442
[1, 17540] loss: 0.723
[1, 17560] loss: 1.399
[1, 17580] loss: 0.565
[1, 17600] loss: 1.531
[1, 17620] loss: 1.041
[1, 17640] loss: 0.463
[1, 17660] loss: 1.443
[1, 17680] loss: 1.779
[1, 17700] loss: 3.433
[1, 17720] loss: 1.211
[1, 17740] loss: 1.770
[1, 17760] loss: 1.654
[1, 17780] loss: 0.741
[1, 17800] loss: 1.278
[1, 17820] loss: 0.921
[1, 17840] loss: 0.749
[1, 17860] loss: 1.119
[1, 17880] loss: 0.963
[1, 17900] loss: 0.328
[1, 17920] loss: 0.856
[1, 17940] loss: 0.345
[1, 17960] loss: 0.791
[1, 17980] loss: 1.832
[1, 18000] loss: 0.688
[1, 18020] loss: 0.631
[1, 18040] loss: 0.447
[1, 18060] loss: 0.558
[1, 18080] loss: 1.255
[1, 18100] loss: 1.417
[1, 18120] loss: 1.455
[1, 18140] loss: 1.725
[1, 18160] loss: 2.067
[1, 18180] loss: 0.574
[1, 18200] loss: 1.802
[1, 18220] loss: 3.050
[1, 18240] loss: 1.676
[1, 18260] loss: 1.552
[1, 18280] loss: 0.760
[1, 18300] loss: 1.254
[1, 18320] loss: 2.526
[1, 18340] loss: 1.334
[1, 18360] loss: 0.624
[1, 18380] loss: 0.837
[1, 18400] loss: 0.591
[1, 18420] loss: 0.923
[1, 18440] loss: 1.861
[1, 18460] loss: 0.766
[1, 18480] loss: 0.663
[1, 18500] loss: 1.033
[1, 18520] loss: 2.009
[1, 18540] loss: 2.331
[1, 18560] loss: 1.092
[1, 18580] loss: 1.062
[1, 18600] loss: 0.490
[1, 18620] loss: 0.644
[1, 18640] loss: 2.055
[1, 18660] loss: 2.811
[1, 18680] loss: 4.295
[1, 18700] loss: 4.470
[1, 18720] loss: 3.546
[1, 18740] loss: 2.517
[1, 18760] loss: 0.631
[1, 18780] loss: 0.459
[1, 18800] loss: 0.282
[1, 18820] loss: 0.705
[1, 18840] loss: 0.937
[1, 18860] loss: 1.073
[1, 18880] loss: 1.212
[1, 18900] loss: 1.460
[1, 18920] loss: 1.913
[1, 18940] loss: 0.506
[1, 18960] loss: 0.396
[1, 18980] loss: 0.784
[1, 19000] loss: 1.431
[1, 19020] loss: 0.635
[1, 19040] loss: 0.292
[1, 19060] loss: 0.254
[1, 19080] loss: 0.585
[1, 19100] loss: 0.387
[1, 19120] loss: 0.642
[1, 19140] loss: 0.237
[1, 19160] loss: 0.461
[1, 19180] loss: 1.237
[1, 19200] loss: 2.063
[1, 19220] loss: 0.399
[1, 19240] loss: 0.673
[1, 19260] loss: 1.791
[1, 19280] loss: 1.378
[1, 19300] loss: 1.353
[1, 19320] loss: 1.129
[1, 19340] loss: 0.712
[1, 19360] loss: 0.424
[1, 19380] loss: 0.565
[1, 19400] loss: 0.814
[1, 19420] loss: 0.911
[1, 19440] loss: 0.676
[1, 19460] loss: 3.770
[1, 19480] loss: 8.585
[1, 19500] loss: 10.612
[1, 19520] loss: 37.950
[1, 19540] loss: 84.960
[1, 19560] loss: 52.776
[1, 19580] loss: 84.920
[1, 19600] loss: 21.311
[1, 19620] loss: 3.466
[1, 19640] loss: 0.899
[1, 19660] loss: 0.705
[1, 19680] loss: 0.571
[1, 19700] loss: 0.340
[1, 19720] loss: 0.655
[1, 19740] loss: 0.759
[1, 19760] loss: 0.661
[1, 19780] loss: 0.330
[1, 19800] loss: 0.878
[1, 19820] loss: 0.267
[1, 19840] loss: 0.200
[1, 19860] loss: 0.350
[1, 19880] loss: 0.234
[1, 19900] loss: 0.207
[1, 19920] loss: 0.337
[1, 19940] loss: 0.354
[1, 19960] loss: 0.702
[1, 19980] loss: 0.424
[1, 20000] loss: 0.289
[1, 20020] loss: 0.522
[1, 20040] loss: 0.220
[1, 20060] loss: 0.286
[1, 20080] loss: 0.383
[1, 20100] loss: 0.296
[1, 20120] loss: 0.167
[1, 20140] loss: 0.354
[1, 20160] loss: 0.357
[1, 20180] loss: 0.176
[1, 20200] loss: 0.365
[1, 20220] loss: 0.363
[1, 20240] loss: 0.331
[1, 20260] loss: 0.358
[1, 20280] loss: 0.481
[1, 20300] loss: 0.303
[1, 20320] loss: 0.479
[1, 20340] loss: 0.339
[1, 20360] loss: 0.366
[1, 20380] loss: 0.209
[1, 20400] loss: 0.174
[1, 20420] loss: 0.231
[1, 20440] loss: 0.116
[1, 20460] loss: 0.270
[1, 20480] loss: 0.807
[1, 20500] loss: 0.481
[1, 20520] loss: 1.119
[1, 20540] loss: 0.708
[1, 20560] loss: 0.183
[1, 20580] loss: 0.677
[1, 20600] loss: 0.637
[1, 20620] loss: 0.789
[1, 20640] loss: 0.407
[1, 20660] loss: 0.355
[1, 20680] loss: 0.285
[1, 20700] loss: 0.480
[1, 20720] loss: 0.457
[1, 20740] loss: 0.282
[1, 20760] loss: 0.469
[1, 20780] loss: 0.263
[1, 20800] loss: 0.113
[1, 20820] loss: 0.288
[1, 20840] loss: 0.151
[1, 20860] loss: 0.215
[1, 20880] loss: 0.588
[1, 20900] loss: 0.292
[1, 20920] loss: 0.352
[1, 20940] loss: 0.342
[1, 20960] loss: 0.453
[1, 20980] loss: 0.277
[1, 21000] loss: 0.241
[1, 21020] loss: 0.375
[1, 21040] loss: 0.469
[1, 21060] loss: 0.466
[1, 21080] loss: 0.478
[1, 21100] loss: 0.452
[1, 21120] loss: 0.697
[1, 21140] loss: 0.365
[1, 21160] loss: 0.450
[1, 21180] loss: 0.530
[1, 21200] loss: 0.374
[1, 21220] loss: 0.225
[1, 21240] loss: 0.339
[1, 21260] loss: 0.325
[1, 21280] loss: 0.323
[1, 21300] loss: 0.217
[1, 21320] loss: 0.850
[1, 21340] loss: 0.705
[1, 21360] loss: 0.614
[1, 21380] loss: 2.553
[1, 21400] loss: 1.410
[1, 21420] loss: 0.477
[1, 21440] loss: 0.197
[1, 21460] loss: 0.254
[1, 21480] loss: 0.170
[1, 21500] loss: 0.280
[1, 21520] loss: 0.257
[1, 21540] loss: 0.391
[1, 21560] loss: 0.334
[1, 21580] loss: 0.516
[1, 21600] loss: 0.350
[1, 21620] loss: 0.961
[1, 21640] loss: 0.169
[1, 21660] loss: 0.580
[1, 21680] loss: 1.733
[1, 21700] loss: 4.370
[1, 21720] loss: 3.372
[1, 21740] loss: 2.321
[1, 21760] loss: 3.249
[1, 21780] loss: 3.182
[1, 21800] loss: 2.273
[1, 21820] loss: 0.896
[1, 21840] loss: 2.851
[1, 21860] loss: 1.582
[1, 21880] loss: 1.784
[1, 21900] loss: 0.530
[1, 21920] loss: 0.265
[1, 21940] loss: 0.917
[1, 21960] loss: 0.185
[1, 21980] loss: 0.442
[1, 22000] loss: 0.293
[1, 22020] loss: 0.122
[1, 22040] loss: 0.219
[1, 22060] loss: 0.466
[1, 22080] loss: 0.199
[1, 22100] loss: 0.104
[1, 22120] loss: 0.209
[1, 22140] loss: 0.275
[1, 22160] loss: 0.185
[1, 22180] loss: 0.448
[1, 22200] loss: 0.234
[1, 22220] loss: 0.223
[1, 22240] loss: 0.180
[1, 22260] loss: 0.107
[1, 22280] loss: 0.279
[1, 22300] loss: 0.380
[1, 22320] loss: 0.138
[1, 22340] loss: 0.166
[1, 22360] loss: 0.635
[1, 22380] loss: 0.482
[1, 22400] loss: 1.399
[1, 22420] loss: 6.543
[1, 22440] loss: 11.323
[1, 22460] loss: 44.794
[1, 22480] loss: 21.585
[1, 22500] loss: 5.455
[1, 22520] loss: 2.633
[1, 22540] loss: 1.354
[1, 22560] loss: 0.307
[1, 22580] loss: 0.936
[1, 22600] loss: 1.065
[1, 22620] loss: 0.888
[1, 22640] loss: 0.713
[1, 22660] loss: 0.270
[1, 22680] loss: 0.368
[1, 22700] loss: 0.248
[1, 22720] loss: 0.148
[1, 22740] loss: 0.257
[1, 22760] loss: 0.141
[1, 22780] loss: 0.191
[1, 22800] loss: 0.124
[1, 22820] loss: 0.133
[1, 22840] loss: 0.231
[1, 22860] loss: 0.087
[1, 22880] loss: 0.435
[1, 22900] loss: 0.400
[1, 22920] loss: 0.292
[1, 22940] loss: 0.452
[1, 22960] loss: 0.195
[1, 22980] loss: 0.078
[1, 23000] loss: 0.099
[1, 23020] loss: 0.052
[1, 23040] loss: 0.094
[1, 23060] loss: 0.101
[1, 23080] loss: 0.106
[1, 23100] loss: 0.113
[1, 23120] loss: 0.169
[1, 23140] loss: 0.085
[1, 23160] loss: 0.207
[1, 23180] loss: 0.068
[1, 23200] loss: 0.096
[1, 23220] loss: 0.101
[1, 23240] loss: 0.160
[1, 23260] loss: 0.308
[1, 23280] loss: 0.127
[1, 23300] loss: 0.123
[1, 23320] loss: 0.184
[1, 23340] loss: 0.343
[1, 23360] loss: 0.109
[1, 23380] loss: 0.144
[1, 23400] loss: 0.029
[1, 23420] loss: 0.056
[1, 23440] loss: 0.312
[1, 23460] loss: 0.182
[1, 23480] loss: 0.069
[1, 23500] loss: 0.055
[1, 23520] loss: 0.168
[1, 23540] loss: 0.470
[1, 23560] loss: 0.260
[1, 23580] loss: 0.171
[1, 23600] loss: 0.253
[1, 23620] loss: 0.197
[1, 23640] loss: 0.186
[1, 23660] loss: 0.435
[1, 23680] loss: 0.094
[1, 23700] loss: 0.233
[1, 23720] loss: 0.073
[1, 23740] loss: 0.190
[1, 23760] loss: 0.130
[1, 23780] loss: 0.107
[1, 23800] loss: 0.150
[1, 23820] loss: 0.100
[1, 23840] loss: 0.132
[1, 23860] loss: 0.060
[1, 23880] loss: 0.206
[1, 23900] loss: 0.171
[1, 23920] loss: 0.464
[1, 23940] loss: 0.493
[1, 23960] loss: 0.301
[1, 23980] loss: 0.402
[1, 24000] loss: 0.146
[1, 24020] loss: 0.319
[1, 24040] loss: 0.363
[1, 24060] loss: 0.240
[1, 24080] loss: 0.291
[1, 24100] loss: 0.293
[1, 24120] loss: 0.430
[1, 24140] loss: 0.082
[1, 24160] loss: 0.135
[1, 24180] loss: 0.088
[1, 24200] loss: 0.314
[1, 24220] loss: 0.148
[1, 24240] loss: 0.113
[1, 24260] loss: 0.060
[1, 24280] loss: 0.079
[1, 24300] loss: 0.134
[1, 24320] loss: 0.096
[1, 24340] loss: 0.180
[1, 24360] loss: 0.402
[1, 24380] loss: 0.052
[1, 24400] loss: 0.264
[1, 24420] loss: 0.240
[1, 24440] loss: 0.237
[1, 24460] loss: 0.198
[1, 24480] loss: 0.193
[1, 24500] loss: 0.081
[1, 24520] loss: 0.197
[1, 24540] loss: 0.254
[1, 24560] loss: 0.339
[1, 24580] loss: 0.179
[1, 24600] loss: 0.174
[1, 24620] loss: 0.248
[1, 24640] loss: 0.240
[1, 24660] loss: 0.333
[1, 24680] loss: 0.695
[1, 24700] loss: 0.077
[1, 24720] loss: 0.106
[1, 24740] loss: 0.206
[1, 24760] loss: 0.274
[1, 24780] loss: 0.114
[1, 24800] loss: 0.080
[1, 24820] loss: 0.182
[1, 24840] loss: 0.104
[1, 24860] loss: 0.957
[1, 24880] loss: 0.537
[1, 24900] loss: 0.735
[1, 24920] loss: 0.749
[1, 24940] loss: 0.550
[1, 24960] loss: 0.137
[1, 24980] loss: 0.142
[1, 25000] loss: 0.494
[1, 25020] loss: 0.378
[1, 25040] loss: 0.172
[1, 25060] loss: 0.148
[1, 25080] loss: 0.226
[1, 25100] loss: 0.222
[1, 25120] loss: 0.093
[1, 25140] loss: 0.045
[1, 25160] loss: 0.171
[1, 25180] loss: 0.117
[1, 25200] loss: 0.497
[1, 25220] loss: 1.094
[1, 25240] loss: 2.493
[1, 25260] loss: 2.362
[1, 25280] loss: 1.272
[1, 25300] loss: 1.527
[1, 25320] loss: 2.752
[1, 25340] loss: 1.304
[1, 25360] loss: 0.614
[1, 25380] loss: 0.411
[1, 25400] loss: 0.198
[1, 25420] loss: 0.305
[1, 25440] loss: 0.102
[1, 25460] loss: 0.082
[1, 25480] loss: 0.147
[1, 25500] loss: 0.363
[1, 25520] loss: 0.243
[1, 25540] loss: 0.194
[1, 25560] loss: 0.168
[1, 25580] loss: 0.163
[1, 25600] loss: 0.100
[1, 25620] loss: 0.294
[1, 25640] loss: 0.329
[1, 25660] loss: 0.172
[1, 25680] loss: 0.150
[1, 25700] loss: 0.099
[1, 25720] loss: 0.114
[1, 25740] loss: 0.094
[1, 25760] loss: 0.165
[1, 25780] loss: 0.261
[1, 25800] loss: 0.031
[1, 25820] loss: 0.061
[1, 25840] loss: 0.123
[1, 25860] loss: 0.094
[1, 25880] loss: 0.199
[1, 25900] loss: 0.228
[1, 25920] loss: 0.099
[1, 25940] loss: 0.132
[1, 25960] loss: 0.141
[1, 25980] loss: 0.067
[1, 26000] loss: 0.164
[1, 26020] loss: 0.098
[1, 26040] loss: 0.035
[1, 26060] loss: 0.164
[1, 26080] loss: 0.089
[1, 26100] loss: 0.111
[1, 26120] loss: 0.120
[1, 26140] loss: 0.339
[1, 26160] loss: 0.157
[1, 26180] loss: 0.240
[1, 26200] loss: 0.436
[1, 26220] loss: 0.351
[1, 26240] loss: 0.349
[1, 26260] loss: 0.225
[1, 26280] loss: 0.114
[1, 26300] loss: 0.175
[1, 26320] loss: 0.136
[1, 26340] loss: 0.260
[1, 26360] loss: 0.113
[1, 26380] loss: 0.149
[1, 26400] loss: 0.090
[1, 26420] loss: 0.088
[1, 26440] loss: 0.094
[1, 26460] loss: 0.266
[1, 26480] loss: 0.278
[1, 26500] loss: 0.335
[1, 26520] loss: 0.086
[1, 26540] loss: 0.119
[1, 26560] loss: 0.415
[1, 26580] loss: 0.380
[1, 26600] loss: 0.458
[1, 26620] loss: 0.196
[1, 26640] loss: 0.198
[1, 26660] loss: 0.242
[1, 26680] loss: 0.315
[1, 26700] loss: 0.106
[1, 26720] loss: 0.073
[1, 26740] loss: 0.155
[1, 26760] loss: 0.277
[1, 26780] loss: 0.189
[1, 26800] loss: 0.073
[1, 26820] loss: 0.179
[1, 26840] loss: 0.091
[1, 26860] loss: 0.188
[1, 26880] loss: 0.136
[1, 26900] loss: 0.285
[1, 26920] loss: 0.202
[1, 26940] loss: 0.067
[1, 26960] loss: 0.074
[1, 26980] loss: 0.153
[1, 27000] loss: 0.296
[1, 27020] loss: 0.144
[1, 27040] loss: 0.073
[1, 27060] loss: 0.255
[1, 27080] loss: 0.260
[1, 27100] loss: 0.079
[1, 27120] loss: 0.320
[1, 27140] loss: 0.091
[1, 27160] loss: 0.091
[1, 27180] loss: 0.193
[1, 27200] loss: 0.280
[1, 27220] loss: 0.066
[1, 27240] loss: 0.236
[1, 27260] loss: 0.116
[1, 27280] loss: 0.128
[1, 27300] loss: 0.122
[1, 27320] loss: 0.183
[1, 27340] loss: 0.286
[1, 27360] loss: 0.177
[1, 27380] loss: 0.286
[1, 27400] loss: 0.177
[1, 27420] loss: 0.073
[1, 27440] loss: 0.067
[1, 27460] loss: 0.328
[1, 27480] loss: 0.095
[1, 27500] loss: 0.098
[1, 27520] loss: 0.067
[1, 27540] loss: 0.088
[1, 27560] loss: 0.298
[1, 27580] loss: 0.260
[1, 27600] loss: 0.076
[1, 27620] loss: 0.165
[1, 27640] loss: 0.109
[1, 27660] loss: 0.067
[1, 27680] loss: 0.125
[1, 27700] loss: 0.164
[1, 27720] loss: 0.070
[1, 27740] loss: 0.061
[1, 27760] loss: 0.076
[1, 27780] loss: 0.403
[1, 27800] loss: 0.280
[1, 27820] loss: 0.307
[1, 27840] loss: 1.458
[1, 27860] loss: 2.650
[1, 27880] loss: 2.733
[1, 27900] loss: 26.661
[1, 27920] loss: 6.218
[1, 27940] loss: 9.642
[1, 27960] loss: 1.578
[1, 27980] loss: 1.170
[1, 28000] loss: 0.188
[1, 28020] loss: 0.154
[1, 28040] loss: 0.135
[1, 28060] loss: 0.138
[1, 28080] loss: 0.107
[1, 28100] loss: 0.033
[1, 28120] loss: 0.189
[1, 28140] loss: 0.163
[1, 28160] loss: 0.094
[1, 28180] loss: 0.047
[1, 28200] loss: 0.187
[1, 28220] loss: 0.211
[1, 28240] loss: 0.080
[1, 28260] loss: 0.251
[1, 28280] loss: 0.082
[1, 28300] loss: 0.045
[1, 28320] loss: 0.032
[1, 28340] loss: 0.105
[1, 28360] loss: 0.072
[1, 28380] loss: 0.046
[1, 28400] loss: 0.095
[1, 28420] loss: 0.098
[1, 28440] loss: 0.175
[1, 28460] loss: 0.035
[1, 28480] loss: 0.046
[1, 28500] loss: 0.120
[1, 28520] loss: 0.049
[1, 28540] loss: 0.031
[1, 28560] loss: 0.039
[1, 28580] loss: 0.050
[1, 28600] loss: 0.220
[1, 28620] loss: 0.157
[1, 28640] loss: 0.049
[1, 28660] loss: 0.079
[1, 28680] loss: 0.168
[1, 28700] loss: 0.058
[1, 28720] loss: 0.069
[1, 28740] loss: 0.030
[1, 28760] loss: 0.039
[1, 28780] loss: 0.034
[1, 28800] loss: 0.024
[1, 28820] loss: 0.040
[1, 28840] loss: 0.050
[1, 28860] loss: 0.185
[1, 28880] loss: 0.033
[1, 28900] loss: 0.026
[1, 28920] loss: 0.030
[1, 28940] loss: 0.040
[1, 28960] loss: 0.062
[1, 28980] loss: 0.093
[1, 29000] loss: 0.064
[1, 29020] loss: 0.067
[1, 29040] loss: 0.101
[1, 29060] loss: 0.059
[1, 29080] loss: 0.042
[1, 29100] loss: 0.092
[1, 29120] loss: 0.022
[1, 29140] loss: 0.028
[1, 29160] loss: 0.108
[1, 29180] loss: 0.044
[1, 29200] loss: 0.081
[1, 29220] loss: 0.021
[1, 29240] loss: 0.063
[1, 29260] loss: 0.079
[1, 29280] loss: 0.043
[1, 29300] loss: 0.131
[1, 29320] loss: 0.085
[1, 29340] loss: 0.051
[1, 29360] loss: 0.020
[1, 29380] loss: 0.063
[1, 29400] loss: 0.037
[1, 29420] loss: 0.124
[1, 29440] loss: 0.051
[1, 29460] loss: 0.095
[1, 29480] loss: 0.051
[1, 29500] loss: 0.044
[1, 29520] loss: 0.040
[1, 29540] loss: 0.126
[1, 29560] loss: 0.117
[1, 29580] loss: 0.067
[1, 29600] loss: 0.117
[1, 29620] loss: 0.063
[1, 29640] loss: 0.035
[1, 29660] loss: 0.032
[1, 29680] loss: 0.063
[1, 29700] loss: 0.204
[1, 29720] loss: 0.070
[1, 29740] loss: 0.032
[1, 29760] loss: 0.448
[1, 29780] loss: 0.042
[1, 29800] loss: 0.049
[1, 29820] loss: 0.049
[1, 29840] loss: 0.110
[1, 29860] loss: 0.037
[1, 29880] loss: 0.044
[1, 29900] loss: 0.047
[1, 29920] loss: 0.074
[1, 29940] loss: 0.081
[1, 29960] loss: 0.123
[1, 29980] loss: 0.032
[1, 30000] loss: 0.008
[1, 30020] loss: 0.049
[1, 30040] loss: 0.082
[1, 30060] loss: 0.198
[1, 30080] loss: 0.118
[1, 30100] loss: 0.093
[1, 30120] loss: 0.083
[1, 30140] loss: 0.059
[1, 30160] loss: 0.058
[1, 30180] loss: 0.018
[1, 30200] loss: 0.068
[1, 30220] loss: 0.075
[1, 30240] loss: 0.153
[1, 30260] loss: 0.050
[1, 30280] loss: 0.052
[1, 30300] loss: 0.075
[1, 30320] loss: 0.118
[1, 30340] loss: 0.118
[1, 30360] loss: 0.178
[1, 30380] loss: 0.035
[1, 30400] loss: 0.065
[1, 30420] loss: 0.070
[1,    20] loss: 0.026
[1,    40] loss: 0.016
[1,    60] loss: 0.011
[1,    80] loss: 0.022
[1,   100] loss: 0.019
[1,   120] loss: 0.020
[1,   140] loss: 0.020
[1,   160] loss: 0.018
[1,   180] loss: 0.016
[1,   200] loss: 0.015
[1,   220] loss: 0.015
[1,   240] loss: 0.015
[1,   260] loss: 0.015
[1,   280] loss: 0.015
[1,   300] loss: 0.014
[1,   320] loss: 0.014
[1,   340] loss: 0.014
[1,   360] loss: 0.014
[1,   380] loss: 0.015
[1,   400] loss: 0.015
[1,   420] loss: 0.016
[1,   440] loss: 0.016
[1,   460] loss: 0.018
[1,   480] loss: 0.020
[1,   500] loss: 0.020
[1,   520] loss: 0.020
[1,   540] loss: 0.021
[1,   560] loss: 0.021
[1,   580] loss: 0.020
[1,   600] loss: 0.020
[1,   620] loss: 0.020
[1,   640] loss: 0.019
[1,   660] loss: 0.019
[1,   680] loss: 0.018
[1,   700] loss: 0.018
[1,   720] loss: 0.017
[1,   740] loss: 0.017
[1,   760] loss: 0.016
[1,   780] loss: 0.016
[1,   800] loss: 0.015
[1,   820] loss: 0.015
[1,   840] loss: 0.015
[1,   860] loss: 0.015
[1,   880] loss: 0.014
[1,   900] loss: 0.014
[1,   920] loss: 0.014
[1,   940] loss: 0.014
[1,   960] loss: 0.013
[1,   980] loss: 0.013
[1,  1000] loss: 0.013
[1,  1020] loss: 0.013
[1,  1040] loss: 0.013
[1,  1060] loss: 0.012
[1,  1080] loss: 0.012
[1,  1100] loss: 0.012
[1,  1120] loss: 0.012
[1,  1140] loss: 0.012
[1,  1160] loss: 0.011
[1,  1180] loss: 0.011
[1,  1200] loss: 0.011
[1,  1220] loss: 0.011
[1,  1240] loss: 0.011
[1,  1260] loss: 0.011
[1,  1280] loss: 0.010
[1,  1300] loss: 0.010
[1,  1320] loss: 0.010
[1,  1340] loss: 0.010
[1,  1360] loss: 0.010
[1,  1380] loss: 0.010
[1,  1400] loss: 0.010
[1,  1420] loss: 0.010
[1,  1440] loss: 0.010
[1,  1460] loss: 0.010
[1,  1480] loss: 0.009
[1,  1500] loss: 0.009
[1,  1520] loss: 0.009
[1,  1540] loss: 0.009
[1,  1560] loss: 0.009
[1,  1580] loss: 0.009
[1,  1600] loss: 0.009
[1,  1620] loss: 0.009
[1,  1640] loss: 0.009
[1,  1660] loss: 0.009
[1,  1680] loss: 0.008
[1,  1700] loss: 0.008
[1,  1720] loss: 0.008
[1,  1740] loss: 0.008
[1,  1760] loss: 0.008
[1,  1780] loss: 0.008
[1,  1800] loss: 0.008
[1,  1820] loss: 0.008
[1,  1840] loss: 0.008
[1,  1860] loss: 0.008
[1,  1880] loss: 0.008
[1,  1900] loss: 0.008
[1,  1920] loss: 0.008
[1,  1940] loss: 0.008
[1,  1960] loss: 0.008
[1,  1980] loss: 0.008
[1,  2000] loss: 0.008
[1,  2020] loss: 0.008
[1,  2040] loss: 0.008
[1,  2060] loss: 0.008
[1,  2080] loss: 0.008
[1,  2100] loss: 0.008
[1,  2120] loss: 0.008
[1,  2140] loss: 0.008
[1,  2160] loss: 0.008
[1,  2180] loss: 0.008
[1,  2200] loss: 0.008
[1,  2220] loss: 0.008
[1,  2240] loss: 0.008
[1,  2260] loss: 0.008
[1,  2280] loss: 0.008
[1,  2300] loss: 0.008
[1,  2320] loss: 0.008
[1,  2340] loss: 0.008
[1,  2360] loss: 0.008
[1,  2380] loss: 0.007
[1,  2400] loss: 0.007
[1,  2420] loss: 0.007
[1,  2440] loss: 0.007
[1,  2460] loss: 0.007
[1,  2480] loss: 0.007
[1,  2500] loss: 0.007
[1,  2520] loss: 0.008
[1,  2540] loss: 0.008
[1,  2560] loss: 0.008
[1,  2580] loss: 0.008
[1,  2600] loss: 0.008
[1,  2620] loss: 0.007
[1,  2640] loss: 0.007
[1,  2660] loss: 0.007
[1,  2680] loss: 0.007
[1,  2700] loss: 0.007
[1,  2720] loss: 0.007
[1,  2740] loss: 0.007
[1,  2760] loss: 0.007
[1,  2780] loss: 0.007
[1,  2800] loss: 0.007
[1,  2820] loss: 0.007
[1,  2840] loss: 0.007
[1,  2860] loss: 0.007
[1,  2880] loss: 0.007
[1,  2900] loss: 0.007
[1,  2920] loss: 0.007
[1,  2940] loss: 0.007
[1,  2960] loss: 0.007
[1,  2980] loss: 0.007
[1,  3000] loss: 0.007
[1,  3020] loss: 0.007
[1,  3040] loss: 0.007
[1,  3060] loss: 0.007
[1,  3080] loss: 0.007
[1,  3100] loss: 0.007
[1,  3120] loss: 0.007
[1,  3140] loss: 0.007
[1,  3160] loss: 0.007
[1,  3180] loss: 0.007
[1,  3200] loss: 0.007
[1,  3220] loss: 0.007
[1,  3240] loss: 0.007
[1,  3260] loss: 0.007
[1,  3280] loss: 0.007
[1,  3300] loss: 0.007
[1,  3320] loss: 0.007
[1,  3340] loss: 0.007
[1,  3360] loss: 0.007
