cuda:  2
color_space: YCbCr
batch_size: 1
num_epcochs: 1
learning_rate: 0.002
[1,    20] loss: 2.387
[1,    40] loss: 1.842
[1,    60] loss: 0.711
[1,    80] loss: 0.725
[1,   100] loss: 0.253
[1,   120] loss: 0.280
[1,   140] loss: 0.145
[1,   160] loss: 0.078
[1,   180] loss: 0.047
[1,   200] loss: 0.017
[1,   220] loss: 0.048
[1,   240] loss: 0.191
[1,   260] loss: 0.051
[1,   280] loss: 0.159
[1,   300] loss: 0.088
[1,   320] loss: 0.138
[1,   340] loss: 0.066
[1,   360] loss: 0.077
[1,   380] loss: 0.063
[1,   400] loss: 0.061
[1,   420] loss: 0.010
[1,   440] loss: 0.046
[1,   460] loss: 0.049
[1,   480] loss: 0.096
[1,   500] loss: 0.042
[1,   520] loss: 0.109
[1,   540] loss: 0.165
[1,   560] loss: 0.100
[1,   580] loss: 0.030
[1,   600] loss: 0.069
[1,   620] loss: 0.037
[1,   640] loss: 0.263
[1,   660] loss: 0.026
[1,   680] loss: 0.047
[1,   700] loss: 0.055
[1,   720] loss: 0.060
[1,   740] loss: 0.036
[1,   760] loss: 0.084
[1,   780] loss: 0.086
[1,   800] loss: 0.094
[1,   820] loss: 0.033
[1,   840] loss: 0.133
[1,   860] loss: 0.027
[1,   880] loss: 0.035
[1,   900] loss: 0.077
[1,   920] loss: 0.201
[1,   940] loss: 0.066
[1,   960] loss: 0.084
[1,   980] loss: 0.150
[1,  1000] loss: 0.189
[1,  1020] loss: 0.018
[1,  1040] loss: 0.041
[1,  1060] loss: 0.041
[1,  1080] loss: 0.017
[1,  1100] loss: 0.067
[1,  1120] loss: 0.042
[1,  1140] loss: 0.068
[1,  1160] loss: 0.079
[1,  1180] loss: 0.152
[1,  1200] loss: 0.050
[1,  1220] loss: 0.016
[1,  1240] loss: 0.022
[1,  1260] loss: 0.070
[1,  1280] loss: 0.182
[1,  1300] loss: 0.046
[1,  1320] loss: 0.041
[1,  1340] loss: 0.050
[1,  1360] loss: 0.021
[1,  1380] loss: 0.050
[1,  1400] loss: 0.009
[1,  1420] loss: 0.073
[1,  1440] loss: 0.055
[1,  1460] loss: 0.061
[1,  1480] loss: 0.098
[1,  1500] loss: 0.059
[1,  1520] loss: 0.064
[1,  1540] loss: 0.034
[1,  1560] loss: 0.009
[1,  1580] loss: 0.080
[1,  1600] loss: 0.088
[1,  1620] loss: 0.048
[1,  1640] loss: 0.032
[1,  1660] loss: 0.071
[1,  1680] loss: 0.026
[1,  1700] loss: 0.029
[1,  1720] loss: 0.170
[1,  1740] loss: 0.021
[1,  1760] loss: 0.020
[1,  1780] loss: 0.080
[1,  1800] loss: 0.066
[1,  1820] loss: 0.024
[1,  1840] loss: 0.061
[1,  1860] loss: 0.049
[1,  1880] loss: 0.025
[1,  1900] loss: 0.016
[1,  1920] loss: 0.067
[1,  1940] loss: 0.045
[1,  1960] loss: 0.200
[1,  1980] loss: 0.037
[1,  2000] loss: 0.123
[1,  2020] loss: 0.057
[1,  2040] loss: 0.025
[1,  2060] loss: 0.031
[1,  2080] loss: 0.225
[1,  2100] loss: 0.097
[1,  2120] loss: 0.042
[1,  2140] loss: 0.080
[1,  2160] loss: 0.034
[1,  2180] loss: 0.025
[1,  2200] loss: 0.035
[1,  2220] loss: 0.037
[1,  2240] loss: 0.024
[1,  2260] loss: 0.017
[1,  2280] loss: 0.029
[1,  2300] loss: 0.025
[1,  2320] loss: 0.049
[1,  2340] loss: 0.104
[1,  2360] loss: 0.017
[1,  2380] loss: 0.019
[1,  2400] loss: 0.112
[1,  2420] loss: 0.035
[1,  2440] loss: 0.061
[1,  2460] loss: 0.026
[1,  2480] loss: 0.050
[1,  2500] loss: 0.006
[1,  2520] loss: 0.067
[1,  2540] loss: 0.086
[1,  2560] loss: 0.246
[1,  2580] loss: 0.134
[1,  2600] loss: 0.086
[1,  2620] loss: 0.126
[1,  2640] loss: 0.069
[1,  2660] loss: 0.053
[1,  2680] loss: 0.023
[1,  2700] loss: 0.040
[1,  2720] loss: 0.028
[1,  2740] loss: 0.052
[1,  2760] loss: 0.035
[1,  2780] loss: 0.099
[1,  2800] loss: 0.072
[1,  2820] loss: 0.047
[1,  2840] loss: 0.036
[1,  2860] loss: 0.100
[1,  2880] loss: 0.103
[1,  2900] loss: 0.166
[1,  2920] loss: 0.097
[1,  2940] loss: 0.052
[1,  2960] loss: 0.021
[1,  2980] loss: 0.114
[1,  3000] loss: 0.065
[1,  3020] loss: 0.256
[1,  3040] loss: 0.034
[1,  3060] loss: 0.071
[1,  3080] loss: 0.259
[1,  3100] loss: 1425423047.154
[1,  3120] loss: 2589547685259.595
[1,  3140] loss: 220400501618.400
[1,  3160] loss: 191587285648896.000
[1,  3180] loss: 15963919839436.801
[1,  3200] loss: 1852624215168.000
[1,  3220] loss: 101076773976.800
[1,  3240] loss: 34718082788.400
[1,  3260] loss: 45823056069.200
[1,  3280] loss: 57480261145.600
[1,  3300] loss: 76629734355.200
[1,  3320] loss: 23702605853.400
[1,  3340] loss: 43688804509.600
[1,  3360] loss: 28067371958.848
[1,  3380] loss: 23503048309.800
[1,  3400] loss: 13057014062.225
[1,  3420] loss: 20602389216.000
[1,  3440] loss: 18445550809.400
[1,  3460] loss: 14532523601.375
[1,  3480] loss: 10952388474.987
[1,  3500] loss: 13241721003.800
[1,  3520] loss: 12564721588.800
[1,  3540] loss: 17725089739.200
[1,  3560] loss: 10402412859.466
[1,  3580] loss: 6684720486.900
[1,  3600] loss: 7993100774.656
[1,  3620] loss: 4729918135.306
[1,  3640] loss: 8557886030.767
[1,  3660] loss: 8647232230.132
[1,  3680] loss: 6116232727.800
[1,  3700] loss: 6918458517.613
[1,  3720] loss: 7532073215.200
[1,  3740] loss: 4304540912.300
[1,  3760] loss: 3373155739.950
[1,  3780] loss: 5916934335.569
[1,  3800] loss: 7098863398.800
[1,  3820] loss: 5663518630.819
[1,  3840] loss: 6205833345.400
[1,  3860] loss: 5580998029.200
[1,  3880] loss: 3206939651.400
[1,  3900] loss: 7199798195.200
[1,  3920] loss: 4519227243.500
[1,  3940] loss: 2484375727.981
[1,  3960] loss: 3112278066.800
[1,  3980] loss: 2396031721.850
[1,  4000] loss: 3326968470.200
[1,  4020] loss: 2442394991.509
[1,  4040] loss: 3561574715.200
[1,  4060] loss: 2487261932.200
[1,  4080] loss: 1748229120.579
[1,  4100] loss: 1945408076.200
[1,  4120] loss: 4496624046.595
[1,  4140] loss: 2017801956.400
[1,  4160] loss: 1793081875.900
[1,  4180] loss: 2385065856.975
[1,  4200] loss: 2728958190.000
[1,  4220] loss: 3313299224.350
[1,  4240] loss: 1595056234.700
[1,  4260] loss: 2180938087.648
[1,  4280] loss: 3252557305.741
[1,  4300] loss: 2210614301.950
[1,  4320] loss: 1363137377.629
[1,  4340] loss: 1352748053.400
[1,  4360] loss: 1707790299.250
[1,  4380] loss: 1891696071.655
[1,  4400] loss: 1265310993.981
[1,  4420] loss: 1636541746.000
[1,  4440] loss: 1505506569.500
[1,  4460] loss: 1014485504.538
[1,  4480] loss: 1524500544.169
[1,  4500] loss: 1058592735.275
[1,  4520] loss: 1877912814.900
[1,  4540] loss: 760514031.025
[1,  4560] loss: 1414131045.400
[1,  4580] loss: 1509752386.364
[1,  4600] loss: 983076610.377
[1,  4620] loss: 1000467373.144
[1,  4640] loss: 1093296410.400
[1,  4660] loss: 804507827.825
[1,  4680] loss: 1100657187.297
[1,  4700] loss: 1275919195.900
[1,  4720] loss: 695674485.799
[1,  4740] loss: 656693257.663
[1,  4760] loss: 862857461.737
[1,  4780] loss: 667582974.519
[1,  4800] loss: 400343760.587
[1,  4820] loss: 620151222.900
[1,  4840] loss: 708168982.513
[1,  4860] loss: 540041779.350
[1,  4880] loss: 1160973044.439
[1,  4900] loss: 490307055.181
[1,  4920] loss: 767330454.200
[1,  4940] loss: 324796101.866
[1,  4960] loss: 926608098.025
[1,  4980] loss: 771303395.945
[1,  5000] loss: 1100547400.442
[1,  5020] loss: 326012896.613
[1,  5040] loss: 794468941.767
[1,  5060] loss: 718756204.850
[1,  5080] loss: 598677079.600
[1,  5100] loss: 324663991.413
[1,  5120] loss: 671466908.300
[1,  5140] loss: 456586489.836
[1,  5160] loss: 498874432.462
[1,  5180] loss: 259633827.553
[1,  5200] loss: 536967217.875
[1,  5220] loss: 318251837.000
[1,  5240] loss: 274301281.962
[1,  5260] loss: 519832359.425
[1,  5280] loss: 264925937.588
[1,  5300] loss: 540818283.627
[1,  5320] loss: 183217172.756
[1,  5340] loss: 535593251.556
[1,  5360] loss: 378733367.681
[1,  5380] loss: 479593615.500
[1,  5400] loss: 512811308.620
[1,  5420] loss: 461376114.028
[1,  5440] loss: 686509214.976
[1,  5460] loss: 223512810.950
[1,  5480] loss: 300569095.266
[1,  5500] loss: 583728435.987
[1,  5520] loss: 465245700.008
[1,  5540] loss: 225691483.428
[1,  5560] loss: 327307143.981
[1,  5580] loss: 369140792.850
[1,  5600] loss: 428060594.450
[1,  5620] loss: 502821477.733
[1,  5640] loss: 240093769.669
[1,  5660] loss: 187799351.653
[1,  5680] loss: 260065449.300
[1,  5700] loss: 356798988.272
[1,  5720] loss: 331852813.247
[1,  5740] loss: 263146301.528
[1,  5760] loss: 191092867.475
[1,  5780] loss: 222674306.384
[1,  5800] loss: 268161643.509
[1,  5820] loss: 204713385.450
[1,  5840] loss: 209562953.587
[1,  5860] loss: 224967484.735
[1,  5880] loss: 316935530.029
[1,  5900] loss: 112393613.450
[1,  5920] loss: 113979162.301
[1,  5940] loss: 185910892.436
[1,  5960] loss: 197541346.644
[1,  5980] loss: 246226809.047
[1,  6000] loss: 361715753.500
[1,  6020] loss: 184636305.500
[1,  6040] loss: 141383002.364
[1,  6060] loss: 231364689.306
[1,  6080] loss: 210464429.752
[1,  6100] loss: 142022497.090
[1,  6120] loss: 177284582.250
[1,  6140] loss: 159522731.988
[1,  6160] loss: 130058906.072
[1,  6180] loss: 403557126.400
[1,  6200] loss: 328190952.425
[1,  6220] loss: 182103406.469
[1,  6240] loss: 135370434.019
[1,  6260] loss: 255032718.575
[1,  6280] loss: 284276956.725
[1,  6300] loss: 112043553.888
[1,  6320] loss: 221402148.521
[1,  6340] loss: 140150595.097
[1,  6360] loss: 255478862.034
[1,  6380] loss: 269676972.823
[1,  6400] loss: 122862859.103
[1,  6420] loss: 146475637.662
[1,  6440] loss: 141505551.684
[1,  6460] loss: 151395104.695
[1,  6480] loss: 330453196.850
[1,  6500] loss: 126460046.626
[1,  6520] loss: 164970191.291
[1,  6540] loss: 125406479.425
[1,  6560] loss: 193530275.396
[1,  6580] loss: 184460039.012
[1,  6600] loss: 140936847.700
[1,  6620] loss: 514204803.663
[1,  6640] loss: 203740636.556
[1,  6660] loss: 114012960.562
[1,  6680] loss: 186809533.356
[1,  6700] loss: 150232400.663
[1,  6720] loss: 122653009.791
[1,  6740] loss: 137442889.645
[1,  6760] loss: 152522886.579
[1,  6780] loss: 165558889.215
[1,  6800] loss: 83663570.666
[1,  6820] loss: 301165324.780
[1,  6840] loss: 185522183.700
[1,  6860] loss: 147133392.894
[1,  6880] loss: 122049769.944
[1,  6900] loss: 86122265.227
[1,  6920] loss: 98485859.706
[1,  6940] loss: 90272373.009
[1,  6960] loss: 81763986.394
[1,  6980] loss: 166795644.669
[1,  7000] loss: 137047743.012
[1,  7020] loss: 110027819.713
[1,  7040] loss: 83113996.838
[1,  7060] loss: 41798116.660
[1,  7080] loss: 156116817.278
[1,  7100] loss: 57164613.288
[1,  7120] loss: 90877137.098
[1,  7140] loss: 65032117.351
[1,  7160] loss: 188602977.837
[1,  7180] loss: 114777470.419
[1,  7200] loss: 94772236.402
[1,  7220] loss: 190828876.067
[1,  7240] loss: 98021607.659
[1,  7260] loss: 99439131.620
[1,  7280] loss: 134642582.322
[1,  7300] loss: 118177051.377
[1,  7320] loss: 88496906.159
[1,  7340] loss: 87263791.556
[1,  7360] loss: 191418829.631
[1,  7380] loss: 152270083.083
[1,  7400] loss: 112503902.125
[1,  7420] loss: 76963869.483
[1,  7440] loss: 69523632.330
[1,  7460] loss: 108299534.554
[1,  7480] loss: 72220150.277
[1,  7500] loss: 65496441.793
[1,  7520] loss: 143703300.426
[1,  7540] loss: 115985008.105
[1,  7560] loss: 69778132.403
[1,  7580] loss: 168285923.620
[1,  7600] loss: 56111808.491
[1,  7620] loss: 159969339.010
[1,  7640] loss: 120664562.691
[1,  7660] loss: 123199428.067
[1,  7680] loss: 80471780.134
[1,  7700] loss: 60050979.253
[1,  7720] loss: 80890533.456
[1,  7740] loss: 111211780.491
[1,  7760] loss: 130131020.531
[1,  7780] loss: 139073955.161
[1,  7800] loss: 41466055.694
[1,  7820] loss: 113031149.166
[1,  7840] loss: 62634154.462
[1,  7860] loss: 159827389.438
[1,  7880] loss: 82582276.469
[1,  7900] loss: 97562534.109
[1,  7920] loss: 72176716.359
[1,  7940] loss: 147535332.582
[1,  7960] loss: 133532627.312
[1,  7980] loss: 64147556.587
[1,  8000] loss: 157932778.701
[1,  8020] loss: 94398878.277
[1,  8040] loss: 137562762.250
[1,  8060] loss: 106549478.191
[1,  8080] loss: 115847693.834
[1,  8100] loss: 61475855.644
[1,  8120] loss: 72744938.089
[1,  8140] loss: 71104841.064
[1,  8160] loss: 135260350.256
[1,  8180] loss: 155069856.838
[1,  8200] loss: 96591124.394
[1,  8220] loss: 46880954.881
[1,  8240] loss: 96657112.963
[1,  8260] loss: 48422910.902
[1,  8280] loss: 87001242.431
[1,  8300] loss: 74218222.761
[1,  8320] loss: 111374275.578
[1,  8340] loss: 50858630.320
[1,  8360] loss: 97521609.930
[1,  8380] loss: 116227772.175
[1,  8400] loss: 244553467.037
[1,  8420] loss: 105537041.120
[1,  8440] loss: 100387870.520
[1,  8460] loss: 101178633.171
[1,  8480] loss: 98038658.299
[1,  8500] loss: 64610691.600
[1,  8520] loss: 59643276.587
[1,  8540] loss: 45186615.862
[1,  8560] loss: 75258821.130
[1,  8580] loss: 55249279.747
[1,  8600] loss: 138884345.562
[1,  8620] loss: 58155216.023
[1,  8640] loss: 70697600.402
[1,  8660] loss: 72790106.950
[1,  8680] loss: 53887942.095
[1,  8700] loss: 50500080.396
[1,  8720] loss: 118107433.395
[1,  8740] loss: 49791525.087
[1,  8760] loss: 67417465.520
[1,  8780] loss: 49555982.913
[1,  8800] loss: 25364445.554
[1,  8820] loss: 94811660.763
[1,  8840] loss: 87021584.022
[1,  8860] loss: 49266980.003
[1,  8880] loss: 53843797.165
[1,  8900] loss: 70145047.349
[1,  8920] loss: 48447350.027
[1,  8940] loss: 83648280.574
[1,  8960] loss: 78522675.820
[1,  8980] loss: 64917639.631
[1,  9000] loss: 75058777.920
[1,  9020] loss: 61128757.482
[1,  9040] loss: 57562600.281
[1,  9060] loss: 36287919.050
[1,  9080] loss: 31750502.392
[1,  9100] loss: 44637568.712
[1,  9120] loss: 51129959.228
[1,  9140] loss: 72754295.625
[1,  9160] loss: 44957202.342
[1,  9180] loss: 54426576.972
[1,  9200] loss: 28337096.918
[1,  9220] loss: 31884376.112
[1,  9240] loss: 47687769.178
[1,  9260] loss: 54497063.995
[1,  9280] loss: 70695315.846
[1,  9300] loss: 54084088.226
[1,  9320] loss: 61983937.419
[1,  9340] loss: 71368365.764
[1,  9360] loss: 46755729.486
[1,  9380] loss: 63224474.925
[1,  9400] loss: 45075967.690
[1,  9420] loss: 42585091.780
[1,  9440] loss: 44280087.672
[1,  9460] loss: 39353604.163
[1,  9480] loss: 27223659.354
[1,  9500] loss: 28466946.298
[1,  9520] loss: 47206667.672
[1,  9540] loss: 52296847.906
[1,  9560] loss: 31128715.453
[1,  9580] loss: 35959563.859
[1,  9600] loss: 33478626.677
[1,  9620] loss: 51679897.361
[1,  9640] loss: 39997828.513
[1,  9660] loss: 30363203.832
[1,  9680] loss: 19304594.576
[1,  9700] loss: 51403301.935
[1,  9720] loss: 42623093.984
[1,  9740] loss: 44937306.030
[1,  9760] loss: 78026656.716
[1,  9780] loss: 26847864.313
[1,  9800] loss: 68124348.317
[1,  9820] loss: 35854737.509
[1,  9840] loss: 33397952.242
[1,  9860] loss: 154105399.286
[1,  9880] loss: 23724425.201
[1,  9900] loss: 30352100.850
[1,  9920] loss: 53125994.653
[1,  9940] loss: 52146518.005
[1,  9960] loss: 36619272.539
[1,  9980] loss: 33868175.539
[1, 10000] loss: 50095881.627
[1, 10020] loss: 40993744.231
[1, 10040] loss: 51382699.153
[1, 10060] loss: 33917313.787
[1, 10080] loss: 29262888.325
[1, 10100] loss: 45766004.261
[1, 10120] loss: 55795554.272
[1, 10140] loss: 33343134.584
[1, 10160] loss: 43804291.505
[1, 10180] loss: 57501007.442
[1, 10200] loss: 23551567.104
[1, 10220] loss: 40686445.542
[1, 10240] loss: 24572682.383
[1, 10260] loss: 29137853.667
[1, 10280] loss: 29090088.884
[1, 10300] loss: 66439971.462
[1, 10320] loss: 30115065.825
[1, 10340] loss: 24989200.984
[1, 10360] loss: 37246014.732
[1, 10380] loss: 27871103.387
[1, 10400] loss: 42296536.421
[1, 10420] loss: 23465612.925
[1, 10440] loss: 24451358.492
[1, 10460] loss: 30512820.173
[1, 10480] loss: 16242292.261
[1, 10500] loss: 32299626.406
[1, 10520] loss: 47511812.194
[1, 10540] loss: 170567186.878
[1, 10560] loss: 31386595.486
[1, 10580] loss: 38363991.798
[1, 10600] loss: 51562944.442
[1, 10620] loss: 14031393.175
[1, 10640] loss: 17302534.696
[1, 10660] loss: 27694164.309
[1, 10680] loss: 41789973.671
[1, 10700] loss: 38450877.231
[1, 10720] loss: 22049462.457
[1, 10740] loss: 27328368.041
[1, 10760] loss: 25902111.314
[1, 10780] loss: 21767016.227
[1, 10800] loss: 32824781.812
[1, 10820] loss: 22805431.417
[1, 10840] loss: 16118556.540
[1, 10860] loss: 29088739.678
[1, 10880] loss: 24953861.620
[1, 10900] loss: 14929581.003
[1, 10920] loss: 21566597.262
[1, 10940] loss: 24898032.529
[1, 10960] loss: 13538730.861
[1, 10980] loss: 45619160.952
[1, 11000] loss: 13295982.239
[1, 11020] loss: 24736269.064
[1, 11040] loss: 16126602.180
[1, 11060] loss: 27765333.677
[1, 11080] loss: 20673718.625
[1, 11100] loss: 28011381.644
[1, 11120] loss: 20362217.260
[1, 11140] loss: 19380918.734
[1, 11160] loss: 9435375.355
[1, 11180] loss: 17119382.029
[1, 11200] loss: 13190964.216
[1, 11220] loss: 40307632.186
[1, 11240] loss: 34683040.119
[1, 11260] loss: 11317399.474
[1, 11280] loss: 48987877.602
[1, 11300] loss: 22913828.965
[1, 11320] loss: 32055455.499
[1, 11340] loss: 21644806.659
[1, 11360] loss: 24490260.502
[1, 11380] loss: 20672651.389
[1, 11400] loss: 26543883.413
[1, 11420] loss: 17813788.456
[1, 11440] loss: 15282380.611
[1, 11460] loss: 25160994.770
[1, 11480] loss: 20813323.577
[1, 11500] loss: 9536068.116
[1, 11520] loss: 15122197.599
[1, 11540] loss: 15406269.032
[1, 11560] loss: 8998706.126
[1, 11580] loss: 11361928.159
[1, 11600] loss: 17086735.062
[1, 11620] loss: 20253617.460
[1, 11640] loss: 14903196.759
[1, 11660] loss: 19690559.765
[1, 11680] loss: 13234501.181
[1, 11700] loss: 9868043.100
[1, 11720] loss: 11345687.713
[1, 11740] loss: 11365367.390
[1, 11760] loss: 19138963.289
[1, 11780] loss: 25883422.220
[1, 11800] loss: 27743320.551
[1, 11820] loss: 18385000.442
[1, 11840] loss: 13205767.474
[1, 11860] loss: 25659278.345
[1, 11880] loss: 12129057.682
[1, 11900] loss: 11061076.540
[1, 11920] loss: 15255326.504
[1, 11940] loss: 12502565.714
[1, 11960] loss: 7311578.055
[1, 11980] loss: 23528625.201
[1, 12000] loss: 23473793.480
[1, 12020] loss: 9992192.913
[1, 12040] loss: 11473570.803
[1, 12060] loss: 20288096.057
[1, 12080] loss: 18150239.003
[1, 12100] loss: 13342068.759
[1, 12120] loss: 10080432.040
[1, 12140] loss: 17227758.303
[1, 12160] loss: 9744253.558
[1, 12180] loss: 12695498.847
[1, 12200] loss: 15955496.608
[1, 12220] loss: 11819640.210
[1, 12240] loss: 8821632.983
[1, 12260] loss: 12008575.113
[1, 12280] loss: 16291595.015
[1, 12300] loss: 10891576.868
[1, 12320] loss: 14003952.100
[1, 12340] loss: 11824772.689
[1, 12360] loss: 13146310.780
[1, 12380] loss: 13860983.261
[1, 12400] loss: 7337531.742
[1, 12420] loss: 8124673.304
[1, 12440] loss: 8784201.121
[1, 12460] loss: 9314311.901
[1, 12480] loss: 15426739.690
[1, 12500] loss: 22120051.468
[1, 12520] loss: 17517229.008
[1, 12540] loss: 12509809.122
[1, 12560] loss: 9671228.592
[1, 12580] loss: 8487134.463
[1, 12600] loss: 5625205.530
[1, 12620] loss: 5028242.213
[1, 12640] loss: 4458013.944
[1, 12660] loss: 9093559.602
[1, 12680] loss: 9725030.145
[1, 12700] loss: 5273707.409
[1, 12720] loss: 6435726.848
[1, 12740] loss: 6245332.441
[1, 12760] loss: 13059053.148
[1, 12780] loss: 7420759.042
[1, 12800] loss: 9141827.487
[1, 12820] loss: 11046149.478
[1, 12840] loss: 9141622.003
[1, 12860] loss: 9951874.656
[1, 12880] loss: 5135434.986
[1, 12900] loss: 8248297.317
[1, 12920] loss: 13249455.615
[1, 12940] loss: 9911124.233
[1, 12960] loss: 14157335.789
[1, 12980] loss: 11616695.661
[1, 13000] loss: 11075667.740
[1, 13020] loss: 6882014.120
[1, 13040] loss: 7043877.660
[1, 13060] loss: 4354201.318
[1, 13080] loss: 8600658.124
[1, 13100] loss: 3277529.706
[1, 13120] loss: 9127356.498
[1, 13140] loss: 3125333.631
[1, 13160] loss: 10390803.391
[1, 13180] loss: 3014476.475
[1, 13200] loss: 3901648.653
[1, 13220] loss: 12606277.546
[1, 13240] loss: 3438067.084
[1, 13260] loss: 8122882.475
[1, 13280] loss: 6245936.134
[1, 13300] loss: 9145796.797
[1, 13320] loss: 9220509.520
[1, 13340] loss: 10385636.176
[1, 13360] loss: 5043298.515
[1, 13380] loss: 4607130.657
[1, 13400] loss: 5701019.120
[1, 13420] loss: 8463455.567
[1, 13440] loss: 7974264.312
[1, 13460] loss: 6264547.121
[1, 13480] loss: 7940523.091
[1, 13500] loss: 5356856.186
[1, 13520] loss: 7222278.884
[1, 13540] loss: 8439298.632
[1, 13560] loss: 6543233.118
[1, 13580] loss: 6759374.985
[1, 13600] loss: 7919826.347
[1, 13620] loss: 8481731.343
[1, 13640] loss: 6577542.070
[1, 13660] loss: 3457919.397
[1, 13680] loss: 6169053.009
[1, 13700] loss: 6950025.659
[1, 13720] loss: 8668418.024
[1, 13740] loss: 5658761.438
[1, 13760] loss: 6222537.766
[1, 13780] loss: 4340588.741
[1, 13800] loss: 7279313.891
[1, 13820] loss: 9880550.072
[1, 13840] loss: 11506736.681
[1, 13860] loss: 5131062.215
[1, 13880] loss: 3861800.361
[1, 13900] loss: 4725496.901
[1, 13920] loss: 3157275.555
[1, 13940] loss: 4489601.402
[1, 13960] loss: 5688249.819
[1, 13980] loss: 6003359.486
[1, 14000] loss: 4372501.039
[1, 14020] loss: 4200196.704
[1, 14040] loss: 5150410.243
[1, 14060] loss: 3035318.430
[1, 14080] loss: 3808897.210
[1, 14100] loss: 6173205.664
[1, 14120] loss: 4197843.822
[1, 14140] loss: 5020688.594
[1, 14160] loss: 8009679.638
[1, 14180] loss: 4963399.907
[1, 14200] loss: 2075330.351
[1, 14220] loss: 2460114.281
[1, 14240] loss: 2770541.631
[1, 14260] loss: 2307042.968
[1, 14280] loss: 6188475.462
[1, 14300] loss: 7752836.705
[1, 14320] loss: 7899419.261
[1, 14340] loss: 3711285.827
[1, 14360] loss: 1488356.227
[1, 14380] loss: 2636095.993
[1, 14400] loss: 3620622.163
[1, 14420] loss: 3518726.511
[1, 14440] loss: 2854544.185
[1, 14460] loss: 5050686.230
[1, 14480] loss: 4298885.923
[1, 14500] loss: 5943811.046
[1, 14520] loss: 3563790.061
[1, 14540] loss: 11695742.793
[1, 14560] loss: 2121572.168
[1, 14580] loss: 5689166.260
[1, 14600] loss: 1850522.142
[1, 14620] loss: 3160440.108
[1, 14640] loss: 2644061.740
[1, 14660] loss: 3656768.544
[1, 14680] loss: 7661564.770
[1, 14700] loss: 1798657.906
[1, 14720] loss: 4193996.635
[1, 14740] loss: 3056792.996
[1, 14760] loss: 4768877.519
[1, 14780] loss: 2904248.569
[1, 14800] loss: 3633382.622
[1, 14820] loss: 5452961.264
[1, 14840] loss: 5837283.613
[1, 14860] loss: 8588214.979
[1, 14880] loss: 7517307.883
[1, 14900] loss: 6025377.842
[1, 14920] loss: 10191093.707
[1, 14940] loss: 1722527.954
[1, 14960] loss: 3816934.111
[1, 14980] loss: 3076738.034
[1, 15000] loss: 3186115.054
[1, 15020] loss: 1066070.068
[1, 15040] loss: 2646164.533
[1, 15060] loss: 4519977.065
[1, 15080] loss: 3570411.153
[1, 15100] loss: 2904972.325
[1, 15120] loss: 2843530.501
[1, 15140] loss: 4165416.705
[1, 15160] loss: 5236951.347
[1, 15180] loss: 6935785.181
[1, 15200] loss: 4800207.590
[1, 15220] loss: 11814271.036
[1, 15240] loss: 6426166.766
[1, 15260] loss: 5977844.150
[1, 15280] loss: 2529350.866
[1, 15300] loss: 3236836.285
[1, 15320] loss: 5288959.120
[1, 15340] loss: 8373180.856
[1, 15360] loss: 4697108.190
[1, 15380] loss: 5368783.842
[1, 15400] loss: 1447470.518
[1, 15420] loss: 3998481.817
[1, 15440] loss: 2926393.406
[1, 15460] loss: 2367446.229
[1, 15480] loss: 3382150.068
[1, 15500] loss: 2210968.574
[1, 15520] loss: 3085177.580
[1, 15540] loss: 2312074.902
[1, 15560] loss: 3061227.988
[1, 15580] loss: 6266399.029
[1, 15600] loss: 1525413.022
[1, 15620] loss: 2061028.228
[1, 15640] loss: 3500791.204
[1, 15660] loss: 2035219.530
[1, 15680] loss: 3233215.719
[1, 15700] loss: 3120322.062
[1, 15720] loss: 2216736.770
[1, 15740] loss: 3346322.549
[1, 15760] loss: 2892720.788
[1, 15780] loss: 2572379.121
[1, 15800] loss: 6484290.865
[1, 15820] loss: 8779469.325
[1, 15840] loss: 3353400.310
[1, 15860] loss: 2693940.348
[1, 15880] loss: 3138220.642
[1, 15900] loss: 3949966.946
[1, 15920] loss: 2605845.970
[1, 15940] loss: 9581941.892
[1, 15960] loss: 2821004.751
[1, 15980] loss: 4186758.099
[1, 16000] loss: 3921064.751
[1, 16020] loss: 4938786.540
[1, 16040] loss: 3048583.772
[1, 16060] loss: 5663140.665
[1, 16080] loss: 6286692.500
[1, 16100] loss: 6160988.564
[1, 16120] loss: 9634186.772
[1, 16140] loss: 3860231.754
[1, 16160] loss: 4221081.167
[1, 16180] loss: 4261496.699
[1, 16200] loss: 1516047.763
[1, 16220] loss: 17241491.671
[1, 16240] loss: 7671761.405
[1, 16260] loss: 7221083.167
[1, 16280] loss: 6098940.361
[1, 16300] loss: 3465297.656
[1, 16320] loss: 3061283.564
[1, 16340] loss: 1749244.375
[1, 16360] loss: 1292728.455
[1, 16380] loss: 1561856.558
[1, 16400] loss: 4033036.789
[1, 16420] loss: 3842754.889
[1, 16440] loss: 8179847.818
[1, 16460] loss: 3322585.307
[1, 16480] loss: 3114613.657
[1, 16500] loss: 3198421.133
[1, 16520] loss: 3934550.184
[1, 16540] loss: 9396879.548
[1, 16560] loss: 16075879.612
[1, 16580] loss: 52991302.156
[1, 16600] loss: 27799075.185
[1, 16620] loss: 15903242.372
[1, 16640] loss: 4049966.958
[1, 16660] loss: 2509857.550
[1, 16680] loss: 2587269.211
[1, 16700] loss: 2817516.750
[1, 16720] loss: 2609529.097
[1, 16740] loss: 1539859.967
[1, 16760] loss: 1838147.228
[1, 16780] loss: 11431849.771
[1, 16800] loss: 2163509.094
[1, 16820] loss: 2060425.238
[1, 16840] loss: 1383365.505
[1, 16860] loss: 1927216.903
[1, 16880] loss: 1702345.657
[1, 16900] loss: 2037741.256
[1, 16920] loss: 699945.409
[1, 16940] loss: 1079503.641
[1, 16960] loss: 1471135.611
[1, 16980] loss: 905574.802
[1, 17000] loss: 1305477.388
[1, 17020] loss: 1874907.804
[1, 17040] loss: 1853464.008
[1, 17060] loss: 3603673.186
[1, 17080] loss: 1810937.122
[1, 17100] loss: 2116673.346
[1, 17120] loss: 1731066.850
[1, 17140] loss: 1029123.972
[1, 17160] loss: 1755731.141
[1, 17180] loss: 1199442.424
[1, 17200] loss: 1177238.948
[1, 17220] loss: 955763.987
[1, 17240] loss: 1765703.337
[1, 17260] loss: 2134081.146
[1, 17280] loss: 3145721.020
[1, 17300] loss: 1234893.568
[1, 17320] loss: 923864.111
[1, 17340] loss: 4911620.229
[1, 17360] loss: 1851046.574
[1, 17380] loss: 692487.531
[1, 17400] loss: 802167.720
[1, 17420] loss: 639186.475
[1, 17440] loss: 510150.689
[1, 17460] loss: 723338.692
[1, 17480] loss: 415475.712
[1, 17500] loss: 544387.738
[1, 17520] loss: 687557.915
[1, 17540] loss: 458593.168
[1, 17560] loss: 1116981.543
[1, 17580] loss: 806071.239
[1, 17600] loss: 490969.245
[1, 17620] loss: 409564.952
[1, 17640] loss: 656378.248
[1, 17660] loss: 771792.492
[1, 17680] loss: 1788152.757
[1, 17700] loss: 666008.754
[1, 17720] loss: 3093426.675
[1, 17740] loss: 754696.501
[1, 17760] loss: 2060870.250
[1, 17780] loss: 1144067.965
[1, 17800] loss: 1796251.467
[1, 17820] loss: 888715.714
[1, 17840] loss: 856094.072
[1, 17860] loss: 835497.964
[1, 17880] loss: 459721.694
[1, 17900] loss: 586390.762
[1, 17920] loss: 497554.633
[1, 17940] loss: 292991.530
[1, 17960] loss: 892018.042
[1, 17980] loss: 453959.090
[1, 18000] loss: 553340.363
[1, 18020] loss: 706221.567
[1, 18040] loss: 778368.351
[1, 18060] loss: 657672.793
[1, 18080] loss: 2468918.561
[1, 18100] loss: 10086878.517
[1, 18120] loss: 7973162.244
[1, 18140] loss: 11736474.771
[1, 18160] loss: 2982241.000
[1, 18180] loss: 757215.209
[1, 18200] loss: 589405.332
[1, 18220] loss: 845009.744
[1, 18240] loss: 7542623.884
[1, 18260] loss: 4093160.245
[1, 18280] loss: 2873915.664
[1, 18300] loss: 35602200.428
[1, 18320] loss: 10947247.864
[1, 18340] loss: 12892081.107
[1, 18360] loss: 6273938.081
[1, 18380] loss: 3377511.768
[1, 18400] loss: 1105978.064
[1, 18420] loss: 909170.606
[1, 18440] loss: 431986.470
[1, 18460] loss: 772025.519
[1, 18480] loss: 4807904.472
[1, 18500] loss: 1920658.393
[1, 18520] loss: 1725074.225
[1, 18540] loss: 461473.698
[1, 18560] loss: 2135362.102
[1, 18580] loss: 355953.080
[1, 18600] loss: 128826.253
[1, 18620] loss: 118643.950
[1, 18640] loss: 402946.752
[1, 18660] loss: 386857.723
[1, 18680] loss: 1362967.445
[1, 18700] loss: 989007.773
[1, 18720] loss: 692977.259
[1, 18740] loss: 1124165.110
[1, 18760] loss: 732857.084
[1, 18780] loss: 320444.819
[1, 18800] loss: 286132.467
[1, 18820] loss: 599195.554
[1, 18840] loss: 1641842.346
[1, 18860] loss: 295157.698
[1, 18880] loss: 679956.194
[1, 18900] loss: 815785.593
[1, 18920] loss: 459133.964
[1, 18940] loss: 998755.485
[1, 18960] loss: 607498.625
[1, 18980] loss: 211819.026
[1, 19000] loss: 165167.808
[1, 19020] loss: 216395.924
[1, 19040] loss: 239710.139
[1, 19060] loss: 210463.838
[1, 19080] loss: 197719.366
[1, 19100] loss: 291004.033
[1, 19120] loss: 265539.138
[1, 19140] loss: 953521.160
[1, 19160] loss: 817389.924
[1, 19180] loss: 397307.968
[1, 19200] loss: 278285.157
[1, 19220] loss: 344999.263
[1, 19240] loss: 139565.331
[1, 19260] loss: 259319.289
[1, 19280] loss: 935393.734
[1, 19300] loss: 169858.044
[1, 19320] loss: 583166.210
[1, 19340] loss: 325551.923
[1, 19360] loss: 291894.421
[1, 19380] loss: 330394.768
[1, 19400] loss: 1514392.329
[1, 19420] loss: 1117272.592
[1, 19440] loss: 288296.013
[1, 19460] loss: 318138.493
[1, 19480] loss: 1228804.734
[1, 19500] loss: 1201276.608
[1, 19520] loss: 613965.379
[1, 19540] loss: 126918.339
[1, 19560] loss: 239694.997
[1, 19580] loss: 118932.150
[1, 19600] loss: 140679.169
[1, 19620] loss: 111035.607
[1, 19640] loss: 1434700.704
[1, 19660] loss: 333061.431
[1, 19680] loss: 2405006.926
[1, 19700] loss: 1238511.702
[1, 19720] loss: 1600482.365
[1, 19740] loss: 261948.990
[1, 19760] loss: 377575.206
[1, 19780] loss: 432023.982
[1, 19800] loss: 382216.097
[1, 19820] loss: 1316626.201
[1, 19840] loss: 1442897.453
[1, 19860] loss: 1829767.695
[1, 19880] loss: 1736005.964
[1, 19900] loss: 299226.393
[1, 19920] loss: 554091.121
[1, 19940] loss: 539896.018
[1, 19960] loss: 415478.362
[1, 19980] loss: 348761.373
[1, 20000] loss: 559159.652
[1, 20020] loss: 494170.855
[1, 20040] loss: 241646.663
[1, 20060] loss: 3591340.885
[1, 20080] loss: 31821067.694
[1, 20100] loss: 3751620830273.758
[1, 20120] loss: 15613251016713.600
[1, 20140] loss: 57418048545520.000
[1, 20160] loss: 1574370457408.000
[1, 20180] loss: 43112748165.800
[1, 20200] loss: 50944683459.425
[1, 20220] loss: 95691884288.000
[1, 20240] loss: 23834195059.100
[1, 20260] loss: 1975405005.656
[1, 20280] loss: 3407656894.452
[1, 20300] loss: 1108603493.525
[1, 20320] loss: 1024377383.053
[1, 20340] loss: 855414040.633
[1, 20360] loss: 1012109331.638
[1, 20380] loss: 975095766.213
[1, 20400] loss: 1069946907.135
[1, 20420] loss: 1510470632.000
[1, 20440] loss: 692064562.029
[1, 20460] loss: 831386992.300
[1, 20480] loss: 704697089.300
[1, 20500] loss: 1333070153.900
[1, 20520] loss: 1072329667.300
[1, 20540] loss: 829308704.745
[1, 20560] loss: 591330214.356
[1, 20580] loss: 636472925.639
[1, 20600] loss: 628684545.700
[1, 20620] loss: 475341285.431
[1, 20640] loss: 1143837838.825
[1, 20660] loss: 746125213.910
[1, 20680] loss: 285079960.700
[1, 20700] loss: 384347048.413
[1, 20720] loss: 492112480.791
[1, 20740] loss: 607250079.011
[1, 20760] loss: 530309947.038
[1, 20780] loss: 299286362.863
[1, 20800] loss: 287469281.303
[1, 20820] loss: 563107836.100
[1, 20840] loss: 292533416.675
[1, 20860] loss: 266334362.991
[1, 20880] loss: 368855970.601
[1, 20900] loss: 515590879.547
[1, 20920] loss: 254000534.297
[1, 20940] loss: 508191040.200
[1, 20960] loss: 309513796.238
[1, 20980] loss: 405083467.175
[1, 21000] loss: 447189403.120
[1, 21020] loss: 358381841.177
[1, 21040] loss: 552506177.788
[1, 21060] loss: 296197126.845
[1, 21080] loss: 353719716.666
[1, 21100] loss: 436836494.448
[1, 21120] loss: 388622228.459
[1, 21140] loss: 339346356.688
[1, 21160] loss: 379290375.861
[1, 21180] loss: 229760896.266
[1, 21200] loss: 316938096.450
[1, 21220] loss: 520262516.820
[1, 21240] loss: 415013634.561
[1, 21260] loss: 392927518.450
[1, 21280] loss: 147121196.915
[1, 21300] loss: 229383233.672
[1, 21320] loss: 302462081.163
[1, 21340] loss: 157126990.423
[1, 21360] loss: 200153378.000
[1, 21380] loss: 337127760.969
[1, 21400] loss: 258889910.823
[1, 21420] loss: 310943757.390
[1, 21440] loss: 182671866.287
[1, 21460] loss: 164666010.432
[1, 21480] loss: 215668291.938
[1, 21500] loss: 177770830.190
[1, 21520] loss: 152549427.165
[1, 21540] loss: 253833486.245
[1, 21560] loss: 218895969.175
[1, 21580] loss: 238113728.424
[1, 21600] loss: 276685801.725
[1, 21620] loss: 286110571.200
[1, 21640] loss: 208170117.412
[1, 21660] loss: 463135879.200
[1, 21680] loss: 300921968.587
[1, 21700] loss: 340691006.265
[1, 21720] loss: 250064630.475
[1, 21740] loss: 231146845.562
[1, 21760] loss: 278182503.059
[1, 21780] loss: 178353367.382
[1, 21800] loss: 225549722.583
[1, 21820] loss: 86471363.476
[1, 21840] loss: 302821760.775
[1, 21860] loss: 160774806.025
[1, 21880] loss: 221486789.042
[1, 21900] loss: 230285883.887
[1, 21920] loss: 229968933.225
[1, 21940] loss: 87786680.812
[1, 21960] loss: 156658579.092
[1, 21980] loss: 268781841.313
[1, 22000] loss: 125883164.794
[1, 22020] loss: 219545911.797
[1, 22040] loss: 171582558.056
[1, 22060] loss: 269643875.043
[1, 22080] loss: 109911839.677
[1, 22100] loss: 240059120.481
[1, 22120] loss: 279122080.040
[1, 22140] loss: 57402546.805
[1, 22160] loss: 188062214.762
[1, 22180] loss: 159063596.981
[1, 22200] loss: 99789357.142
[1, 22220] loss: 149976245.018
[1, 22240] loss: 168642623.625
[1, 22260] loss: 162205223.025
[1, 22280] loss: 187601009.969
[1, 22300] loss: 150482880.709
[1, 22320] loss: 152434954.258
[1, 22340] loss: 139689943.647
[1, 22360] loss: 159674167.481
[1, 22380] loss: 146340591.984
[1, 22400] loss: 182108369.569
[1, 22420] loss: 68130057.761
[1, 22440] loss: 164700880.456
[1, 22460] loss: 41964633.906
[1, 22480] loss: 75118093.675
[1, 22500] loss: 168939298.825
[1, 22520] loss: 123197472.044
[1, 22540] loss: 90977352.868
[1, 22560] loss: 77946926.532
[1, 22580] loss: 81695074.646
[1, 22600] loss: 174260039.006
[1, 22620] loss: 192842147.800
[1, 22640] loss: 81692564.397
[1, 22660] loss: 143620667.347
[1, 22680] loss: 117067604.258
[1, 22700] loss: 87633716.025
[1, 22720] loss: 136633010.448
[1, 22740] loss: 46439624.605
[1, 22760] loss: 74795952.963
[1, 22780] loss: 132923009.466
[1, 22800] loss: 107848647.474
[1, 22820] loss: 90669912.129
[1, 22840] loss: 21222601.333
[1, 22860] loss: 68400476.357
[1, 22880] loss: 111918853.646
[1, 22900] loss: 86932834.207
[1, 22920] loss: 70394129.207
[1, 22940] loss: 132004244.625
[1, 22960] loss: 85331370.136
[1, 22980] loss: 131324775.433
[1, 23000] loss: 71063367.510
[1, 23020] loss: 40082619.418
[1, 23040] loss: 36175375.742
[1, 23060] loss: 76517523.392
[1, 23080] loss: 55387043.928
[1, 23100] loss: 79731196.040
[1, 23120] loss: 61072440.048
[1, 23140] loss: 96902288.332
[1, 23160] loss: 83892910.388
[1, 23180] loss: 77348357.922
[1, 23200] loss: 84044412.806
[1, 23220] loss: 72880402.265
[1, 23240] loss: 22673598.788
[1, 23260] loss: 52219968.503
[1, 23280] loss: 51886709.312
[1, 23300] loss: 48635515.719
[1, 23320] loss: 58594642.605
[1, 23340] loss: 51713538.312
[1, 23360] loss: 51016102.526
[1, 23380] loss: 55974910.515
[1, 23400] loss: 69503053.285
[1, 23420] loss: 36202312.956
[1, 23440] loss: 106168796.928
[1, 23460] loss: 78199335.562
[1, 23480] loss: 56634459.505
[1, 23500] loss: 46200898.634
[1, 23520] loss: 45665145.847
[1, 23540] loss: 88825365.778
[1, 23560] loss: 50826921.593
[1, 23580] loss: 60205999.497
[1, 23600] loss: 75622375.125
[1, 23620] loss: 55399108.702
[1, 23640] loss: 53615910.867
[1, 23660] loss: 35655945.768
[1, 23680] loss: 45864972.046
[1, 23700] loss: 87909674.565
[1, 23720] loss: 105274899.261
[1, 23740] loss: 73240514.625
[1, 23760] loss: 90777150.925
[1, 23780] loss: 62086974.619
[1, 23800] loss: 98714813.528
[1, 23820] loss: 86763763.109
[1, 23840] loss: 34277672.233
[1, 23860] loss: 52500854.794
[1, 23880] loss: 41775723.191
[1, 23900] loss: 31194963.989
[1, 23920] loss: 46704352.167
[1, 23940] loss: 17451274.492
[1, 23960] loss: 58977166.305
[1, 23980] loss: 37868931.304
[1, 24000] loss: 65188289.926
[1, 24020] loss: 58414854.094
[1, 24040] loss: 59600154.122
[1, 24060] loss: 40732715.758
[1, 24080] loss: 12631403.276
[1, 24100] loss: 42025204.163
[1, 24120] loss: 35691127.509
[1, 24140] loss: 39433734.612
[1, 24160] loss: 74672698.603
[1, 24180] loss: 60061652.222
[1, 24200] loss: 54149376.484
[1, 24220] loss: 72450710.525
[1, 24240] loss: 38248062.138
[1, 24260] loss: 58533112.723
[1, 24280] loss: 95677018.976
[1, 24300] loss: 38382743.623
[1, 24320] loss: 11985990.634
[1, 24340] loss: 29278842.623
[1, 24360] loss: 53493401.217
[1, 24380] loss: 67642192.461
[1, 24400] loss: 105523042.111
[1, 24420] loss: 40232791.574
[1, 24440] loss: 41263096.800
[1, 24460] loss: 46400675.047
[1, 24480] loss: 39319097.456
[1, 24500] loss: 42004498.461
[1, 24520] loss: 61038992.693
[1, 24540] loss: 59291239.356
[1, 24560] loss: 36127991.570
[1, 24580] loss: 21732383.634
[1, 24600] loss: 36584672.256
[1, 24620] loss: 23440270.802
[1, 24640] loss: 49874561.681
[1, 24660] loss: 25611820.891
[1, 24680] loss: 64235922.062
[1, 24700] loss: 80822712.845
[1, 24720] loss: 88722682.168
[1, 24740] loss: 60171576.127
[1, 24760] loss: 63996529.669
[1, 24780] loss: 48972684.292
[1, 24800] loss: 61053704.459
[1, 24820] loss: 34705659.730
[1, 24840] loss: 61427059.669
[1, 24860] loss: 100786794.894
[1, 24880] loss: 93185975.455
[1, 24900] loss: 35548136.106
[1, 24920] loss: 29649720.181
[1, 24940] loss: 42866298.830
[1, 24960] loss: 23201278.264
[1, 24980] loss: 34850011.162
[1, 25000] loss: 63908345.715
[1, 25020] loss: 55965166.719
[1, 25040] loss: 22920744.425
[1, 25060] loss: 31174036.637
[1, 25080] loss: 35556529.502
[1, 25100] loss: 23062394.920
[1, 25120] loss: 44741333.966
[1, 25140] loss: 30718363.501
[1, 25160] loss: 34516681.950
[1, 25180] loss: 27383003.419
[1, 25200] loss: 33205873.291
[1, 25220] loss: 34699836.058
[1, 25240] loss: 68287652.190
[1, 25260] loss: 74604414.364
[1, 25280] loss: 70406810.388
[1, 25300] loss: 64005083.494
[1, 25320] loss: 127786793.002
[1, 25340] loss: 107098442.033
[1, 25360] loss: 29059159.698
[1, 25380] loss: 46009425.073
[1, 25400] loss: 19096863.059
[1, 25420] loss: 14475416.456
[1, 25440] loss: 26824870.277
[1, 25460] loss: 22880297.462
[1, 25480] loss: 16758701.035
[1, 25500] loss: 32327352.271
[1, 25520] loss: 48947687.239
[1, 25540] loss: 72918477.540
[1, 25560] loss: 33150860.833
[1, 25580] loss: 100583107.781
[1, 25600] loss: 72382290.243
[1, 25620] loss: 33080856.119
[1, 25640] loss: 24543328.596
[1, 25660] loss: 38884858.977
[1, 25680] loss: 11944920.418
[1, 25700] loss: 30439978.087
[1, 25720] loss: 16609079.359
[1, 25740] loss: 16013792.742
[1, 25760] loss: 29916111.625
[1, 25780] loss: 43342942.502
[1, 25800] loss: 10475392.932
[1, 25820] loss: 7233579.558
[1, 25840] loss: 17453948.309
[1, 25860] loss: 21891235.626
[1, 25880] loss: 21270420.498
[1, 25900] loss: 10914894.534
[1, 25920] loss: 19159474.812
[1, 25940] loss: 25289521.475
[1, 25960] loss: 16276817.072
[1, 25980] loss: 13450722.383
[1, 26000] loss: 17873773.506
[1, 26020] loss: 33304001.675
[1, 26040] loss: 39908636.751
[1, 26060] loss: 36530545.267
[1, 26080] loss: 17037892.848
[1, 26100] loss: 25202562.411
[1, 26120] loss: 17064175.433
[1, 26140] loss: 22106116.430
[1, 26160] loss: 14587517.553
[1, 26180] loss: 28434803.474
[1, 26200] loss: 13172088.221
[1, 26220] loss: 14873108.794
[1, 26240] loss: 20661966.289
[1, 26260] loss: 32200386.229
[1, 26280] loss: 70110427.969
[1, 26300] loss: 113949313.536
[1, 26320] loss: 18630378.852
[1, 26340] loss: 36998471.812
[1, 26360] loss: 28066657.397
[1, 26380] loss: 242206330.227
[1, 26400] loss: 264566695.070
[1, 26420] loss: 320221052.913
[1, 26440] loss: 99816607.431
[1, 26460] loss: 17506431.829
[1, 26480] loss: 17582642.822
[1, 26500] loss: 22308291.729
[1, 26520] loss: 23295180.834
[1, 26540] loss: 23359914.125
[1, 26560] loss: 43246567.728
[1, 26580] loss: 42921628.131
[1, 26600] loss: 21873162.603
[1, 26620] loss: 18070598.897
[1, 26640] loss: 14864049.052
[1, 26660] loss: 26497117.254
[1, 26680] loss: 11305617.127
[1, 26700] loss: 30212673.937
[1, 26720] loss: 24714181.275
[1, 26740] loss: 18647815.221
[1, 26760] loss: 29512107.329
[1, 26780] loss: 7456430.521
[1, 26800] loss: 18927785.406
[1, 26820] loss: 15357438.634
[1, 26840] loss: 11199053.301
[1, 26860] loss: 24087055.537
[1, 26880] loss: 19795352.853
[1, 26900] loss: 13743203.994
[1, 26920] loss: 15707498.225
[1, 26940] loss: 18468967.684
[1, 26960] loss: 17812614.487
[1, 26980] loss: 29106909.118
[1, 27000] loss: 8073130.926
[1, 27020] loss: 16802876.072
[1, 27040] loss: 5492062.831
[1, 27060] loss: 9741300.169
[1, 27080] loss: 9276400.055
[1, 27100] loss: 19955714.575
[1, 27120] loss: 25715051.369
[1, 27140] loss: 22311125.297
[1, 27160] loss: 18207186.600
[1, 27180] loss: 23126546.632
[1, 27200] loss: 21821008.363
[1, 27220] loss: 10830421.399
[1, 27240] loss: 12366746.242
[1, 27260] loss: 12444621.849
[1, 27280] loss: 35799202.491
[1, 27300] loss: 241084315.667
[1, 27320] loss: 56706376.883
[1, 27340] loss: 65661991.273
[1, 27360] loss: 86972228.248
[1, 27380] loss: 71670378.480
[1, 27400] loss: 19553949.069
[1, 27420] loss: 28066071.664
[1, 27440] loss: 18775624.184
[1, 27460] loss: 10761731.678
[1, 27480] loss: 7157566.779
[1, 27500] loss: 10523007.907
[1, 27520] loss: 5051679.777
[1, 27540] loss: 5707807.128
[1, 27560] loss: 4891013.092
[1, 27580] loss: 16377573.251
[1, 27600] loss: 6239765.455
[1, 27620] loss: 7323238.476
[1, 27640] loss: 21257246.379
[1, 27660] loss: 13486470.205
[1, 27680] loss: 6148643.532
[1, 27700] loss: 6061517.643
[1, 27720] loss: 4913986.564
[1, 27740] loss: 7504869.533
[1, 27760] loss: 5166797.330
[1, 27780] loss: 4041475.571
[1, 27800] loss: 7391303.922
[1, 27820] loss: 5243087.454
[1, 27840] loss: 2793882.901
[1, 27860] loss: 3619690.821
[1, 27880] loss: 7314853.581
[1, 27900] loss: 24777509.839
[1, 27920] loss: 15910874.997
[1, 27940] loss: 17086310.586
[1, 27960] loss: 38965877.428
[1, 27980] loss: 10410579.036
[1, 28000] loss: 7512004.351
[1, 28020] loss: 4248161.099
[1, 28040] loss: 5536969.306
[1, 28060] loss: 4595253.005
[1, 28080] loss: 3374231.986
[1, 28100] loss: 6212335.788
[1, 28120] loss: 9287957.881
[1, 28140] loss: 9961976.204
[1, 28160] loss: 10714556.393
[1, 28180] loss: 31894653.778
[1, 28200] loss: 19485257.936
[1, 28220] loss: 13034356.204
[1, 28240] loss: 3644010.957
[1, 28260] loss: 5350211.764
[1, 28280] loss: 2991080.146
[1, 28300] loss: 3775344.954
[1, 28320] loss: 2654968.171
[1, 28340] loss: 3147196.736
[1, 28360] loss: 2485445.780
[1, 28380] loss: 15831010.765
[1, 28400] loss: 11905192.856
[1, 28420] loss: 11128651.104
[1, 28440] loss: 17373769.343
[1, 28460] loss: 13453735.833
[1, 28480] loss: 6562535.195
[1, 28500] loss: 6508580.494
[1, 28520] loss: 7774168.268
[1, 28540] loss: 13396431.656
[1, 28560] loss: 23761457.487
[1, 28580] loss: 31903557.427
[1, 28600] loss: 12331860.147
[1, 28620] loss: 6826560.178
[1, 28640] loss: 2278575.459
[1, 28660] loss: 8019126.894
[1, 28680] loss: 1807919.455
[1, 28700] loss: 5587048.798
[1, 28720] loss: 2718036.198
[1, 28740] loss: 2189182.922
[1, 28760] loss: 6531042.897
[1, 28780] loss: 4085399.257
[1, 28800] loss: 2342455.313
[1, 28820] loss: 4872230.626
[1, 28840] loss: 2300696.153
[1, 28860] loss: 4179824.039
[1, 28880] loss: 2012776.597
[1, 28900] loss: 6540332.979
[1, 28920] loss: 7002143.808
[1, 28940] loss: 4426078.278
[1, 28960] loss: 3443328.620
[1, 28980] loss: 9010477.358
[1, 29000] loss: 18482641.917
[1, 29020] loss: 18299653.063
[1, 29040] loss: 23101976.874
[1, 29060] loss: 35124219.933
[1, 29080] loss: 26174243.262
[1, 29100] loss: 34666325.919
[1, 29120] loss: 12383532.658
[1, 29140] loss: 16360355.081
[1, 29160] loss: 19177742.942
[1, 29180] loss: 6660903.699
[1, 29200] loss: 4298337.048
[1, 29220] loss: 4838409.940
[1, 29240] loss: 3095396.267
[1, 29260] loss: 3638769.725
[1, 29280] loss: 4200296.510
[1, 29300] loss: 2637615.840
[1, 29320] loss: 2633795.959
[1, 29340] loss: 2215888.290
[1, 29360] loss: 2525090.482
[1, 29380] loss: 2109612.670
[1, 29400] loss: 3290937.993
[1, 29420] loss: 1678656.962
[1, 29440] loss: 1856760.500
[1, 29460] loss: 2630741.382
[1, 29480] loss: 5596459.582
[1, 29500] loss: 2937610.367
[1, 29520] loss: 1151361.267
[1, 29540] loss: 4145105.448
[1, 29560] loss: 2799637.600
[1, 29580] loss: 3855751.079
[1, 29600] loss: 1913452.134
[1, 29620] loss: 16058407.656
[1, 29640] loss: 37598577.175
[1, 29660] loss: 4621769.127
[1, 29680] loss: 3872626.077
[1, 29700] loss: 2786611.173
[1, 29720] loss: 1053396.884
[1, 29740] loss: 1445430.442
[1, 29760] loss: 2173135.345
[1, 29780] loss: 2125304.292
[1, 29800] loss: 1959711.950
[1, 29820] loss: 2243033.751
[1, 29840] loss: 3016438.533
[1, 29860] loss: 2331022.847
[1, 29880] loss: 1102514.540
[1, 29900] loss: 1454101.707
[1, 29920] loss: 1456195.875
[1, 29940] loss: 1200354.551
[1, 29960] loss: 1729230.491
[1, 29980] loss: 2247741.665
[1, 30000] loss: 1176869.411
[1, 30020] loss: 1305780.259
[1, 30040] loss: 1036918.787
[1, 30060] loss: 1839592.614
[1, 30080] loss: 2300528.263
[1, 30100] loss: 2850704.253
[1, 30120] loss: 2131935.190
[1, 30140] loss: 2695225.392
[1, 30160] loss: 2583538.669
[1, 30180] loss: 1121055.750
[1, 30200] loss: 2013108.660
[1, 30220] loss: 967020.895
[1, 30240] loss: 1520760.044
[1, 30260] loss: 1308308.272
[1, 30280] loss: 1646266.970
[1, 30300] loss: 3319597.755
[1, 30320] loss: 1589885.373
[1, 30340] loss: 1730140.993
[1, 30360] loss: 1000752.953
[1, 30380] loss: 1541839.452
[1, 30400] loss: 7903484.740
[1, 30420] loss: 9705943.135
[1,    20] loss: 7768151.859
[1,    40] loss: 5180348.285
[1,    60] loss: 7971851.873
[1,    80] loss: 7082620.530
[1,   100] loss: 6158342.060
[1,   120] loss: 5972420.615
[1,   140] loss: 5370512.566
[1,   160] loss: 4814830.773
[1,   180] loss: 5342149.513
[1,   200] loss: 5612403.149
[1,   220] loss: 5661365.247
[1,   240] loss: 5459610.467
[1,   260] loss: 5173072.024
[1,   280] loss: 5349118.262
[1,   300] loss: 6187805.484
[1,   320] loss: 6489688.526
[1,   340] loss: 6681726.172
[1,   360] loss: 7274364.589
[1,   380] loss: 7769173.230
[1,   400] loss: 7526759.934
[1,   420] loss: 7937620.820
[1,   440] loss: 8177113.528
[1,   460] loss: 7854810.819
[1,   480] loss: 7593850.763
[1,   500] loss: 7491163.774
[1,   520] loss: 7391249.439
[1,   540] loss: 7229885.296
[1,   560] loss: 7007723.436
[1,   580] loss: 6788465.221
[1,   600] loss: 6578709.755
[1,   620] loss: 6379150.384
[1,   640] loss: 6209720.927
[1,   660] loss: 6071269.930
[1,   680] loss: 5948354.168
[1,   700] loss: 5845261.504
[1,   720] loss: 5684981.529
[1,   740] loss: 5545923.835
[1,   760] loss: 5419723.663
[1,   780] loss: 5285442.829
[1,   800] loss: 5172673.220
[1,   820] loss: 5056764.096
[1,   840] loss: 4938747.572
[1,   860] loss: 4848440.518
[1,   880] loss: 4760864.571
[1,   900] loss: 4658320.354
[1,   920] loss: 4578105.503
[1,   940] loss: 4489858.745
[1,   960] loss: 4415600.960
[1,   980] loss: 4455125.751
[1,  1000] loss: 4688756.959
[1,  1020] loss: 5146124.230
[1,  1040] loss: 5609260.114
[1,  1060] loss: 6107662.153
[1,  1080] loss: 6479133.778
[1,  1100] loss: 6481373.276
[1,  1120] loss: 6383042.173
[1,  1140] loss: 6365447.171
[1,  1160] loss: 6346886.245
[1,  1180] loss: 6310941.094
[1,  1200] loss: 6232240.440
[1,  1220] loss: 6141827.319
[1,  1240] loss: 6065941.365
[1,  1260] loss: 6020636.299
[1,  1280] loss: 6032221.399
[1,  1300] loss: 6086737.818
[1,  1320] loss: 6090754.919
[1,  1340] loss: 6028016.001
[1,  1360] loss: 5962543.052
[1,  1380] loss: 5910852.812
[1,  1400] loss: 5845711.404
[1,  1420] loss: 5774171.366
[1,  1440] loss: 5697233.122
[1,  1460] loss: 5620244.561
[1,  1480] loss: 5547616.938
[1,  1500] loss: 5474179.250
[1,  1520] loss: 5403918.097
[1,  1540] loss: 5334111.981
[1,  1560] loss: 5267485.887
[1,  1580] loss: 5204985.507
[1,  1600] loss: 5140154.401
[1,  1620] loss: 5077374.195
[1,  1640] loss: 5015780.309
[1,  1660] loss: 4959046.969
[1,  1680] loss: 4910485.747
[1,  1700] loss: 4854821.241
[1,  1720] loss: 4800936.655
[1,  1740] loss: 4749124.789
[1,  1760] loss: 4711964.305
[1,  1780] loss: 4661946.552
[1,  1800] loss: 4610178.598
[1,  1820] loss: 4560014.633
[1,  1840] loss: 4511617.981
[1,  1860] loss: 4502703.286
[1,  1880] loss: 4609849.685
[1,  1900] loss: 4757677.834
[1,  1920] loss: 4854869.928
[1,  1940] loss: 4893893.617
[1,  1960] loss: 4906969.606
[1,  1980] loss: 4955780.570
[1,  2000] loss: 5050198.526
[1,  2020] loss: 5139836.595
[1,  2040] loss: 5209319.614
[1,  2060] loss: 5254700.687
[1,  2080] loss: 5304024.002
[1,  2100] loss: 5340699.883
[1,  2120] loss: 5412949.226
[1,  2140] loss: 5420100.127
[1,  2160] loss: 5419909.078
[1,  2180] loss: 5457004.486
[1,  2200] loss: 5523085.558
[1,  2220] loss: 5565753.626
[1,  2240] loss: 5602637.511
[1,  2260] loss: 5646108.986
[1,  2280] loss: 5684616.867
[1,  2300] loss: 5767986.128
[1,  2320] loss: 5883080.867
[1,  2340] loss: 5876469.511
[1,  2360] loss: 5915610.260
[1,  2380] loss: 5908798.623
[1,  2400] loss: 5870810.798
[1,  2420] loss: 5957852.645
[1,  2440] loss: 5930222.983
[1,  2460] loss: 5971924.133
[1,  2480] loss: 5968278.072
[1,  2500] loss: 5972663.967
[1,  2520] loss: 6037606.094
[1,  2540] loss: 6070223.928
[1,  2560] loss: 6059338.280
[1,  2580] loss: 6086645.638
[1,  2600] loss: 6094820.222
[1,  2620] loss: 6078668.914
[1,  2640] loss: 6078877.103
[1,  2660] loss: 6087804.752
[1,  2680] loss: 6149393.235
[1,  2700] loss: 6165672.705
[1,  2720] loss: 6155998.094
[1,  2740] loss: 6136362.802
[1,  2760] loss: 6172751.864
[1,  2780] loss: 6219660.260
[1,  2800] loss: 6294657.759
[1,  2820] loss: 6288381.244
[1,  2840] loss: 6273669.099
[1,  2860] loss: 6287262.131
[1,  2880] loss: 6269726.276
[1,  2900] loss: 6245854.300
[1,  2920] loss: 6224398.477
[1,  2940] loss: 6211356.525
[1,  2960] loss: 6208048.978
[1,  2980] loss: 6209157.461
[1,  3000] loss: 6206155.734
[1,  3020] loss: 6203094.176
[1,  3040] loss: 6219275.611
[1,  3060] loss: 6257210.619
[1,  3080] loss: 6331691.928
[1,  3100] loss: 6409942.635
[1,  3120] loss: 6487838.138
[1,  3140] loss: 6563631.581
[1,  3160] loss: 6623902.440
[1,  3180] loss: 6648302.907
[1,  3200] loss: 6677285.494
[1,  3220] loss: 6667767.026
[1,  3240] loss: 6632845.546
[1,  3260] loss: 6610318.197
[1,  3280] loss: 6873298.923
[1,  3300] loss: 6862771.701
[1,  3320] loss: 6828738.119
[1,  3340] loss: 6809466.794
[1,  3360] loss: 6801818.217
