cuda:  0
color_space: YCbCr
batch_size: 1
num_epcochs: 1
learning_rate: 0.002
[1,    20] loss: 5.104
[1,    40] loss: 100.415
[1,    60] loss: 34.089
[1,    80] loss: 362.777
[1,   100] loss: 2330.782
[1,   120] loss: 16016.204
[1,   140] loss: 16442.507
[1,   160] loss: 12006.496
[1,   180] loss: 2147.035
[1,   200] loss: 161.197
[1,   220] loss: 11.537
[1,   240] loss: 3.730
[1,   260] loss: 4.746
[1,   280] loss: 0.996
[1,   300] loss: 2.688
[1,   320] loss: 0.726
[1,   340] loss: 1.136
[1,   360] loss: 2.530
[1,   380] loss: 1.897
[1,   400] loss: 1.192
[1,   420] loss: 0.708
[1,   440] loss: 0.468
[1,   460] loss: 0.909
[1,   480] loss: 0.665
[1,   500] loss: 0.706
[1,   520] loss: 0.827
[1,   540] loss: 0.894
[1,   560] loss: 0.559
[1,   580] loss: 0.486
[1,   600] loss: 0.795
[1,   620] loss: 0.522
[1,   640] loss: 0.507
[1,   660] loss: 0.407
[1,   680] loss: 0.398
[1,   700] loss: 0.255
[1,   720] loss: 0.547
[1,   740] loss: 0.309
[1,   760] loss: 0.105
[1,   780] loss: 0.146
[1,   800] loss: 0.401
[1,   820] loss: 0.378
[1,   840] loss: 0.374
[1,   860] loss: 0.380
[1,   880] loss: 0.153
[1,   900] loss: 0.477
[1,   920] loss: 0.225
[1,   940] loss: 0.135
[1,   960] loss: 0.140
[1,   980] loss: 0.108
[1,  1000] loss: 0.205
[1,  1020] loss: 0.127
[1,  1040] loss: 0.284
[1,  1060] loss: 0.161
[1,  1080] loss: 0.076
[1,  1100] loss: 0.099
[1,  1120] loss: 0.213
[1,  1140] loss: 0.163
[1,  1160] loss: 0.124
[1,  1180] loss: 0.240
[1,  1200] loss: 0.179
[1,  1220] loss: 0.054
[1,  1240] loss: 0.068
[1,  1260] loss: 0.054
[1,  1280] loss: 0.120
[1,  1300] loss: 0.076
[1,  1320] loss: 0.041
[1,  1340] loss: 0.096
[1,  1360] loss: 0.063
[1,  1380] loss: 0.134
[1,  1400] loss: 0.042
[1,  1420] loss: 0.074
[1,  1440] loss: 0.063
[1,  1460] loss: 0.116
[1,  1480] loss: 0.142
[1,  1500] loss: 0.119
[1,  1520] loss: 0.027
[1,  1540] loss: 0.066
[1,  1560] loss: 0.089
[1,  1580] loss: 0.192
[1,  1600] loss: 0.046
[1,  1620] loss: 0.208
[1,  1640] loss: 0.163
[1,  1660] loss: 0.087
[1,  1680] loss: 0.123
[1,  1700] loss: 0.222
[1,  1720] loss: 0.111
[1,  1740] loss: 0.130
[1,  1760] loss: 0.086
[1,  1780] loss: 0.047
[1,  1800] loss: 0.073
[1,  1820] loss: 0.352
[1,  1840] loss: 0.075
[1,  1860] loss: 0.051
[1,  1880] loss: 0.159
[1,  1900] loss: 0.077
[1,  1920] loss: 0.084
[1,  1940] loss: 0.065
[1,  1960] loss: 0.281
[1,  1980] loss: 0.056
[1,  2000] loss: 0.066
[1,  2020] loss: 0.086
[1,  2040] loss: 0.147
[1,  2060] loss: 0.051
[1,  2080] loss: 0.035
[1,  2100] loss: 0.087
[1,  2120] loss: 0.083
[1,  2140] loss: 0.048
[1,  2160] loss: 0.253
[1,  2180] loss: 0.148
[1,  2200] loss: 0.037
[1,  2220] loss: 0.080
[1,  2240] loss: 0.103
[1,  2260] loss: 0.091
[1,  2280] loss: 0.094
[1,  2300] loss: 0.018
[1,  2320] loss: 0.061
[1,  2340] loss: 0.076
[1,  2360] loss: 0.073
[1,  2380] loss: 0.114
[1,  2400] loss: 0.114
[1,  2420] loss: 0.059
[1,  2440] loss: 0.063
[1,  2460] loss: 0.131
[1,  2480] loss: 0.096
[1,  2500] loss: 0.100
[1,  2520] loss: 0.034
[1,  2540] loss: 0.037
[1,  2560] loss: 0.081
[1,  2580] loss: 0.146
[1,  2600] loss: 0.116
[1,  2620] loss: 0.090
[1,  2640] loss: 0.224
[1,  2660] loss: 0.066
[1,  2680] loss: 0.046
[1,  2700] loss: 0.075
[1,  2720] loss: 0.132
[1,  2740] loss: 0.052
[1,  2760] loss: 0.066
[1,  2780] loss: 0.206
[1,  2800] loss: 0.233
[1,  2820] loss: 0.105
[1,  2840] loss: 0.085
[1,  2860] loss: 0.213
[1,  2880] loss: 0.100
[1,  2900] loss: 0.094
[1,  2920] loss: 0.060
[1,  2940] loss: 0.018
[1,  2960] loss: 0.025
[1,  2980] loss: 0.042
[1,  3000] loss: 0.133
[1,  3020] loss: 0.071
[1,  3040] loss: 0.102
[1,  3060] loss: 0.032
[1,  3080] loss: 0.045
[1,  3100] loss: 0.015
[1,  3120] loss: 0.052
[1,  3140] loss: 0.050
[1,  3160] loss: 0.128
[1,  3180] loss: 0.110
[1,  3200] loss: 0.048
[1,  3220] loss: 0.042
[1,  3240] loss: 0.063
[1,  3260] loss: 0.070
[1,  3280] loss: 0.067
[1,  3300] loss: 0.110
[1,  3320] loss: 0.045
[1,  3340] loss: 0.134
[1,  3360] loss: 0.158
[1,  3380] loss: 0.186
[1,  3400] loss: 0.105
[1,  3420] loss: 0.172
[1,  3440] loss: 0.143
[1,  3460] loss: 0.054
[1,  3480] loss: 0.071
[1,  3500] loss: 0.117
[1,  3520] loss: 0.165
[1,  3540] loss: 0.086
[1,  3560] loss: 0.032
[1,  3580] loss: 0.077
[1,  3600] loss: 0.083
[1,  3620] loss: 0.083
[1,  3640] loss: 0.124
[1,  3660] loss: 0.044
[1,  3680] loss: 0.138
[1,  3700] loss: 0.104
[1,  3720] loss: 0.062
[1,  3740] loss: 0.030
[1,  3760] loss: 0.021
[1,  3780] loss: 0.061
[1,  3800] loss: 0.025
[1,  3820] loss: 0.062
[1,  3840] loss: 0.154
[1,  3860] loss: 0.155
[1,  3880] loss: 0.077
[1,  3900] loss: 0.109
[1,  3920] loss: 0.315
[1,  3940] loss: 0.360
[1,  3960] loss: 0.381
[1,  3980] loss: 0.235
[1,  4000] loss: 0.237
[1,  4020] loss: 0.085
[1,  4040] loss: 0.030
[1,  4060] loss: 0.106
[1,  4080] loss: 0.043
[1,  4100] loss: 0.065
[1,  4120] loss: 0.052
[1,  4140] loss: 0.306
[1,  4160] loss: 0.181
[1,  4180] loss: 0.037
[1,  4200] loss: 0.192
[1,  4220] loss: 0.195
[1,  4240] loss: 0.072
[1,  4260] loss: 0.047
[1,  4280] loss: 0.216
[1,  4300] loss: 0.048
[1,  4320] loss: 0.079
[1,  4340] loss: 0.093
[1,  4360] loss: 0.139
[1,  4380] loss: 0.088
[1,  4400] loss: 0.084
[1,  4420] loss: 0.160
[1,  4440] loss: 0.031
[1,  4460] loss: 0.079
[1,  4480] loss: 0.066
[1,  4500] loss: 0.021
[1,  4520] loss: 0.172
[1,  4540] loss: 0.367
[1,  4560] loss: 0.173
[1,  4580] loss: 0.085
[1,  4600] loss: 0.059
[1,  4620] loss: 0.029
[1,  4640] loss: 0.073
[1,  4660] loss: 0.037
[1,  4680] loss: 0.201
[1,  4700] loss: 0.104
[1,  4720] loss: 0.122
[1,  4740] loss: 0.126
[1,  4760] loss: 0.068
[1,  4780] loss: 0.148
[1,  4800] loss: 0.369
[1,  4820] loss: 0.135
[1,  4840] loss: 0.144
[1,  4860] loss: 0.083
[1,  4880] loss: 0.049
[1,  4900] loss: 0.026
[1,  4920] loss: 0.146
[1,  4940] loss: 0.153
[1,  4960] loss: 0.089
[1,  4980] loss: 0.091
[1,  5000] loss: 0.092
[1,  5020] loss: 0.234
[1,  5040] loss: 0.400
[1,  5060] loss: 0.330
[1,  5080] loss: 0.082
[1,  5100] loss: 0.255
[1,  5120] loss: 0.230
[1,  5140] loss: 0.211
[1,  5160] loss: 0.111
[1,  5180] loss: 0.038
[1,  5200] loss: 0.122
[1,  5220] loss: 0.095
[1,  5240] loss: 0.060
[1,  5260] loss: 0.121
[1,  5280] loss: 0.032
[1,  5300] loss: 0.069
[1,  5320] loss: 0.031
[1,  5340] loss: 0.119
[1,  5360] loss: 0.038
[1,  5380] loss: 0.028
[1,  5400] loss: 0.043
[1,  5420] loss: 0.022
[1,  5440] loss: 0.138
[1,  5460] loss: 0.030
[1,  5480] loss: 0.081
[1,  5500] loss: 0.076
[1,  5520] loss: 0.045
[1,  5540] loss: 0.275
[1,  5560] loss: 0.080
[1,  5580] loss: 0.112
[1,  5600] loss: 0.091
[1,  5620] loss: 0.172
[1,  5640] loss: 0.047
[1,  5660] loss: 0.054
[1,  5680] loss: 0.222
[1,  5700] loss: 0.134
[1,  5720] loss: 0.069
[1,  5740] loss: 0.245
[1,  5760] loss: 0.137
[1,  5780] loss: 0.152
[1,  5800] loss: 0.061
[1,  5820] loss: 0.054
[1,  5840] loss: 0.042
[1,  5860] loss: 0.082
[1,  5880] loss: 0.031
[1,  5900] loss: 0.023
[1,  5920] loss: 0.024
[1,  5940] loss: 0.173
[1,  5960] loss: 0.124
[1,  5980] loss: 0.090
[1,  6000] loss: 0.103
[1,  6020] loss: 0.053
[1,  6040] loss: 0.073
[1,  6060] loss: 0.073
[1,  6080] loss: 0.387
[1,  6100] loss: 0.278
[1,  6120] loss: 0.095
[1,  6140] loss: 0.023
[1,  6160] loss: 0.087
[1,  6180] loss: 0.278
[1,  6200] loss: 0.074
[1,  6220] loss: 0.097
[1,  6240] loss: 0.098
[1,  6260] loss: 0.071
[1,  6280] loss: 0.021
[1,  6300] loss: 0.090
[1,  6320] loss: 0.174
[1,  6340] loss: 0.032
[1,  6360] loss: 0.042
[1,  6380] loss: 0.044
[1,  6400] loss: 0.042
[1,  6420] loss: 0.050
[1,  6440] loss: 0.125
[1,  6460] loss: 0.025
[1,  6480] loss: 0.121
[1,  6500] loss: 0.083
[1,  6520] loss: 0.113
[1,  6540] loss: 0.120
[1,  6560] loss: 0.058
[1,  6580] loss: 0.068
[1,  6600] loss: 0.055
[1,  6620] loss: 0.032
[1,  6640] loss: 0.038
[1,  6660] loss: 0.073
[1,  6680] loss: 0.075
[1,  6700] loss: 0.271
[1,  6720] loss: 0.141
[1,  6740] loss: 0.228
[1,  6760] loss: 0.147
[1,  6780] loss: 0.149
[1,  6800] loss: 0.452
[1,  6820] loss: 0.207
[1,  6840] loss: 0.184
[1,  6860] loss: 0.417
[1,  6880] loss: 0.101
[1,  6900] loss: 0.081
[1,  6920] loss: 0.061
[1,  6940] loss: 0.120
[1,  6960] loss: 0.055
[1,  6980] loss: 0.289
[1,  7000] loss: 0.143
[1,  7020] loss: 0.151
[1,  7040] loss: 0.037
[1,  7060] loss: 0.105
[1,  7080] loss: 0.074
[1,  7100] loss: 0.087
[1,  7120] loss: 0.043
[1,  7140] loss: 0.065
[1,  7160] loss: 0.075
[1,  7180] loss: 0.119
[1,  7200] loss: 0.074
[1,  7220] loss: 0.039
[1,  7240] loss: 0.158
[1,  7260] loss: 0.052
[1,  7280] loss: 0.139
[1,  7300] loss: 0.116
[1,  7320] loss: 0.165
[1,  7340] loss: 0.056
[1,  7360] loss: 0.051
[1,  7380] loss: 0.178
[1,  7400] loss: 0.095
[1,  7420] loss: 0.039
[1,  7440] loss: 0.059
[1,  7460] loss: 0.220
[1,  7480] loss: 0.098
[1,  7500] loss: 0.216
[1,  7520] loss: 0.198
[1,  7540] loss: 0.108
[1,  7560] loss: 0.164
[1,  7580] loss: 0.072
[1,  7600] loss: 0.155
[1,  7620] loss: 0.068
[1,  7640] loss: 0.153
[1,  7660] loss: 0.087
[1,  7680] loss: 0.031
[1,  7700] loss: 0.197
[1,  7720] loss: 0.045
[1,  7740] loss: 0.032
[1,  7760] loss: 0.138
[1,  7780] loss: 0.041
[1,  7800] loss: 0.080
[1,  7820] loss: 0.058
[1,  7840] loss: 0.096
[1,  7860] loss: 0.100
[1,  7880] loss: 0.090
[1,  7900] loss: 0.074
[1,  7920] loss: 0.142
[1,  7940] loss: 0.038
[1,  7960] loss: 0.064
[1,  7980] loss: 0.036
[1,  8000] loss: 0.037
[1,  8020] loss: 0.091
[1,  8040] loss: 0.088
[1,  8060] loss: 0.065
[1,  8080] loss: 0.079
[1,  8100] loss: 0.067
[1,  8120] loss: 0.054
[1,  8140] loss: 0.051
[1,  8160] loss: 0.282
[1,  8180] loss: 0.130
[1,  8200] loss: 0.104
[1,  8220] loss: 0.160
[1,  8240] loss: 0.073
[1,  8260] loss: 0.292
[1,  8280] loss: 0.142
[1,  8300] loss: 0.059
[1,  8320] loss: 0.077
[1,  8340] loss: 0.070
[1,  8360] loss: 0.121
[1,  8380] loss: 0.030
[1,  8400] loss: 0.140
[1,  8420] loss: 0.056
[1,  8440] loss: 0.048
[1,  8460] loss: 0.353
[1,  8480] loss: 0.114
[1,  8500] loss: 0.098
[1,  8520] loss: 0.171
[1,  8540] loss: 0.179
[1,  8560] loss: 0.145
[1,  8580] loss: 0.077
[1,  8600] loss: 0.119
[1,  8620] loss: 0.042
[1,  8640] loss: 0.043
[1,  8660] loss: 0.032
[1,  8680] loss: 0.026
[1,  8700] loss: 0.061
[1,  8720] loss: 0.030
[1,  8740] loss: 0.046
[1,  8760] loss: 0.023
[1,  8780] loss: 0.081
[1,  8800] loss: 0.045
[1,  8820] loss: 0.065
[1,  8840] loss: 0.079
[1,  8860] loss: 0.104
[1,  8880] loss: 0.030
[1,  8900] loss: 0.175
[1,  8920] loss: 0.146
[1,  8940] loss: 0.097
[1,  8960] loss: 0.104
[1,  8980] loss: 0.053
[1,  9000] loss: 0.032
[1,  9020] loss: 0.081
[1,  9040] loss: 0.026
[1,  9060] loss: 0.016
[1,  9080] loss: 0.030
[1,  9100] loss: 0.098
[1,  9120] loss: 0.165
[1,  9140] loss: 0.027
[1,  9160] loss: 0.068
[1,  9180] loss: 0.041
[1,  9200] loss: 0.181
[1,  9220] loss: 0.098
[1,  9240] loss: 0.045
[1,  9260] loss: 0.129
[1,  9280] loss: 0.037
[1,  9300] loss: 0.103
[1,  9320] loss: 0.061
[1,  9340] loss: 0.109
[1,  9360] loss: 0.013
[1,  9380] loss: 0.081
[1,  9400] loss: 0.020
[1,  9420] loss: 0.026
[1,  9440] loss: 0.066
[1,  9460] loss: 0.018
[1,  9480] loss: 0.029
[1,  9500] loss: 0.063
[1,  9520] loss: 0.095
[1,  9540] loss: 0.016
[1,  9560] loss: 0.127
[1,  9580] loss: 0.117
[1,  9600] loss: 0.035
[1,  9620] loss: 0.049
[1,  9640] loss: 0.056
[1,  9660] loss: 0.104
[1,  9680] loss: 0.022
[1,  9700] loss: 0.071
[1,  9720] loss: 0.023
[1,  9740] loss: 0.036
[1,  9760] loss: 0.073
[1,  9780] loss: 0.171
[1,  9800] loss: 0.026
[1,  9820] loss: 0.156
[1,  9840] loss: 0.040
[1,  9860] loss: 0.066
[1,  9880] loss: 0.023
[1,  9900] loss: 0.048
[1,  9920] loss: 0.036
[1,  9940] loss: 0.032
[1,  9960] loss: 0.101
[1,  9980] loss: 0.037
[1, 10000] loss: 0.109
[1, 10020] loss: 0.030
[1, 10040] loss: 0.031
[1, 10060] loss: 0.029
[1, 10080] loss: 0.175
[1, 10100] loss: 0.020
[1, 10120] loss: 0.023
[1, 10140] loss: 0.149
[1, 10160] loss: 0.046
[1, 10180] loss: 0.118
[1, 10200] loss: 0.081
[1, 10220] loss: 0.038
[1, 10240] loss: 0.017
[1, 10260] loss: 0.141
[1, 10280] loss: 0.078
[1, 10300] loss: 0.082
[1, 10320] loss: 0.071
[1, 10340] loss: 0.038
[1, 10360] loss: 0.059
[1, 10380] loss: 0.036
[1, 10400] loss: 0.034
[1, 10420] loss: 0.027
[1, 10440] loss: 0.050
[1, 10460] loss: 0.045
[1, 10480] loss: 0.096
[1, 10500] loss: 0.064
[1, 10520] loss: 0.090
[1, 10540] loss: 0.044
[1, 10560] loss: 0.063
[1, 10580] loss: 0.032
[1, 10600] loss: 0.134
[1, 10620] loss: 0.066
[1, 10640] loss: 0.170
[1, 10660] loss: 0.047
[1, 10680] loss: 0.083
[1, 10700] loss: 0.096
[1, 10720] loss: 0.070
[1, 10740] loss: 0.080
[1, 10760] loss: 0.023
[1, 10780] loss: 0.033
[1, 10800] loss: 0.032
[1, 10820] loss: 0.180
[1, 10840] loss: 0.040
[1, 10860] loss: 0.041
[1, 10880] loss: 0.112
[1, 10900] loss: 0.065
[1, 10920] loss: 0.042
[1, 10940] loss: 0.075
[1, 10960] loss: 0.117
[1, 10980] loss: 0.119
[1, 11000] loss: 0.027
[1, 11020] loss: 0.050
[1, 11040] loss: 0.020
[1, 11060] loss: 0.031
[1, 11080] loss: 0.018
[1, 11100] loss: 0.034
[1, 11120] loss: 0.024
[1, 11140] loss: 0.082
[1, 11160] loss: 0.036
[1, 11180] loss: 0.049
[1, 11200] loss: 0.032
[1, 11220] loss: 0.077
[1, 11240] loss: 0.162
[1, 11260] loss: 0.132
[1, 11280] loss: 0.030
[1, 11300] loss: 0.148
[1, 11320] loss: 0.154
[1, 11340] loss: 0.105
[1, 11360] loss: 0.025
[1, 11380] loss: 0.029
[1, 11400] loss: 0.058
[1, 11420] loss: 0.125
[1, 11440] loss: 0.027
[1, 11460] loss: 0.030
[1, 11480] loss: 0.045
[1, 11500] loss: 0.009
[1, 11520] loss: 0.027
[1, 11540] loss: 0.010
[1, 11560] loss: 0.023
[1, 11580] loss: 0.158
[1, 11600] loss: 0.189
[1, 11620] loss: 0.115
[1, 11640] loss: 0.033
[1, 11660] loss: 0.044
[1, 11680] loss: 0.022
[1, 11700] loss: 0.157
[1, 11720] loss: 0.116
[1, 11740] loss: 0.193
[1, 11760] loss: 0.077
[1, 11780] loss: 0.056
[1, 11800] loss: 0.024
[1, 11820] loss: 0.045
[1, 11840] loss: 0.052
[1, 11860] loss: 0.057
[1, 11880] loss: 0.048
[1, 11900] loss: 0.025
[1, 11920] loss: 0.025
[1, 11940] loss: 0.069
[1, 11960] loss: 0.084
[1, 11980] loss: 0.193
[1, 12000] loss: 0.089
[1, 12020] loss: 0.184
[1, 12040] loss: 0.026
[1, 12060] loss: 0.182
[1, 12080] loss: 0.068
[1, 12100] loss: 0.095
[1, 12120] loss: 0.055
[1, 12140] loss: 0.052
[1, 12160] loss: 0.031
[1, 12180] loss: 0.047
[1, 12200] loss: 0.174
[1, 12220] loss: 0.093
[1, 12240] loss: 0.030
[1, 12260] loss: 0.136
[1, 12280] loss: 0.076
[1, 12300] loss: 0.156
[1, 12320] loss: 0.123
[1, 12340] loss: 0.167
[1, 12360] loss: 0.093
[1, 12380] loss: 0.066
[1, 12400] loss: 0.049
[1, 12420] loss: 0.031
[1, 12440] loss: 0.023
[1, 12460] loss: 0.073
[1, 12480] loss: 0.065
[1, 12500] loss: 0.037
[1, 12520] loss: 0.066
[1, 12540] loss: 0.045
[1, 12560] loss: 0.046
[1, 12580] loss: 0.086
[1, 12600] loss: 0.110
[1, 12620] loss: 0.022
[1, 12640] loss: 0.030
[1, 12660] loss: 0.053
[1, 12680] loss: 0.120
[1, 12700] loss: 0.191
[1, 12720] loss: 0.213
[1, 12740] loss: 0.044
[1, 12760] loss: 0.160
[1, 12780] loss: 0.033
[1, 12800] loss: 0.018
[1, 12820] loss: 0.059
[1, 12840] loss: 0.054
[1, 12860] loss: 0.027
[1, 12880] loss: 0.055
[1, 12900] loss: 0.027
[1, 12920] loss: 0.136
[1, 12940] loss: 0.057
[1, 12960] loss: 0.033
[1, 12980] loss: 0.061
[1, 13000] loss: 0.063
[1, 13020] loss: 0.164
[1, 13040] loss: 0.032
[1, 13060] loss: 0.046
[1, 13080] loss: 0.025
[1, 13100] loss: 0.017
[1, 13120] loss: 0.019
[1, 13140] loss: 0.069
[1, 13160] loss: 0.026
[1, 13180] loss: 0.035
[1, 13200] loss: 0.011
[1, 13220] loss: 0.032
[1, 13240] loss: 0.072
[1, 13260] loss: 0.043
[1, 13280] loss: 0.114
[1, 13300] loss: 0.074
[1, 13320] loss: 0.094
[1, 13340] loss: 0.033
[1, 13360] loss: 0.053
[1, 13380] loss: 0.027
[1, 13400] loss: 0.043
[1, 13420] loss: 0.100
[1, 13440] loss: 0.048
[1, 13460] loss: 0.107
[1, 13480] loss: 0.044
[1, 13500] loss: 0.119
[1, 13520] loss: 0.082
[1, 13540] loss: 0.186
[1, 13560] loss: 0.034
[1, 13580] loss: 0.170
[1, 13600] loss: 0.021
[1, 13620] loss: 0.052
[1, 13640] loss: 0.061
[1, 13660] loss: 0.016
[1, 13680] loss: 0.055
[1, 13700] loss: 0.107
[1, 13720] loss: 0.040
[1, 13740] loss: 0.079
[1, 13760] loss: 0.056
[1, 13780] loss: 0.066
[1, 13800] loss: 0.067
[1, 13820] loss: 0.032
[1, 13840] loss: 0.019
[1, 13860] loss: 0.151
[1, 13880] loss: 0.336
[1, 13900] loss: 0.127
[1, 13920] loss: 0.034
[1, 13940] loss: 0.019
[1, 13960] loss: 0.046
[1, 13980] loss: 0.090
[1, 14000] loss: 0.056
[1, 14020] loss: 0.048
[1, 14040] loss: 0.035
[1, 14060] loss: 0.091
[1, 14080] loss: 0.038
[1, 14100] loss: 0.025
[1, 14120] loss: 0.041
[1, 14140] loss: 0.038
[1, 14160] loss: 0.019
[1, 14180] loss: 0.045
[1, 14200] loss: 0.023
[1, 14220] loss: 0.052
[1, 14240] loss: 0.022
[1, 14260] loss: 0.046
[1, 14280] loss: 0.015
[1, 14300] loss: 0.104
[1, 14320] loss: 0.038
[1, 14340] loss: 0.080
[1, 14360] loss: 0.031
[1, 14380] loss: 0.024
[1, 14400] loss: 0.047
[1, 14420] loss: 0.223
[1, 14440] loss: 0.038
[1, 14460] loss: 0.024
[1, 14480] loss: 0.028
[1, 14500] loss: 0.069
[1, 14520] loss: 0.071
[1, 14540] loss: 0.027
[1, 14560] loss: 0.083
[1, 14580] loss: 0.026
[1, 14600] loss: 0.038
[1, 14620] loss: 0.205
[1, 14640] loss: 0.062
[1, 14660] loss: 0.060
[1, 14680] loss: 0.078
[1, 14700] loss: 0.027
[1, 14720] loss: 0.040
[1, 14740] loss: 0.107
[1, 14760] loss: 0.053
[1, 14780] loss: 0.017
[1, 14800] loss: 0.076
[1, 14820] loss: 0.036
[1, 14840] loss: 0.071
[1, 14860] loss: 0.122
[1, 14880] loss: 0.031
[1, 14900] loss: 0.241
[1, 14920] loss: 0.023
[1, 14940] loss: 0.019
[1, 14960] loss: 0.015
[1, 14980] loss: 0.026
[1, 15000] loss: 0.089
[1, 15020] loss: 0.050
[1, 15040] loss: 0.144
[1, 15060] loss: 0.055
[1, 15080] loss: 0.299
[1, 15100] loss: 0.043
[1, 15120] loss: 0.121
[1, 15140] loss: 0.026
[1, 15160] loss: 0.141
[1, 15180] loss: 0.153
[1, 15200] loss: 0.268
[1, 15220] loss: 0.117
[1, 15240] loss: 0.104
[1, 15260] loss: 0.270
[1, 15280] loss: 0.350
[1, 15300] loss: 0.234
[1, 15320] loss: 0.140
[1, 15340] loss: 0.027
[1, 15360] loss: 0.028
[1, 15380] loss: 0.044
[1, 15400] loss: 0.035
[1, 15420] loss: 0.275
[1, 15440] loss: 0.057
[1, 15460] loss: 0.167
[1, 15480] loss: 0.038
[1, 15500] loss: 0.106
[1, 15520] loss: 0.035
[1, 15540] loss: 0.022
[1, 15560] loss: 0.123
[1, 15580] loss: 0.206
[1, 15600] loss: 0.053
[1, 15620] loss: 0.054
[1, 15640] loss: 0.028
[1, 15660] loss: 0.014
[1, 15680] loss: 0.036
[1, 15700] loss: 0.084
[1, 15720] loss: 0.034
[1, 15740] loss: 0.087
[1, 15760] loss: 0.053
[1, 15780] loss: 0.014
[1, 15800] loss: 0.026
[1, 15820] loss: 0.024
[1, 15840] loss: 0.125
[1, 15860] loss: 0.094
[1, 15880] loss: 0.032
[1, 15900] loss: 0.025
[1, 15920] loss: 0.088
[1, 15940] loss: 0.143
[1, 15960] loss: 0.046
[1, 15980] loss: 0.167
[1, 16000] loss: 0.072
[1, 16020] loss: 0.061
[1, 16040] loss: 0.052
[1, 16060] loss: 0.027
[1, 16080] loss: 0.034
[1, 16100] loss: 0.042
[1, 16120] loss: 0.008
[1, 16140] loss: 0.047
[1, 16160] loss: 0.029
[1, 16180] loss: 0.018
[1, 16200] loss: 0.040
[1, 16220] loss: 0.057
[1, 16240] loss: 0.040
[1, 16260] loss: 0.091
[1, 16280] loss: 0.082
[1, 16300] loss: 0.249
[1, 16320] loss: 0.039
[1, 16340] loss: 0.041
[1, 16360] loss: 0.072
[1, 16380] loss: 0.018
[1, 16400] loss: 0.026
[1, 16420] loss: 0.228
[1, 16440] loss: 0.047
[1, 16460] loss: 0.025
[1, 16480] loss: 0.035
[1, 16500] loss: 0.080
[1, 16520] loss: 0.024
[1, 16540] loss: 0.139
[1, 16560] loss: 0.021
[1, 16580] loss: 0.016
[1, 16600] loss: 0.062
[1, 16620] loss: 0.179
[1, 16640] loss: 0.072
[1, 16660] loss: 0.087
[1, 16680] loss: 0.061
[1, 16700] loss: 0.047
[1, 16720] loss: 0.049
[1, 16740] loss: 0.073
[1, 16760] loss: 0.080
[1, 16780] loss: 0.062
[1, 16800] loss: 0.015
[1, 16820] loss: 0.279
[1, 16840] loss: 0.090
[1, 16860] loss: 0.062
[1, 16880] loss: 0.188
[1, 16900] loss: 0.181
[1, 16920] loss: 0.048
[1, 16940] loss: 0.034
[1, 16960] loss: 0.119
[1, 16980] loss: 0.041
[1, 17000] loss: 0.099
[1, 17020] loss: 0.021
[1, 17040] loss: 0.171
[1, 17060] loss: 0.184
[1, 17080] loss: 0.045
[1, 17100] loss: 0.154
[1, 17120] loss: 0.098
[1, 17140] loss: 0.028
[1, 17160] loss: 0.023
[1, 17180] loss: 0.225
[1, 17200] loss: 0.070
[1, 17220] loss: 0.034
[1, 17240] loss: 0.068
[1, 17260] loss: 0.063
[1, 17280] loss: 0.031
[1, 17300] loss: 0.029
[1, 17320] loss: 0.067
[1, 17340] loss: 0.033
[1, 17360] loss: 0.022
[1, 17380] loss: 0.246
[1, 17400] loss: 0.032
[1, 17420] loss: 0.039
[1, 17440] loss: 0.023
[1, 17460] loss: 0.059
[1, 17480] loss: 0.093
[1, 17500] loss: 0.063
[1, 17520] loss: 0.119
[1, 17540] loss: 0.025
[1, 17560] loss: 0.029
[1, 17580] loss: 0.067
[1, 17600] loss: 0.030
[1, 17620] loss: 0.071
[1, 17640] loss: 0.048
[1, 17660] loss: 0.103
[1, 17680] loss: 0.019
[1, 17700] loss: 0.268
[1, 17720] loss: 0.038
[1, 17740] loss: 0.077
[1, 17760] loss: 0.048
[1, 17780] loss: 0.115
[1, 17800] loss: 0.023
[1, 17820] loss: 0.044
[1, 17840] loss: 0.098
[1, 17860] loss: 0.021
[1, 17880] loss: 0.083
[1, 17900] loss: 0.036
[1, 17920] loss: 0.174
[1, 17940] loss: 0.056
[1, 17960] loss: 0.031
[1, 17980] loss: 0.042
[1, 18000] loss: 0.013
[1, 18020] loss: 0.142
[1, 18040] loss: 0.057
[1, 18060] loss: 0.013
[1, 18080] loss: 0.035
[1, 18100] loss: 0.107
[1, 18120] loss: 0.090
[1, 18140] loss: 0.026
[1, 18160] loss: 0.111
[1, 18180] loss: 0.070
[1, 18200] loss: 0.056
[1, 18220] loss: 0.076
[1, 18240] loss: 0.291
[1, 18260] loss: 8903025.341
[1, 18280] loss: 140764917359.832
[1, 18300] loss: 781271999222.400
[1, 18320] loss: 877507035278.400
[1, 18340] loss: 52465842139.200
[1, 18360] loss: 8500172184.250
[1, 18380] loss: 354698516.907
[1, 18400] loss: 147886732.125
[1, 18420] loss: 109016932.650
[1, 18440] loss: 62024359.644
[1, 18460] loss: 60756623.048
[1, 18480] loss: 53487774.414
[1, 18500] loss: 36987162.710
[1, 18520] loss: 17000466.503
[1, 18540] loss: 18601540.677
[1, 18560] loss: 12988073.880
[1, 18580] loss: 20113221.276
[1, 18600] loss: 30799832.749
[1, 18620] loss: 16259883.712
[1, 18640] loss: 18759059.595
[1, 18660] loss: 14407346.464
[1, 18680] loss: 13858757.444
[1, 18700] loss: 12577730.326
[1, 18720] loss: 10897719.390
[1, 18740] loss: 8515207.397
[1, 18760] loss: 11137231.004
[1, 18780] loss: 7880349.900
[1, 18800] loss: 14502932.494
[1, 18820] loss: 25879383.407
[1, 18840] loss: 21009594.537
[1, 18860] loss: 13994616.081
[1, 18880] loss: 12312999.820
[1, 18900] loss: 9128909.405
[1, 18920] loss: 8283595.819
[1, 18940] loss: 16642845.313
[1, 18960] loss: 14932392.642
[1, 18980] loss: 11867056.615
[1, 19000] loss: 10467256.857
[1, 19020] loss: 4446953.254
[1, 19040] loss: 6255992.419
[1, 19060] loss: 7923322.917
[1, 19080] loss: 10902181.099
[1, 19100] loss: 3898555.334
[1, 19120] loss: 11713912.976
[1, 19140] loss: 11249010.959
[1, 19160] loss: 16041617.068
[1, 19180] loss: 7580508.791
[1, 19200] loss: 7497640.719
[1, 19220] loss: 10507290.151
[1, 19240] loss: 5197117.344
[1, 19260] loss: 10050912.783
[1, 19280] loss: 18222892.869
[1, 19300] loss: 10818594.010
[1, 19320] loss: 10725881.716
[1, 19340] loss: 8131066.143
[1, 19360] loss: 15986112.043
[1, 19380] loss: 6301953.164
[1, 19400] loss: 10158170.069
[1, 19420] loss: 15862824.196
[1, 19440] loss: 9639378.757
[1, 19460] loss: 7362851.140
[1, 19480] loss: 11217687.553
[1, 19500] loss: 10963204.895
[1, 19520] loss: 5688572.030
[1, 19540] loss: 9938397.350
[1, 19560] loss: 6494554.329
[1, 19580] loss: 9334743.552
[1, 19600] loss: 7431744.403
[1, 19620] loss: 9177063.253
[1, 19640] loss: 13072316.846
[1, 19660] loss: 11811197.018
[1, 19680] loss: 8597461.505
[1, 19700] loss: 3937330.016
[1, 19720] loss: 7253863.121
[1, 19740] loss: 5014165.473
[1, 19760] loss: 10626164.416
[1, 19780] loss: 3662294.812
[1, 19800] loss: 7981226.962
[1, 19820] loss: 5237400.160
[1, 19840] loss: 10579486.423
[1, 19860] loss: 11355750.939
[1, 19880] loss: 3283242.346
[1, 19900] loss: 8241777.140
[1, 19920] loss: 7438668.849
[1, 19940] loss: 2938883.677
[1, 19960] loss: 10704720.475
[1, 19980] loss: 7596967.108
[1, 20000] loss: 8026702.111
[1, 20020] loss: 5677005.631
[1, 20040] loss: 9659575.699
[1, 20060] loss: 4738271.000
[1, 20080] loss: 6112118.763
[1, 20100] loss: 5586280.680
[1, 20120] loss: 9950403.721
[1, 20140] loss: 6939963.684
[1, 20160] loss: 5422675.467
[1, 20180] loss: 7657303.205
[1, 20200] loss: 6713287.751
[1, 20220] loss: 4264812.125
[1, 20240] loss: 6727339.087
[1, 20260] loss: 5457268.390
[1, 20280] loss: 7523917.145
[1, 20300] loss: 5075908.832
[1, 20320] loss: 7842515.569
[1, 20340] loss: 9145036.933
[1, 20360] loss: 4409791.904
[1, 20380] loss: 5200532.606
[1, 20400] loss: 7441127.097
[1, 20420] loss: 3666897.595
[1, 20440] loss: 5414186.617
[1, 20460] loss: 9782388.438
[1, 20480] loss: 7671770.477
[1, 20500] loss: 6155483.758
[1, 20520] loss: 4461331.060
[1, 20540] loss: 4469018.966
[1, 20560] loss: 5609621.584
[1, 20580] loss: 4883223.630
[1, 20600] loss: 4178058.647
[1, 20620] loss: 6399202.871
[1, 20640] loss: 5504808.125
[1, 20660] loss: 3186744.168
[1, 20680] loss: 3760113.822
[1, 20700] loss: 5406565.275
[1, 20720] loss: 6219352.016
[1, 20740] loss: 3899511.566
[1, 20760] loss: 4980659.736
[1, 20780] loss: 3852132.003
[1, 20800] loss: 8586001.160
[1, 20820] loss: 6788839.802
[1, 20840] loss: 5451106.892
[1, 20860] loss: 5189869.696
[1, 20880] loss: 3936245.829
[1, 20900] loss: 3614040.584
[1, 20920] loss: 4033999.005
[1, 20940] loss: 6438442.710
[1, 20960] loss: 9591015.723
[1, 20980] loss: 3619711.327
[1, 21000] loss: 4862425.468
[1, 21020] loss: 3657281.131
[1, 21040] loss: 6770407.002
[1, 21060] loss: 3462318.114
[1, 21080] loss: 4023645.240
[1, 21100] loss: 4722541.347
[1, 21120] loss: 1755564.349
[1, 21140] loss: 2800387.505
[1, 21160] loss: 4014267.780
[1, 21180] loss: 3635488.825
[1, 21200] loss: 4585570.391
[1, 21220] loss: 3761971.591
[1, 21240] loss: 2713434.131
[1, 21260] loss: 1922807.420
[1, 21280] loss: 3359759.829
[1, 21300] loss: 4160960.191
[1, 21320] loss: 3642258.638
[1, 21340] loss: 4972927.861
[1, 21360] loss: 2201720.381
[1, 21380] loss: 2484438.056
[1, 21400] loss: 4365685.637
[1, 21420] loss: 2779600.915
[1, 21440] loss: 2706567.748
[1, 21460] loss: 2680035.837
[1, 21480] loss: 2690365.210
[1, 21500] loss: 3962253.503
[1, 21520] loss: 1191489.205
[1, 21540] loss: 5112807.505
[1, 21560] loss: 1450732.076
[1, 21580] loss: 2028541.994
[1, 21600] loss: 1638026.037
[1, 21620] loss: 5703617.132
[1, 21640] loss: 3781090.376
[1, 21660] loss: 2667102.186
[1, 21680] loss: 3251638.158
[1, 21700] loss: 4015746.658
[1, 21720] loss: 2391074.231
[1, 21740] loss: 3524434.407
[1, 21760] loss: 2964546.568
[1, 21780] loss: 2465237.094
[1, 21800] loss: 2149708.020
[1, 21820] loss: 2258704.692
[1, 21840] loss: 2606463.356
[1, 21860] loss: 2888492.943
[1, 21880] loss: 1583309.521
[1, 21900] loss: 3296324.443
[1, 21920] loss: 1913397.949
[1, 21940] loss: 2997074.567
[1, 21960] loss: 3768521.875
[1, 21980] loss: 1982889.545
[1, 22000] loss: 2595317.309
[1, 22020] loss: 2149703.510
[1, 22040] loss: 1352815.639
[1, 22060] loss: 2250669.601
[1, 22080] loss: 3338983.482
[1, 22100] loss: 2312568.400
[1, 22120] loss: 1206282.141
[1, 22140] loss: 2308273.295
[1, 22160] loss: 1024357.604
[1, 22180] loss: 4237656.840
[1, 22200] loss: 3485442.551
[1, 22220] loss: 1302546.495
[1, 22240] loss: 1622377.996
[1, 22260] loss: 1560150.455
[1, 22280] loss: 2112453.099
[1, 22300] loss: 1969745.516
[1, 22320] loss: 3345711.430
[1, 22340] loss: 2481052.387
[1, 22360] loss: 1401088.324
[1, 22380] loss: 1691317.966
[1, 22400] loss: 2413881.018
[1, 22420] loss: 1894905.352
[1, 22440] loss: 2237210.615
[1, 22460] loss: 1867750.560
[1, 22480] loss: 1782654.029
[1, 22500] loss: 1022315.306
[1, 22520] loss: 1952724.949
[1, 22540] loss: 1436562.126
[1, 22560] loss: 1398074.895
[1, 22580] loss: 1274906.875
[1, 22600] loss: 1858611.141
[1, 22620] loss: 2460242.547
[1, 22640] loss: 2794013.852
[1, 22660] loss: 1344345.452
[1, 22680] loss: 1506011.913
[1, 22700] loss: 1312451.468
[1, 22720] loss: 1580101.578
[1, 22740] loss: 2218070.315
[1, 22760] loss: 1251238.669
[1, 22780] loss: 857112.397
[1, 22800] loss: 1634749.251
[1, 22820] loss: 2578209.093
[1, 22840] loss: 1058307.949
[1, 22860] loss: 1155350.089
[1, 22880] loss: 374793.748
[1, 22900] loss: 1215722.802
[1, 22920] loss: 1064474.214
[1, 22940] loss: 1885578.245
[1, 22960] loss: 1414838.685
[1, 22980] loss: 1430168.480
[1, 23000] loss: 2110185.515
[1, 23020] loss: 1394140.969
[1, 23040] loss: 1215929.139
[1, 23060] loss: 1490761.120
[1, 23080] loss: 1536739.349
[1, 23100] loss: 1742473.363
[1, 23120] loss: 1215613.608
[1, 23140] loss: 812252.337
[1, 23160] loss: 1317990.588
[1, 23180] loss: 911819.008
[1, 23200] loss: 897631.309
[1, 23220] loss: 1000129.230
[1, 23240] loss: 1051829.695
[1, 23260] loss: 1399659.254
[1, 23280] loss: 682307.863
[1, 23300] loss: 1328296.360
[1, 23320] loss: 1872090.989
[1, 23340] loss: 1079843.081
[1, 23360] loss: 1522584.159
[1, 23380] loss: 654851.109
[1, 23400] loss: 1506889.047
[1, 23420] loss: 937183.386
[1, 23440] loss: 743814.039
[1, 23460] loss: 597975.238
[1, 23480] loss: 831721.719
[1, 23500] loss: 727345.948
[1, 23520] loss: 645465.933
[1, 23540] loss: 1350914.661
[1, 23560] loss: 1062346.417
[1, 23580] loss: 388698.758
[1, 23600] loss: 820205.350
[1, 23620] loss: 533446.990
[1, 23640] loss: 636962.682
[1, 23660] loss: 802462.725
[1, 23680] loss: 1092843.008
[1, 23700] loss: 550863.549
[1, 23720] loss: 436741.872
[1, 23740] loss: 541201.154
[1, 23760] loss: 1030948.030
[1, 23780] loss: 891137.695
[1, 23800] loss: 578122.484
[1, 23820] loss: 675804.380
[1, 23840] loss: 683021.968
[1, 23860] loss: 517129.493
[1, 23880] loss: 501251.671
[1, 23900] loss: 352672.486
[1, 23920] loss: 256651.984
[1, 23940] loss: 614410.001
[1, 23960] loss: 712818.073
[1, 23980] loss: 653176.254
[1, 24000] loss: 672532.617
[1, 24020] loss: 357503.288
[1, 24040] loss: 532542.042
[1, 24060] loss: 1011722.259
[1, 24080] loss: 548224.470
[1, 24100] loss: 695205.205
[1, 24120] loss: 646189.225
[1, 24140] loss: 677446.012
[1, 24160] loss: 885356.151
[1, 24180] loss: 707813.723
[1, 24200] loss: 254097.172
[1, 24220] loss: 540126.947
[1, 24240] loss: 589726.954
[1, 24260] loss: 987453.552
[1, 24280] loss: 190611.157
[1, 24300] loss: 990284.180
[1, 24320] loss: 493191.566
[1, 24340] loss: 417795.913
[1, 24360] loss: 445653.088
[1, 24380] loss: 947833.840
[1, 24400] loss: 576778.691
[1, 24420] loss: 259357.548
[1, 24440] loss: 340350.873
[1, 24460] loss: 566459.761
[1, 24480] loss: 315076.464
[1, 24500] loss: 599818.469
[1, 24520] loss: 410448.055
[1, 24540] loss: 605143.980
[1, 24560] loss: 637372.630
[1, 24580] loss: 388364.068
[1, 24600] loss: 344673.129
[1, 24620] loss: 184241.059
[1, 24640] loss: 535056.437
[1, 24660] loss: 745048.674
[1, 24680] loss: 467560.539
[1, 24700] loss: 454067.682
[1, 24720] loss: 212474.694
[1, 24740] loss: 427664.541
[1, 24760] loss: 286613.406
[1, 24780] loss: 418414.996
[1, 24800] loss: 266855.441
[1, 24820] loss: 269170.810
[1, 24840] loss: 380475.383
[1, 24860] loss: 375806.324
[1, 24880] loss: 418029.540
[1, 24900] loss: 382246.300
[1, 24920] loss: 324002.194
[1, 24940] loss: 445372.024
[1, 24960] loss: 136961.756
[1, 24980] loss: 621595.404
[1, 25000] loss: 149056.229
[1, 25020] loss: 153128.106
[1, 25040] loss: 181135.716
[1, 25060] loss: 536219.823
[1, 25080] loss: 631355.349
[1, 25100] loss: 224317.048
[1, 25120] loss: 353372.140
[1, 25140] loss: 237762.999
[1, 25160] loss: 239035.517
[1, 25180] loss: 335044.160
[1, 25200] loss: 233521.898
[1, 25220] loss: 431719.861
[1, 25240] loss: 308049.110
[1, 25260] loss: 159967.591
[1, 25280] loss: 110229.357
[1, 25300] loss: 678948.575
[1, 25320] loss: 196021.074
[1, 25340] loss: 139509.989
[1, 25360] loss: 190144.374
[1, 25380] loss: 324053.993
[1, 25400] loss: 170600.275
[1, 25420] loss: 100394.726
[1, 25440] loss: 166223.657
[1, 25460] loss: 207634.360
[1, 25480] loss: 388046.401
[1, 25500] loss: 122056.026
[1, 25520] loss: 155571.351
[1, 25540] loss: 134848.171
[1, 25560] loss: 296460.975
[1, 25580] loss: 61972.448
[1, 25600] loss: 129670.750
[1, 25620] loss: 182808.871
[1, 25640] loss: 207144.850
[1, 25660] loss: 202937.748
[1, 25680] loss: 154565.610
[1, 25700] loss: 164742.458
[1, 25720] loss: 288028.342
[1, 25740] loss: 120476.628
[1, 25760] loss: 110310.431
[1, 25780] loss: 229994.932
[1, 25800] loss: 135764.740
[1, 25820] loss: 364280.882
[1, 25840] loss: 240479.995
[1, 25860] loss: 184360.659
[1, 25880] loss: 251734.496
[1, 25900] loss: 186886.020
[1, 25920] loss: 124411.121
[1, 25940] loss: 209882.526
[1, 25960] loss: 135810.860
[1, 25980] loss: 44606.488
[1, 26000] loss: 279163.164
[1, 26020] loss: 92372.881
[1, 26040] loss: 63610.280
[1, 26060] loss: 296140.939
[1, 26080] loss: 137475.538
[1, 26100] loss: 203926.089
[1, 26120] loss: 78042.193
[1, 26140] loss: 109734.027
[1, 26160] loss: 180453.164
[1, 26180] loss: 171715.394
[1, 26200] loss: 120184.040
[1, 26220] loss: 125739.151
[1, 26240] loss: 92555.043
[1, 26260] loss: 48966.272
[1, 26280] loss: 73885.742
[1, 26300] loss: 178910.669
[1, 26320] loss: 48962.988
[1, 26340] loss: 78339.362
[1, 26360] loss: 125898.938
[1, 26380] loss: 364994.034
[1, 26400] loss: 137155.194
[1, 26420] loss: 84110.858
[1, 26440] loss: 246525.983
[1, 26460] loss: 75732.170
[1, 26480] loss: 96145.950
[1, 26500] loss: 128771.280
[1, 26520] loss: 66908.278
[1, 26540] loss: 68765.766
[1, 26560] loss: 193856.697
[1, 26580] loss: 83802.776
[1, 26600] loss: 81852.656
[1, 26620] loss: 51922.936
[1, 26640] loss: 24685.363
[1, 26660] loss: 103479.383
[1, 26680] loss: 137197.761
[1, 26700] loss: 147011.413
[1, 26720] loss: 129852.051
[1, 26740] loss: 68925.509
[1, 26760] loss: 76480.566
[1, 26780] loss: 46178.714
[1, 26800] loss: 80286.399
[1, 26820] loss: 159467.119
[1, 26840] loss: 152461.981
[1, 26860] loss: 78856.836
[1, 26880] loss: 102603.120
[1, 26900] loss: 40234.825
[1, 26920] loss: 107651.333
[1, 26940] loss: 230491.179
[1, 26960] loss: 413768.908
[1, 26980] loss: 325816.531
[1, 27000] loss: 76481.972
[1, 27020] loss: 384550.632
[1, 27040] loss: 300563.812
[1, 27060] loss: 119872.111
[1, 27080] loss: 21418.859
[1, 27100] loss: 55121.226
[1, 27120] loss: 56422.480
[1, 27140] loss: 28326.069
[1, 27160] loss: 113328.514
[1, 27180] loss: 68929.067
[1, 27200] loss: 52011.910
[1, 27220] loss: 37992.972
[1, 27240] loss: 45317.431
[1, 27260] loss: 118586.643
[1, 27280] loss: 69741.365
[1, 27300] loss: 119244.273
[1, 27320] loss: 94318.413
[1, 27340] loss: 470664.163
[1, 27360] loss: 558957.947
[1, 27380] loss: 262594.106
[1, 27400] loss: 152746.519
[1, 27420] loss: 60476.762
[1, 27440] loss: 22804.795
[1, 27460] loss: 48120.970
[1, 27480] loss: 27402.795
[1, 27500] loss: 38161.296
[1, 27520] loss: 59416.682
[1, 27540] loss: 68352.874
[1, 27560] loss: 350252.621
[1, 27580] loss: 99795.480
[1, 27600] loss: 59565.094
[1, 27620] loss: 52044.664
[1, 27640] loss: 27440.689
[1, 27660] loss: 47779.053
[1, 27680] loss: 37065.017
[1, 27700] loss: 121307.361
[1, 27720] loss: 167581.079
[1, 27740] loss: 839808.701
[1, 27760] loss: 501069.611
[1, 27780] loss: 594185.749
[1, 27800] loss: 1141932.034
[1, 27820] loss: 237900.213
[1, 27840] loss: 234192.388
[1, 27860] loss: 1653160.015
[1, 27880] loss: 253152.978
[1, 27900] loss: 258343.970
[1, 27920] loss: 569810.648
[1, 27940] loss: 1287416.402
[1, 27960] loss: 1422318.057
[1, 27980] loss: 4309269.024
[1, 28000] loss: 2096348.401
[1, 28020] loss: 339589.218
[1, 28040] loss: 210449.535
[1, 28060] loss: 258639.032
[1, 28080] loss: 156777.119
[1, 28100] loss: 94886.146
[1, 28120] loss: 73156.225
[1, 28140] loss: 35227.689
[1, 28160] loss: 25204.355
[1, 28180] loss: 31257.325
[1, 28200] loss: 28288.419
[1, 28220] loss: 30048.984
[1, 28240] loss: 18439.218
[1, 28260] loss: 14227.346
[1, 28280] loss: 21227.592
[1, 28300] loss: 25459.313
[1, 28320] loss: 16002.304
[1, 28340] loss: 19694.988
[1, 28360] loss: 30956.455
[1, 28380] loss: 29365.611
[1, 28400] loss: 9684.405
[1, 28420] loss: 24680.349
[1, 28440] loss: 9689.851
[1, 28460] loss: 22523.300
[1, 28480] loss: 28377.474
[1, 28500] loss: 61870.599
[1, 28520] loss: 25262.249
[1, 28540] loss: 21504.372
[1, 28560] loss: 4094.428
[1, 28580] loss: 13881.099
[1, 28600] loss: 31369.250
[1, 28620] loss: 95279.204
[1, 28640] loss: 81111.130
[1, 28660] loss: 48423.009
[1, 28680] loss: 11763.035
[1, 28700] loss: 22260.934
[1, 28720] loss: 108816.616
[1, 28740] loss: 124010.246
[1, 28760] loss: 167096.937
[1, 28780] loss: 234836.432
[1, 28800] loss: 155099.333
[1, 28820] loss: 320606.116
[1, 28840] loss: 458796.490
[1, 28860] loss: 669911.503
[1, 28880] loss: 341256.537
[1, 28900] loss: 241803.953
[1, 28920] loss: 284438.947
[1, 28940] loss: 104276.014
[1, 28960] loss: 26802.333
[1, 28980] loss: 39606.371
[1, 29000] loss: 45246.088
[1, 29020] loss: 23707.493
[1, 29040] loss: 73025.559
[1, 29060] loss: 64739.643
[1, 29080] loss: 51285.139
[1, 29100] loss: 16936.540
[1, 29120] loss: 54677.841
[1, 29140] loss: 195757.910
[1, 29160] loss: 305488.782
[1, 29180] loss: 351404.978
[1, 29200] loss: 123034.200
[1, 29220] loss: 131245.270
[1, 29240] loss: 110892.404
[1, 29260] loss: 264707.183
[1, 29280] loss: 244376.074
[1, 29300] loss: 104391.095
[1, 29320] loss: 93021.088
[1, 29340] loss: 11322.249
[1, 29360] loss: 56084.534
[1, 29380] loss: 96628.217
[1, 29400] loss: 94711.624
[1, 29420] loss: 585262.344
[1, 29440] loss: 663467.640
[1, 29460] loss: 264775.238
[1, 29480] loss: 283165.608
[1, 29500] loss: 220461.931
[1, 29520] loss: 73389.552
[1, 29540] loss: 39731.858
[1, 29560] loss: 21556.516
[1, 29580] loss: 8937.243
[1, 29600] loss: 22295.108
[1, 29620] loss: 33375.205
[1, 29640] loss: 25828.493
[1, 29660] loss: 310670.835
[1, 29680] loss: 736710.187
[1, 29700] loss: 311630.328
[1, 29720] loss: 101961.675
[1, 29740] loss: 54747.439
[1, 29760] loss: 120432.064
[1, 29780] loss: 390083.388
[1, 29800] loss: 289438.370
[1, 29820] loss: 106418.563
[1, 29840] loss: 57063.345
[1, 29860] loss: 673917.157
[1, 29880] loss: 339130.842
[1, 29900] loss: 557056.854
[1, 29920] loss: 459531.558
[1, 29940] loss: 205119.264
[1, 29960] loss: 476685.050
[1, 29980] loss: 99628.854
[1, 30000] loss: 40642.823
[1, 30020] loss: 13017.330
[1, 30040] loss: 3803.656
[1, 30060] loss: 7173.314
[1, 30080] loss: 18914.544
[1, 30100] loss: 93406.169
[1, 30120] loss: 240743.807
[1, 30140] loss: 249828.884
[1, 30160] loss: 111826.544
[1, 30180] loss: 384717.426
[1, 30200] loss: 1027293.862
[1, 30220] loss: 4738498.175
[1, 30240] loss: 6170638.764
[1, 30260] loss: 4575652.185
[1, 30280] loss: 1812783.800
[1, 30300] loss: 455593.913
[1, 30320] loss: 184135.120
[1, 30340] loss: 111083.944
[1, 30360] loss: 66388.579
[1, 30380] loss: 39690.404
[1, 30400] loss: 39640.353
[1, 30420] loss: 28083.497
[1,    20] loss: 167663.312
[1,    40] loss: 85076.531
[1,    60] loss: 63650.464
[1,    80] loss: 56236.209
[1,   100] loss: 46362.834
[1,   120] loss: 46158.833
[1,   140] loss: 41258.270
[1,   160] loss: 42798.633
[1,   180] loss: 41053.349
[1,   200] loss: 40664.180
[1,   220] loss: 57066.081
[1,   240] loss: 64927.436
[1,   260] loss: 64603.119
[1,   280] loss: 60903.261
[1,   300] loss: 57666.630
[1,   320] loss: 54133.260
[1,   340] loss: 51411.838
[1,   360] loss: 49294.307
[1,   380] loss: 48629.536
[1,   400] loss: 46941.725
[1,   420] loss: 45567.927
[1,   440] loss: 43630.347
[1,   460] loss: 42364.583
[1,   480] loss: 40908.321
[1,   500] loss: 40091.835
[1,   520] loss: 38630.101
[1,   540] loss: 37580.424
[1,   560] loss: 36757.437
[1,   580] loss: 35591.366
[1,   600] loss: 34575.892
[1,   620] loss: 35063.380
[1,   640] loss: 34658.415
[1,   660] loss: 37139.840
[1,   680] loss: 36467.787
[1,   700] loss: 36058.664
[1,   720] loss: 35851.783
[1,   740] loss: 35771.558
[1,   760] loss: 35472.501
[1,   780] loss: 35190.607
[1,   800] loss: 34666.951
[1,   820] loss: 34070.770
[1,   840] loss: 33710.783
[1,   860] loss: 33541.136
[1,   880] loss: 33960.502
[1,   900] loss: 34237.236
[1,   920] loss: 34299.333
[1,   940] loss: 34174.664
[1,   960] loss: 35856.227
[1,   980] loss: 36053.634
[1,  1000] loss: 36407.845
[1,  1020] loss: 38373.242
[1,  1040] loss: 39765.335
[1,  1060] loss: 39388.100
[1,  1080] loss: 38765.363
[1,  1100] loss: 38137.152
[1,  1120] loss: 37712.117
[1,  1140] loss: 37101.544
[1,  1160] loss: 36636.094
[1,  1180] loss: 36856.677
[1,  1200] loss: 36835.447
[1,  1220] loss: 36403.802
[1,  1240] loss: 35871.998
[1,  1260] loss: 35311.657
[1,  1280] loss: 35185.848
[1,  1300] loss: 36554.039
[1,  1320] loss: 36495.027
[1,  1340] loss: 35960.177
[1,  1360] loss: 35436.180
[1,  1380] loss: 34937.207
[1,  1400] loss: 34571.431
[1,  1420] loss: 34122.225
[1,  1440] loss: 33649.495
[1,  1460] loss: 33190.733
[1,  1480] loss: 32747.748
[1,  1500] loss: 32336.326
[1,  1520] loss: 32027.101
[1,  1540] loss: 31829.776
[1,  1560] loss: 31596.735
[1,  1580] loss: 31289.062
[1,  1600] loss: 30910.231
[1,  1620] loss: 30535.085
[1,  1640] loss: 30166.997
[1,  1660] loss: 29826.310
[1,  1680] loss: 29485.087
[1,  1700] loss: 29284.565
[1,  1720] loss: 29273.240
[1,  1740] loss: 29471.763
[1,  1760] loss: 29679.312
[1,  1780] loss: 29621.627
[1,  1800] loss: 29485.779
[1,  1820] loss: 29230.014
[1,  1840] loss: 29029.349
[1,  1860] loss: 28841.856
[1,  1880] loss: 28563.802
[1,  1900] loss: 28347.025
[1,  1920] loss: 28137.466
[1,  1940] loss: 28095.533
[1,  1960] loss: 28024.776
[1,  1980] loss: 28128.873
[1,  2000] loss: 28408.234
[1,  2020] loss: 28432.837
[1,  2040] loss: 28325.479
[1,  2060] loss: 28228.230
[1,  2080] loss: 28017.231
[1,  2100] loss: 28049.723
[1,  2120] loss: 28500.501
[1,  2140] loss: 29425.513
[1,  2160] loss: 29520.983
[1,  2180] loss: 29281.024
[1,  2200] loss: 29064.026
[1,  2220] loss: 28996.321
[1,  2240] loss: 28961.111
[1,  2260] loss: 29100.000
[1,  2280] loss: 29023.311
[1,  2300] loss: 29192.874
[1,  2320] loss: 29100.896
[1,  2340] loss: 28867.146
[1,  2360] loss: 28634.908
[1,  2380] loss: 28429.434
[1,  2400] loss: 28336.549
[1,  2420] loss: 28127.511
[1,  2440] loss: 28233.511
[1,  2460] loss: 28192.429
[1,  2480] loss: 28011.671
[1,  2500] loss: 27819.777
[1,  2520] loss: 27710.891
[1,  2540] loss: 27638.660
[1,  2560] loss: 27630.771
[1,  2580] loss: 27497.171
[1,  2600] loss: 27592.596
[1,  2620] loss: 27733.435
[1,  2640] loss: 27812.808
[1,  2660] loss: 27997.142
[1,  2680] loss: 28151.506
[1,  2700] loss: 28262.864
[1,  2720] loss: 28481.113
[1,  2740] loss: 28568.730
[1,  2760] loss: 28939.661
[1,  2780] loss: 30300.773
[1,  2800] loss: 31557.187
[1,  2820] loss: 32588.768
[1,  2840] loss: 32528.444
[1,  2860] loss: 32418.685
[1,  2880] loss: 32203.743
[1,  2900] loss: 31995.775
[1,  2920] loss: 31776.904
[1,  2940] loss: 31607.685
[1,  2960] loss: 31502.225
[1,  2980] loss: 31444.817
[1,  3000] loss: 31701.337
[1,  3020] loss: 31776.248
[1,  3040] loss: 31619.424
[1,  3060] loss: 31429.839
[1,  3080] loss: 31235.284
[1,  3100] loss: 31070.622
[1,  3120] loss: 30904.474
[1,  3140] loss: 30735.304
[1,  3160] loss: 30577.613
[1,  3180] loss: 30536.765
[1,  3200] loss: 30557.922
[1,  3220] loss: 30544.116
[1,  3240] loss: 30396.117
[1,  3260] loss: 31026.879
[1,  3280] loss: 31602.623
[1,  3300] loss: 31468.024
[1,  3320] loss: 31397.880
[1,  3340] loss: 31266.238
[1,  3360] loss: 31087.440
