cuda:  3
color_space: YCbCr
batch_size: 1
num_epcochs: 1
learning_rate: 0.002
[1,    20] loss: 0.227
[1,    40] loss: 2.206
[1,    60] loss: 11.098
[1,    80] loss: 23.020
[1,   100] loss: 4.483
[1,   120] loss: 1.867
[1,   140] loss: 0.117
[1,   160] loss: 0.052
[1,   180] loss: 0.150
[1,   200] loss: 0.219
[1,   220] loss: 0.110
[1,   240] loss: 0.028
[1,   260] loss: 0.231
[1,   280] loss: 0.196
[1,   300] loss: 0.087
[1,   320] loss: 0.169
[1,   340] loss: 0.071
[1,   360] loss: 0.049
[1,   380] loss: 0.031
[1,   400] loss: 0.027
[1,   420] loss: 0.071
[1,   440] loss: 0.053
[1,   460] loss: 0.094
[1,   480] loss: 0.089
[1,   500] loss: 0.025
[1,   520] loss: 0.106
[1,   540] loss: 0.046
[1,   560] loss: 0.084
[1,   580] loss: 0.051
[1,   600] loss: 0.084
[1,   620] loss: 0.048
[1,   640] loss: 0.103
[1,   660] loss: 0.028
[1,   680] loss: 0.127
[1,   700] loss: 0.036
[1,   720] loss: 0.059
[1,   740] loss: 0.082
[1,   760] loss: 0.047
[1,   780] loss: 0.039
[1,   800] loss: 0.028
[1,   820] loss: 0.026
[1,   840] loss: 0.031
[1,   860] loss: 0.032
[1,   880] loss: 0.046
[1,   900] loss: 0.028
[1,   920] loss: 0.047
[1,   940] loss: 0.099
[1,   960] loss: 0.039
[1,   980] loss: 0.110
[1,  1000] loss: 0.033
[1,  1020] loss: 0.054
[1,  1040] loss: 0.038
[1,  1060] loss: 0.049
[1,  1080] loss: 0.028
[1,  1100] loss: 0.180
[1,  1120] loss: 0.041
[1,  1140] loss: 0.064
[1,  1160] loss: 0.058
[1,  1180] loss: 0.250
[1,  1200] loss: 0.060
[1,  1220] loss: 0.193
[1,  1240] loss: 0.088
[1,  1260] loss: 0.123
[1,  1280] loss: 0.180
[1,  1300] loss: 0.047
[1,  1320] loss: 0.052
[1,  1340] loss: 0.122
[1,  1360] loss: 0.060
[1,  1380] loss: 0.022
[1,  1400] loss: 0.041
[1,  1420] loss: 0.089
[1,  1440] loss: 0.137
[1,  1460] loss: 0.040
[1,  1480] loss: 0.073
[1,  1500] loss: 0.053
[1,  1520] loss: 0.068
[1,  1540] loss: 0.100
[1,  1560] loss: 0.065
[1,  1580] loss: 0.048
[1,  1600] loss: 0.025
[1,  1620] loss: 0.025
[1,  1640] loss: 0.039
[1,  1660] loss: 0.018
[1,  1680] loss: 0.035
[1,  1700] loss: 0.114
[1,  1720] loss: 0.036
[1,  1740] loss: 0.092
[1,  1760] loss: 0.064
[1,  1780] loss: 0.083
[1,  1800] loss: 0.026
[1,  1820] loss: 0.047
[1,  1840] loss: 0.068
[1,  1860] loss: 0.043
[1,  1880] loss: 0.054
[1,  1900] loss: 0.038
[1,  1920] loss: 0.042
[1,  1940] loss: 0.041
[1,  1960] loss: 0.106
[1,  1980] loss: 0.023
[1,  2000] loss: 0.086
[1,  2020] loss: 0.049
[1,  2040] loss: 0.014
[1,  2060] loss: 0.025
[1,  2080] loss: 0.052
[1,  2100] loss: 0.090
[1,  2120] loss: 0.040
[1,  2140] loss: 0.020
[1,  2160] loss: 0.059
[1,  2180] loss: 0.013
[1,  2200] loss: 0.062
[1,  2220] loss: 0.111
[1,  2240] loss: 0.015
[1,  2260] loss: 0.066
[1,  2280] loss: 0.022
[1,  2300] loss: 0.042
[1,  2320] loss: 0.017
[1,  2340] loss: 0.068
[1,  2360] loss: 0.100
[1,  2380] loss: 0.067
[1,  2400] loss: 0.025
[1,  2420] loss: 0.059
[1,  2440] loss: 0.075
[1,  2460] loss: 0.060
[1,  2480] loss: 0.026
[1,  2500] loss: 0.151
[1,  2520] loss: 0.031
[1,  2540] loss: 0.025
[1,  2560] loss: 0.073
[1,  2580] loss: 0.134
[1,  2600] loss: 0.040
[1,  2620] loss: 0.243
[1,  2640] loss: 0.030
[1,  2660] loss: 0.040
[1,  2680] loss: 0.092
[1,  2700] loss: 0.023
[1,  2720] loss: 0.027
[1,  2740] loss: 0.082
[1,  2760] loss: 0.018
[1,  2780] loss: 0.072
[1,  2800] loss: 0.077
[1,  2820] loss: 0.033
[1,  2840] loss: 0.029
[1,  2860] loss: 0.066
[1,  2880] loss: 0.021
[1,  2900] loss: 0.019
[1,  2920] loss: 0.029
[1,  2940] loss: 0.033
[1,  2960] loss: 0.028
[1,  2980] loss: 0.116
[1,  3000] loss: 0.043
[1,  3020] loss: 0.040
[1,  3040] loss: 0.019
[1,  3060] loss: 0.116
[1,  3080] loss: 0.066
[1,  3100] loss: 0.148
[1,  3120] loss: 0.051
[1,  3140] loss: 0.058
[1,  3160] loss: 0.076
[1,  3180] loss: 0.196
[1,  3200] loss: 0.042
[1,  3220] loss: 0.060
[1,  3240] loss: 0.097
[1,  3260] loss: 0.050
[1,  3280] loss: 0.062
[1,  3300] loss: 0.040
[1,  3320] loss: 0.027
[1,  3340] loss: 0.042
[1,  3360] loss: 0.020
[1,  3380] loss: 0.071
[1,  3400] loss: 0.117
[1,  3420] loss: 0.019
[1,  3440] loss: 0.069
[1,  3460] loss: 0.155
[1,  3480] loss: 0.034
[1,  3500] loss: 0.075
[1,  3520] loss: 0.166
[1,  3540] loss: 0.039
[1,  3560] loss: 0.058
[1,  3580] loss: 0.034
[1,  3600] loss: 0.163
[1,  3620] loss: 0.017
[1,  3640] loss: 0.108
[1,  3660] loss: 0.203
[1,  3680] loss: 0.198
[1,  3700] loss: 0.073
[1,  3720] loss: 0.114
[1,  3740] loss: 0.147
[1,  3760] loss: 0.206
[1,  3780] loss: 0.030
[1,  3800] loss: 0.048
[1,  3820] loss: 0.080
[1,  3840] loss: 0.101
[1,  3860] loss: 0.184
[1,  3880] loss: 0.079
[1,  3900] loss: 0.100
[1,  3920] loss: 0.076
[1,  3940] loss: 0.175
[1,  3960] loss: 0.041
[1,  3980] loss: 0.071
[1,  4000] loss: 0.115
[1,  4020] loss: 0.045
[1,  4040] loss: 0.013
[1,  4060] loss: 0.041
[1,  4080] loss: 0.246
[1,  4100] loss: 0.032
[1,  4120] loss: 0.027
[1,  4140] loss: 0.200
[1,  4160] loss: 0.019
[1,  4180] loss: 0.084
[1,  4200] loss: 0.087
[1,  4220] loss: 0.074
[1,  4240] loss: 0.126
[1,  4260] loss: 0.036
[1,  4280] loss: 0.043
[1,  4300] loss: 0.039
[1,  4320] loss: 0.176
[1,  4340] loss: 0.026
[1,  4360] loss: 0.021
[1,  4380] loss: 0.024
[1,  4400] loss: 0.089
[1,  4420] loss: 0.049
[1,  4440] loss: 0.081
[1,  4460] loss: 0.068
[1,  4480] loss: 0.090
[1,  4500] loss: 0.057
[1,  4520] loss: 0.068
[1,  4540] loss: 0.168
[1,  4560] loss: 0.112
[1,  4580] loss: 0.117
[1,  4600] loss: 0.028
[1,  4620] loss: 0.082
[1,  4640] loss: 0.038
[1,  4660] loss: 0.289
[1,  4680] loss: 0.060
[1,  4700] loss: 0.156
[1,  4720] loss: 0.146
[1,  4740] loss: 0.048
[1,  4760] loss: 0.051
[1,  4780] loss: 0.091
[1,  4800] loss: 0.102
[1,  4820] loss: 0.056
[1,  4840] loss: 0.093
[1,  4860] loss: 0.016
[1,  4880] loss: 0.018
[1,  4900] loss: 0.027
[1,  4920] loss: 0.098
[1,  4940] loss: 0.031
[1,  4960] loss: 0.045
[1,  4980] loss: 0.058
[1,  5000] loss: 0.099
[1,  5020] loss: 0.167
[1,  5040] loss: 0.066
[1,  5060] loss: 0.031
[1,  5080] loss: 0.025
[1,  5100] loss: 0.120
[1,  5120] loss: 0.029
[1,  5140] loss: 0.040
[1,  5160] loss: 0.026
[1,  5180] loss: 0.180
[1,  5200] loss: 0.035
[1,  5220] loss: 0.016
[1,  5240] loss: 0.045
[1,  5260] loss: 0.105
[1,  5280] loss: 0.031
[1,  5300] loss: 0.150
[1,  5320] loss: 0.024
[1,  5340] loss: 0.035
[1,  5360] loss: 0.054
[1,  5380] loss: 0.041
[1,  5400] loss: 0.251
[1,  5420] loss: 0.025
[1,  5440] loss: 0.208
[1,  5460] loss: 0.072
[1,  5480] loss: 0.086
[1,  5500] loss: 0.108
[1,  5520] loss: 0.066
[1,  5540] loss: 0.036
[1,  5560] loss: 0.059
[1,  5580] loss: 0.012
[1,  5600] loss: 0.066
[1,  5620] loss: 0.022
[1,  5640] loss: 0.053
[1,  5660] loss: 3.378
[1,  5680] loss: 15359931939.298
[1,  5700] loss: 71288415039.200
[1,  5720] loss: 50370840208.590
[1,  5740] loss: 13975395898.831
[1,  5760] loss: 2426605399.489
[1,  5780] loss: 248455287.613
[1,  5800] loss: 77163777.580
[1,  5820] loss: 52174844.326
[1,  5840] loss: 19673026.770
[1,  5860] loss: 10283865.108
[1,  5880] loss: 13195621.293
[1,  5900] loss: 17303071.213
[1,  5920] loss: 11659047.292
[1,  5940] loss: 9111214.914
[1,  5960] loss: 6753280.603
[1,  5980] loss: 4192696.664
[1,  6000] loss: 9189824.384
[1,  6020] loss: 12458393.203
[1,  6040] loss: 4259039.720
[1,  6060] loss: 7532820.775
[1,  6080] loss: 7726960.312
[1,  6100] loss: 3695744.048
[1,  6120] loss: 4264235.641
[1,  6140] loss: 11669626.129
[1,  6160] loss: 6269323.490
[1,  6180] loss: 3735221.549
[1,  6200] loss: 4615178.439
[1,  6220] loss: 2348394.672
[1,  6240] loss: 4193447.919
[1,  6260] loss: 2659465.360
[1,  6280] loss: 4394204.262
[1,  6300] loss: 5871556.465
[1,  6320] loss: 2695112.793
[1,  6340] loss: 3865183.478
[1,  6360] loss: 2982866.093
[1,  6380] loss: 2304891.001
[1,  6400] loss: 3930694.045
[1,  6420] loss: 2630123.040
[1,  6440] loss: 3313246.293
[1,  6460] loss: 4946428.197
[1,  6480] loss: 4021787.106
[1,  6500] loss: 4809613.746
[1,  6520] loss: 2377927.429
[1,  6540] loss: 1049924.574
[1,  6560] loss: 1467118.257
[1,  6580] loss: 2273583.600
[1,  6600] loss: 1352816.529
[1,  6620] loss: 2834798.175
[1,  6640] loss: 1966357.914
[1,  6660] loss: 1713598.903
[1,  6680] loss: 1515021.603
[1,  6700] loss: 2455121.416
[1,  6720] loss: 1317288.199
[1,  6740] loss: 1724495.392
[1,  6760] loss: 2510477.327
[1,  6780] loss: 854977.767
[1,  6800] loss: 1349963.648
[1,  6820] loss: 2186157.283
[1,  6840] loss: 1378034.201
[1,  6860] loss: 1471341.625
[1,  6880] loss: 2144478.998
[1,  6900] loss: 1754890.464
[1,  6920] loss: 2146550.911
[1,  6940] loss: 1561340.644
[1,  6960] loss: 1479601.861
[1,  6980] loss: 1347400.127
[1,  7000] loss: 817302.557
[1,  7020] loss: 2465268.157
[1,  7040] loss: 1579350.808
[1,  7060] loss: 1650260.888
[1,  7080] loss: 1156879.637
[1,  7100] loss: 2104235.953
[1,  7120] loss: 1009019.573
[1,  7140] loss: 1416812.210
[1,  7160] loss: 1215293.922
[1,  7180] loss: 852805.283
[1,  7200] loss: 790161.927
[1,  7220] loss: 823931.299
[1,  7240] loss: 1173555.015
[1,  7260] loss: 1235603.774
[1,  7280] loss: 1322871.741
[1,  7300] loss: 845485.316
[1,  7320] loss: 817530.711
[1,  7340] loss: 748076.485
[1,  7360] loss: 1158706.783
[1,  7380] loss: 636163.859
[1,  7400] loss: 405687.546
[1,  7420] loss: 737721.088
[1,  7440] loss: 1103102.241
[1,  7460] loss: 459390.681
[1,  7480] loss: 792625.745
[1,  7500] loss: 533914.985
[1,  7520] loss: 685824.330
[1,  7540] loss: 883065.509
[1,  7560] loss: 976052.080
[1,  7580] loss: 550125.331
[1,  7600] loss: 1270788.026
[1,  7620] loss: 798492.092
[1,  7640] loss: 1506809.788
[1,  7660] loss: 1048652.319
[1,  7680] loss: 476741.457
[1,  7700] loss: 372234.314
[1,  7720] loss: 809818.534
[1,  7740] loss: 633334.942
[1,  7760] loss: 765120.760
[1,  7780] loss: 746821.789
[1,  7800] loss: 509255.991
[1,  7820] loss: 448833.940
[1,  7840] loss: 368704.967
[1,  7860] loss: 652483.968
[1,  7880] loss: 507193.451
[1,  7900] loss: 1382159.791
[1,  7920] loss: 404019.951
[1,  7940] loss: 501562.177
[1,  7960] loss: 446559.394
[1,  7980] loss: 565693.611
[1,  8000] loss: 719158.683
[1,  8020] loss: 353405.627
[1,  8040] loss: 750402.198
[1,  8060] loss: 350527.164
[1,  8080] loss: 446233.627
[1,  8100] loss: 602085.804
[1,  8120] loss: 380526.955
[1,  8140] loss: 387536.439
[1,  8160] loss: 613584.959
[1,  8180] loss: 472491.464
[1,  8200] loss: 423654.402
[1,  8220] loss: 589364.944
[1,  8240] loss: 565563.420
[1,  8260] loss: 471347.034
[1,  8280] loss: 339477.951
[1,  8300] loss: 326302.008
[1,  8320] loss: 389270.357
[1,  8340] loss: 301411.811
[1,  8360] loss: 307915.045
[1,  8380] loss: 364593.597
[1,  8400] loss: 240748.711
[1,  8420] loss: 421575.594
[1,  8440] loss: 318170.628
[1,  8460] loss: 515369.617
[1,  8480] loss: 330014.628
[1,  8500] loss: 442680.716
[1,  8520] loss: 457283.828
[1,  8540] loss: 670575.443
[1,  8560] loss: 601414.071
[1,  8580] loss: 507775.158
[1,  8600] loss: 650524.264
[1,  8620] loss: 906484.268
[1,  8640] loss: 663964.270
[1,  8660] loss: 379100.715
[1,  8680] loss: 342411.744
[1,  8700] loss: 479403.284
[1,  8720] loss: 320942.985
[1,  8740] loss: 390187.969
[1,  8760] loss: 249508.247
[1,  8780] loss: 327396.812
[1,  8800] loss: 325366.305
[1,  8820] loss: 484591.190
[1,  8840] loss: 514701.242
[1,  8860] loss: 285168.262
[1,  8880] loss: 445618.778
[1,  8900] loss: 140184.245
[1,  8920] loss: 344653.075
[1,  8940] loss: 119292.247
[1,  8960] loss: 299945.579
[1,  8980] loss: 271682.118
[1,  9000] loss: 247689.465
[1,  9020] loss: 363413.961
[1,  9040] loss: 291842.027
[1,  9060] loss: 231896.880
[1,  9080] loss: 134934.180
[1,  9100] loss: 372742.622
[1,  9120] loss: 308715.328
[1,  9140] loss: 209485.936
[1,  9160] loss: 274141.933
[1,  9180] loss: 378964.986
[1,  9200] loss: 263098.605
[1,  9220] loss: 237242.505
[1,  9240] loss: 369367.384
[1,  9260] loss: 279924.433
[1,  9280] loss: 230536.841
[1,  9300] loss: 164521.932
[1,  9320] loss: 204181.764
[1,  9340] loss: 234531.013
[1,  9360] loss: 300520.685
[1,  9380] loss: 346503.016
[1,  9400] loss: 300217.251
[1,  9420] loss: 263728.739
[1,  9440] loss: 254900.176
[1,  9460] loss: 282330.651
[1,  9480] loss: 426661.397
[1,  9500] loss: 198283.479
[1,  9520] loss: 290608.318
[1,  9540] loss: 147631.503
[1,  9560] loss: 172750.949
[1,  9580] loss: 214138.214
[1,  9600] loss: 213271.492
[1,  9620] loss: 241890.208
[1,  9640] loss: 256074.595
[1,  9660] loss: 302202.549
[1,  9680] loss: 139488.786
[1,  9700] loss: 160922.138
[1,  9720] loss: 178699.737
[1,  9740] loss: 169284.335
[1,  9760] loss: 229287.291
[1,  9780] loss: 242834.235
[1,  9800] loss: 268696.952
[1,  9820] loss: 251278.309
[1,  9840] loss: 178064.935
[1,  9860] loss: 201620.553
[1,  9880] loss: 231979.322
[1,  9900] loss: 141950.449
[1,  9920] loss: 102495.927
[1,  9940] loss: 287709.284
[1,  9960] loss: 129976.550
[1,  9980] loss: 202252.482
[1, 10000] loss: 320584.600
[1, 10020] loss: 159602.661
[1, 10040] loss: 146689.513
[1, 10060] loss: 212132.412
[1, 10080] loss: 175150.873
[1, 10100] loss: 238102.987
[1, 10120] loss: 224529.447
[1, 10140] loss: 183043.197
[1, 10160] loss: 200088.536
[1, 10180] loss: 132123.468
[1, 10200] loss: 277819.008
[1, 10220] loss: 146304.969
[1, 10240] loss: 66736.896
[1, 10260] loss: 181263.321
[1, 10280] loss: 149329.043
[1, 10300] loss: 190581.357
[1, 10320] loss: 171647.441
[1, 10340] loss: 131584.998
[1, 10360] loss: 181590.187
[1, 10380] loss: 184287.944
[1, 10400] loss: 99660.520
[1, 10420] loss: 131277.141
[1, 10440] loss: 93614.320
[1, 10460] loss: 108850.990
[1, 10480] loss: 74641.596
[1, 10500] loss: 85996.909
[1, 10520] loss: 135095.180
[1, 10540] loss: 165008.882
[1, 10560] loss: 118723.731
[1, 10580] loss: 71317.265
[1, 10600] loss: 97682.873
[1, 10620] loss: 74380.021
[1, 10640] loss: 111058.268
[1, 10660] loss: 137331.835
[1, 10680] loss: 168471.619
[1, 10700] loss: 100702.608
[1, 10720] loss: 83754.984
[1, 10740] loss: 73344.131
[1, 10760] loss: 93919.362
[1, 10780] loss: 120417.595
[1, 10800] loss: 61624.993
[1, 10820] loss: 128896.006
[1, 10840] loss: 122490.659
[1, 10860] loss: 80589.413
[1, 10880] loss: 112128.882
[1, 10900] loss: 118690.514
[1, 10920] loss: 87104.796
[1, 10940] loss: 122863.274
[1, 10960] loss: 233060.918
[1, 10980] loss: 111910.999
[1, 11000] loss: 148249.643
[1, 11020] loss: 124275.659
[1, 11040] loss: 125889.763
[1, 11060] loss: 134036.541
[1, 11080] loss: 134003.852
[1, 11100] loss: 209211.470
[1, 11120] loss: 96619.343
[1, 11140] loss: 78699.204
[1, 11160] loss: 97630.725
[1, 11180] loss: 63490.811
[1, 11200] loss: 208403.295
[1, 11220] loss: 71553.179
[1, 11240] loss: 67117.618
[1, 11260] loss: 75095.833
[1, 11280] loss: 56196.708
[1, 11300] loss: 108280.831
[1, 11320] loss: 90395.668
[1, 11340] loss: 36540.721
[1, 11360] loss: 151371.918
[1, 11380] loss: 67837.935
[1, 11400] loss: 77179.652
[1, 11420] loss: 62798.700
[1, 11440] loss: 84785.954
[1, 11460] loss: 67662.658
[1, 11480] loss: 130982.983
[1, 11500] loss: 98786.202
[1, 11520] loss: 101876.572
[1, 11540] loss: 71002.793
[1, 11560] loss: 52491.346
[1, 11580] loss: 96028.271
[1, 11600] loss: 59908.362
[1, 11620] loss: 42737.864
[1, 11640] loss: 73907.412
[1, 11660] loss: 90967.472
[1, 11680] loss: 101214.976
[1, 11700] loss: 67186.334
[1, 11720] loss: 65822.949
[1, 11740] loss: 45208.710
[1, 11760] loss: 114371.874
[1, 11780] loss: 33128.347
[1, 11800] loss: 60523.249
[1, 11820] loss: 43684.741
[1, 11840] loss: 62700.348
[1, 11860] loss: 54112.479
[1, 11880] loss: 66140.888
[1, 11900] loss: 51402.243
[1, 11920] loss: 119707.306
[1, 11940] loss: 51069.663
[1, 11960] loss: 122994.345
[1, 11980] loss: 61428.141
[1, 12000] loss: 95469.506
[1, 12020] loss: 51387.936
[1, 12040] loss: 44744.344
[1, 12060] loss: 47475.659
[1, 12080] loss: 34606.914
[1, 12100] loss: 59099.127
[1, 12120] loss: 57899.458
[1, 12140] loss: 70101.333
[1, 12160] loss: 32176.931
[1, 12180] loss: 73075.113
[1, 12200] loss: 23475.050
[1, 12220] loss: 113740.958
[1, 12240] loss: 54253.045
[1, 12260] loss: 34273.103
[1, 12280] loss: 64272.538
[1, 12300] loss: 61012.397
[1, 12320] loss: 46887.202
[1, 12340] loss: 52631.588
[1, 12360] loss: 103156.747
[1, 12380] loss: 102848.844
[1, 12400] loss: 51377.445
[1, 12420] loss: 74550.301
[1, 12440] loss: 48121.615
[1, 12460] loss: 26848.557
[1, 12480] loss: 61157.185
[1, 12500] loss: 50637.307
[1, 12520] loss: 62417.802
[1, 12540] loss: 89218.660
[1, 12560] loss: 115708.025
[1, 12580] loss: 45048.602
[1, 12600] loss: 50952.469
[1, 12620] loss: 30997.479
[1, 12640] loss: 31503.244
[1, 12660] loss: 32442.634
[1, 12680] loss: 89973.032
[1, 12700] loss: 47341.240
[1, 12720] loss: 36999.577
[1, 12740] loss: 40511.686
[1, 12760] loss: 34674.643
[1, 12780] loss: 58482.719
[1, 12800] loss: 63408.259
[1, 12820] loss: 40735.944
[1, 12840] loss: 38518.892
[1, 12860] loss: 96983.551
[1, 12880] loss: 31797.285
[1, 12900] loss: 27645.021
[1, 12920] loss: 14226.517
[1, 12940] loss: 49553.024
[1, 12960] loss: 29168.961
[1, 12980] loss: 33316.180
[1, 13000] loss: 22012.731
[1, 13020] loss: 48643.344
[1, 13040] loss: 25158.903
[1, 13060] loss: 94627.497
[1, 13080] loss: 60783.295
[1, 13100] loss: 60568.936
[1, 13120] loss: 73614.771
[1, 13140] loss: 98487.840
[1, 13160] loss: 45415.569
[1, 13180] loss: 23384.772
[1, 13200] loss: 36212.485
[1, 13220] loss: 19542.049
[1, 13240] loss: 18589.665
[1, 13260] loss: 36000.717
[1, 13280] loss: 38174.075
[1, 13300] loss: 25566.765
[1, 13320] loss: 24323.086
[1, 13340] loss: 43950.244
[1, 13360] loss: 55007.567
[1, 13380] loss: 32265.317
[1, 13400] loss: 27390.029
[1, 13420] loss: 14833.020
[1, 13440] loss: 29899.386
[1, 13460] loss: 18932.620
[1, 13480] loss: 21488.072
[1, 13500] loss: 32395.227
[1, 13520] loss: 11385.884
[1, 13540] loss: 39290.215
[1, 13560] loss: 37991.719
[1, 13580] loss: 18607.009
[1, 13600] loss: 19080.382
[1, 13620] loss: 21219.035
[1, 13640] loss: 61648.202
[1, 13660] loss: 22378.797
[1, 13680] loss: 27305.350
[1, 13700] loss: 30441.940
[1, 13720] loss: 35339.509
[1, 13740] loss: 28731.745
[1, 13760] loss: 18454.614
[1, 13780] loss: 29370.136
[1, 13800] loss: 34617.879
[1, 13820] loss: 24220.984
[1, 13840] loss: 168927.496
[1, 13860] loss: 67196.028
[1, 13880] loss: 28443.725
[1, 13900] loss: 20290.722
[1, 13920] loss: 32236.174
[1, 13940] loss: 21062.947
[1, 13960] loss: 21679.692
[1, 13980] loss: 20753.469
[1, 14000] loss: 13891.315
[1, 14020] loss: 14433.646
[1, 14040] loss: 41009.563
[1, 14060] loss: 19741.040
[1, 14080] loss: 17719.535
[1, 14100] loss: 17661.750
[1, 14120] loss: 37278.022
[1, 14140] loss: 38830.884
[1, 14160] loss: 30178.468
[1, 14180] loss: 34538.798
[1, 14200] loss: 42913.581
[1, 14220] loss: 31916.720
[1, 14240] loss: 18065.091
[1, 14260] loss: 18109.685
[1, 14280] loss: 46233.916
[1, 14300] loss: 27478.874
[1, 14320] loss: 12520.636
[1, 14340] loss: 14876.551
[1, 14360] loss: 22196.656
[1, 14380] loss: 25436.493
[1, 14400] loss: 35459.278
[1, 14420] loss: 16221.622
[1, 14440] loss: 15593.182
[1, 14460] loss: 9885.249
[1, 14480] loss: 23867.690
[1, 14500] loss: 18870.362
[1, 14520] loss: 18344.342
[1, 14540] loss: 19471.884
[1, 14560] loss: 14154.757
[1, 14580] loss: 9396.063
[1, 14600] loss: 13670.220
[1, 14620] loss: 14531.669
[1, 14640] loss: 18995.845
[1, 14660] loss: 17470.744
[1, 14680] loss: 21918.218
[1, 14700] loss: 21874.724
[1, 14720] loss: 6418.939
[1, 14740] loss: 17467.911
[1, 14760] loss: 19399.992
[1, 14780] loss: 53270.509
[1, 14800] loss: 28591.136
[1, 14820] loss: 22976.404
[1, 14840] loss: 51477.073
[1, 14860] loss: 88904.914
[1, 14880] loss: 64745.523
[1, 14900] loss: 64231.246
[1, 14920] loss: 17440.938
[1, 14940] loss: 36286.484
[1, 14960] loss: 29388.758
[1, 14980] loss: 16225.841
[1, 15000] loss: 19895.480
[1, 15020] loss: 34204.781
[1, 15040] loss: 26017.698
[1, 15060] loss: 16343.628
[1, 15080] loss: 12866.288
[1, 15100] loss: 21224.259
[1, 15120] loss: 11003.210
[1, 15140] loss: 13525.325
[1, 15160] loss: 11680.793
[1, 15180] loss: 19219.912
[1, 15200] loss: 29248.457
[1, 15220] loss: 45072.763
[1, 15240] loss: 34880.463
[1, 15260] loss: 16073.573
[1, 15280] loss: 3375.567
[1, 15300] loss: 13277.271
[1, 15320] loss: 4350.191
[1, 15340] loss: 7749.350
[1, 15360] loss: 12372.533
[1, 15380] loss: 11783.494
[1, 15400] loss: 15171.221
[1, 15420] loss: 32915.037
[1, 15440] loss: 17084.976
[1, 15460] loss: 7693.883
[1, 15480] loss: 8357.591
[1, 15500] loss: 4876.856
[1, 15520] loss: 14563.327
[1, 15540] loss: 7986.294
[1, 15560] loss: 61474.478
[1, 15580] loss: 54357.399
[1, 15600] loss: 32405.977
[1, 15620] loss: 6292.299
[1, 15640] loss: 10259.114
[1, 15660] loss: 4080.927
[1, 15680] loss: 5120.517
[1, 15700] loss: 3026.489
[1, 15720] loss: 5238.300
[1, 15740] loss: 8985.357
[1, 15760] loss: 19170.576
[1, 15780] loss: 18426.287
[1, 15800] loss: 8003.127
[1, 15820] loss: 7463.572
[1, 15840] loss: 18574.620
[1, 15860] loss: 18629.865
[1, 15880] loss: 40990.361
[1, 15900] loss: 20227.443
[1, 15920] loss: 7651.654
[1, 15940] loss: 13381.536
[1, 15960] loss: 13099.496
[1, 15980] loss: 26316.559
[1, 16000] loss: 29781.831
[1, 16020] loss: 11259.479
[1, 16040] loss: 5955.915
[1, 16060] loss: 8126.003
[1, 16080] loss: 8603.600
[1, 16100] loss: 23098.563
[1, 16120] loss: 6983.059
[1, 16140] loss: 16110.275
[1, 16160] loss: 9334.357
[1, 16180] loss: 10909.522
[1, 16200] loss: 13862.670
[1, 16220] loss: 12800.739
[1, 16240] loss: 43727.369
[1, 16260] loss: 48303.011
[1, 16280] loss: 13915.691
[1, 16300] loss: 30760.740
[1, 16320] loss: 22047.524
[1, 16340] loss: 25195.279
[1, 16360] loss: 29676.614
[1, 16380] loss: 10964.200
[1, 16400] loss: 6723.226
[1, 16420] loss: 9898.690
[1, 16440] loss: 12211.917
[1, 16460] loss: 13480.685
[1, 16480] loss: 5919.345
[1, 16500] loss: 6297.596
[1, 16520] loss: 8408.733
[1, 16540] loss: 4988.713
[1, 16560] loss: 7312.859
[1, 16580] loss: 8757.388
[1, 16600] loss: 5809.561
[1, 16620] loss: 3026.974
[1, 16640] loss: 9999.113
[1, 16660] loss: 7536.745
[1, 16680] loss: 19829.559
[1, 16700] loss: 71633.670
[1, 16720] loss: 38837.088
[1, 16740] loss: 27430.683
[1, 16760] loss: 22021.165
[1, 16780] loss: 10405.297
[1, 16800] loss: 7706.767
[1, 16820] loss: 25989.713
[1, 16840] loss: 36325.055
[1, 16860] loss: 32406.990
[1, 16880] loss: 28618.129
[1, 16900] loss: 9938.196
[1, 16920] loss: 10983.034
[1, 16940] loss: 6523.026
[1, 16960] loss: 2437.336
[1, 16980] loss: 2955.794
[1, 17000] loss: 2327.517
[1, 17020] loss: 3628.393
[1, 17040] loss: 2291.155
[1, 17060] loss: 1570.651
[1, 17080] loss: 1663.769
[1, 17100] loss: 7164.938
[1, 17120] loss: 2950.119
[1, 17140] loss: 2809.898
[1, 17160] loss: 11800.672
[1, 17180] loss: 5095.096
[1, 17200] loss: 4598.378
[1, 17220] loss: 4847.817
[1, 17240] loss: 14581.582
[1, 17260] loss: 31036.305
[1, 17280] loss: 8638.787
[1, 17300] loss: 15725.497
[1, 17320] loss: 10420.305
[1, 17340] loss: 3935.511
[1, 17360] loss: 3634.954
[1, 17380] loss: 4235.149
[1, 17400] loss: 12581.917
[1, 17420] loss: 4537.847
[1, 17440] loss: 5224.397
[1, 17460] loss: 2386.317
[1, 17480] loss: 5708.500
[1, 17500] loss: 8505.439
[1, 17520] loss: 20266.306
[1, 17540] loss: 9872.805
[1, 17560] loss: 4386.821
[1, 17580] loss: 3699.906
[1, 17600] loss: 9279.057
[1, 17620] loss: 4820.358
[1, 17640] loss: 7369.234
[1, 17660] loss: 5843.610
[1, 17680] loss: 4065.822
[1, 17700] loss: 2650.295
[1, 17720] loss: 2701.864
[1, 17740] loss: 4372.134
[1, 17760] loss: 2382.400
[1, 17780] loss: 9043.449
[1, 17800] loss: 8033.702
[1, 17820] loss: 9873.687
[1, 17840] loss: 6976.419
[1, 17860] loss: 10958.284
[1, 17880] loss: 10991.167
[1, 17900] loss: 7242.707
[1, 17920] loss: 1846.512
[1, 17940] loss: 2608.315
[1, 17960] loss: 2191.934
[1, 17980] loss: 1793.749
[1, 18000] loss: 5899.642
[1, 18020] loss: 4478.455
[1, 18040] loss: 1934.241
[1, 18060] loss: 1415.424
[1, 18080] loss: 2384.557
[1, 18100] loss: 4215.598
[1, 18120] loss: 6760.337
[1, 18140] loss: 31341.122
[1, 18160] loss: 45529.311
[1, 18180] loss: 84758.166
[1, 18200] loss: 30741.222
[1, 18220] loss: 132947.785
[1, 18240] loss: 29875.704
[1, 18260] loss: 21139.049
[1, 18280] loss: 5914.864
[1, 18300] loss: 2378.253
[1, 18320] loss: 2963.879
[1, 18340] loss: 2475.326
[1, 18360] loss: 16711.061
[1, 18380] loss: 13941.908
[1, 18400] loss: 13396.682
[1, 18420] loss: 9297.382
[1, 18440] loss: 5614.116
[1, 18460] loss: 17887.602
[1, 18480] loss: 19985.705
[1, 18500] loss: 4553.766
[1, 18520] loss: 5328.785
[1, 18540] loss: 2888.154
[1, 18560] loss: 2179.237
[1, 18580] loss: 2776.360
[1, 18600] loss: 1125.892
[1, 18620] loss: 2786.597
[1, 18640] loss: 2832.556
[1, 18660] loss: 6978.240
[1, 18680] loss: 3977.050
[1, 18700] loss: 817.094
[1, 18720] loss: 934.704
[1, 18740] loss: 2131.272
[1, 18760] loss: 3451.841
[1, 18780] loss: 27095.084
[1, 18800] loss: 12574.817
[1, 18820] loss: 9804.661
[1, 18840] loss: 18711.065
[1, 18860] loss: 9100.820
[1, 18880] loss: 2167.507
[1, 18900] loss: 5991.659
[1, 18920] loss: 6965.838
[1, 18940] loss: 11473.228
[1, 18960] loss: 8287.808
[1, 18980] loss: 4344.245
[1, 19000] loss: 2044.984
[1, 19020] loss: 2365.343
[1, 19040] loss: 3153.874
[1, 19060] loss: 4387.857
[1, 19080] loss: 2581.410
[1, 19100] loss: 1827.619
[1, 19120] loss: 966.704
[1, 19140] loss: 1005.878
[1, 19160] loss: 1019.573
[1, 19180] loss: 1120.975
[1, 19200] loss: 1998.085
[1, 19220] loss: 3928.119
[1, 19240] loss: 1440.821
[1, 19260] loss: 1422.193
[1, 19280] loss: 631.819
[1, 19300] loss: 1127.148
[1, 19320] loss: 1872.091
[1, 19340] loss: 656.857
[1, 19360] loss: 1290.125
[1, 19380] loss: 24347.131
[1, 19400] loss: 98251.252
[1, 19420] loss: 208903.278
[1, 19440] loss: 26938.440
[1, 19460] loss: 121960.055
[1, 19480] loss: 27134.954
[1, 19500] loss: 3372.111
[1, 19520] loss: 3294.930
[1, 19540] loss: 6082.764
[1, 19560] loss: 1451.611
[1, 19580] loss: 1756.954
[1, 19600] loss: 1665.352
[1, 19620] loss: 3066.528
[1, 19640] loss: 969.636
[1, 19660] loss: 373.224
[1, 19680] loss: 511.957
[1, 19700] loss: 519.501
[1, 19720] loss: 629.325
[1, 19740] loss: 416.204
[1, 19760] loss: 1382.414
[1, 19780] loss: 1255.137
[1, 19800] loss: 804.861
[1, 19820] loss: 735.866
[1, 19840] loss: 271.677
[1, 19860] loss: 329.576
[1, 19880] loss: 230.568
[1, 19900] loss: 159.029
[1, 19920] loss: 422.697
[1, 19940] loss: 391.128
[1, 19960] loss: 262.913
[1, 19980] loss: 293.253
[1, 20000] loss: 315.830
[1, 20020] loss: 255.324
[1, 20040] loss: 293.063
[1, 20060] loss: 507.522
[1, 20080] loss: 241.533
[1, 20100] loss: 441.458
[1, 20120] loss: 181.581
[1, 20140] loss: 403.987
[1, 20160] loss: 279.168
[1, 20180] loss: 310.474
[1, 20200] loss: 273.018
[1, 20220] loss: 228.656
[1, 20240] loss: 253.578
[1, 20260] loss: 251.773
[1, 20280] loss: 359.693
[1, 20300] loss: 824.864
[1, 20320] loss: 322.411
[1, 20340] loss: 424.922
[1, 20360] loss: 1013.548
[1, 20380] loss: 1798.257
[1, 20400] loss: 1125.479
[1, 20420] loss: 238.288
[1, 20440] loss: 150.384
[1, 20460] loss: 222.429
[1, 20480] loss: 142.977
[1, 20500] loss: 237.422
[1, 20520] loss: 435.217
[1, 20540] loss: 191.535
[1, 20560] loss: 244.437
[1, 20580] loss: 313.866
[1, 20600] loss: 289.443
[1, 20620] loss: 451.873
[1, 20640] loss: 598.255
[1, 20660] loss: 1033.022
[1, 20680] loss: 510.217
[1, 20700] loss: 373.321
[1, 20720] loss: 366.649
[1, 20740] loss: 746.204
[1, 20760] loss: 514.728
[1, 20780] loss: 12817.267
[1, 20800] loss: 273764.916
[1, 20820] loss: 94413.287
[1, 20840] loss: 13882.237
[1, 20860] loss: 5538.925
[1, 20880] loss: 2184.240
[1, 20900] loss: 1452.225
[1, 20920] loss: 684.771
[1, 20940] loss: 743.614
[1, 20960] loss: 500.718
[1, 20980] loss: 321.653
[1, 21000] loss: 246.995
[1, 21020] loss: 348.196
[1, 21040] loss: 509.665
[1, 21060] loss: 338.275
[1, 21080] loss: 167.510
[1, 21100] loss: 257.091
[1, 21120] loss: 211.526
[1, 21140] loss: 241.056
[1, 21160] loss: 229.212
[1, 21180] loss: 335.345
[1, 21200] loss: 218.706
[1, 21220] loss: 308.983
[1, 21240] loss: 137.512
[1, 21260] loss: 90.610
[1, 21280] loss: 122.042
[1, 21300] loss: 150.779
[1, 21320] loss: 164.987
[1, 21340] loss: 184.275
[1, 21360] loss: 248.945
[1, 21380] loss: 245.623
[1, 21400] loss: 210.495
[1, 21420] loss: 120.248
[1, 21440] loss: 64.922
[1, 21460] loss: 71.117
[1, 21480] loss: 83.902
[1, 21500] loss: 122.569
[1, 21520] loss: 80.846
[1, 21540] loss: 101.452
[1, 21560] loss: 48.124
[1, 21580] loss: 72.585
[1, 21600] loss: 82.730
[1, 21620] loss: 28.567
[1, 21640] loss: 49.459
[1, 21660] loss: 21.768
[1, 21680] loss: 44.637
[1, 21700] loss: 88.779
[1, 21720] loss: 222.296
[1, 21740] loss: 660.310
[1, 21760] loss: 566.407
[1, 21780] loss: 403.426
[1, 21800] loss: 209.047
[1, 21820] loss: 77.820
[1, 21840] loss: 74.095
[1, 21860] loss: 44.320
[1, 21880] loss: 37.503
[1, 21900] loss: 63.880
[1, 21920] loss: 43.761
[1, 21940] loss: 54.981
[1, 21960] loss: 32.295
[1, 21980] loss: 60.760
[1, 22000] loss: 98.160
[1, 22020] loss: 94.496
[1, 22040] loss: 89.446
[1, 22060] loss: 52.090
[1, 22080] loss: 70.678
[1, 22100] loss: 79.305
[1, 22120] loss: 183.618
[1, 22140] loss: 233.807
[1, 22160] loss: 81.934
[1, 22180] loss: 53.912
[1, 22200] loss: 123.858
[1, 22220] loss: 62.413
[1, 22240] loss: 46.846
[1, 22260] loss: 45.214
[1, 22280] loss: 74.326
[1, 22300] loss: 59.899
[1, 22320] loss: 16.329
[1, 22340] loss: 73.515
[1, 22360] loss: 36.901
[1, 22380] loss: 88.204
[1, 22400] loss: 135.644
[1, 22420] loss: 435.311
[1, 22440] loss: 482.422
[1, 22460] loss: 319.267
[1, 22480] loss: 211.187
[1, 22500] loss: 187.585
[1, 22520] loss: 133.892
[1, 22540] loss: 98.634
[1, 22560] loss: 66.312
[1, 22580] loss: 23.430
[1, 22600] loss: 70.448
[1, 22620] loss: 141.236
[1, 22640] loss: 68.609
[1, 22660] loss: 37.450
[1, 22680] loss: 26.687
[1, 22700] loss: 142.053
[1, 22720] loss: 90.172
[1, 22740] loss: 152.852
[1, 22760] loss: 203.809
[1, 22780] loss: 166.918
[1, 22800] loss: 68.630
[1, 22820] loss: 77.544
[1, 22840] loss: 30.746
[1, 22860] loss: 49.397
[1, 22880] loss: 69.644
[1, 22900] loss: 29.849
[1, 22920] loss: 216.262
[1, 22940] loss: 413.158
[1, 22960] loss: 516.576
[1, 22980] loss: 442.754
[1, 23000] loss: 73.126
[1, 23020] loss: 212.642
[1, 23040] loss: 100.686
[1, 23060] loss: 38.813
[1, 23080] loss: 25.700
[1, 23100] loss: 67.701
[1, 23120] loss: 117.952
[1, 23140] loss: 112.779
[1, 23160] loss: 25.703
[1, 23180] loss: 45.868
[1, 23200] loss: 21.433
[1, 23220] loss: 31.250
[1, 23240] loss: 70.920
[1, 23260] loss: 137.713
[1, 23280] loss: 217.396
[1, 23300] loss: 180.460
[1, 23320] loss: 192.695
[1, 23340] loss: 260.520
[1, 23360] loss: 167.483
[1, 23380] loss: 95.033
[1, 23400] loss: 148.672
[1, 23420] loss: 155.793
[1, 23440] loss: 58.476
[1, 23460] loss: 202.736
[1, 23480] loss: 459.753
[1, 23500] loss: 263.201
[1, 23520] loss: 251.692
[1, 23540] loss: 1741.555
[1, 23560] loss: 69665.898
[1, 23580] loss: 63439.814
[1, 23600] loss: 4275.043
[1, 23620] loss: 1091.980
[1, 23640] loss: 637.461
[1, 23660] loss: 254.039
[1, 23680] loss: 141.766
[1, 23700] loss: 130.132
[1, 23720] loss: 90.576
[1, 23740] loss: 79.399
[1, 23760] loss: 77.882
[1, 23780] loss: 105.594
[1, 23800] loss: 72.016
[1, 23820] loss: 64.303
[1, 23840] loss: 110.530
[1, 23860] loss: 73.723
[1, 23880] loss: 66.446
[1, 23900] loss: 40.819
[1, 23920] loss: 51.766
[1, 23940] loss: 32.797
[1, 23960] loss: 39.853
[1, 23980] loss: 42.821
[1, 24000] loss: 57.027
[1, 24020] loss: 31.139
[1, 24040] loss: 38.867
[1, 24060] loss: 30.343
[1, 24080] loss: 44.363
[1, 24100] loss: 43.339
[1, 24120] loss: 19.344
[1, 24140] loss: 39.692
[1, 24160] loss: 31.789
[1, 24180] loss: 33.971
[1, 24200] loss: 30.403
[1, 24220] loss: 21.686
[1, 24240] loss: 27.183
[1, 24260] loss: 29.272
[1, 24280] loss: 26.396
[1, 24300] loss: 16.885
[1, 24320] loss: 24.793
[1, 24340] loss: 21.295
[1, 24360] loss: 40.263
[1, 24380] loss: 14.793
[1, 24400] loss: 27.546
[1, 24420] loss: 10.635
[1, 24440] loss: 13.825
[1, 24460] loss: 24.372
[1, 24480] loss: 11.979
[1, 24500] loss: 22.940
[1, 24520] loss: 12.913
[1, 24540] loss: 18.673
[1, 24560] loss: 36.400
[1, 24580] loss: 38.247
[1, 24600] loss: 29.597
[1, 24620] loss: 25.485
[1, 24640] loss: 16.513
[1, 24660] loss: 25.197
[1, 24680] loss: 16.442
[1, 24700] loss: 13.706
[1, 24720] loss: 9.095
[1, 24740] loss: 11.793
[1, 24760] loss: 10.605
[1, 24780] loss: 7.521
[1, 24800] loss: 9.092
[1, 24820] loss: 7.840
[1, 24840] loss: 19.750
[1, 24860] loss: 28.783
[1, 24880] loss: 13.714
[1, 24900] loss: 8.162
[1, 24920] loss: 8.072
[1, 24940] loss: 12.053
[1, 24960] loss: 15.120
[1, 24980] loss: 17.298
[1, 25000] loss: 12.267
[1, 25020] loss: 25.353
[1, 25040] loss: 17.114
[1, 25060] loss: 11.493
[1, 25080] loss: 31.269
[1, 25100] loss: 33.785
[1, 25120] loss: 14.708
[1, 25140] loss: 7.165
[1, 25160] loss: 13.791
[1, 25180] loss: 12.327
[1, 25200] loss: 14.493
[1, 25220] loss: 7.156
[1, 25240] loss: 20.097
[1, 25260] loss: 13.992
[1, 25280] loss: 10.107
[1, 25300] loss: 8.255
[1, 25320] loss: 4.391
[1, 25340] loss: 7.118
[1, 25360] loss: 10.760
[1, 25380] loss: 9.158
[1, 25400] loss: 11.922
[1, 25420] loss: 9.317
[1, 25440] loss: 15.577
[1, 25460] loss: 13.601
[1, 25480] loss: 18.729
[1, 25500] loss: 15.215
[1, 25520] loss: 16.188
[1, 25540] loss: 8.252
[1, 25560] loss: 12.395
[1, 25580] loss: 17.635
[1, 25600] loss: 17.530
[1, 25620] loss: 8.211
[1, 25640] loss: 16.860
[1, 25660] loss: 12.469
[1, 25680] loss: 5.964
[1, 25700] loss: 20.219
[1, 25720] loss: 26.485
[1, 25740] loss: 19.896
[1, 25760] loss: 6.973
[1, 25780] loss: 8.106
[1, 25800] loss: 8.203
[1, 25820] loss: 19.749
[1, 25840] loss: 10.059
[1, 25860] loss: 10.325
[1, 25880] loss: 16.800
[1, 25900] loss: 9.739
[1, 25920] loss: 15.325
[1, 25940] loss: 6.624
[1, 25960] loss: 6.359
[1, 25980] loss: 4.176
[1, 26000] loss: 7.806
[1, 26020] loss: 6.770
[1, 26040] loss: 5.559
[1, 26060] loss: 5.912
[1, 26080] loss: 6.761
[1, 26100] loss: 9.229
[1, 26120] loss: 9.698
[1, 26140] loss: 8.417
[1, 26160] loss: 9.247
[1, 26180] loss: 4.568
[1, 26200] loss: 7.439
[1, 26220] loss: 16.838
[1, 26240] loss: 11.172
[1, 26260] loss: 26.266
[1, 26280] loss: 13.072
[1, 26300] loss: 17.249
[1, 26320] loss: 6.239
[1, 26340] loss: 8.156
[1, 26360] loss: 1.538
[1, 26380] loss: 4.352
[1, 26400] loss: 7.336
[1, 26420] loss: 3.479
[1, 26440] loss: 10.149
[1, 26460] loss: 10.742
[1, 26480] loss: 9.149
[1, 26500] loss: 7.134
[1, 26520] loss: 6.996
[1, 26540] loss: 6.406
[1, 26560] loss: 9.811
[1, 26580] loss: 21.470
[1, 26600] loss: 12.965
[1, 26620] loss: 6.007
[1, 26640] loss: 6.124
[1, 26660] loss: 13.568
[1, 26680] loss: 26.128
[1, 26700] loss: 14.293
[1, 26720] loss: 6.474
[1, 26740] loss: 10.253
[1, 26760] loss: 23.528
[1, 26780] loss: 15.184
[1, 26800] loss: 7.423
[1, 26820] loss: 8.816
[1, 26840] loss: 9.773
[1, 26860] loss: 6.748
[1, 26880] loss: 6.091
[1, 26900] loss: 6.351
[1, 26920] loss: 8.021
[1, 26940] loss: 5.012
[1, 26960] loss: 5.053
[1, 26980] loss: 3.790
[1, 27000] loss: 8.215
[1, 27020] loss: 4.539
[1, 27040] loss: 4.771
[1, 27060] loss: 27.019
[1, 27080] loss: 54.342
[1, 27100] loss: 51.054
[1, 27120] loss: 152.359
[1, 27140] loss: 634.860
[1, 27160] loss: 718.406
[1, 27180] loss: 751.190
[1, 27200] loss: 86.172
[1, 27220] loss: 56.428
[1, 27240] loss: 29.202
[1, 27260] loss: 9.255
[1, 27280] loss: 7.928
[1, 27300] loss: 7.054
[1, 27320] loss: 7.866
[1, 27340] loss: 9.161
[1, 27360] loss: 8.295
[1, 27380] loss: 3.082
[1, 27400] loss: 4.125
[1, 27420] loss: 9.620
[1, 27440] loss: 7.924
[1, 27460] loss: 4.237
[1, 27480] loss: 6.550
[1, 27500] loss: 13.192
[1, 27520] loss: 2.841
[1, 27540] loss: 5.189
[1, 27560] loss: 5.027
[1, 27580] loss: 5.138
[1, 27600] loss: 7.919
[1, 27620] loss: 4.832
[1, 27640] loss: 4.868
[1, 27660] loss: 4.008
[1, 27680] loss: 2.899
[1, 27700] loss: 5.226
[1, 27720] loss: 5.300
[1, 27740] loss: 4.142
[1, 27760] loss: 4.400
[1, 27780] loss: 3.810
[1, 27800] loss: 4.171
[1, 27820] loss: 6.138
[1, 27840] loss: 3.273
[1, 27860] loss: 13.004
[1, 27880] loss: 7.512
[1, 27900] loss: 4.407
[1, 27920] loss: 3.214
[1, 27940] loss: 5.219
[1, 27960] loss: 9.759
[1, 27980] loss: 8.717
[1, 28000] loss: 4.438
[1, 28020] loss: 7.461
[1, 28040] loss: 4.344
[1, 28060] loss: 3.247
[1, 28080] loss: 2.013
[1, 28100] loss: 2.351
[1, 28120] loss: 7.356
[1, 28140] loss: 7.184
[1, 28160] loss: 3.372
[1, 28180] loss: 8.502
[1, 28200] loss: 7.127
[1, 28220] loss: 5.850
[1, 28240] loss: 6.980
[1, 28260] loss: 5.062
[1, 28280] loss: 4.906
[1, 28300] loss: 1.685
[1, 28320] loss: 2.301
[1, 28340] loss: 3.479
[1, 28360] loss: 6.070
[1, 28380] loss: 3.175
[1, 28400] loss: 12.312
[1, 28420] loss: 14.057
[1, 28440] loss: 10.703
[1, 28460] loss: 14.215
[1, 28480] loss: 65.516
[1, 28500] loss: 21.544
[1, 28520] loss: 8.087
[1, 28540] loss: 7.767
[1, 28560] loss: 15.277
[1, 28580] loss: 13.991
[1, 28600] loss: 18.224
[1, 28620] loss: 10.505
[1, 28640] loss: 20.401
[1, 28660] loss: 15.722
[1, 28680] loss: 10.477
[1, 28700] loss: 8.143
[1, 28720] loss: 41.862
[1, 28740] loss: 52.745
[1, 28760] loss: 36.530
[1, 28780] loss: 18.299
[1, 28800] loss: 60.659
[1, 28820] loss: 377.442
[1, 28840] loss: 342.615
[1, 28860] loss: 273.148
[1, 28880] loss: 417.732
[1, 28900] loss: 452.093
[1, 28920] loss: 2407.688
[1, 28940] loss: 88223781.531
[1, 28960] loss: 5094412144.869
[1, 28980] loss: 2859859895.897
[1, 29000] loss: 392814304.941
[1, 29020] loss: 49118588.906
[1, 29040] loss: 11022301.096
[1, 29060] loss: 4494828.692
[1, 29080] loss: 1631447.061
[1, 29100] loss: 1255131.808
[1, 29120] loss: 539953.605
[1, 29140] loss: 474751.751
[1, 29160] loss: 779459.411
[1, 29180] loss: 499614.013
[1, 29200] loss: 461501.369
[1, 29220] loss: 327063.414
[1, 29240] loss: 366164.510
[1, 29260] loss: 264199.014
[1, 29280] loss: 565910.523
[1, 29300] loss: 432666.061
[1, 29320] loss: 209992.154
[1, 29340] loss: 181510.587
[1, 29360] loss: 181713.702
[1, 29380] loss: 323755.976
[1, 29400] loss: 200036.603
[1, 29420] loss: 213523.316
[1, 29440] loss: 174269.254
[1, 29460] loss: 285401.693
[1, 29480] loss: 234074.280
[1, 29500] loss: 153100.169
[1, 29520] loss: 155720.364
[1, 29540] loss: 162547.658
[1, 29560] loss: 120817.862
[1, 29580] loss: 111636.313
[1, 29600] loss: 102470.364
[1, 29620] loss: 214369.489
[1, 29640] loss: 168055.630
[1, 29660] loss: 113574.032
[1, 29680] loss: 124313.673
[1, 29700] loss: 112864.043
[1, 29720] loss: 212846.480
[1, 29740] loss: 149513.120
[1, 29760] loss: 166904.928
[1, 29780] loss: 107850.760
[1, 29800] loss: 172397.396
[1, 29820] loss: 80429.828
[1, 29840] loss: 90235.435
[1, 29860] loss: 46795.798
[1, 29880] loss: 92119.585
[1, 29900] loss: 128001.747
[1, 29920] loss: 74661.250
[1, 29940] loss: 102405.908
[1, 29960] loss: 84933.501
[1, 29980] loss: 143686.014
[1, 30000] loss: 84956.406
[1, 30020] loss: 89742.974
[1, 30040] loss: 51352.943
[1, 30060] loss: 212994.987
[1, 30080] loss: 67553.986
[1, 30100] loss: 117281.914
[1, 30120] loss: 57828.159
[1, 30140] loss: 55822.946
[1, 30160] loss: 106144.495
[1, 30180] loss: 75635.802
[1, 30200] loss: 133222.716
[1, 30220] loss: 55928.041
[1, 30240] loss: 42680.275
[1, 30260] loss: 171934.015
[1, 30280] loss: 39165.833
[1, 30300] loss: 89057.368
[1, 30320] loss: 68333.796
[1, 30340] loss: 118918.324
[1, 30360] loss: 93356.806
[1, 30380] loss: 64077.547
[1, 30400] loss: 35628.980
[1, 30420] loss: 60130.369
[1,    20] loss: 107738.586
[1,    40] loss: 93883.699
[1,    60] loss: 108873.974
[1,    80] loss: 100732.867
[1,   100] loss: 98339.222
[1,   120] loss: 88561.613
[1,   140] loss: 101456.404
[1,   160] loss: 108830.071
[1,   180] loss: 103075.093
[1,   200] loss: 119559.708
[1,   220] loss: 133156.415
[1,   240] loss: 129504.295
[1,   260] loss: 126516.743
[1,   280] loss: 117558.906
[1,   300] loss: 109907.218
[1,   320] loss: 103051.187
[1,   340] loss: 96988.514
[1,   360] loss: 92119.591
[1,   380] loss: 87993.005
[1,   400] loss: 83672.445
[1,   420] loss: 80029.126
[1,   440] loss: 77358.090
[1,   460] loss: 74620.341
[1,   480] loss: 71741.283
[1,   500] loss: 69709.488
[1,   520] loss: 68156.009
[1,   540] loss: 65639.140
[1,   560] loss: 63311.400
[1,   580] loss: 61432.057
[1,   600] loss: 59664.794
[1,   620] loss: 60517.473
[1,   640] loss: 62240.147
[1,   660] loss: 60959.602
[1,   680] loss: 60174.716
[1,   700] loss: 59374.648
[1,   720] loss: 57791.040
[1,   740] loss: 56399.265
[1,   760] loss: 54998.446
[1,   780] loss: 53609.064
[1,   800] loss: 52280.800
[1,   820] loss: 51532.036
[1,   840] loss: 50555.273
[1,   860] loss: 50048.774
[1,   880] loss: 50307.455
[1,   900] loss: 50108.360
[1,   920] loss: 50133.325
[1,   940] loss: 49735.810
[1,   960] loss: 48834.063
[1,   980] loss: 47849.263
[1,  1000] loss: 47106.431
[1,  1020] loss: 46266.432
[1,  1040] loss: 45449.659
[1,  1060] loss: 44680.508
[1,  1080] loss: 43999.754
[1,  1100] loss: 43688.013
[1,  1120] loss: 43307.034
[1,  1140] loss: 42859.747
[1,  1160] loss: 42448.505
[1,  1180] loss: 42315.771
[1,  1200] loss: 42381.708
[1,  1220] loss: 42386.007
[1,  1240] loss: 42148.928
[1,  1260] loss: 41889.955
[1,  1280] loss: 41602.869
[1,  1300] loss: 41159.325
[1,  1320] loss: 40588.644
[1,  1340] loss: 40192.640
[1,  1360] loss: 39790.496
[1,  1380] loss: 39276.321
[1,  1400] loss: 38790.254
[1,  1420] loss: 38407.232
[1,  1440] loss: 38198.146
[1,  1460] loss: 38028.655
[1,  1480] loss: 37789.120
[1,  1500] loss: 37476.474
[1,  1520] loss: 37086.430
[1,  1540] loss: 36654.622
[1,  1560] loss: 36212.668
[1,  1580] loss: 35781.662
[1,  1600] loss: 35337.858
[1,  1620] loss: 34911.277
[1,  1640] loss: 34490.210
[1,  1660] loss: 34305.143
[1,  1680] loss: 39463.813
[1,  1700] loss: 43616.116
[1,  1720] loss: 47181.965
[1,  1740] loss: 51832.154
[1,  1760] loss: 53709.689
[1,  1780] loss: 53869.996
[1,  1800] loss: 53797.862
[1,  1820] loss: 53493.766
[1,  1840] loss: 53535.549
[1,  1860] loss: 55337.584
[1,  1880] loss: 56080.165
[1,  1900] loss: 57864.452
[1,  1920] loss: 60749.076
[1,  1940] loss: 64428.694
[1,  1960] loss: 66962.027
[1,  1980] loss: 67809.575
[1,  2000] loss: 67743.773
[1,  2020] loss: 69137.683
[1,  2040] loss: 71717.681
[1,  2060] loss: 73134.500
[1,  2080] loss: 75256.046
[1,  2100] loss: 76924.795
[1,  2120] loss: 79219.293
[1,  2140] loss: 82913.483
[1,  2160] loss: 82933.073
[1,  2180] loss: 82405.362
[1,  2200] loss: 81696.334
[1,  2220] loss: 81059.282
[1,  2240] loss: 80539.449
[1,  2260] loss: 80097.606
[1,  2280] loss: 79486.909
[1,  2300] loss: 78812.932
[1,  2320] loss: 79638.814
[1,  2340] loss: 80744.664
[1,  2360] loss: 80134.180
[1,  2380] loss: 79599.338
[1,  2400] loss: 78985.355
[1,  2420] loss: 79166.922
[1,  2440] loss: 80080.960
[1,  2460] loss: 79943.681
[1,  2480] loss: 79455.049
[1,  2500] loss: 78925.326
[1,  2520] loss: 78328.488
[1,  2540] loss: 77755.861
[1,  2560] loss: 77218.004
[1,  2580] loss: 76971.206
[1,  2600] loss: 76759.804
[1,  2620] loss: 76299.438
[1,  2640] loss: 75760.661
[1,  2660] loss: 75287.562
[1,  2680] loss: 75250.469
[1,  2700] loss: 74740.683
[1,  2720] loss: 74306.945
[1,  2740] loss: 73923.803
[1,  2760] loss: 73752.940
[1,  2780] loss: 74311.579
[1,  2800] loss: 74839.257
[1,  2820] loss: 74381.960
[1,  2840] loss: 73947.536
[1,  2860] loss: 73517.713
[1,  2880] loss: 73047.797
[1,  2900] loss: 72722.539
[1,  2920] loss: 72307.034
[1,  2940] loss: 71846.449
[1,  2960] loss: 71461.417
[1,  2980] loss: 71012.823
[1,  3000] loss: 70839.354
[1,  3020] loss: 70630.280
[1,  3040] loss: 70189.693
[1,  3060] loss: 69819.114
[1,  3080] loss: 69789.451
[1,  3100] loss: 69629.923
[1,  3120] loss: 69464.515
[1,  3140] loss: 69442.227
[1,  3160] loss: 69544.113
[1,  3180] loss: 69295.351
[1,  3200] loss: 68922.306
[1,  3220] loss: 68513.157
[1,  3240] loss: 68288.922
[1,  3260] loss: 68124.648
[1,  3280] loss: 67829.266
[1,  3300] loss: 67503.996
[1,  3320] loss: 67382.005
[1,  3340] loss: 67715.634
[1,  3360] loss: 67909.271
