cuda:  1
color_space: YCbCr
batch_size: 1
num_epcochs: 1
learning_rate: 0.002
[1,    20] loss: 0.282
[1,    40] loss: 0.259
[1,    60] loss: 0.202
[1,    80] loss: 0.457
[1,   100] loss: 174.760
[1,   120] loss: 3597.707
[1,   140] loss: 6791.375
[1,   160] loss: 1993.839
[1,   180] loss: 805.581
[1,   200] loss: 101.820
[1,   220] loss: 28.952
[1,   240] loss: 5.787
[1,   260] loss: 2.117
[1,   280] loss: 1.481
[1,   300] loss: 0.858
[1,   320] loss: 0.561
[1,   340] loss: 0.495
[1,   360] loss: 0.515
[1,   380] loss: 0.869
[1,   400] loss: 0.638
[1,   420] loss: 0.704
[1,   440] loss: 0.536
[1,   460] loss: 0.395
[1,   480] loss: 0.740
[1,   500] loss: 0.497
[1,   520] loss: 0.395
[1,   540] loss: 0.710
[1,   560] loss: 0.657
[1,   580] loss: 0.388
[1,   600] loss: 0.806
[1,   620] loss: 0.275
[1,   640] loss: 0.619
[1,   660] loss: 0.329
[1,   680] loss: 0.282
[1,   700] loss: 0.404
[1,   720] loss: 0.545
[1,   740] loss: 0.296
[1,   760] loss: 0.271
[1,   780] loss: 0.382
[1,   800] loss: 0.216
[1,   820] loss: 0.201
[1,   840] loss: 0.264
[1,   860] loss: 0.186
[1,   880] loss: 0.227
[1,   900] loss: 0.188
[1,   920] loss: 0.237
[1,   940] loss: 0.237
[1,   960] loss: 0.260
[1,   980] loss: 0.205
[1,  1000] loss: 0.474
[1,  1020] loss: 0.188
[1,  1040] loss: 0.147
[1,  1060] loss: 0.204
[1,  1080] loss: 0.560
[1,  1100] loss: 0.217
[1,  1120] loss: 0.094
[1,  1140] loss: 0.183
[1,  1160] loss: 0.129
[1,  1180] loss: 0.088
[1,  1200] loss: 0.167
[1,  1220] loss: 0.274
[1,  1240] loss: 0.197
[1,  1260] loss: 0.193
[1,  1280] loss: 0.213
[1,  1300] loss: 0.370
[1,  1320] loss: 0.164
[1,  1340] loss: 0.185
[1,  1360] loss: 0.189
[1,  1380] loss: 0.165
[1,  1400] loss: 0.247
[1,  1420] loss: 0.194
[1,  1440] loss: 0.151
[1,  1460] loss: 0.233
[1,  1480] loss: 0.235
[1,  1500] loss: 0.131
[1,  1520] loss: 0.144
[1,  1540] loss: 0.070
[1,  1560] loss: 0.146
[1,  1580] loss: 0.202
[1,  1600] loss: 0.211
[1,  1620] loss: 0.101
[1,  1640] loss: 0.093
[1,  1660] loss: 0.162
[1,  1680] loss: 0.130
[1,  1700] loss: 0.056
[1,  1720] loss: 0.268
[1,  1740] loss: 0.055
[1,  1760] loss: 0.095
[1,  1780] loss: 0.116
[1,  1800] loss: 0.101
[1,  1820] loss: 0.263
[1,  1840] loss: 0.158
[1,  1860] loss: 0.185
[1,  1880] loss: 0.145
[1,  1900] loss: 0.054
[1,  1920] loss: 0.104
[1,  1940] loss: 0.175
[1,  1960] loss: 0.084
[1,  1980] loss: 0.110
[1,  2000] loss: 0.079
[1,  2020] loss: 0.288
[1,  2040] loss: 0.090
[1,  2060] loss: 0.137
[1,  2080] loss: 0.081
[1,  2100] loss: 0.112
[1,  2120] loss: 0.113
[1,  2140] loss: 0.099
[1,  2160] loss: 0.108
[1,  2180] loss: 0.099
[1,  2200] loss: 0.177
[1,  2220] loss: 0.098
[1,  2240] loss: 0.158
[1,  2260] loss: 0.149
[1,  2280] loss: 0.080
[1,  2300] loss: 0.141
[1,  2320] loss: 0.084
[1,  2340] loss: 0.106
[1,  2360] loss: 0.116
[1,  2380] loss: 0.274
[1,  2400] loss: 0.249
[1,  2420] loss: 0.040
[1,  2440] loss: 0.025
[1,  2460] loss: 0.052
[1,  2480] loss: 0.057
[1,  2500] loss: 0.216
[1,  2520] loss: 0.062
[1,  2540] loss: 0.148
[1,  2560] loss: 0.182
[1,  2580] loss: 0.348
[1,  2600] loss: 0.129
[1,  2620] loss: 0.019
[1,  2640] loss: 0.042
[1,  2660] loss: 0.055
[1,  2680] loss: 0.044
[1,  2700] loss: 0.041
[1,  2720] loss: 0.071
[1,  2740] loss: 0.063
[1,  2760] loss: 0.049
[1,  2780] loss: 0.126
[1,  2800] loss: 0.168
[1,  2820] loss: 0.091
[1,  2840] loss: 0.084
[1,  2860] loss: 0.120
[1,  2880] loss: 0.099
[1,  2900] loss: 0.039
[1,  2920] loss: 0.112
[1,  2940] loss: 0.077
[1,  2960] loss: 0.092
[1,  2980] loss: 0.074
[1,  3000] loss: 0.277
[1,  3020] loss: 0.136
[1,  3040] loss: 0.234
[1,  3060] loss: 0.161
[1,  3080] loss: 0.184
[1,  3100] loss: 0.039
[1,  3120] loss: 0.067
[1,  3140] loss: 0.091
[1,  3160] loss: 0.044
[1,  3180] loss: 0.142
[1,  3200] loss: 0.069
[1,  3220] loss: 0.237
[1,  3240] loss: 0.149
[1,  3260] loss: 0.100
[1,  3280] loss: 0.071
[1,  3300] loss: 0.066
[1,  3320] loss: 0.104
[1,  3340] loss: 0.080
[1,  3360] loss: 0.026
[1,  3380] loss: 0.207
[1,  3400] loss: 0.078
[1,  3420] loss: 0.049
[1,  3440] loss: 0.063
[1,  3460] loss: 0.089
[1,  3480] loss: 0.135
[1,  3500] loss: 0.141
[1,  3520] loss: 0.123
[1,  3540] loss: 0.125
[1,  3560] loss: 0.258
[1,  3580] loss: 0.071
[1,  3600] loss: 0.027
[1,  3620] loss: 0.044
[1,  3640] loss: 0.326
[1,  3660] loss: 0.110
[1,  3680] loss: 0.060
[1,  3700] loss: 0.172
[1,  3720] loss: 0.100
[1,  3740] loss: 0.030
[1,  3760] loss: 0.085
[1,  3780] loss: 0.147
[1,  3800] loss: 0.023
[1,  3820] loss: 0.168
[1,  3840] loss: 0.060
[1,  3860] loss: 0.045
[1,  3880] loss: 0.065
[1,  3900] loss: 0.105
[1,  3920] loss: 0.157
[1,  3940] loss: 0.054
[1,  3960] loss: 0.051
[1,  3980] loss: 0.061
[1,  4000] loss: 0.069
[1,  4020] loss: 0.128
[1,  4040] loss: 0.052
[1,  4060] loss: 0.064
[1,  4080] loss: 0.129
[1,  4100] loss: 0.085
[1,  4120] loss: 0.014
[1,  4140] loss: 0.022
[1,  4160] loss: 0.120
[1,  4180] loss: 0.080
[1,  4200] loss: 0.100
[1,  4220] loss: 0.159
[1,  4240] loss: 0.089
[1,  4260] loss: 0.173
[1,  4280] loss: 0.089
[1,  4300] loss: 0.021
[1,  4320] loss: 0.267
[1,  4340] loss: 0.321
[1,  4360] loss: 0.143
[1,  4380] loss: 0.065
[1,  4400] loss: 0.186
[1,  4420] loss: 0.156
[1,  4440] loss: 0.372
[1,  4460] loss: 0.053
[1,  4480] loss: 0.059
[1,  4500] loss: 0.051
[1,  4520] loss: 0.056
[1,  4540] loss: 0.032
[1,  4560] loss: 0.068
[1,  4580] loss: 0.133
[1,  4600] loss: 0.089
[1,  4620] loss: 0.078
[1,  4640] loss: 0.081
[1,  4660] loss: 0.056
[1,  4680] loss: 0.114
[1,  4700] loss: 0.049
[1,  4720] loss: 0.019
[1,  4740] loss: 0.022
[1,  4760] loss: 0.126
[1,  4780] loss: 0.097
[1,  4800] loss: 0.046
[1,  4820] loss: 0.055
[1,  4840] loss: 0.009
[1,  4860] loss: 0.071
[1,  4880] loss: 0.112
[1,  4900] loss: 0.108
[1,  4920] loss: 0.151
[1,  4940] loss: 0.156
[1,  4960] loss: 0.082
[1,  4980] loss: 0.157
[1,  5000] loss: 0.096
[1,  5020] loss: 0.022
[1,  5040] loss: 0.068
[1,  5060] loss: 0.024
[1,  5080] loss: 0.077
[1,  5100] loss: 0.113
[1,  5120] loss: 0.022
[1,  5140] loss: 0.033
[1,  5160] loss: 0.131
[1,  5180] loss: 0.067
[1,  5200] loss: 0.286
[1,  5220] loss: 0.022
[1,  5240] loss: 0.124
[1,  5260] loss: 0.046
[1,  5280] loss: 0.073
[1,  5300] loss: 0.217
[1,  5320] loss: 0.019
[1,  5340] loss: 0.044
[1,  5360] loss: 0.008
[1,  5380] loss: 0.028
[1,  5400] loss: 0.026
[1,  5420] loss: 0.045
[1,  5440] loss: 0.092
[1,  5460] loss: 0.070
[1,  5480] loss: 0.067
[1,  5500] loss: 0.039
[1,  5520] loss: 0.186
[1,  5540] loss: 0.258
[1,  5560] loss: 0.040
[1,  5580] loss: 0.101
[1,  5600] loss: 0.051
[1,  5620] loss: 0.041
[1,  5640] loss: 0.201
[1,  5660] loss: 0.072
[1,  5680] loss: 0.090
[1,  5700] loss: 0.031
[1,  5720] loss: 0.050
[1,  5740] loss: 0.091
[1,  5760] loss: 0.053
[1,  5780] loss: 0.078
[1,  5800] loss: 0.031
[1,  5820] loss: 0.018
[1,  5840] loss: 0.067
[1,  5860] loss: 0.017
[1,  5880] loss: 0.057
[1,  5900] loss: 0.032
[1,  5920] loss: 0.081
[1,  5940] loss: 0.276
[1,  5960] loss: 0.094
[1,  5980] loss: 0.030
[1,  6000] loss: 0.035
[1,  6020] loss: 0.119
[1,  6040] loss: 0.243
[1,  6060] loss: 0.115
[1,  6080] loss: 0.082
[1,  6100] loss: 0.023
[1,  6120] loss: 0.023
[1,  6140] loss: 0.149
[1,  6160] loss: 0.065
[1,  6180] loss: 0.073
[1,  6200] loss: 0.083
[1,  6220] loss: 0.098
[1,  6240] loss: 0.064
[1,  6260] loss: 0.020
[1,  6280] loss: 0.092
[1,  6300] loss: 0.149
[1,  6320] loss: 0.032
[1,  6340] loss: 0.118
[1,  6360] loss: 0.082
[1,  6380] loss: 0.060
[1,  6400] loss: 0.053
[1,  6420] loss: 0.071
[1,  6440] loss: 0.209
[1,  6460] loss: 0.196
[1,  6480] loss: 0.087
[1,  6500] loss: 0.038
[1,  6520] loss: 0.088
[1,  6540] loss: 0.080
[1,  6560] loss: 0.028
[1,  6580] loss: 0.041
[1,  6600] loss: 0.134
[1,  6620] loss: 0.183
[1,  6640] loss: 0.048
[1,  6660] loss: 0.121
[1,  6680] loss: 0.049
[1,  6700] loss: 0.141
[1,  6720] loss: 0.046
[1,  6740] loss: 0.049
[1,  6760] loss: 0.107
[1,  6780] loss: 0.045
[1,  6800] loss: 0.044
[1,  6820] loss: 0.109
[1,  6840] loss: 0.199
[1,  6860] loss: 0.052
[1,  6880] loss: 0.122
[1,  6900] loss: 0.025
[1,  6920] loss: 0.014
[1,  6940] loss: 0.055
[1,  6960] loss: 0.060
[1,  6980] loss: 0.060
[1,  7000] loss: 0.093
[1,  7020] loss: 0.063
[1,  7040] loss: 0.089
[1,  7060] loss: 0.179
[1,  7080] loss: 0.162
[1,  7100] loss: 0.103
[1,  7120] loss: 0.192
[1,  7140] loss: 0.027
[1,  7160] loss: 0.085
[1,  7180] loss: 0.118
[1,  7200] loss: 0.121
[1,  7220] loss: 0.091
[1,  7240] loss: 0.138
[1,  7260] loss: 0.044
[1,  7280] loss: 0.062
[1,  7300] loss: 0.220
[1,  7320] loss: 0.088
[1,  7340] loss: 0.050
[1,  7360] loss: 0.027
[1,  7380] loss: 0.059
[1,  7400] loss: 0.055
[1,  7420] loss: 0.173
[1,  7440] loss: 0.068
[1,  7460] loss: 0.065
[1,  7480] loss: 0.091
[1,  7500] loss: 0.036
[1,  7520] loss: 0.058
[1,  7540] loss: 0.171
[1,  7560] loss: 0.022
[1,  7580] loss: 0.058
[1,  7600] loss: 0.023
[1,  7620] loss: 0.035
[1,  7640] loss: 0.084
[1,  7660] loss: 0.045
[1,  7680] loss: 0.023
[1,  7700] loss: 0.137
[1,  7720] loss: 0.047
[1,  7740] loss: 0.065
[1,  7760] loss: 0.038
[1,  7780] loss: 0.072
[1,  7800] loss: 0.038
[1,  7820] loss: 0.068
[1,  7840] loss: 0.174
[1,  7860] loss: 0.085
[1,  7880] loss: 0.168
[1,  7900] loss: 0.090
[1,  7920] loss: 0.018
[1,  7940] loss: 0.033
[1,  7960] loss: 0.083
[1,  7980] loss: 0.071
[1,  8000] loss: 0.150
[1,  8020] loss: 0.056
[1,  8040] loss: 0.188
[1,  8060] loss: 0.579
[1,  8080] loss: 0.889
[1,  8100] loss: 52.375
[1,  8120] loss: 4099046146.289
[1,  8140] loss: 185135547503.825
[1,  8160] loss: 98032373299.200
[1,  8180] loss: 49021427960.000
[1,  8200] loss: 6994611682.200
[1,  8220] loss: 837774527.415
[1,  8240] loss: 192246660.530
[1,  8260] loss: 82887808.602
[1,  8280] loss: 25738698.307
[1,  8300] loss: 32633095.466
[1,  8320] loss: 20018636.991
[1,  8340] loss: 13913331.128
[1,  8360] loss: 18037178.250
[1,  8380] loss: 13807827.360
[1,  8400] loss: 8172347.336
[1,  8420] loss: 10015656.386
[1,  8440] loss: 13754023.849
[1,  8460] loss: 8527260.056
[1,  8480] loss: 8491592.904
[1,  8500] loss: 9854188.639
[1,  8520] loss: 12246187.540
[1,  8540] loss: 5588008.689
[1,  8560] loss: 9792624.109
[1,  8580] loss: 9087345.549
[1,  8600] loss: 5108563.004
[1,  8620] loss: 2864015.872
[1,  8640] loss: 5003672.867
[1,  8660] loss: 4225759.021
[1,  8680] loss: 4260134.230
[1,  8700] loss: 4565041.000
[1,  8720] loss: 6099727.755
[1,  8740] loss: 5482010.817
[1,  8760] loss: 10869413.074
[1,  8780] loss: 4700237.218
[1,  8800] loss: 3952054.714
[1,  8820] loss: 4367378.395
[1,  8840] loss: 9084457.084
[1,  8860] loss: 8837219.373
[1,  8880] loss: 4352566.156
[1,  8900] loss: 3994453.555
[1,  8920] loss: 3950985.231
[1,  8940] loss: 3107469.464
[1,  8960] loss: 4791094.435
[1,  8980] loss: 5337068.096
[1,  9000] loss: 2900880.884
[1,  9020] loss: 4243367.890
[1,  9040] loss: 2499296.840
[1,  9060] loss: 5416188.339
[1,  9080] loss: 5363074.518
[1,  9100] loss: 3205975.468
[1,  9120] loss: 4348896.211
[1,  9140] loss: 4356649.795
[1,  9160] loss: 3503271.652
[1,  9180] loss: 4549634.416
[1,  9200] loss: 5882484.282
[1,  9220] loss: 3421121.974
[1,  9240] loss: 2444702.561
[1,  9260] loss: 2127970.157
[1,  9280] loss: 3891586.902
[1,  9300] loss: 3231476.260
[1,  9320] loss: 4352624.002
[1,  9340] loss: 1925140.683
[1,  9360] loss: 2899350.483
[1,  9380] loss: 4441509.594
[1,  9400] loss: 2572581.990
[1,  9420] loss: 2524490.271
[1,  9440] loss: 3963783.205
[1,  9460] loss: 2970052.395
[1,  9480] loss: 2615905.298
[1,  9500] loss: 1546181.444
[1,  9520] loss: 2334106.002
[1,  9540] loss: 1542114.271
[1,  9560] loss: 1454141.050
[1,  9580] loss: 1839429.892
[1,  9600] loss: 1877507.242
[1,  9620] loss: 1948486.231
[1,  9640] loss: 2007061.737
[1,  9660] loss: 2575754.291
[1,  9680] loss: 2178594.889
[1,  9700] loss: 2483561.164
[1,  9720] loss: 2035532.134
[1,  9740] loss: 1268874.873
[1,  9760] loss: 1485464.567
[1,  9780] loss: 1808994.653
[1,  9800] loss: 2059832.883
[1,  9820] loss: 1935011.015
[1,  9840] loss: 2232042.762
[1,  9860] loss: 919021.342
[1,  9880] loss: 958408.621
[1,  9900] loss: 1240793.102
[1,  9920] loss: 1783578.916
[1,  9940] loss: 1789582.378
[1,  9960] loss: 1973651.587
[1,  9980] loss: 1173845.901
[1, 10000] loss: 936462.922
[1, 10020] loss: 809382.943
[1, 10040] loss: 1254162.319
[1, 10060] loss: 2664797.254
[1, 10080] loss: 653821.449
[1, 10100] loss: 3079774.019
[1, 10120] loss: 1083618.746
[1, 10140] loss: 806254.055
[1, 10160] loss: 672454.098
[1, 10180] loss: 886984.255
[1, 10200] loss: 1865286.081
[1, 10220] loss: 1341748.747
[1, 10240] loss: 1354986.478
[1, 10260] loss: 1558536.848
[1, 10280] loss: 585569.229
[1, 10300] loss: 883016.383
[1, 10320] loss: 2501844.659
[1, 10340] loss: 1004662.251
[1, 10360] loss: 1173153.854
[1, 10380] loss: 913704.515
[1, 10400] loss: 1752327.059
[1, 10420] loss: 1076069.931
[1, 10440] loss: 1339142.997
[1, 10460] loss: 979391.726
[1, 10480] loss: 1802739.024
[1, 10500] loss: 809373.222
[1, 10520] loss: 1587349.187
[1, 10540] loss: 1060101.931
[1, 10560] loss: 810087.847
[1, 10580] loss: 1123624.921
[1, 10600] loss: 415565.236
[1, 10620] loss: 788156.937
[1, 10640] loss: 1429053.340
[1, 10660] loss: 1038385.028
[1, 10680] loss: 1145589.984
[1, 10700] loss: 786445.693
[1, 10720] loss: 1250852.458
[1, 10740] loss: 1041153.337
[1, 10760] loss: 981604.207
[1, 10780] loss: 2088814.322
[1, 10800] loss: 594923.194
[1, 10820] loss: 541409.566
[1, 10840] loss: 803758.839
[1, 10860] loss: 661375.094
[1, 10880] loss: 643847.826
[1, 10900] loss: 1122939.222
[1, 10920] loss: 327096.622
[1, 10940] loss: 686790.135
[1, 10960] loss: 732088.976
[1, 10980] loss: 602498.539
[1, 11000] loss: 781646.205
[1, 11020] loss: 493239.599
[1, 11040] loss: 757201.052
[1, 11060] loss: 519114.351
[1, 11080] loss: 387819.037
[1, 11100] loss: 532955.877
[1, 11120] loss: 622714.404
[1, 11140] loss: 448010.755
[1, 11160] loss: 745053.338
[1, 11180] loss: 925793.544
[1, 11200] loss: 715063.016
[1, 11220] loss: 858305.049
[1, 11240] loss: 640374.353
[1, 11260] loss: 915752.457
[1, 11280] loss: 561158.240
[1, 11300] loss: 601260.502
[1, 11320] loss: 462876.581
[1, 11340] loss: 806495.481
[1, 11360] loss: 1206218.537
[1, 11380] loss: 352502.679
[1, 11400] loss: 458455.314
[1, 11420] loss: 676831.332
[1, 11440] loss: 913388.602
[1, 11460] loss: 890274.467
[1, 11480] loss: 446940.464
[1, 11500] loss: 632414.228
[1, 11520] loss: 715823.105
[1, 11540] loss: 553029.136
[1, 11560] loss: 263445.226
[1, 11580] loss: 436605.503
[1, 11600] loss: 771958.725
[1, 11620] loss: 405512.841
[1, 11640] loss: 774770.795
[1, 11660] loss: 418071.353
[1, 11680] loss: 338429.261
[1, 11700] loss: 581838.217
[1, 11720] loss: 573217.342
[1, 11740] loss: 391566.001
[1, 11760] loss: 714648.101
[1, 11780] loss: 496908.364
[1, 11800] loss: 1210790.950
[1, 11820] loss: 187877.303
[1, 11840] loss: 237594.094
[1, 11860] loss: 600011.356
[1, 11880] loss: 417179.432
[1, 11900] loss: 596399.778
[1, 11920] loss: 389404.702
[1, 11940] loss: 679695.025
[1, 11960] loss: 523297.218
[1, 11980] loss: 503557.530
[1, 12000] loss: 426602.273
[1, 12020] loss: 310981.753
[1, 12040] loss: 377494.809
[1, 12060] loss: 725100.024
[1, 12080] loss: 326798.327
[1, 12100] loss: 315037.482
[1, 12120] loss: 180823.405
[1, 12140] loss: 387901.022
[1, 12160] loss: 208003.012
[1, 12180] loss: 449421.294
[1, 12200] loss: 640522.985
[1, 12220] loss: 374796.226
[1, 12240] loss: 280260.338
[1, 12260] loss: 189300.367
[1, 12280] loss: 316880.862
[1, 12300] loss: 237333.917
[1, 12320] loss: 279029.117
[1, 12340] loss: 312965.397
[1, 12360] loss: 393040.768
[1, 12380] loss: 676890.609
[1, 12400] loss: 321699.469
[1, 12420] loss: 377204.804
[1, 12440] loss: 171422.881
[1, 12460] loss: 214336.259
[1, 12480] loss: 450812.271
[1, 12500] loss: 413774.453
[1, 12520] loss: 354117.368
[1, 12540] loss: 312327.856
[1, 12560] loss: 356857.444
[1, 12580] loss: 311174.597
[1, 12600] loss: 429971.187
[1, 12620] loss: 301578.002
[1, 12640] loss: 267096.694
[1, 12660] loss: 200304.996
[1, 12680] loss: 233828.354
[1, 12700] loss: 273693.728
[1, 12720] loss: 331201.601
[1, 12740] loss: 217738.370
[1, 12760] loss: 264547.423
[1, 12780] loss: 422710.447
[1, 12800] loss: 500686.513
[1, 12820] loss: 255747.927
[1, 12840] loss: 164338.572
[1, 12860] loss: 308949.706
[1, 12880] loss: 234098.797
[1, 12900] loss: 512756.375
[1, 12920] loss: 185419.577
[1, 12940] loss: 256735.633
[1, 12960] loss: 268845.296
[1, 12980] loss: 178139.625
[1, 13000] loss: 338881.399
[1, 13020] loss: 316321.041
[1, 13040] loss: 473089.428
[1, 13060] loss: 213003.346
[1, 13080] loss: 311966.044
[1, 13100] loss: 157253.852
[1, 13120] loss: 205127.610
[1, 13140] loss: 204452.049
[1, 13160] loss: 224493.232
[1, 13180] loss: 255276.763
[1, 13200] loss: 382502.767
[1, 13220] loss: 226104.859
[1, 13240] loss: 237432.058
[1, 13260] loss: 232454.408
[1, 13280] loss: 385505.358
[1, 13300] loss: 189488.105
[1, 13320] loss: 241808.728
[1, 13340] loss: 117218.656
[1, 13360] loss: 151054.074
[1, 13380] loss: 306931.942
[1, 13400] loss: 272471.473
[1, 13420] loss: 174896.603
[1, 13440] loss: 120437.848
[1, 13460] loss: 180356.598
[1, 13480] loss: 135450.178
[1, 13500] loss: 251983.912
[1, 13520] loss: 145558.823
[1, 13540] loss: 190769.845
[1, 13560] loss: 161105.721
[1, 13580] loss: 340673.481
[1, 13600] loss: 123140.068
[1, 13620] loss: 169849.271
[1, 13640] loss: 171395.840
[1, 13660] loss: 79800.362
[1, 13680] loss: 370906.414
[1, 13700] loss: 168502.489
[1, 13720] loss: 228560.907
[1, 13740] loss: 97383.206
[1, 13760] loss: 98522.787
[1, 13780] loss: 99237.242
[1, 13800] loss: 197656.744
[1, 13820] loss: 128829.296
[1, 13840] loss: 194895.422
[1, 13860] loss: 81045.476
[1, 13880] loss: 120373.557
[1, 13900] loss: 50858.490
[1, 13920] loss: 187653.611
[1, 13940] loss: 93728.960
[1, 13960] loss: 251902.857
[1, 13980] loss: 135398.215
[1, 14000] loss: 66144.477
[1, 14020] loss: 193973.047
[1, 14040] loss: 95118.717
[1, 14060] loss: 154176.741
[1, 14080] loss: 149822.333
[1, 14100] loss: 141329.311
[1, 14120] loss: 140356.091
[1, 14140] loss: 72435.554
[1, 14160] loss: 127785.491
[1, 14180] loss: 119546.992
[1, 14200] loss: 101183.713
[1, 14220] loss: 115948.060
[1, 14240] loss: 118711.861
[1, 14260] loss: 77954.198
[1, 14280] loss: 109733.469
[1, 14300] loss: 233889.144
[1, 14320] loss: 127903.935
[1, 14340] loss: 146610.222
[1, 14360] loss: 114619.073
[1, 14380] loss: 72767.488
[1, 14400] loss: 48436.141
[1, 14420] loss: 106637.810
[1, 14440] loss: 140668.729
[1, 14460] loss: 188767.276
[1, 14480] loss: 137455.579
[1, 14500] loss: 76073.939
[1, 14520] loss: 86124.809
[1, 14540] loss: 109149.515
[1, 14560] loss: 197243.174
[1, 14580] loss: 122673.666
[1, 14600] loss: 201895.782
[1, 14620] loss: 91511.204
[1, 14640] loss: 163505.957
[1, 14660] loss: 122355.714
[1, 14680] loss: 212171.536
[1, 14700] loss: 165817.035
[1, 14720] loss: 120180.092
[1, 14740] loss: 108076.257
[1, 14760] loss: 92526.095
[1, 14780] loss: 103741.320
[1, 14800] loss: 52975.395
[1, 14820] loss: 129099.259
[1, 14840] loss: 80552.240
[1, 14860] loss: 64009.292
[1, 14880] loss: 69557.343
[1, 14900] loss: 151375.469
[1, 14920] loss: 80512.435
[1, 14940] loss: 76538.189
[1, 14960] loss: 33818.062
[1, 14980] loss: 44828.117
[1, 15000] loss: 52874.918
[1, 15020] loss: 82389.077
[1, 15040] loss: 59150.019
[1, 15060] loss: 119980.364
[1, 15080] loss: 75726.334
[1, 15100] loss: 28764.023
[1, 15120] loss: 48808.888
[1, 15140] loss: 48172.874
[1, 15160] loss: 64319.527
[1, 15180] loss: 24370.498
[1, 15200] loss: 96668.339
[1, 15220] loss: 116285.727
[1, 15240] loss: 65646.533
[1, 15260] loss: 79217.694
[1, 15280] loss: 64295.968
[1, 15300] loss: 62837.884
[1, 15320] loss: 61228.566
[1, 15340] loss: 55953.959
[1, 15360] loss: 73364.041
[1, 15380] loss: 68014.777
[1, 15400] loss: 73714.475
[1, 15420] loss: 75497.630
[1, 15440] loss: 84557.621
[1, 15460] loss: 72970.960
[1, 15480] loss: 52758.071
[1, 15500] loss: 73286.745
[1, 15520] loss: 40416.601
[1, 15540] loss: 39914.731
[1, 15560] loss: 46808.811
[1, 15580] loss: 75007.476
[1, 15600] loss: 88887.869
[1, 15620] loss: 49590.250
[1, 15640] loss: 109559.202
[1, 15660] loss: 49521.477
[1, 15680] loss: 121992.025
[1, 15700] loss: 43614.068
[1, 15720] loss: 51523.215
[1, 15740] loss: 56166.935
[1, 15760] loss: 52382.686
[1, 15780] loss: 35006.020
[1, 15800] loss: 52772.184
[1, 15820] loss: 46493.834
[1, 15840] loss: 53600.786
[1, 15860] loss: 36587.856
[1, 15880] loss: 16478.268
[1, 15900] loss: 37824.167
[1, 15920] loss: 26992.264
[1, 15940] loss: 75117.457
[1, 15960] loss: 33600.220
[1, 15980] loss: 32991.564
[1, 16000] loss: 57978.515
[1, 16020] loss: 39931.426
[1, 16040] loss: 40316.458
[1, 16060] loss: 31444.611
[1, 16080] loss: 25967.799
[1, 16100] loss: 22078.972
[1, 16120] loss: 82976.959
[1, 16140] loss: 38964.752
[1, 16160] loss: 45685.964
[1, 16180] loss: 25950.910
[1, 16200] loss: 26084.595
[1, 16220] loss: 64065.664
[1, 16240] loss: 33533.216
[1, 16260] loss: 35162.224
[1, 16280] loss: 40902.741
[1, 16300] loss: 42664.683
[1, 16320] loss: 10619.252
[1, 16340] loss: 22061.631
[1, 16360] loss: 27647.642
[1, 16380] loss: 24174.271
[1, 16400] loss: 36177.252
[1, 16420] loss: 33067.852
[1, 16440] loss: 43715.697
[1, 16460] loss: 36016.158
[1, 16480] loss: 44742.340
[1, 16500] loss: 46774.595
[1, 16520] loss: 51772.395
[1, 16540] loss: 61133.873
[1, 16560] loss: 29758.410
[1, 16580] loss: 30655.661
[1, 16600] loss: 37557.525
[1, 16620] loss: 27222.774
[1, 16640] loss: 37760.474
[1, 16660] loss: 25595.139
[1, 16680] loss: 21163.680
[1, 16700] loss: 50549.018
[1, 16720] loss: 28061.438
[1, 16740] loss: 52285.133
[1, 16760] loss: 63361.233
[1, 16780] loss: 50974.058
[1, 16800] loss: 36485.551
[1, 16820] loss: 36270.154
[1, 16840] loss: 37927.185
[1, 16860] loss: 30835.146
[1, 16880] loss: 30249.032
[1, 16900] loss: 27892.833
[1, 16920] loss: 39901.362
[1, 16940] loss: 25678.315
[1, 16960] loss: 15487.703
[1, 16980] loss: 31779.988
[1, 17000] loss: 45826.338
[1, 17020] loss: 26804.631
[1, 17040] loss: 40113.278
[1, 17060] loss: 20919.580
[1, 17080] loss: 33741.621
[1, 17100] loss: 24090.678
[1, 17120] loss: 29769.472
[1, 17140] loss: 21249.141
[1, 17160] loss: 26797.401
[1, 17180] loss: 21659.266
[1, 17200] loss: 20230.691
[1, 17220] loss: 21051.262
[1, 17240] loss: 29862.249
[1, 17260] loss: 22976.717
[1, 17280] loss: 29993.162
[1, 17300] loss: 38983.370
[1, 17320] loss: 42917.299
[1, 17340] loss: 18302.490
[1, 17360] loss: 23789.372
[1, 17380] loss: 24020.765
[1, 17400] loss: 31612.179
[1, 17420] loss: 16405.125
[1, 17440] loss: 18452.591
[1, 17460] loss: 11112.618
[1, 17480] loss: 33249.664
[1, 17500] loss: 23435.958
[1, 17520] loss: 21426.127
[1, 17540] loss: 25159.488
[1, 17560] loss: 35503.510
[1, 17580] loss: 24351.797
[1, 17600] loss: 40618.412
[1, 17620] loss: 26661.720
[1, 17640] loss: 55067.188
[1, 17660] loss: 54177.077
[1, 17680] loss: 42312.924
[1, 17700] loss: 29171.672
[1, 17720] loss: 11389.252
[1, 17740] loss: 49638.080
[1, 17760] loss: 38676.700
[1, 17780] loss: 20132.520
[1, 17800] loss: 25019.605
[1, 17820] loss: 48541.991
[1, 17840] loss: 22980.471
[1, 17860] loss: 29196.319
[1, 17880] loss: 22051.565
[1, 17900] loss: 13166.099
[1, 17920] loss: 15607.534
[1, 17940] loss: 28246.247
[1, 17960] loss: 19494.089
[1, 17980] loss: 26114.968
[1, 18000] loss: 14281.489
[1, 18020] loss: 28828.912
[1, 18040] loss: 13009.309
[1, 18060] loss: 10316.676
[1, 18080] loss: 16430.570
[1, 18100] loss: 18449.304
[1, 18120] loss: 30442.571
[1, 18140] loss: 23800.994
[1, 18160] loss: 20086.232
[1, 18180] loss: 23077.850
[1, 18200] loss: 16108.370
[1, 18220] loss: 17681.889
[1, 18240] loss: 37683.558
[1, 18260] loss: 11583.983
[1, 18280] loss: 12320.036
[1, 18300] loss: 11769.436
[1, 18320] loss: 5451.859
[1, 18340] loss: 22517.424
[1, 18360] loss: 11258.575
[1, 18380] loss: 18186.156
[1, 18400] loss: 21820.365
[1, 18420] loss: 9459.926
[1, 18440] loss: 9571.532
[1, 18460] loss: 14306.972
[1, 18480] loss: 20061.846
[1, 18500] loss: 24051.560
[1, 18520] loss: 6527.292
[1, 18540] loss: 16114.035
[1, 18560] loss: 12479.138
[1, 18580] loss: 19837.954
[1, 18600] loss: 20003.925
[1, 18620] loss: 13401.897
[1, 18640] loss: 8181.403
[1, 18660] loss: 5599.021
[1, 18680] loss: 16730.821
[1, 18700] loss: 29340.481
[1, 18720] loss: 14155.761
[1, 18740] loss: 19378.328
[1, 18760] loss: 11836.275
[1, 18780] loss: 16610.677
[1, 18800] loss: 15777.498
[1, 18820] loss: 9648.824
[1, 18840] loss: 7833.954
[1, 18860] loss: 5091.378
[1, 18880] loss: 20637.087
[1, 18900] loss: 16562.218
[1, 18920] loss: 16023.712
[1, 18940] loss: 19145.510
[1, 18960] loss: 13743.445
[1, 18980] loss: 13467.637
[1, 19000] loss: 22746.769
[1, 19020] loss: 18170.476
[1, 19040] loss: 63437.967
[1, 19060] loss: 36411.952
[1, 19080] loss: 10811.245
[1, 19100] loss: 12819.089
[1, 19120] loss: 11709.416
[1, 19140] loss: 12784.539
[1, 19160] loss: 21947.211
[1, 19180] loss: 25098.522
[1, 19200] loss: 25582.764
[1, 19220] loss: 17644.300
[1, 19240] loss: 19335.930
[1, 19260] loss: 13430.095
[1, 19280] loss: 8228.348
[1, 19300] loss: 5056.027
[1, 19320] loss: 12038.630
[1, 19340] loss: 13145.165
[1, 19360] loss: 23056.245
[1, 19380] loss: 17465.025
[1, 19400] loss: 16657.120
[1, 19420] loss: 5061.392
[1, 19440] loss: 7047.890
[1, 19460] loss: 9193.785
[1, 19480] loss: 5481.244
[1, 19500] loss: 17108.264
[1, 19520] loss: 15272.124
[1, 19540] loss: 13070.084
[1, 19560] loss: 30643.390
[1, 19580] loss: 12151.564
[1, 19600] loss: 7292.856
[1, 19620] loss: 10411.320
[1, 19640] loss: 8056.373
[1, 19660] loss: 13136.203
[1, 19680] loss: 6072.801
[1, 19700] loss: 9231.394
[1, 19720] loss: 18693.171
[1, 19740] loss: 5702.665
[1, 19760] loss: 3671.418
[1, 19780] loss: 7908.841
[1, 19800] loss: 11345.334
[1, 19820] loss: 22050.535
[1, 19840] loss: 40844.436
[1, 19860] loss: 36332.907
[1, 19880] loss: 25515.890
[1, 19900] loss: 16488.614
[1, 19920] loss: 12572.007
[1, 19940] loss: 8615.415
[1, 19960] loss: 7292.623
[1, 19980] loss: 16094.762
[1, 20000] loss: 9608.402
[1, 20020] loss: 16436.216
[1, 20040] loss: 10681.530
[1, 20060] loss: 24643.049
[1, 20080] loss: 21065.144
[1, 20100] loss: 27239.174
[1, 20120] loss: 49983.454
[1, 20140] loss: 24381.943
[1, 20160] loss: 9419.934
[1, 20180] loss: 11076.387
[1, 20200] loss: 19122.608
[1, 20220] loss: 27634.504
[1, 20240] loss: 51529.323
[1, 20260] loss: 111264.311
[1, 20280] loss: 149511.947
[1, 20300] loss: 34503.738
[1, 20320] loss: 36720.422
[1, 20340] loss: 12746.606
[1, 20360] loss: 16174.530
[1, 20380] loss: 7939.351
[1, 20400] loss: 22766.233
[1, 20420] loss: 18756.884
[1, 20440] loss: 11867.783
[1, 20460] loss: 10894.776
[1, 20480] loss: 10038.448
[1, 20500] loss: 10444.220
[1, 20520] loss: 8511.624
[1, 20540] loss: 10668.341
[1, 20560] loss: 22189.903
[1, 20580] loss: 10049.446
[1, 20600] loss: 5146.209
[1, 20620] loss: 11542.465
[1, 20640] loss: 4228.488
[1, 20660] loss: 3366.526
[1, 20680] loss: 7256.053
[1, 20700] loss: 11042.489
[1, 20720] loss: 26947.944
[1, 20740] loss: 21808.828
[1, 20760] loss: 18508.495
[1, 20780] loss: 11777.213
[1, 20800] loss: 6043.194
[1, 20820] loss: 11613.684
[1, 20840] loss: 4958.533
[1, 20860] loss: 6637.128
[1, 20880] loss: 5583.041
[1, 20900] loss: 4696.541
[1, 20920] loss: 6775.429
[1, 20940] loss: 8512.979
[1, 20960] loss: 6927.508
[1, 20980] loss: 6826.053
[1, 21000] loss: 5562.163
[1, 21020] loss: 9014.759
[1, 21040] loss: 10079.442
[1, 21060] loss: 6240.748
[1, 21080] loss: 16759.790
[1, 21100] loss: 36324.171
[1, 21120] loss: 8573.450
[1, 21140] loss: 22816.306
[1, 21160] loss: 8897.799
[1, 21180] loss: 6642.065
[1, 21200] loss: 3714.746
[1, 21220] loss: 6409.998
[1, 21240] loss: 6223.301
[1, 21260] loss: 5662.724
[1, 21280] loss: 5670.299
[1, 21300] loss: 3136.245
[1, 21320] loss: 5684.723
[1, 21340] loss: 7686.089
[1, 21360] loss: 9222.444
[1, 21380] loss: 19862.222
[1, 21400] loss: 8392.990
[1, 21420] loss: 12775.907
[1, 21440] loss: 9076.506
[1, 21460] loss: 14692.447
[1, 21480] loss: 7982.151
[1, 21500] loss: 7421.052
[1, 21520] loss: 5932.524
[1, 21540] loss: 12342.858
[1, 21560] loss: 4271.035
[1, 21580] loss: 6757.237
[1, 21600] loss: 11730.133
[1, 21620] loss: 13122.671
[1, 21640] loss: 16621.947
[1, 21660] loss: 15563.499
[1, 21680] loss: 15668.352
[1, 21700] loss: 27655.922
[1, 21720] loss: 9248.464
[1, 21740] loss: 16007.538
[1, 21760] loss: 5411.350
[1, 21780] loss: 8265.097
[1, 21800] loss: 10425.077
[1, 21820] loss: 4039.962
[1, 21840] loss: 6046.961
[1, 21860] loss: 3342.744
[1, 21880] loss: 3993.127
[1, 21900] loss: 3693.293
[1, 21920] loss: 5058.599
[1, 21940] loss: 4745.195
[1, 21960] loss: 7436.535
[1, 21980] loss: 5815.999
[1, 22000] loss: 4874.830
[1, 22020] loss: 5687.222
[1, 22040] loss: 6007.907
[1, 22060] loss: 9376.736
[1, 22080] loss: 6538.241
[1, 22100] loss: 4679.506
[1, 22120] loss: 15677.782
[1, 22140] loss: 7205.854
[1, 22160] loss: 10214.394
[1, 22180] loss: 15958.251
[1, 22200] loss: 9719.743
[1, 22220] loss: 33901.561
[1, 22240] loss: 66349.484
[1, 22260] loss: 387209.565
[1, 22280] loss: 512553.207
[1, 22300] loss: 27089293.974
[1, 22320] loss: 96052469.263
[1, 22340] loss: 79055253.128
[1, 22360] loss: 150911360.143
[1, 22380] loss: 174950327.643
[1, 22400] loss: 43492337.100
[1, 22420] loss: 6253602.069
[1, 22440] loss: 2455569.410
[1, 22460] loss: 438413.729
[1, 22480] loss: 188175.858
[1, 22500] loss: 108953.020
[1, 22520] loss: 111811.364
[1, 22540] loss: 78950.700
[1, 22560] loss: 54807.416
[1, 22580] loss: 79135.419
[1, 22600] loss: 110562.056
[1, 22620] loss: 39122.096
[1, 22640] loss: 46660.827
[1, 22660] loss: 57954.379
[1, 22680] loss: 62007.980
[1, 22700] loss: 59874.101
[1, 22720] loss: 56110.054
[1, 22740] loss: 34631.955
[1, 22760] loss: 16472.170
[1, 22780] loss: 37411.466
[1, 22800] loss: 38730.893
[1, 22820] loss: 31711.141
[1, 22840] loss: 37336.543
[1, 22860] loss: 37796.383
[1, 22880] loss: 47460.003
[1, 22900] loss: 48911.716
[1, 22920] loss: 28020.078
[1, 22940] loss: 29096.918
[1, 22960] loss: 10068.941
[1, 22980] loss: 20488.053
[1, 23000] loss: 11107.959
[1, 23020] loss: 23587.321
[1, 23040] loss: 18143.025
[1, 23060] loss: 23748.162
[1, 23080] loss: 17095.645
[1, 23100] loss: 14675.035
[1, 23120] loss: 22268.919
[1, 23140] loss: 19370.332
[1, 23160] loss: 19855.647
[1, 23180] loss: 10545.425
[1, 23200] loss: 17816.810
[1, 23220] loss: 25191.011
[1, 23240] loss: 8120.953
[1, 23260] loss: 25765.828
[1, 23280] loss: 34755.579
[1, 23300] loss: 10901.932
[1, 23320] loss: 21860.627
[1, 23340] loss: 15504.225
[1, 23360] loss: 13188.903
[1, 23380] loss: 14062.027
[1, 23400] loss: 11421.353
[1, 23420] loss: 6407.226
[1, 23440] loss: 15849.338
[1, 23460] loss: 11467.887
[1, 23480] loss: 10830.352
[1, 23500] loss: 5831.195
[1, 23520] loss: 10855.951
[1, 23540] loss: 7966.031
[1, 23560] loss: 17971.910
[1, 23580] loss: 6815.710
[1, 23600] loss: 8693.640
[1, 23620] loss: 11578.755
[1, 23640] loss: 9144.019
[1, 23660] loss: 12971.367
[1, 23680] loss: 10644.592
[1, 23700] loss: 8189.780
[1, 23720] loss: 5905.735
[1, 23740] loss: 13591.338
[1, 23760] loss: 5006.279
[1, 23780] loss: 6457.796
[1, 23800] loss: 5338.921
[1, 23820] loss: 10861.187
[1, 23840] loss: 10421.851
[1, 23860] loss: 5766.297
[1, 23880] loss: 5482.320
[1, 23900] loss: 4895.926
[1, 23920] loss: 7539.555
[1, 23940] loss: 4132.067
[1, 23960] loss: 6645.506
[1, 23980] loss: 8596.755
[1, 24000] loss: 4406.673
[1, 24020] loss: 5186.616
[1, 24040] loss: 7870.576
[1, 24060] loss: 8069.119
[1, 24080] loss: 6843.941
[1, 24100] loss: 9146.921
[1, 24120] loss: 6790.671
[1, 24140] loss: 3652.709
[1, 24160] loss: 9747.035
[1, 24180] loss: 6449.243
[1, 24200] loss: 2928.128
[1, 24220] loss: 3593.036
[1, 24240] loss: 6861.662
[1, 24260] loss: 3294.024
[1, 24280] loss: 5689.149
[1, 24300] loss: 5248.290
[1, 24320] loss: 9963.925
[1, 24340] loss: 6110.940
[1, 24360] loss: 4918.960
[1, 24380] loss: 3001.162
[1, 24400] loss: 3397.999
[1, 24420] loss: 6752.059
[1, 24440] loss: 4056.673
[1, 24460] loss: 4855.187
[1, 24480] loss: 6448.217
[1, 24500] loss: 2561.637
[1, 24520] loss: 1410.243
[1, 24540] loss: 6121.425
[1, 24560] loss: 4367.024
[1, 24580] loss: 3195.575
[1, 24600] loss: 3241.798
[1, 24620] loss: 2331.589
[1, 24640] loss: 3344.520
[1, 24660] loss: 2881.467
[1, 24680] loss: 3447.843
[1, 24700] loss: 3281.747
[1, 24720] loss: 4711.300
[1, 24740] loss: 2304.176
[1, 24760] loss: 4118.469
[1, 24780] loss: 2589.522
[1, 24800] loss: 3807.626
[1, 24820] loss: 3700.139
[1, 24840] loss: 1417.947
[1, 24860] loss: 4579.386
[1, 24880] loss: 2682.929
[1, 24900] loss: 2608.539
[1, 24920] loss: 3713.675
[1, 24940] loss: 4999.754
[1, 24960] loss: 2434.380
[1, 24980] loss: 4020.375
[1, 25000] loss: 2808.506
[1, 25020] loss: 2802.837
[1, 25040] loss: 3291.577
[1, 25060] loss: 2277.328
[1, 25080] loss: 3733.794
[1, 25100] loss: 2035.890
[1, 25120] loss: 5880.198
[1, 25140] loss: 3756.253
[1, 25160] loss: 2471.920
[1, 25180] loss: 2114.913
[1, 25200] loss: 4340.329
[1, 25220] loss: 1402.853
[1, 25240] loss: 2703.930
[1, 25260] loss: 2584.373
[1, 25280] loss: 2388.153
[1, 25300] loss: 2621.007
[1, 25320] loss: 2342.444
[1, 25340] loss: 1961.907
[1, 25360] loss: 1800.472
[1, 25380] loss: 1698.649
[1, 25400] loss: 2597.864
[1, 25420] loss: 2001.752
[1, 25440] loss: 3917.729
[1, 25460] loss: 2753.629
[1, 25480] loss: 2480.374
[1, 25500] loss: 1858.144
[1, 25520] loss: 1962.582
[1, 25540] loss: 2152.779
[1, 25560] loss: 1576.878
[1, 25580] loss: 2787.277
[1, 25600] loss: 1718.152
[1, 25620] loss: 765.726
[1, 25640] loss: 1255.635
[1, 25660] loss: 1043.974
[1, 25680] loss: 1436.350
[1, 25700] loss: 3879.277
[1, 25720] loss: 2899.657
[1, 25740] loss: 2805.518
[1, 25760] loss: 1287.818
[1, 25780] loss: 1976.779
[1, 25800] loss: 1986.606
[1, 25820] loss: 894.258
[1, 25840] loss: 1330.626
[1, 25860] loss: 1044.993
[1, 25880] loss: 1209.330
[1, 25900] loss: 1785.137
[1, 25920] loss: 6486.968
[1, 25940] loss: 1134.687
[1, 25960] loss: 1772.012
[1, 25980] loss: 1074.403
[1, 26000] loss: 846.794
[1, 26020] loss: 1019.121
[1, 26040] loss: 2792.436
[1, 26060] loss: 1405.251
[1, 26080] loss: 1326.207
[1, 26100] loss: 1087.679
[1, 26120] loss: 1913.933
[1, 26140] loss: 1751.875
[1, 26160] loss: 1404.835
[1, 26180] loss: 801.640
[1, 26200] loss: 729.812
[1, 26220] loss: 2067.631
[1, 26240] loss: 1116.724
[1, 26260] loss: 1237.675
[1, 26280] loss: 702.540
[1, 26300] loss: 1662.684
[1, 26320] loss: 1368.916
[1, 26340] loss: 1169.743
[1, 26360] loss: 1029.226
[1, 26380] loss: 1124.432
[1, 26400] loss: 2013.012
[1, 26420] loss: 1510.573
[1, 26440] loss: 1408.890
[1, 26460] loss: 927.951
[1, 26480] loss: 993.884
[1, 26500] loss: 514.350
[1, 26520] loss: 972.492
[1, 26540] loss: 791.018
[1, 26560] loss: 763.429
[1, 26580] loss: 2693.677
[1, 26600] loss: 973.084
[1, 26620] loss: 1061.156
[1, 26640] loss: 1062.085
[1, 26660] loss: 968.004
[1, 26680] loss: 485.122
[1, 26700] loss: 838.010
[1, 26720] loss: 1389.733
[1, 26740] loss: 1062.309
[1, 26760] loss: 933.091
[1, 26780] loss: 1425.938
[1, 26800] loss: 1519.209
[1, 26820] loss: 1005.648
[1, 26840] loss: 655.470
[1, 26860] loss: 769.936
[1, 26880] loss: 1639.266
[1, 26900] loss: 3720.543
[1, 26920] loss: 485.519
[1, 26940] loss: 840.179
[1, 26960] loss: 713.183
[1, 26980] loss: 652.943
[1, 27000] loss: 669.850
[1, 27020] loss: 722.180
[1, 27040] loss: 569.430
[1, 27060] loss: 915.569
[1, 27080] loss: 1257.968
[1, 27100] loss: 544.549
[1, 27120] loss: 902.826
[1, 27140] loss: 1261.818
[1, 27160] loss: 1326.849
[1, 27180] loss: 628.541
[1, 27200] loss: 340.347
[1, 27220] loss: 806.436
[1, 27240] loss: 707.009
[1, 27260] loss: 988.481
[1, 27280] loss: 663.613
[1, 27300] loss: 598.573
[1, 27320] loss: 697.394
[1, 27340] loss: 928.292
[1, 27360] loss: 842.264
[1, 27380] loss: 792.396
[1, 27400] loss: 1299.262
[1, 27420] loss: 665.183
[1, 27440] loss: 1409.994
[1, 27460] loss: 554.310
[1, 27480] loss: 583.422
[1, 27500] loss: 276.968
[1, 27520] loss: 815.927
[1, 27540] loss: 926.754
[1, 27560] loss: 755.708
[1, 27580] loss: 616.412
[1, 27600] loss: 1059.986
[1, 27620] loss: 734.961
[1, 27640] loss: 592.597
[1, 27660] loss: 887.257
[1, 27680] loss: 782.734
[1, 27700] loss: 679.321
[1, 27720] loss: 304.294
[1, 27740] loss: 579.362
[1, 27760] loss: 1013.033
[1, 27780] loss: 777.641
[1, 27800] loss: 407.045
[1, 27820] loss: 634.181
[1, 27840] loss: 584.941
[1, 27860] loss: 1005.259
[1, 27880] loss: 699.045
[1, 27900] loss: 408.798
[1, 27920] loss: 342.454
[1, 27940] loss: 649.191
[1, 27960] loss: 963.427
[1, 27980] loss: 372.199
[1, 28000] loss: 384.405
[1, 28020] loss: 475.213
[1, 28040] loss: 723.434
[1, 28060] loss: 492.373
[1, 28080] loss: 559.039
[1, 28100] loss: 764.569
[1, 28120] loss: 960.779
[1, 28140] loss: 387.192
[1, 28160] loss: 913.061
[1, 28180] loss: 1180.225
[1, 28200] loss: 564.728
[1, 28220] loss: 385.449
[1, 28240] loss: 447.772
[1, 28260] loss: 483.267
[1, 28280] loss: 442.380
[1, 28300] loss: 440.035
[1, 28320] loss: 672.741
[1, 28340] loss: 293.162
[1, 28360] loss: 587.406
[1, 28380] loss: 456.515
[1, 28400] loss: 287.323
[1, 28420] loss: 577.619
[1, 28440] loss: 393.861
[1, 28460] loss: 660.111
[1, 28480] loss: 480.537
[1, 28500] loss: 296.159
[1, 28520] loss: 403.381
[1, 28540] loss: 414.907
[1, 28560] loss: 285.966
[1, 28580] loss: 157.934
[1, 28600] loss: 503.318
[1, 28620] loss: 209.506
[1, 28640] loss: 901.329
[1, 28660] loss: 251.303
[1, 28680] loss: 870.202
[1, 28700] loss: 368.718
[1, 28720] loss: 272.918
[1, 28740] loss: 240.678
[1, 28760] loss: 452.265
[1, 28780] loss: 417.436
[1, 28800] loss: 115.106
[1, 28820] loss: 559.524
[1, 28840] loss: 353.632
[1, 28860] loss: 497.111
[1, 28880] loss: 420.619
[1, 28900] loss: 293.694
[1, 28920] loss: 964.601
[1, 28940] loss: 784.912
[1, 28960] loss: 873.126
[1, 28980] loss: 271.100
[1, 29000] loss: 285.830
[1, 29020] loss: 234.519
[1, 29040] loss: 348.587
[1, 29060] loss: 399.160
[1, 29080] loss: 477.584
[1, 29100] loss: 296.924
[1, 29120] loss: 292.959
[1, 29140] loss: 301.176
[1, 29160] loss: 198.873
[1, 29180] loss: 421.857
[1, 29200] loss: 200.716
[1, 29220] loss: 270.889
[1, 29240] loss: 480.214
[1, 29260] loss: 415.803
[1, 29280] loss: 384.383
[1, 29300] loss: 302.359
[1, 29320] loss: 341.919
[1, 29340] loss: 236.247
[1, 29360] loss: 263.455
[1, 29380] loss: 330.368
[1, 29400] loss: 281.722
[1, 29420] loss: 267.312
[1, 29440] loss: 274.507
[1, 29460] loss: 212.417
[1, 29480] loss: 278.003
[1, 29500] loss: 245.572
[1, 29520] loss: 444.593
[1, 29540] loss: 506.009
[1, 29560] loss: 326.566
[1, 29580] loss: 96.149
[1, 29600] loss: 156.986
[1, 29620] loss: 313.992
[1, 29640] loss: 104.711
[1, 29660] loss: 337.620
[1, 29680] loss: 546.628
[1, 29700] loss: 361.097
[1, 29720] loss: 180.984
[1, 29740] loss: 285.958
[1, 29760] loss: 359.691
[1, 29780] loss: 192.264
[1, 29800] loss: 525.476
[1, 29820] loss: 487.015
[1, 29840] loss: 383.399
[1, 29860] loss: 263.546
[1, 29880] loss: 168.777
[1, 29900] loss: 319.348
[1, 29920] loss: 277.700
[1, 29940] loss: 355.397
[1, 29960] loss: 312.642
[1, 29980] loss: 276.396
[1, 30000] loss: 273.688
[1, 30020] loss: 376.706
[1, 30040] loss: 338.394
[1, 30060] loss: 197.822
[1, 30080] loss: 101.762
[1, 30100] loss: 169.859
[1, 30120] loss: 205.436
[1, 30140] loss: 175.955
[1, 30160] loss: 136.847
[1, 30180] loss: 193.915
[1, 30200] loss: 139.048
[1, 30220] loss: 123.273
[1, 30240] loss: 219.874
[1, 30260] loss: 101.680
[1, 30280] loss: 138.029
[1, 30300] loss: 216.426
[1, 30320] loss: 186.517
[1, 30340] loss: 147.839
[1, 30360] loss: 149.495
[1, 30380] loss: 199.081
[1, 30400] loss: 239.743
[1, 30420] loss: 216.946
[1,    20] loss: 265.574
[1,    40] loss: 242.463
[1,    60] loss: 175.925
[1,    80] loss: 189.964
[1,   100] loss: 162.692
[1,   120] loss: 140.113
[1,   140] loss: 150.610
[1,   160] loss: 153.756
[1,   180] loss: 151.427
[1,   200] loss: 142.530
[1,   220] loss: 133.807
[1,   240] loss: 133.713
[1,   260] loss: 145.618
[1,   280] loss: 179.883
[1,   300] loss: 192.312
[1,   320] loss: 202.938
[1,   340] loss: 225.510
[1,   360] loss: 274.556
[1,   380] loss: 296.581
[1,   400] loss: 303.361
[1,   420] loss: 300.477
[1,   440] loss: 312.455
[1,   460] loss: 306.492
[1,   480] loss: 297.249
[1,   500] loss: 296.347
[1,   520] loss: 298.012
[1,   540] loss: 297.938
[1,   560] loss: 303.449
[1,   580] loss: 313.337
[1,   600] loss: 328.400
[1,   620] loss: 321.314
[1,   640] loss: 313.624
[1,   660] loss: 306.207
[1,   680] loss: 301.476
[1,   700] loss: 294.400
[1,   720] loss: 286.668
[1,   740] loss: 279.584
[1,   760] loss: 273.233
[1,   780] loss: 266.774
[1,   800] loss: 261.199
[1,   820] loss: 254.958
[1,   840] loss: 250.919
[1,   860] loss: 249.207
[1,   880] loss: 248.242
[1,   900] loss: 246.268
[1,   920] loss: 243.326
[1,   940] loss: 245.475
[1,   960] loss: 247.885
[1,   980] loss: 245.188
[1,  1000] loss: 241.292
[1,  1020] loss: 239.578
[1,  1040] loss: 240.008
[1,  1060] loss: 241.125
[1,  1080] loss: 240.872
[1,  1100] loss: 246.227
[1,  1120] loss: 252.077
[1,  1140] loss: 258.477
[1,  1160] loss: 267.537
[1,  1180] loss: 274.249
[1,  1200] loss: 279.102
[1,  1220] loss: 286.061
[1,  1240] loss: 292.198
[1,  1260] loss: 304.856
[1,  1280] loss: 307.674
[1,  1300] loss: 306.623
[1,  1320] loss: 307.159
[1,  1340] loss: 311.105
[1,  1360] loss: 316.362
[1,  1380] loss: 321.280
[1,  1400] loss: 324.974
[1,  1420] loss: 326.175
[1,  1440] loss: 323.642
[1,  1460] loss: 319.740
[1,  1480] loss: 316.304
[1,  1500] loss: 313.087
[1,  1520] loss: 309.784
[1,  1540] loss: 307.777
[1,  1560] loss: 307.308
[1,  1580] loss: 305.394
[1,  1600] loss: 302.538
[1,  1620] loss: 299.280
[1,  1640] loss: 295.953
[1,  1660] loss: 292.673
[1,  1680] loss: 291.631
[1,  1700] loss: 288.869
[1,  1720] loss: 286.886
[1,  1740] loss: 285.619
[1,  1760] loss: 285.807
[1,  1780] loss: 286.189
[1,  1800] loss: 284.967
[1,  1820] loss: 282.457
[1,  1840] loss: 280.127
[1,  1860] loss: 277.634
[1,  1880] loss: 275.524
[1,  1900] loss: 272.721
[1,  1920] loss: 269.965
[1,  1940] loss: 267.835
[1,  1960] loss: 266.705
[1,  1980] loss: 265.038
[1,  2000] loss: 263.955
[1,  2020] loss: 263.289
[1,  2040] loss: 261.748
[1,  2060] loss: 260.386
[1,  2080] loss: 258.065
[1,  2100] loss: 255.740
[1,  2120] loss: 253.658
[1,  2140] loss: 252.361
[1,  2160] loss: 250.080
[1,  2180] loss: 247.886
[1,  2200] loss: 245.763
[1,  2220] loss: 243.873
[1,  2240] loss: 241.872
[1,  2260] loss: 240.095
[1,  2280] loss: 238.774
[1,  2300] loss: 236.955
[1,  2320] loss: 236.074
[1,  2340] loss: 234.681
[1,  2360] loss: 232.934
[1,  2380] loss: 234.680
[1,  2400] loss: 235.676
[1,  2420] loss: 234.609
[1,  2440] loss: 235.976
[1,  2460] loss: 234.945
[1,  2480] loss: 236.100
[1,  2500] loss: 235.441
[1,  2520] loss: 234.039
[1,  2540] loss: 234.402
[1,  2560] loss: 233.494
[1,  2580] loss: 232.149
[1,  2600] loss: 230.536
[1,  2620] loss: 228.805
[1,  2640] loss: 227.259
[1,  2660] loss: 225.932
[1,  2680] loss: 224.520
[1,  2700] loss: 223.165
[1,  2720] loss: 221.632
[1,  2740] loss: 220.178
[1,  2760] loss: 219.110
[1,  2780] loss: 218.339
[1,  2800] loss: 217.568
[1,  2820] loss: 217.342
[1,  2840] loss: 216.423
[1,  2860] loss: 216.751
[1,  2880] loss: 215.699
[1,  2900] loss: 215.092
[1,  2920] loss: 214.053
[1,  2940] loss: 212.743
[1,  2960] loss: 211.662
[1,  2980] loss: 211.266
[1,  3000] loss: 210.316
[1,  3020] loss: 209.618
[1,  3040] loss: 208.307
[1,  3060] loss: 206.990
[1,  3080] loss: 205.988
[1,  3100] loss: 204.838
[1,  3120] loss: 203.695
[1,  3140] loss: 202.494
[1,  3160] loss: 201.260
[1,  3180] loss: 200.068
[1,  3200] loss: 198.919
[1,  3220] loss: 197.793
[1,  3240] loss: 196.679
[1,  3260] loss: 195.906
[1,  3280] loss: 196.061
[1,  3300] loss: 195.326
[1,  3320] loss: 194.924
[1,  3340] loss: 194.805
[1,  3360] loss: 197.538
