cuda:  4
color_space: YCbCr
batch_size: 1
num_epcochs: 1
learning_rate: 0.003
[1,    20] loss: 211.534
[1,    40] loss: 551.437
[1,    60] loss: 468.623
[1,    80] loss: 288.542
[1,   100] loss: 7.628
[1,   120] loss: 23.098
[1,   140] loss: 5.924
[1,   160] loss: 1.520
[1,   180] loss: 0.722
[1,   200] loss: 0.338
[1,   220] loss: 0.163
[1,   240] loss: 0.130
[1,   260] loss: 0.169
[1,   280] loss: 0.082
[1,   300] loss: 0.148
[1,   320] loss: 0.334
[1,   340] loss: 0.188
[1,   360] loss: 0.172
[1,   380] loss: 0.313
[1,   400] loss: 0.322
[1,   420] loss: 0.150
[1,   440] loss: 0.162
[1,   460] loss: 0.184
[1,   480] loss: 0.097
[1,   500] loss: 0.049
[1,   520] loss: 0.146
[1,   540] loss: 0.186
[1,   560] loss: 0.293
[1,   580] loss: 0.103
[1,   600] loss: 0.104
[1,   620] loss: 0.133
[1,   640] loss: 0.075
[1,   660] loss: 0.050
[1,   680] loss: 0.065
[1,   700] loss: 0.072
[1,   720] loss: 0.140
[1,   740] loss: 0.081
[1,   760] loss: 0.094
[1,   780] loss: 0.075
[1,   800] loss: 0.138
[1,   820] loss: 0.170
[1,   840] loss: 0.063
[1,   860] loss: 0.021
[1,   880] loss: 0.093
[1,   900] loss: 0.069
[1,   920] loss: 0.044
[1,   940] loss: 0.146
[1,   960] loss: 0.062
[1,   980] loss: 0.212
[1,  1000] loss: 0.145
[1,  1020] loss: 0.115
[1,  1040] loss: 0.026
[1,  1060] loss: 0.216
[1,  1080] loss: 0.090
[1,  1100] loss: 0.045
[1,  1120] loss: 0.159
[1,  1140] loss: 0.116
[1,  1160] loss: 0.191
[1,  1180] loss: 0.028
[1,  1200] loss: 0.049
[1,  1220] loss: 0.049
[1,  1240] loss: 0.082
[1,  1260] loss: 0.047
[1,  1280] loss: 0.080
[1,  1300] loss: 0.197
[1,  1320] loss: 0.138
[1,  1340] loss: 0.093
[1,  1360] loss: 0.120
[1,  1380] loss: 0.042
[1,  1400] loss: 0.090
[1,  1420] loss: 0.038
[1,  1440] loss: 0.119
[1,  1460] loss: 0.048
[1,  1480] loss: 0.100
[1,  1500] loss: 0.028
[1,  1520] loss: 0.140
[1,  1540] loss: 0.067
[1,  1560] loss: 0.128
[1,  1580] loss: 0.060
[1,  1600] loss: 0.238
[1,  1620] loss: 0.087
[1,  1640] loss: 0.032
[1,  1660] loss: 0.061
[1,  1680] loss: 0.039
[1,  1700] loss: 0.106
[1,  1720] loss: 0.066
[1,  1740] loss: 0.072
[1,  1760] loss: 0.029
[1,  1780] loss: 0.253
[1,  1800] loss: 0.052
[1,  1820] loss: 0.106
[1,  1840] loss: 0.047
[1,  1860] loss: 0.088
[1,  1880] loss: 0.037
[1,  1900] loss: 0.022
[1,  1920] loss: 0.114
[1,  1940] loss: 0.069
[1,  1960] loss: 0.051
[1,  1980] loss: 0.096
[1,  2000] loss: 0.023
[1,  2020] loss: 0.032
[1,  2040] loss: 0.054
[1,  2060] loss: 0.046
[1,  2080] loss: 0.098
[1,  2100] loss: 0.035
[1,  2120] loss: 0.063
[1,  2140] loss: 0.136
[1,  2160] loss: 0.210
[1,  2180] loss: 0.031
[1,  2200] loss: 0.040
[1,  2220] loss: 0.079
[1,  2240] loss: 0.196
[1,  2260] loss: 0.111
[1,  2280] loss: 0.037
[1,  2300] loss: 0.028
[1,  2320] loss: 0.217
[1,  2340] loss: 0.110
[1,  2360] loss: 0.053
[1,  2380] loss: 0.090
[1,  2400] loss: 0.030
[1,  2420] loss: 0.024
[1,  2440] loss: 0.218
[1,  2460] loss: 0.043
[1,  2480] loss: 0.026
[1,  2500] loss: 0.210
[1,  2520] loss: 0.054
[1,  2540] loss: 0.028
[1,  2560] loss: 0.035
[1,  2580] loss: 0.040
[1,  2600] loss: 0.052
[1,  2620] loss: 0.031
[1,  2640] loss: 0.078
[1,  2660] loss: 0.025
[1,  2680] loss: 0.137
[1,  2700] loss: 0.096
[1,  2720] loss: 0.239
[1,  2740] loss: 0.133
[1,  2760] loss: 0.053
[1,  2780] loss: 0.156
[1,  2800] loss: 0.053
[1,  2820] loss: 0.157
[1,  2840] loss: 0.045
[1,  2860] loss: 0.009
[1,  2880] loss: 0.038
[1,  2900] loss: 0.078
[1,  2920] loss: 0.106
[1,  2940] loss: 0.099
[1,  2960] loss: 0.020
[1,  2980] loss: 0.067
[1,  3000] loss: 0.045
[1,  3020] loss: 0.027
[1,  3040] loss: 0.053
[1,  3060] loss: 0.040
[1,  3080] loss: 0.095
[1,  3100] loss: 0.039
[1,  3120] loss: 0.108
[1,  3140] loss: 0.083
[1,  3160] loss: 0.083
[1,  3180] loss: 0.019
[1,  3200] loss: 0.036
[1,  3220] loss: 0.039
[1,  3240] loss: 0.084
[1,  3260] loss: 0.150
[1,  3280] loss: 0.080
[1,  3300] loss: 0.072
[1,  3320] loss: 0.046
[1,  3340] loss: 0.128
[1,  3360] loss: 0.126
[1,  3380] loss: 0.130
[1,  3400] loss: 0.043
[1,  3420] loss: 0.052
[1,  3440] loss: 0.050
[1,  3460] loss: 0.012
[1,  3480] loss: 0.164
[1,  3500] loss: 0.130
[1,  3520] loss: 0.033
[1,  3540] loss: 0.026
[1,  3560] loss: 0.035
[1,  3580] loss: 0.162
[1,  3600] loss: 0.057
[1,  3620] loss: 0.043
[1,  3640] loss: 0.126
[1,  3660] loss: 0.041
[1,  3680] loss: 0.061
[1,  3700] loss: 0.106
[1,  3720] loss: 0.107
[1,  3740] loss: 0.112
[1,  3760] loss: 0.035
[1,  3780] loss: 0.201
[1,  3800] loss: 0.146
[1,  3820] loss: 0.043
[1,  3840] loss: 0.070
[1,  3860] loss: 0.195
[1,  3880] loss: 0.021
[1,  3900] loss: 0.021
[1,  3920] loss: 0.079
[1,  3940] loss: 0.051
[1,  3960] loss: 0.056
[1,  3980] loss: 0.081
[1,  4000] loss: 0.439
[1,  4020] loss: 0.042
[1,  4040] loss: 0.107
[1,  4060] loss: 0.025
[1,  4080] loss: 0.097
[1,  4100] loss: 0.077
[1,  4120] loss: 0.065
[1,  4140] loss: 0.062
[1,  4160] loss: 0.023
[1,  4180] loss: 0.102
[1,  4200] loss: 0.022
[1,  4220] loss: 0.026
[1,  4240] loss: 0.187
[1,  4260] loss: 0.079
[1,  4280] loss: 0.039
[1,  4300] loss: 0.061
[1,  4320] loss: 0.096
[1,  4340] loss: 0.025
[1,  4360] loss: 0.035
[1,  4380] loss: 0.050
[1,  4400] loss: 0.052
[1,  4420] loss: 0.015
[1,  4440] loss: 0.086
[1,  4460] loss: 0.020
[1,  4480] loss: 0.030
[1,  4500] loss: 0.040
[1,  4520] loss: 0.120
[1,  4540] loss: 0.033
[1,  4560] loss: 0.058
[1,  4580] loss: 0.061
[1,  4600] loss: 0.078
[1,  4620] loss: 0.036
[1,  4640] loss: 0.031
[1,  4660] loss: 0.097
[1,  4680] loss: 0.077
[1,  4700] loss: 0.091
[1,  4720] loss: 0.147
[1,  4740] loss: 0.110
[1,  4760] loss: 0.239
[1,  4780] loss: 0.141
[1,  4800] loss: 0.138
[1,  4820] loss: 0.059
[1,  4840] loss: 0.019
[1,  4860] loss: 0.151
[1,  4880] loss: 0.074
[1,  4900] loss: 0.023
[1,  4920] loss: 0.105
[1,  4940] loss: 0.142
[1,  4960] loss: 0.149
[1,  4980] loss: 0.208
[1,  5000] loss: 0.022
[1,  5020] loss: 0.035
[1,  5040] loss: 0.034
[1,  5060] loss: 0.021
[1,  5080] loss: 0.022
[1,  5100] loss: 0.169
[1,  5120] loss: 0.031
[1,  5140] loss: 0.031
[1,  5160] loss: 0.060
[1,  5180] loss: 0.019
[1,  5200] loss: 0.063
[1,  5220] loss: 0.063
[1,  5240] loss: 0.046
[1,  5260] loss: 0.027
[1,  5280] loss: 0.015
[1,  5300] loss: 0.051
[1,  5320] loss: 0.067
[1,  5340] loss: 0.163
[1,  5360] loss: 0.084
[1,  5380] loss: 0.094
[1,  5400] loss: 0.039
[1,  5420] loss: 0.091
[1,  5440] loss: 0.120
[1,  5460] loss: 0.042
[1,  5480] loss: 0.080
[1,  5500] loss: 0.080
[1,  5520] loss: 0.073
[1,  5540] loss: 0.039
[1,  5560] loss: 0.150
[1,  5580] loss: 0.134
[1,  5600] loss: 0.039
[1,  5620] loss: 0.099
[1,  5640] loss: 0.063
[1,  5660] loss: 0.036
[1,  5680] loss: 0.190
[1,  5700] loss: 0.061
[1,  5720] loss: 0.081
[1,  5740] loss: 0.081
[1,  5760] loss: 0.141
[1,  5780] loss: 0.080
[1,  5800] loss: 0.061
[1,  5820] loss: 0.054
[1,  5840] loss: 0.103
[1,  5860] loss: 0.043
[1,  5880] loss: 0.016
[1,  5900] loss: 0.039
[1,  5920] loss: 0.179
[1,  5940] loss: 0.096
[1,  5960] loss: 0.042
[1,  5980] loss: 0.130
[1,  6000] loss: 0.136
[1,  6020] loss: 0.021
[1,  6040] loss: 0.128
[1,  6060] loss: 0.065
[1,  6080] loss: 0.050
[1,  6100] loss: 0.019
[1,  6120] loss: 0.050
[1,  6140] loss: 0.026
[1,  6160] loss: 0.053
[1,  6180] loss: 0.102
[1,  6200] loss: 0.026
[1,  6220] loss: 0.091
[1,  6240] loss: 0.052
[1,  6260] loss: 0.068
[1,  6280] loss: 0.028
[1,  6300] loss: 0.160
[1,  6320] loss: 0.046
[1,  6340] loss: 0.037
[1,  6360] loss: 0.095
[1,  6380] loss: 0.094
[1,  6400] loss: 0.088
[1,  6420] loss: 0.054
[1,  6440] loss: 0.020
[1,  6460] loss: 0.296
[1,  6480] loss: 0.090
[1,  6500] loss: 0.067
[1,  6520] loss: 0.043
[1,  6540] loss: 0.050
[1,  6560] loss: 0.032
[1,  6580] loss: 0.020
[1,  6600] loss: 0.021
[1,  6620] loss: 0.099
[1,  6640] loss: 0.037
[1,  6660] loss: 0.059
[1,  6680] loss: 0.041
[1,  6700] loss: 0.063
[1,  6720] loss: 0.040
[1,  6740] loss: 0.115
[1,  6760] loss: 0.043
[1,  6780] loss: 0.045
[1,  6800] loss: 0.046
[1,  6820] loss: 0.038
[1,  6840] loss: 0.049
[1,  6860] loss: 0.055
[1,  6880] loss: 0.048
[1,  6900] loss: 0.033
[1,  6920] loss: 0.050
[1,  6940] loss: 0.030
[1,  6960] loss: 0.011
[1,  6980] loss: 0.028
[1,  7000] loss: 0.062
[1,  7020] loss: 0.075
[1,  7040] loss: 0.058
[1,  7060] loss: 0.034
[1,  7080] loss: 0.020
[1,  7100] loss: 0.012
[1,  7120] loss: 0.054
[1,  7140] loss: 0.021
[1,  7160] loss: 0.083
[1,  7180] loss: 0.030
[1,  7200] loss: 0.009
[1,  7220] loss: 0.040
[1,  7240] loss: 0.046
[1,  7260] loss: 0.028
[1,  7280] loss: 0.029
[1,  7300] loss: 0.046
[1,  7320] loss: 0.025
[1,  7340] loss: 0.033
[1,  7360] loss: 0.047
[1,  7380] loss: 0.083
[1,  7400] loss: 0.025
[1,  7420] loss: 0.087
[1,  7440] loss: 0.020
[1,  7460] loss: 0.061
[1,  7480] loss: 0.079
[1,  7500] loss: 0.032
[1,  7520] loss: 0.039
[1,  7540] loss: 0.026
[1,  7560] loss: 0.018
[1,  7580] loss: 0.062
[1,  7600] loss: 0.025
[1,  7620] loss: 0.023
[1,  7640] loss: 0.046
[1,  7660] loss: 0.135
[1,  7680] loss: 0.046
[1,  7700] loss: 0.026
[1,  7720] loss: 0.051
[1,  7740] loss: 0.022
[1,  7760] loss: 0.100
[1,  7780] loss: 0.016
[1,  7800] loss: 0.018
[1,  7820] loss: 0.084
[1,  7840] loss: 0.110
[1,  7860] loss: 0.049
[1,  7880] loss: 0.062
[1,  7900] loss: 0.160
[1,  7920] loss: 0.088
[1,  7940] loss: 0.022
[1,  7960] loss: 0.098
[1,  7980] loss: 0.035
[1,  8000] loss: 0.020
[1,  8020] loss: 0.049
[1,  8040] loss: 0.137
[1,  8060] loss: 0.299
[1,  8080] loss: 0.147
[1,  8100] loss: 0.037
[1,  8120] loss: 0.066
[1,  8140] loss: 0.119
[1,  8160] loss: 0.054
[1,  8180] loss: 0.023
[1,  8200] loss: 0.016
[1,  8220] loss: 0.128
[1,  8240] loss: 0.078
[1,  8260] loss: 0.060
[1,  8280] loss: 0.035
[1,  8300] loss: 0.025
[1,  8320] loss: 0.010
[1,  8340] loss: 0.076
[1,  8360] loss: 0.073
[1,  8380] loss: 0.043
[1,  8400] loss: 0.184
[1,  8420] loss: 0.070
[1,  8440] loss: 0.051
[1,  8460] loss: 0.108
[1,  8480] loss: 0.055
[1,  8500] loss: 0.077
[1,  8520] loss: 0.037
[1,  8540] loss: 0.029
[1,  8560] loss: 0.023
[1,  8580] loss: 0.048
[1,  8600] loss: 0.157
[1,  8620] loss: 0.080
[1,  8640] loss: 0.036
[1,  8660] loss: 0.015
[1,  8680] loss: 0.129
[1,  8700] loss: 0.081
[1,  8720] loss: 0.148
[1,  8740] loss: 0.142
[1,  8760] loss: 0.010
[1,  8780] loss: 0.077
[1,  8800] loss: 0.085
[1,  8820] loss: 0.112
[1,  8840] loss: 0.031
[1,  8860] loss: 0.048
[1,  8880] loss: 0.018
[1,  8900] loss: 0.032
[1,  8920] loss: 0.017
[1,  8940] loss: 0.032
[1,  8960] loss: 0.104
[1,  8980] loss: 0.030
[1,  9000] loss: 0.051
[1,  9020] loss: 0.140
[1,  9040] loss: 0.031
[1,  9060] loss: 0.045
[1,  9080] loss: 0.026
[1,  9100] loss: 0.177
[1,  9120] loss: 0.196
[1,  9140] loss: 0.121
[1,  9160] loss: 0.302
[1,  9180] loss: 0.036
[1,  9200] loss: 0.020
[1,  9220] loss: 0.121
[1,  9240] loss: 0.045
[1,  9260] loss: 0.048
[1,  9280] loss: 0.022
[1,  9300] loss: 0.019
[1,  9320] loss: 0.072
[1,  9340] loss: 0.210
[1,  9360] loss: 0.095
[1,  9380] loss: 0.016
[1,  9400] loss: 0.155
[1,  9420] loss: 0.028
[1,  9440] loss: 0.199
[1,  9460] loss: 0.126
[1,  9480] loss: 0.047
[1,  9500] loss: 0.029
[1,  9520] loss: 0.068
[1,  9540] loss: 0.066
[1,  9560] loss: 0.184
[1,  9580] loss: 0.045
[1,  9600] loss: 0.123
[1,  9620] loss: 0.069
[1,  9640] loss: 0.067
[1,  9660] loss: 0.063
[1,  9680] loss: 0.031
[1,  9700] loss: 0.112
[1,  9720] loss: 0.046
[1,  9740] loss: 0.032
[1,  9760] loss: 0.180
[1,  9780] loss: 0.044
[1,  9800] loss: 0.043
[1,  9820] loss: 0.022
[1,  9840] loss: 0.031
[1,  9860] loss: 0.051
[1,  9880] loss: 0.039
[1,  9900] loss: 0.040
[1,  9920] loss: 0.127
[1,  9940] loss: 0.098
[1,  9960] loss: 0.046
[1,  9980] loss: 0.063
[1, 10000] loss: 0.158
[1, 10020] loss: 0.097
[1, 10040] loss: 0.032
[1, 10060] loss: 0.053
[1, 10080] loss: 0.024
[1, 10100] loss: 0.073
[1, 10120] loss: 0.033
[1, 10140] loss: 0.084
[1, 10160] loss: 0.060
[1, 10180] loss: 0.044
[1, 10200] loss: 0.039
[1, 10220] loss: 0.013
[1, 10240] loss: 0.025
[1, 10260] loss: 0.041
[1, 10280] loss: 0.042
[1, 10300] loss: 0.109
[1, 10320] loss: 0.025
[1, 10340] loss: 0.040
[1, 10360] loss: 0.087
[1, 10380] loss: 0.029
[1, 10400] loss: 0.047
[1, 10420] loss: 0.097
[1, 10440] loss: 0.087
[1, 10460] loss: 0.141
[1, 10480] loss: 0.064
[1, 10500] loss: 0.095
[1, 10520] loss: 0.041
[1, 10540] loss: 0.018
[1, 10560] loss: 0.123
[1, 10580] loss: 0.041
[1, 10600] loss: 0.193
[1, 10620] loss: 0.074
[1, 10640] loss: 0.033
[1, 10660] loss: 0.071
[1, 10680] loss: 0.017
[1, 10700] loss: 0.071
[1, 10720] loss: 0.026
[1, 10740] loss: 0.038
[1, 10760] loss: 0.022
[1, 10780] loss: 0.043
[1, 10800] loss: 0.020
[1, 10820] loss: 0.044
[1, 10840] loss: 0.022
[1, 10860] loss: 0.105
[1, 10880] loss: 0.018
[1, 10900] loss: 0.038
[1, 10920] loss: 0.095
[1, 10940] loss: 0.276
[1, 10960] loss: 0.038
[1, 10980] loss: 0.036
[1, 11000] loss: 0.118
[1, 11020] loss: 0.184
[1, 11040] loss: 0.088
[1, 11060] loss: 0.184
[1, 11080] loss: 0.073
[1, 11100] loss: 0.023
[1, 11120] loss: 0.042
[1, 11140] loss: 0.214
[1, 11160] loss: 0.105
[1, 11180] loss: 0.076
[1, 11200] loss: 0.038
[1, 11220] loss: 0.012
[1, 11240] loss: 0.036
[1, 11260] loss: 0.038
[1, 11280] loss: 0.023
[1, 11300] loss: 0.027
[1, 11320] loss: 0.067
[1, 11340] loss: 0.128
[1, 11360] loss: 0.081
[1, 11380] loss: 0.062
[1, 11400] loss: 0.082
[1, 11420] loss: 0.130
[1, 11440] loss: 0.038
[1, 11460] loss: 0.033
[1, 11480] loss: 0.216
[1, 11500] loss: 0.062
[1, 11520] loss: 0.061
[1, 11540] loss: 0.025
[1, 11560] loss: 0.179
[1, 11580] loss: 0.067
[1, 11600] loss: 0.064
[1, 11620] loss: 0.028
[1, 11640] loss: 0.058
[1, 11660] loss: 0.277
[1, 11680] loss: 0.118
[1, 11700] loss: 0.047
[1, 11720] loss: 0.036
[1, 11740] loss: 0.122
[1, 11760] loss: 0.074
[1, 11780] loss: 0.034
[1, 11800] loss: 0.102
[1, 11820] loss: 0.081
[1, 11840] loss: 0.098
[1, 11860] loss: 0.080
[1, 11880] loss: 0.160
[1, 11900] loss: 0.037
[1, 11920] loss: 0.111
[1, 11940] loss: 0.052
[1, 11960] loss: 0.071
[1, 11980] loss: 0.066
[1, 12000] loss: 0.085
[1, 12020] loss: 0.032
[1, 12040] loss: 0.219
[1, 12060] loss: 0.084
[1, 12080] loss: 0.076
[1, 12100] loss: 0.052
[1, 12120] loss: 0.166
[1, 12140] loss: 0.069
[1, 12160] loss: 0.051
[1, 12180] loss: 0.033
[1, 12200] loss: 0.057
[1, 12220] loss: 0.203
[1, 12240] loss: 0.102
[1, 12260] loss: 0.339
[1, 12280] loss: 0.198
[1, 12300] loss: 185614277.321
[1, 12320] loss: 162668227422252.812
[1, 12340] loss: 1224198805653924.000
[1, 12360] loss: 29444745860710.398
[1, 12380] loss: 3242043530809.600
[1, 12400] loss: 104822550822.400
[1, 12420] loss: 181675493424.800
[1, 12440] loss: 34580468959.325
[1, 12460] loss: 10195867607.800
[1, 12480] loss: 9463983409.600
[1, 12500] loss: 6021413759.212
[1, 12520] loss: 6125538377.350
[1, 12540] loss: 5974028953.000
[1, 12560] loss: 5139715878.800
[1, 12580] loss: 2968841051.400
[1, 12600] loss: 2652305533.675
[1, 12620] loss: 2422426557.350
[1, 12640] loss: 2055398494.950
[1, 12660] loss: 760529548.141
[1, 12680] loss: 1649303506.400
[1, 12700] loss: 2398568211.206
[1, 12720] loss: 1496011986.775
[1, 12740] loss: 2271933369.377
[1, 12760] loss: 1867045605.650
[1, 12780] loss: 1527016984.975
[1, 12800] loss: 1126605537.150
[1, 12820] loss: 1024905940.190
[1, 12840] loss: 868718422.025
[1, 12860] loss: 764464797.931
[1, 12880] loss: 1655834669.600
[1, 12900] loss: 757741606.950
[1, 12920] loss: 1009756383.312
[1, 12940] loss: 592717178.425
[1, 12960] loss: 752504461.825
[1, 12980] loss: 524781894.206
[1, 13000] loss: 460407451.066
[1, 13020] loss: 582996539.600
[1, 13040] loss: 526061501.990
[1, 13060] loss: 699490168.942
[1, 13080] loss: 863896923.300
[1, 13100] loss: 799727942.450
[1, 13120] loss: 700085204.900
[1, 13140] loss: 515068766.715
[1, 13160] loss: 463537237.461
[1, 13180] loss: 611051636.631
[1, 13200] loss: 260980653.288
[1, 13220] loss: 233545033.005
[1, 13240] loss: 304461599.759
[1, 13260] loss: 364066630.850
[1, 13280] loss: 355214140.075
[1, 13300] loss: 313690852.339
[1, 13320] loss: 573860622.625
[1, 13340] loss: 286545305.663
[1, 13360] loss: 387469020.745
[1, 13380] loss: 544308576.691
[1, 13400] loss: 413006904.572
[1, 13420] loss: 404575133.440
[1, 13440] loss: 352643777.613
[1, 13460] loss: 425599073.613
[1, 13480] loss: 297891468.893
[1, 13500] loss: 276760506.703
[1, 13520] loss: 188466273.559
[1, 13540] loss: 291079070.438
[1, 13560] loss: 358065843.156
[1, 13580] loss: 601971251.153
[1, 13600] loss: 419767798.600
[1, 13620] loss: 403675005.919
[1, 13640] loss: 434143848.844
[1, 13660] loss: 362155067.900
[1, 13680] loss: 349954538.450
[1, 13700] loss: 481899428.991
[1, 13720] loss: 425807538.034
[1, 13740] loss: 231695921.806
[1, 13760] loss: 299062136.655
[1, 13780] loss: 237437876.496
[1, 13800] loss: 422305148.181
[1, 13820] loss: 458606737.081
[1, 13840] loss: 256499746.991
[1, 13860] loss: 424782474.100
[1, 13880] loss: 127823982.348
[1, 13900] loss: 405907629.252
[1, 13920] loss: 209024532.734
[1, 13940] loss: 224901393.162
[1, 13960] loss: 188135112.453
[1, 13980] loss: 97655655.942
[1, 14000] loss: 482950862.059
[1, 14020] loss: 235636428.024
[1, 14040] loss: 311343911.163
[1, 14060] loss: 357062020.250
[1, 14080] loss: 289621670.365
[1, 14100] loss: 452898541.566
[1, 14120] loss: 385254027.859
[1, 14140] loss: 265980517.412
[1, 14160] loss: 224464938.712
[1, 14180] loss: 210124473.562
[1, 14200] loss: 417944605.594
[1, 14220] loss: 200102189.794
[1, 14240] loss: 134941563.438
[1, 14260] loss: 159977765.744
[1, 14280] loss: 141164048.497
[1, 14300] loss: 423784289.250
[1, 14320] loss: 393564648.525
[1, 14340] loss: 238509907.312
[1, 14360] loss: 240848260.830
[1, 14380] loss: 298040377.122
[1, 14400] loss: 367438430.778
[1, 14420] loss: 199536891.716
[1, 14440] loss: 314327538.269
[1, 14460] loss: 208181391.151
[1, 14480] loss: 198505575.425
[1, 14500] loss: 207941788.102
[1, 14520] loss: 295672075.000
[1, 14540] loss: 317949966.220
[1, 14560] loss: 399682220.663
[1, 14580] loss: 384095206.944
[1, 14600] loss: 450765468.684
[1, 14620] loss: 322106289.781
[1, 14640] loss: 417932454.503
[1, 14660] loss: 278935946.516
[1, 14680] loss: 345244649.648
[1, 14700] loss: 140107000.810
[1, 14720] loss: 278225655.000
[1, 14740] loss: 150611626.000
[1, 14760] loss: 177379929.592
[1, 14780] loss: 119485791.813
[1, 14800] loss: 267101504.419
[1, 14820] loss: 147054238.425
[1, 14840] loss: 316981338.300
[1, 14860] loss: 294094296.781
[1, 14880] loss: 351041625.212
[1, 14900] loss: 185369332.626
[1, 14920] loss: 232048994.381
[1, 14940] loss: 153349770.779
[1, 14960] loss: 373163235.541
[1, 14980] loss: 184875840.556
[1, 15000] loss: 217512126.475
[1, 15020] loss: 138444896.142
[1, 15040] loss: 356029880.250
[1, 15060] loss: 313636823.137
[1, 15080] loss: 246230210.130
[1, 15100] loss: 277704158.005
[1, 15120] loss: 239992415.273
[1, 15140] loss: 250761790.408
[1, 15160] loss: 184086690.325
[1, 15180] loss: 204214071.641
[1, 15200] loss: 383789787.700
[1, 15220] loss: 512917751.325
[1, 15240] loss: 449930361.143
[1, 15260] loss: 106688954.513
[1, 15280] loss: 316961449.515
[1, 15300] loss: 241248989.791
[1, 15320] loss: 275740508.742
[1, 15340] loss: 252002657.825
[1, 15360] loss: 267674720.680
[1, 15380] loss: 306818009.673
[1, 15400] loss: 189497780.318
[1, 15420] loss: 426832646.089
[1, 15440] loss: 140412335.719
[1, 15460] loss: 520724761.887
[1, 15480] loss: 341302239.400
[1, 15500] loss: 191773973.650
[1, 15520] loss: 191634711.412
[1, 15540] loss: 219071685.685
[1, 15560] loss: 230115946.100
[1, 15580] loss: 574758241.700
[1, 15600] loss: 354173954.041
[1, 15620] loss: 291937265.603
[1, 15640] loss: 371297497.056
[1, 15660] loss: 482902459.389
[1, 15680] loss: 280026977.726
[1, 15700] loss: 257270649.425
[1, 15720] loss: 134601291.631
[1, 15740] loss: 208520641.335
[1, 15760] loss: 214348927.859
[1, 15780] loss: 231362510.925
[1, 15800] loss: 274091732.750
[1, 15820] loss: 146533932.269
[1, 15840] loss: 156655356.075
[1, 15860] loss: 181790966.366
[1, 15880] loss: 236485193.547
[1, 15900] loss: 142938091.118
[1, 15920] loss: 266859931.470
[1, 15940] loss: 113150620.357
[1, 15960] loss: 262552506.461
[1, 15980] loss: 151108498.335
[1, 16000] loss: 167889276.895
[1, 16020] loss: 203950236.032
[1, 16040] loss: 278637752.350
[1, 16060] loss: 196851697.951
[1, 16080] loss: 137866599.956
[1, 16100] loss: 189876744.738
[1, 16120] loss: 84732866.689
[1, 16140] loss: 140162765.284
[1, 16160] loss: 197655916.644
[1, 16180] loss: 223895107.327
[1, 16200] loss: 384424023.375
[1, 16220] loss: 294473225.744
[1, 16240] loss: 233298258.005
[1, 16260] loss: 177938701.063
[1, 16280] loss: 140180929.900
[1, 16300] loss: 215846972.363
[1, 16320] loss: 112393499.554
[1, 16340] loss: 177594761.637
[1, 16360] loss: 306832575.625
[1, 16380] loss: 229853203.628
[1, 16400] loss: 158519362.262
[1, 16420] loss: 176509886.827
[1, 16440] loss: 151757469.594
[1, 16460] loss: 93776958.247
[1, 16480] loss: 112478653.189
[1, 16500] loss: 492232036.056
[1, 16520] loss: 244386325.812
[1, 16540] loss: 165326385.428
[1, 16560] loss: 76013713.746
[1, 16580] loss: 162736156.375
[1, 16600] loss: 99851070.894
[1, 16620] loss: 163212388.266
[1, 16640] loss: 118165694.578
[1, 16660] loss: 353844760.238
[1, 16680] loss: 256924151.769
[1, 16700] loss: 192868642.963
[1, 16720] loss: 130994432.775
[1, 16740] loss: 227148797.619
[1, 16760] loss: 269459767.163
[1, 16780] loss: 209979980.912
[1, 16800] loss: 89371814.870
[1, 16820] loss: 163590474.753
[1, 16840] loss: 94881833.080
[1, 16860] loss: 269896740.461
[1, 16880] loss: 198102971.718
[1, 16900] loss: 153349269.934
[1, 16920] loss: 172977566.607
[1, 16940] loss: 97651488.070
[1, 16960] loss: 305226572.575
[1, 16980] loss: 120409916.681
[1, 17000] loss: 391630175.300
[1, 17020] loss: 136795774.889
[1, 17040] loss: 312414832.216
[1, 17060] loss: 318252531.478
[1, 17080] loss: 259084106.900
[1, 17100] loss: 83873899.589
[1, 17120] loss: 240458534.608
[1, 17140] loss: 304335523.444
[1, 17160] loss: 502865646.106
[1, 17180] loss: 437921339.450
[1, 17200] loss: 161508077.512
[1, 17220] loss: 348602292.500
[1, 17240] loss: 79643336.424
[1, 17260] loss: 351454286.841
[1, 17280] loss: 156730282.050
[1, 17300] loss: 224486566.037
[1, 17320] loss: 259363678.100
[1, 17340] loss: 98018309.894
[1, 17360] loss: 170300731.325
[1, 17380] loss: 150559621.637
[1, 17400] loss: 110778530.812
[1, 17420] loss: 54100514.673
[1, 17440] loss: 245384339.448
[1, 17460] loss: 181516295.981
[1, 17480] loss: 91748001.335
[1, 17500] loss: 208535633.234
[1, 17520] loss: 712517630.553
[1, 17540] loss: 1193230405.200
[1, 17560] loss: 1670439386.300
[1, 17580] loss: 1462074866.318
[1, 17600] loss: 397249843.676
[1, 17620] loss: 302777328.938
[1, 17640] loss: 379675491.925
[1, 17660] loss: 537300338.091
[1, 17680] loss: 506795023.688
[1, 17700] loss: 801133462.450
[1, 17720] loss: 154609218.400
[1, 17740] loss: 215357265.002
[1, 17760] loss: 140217442.263
[1, 17780] loss: 299055197.656
[1, 17800] loss: 149403705.111
[1, 17820] loss: 129840159.269
[1, 17840] loss: 105144310.287
[1, 17860] loss: 311217355.100
[1, 17880] loss: 732913580.556
[1, 17900] loss: 820179594.183
[1, 17920] loss: 405640870.244
[1, 17940] loss: 185705158.705
[1, 17960] loss: 132466206.379
[1, 17980] loss: 79411251.795
[1, 18000] loss: 104683783.599
[1, 18020] loss: 251159829.012
[1, 18040] loss: 405699176.453
[1, 18060] loss: 138872159.371
[1, 18080] loss: 76837096.992
[1, 18100] loss: 207082479.508
[1, 18120] loss: 603156159.758
[1, 18140] loss: 630423911.700
[1, 18160] loss: 608924407.875
[1, 18180] loss: 427533692.572
[1, 18200] loss: 257286363.722
[1, 18220] loss: 162135088.045
[1, 18240] loss: 588778767.888
[1, 18260] loss: 932155703.575
[1, 18280] loss: 353341923.587
[1, 18300] loss: 203806738.450
[1, 18320] loss: 204268460.991
[1, 18340] loss: 100188713.502
[1, 18360] loss: 68168974.763
[1, 18380] loss: 176755605.944
[1, 18400] loss: 189779513.870
[1, 18420] loss: 1210738216.589
[1, 18440] loss: 1326582029.184
[1, 18460] loss: 868238928.100
[1, 18480] loss: 552267749.913
[1, 18500] loss: 189537200.114
[1, 18520] loss: 166509613.255
[1, 18540] loss: 135830972.657
[1, 18560] loss: 87062013.917
[1, 18580] loss: 128143272.777
[1, 18600] loss: 32509410.729
[1, 18620] loss: 91500075.989
[1, 18640] loss: 219058784.096
[1, 18660] loss: 266529376.812
[1, 18680] loss: 404079084.242
[1, 18700] loss: 165325514.059
[1, 18720] loss: 247515910.544
[1, 18740] loss: 235698305.025
[1, 18760] loss: 80175126.456
[1, 18780] loss: 114486203.125
[1, 18800] loss: 93193000.570
[1, 18820] loss: 108314747.118
[1, 18840] loss: 199650205.019
[1, 18860] loss: 232090104.427
[1, 18880] loss: 74320041.715
[1, 18900] loss: 122905685.556
[1, 18920] loss: 172219912.119
[1, 18940] loss: 173991901.644
[1, 18960] loss: 299139852.946
[1, 18980] loss: 709792075.538
[1, 19000] loss: 170159764.375
[1, 19020] loss: 617592229.165
[1, 19040] loss: 651483721.350
[1, 19060] loss: 274868287.611
[1, 19080] loss: 490537175.375
[1, 19100] loss: 135599199.113
[1, 19120] loss: 177204275.645
[1, 19140] loss: 85125141.021
[1, 19160] loss: 325354680.242
[1, 19180] loss: 273210876.466
[1, 19200] loss: 104091240.874
[1, 19220] loss: 94605321.344
[1, 19240] loss: 223071396.242
[1, 19260] loss: 239671840.648
[1, 19280] loss: 248338503.137
[1, 19300] loss: 801149096.219
[1, 19320] loss: 959597852.902
[1, 19340] loss: 942572097.281
[1, 19360] loss: 618974133.553
[1, 19380] loss: 484659208.163
[1, 19400] loss: 155218408.581
[1, 19420] loss: 193878801.512
[1, 19440] loss: 88281023.312
[1, 19460] loss: 124787911.487
[1, 19480] loss: 726152696.369
[1, 19500] loss: 487221756.887
[1, 19520] loss: 569510376.058
[1, 19540] loss: 613856657.513
[1, 19560] loss: 554136520.362
[1, 19580] loss: 50528950.733
[1, 19600] loss: 94790307.445
[1, 19620] loss: 113621842.675
[1, 19640] loss: 197587659.075
[1, 19660] loss: 174132594.934
[1, 19680] loss: 2772935600.581
[1, 19700] loss: 36733922309.500
[1, 19720] loss: 22936158184980852.000
[1, 19740] loss: 10141245360413082.000
[1, 19760] loss: 399894930789171.188
[1, 19780] loss: 47006307793715.203
[1, 19800] loss: 7193841545139.200
[1, 19820] loss: 3075802196992.000
[1, 19840] loss: 4799595035033.600
[1, 19860] loss: 3324352512409.600
[1, 19880] loss: 3033921422643.200
[1, 19900] loss: 2821016899788.800
[1, 19920] loss: 2166452893888.000
[1, 19940] loss: 1842902265804.800
[1, 19960] loss: 644557242636.400
[1, 19980] loss: 2263001910067.200
[1, 20000] loss: 1837209582080.000
[1, 20020] loss: 1535881408307.200
[1, 20040] loss: 1563884844134.400
[1, 20060] loss: 1725724376460.800
[1, 20080] loss: 703039188681.600
[1, 20100] loss: 928758613388.800
[1, 20120] loss: 1080695157356.800
[1, 20140] loss: 1132232999065.600
[1, 20160] loss: 616878063750.400
[1, 20180] loss: 1026812760422.400
[1, 20200] loss: 673814433843.200
[1, 20220] loss: 863107897344.000
[1, 20240] loss: 745217034547.200
[1, 20260] loss: 832802666572.800
[1, 20280] loss: 986119720524.800
[1, 20300] loss: 794636990368.000
[1, 20320] loss: 764455264153.600
[1, 20340] loss: 766815573954.400
[1, 20360] loss: 505330825011.200
[1, 20380] loss: 734544726041.600
[1, 20400] loss: 509906056249.694
[1, 20420] loss: 618457754636.400
[1, 20440] loss: 382560223948.800
[1, 20460] loss: 568166396006.400
[1, 20480] loss: 427930762515.200
[1, 20500] loss: 400473495161.600
[1, 20520] loss: 421545755452.800
[1, 20540] loss: 558315710724.800
[1, 20560] loss: 905651465556.075
[1, 20580] loss: 795134363447.200
[1, 20600] loss: 378156400748.800
[1, 20620] loss: 540445006745.600
[1, 20640] loss: 238218081420.000
[1, 20660] loss: 308151213516.800
[1, 20680] loss: 395629841235.200
[1, 20700] loss: 452062656140.800
[1, 20720] loss: 585006713446.400
[1, 20740] loss: 433199983251.200
[1, 20760] loss: 259182348569.600
[1, 20780] loss: 483103053478.400
[1, 20800] loss: 611771529088.000
[1, 20820] loss: 342780479385.600
[1, 20840] loss: 500881064396.800
[1, 20860] loss: 392326600864.000
[1, 20880] loss: 563159155046.400
[1, 20900] loss: 517700736716.800
[1, 20920] loss: 384484592358.400
[1, 20940] loss: 219202473336.800
[1, 20960] loss: 439525419884.800
[1, 20980] loss: 463457980518.400
[1, 21000] loss: 288449793984.000
[1, 21020] loss: 206742589316.300
[1, 21040] loss: 344898205752.000
[1, 21060] loss: 241477686472.800
[1, 21080] loss: 128957262614.400
[1, 21100] loss: 212712748364.800
[1, 21120] loss: 526393669632.000
[1, 21140] loss: 316812053632.000
[1, 21160] loss: 238688258024.800
[1, 21180] loss: 284648694252.800
[1, 21200] loss: 338982579099.688
[1, 21220] loss: 258660303539.200
[1, 21240] loss: 180782302118.400
[1, 21260] loss: 291376393898.400
[1, 21280] loss: 267543104358.400
[1, 21300] loss: 275337954206.338
[1, 21320] loss: 267832813760.000
[1, 21340] loss: 369570061414.400
[1, 21360] loss: 458340738292.600
[1, 21380] loss: 259385434354.400
[1, 21400] loss: 264168178777.600
[1, 21420] loss: 213408976489.600
[1, 21440] loss: 152738287089.600
[1, 21460] loss: 301365613822.500
[1, 21480] loss: 237383779174.400
[1, 21500] loss: 130829227819.200
[1, 21520] loss: 141889832905.600
[1, 21540] loss: 147233960505.600
[1, 21560] loss: 196135099680.800
[1, 21580] loss: 357796134910.800
[1, 21600] loss: 216433830108.800
[1, 21620] loss: 179071470406.400
[1, 21640] loss: 182122928172.800
[1, 21660] loss: 274465229872.000
[1, 21680] loss: 354041680048.000
[1, 21700] loss: 214043058280.800
[1, 21720] loss: 126832030822.400
[1, 21740] loss: 200788923983.200
[1, 21760] loss: 314847910926.400
[1, 21780] loss: 110452176345.600
[1, 21800] loss: 97547520391.400
[1, 21820] loss: 83920707731.200
[1, 21840] loss: 295269563790.400
[1, 21860] loss: 161905637132.800
[1, 21880] loss: 94464262171.200
[1, 21900] loss: 118138518217.800
[1, 21920] loss: 224433785090.500
[1, 21940] loss: 81084136069.850
[1, 21960] loss: 236086369337.600
[1, 21980] loss: 110074634827.200
[1, 22000] loss: 41976916261.600
[1, 22020] loss: 96456666682.350
[1, 22040] loss: 85513773166.800
[1, 22060] loss: 99250682713.200
[1, 22080] loss: 84932350918.400
[1, 22100] loss: 190241657664.800
[1, 22120] loss: 115957780265.600
[1, 22140] loss: 160860268060.800
[1, 22160] loss: 185486357971.200
[1, 22180] loss: 162116255924.800
[1, 22200] loss: 151067958355.200
[1, 22220] loss: 152037006009.600
[1, 22240] loss: 153737702921.600
[1, 22260] loss: 104214502694.400
[1, 22280] loss: 134917081900.800
[1, 22300] loss: 172957149368.000
[1, 22320] loss: 70924808794.800
[1, 22340] loss: 95412268105.600
[1, 22360] loss: 101415037504.000
[1, 22380] loss: 117744457259.900
[1, 22400] loss: 122101947821.200
[1, 22420] loss: 222307064438.400
[1, 22440] loss: 70980977222.400
[1, 22460] loss: 92355681881.600
[1, 22480] loss: 68294422963.926
[1, 22500] loss: 109304972806.400
[1, 22520] loss: 138322424974.691
[1, 22540] loss: 53406928290.400
[1, 22560] loss: 74443193715.200
[1, 22580] loss: 102831141465.600
[1, 22600] loss: 119079845836.800
[1, 22620] loss: 83352397881.600
[1, 22640] loss: 73159822857.800
[1, 22660] loss: 109853685174.400
[1, 22680] loss: 71143209316.200
[1, 22700] loss: 146644486516.800
[1, 22720] loss: 235547823649.600
[1, 22740] loss: 133835450067.200
[1, 22760] loss: 41994574063.000
[1, 22780] loss: 67924665795.200
[1, 22800] loss: 72261763263.400
[1, 22820] loss: 66178517523.797
[1, 22840] loss: 81692369248.000
[1, 22860] loss: 73213268005.200
[1, 22880] loss: 139245801229.800
[1, 22900] loss: 121941391156.400
[1, 22920] loss: 76475381697.200
[1, 22940] loss: 101209642661.300
[1, 22960] loss: 46242734049.800
[1, 22980] loss: 133501403216.000
[1, 23000] loss: 83213927515.200
[1, 23020] loss: 93501507585.600
[1, 23040] loss: 102097341203.000
[1, 23060] loss: 52465325381.637
[1, 23080] loss: 47928629672.800
[1, 23100] loss: 48830383780.800
[1, 23120] loss: 54863612899.200
[1, 23140] loss: 91147381603.200
[1, 23160] loss: 71417043968.000
[1, 23180] loss: 33968477552.000
[1, 23200] loss: 43564107075.400
[1, 23220] loss: 72594470889.600
[1, 23240] loss: 75567867313.400
[1, 23260] loss: 42249622534.400
[1, 23280] loss: 71013937808.600
[1, 23300] loss: 222580381954.400
[1, 23320] loss: 55745347487.600
[1, 23340] loss: 69920866667.700
[1, 23360] loss: 76743068485.000
[1, 23380] loss: 53458510914.200
[1, 23400] loss: 20557109072.000
[1, 23420] loss: 50618449603.200
[1, 23440] loss: 35140083129.600
[1, 23460] loss: 58689258131.400
[1, 23480] loss: 46360211446.400
[1, 23500] loss: 76241055983.062
[1, 23520] loss: 38138331880.000
[1, 23540] loss: 31265465826.000
[1, 23560] loss: 42015662328.800
[1, 23580] loss: 47194464422.400
[1, 23600] loss: 42638807361.200
[1, 23620] loss: 26811962506.800
[1, 23640] loss: 36113488492.000
[1, 23660] loss: 65757409552.000
[1, 23680] loss: 53826189685.075
[1, 23700] loss: 109020059693.875
[1, 23720] loss: 50906714776.000
[1, 23740] loss: 32973210723.200
[1, 23760] loss: 40740752260.000
[1, 23780] loss: 40473214733.325
[1, 23800] loss: 52753938067.200
[1, 23820] loss: 34976879521.775
[1, 23840] loss: 53690951945.805
[1, 23860] loss: 105124545089.000
[1, 23880] loss: 40099973371.600
[1, 23900] loss: 61261115590.100
[1, 23920] loss: 41661412270.400
[1, 23940] loss: 46242166668.338
[1, 23960] loss: 26597476324.400
[1, 23980] loss: 37570466236.283
[1, 24000] loss: 31040814326.400
[1, 24020] loss: 29806050150.600
[1, 24040] loss: 42377424098.400
[1, 24060] loss: 39136644964.200
[1, 24080] loss: 17122231684.400
[1, 24100] loss: 21480779054.718
[1, 24120] loss: 19078680048.888
[1, 24140] loss: 24981286355.600
[1, 24160] loss: 30904764225.600
[1, 24180] loss: 61436382939.200
[1, 24200] loss: 59795052610.500
[1, 24220] loss: 60823693342.925
[1, 24240] loss: 19723906316.800
[1, 24260] loss: 24437732566.000
[1, 24280] loss: 40637837169.600
[1, 24300] loss: 31484692291.400
[1, 24320] loss: 22113343016.327
[1, 24340] loss: 33640244757.800
[1, 24360] loss: 12845228634.000
[1, 24380] loss: 18844069155.200
[1, 24400] loss: 37139344323.200
[1, 24420] loss: 31880919219.200
[1, 24440] loss: 26874032536.600
[1, 24460] loss: 40460112138.400
[1, 24480] loss: 35961834571.200
[1, 24500] loss: 35562321124.000
[1, 24520] loss: 26404911941.356
[1, 24540] loss: 12219754001.700
[1, 24560] loss: 22720953920.800
[1, 24580] loss: 26380874649.600
[1, 24600] loss: 16601809542.400
[1, 24620] loss: 33787435904.000
[1, 24640] loss: 28112953821.800
[1, 24660] loss: 24421521235.600
[1, 24680] loss: 28893441741.000
[1, 24700] loss: 27563260581.575
[1, 24720] loss: 15176110187.688
[1, 24740] loss: 13453057973.600
[1, 24760] loss: 18473320217.600
[1, 24780] loss: 29073369922.650
[1, 24800] loss: 22584927516.287
[1, 24820] loss: 11531618268.919
[1, 24840] loss: 22961678896.200
[1, 24860] loss: 27527251388.325
[1, 24880] loss: 27302731803.600
[1, 24900] loss: 23550983671.200
[1, 24920] loss: 38290770260.300
[1, 24940] loss: 32107460382.162
[1, 24960] loss: 59579487555.200
[1, 24980] loss: 20248608560.364
[1, 25000] loss: 12448653321.500
[1, 25020] loss: 14348987585.200
[1, 25040] loss: 14452062268.171
[1, 25060] loss: 15401380947.200
[1, 25080] loss: 22115635063.000
[1, 25100] loss: 51144423539.200
[1, 25120] loss: 26256333532.800
[1, 25140] loss: 25166846086.975
[1, 25160] loss: 20397535075.900
[1, 25180] loss: 25239444854.400
[1, 25200] loss: 39317389352.012
[1, 25220] loss: 20547588467.200
[1, 25240] loss: 20126714835.200
[1, 25260] loss: 16184565583.200
[1, 25280] loss: 18485509293.013
[1, 25300] loss: 26219221171.200
[1, 25320] loss: 14423373641.600
[1, 25340] loss: 14385115148.519
[1, 25360] loss: 16233865264.750
[1, 25380] loss: 21677751332.797
[1, 25400] loss: 64222186707.200
[1, 25420] loss: 122558118934.600
[1, 25440] loss: 210596411481.600
[1, 25460] loss: 98604512998.400
[1, 25480] loss: 12363119653.200
[1, 25500] loss: 24487244452.800
[1, 25520] loss: 20010446601.600
[1, 25540] loss: 114511179917.158
[1, 25560] loss: 85052955027.200
[1, 25580] loss: 144518581756.800
[1, 25600] loss: 81346340614.400
[1, 25620] loss: 123541892232.000
[1, 25640] loss: 46609022370.400
[1, 25660] loss: 11844062112.800
[1, 25680] loss: 20073013740.800
[1, 25700] loss: 12926766971.100
[1, 25720] loss: 12164793765.200
[1, 25740] loss: 14744903659.150
[1, 25760] loss: 8829407722.888
[1, 25780] loss: 11420126079.600
[1, 25800] loss: 14783497730.888
[1, 25820] loss: 13013549952.175
[1, 25840] loss: 13736464920.000
[1, 25860] loss: 14208350770.200
[1, 25880] loss: 25133310440.800
[1, 25900] loss: 17126612021.050
[1, 25920] loss: 14566706995.400
[1, 25940] loss: 14624743834.612
[1, 25960] loss: 7414914085.250
[1, 25980] loss: 8070651101.750
[1, 26000] loss: 7284362102.400
[1, 26020] loss: 15236396508.800
[1, 26040] loss: 5134408400.395
[1, 26060] loss: 5877722690.262
[1, 26080] loss: 24130387178.600
[1, 26100] loss: 7823805415.933
[1, 26120] loss: 9761793862.013
[1, 26140] loss: 11914848839.600
[1, 26160] loss: 15939938930.216
[1, 26180] loss: 7821140878.400
[1, 26200] loss: 8758174485.400
[1, 26220] loss: 5907896337.066
[1, 26240] loss: 10311481541.589
[1, 26260] loss: 12620472066.575
[1, 26280] loss: 8029268001.950
[1, 26300] loss: 5994479386.333
[1, 26320] loss: 8369190823.200
[1, 26340] loss: 16022346590.700
[1, 26360] loss: 8130737141.800
[1, 26380] loss: 8521941680.000
[1, 26400] loss: 15657011548.800
[1, 26420] loss: 5296744680.100
[1, 26440] loss: 13316182420.962
[1, 26460] loss: 14206698058.891
[1, 26480] loss: 6122253605.538
[1, 26500] loss: 9488372611.750
[1, 26520] loss: 12845462006.981
[1, 26540] loss: 7637467374.600
[1, 26560] loss: 14175186441.800
[1, 26580] loss: 8527215707.600
[1, 26600] loss: 5933235469.200
[1, 26620] loss: 15020375941.600
[1, 26640] loss: 9124992439.112
[1, 26660] loss: 34776398258.325
[1, 26680] loss: 20788327408.250
[1, 26700] loss: 9810411885.600
[1, 26720] loss: 17311476665.600
[1, 26740] loss: 12379993429.500
[1, 26760] loss: 6940323866.700
[1, 26780] loss: 21166809211.600
[1, 26800] loss: 10303884718.850
[1, 26820] loss: 7933424880.771
[1, 26840] loss: 5877769375.100
[1, 26860] loss: 36542192677.200
[1, 26880] loss: 14242258237.181
[1, 26900] loss: 5845770060.093
[1, 26920] loss: 16781700571.050
[1, 26940] loss: 14979602826.138
[1, 26960] loss: 24664556853.600
[1, 26980] loss: 6654405619.544
[1, 27000] loss: 16234578594.175
[1, 27020] loss: 8327035062.100
[1, 27040] loss: 4956126614.175
[1, 27060] loss: 7571626773.450
[1, 27080] loss: 7528227651.000
[1, 27100] loss: 12140126328.589
[1, 27120] loss: 18607337537.000
[1, 27140] loss: 2669201342.250
[1, 27160] loss: 78210753604.831
[1, 27180] loss: 39348133310.267
[1, 27200] loss: 11722628742.000
[1, 27220] loss: 8322149397.169
[1, 27240] loss: 8804280844.800
[1, 27260] loss: 11365074540.000
[1, 27280] loss: 6522487700.906
[1, 27300] loss: 14400055652.000
[1, 27320] loss: 10087934551.200
[1, 27340] loss: 5157901441.000
[1, 27360] loss: 5029856431.299
[1, 27380] loss: 9692831732.600
[1, 27400] loss: 20134430067.000
[1, 27420] loss: 15602415932.650
[1, 27440] loss: 18091084707.200
[1, 27460] loss: 8692081280.400
[1, 27480] loss: 5238727303.144
[1, 27500] loss: 9041792366.800
[1, 27520] loss: 10291387362.400
[1, 27540] loss: 30966878663.050
[1, 27560] loss: 7632240607.752
[1, 27580] loss: 8933992865.600
[1, 27600] loss: 12973612643.600
[1, 27620] loss: 9653322116.800
[1, 27640] loss: 7149969151.500
[1, 27660] loss: 10616025183.531
[1, 27680] loss: 17095558908.300
[1, 27700] loss: 9607230807.925
[1, 27720] loss: 7418573280.073
[1, 27740] loss: 13083451984.800
[1, 27760] loss: 6265626318.000
[1, 27780] loss: 2810555864.200
[1, 27800] loss: 8143679779.084
[1, 27820] loss: 23517504886.400
[1, 27840] loss: 8067273868.672
[1, 27860] loss: 4050841752.200
[1, 27880] loss: 8976693394.000
[1, 27900] loss: 5364042374.600
[1, 27920] loss: 7697534384.400
[1, 27940] loss: 7831209693.758
[1, 27960] loss: 2034715035.550
[1, 27980] loss: 2979367971.852
[1, 28000] loss: 3734140038.500
[1, 28020] loss: 9845105409.350
[1, 28040] loss: 9605977765.639
[1, 28060] loss: 7599748186.000
[1, 28080] loss: 6867047367.200
[1, 28100] loss: 19513975757.200
[1, 28120] loss: 5502963579.712
[1, 28140] loss: 5736203471.100
[1, 28160] loss: 6293688048.944
[1, 28180] loss: 8579043646.648
[1, 28200] loss: 3599368846.825
[1, 28220] loss: 25227604185.000
[1, 28240] loss: 706174934787.200
[1, 28260] loss: 1056072272192.000
[1, 28280] loss: 53932738163.200
[1, 28300] loss: 16023135396.562
[1, 28320] loss: 9701216909.550
[1, 28340] loss: 10688888041.000
[1, 28360] loss: 4673467076.994
[1, 28380] loss: 6800108552.275
[1, 28400] loss: 5214968198.236
[1, 28420] loss: 3865349157.000
[1, 28440] loss: 7573096218.706
[1, 28460] loss: 3540716117.637
[1, 28480] loss: 4097194349.691
[1, 28500] loss: 5422592198.500
[1, 28520] loss: 3531948561.600
[1, 28540] loss: 1391705742.150
[1, 28560] loss: 3548737219.550
[1, 28580] loss: 1659584842.600
[1, 28600] loss: 4615003199.000
[1, 28620] loss: 2513508434.600
[1, 28640] loss: 4764063194.400
[1, 28660] loss: 1321887635.525
[1, 28680] loss: 2986225162.631
[1, 28700] loss: 4605693427.400
[1, 28720] loss: 2936156637.738
[1, 28740] loss: 2322757273.841
[1, 28760] loss: 3008399796.147
[1, 28780] loss: 2935927072.588
[1, 28800] loss: 4023365932.928
[1, 28820] loss: 3778075444.890
[1, 28840] loss: 3124110611.056
[1, 28860] loss: 2634519233.450
[1, 28880] loss: 2377629227.600
[1, 28900] loss: 4491125901.855
[1, 28920] loss: 2859505055.750
[1, 28940] loss: 2484006256.406
[1, 28960] loss: 3253464243.000
[1, 28980] loss: 1009716198.700
[1, 29000] loss: 3716762500.950
[1, 29020] loss: 1722611425.200
[1, 29040] loss: 2305128722.650
[1, 29060] loss: 11117251172.800
[1, 29080] loss: 2487189302.005
[1, 29100] loss: 1204211833.700
[1, 29120] loss: 2653399984.000
[1, 29140] loss: 3176017035.208
[1, 29160] loss: 2884817734.750
[1, 29180] loss: 3689330342.400
[1, 29200] loss: 2272861353.800
[1, 29220] loss: 1242651496.375
[1, 29240] loss: 1204279801.150
[1, 29260] loss: 3629469171.300
[1, 29280] loss: 1945225698.025
[1, 29300] loss: 1728835180.086
[1, 29320] loss: 2063176167.925
[1, 29340] loss: 1963885300.600
[1, 29360] loss: 1204009107.275
[1, 29380] loss: 1519993448.115
[1, 29400] loss: 1702405942.769
[1, 29420] loss: 571198918.482
[1, 29440] loss: 1800942385.945
[1, 29460] loss: 1339482694.963
[1, 29480] loss: 1077708935.879
[1, 29500] loss: 2045236511.800
[1, 29520] loss: 1945358375.225
[1, 29540] loss: 1654647223.500
[1, 29560] loss: 2848059309.225
[1, 29580] loss: 3150118579.275
[1, 29600] loss: 1334355632.200
[1, 29620] loss: 2449582619.200
[1, 29640] loss: 1136439045.434
[1, 29660] loss: 2019505215.325
[1, 29680] loss: 1118388784.912
[1, 29700] loss: 1176572429.014
[1, 29720] loss: 1428387219.209
[1, 29740] loss: 1486189426.375
[1, 29760] loss: 1029111972.375
[1, 29780] loss: 1303703553.542
[1, 29800] loss: 1974762723.825
[1, 29820] loss: 1589616062.413
[1, 29840] loss: 990672049.950
[1, 29860] loss: 5425027401.600
[1, 29880] loss: 2436519079.300
[1, 29900] loss: 1441775672.394
[1, 29920] loss: 1197928372.320
[1, 29940] loss: 1340373142.325
[1, 29960] loss: 707446913.931
[1, 29980] loss: 522972992.538
[1, 30000] loss: 960985546.984
[1, 30020] loss: 1112899691.448
[1, 30040] loss: 982755405.350
[1, 30060] loss: 1534515207.975
[1, 30080] loss: 2214050424.500
[1, 30100] loss: 1400227870.562
[1, 30120] loss: 2667045524.900
[1, 30140] loss: 2011518705.650
[1, 30160] loss: 1563930317.022
[1, 30180] loss: 1050813559.109
[1, 30200] loss: 1199641826.700
[1, 30220] loss: 1057324410.956
[1, 30240] loss: 1301470801.662
[1, 30260] loss: 1249931409.838
[1, 30280] loss: 1337412577.714
[1, 30300] loss: 583919082.350
[1, 30320] loss: 1140810499.800
[1, 30340] loss: 951763123.772
[1, 30360] loss: 878126155.440
[1, 30380] loss: 620480873.400
[1, 30400] loss: 1096302016.500
[1, 30420] loss: 11750881862.712
[1,    20] loss: 36459895915.789
[1,    40] loss: 19414059144.718
[1,    60] loss: 21108532544.339
[1,    80] loss: 17762865706.886
[1,   100] loss: 14693300514.331
[1,   120] loss: 15420336678.939
[1,   140] loss: 13377894056.430
[1,   160] loss: 12431387410.439
[1,   180] loss: 11760972726.758
[1,   200] loss: 12307758876.029
[1,   220] loss: 11936224771.478
[1,   240] loss: 11118701486.674
[1,   260] loss: 10394658924.375
[1,   280] loss: 9657628131.744
[1,   300] loss: 9024701790.732
[1,   320] loss: 8501171214.360
[1,   340] loss: 8078333443.507
[1,   360] loss: 7644988864.652
[1,   380] loss: 7250291058.607
[1,   400] loss: 6918639551.930
[1,   420] loss: 6619934220.616
[1,   440] loss: 6652109605.700
[1,   460] loss: 6375641576.165
[1,   480] loss: 6271818588.333
[1,   500] loss: 6097152869.399
[1,   520] loss: 5868047869.406
[1,   540] loss: 5667911954.519
[1,   560] loss: 5576610511.681
[1,   580] loss: 5433862900.086
[1,   600] loss: 5287324175.371
[1,   620] loss: 5162574456.344
[1,   640] loss: 5046854559.609
[1,   660] loss: 5513778436.817
[1,   680] loss: 5366157571.115
[1,   700] loss: 5346910806.345
[1,   720] loss: 5455132182.703
[1,   740] loss: 5671178435.988
[1,   760] loss: 5824908129.396
[1,   780] loss: 6088070141.950
[1,   800] loss: 6196029356.620
[1,   820] loss: 6234229337.010
[1,   840] loss: 6358876680.166
[1,   860] loss: 6366023974.001
[1,   880] loss: 6400285345.642
[1,   900] loss: 6565662553.988
[1,   920] loss: 6776180252.696
[1,   940] loss: 6778837463.927
[1,   960] loss: 6649592913.054
[1,   980] loss: 6539110166.455
[1,  1000] loss: 6481077238.998
[1,  1020] loss: 6428871487.277
[1,  1040] loss: 6368039116.473
[1,  1060] loss: 6281450661.015
[1,  1080] loss: 6178747235.084
[1,  1100] loss: 6113901817.273
[1,  1120] loss: 6043173932.639
[1,  1140] loss: 5994960906.142
[1,  1160] loss: 5955051964.658
[1,  1180] loss: 5899584820.464
[1,  1200] loss: 5812382145.280
[1,  1220] loss: 5726224716.810
[1,  1240] loss: 5648847748.338
[1,  1260] loss: 5573005813.019
[1,  1280] loss: 5495708108.434
[1,  1300] loss: 5439638459.738
[1,  1320] loss: 5370275234.643
[1,  1340] loss: 5290232614.575
[1,  1360] loss: 5213730333.821
[1,  1380] loss: 5138980464.137
[1,  1400] loss: 5078493059.280
[1,  1420] loss: 5034906077.979
[1,  1440] loss: 4997732287.764
[1,  1460] loss: 4952907963.556
[1,  1480] loss: 4906752665.085
[1,  1500] loss: 4866479548.016
[1,  1520] loss: 4829943128.129
[1,  1540] loss: 4788854503.369
[1,  1560] loss: 4742994064.225
[1,  1580] loss: 4686186670.923
[1,  1600] loss: 4629591259.389
[1,  1620] loss: 4577181979.905
[1,  1640] loss: 4530138469.659
[1,  1660] loss: 4497704044.997
[1,  1680] loss: 4568876523.318
[1,  1700] loss: 4621832778.186
[1,  1720] loss: 4656031264.220
[1,  1740] loss: 4716206830.092
[1,  1760] loss: 4755682549.136
[1,  1780] loss: 4741080001.310
[1,  1800] loss: 4725095841.135
[1,  1820] loss: 4700621363.137
[1,  1840] loss: 4682044420.017
[1,  1860] loss: 4679533232.298
[1,  1880] loss: 4738314203.791
[1,  1900] loss: 4790874721.092
[1,  1920] loss: 4818287054.138
[1,  1940] loss: 4947909609.322
[1,  1960] loss: 5073265118.837
[1,  1980] loss: 5098386092.723
[1,  2000] loss: 5060405354.841
[1,  2020] loss: 5025973922.136
[1,  2040] loss: 5003144530.327
[1,  2060] loss: 5007468138.767
[1,  2080] loss: 4975843278.465
[1,  2100] loss: 5041326727.345
[1,  2120] loss: 5148321291.323
[1,  2140] loss: 5152315871.862
[1,  2160] loss: 5171849473.857
[1,  2180] loss: 5165824360.639
[1,  2200] loss: 5152117452.330
[1,  2220] loss: 5109734205.904
[1,  2240] loss: 5115803350.305
[1,  2260] loss: 5088703340.451
[1,  2280] loss: 5060828707.369
[1,  2300] loss: 5035744970.745
[1,  2320] loss: 5059699585.683
[1,  2340] loss: 5112652602.371
[1,  2360] loss: 5075725601.421
[1,  2380] loss: 5043742089.685
[1,  2400] loss: 5063862628.228
[1,  2420] loss: 5037590854.364
[1,  2440] loss: 5049042651.146
[1,  2460] loss: 5050998559.116
[1,  2480] loss: 5029612796.619
[1,  2500] loss: 4996537030.554
[1,  2520] loss: 4967437195.532
[1,  2540] loss: 4950304893.880
[1,  2560] loss: 4930254434.311
[1,  2580] loss: 4916975091.661
[1,  2600] loss: 4885144652.830
[1,  2620] loss: 4859089330.316
[1,  2640] loss: 4837776010.598
[1,  2660] loss: 4811192693.421
[1,  2680] loss: 4817909117.789
[1,  2700] loss: 4789050805.890
[1,  2720] loss: 4762391493.670
[1,  2740] loss: 4739784079.618
[1,  2760] loss: 4720605158.502
[1,  2780] loss: 4709445795.439
[1,  2800] loss: 4691287328.030
[1,  2820] loss: 4671198556.289
[1,  2840] loss: 4648806142.793
[1,  2860] loss: 4634834932.022
[1,  2880] loss: 4615847157.661
[1,  2900] loss: 4610504941.697
[1,  2920] loss: 4591375687.737
[1,  2940] loss: 4586277246.371
[1,  2960] loss: 4587930555.912
[1,  2980] loss: 4575643553.041
[1,  3000] loss: 4559728422.358
[1,  3020] loss: 4534778137.136
[1,  3040] loss: 4538870683.876
[1,  3060] loss: 4556321631.941
[1,  3080] loss: 4555873375.775
[1,  3100] loss: 4549284303.792
[1,  3120] loss: 4525094805.086
[1,  3140] loss: 4510192651.125
[1,  3160] loss: 4489680206.283
[1,  3180] loss: 4462105593.931
[1,  3200] loss: 4439634371.587
[1,  3220] loss: 4425933959.362
[1,  3240] loss: 4476215044.827
[1,  3260] loss: 4604727808.163
[1,  3280] loss: 4595971464.284
[1,  3300] loss: 4602885843.699
[1,  3320] loss: 4592703053.102
[1,  3340] loss: 4567251110.962
[1,  3360] loss: 4551914926.685
