cuda:  6
color_space: YCbCr
batch_size: 1
num_epcochs: 1
learning_rate: 0.003
[1,    20] loss: 135.696
[1,    40] loss: 1342.913
[1,    60] loss: 19.747
[1,    80] loss: 11.840
[1,   100] loss: 18.856
[1,   120] loss: 3.853
[1,   140] loss: 7.423
[1,   160] loss: 1.633
[1,   180] loss: 0.384
[1,   200] loss: 0.200
[1,   220] loss: 0.215
[1,   240] loss: 0.120
[1,   260] loss: 0.188
[1,   280] loss: 0.036
[1,   300] loss: 0.062
[1,   320] loss: 0.197
[1,   340] loss: 0.186
[1,   360] loss: 0.066
[1,   380] loss: 0.075
[1,   400] loss: 0.109
[1,   420] loss: 0.066
[1,   440] loss: 0.272
[1,   460] loss: 0.178
[1,   480] loss: 0.079
[1,   500] loss: 0.127
[1,   520] loss: 0.166
[1,   540] loss: 0.080
[1,   560] loss: 0.104
[1,   580] loss: 0.072
[1,   600] loss: 0.114
[1,   620] loss: 0.221
[1,   640] loss: 0.124
[1,   660] loss: 0.061
[1,   680] loss: 0.062
[1,   700] loss: 0.084
[1,   720] loss: 0.108
[1,   740] loss: 0.258
[1,   760] loss: 0.300
[1,   780] loss: 0.151
[1,   800] loss: 0.052
[1,   820] loss: 0.066
[1,   840] loss: 0.186
[1,   860] loss: 0.081
[1,   880] loss: 0.095
[1,   900] loss: 0.113
[1,   920] loss: 0.055
[1,   940] loss: 0.105
[1,   960] loss: 0.021
[1,   980] loss: 0.036
[1,  1000] loss: 0.104
[1,  1020] loss: 0.094
[1,  1040] loss: 0.183
[1,  1060] loss: 0.082
[1,  1080] loss: 0.064
[1,  1100] loss: 0.054
[1,  1120] loss: 0.098
[1,  1140] loss: 0.011
[1,  1160] loss: 0.044
[1,  1180] loss: 0.032
[1,  1200] loss: 0.053
[1,  1220] loss: 0.044
[1,  1240] loss: 0.170
[1,  1260] loss: 0.144
[1,  1280] loss: 0.037
[1,  1300] loss: 0.068
[1,  1320] loss: 0.134
[1,  1340] loss: 0.056
[1,  1360] loss: 0.050
[1,  1380] loss: 0.173
[1,  1400] loss: 0.035
[1,  1420] loss: 0.038
[1,  1440] loss: 0.030
[1,  1460] loss: 0.172
[1,  1480] loss: 0.352
[1,  1500] loss: 0.228
[1,  1520] loss: 0.107
[1,  1540] loss: 0.115
[1,  1560] loss: 0.055
[1,  1580] loss: 0.063
[1,  1600] loss: 0.086
[1,  1620] loss: 0.071
[1,  1640] loss: 0.069
[1,  1660] loss: 0.019
[1,  1680] loss: 0.072
[1,  1700] loss: 0.032
[1,  1720] loss: 0.143
[1,  1740] loss: 0.063
[1,  1760] loss: 0.027
[1,  1780] loss: 0.100
[1,  1800] loss: 0.055
[1,  1820] loss: 0.125
[1,  1840] loss: 0.038
[1,  1860] loss: 0.091
[1,  1880] loss: 0.021
[1,  1900] loss: 0.253
[1,  1920] loss: 0.057
[1,  1940] loss: 0.077
[1,  1960] loss: 0.164
[1,  1980] loss: 0.054
[1,  2000] loss: 0.213
[1,  2020] loss: 0.217
[1,  2040] loss: 0.072
[1,  2060] loss: 0.058
[1,  2080] loss: 0.230
[1,  2100] loss: 0.055
[1,  2120] loss: 0.187
[1,  2140] loss: 0.030
[1,  2160] loss: 0.035
[1,  2180] loss: 0.180
[1,  2200] loss: 0.079
[1,  2220] loss: 0.070
[1,  2240] loss: 0.026
[1,  2260] loss: 0.076
[1,  2280] loss: 0.025
[1,  2300] loss: 0.036
[1,  2320] loss: 0.046
[1,  2340] loss: 0.040
[1,  2360] loss: 0.083
[1,  2380] loss: 0.135
[1,  2400] loss: 0.152
[1,  2420] loss: 0.165
[1,  2440] loss: 0.059
[1,  2460] loss: 0.044
[1,  2480] loss: 0.058
[1,  2500] loss: 0.032
[1,  2520] loss: 0.057
[1,  2540] loss: 0.046
[1,  2560] loss: 0.013
[1,  2580] loss: 0.113
[1,  2600] loss: 0.073
[1,  2620] loss: 0.032
[1,  2640] loss: 0.070
[1,  2660] loss: 0.058
[1,  2680] loss: 0.176
[1,  2700] loss: 0.124
[1,  2720] loss: 0.069
[1,  2740] loss: 0.088
[1,  2760] loss: 0.084
[1,  2780] loss: 0.100
[1,  2800] loss: 0.100
[1,  2820] loss: 0.060
[1,  2840] loss: 0.127
[1,  2860] loss: 0.034
[1,  2880] loss: 0.038
[1,  2900] loss: 0.041
[1,  2920] loss: 0.040
[1,  2940] loss: 0.031
[1,  2960] loss: 0.092
[1,  2980] loss: 0.058
[1,  3000] loss: 0.018
[1,  3020] loss: 0.072
[1,  3040] loss: 0.025
[1,  3060] loss: 0.069
[1,  3080] loss: 0.030
[1,  3100] loss: 0.063
[1,  3120] loss: 0.111
[1,  3140] loss: 0.041
[1,  3160] loss: 0.136
[1,  3180] loss: 0.054
[1,  3200] loss: 0.017
[1,  3220] loss: 0.078
[1,  3240] loss: 0.112
[1,  3260] loss: 0.151
[1,  3280] loss: 0.056
[1,  3300] loss: 0.048
[1,  3320] loss: 0.107
[1,  3340] loss: 0.058
[1,  3360] loss: 0.062
[1,  3380] loss: 0.064
[1,  3400] loss: 0.032
[1,  3420] loss: 0.084
[1,  3440] loss: 0.042
[1,  3460] loss: 0.118
[1,  3480] loss: 0.069
[1,  3500] loss: 0.069
[1,  3520] loss: 0.158
[1,  3540] loss: 0.059
[1,  3560] loss: 0.054
[1,  3580] loss: 0.014
[1,  3600] loss: 0.132
[1,  3620] loss: 0.087
[1,  3640] loss: 0.171
[1,  3660] loss: 0.039
[1,  3680] loss: 0.159
[1,  3700] loss: 0.070
[1,  3720] loss: 0.274
[1,  3740] loss: 0.056
[1,  3760] loss: 0.092
[1,  3780] loss: 0.117
[1,  3800] loss: 0.052
[1,  3820] loss: 0.028
[1,  3840] loss: 0.060
[1,  3860] loss: 0.092
[1,  3880] loss: 0.181
[1,  3900] loss: 0.069
[1,  3920] loss: 0.164
[1,  3940] loss: 0.104
[1,  3960] loss: 0.021
[1,  3980] loss: 0.030
[1,  4000] loss: 0.073
[1,  4020] loss: 0.044
[1,  4040] loss: 0.016
[1,  4060] loss: 0.061
[1,  4080] loss: 0.059
[1,  4100] loss: 0.080
[1,  4120] loss: 0.195
[1,  4140] loss: 0.115
[1,  4160] loss: 0.083
[1,  4180] loss: 0.039
[1,  4200] loss: 0.058
[1,  4220] loss: 0.019
[1,  4240] loss: 0.017
[1,  4260] loss: 0.082
[1,  4280] loss: 0.044
[1,  4300] loss: 0.059
[1,  4320] loss: 0.026
[1,  4340] loss: 0.011
[1,  4360] loss: 0.072
[1,  4380] loss: 0.040
[1,  4400] loss: 0.026
[1,  4420] loss: 0.072
[1,  4440] loss: 0.009
[1,  4460] loss: 0.062
[1,  4480] loss: 0.055
[1,  4500] loss: 0.115
[1,  4520] loss: 0.082
[1,  4540] loss: 0.180
[1,  4560] loss: 0.095
[1,  4580] loss: 0.079
[1,  4600] loss: 0.124
[1,  4620] loss: 0.068
[1,  4640] loss: 0.064
[1,  4660] loss: 0.025
[1,  4680] loss: 0.224
[1,  4700] loss: 0.065
[1,  4720] loss: 0.060
[1,  4740] loss: 0.035
[1,  4760] loss: 0.135
[1,  4780] loss: 0.089
[1,  4800] loss: 0.109
[1,  4820] loss: 0.036
[1,  4840] loss: 0.039
[1,  4860] loss: 0.259
[1,  4880] loss: 0.109
[1,  4900] loss: 0.054
[1,  4920] loss: 0.067
[1,  4940] loss: 0.058
[1,  4960] loss: 0.111
[1,  4980] loss: 0.053
[1,  5000] loss: 0.257
[1,  5020] loss: 0.150
[1,  5040] loss: 0.168
[1,  5060] loss: 0.168
[1,  5080] loss: 0.085
[1,  5100] loss: 0.064
[1,  5120] loss: 0.106
[1,  5140] loss: 0.038
[1,  5160] loss: 0.133
[1,  5180] loss: 0.044
[1,  5200] loss: 0.030
[1,  5220] loss: 0.081
[1,  5240] loss: 0.049
[1,  5260] loss: 0.059
[1,  5280] loss: 0.099
[1,  5300] loss: 0.044
[1,  5320] loss: 0.023
[1,  5340] loss: 0.012
[1,  5360] loss: 0.023
[1,  5380] loss: 0.034
[1,  5400] loss: 0.119
[1,  5420] loss: 0.057
[1,  5440] loss: 0.041
[1,  5460] loss: 0.040
[1,  5480] loss: 0.030
[1,  5500] loss: 0.080
[1,  5520] loss: 0.030
[1,  5540] loss: 0.050
[1,  5560] loss: 0.187
[1,  5580] loss: 0.038
[1,  5600] loss: 0.176
[1,  5620] loss: 0.112
[1,  5640] loss: 0.103
[1,  5660] loss: 0.119
[1,  5680] loss: 0.046
[1,  5700] loss: 0.119
[1,  5720] loss: 0.071
[1,  5740] loss: 0.105
[1,  5760] loss: 0.021
[1,  5780] loss: 0.055
[1,  5800] loss: 0.059
[1,  5820] loss: 0.018
[1,  5840] loss: 0.016
[1,  5860] loss: 0.099
[1,  5880] loss: 0.174
[1,  5900] loss: 0.281
[1,  5920] loss: 0.074
[1,  5940] loss: 0.036
[1,  5960] loss: 0.034
[1,  5980] loss: 0.025
[1,  6000] loss: 0.139
[1,  6020] loss: 0.025
[1,  6040] loss: 0.058
[1,  6060] loss: 0.158
[1,  6080] loss: 0.106
[1,  6100] loss: 0.060
[1,  6120] loss: 0.064
[1,  6140] loss: 0.058
[1,  6160] loss: 0.243
[1,  6180] loss: 0.066
[1,  6200] loss: 0.133
[1,  6220] loss: 0.092
[1,  6240] loss: 0.208
[1,  6260] loss: 0.051
[1,  6280] loss: 0.092
[1,  6300] loss: 0.096
[1,  6320] loss: 0.041
[1,  6340] loss: 0.056
[1,  6360] loss: 0.076
[1,  6380] loss: 0.271
[1,  6400] loss: 0.063
[1,  6420] loss: 0.057
[1,  6440] loss: 0.043
[1,  6460] loss: 0.037
[1,  6480] loss: 0.080
[1,  6500] loss: 0.030
[1,  6520] loss: 0.061
[1,  6540] loss: 0.028
[1,  6560] loss: 0.046
[1,  6580] loss: 0.044
[1,  6600] loss: 0.113
[1,  6620] loss: 0.086
[1,  6640] loss: 0.102
[1,  6660] loss: 0.153
[1,  6680] loss: 0.067
[1,  6700] loss: 0.139
[1,  6720] loss: 0.037
[1,  6740] loss: 0.200
[1,  6760] loss: 0.154
[1,  6780] loss: 0.061
[1,  6800] loss: 0.043
[1,  6820] loss: 0.048
[1,  6840] loss: 0.083
[1,  6860] loss: 0.030
[1,  6880] loss: 0.030
[1,  6900] loss: 0.025
[1,  6920] loss: 0.032
[1,  6940] loss: 0.099
[1,  6960] loss: 0.026
[1,  6980] loss: 0.524
[1,  7000] loss: 0.099
[1,  7020] loss: 0.218
[1,  7040] loss: 0.125
[1,  7060] loss: 0.129
[1,  7080] loss: 0.061
[1,  7100] loss: 0.084
[1,  7120] loss: 0.048
[1,  7140] loss: 0.111
[1,  7160] loss: 0.047
[1,  7180] loss: 0.056
[1,  7200] loss: 0.123
[1,  7220] loss: 0.025
[1,  7240] loss: 0.079
[1,  7260] loss: 0.105
[1,  7280] loss: 0.028
[1,  7300] loss: 0.105
[1,  7320] loss: 0.222
[1,  7340] loss: 0.033
[1,  7360] loss: 0.059
[1,  7380] loss: 0.071
[1,  7400] loss: 0.066
[1,  7420] loss: 0.062
[1,  7440] loss: 0.153
[1,  7460] loss: 0.028
[1,  7480] loss: 0.267
[1,  7500] loss: 0.144
[1,  7520] loss: 0.038
[1,  7540] loss: 0.216
[1,  7560] loss: 0.075
[1,  7580] loss: 0.238
[1,  7600] loss: 0.018
[1,  7620] loss: 0.175
[1,  7640] loss: 0.129
[1,  7660] loss: 0.025
[1,  7680] loss: 0.109
[1,  7700] loss: 0.048
[1,  7720] loss: 0.057
[1,  7740] loss: 0.141
[1,  7760] loss: 0.049
[1,  7780] loss: 0.032
[1,  7800] loss: 0.016
[1,  7820] loss: 0.012
[1,  7840] loss: 0.064
[1,  7860] loss: 0.091
[1,  7880] loss: 0.131
[1,  7900] loss: 0.026
[1,  7920] loss: 0.045
[1,  7940] loss: 0.016
[1,  7960] loss: 0.044
[1,  7980] loss: 0.048
[1,  8000] loss: 0.095
[1,  8020] loss: 0.041
[1,  8040] loss: 0.023
[1,  8060] loss: 0.060
[1,  8080] loss: 0.103
[1,  8100] loss: 0.332
[1,  8120] loss: 0.020
[1,  8140] loss: 0.054
[1,  8160] loss: 0.029
[1,  8180] loss: 0.022
[1,  8200] loss: 0.014
[1,  8220] loss: 0.064
[1,  8240] loss: 0.048
[1,  8260] loss: 0.010
[1,  8280] loss: 0.023
[1,  8300] loss: 0.168
[1,  8320] loss: 0.057
[1,  8340] loss: 0.082
[1,  8360] loss: 0.075
[1,  8380] loss: 0.114
[1,  8400] loss: 0.031
[1,  8420] loss: 0.031
[1,  8440] loss: 0.041
[1,  8460] loss: 0.155
[1,  8480] loss: 0.040
[1,  8500] loss: 0.055
[1,  8520] loss: 0.023
[1,  8540] loss: 0.088
[1,  8560] loss: 0.051
[1,  8580] loss: 0.025
[1,  8600] loss: 0.051
[1,  8620] loss: 0.024
[1,  8640] loss: 0.031
[1,  8660] loss: 0.035
[1,  8680] loss: 0.020
[1,  8700] loss: 0.081
[1,  8720] loss: 0.063
[1,  8740] loss: 0.031
[1,  8760] loss: 0.025
[1,  8780] loss: 0.050
[1,  8800] loss: 0.066
[1,  8820] loss: 0.035
[1,  8840] loss: 0.163
[1,  8860] loss: 0.039
[1,  8880] loss: 0.044
[1,  8900] loss: 0.052
[1,  8920] loss: 0.085
[1,  8940] loss: 0.039
[1,  8960] loss: 0.024
[1,  8980] loss: 0.207
[1,  9000] loss: 0.038
[1,  9020] loss: 0.310
[1,  9040] loss: 0.121
[1,  9060] loss: 0.120
[1,  9080] loss: 0.095
[1,  9100] loss: 0.126
[1,  9120] loss: 0.034
[1,  9140] loss: 0.145
[1,  9160] loss: 0.048
[1,  9180] loss: 0.060
[1,  9200] loss: 0.051
[1,  9220] loss: 0.047
[1,  9240] loss: 0.094
[1,  9260] loss: 0.056
[1,  9280] loss: 0.053
[1,  9300] loss: 0.059
[1,  9320] loss: 0.156
[1,  9340] loss: 0.022
[1,  9360] loss: 0.048
[1,  9380] loss: 0.074
[1,  9400] loss: 0.139
[1,  9420] loss: 0.092
[1,  9440] loss: 0.071
[1,  9460] loss: 0.018
[1,  9480] loss: 0.063
[1,  9500] loss: 0.052
[1,  9520] loss: 0.025
[1,  9540] loss: 0.016
[1,  9560] loss: 0.063
[1,  9580] loss: 0.286
[1,  9600] loss: 0.031
[1,  9620] loss: 0.161
[1,  9640] loss: 0.061
[1,  9660] loss: 0.021
[1,  9680] loss: 0.037
[1,  9700] loss: 0.016
[1,  9720] loss: 0.088
[1,  9740] loss: 0.130
[1,  9760] loss: 0.144
[1,  9780] loss: 0.045
[1,  9800] loss: 0.037
[1,  9820] loss: 0.046
[1,  9840] loss: 0.049
[1,  9860] loss: 0.072
[1,  9880] loss: 0.019
[1,  9900] loss: 0.031
[1,  9920] loss: 0.087
[1,  9940] loss: 0.074
[1,  9960] loss: 0.049
[1,  9980] loss: 0.024
[1, 10000] loss: 0.080
[1, 10020] loss: 0.040
[1, 10040] loss: 0.061
[1, 10060] loss: 0.019
[1, 10080] loss: 0.032
[1, 10100] loss: 0.092
[1, 10120] loss: 0.011
[1, 10140] loss: 0.023
[1, 10160] loss: 0.072
[1, 10180] loss: 0.128
[1, 10200] loss: 0.036
[1, 10220] loss: 0.031
[1, 10240] loss: 0.102
[1, 10260] loss: 0.267
[1, 10280] loss: 0.030
[1, 10300] loss: 0.138
[1, 10320] loss: 0.051
[1, 10340] loss: 0.205
[1, 10360] loss: 0.331
[1, 10380] loss: 0.197
[1, 10400] loss: 0.057
[1, 10420] loss: 0.084
[1, 10440] loss: 0.039
[1, 10460] loss: 0.027
[1, 10480] loss: 0.133
[1, 10500] loss: 0.031
[1, 10520] loss: 0.025
[1, 10540] loss: 0.007
[1, 10560] loss: 0.027
[1, 10580] loss: 0.036
[1, 10600] loss: 0.025
[1, 10620] loss: 0.038
[1, 10640] loss: 0.039
[1, 10660] loss: 0.027
[1, 10680] loss: 0.077
[1, 10700] loss: 0.055
[1, 10720] loss: 0.039
[1, 10740] loss: 0.029
[1, 10760] loss: 0.032
[1, 10780] loss: 0.025
[1, 10800] loss: 0.146
[1, 10820] loss: 0.314
[1, 10840] loss: 0.105
[1, 10860] loss: 0.112
[1, 10880] loss: 0.232
[1, 10900] loss: 35557949125397.656
[1, 10920] loss: 447176750946844.812
[1, 10940] loss: 107384075612160.000
[1, 10960] loss: 35783254338384692.000
[1, 10980] loss: 157124796047032320.000
[1, 11000] loss: 288279291366473728.000
[1, 11020] loss: 21839222499193652.000
[1, 11040] loss: 2366666417078272.000
[1, 11060] loss: 1585401334980198.500
[1, 11080] loss: 245796455473152.000
[1, 11100] loss: 151158972232499.188
[1, 11120] loss: 181432953887129.594
[1, 11140] loss: 124082144195379.203
[1, 11160] loss: 102917354360012.797
[1, 11180] loss: 43899966115020.797
[1, 11200] loss: 56876354600960.000
[1, 11220] loss: 83398545086873.594
[1, 11240] loss: 125791018799923.203
[1, 11260] loss: 79680882553651.203
[1, 11280] loss: 58512450936832.000
[1, 11300] loss: 88503419011072.000
[1, 11320] loss: 32723382848587.199
[1, 11340] loss: 72272881030963.203
[1, 11360] loss: 43793623755980.797
[1, 11380] loss: 18951671076659.199
[1, 11400] loss: 67917763928064.000
[1, 11420] loss: 58888334709964.797
[1, 11440] loss: 20765026111529.602
[1, 11460] loss: 39044717012992.000
[1, 11480] loss: 47805898590683.203
[1, 11500] loss: 36103300970086.398
[1, 11520] loss: 22011170020864.000
[1, 11540] loss: 28640392331673.602
[1, 11560] loss: 27464109130240.000
[1, 11580] loss: 14720027693056.000
[1, 11600] loss: 45152842740531.203
[1, 11620] loss: 9650582094299.801
[1, 11640] loss: 23838915785344.000
[1, 11660] loss: 15764255264358.400
[1, 11680] loss: 11982422221619.199
[1, 11700] loss: 10593764962713.600
[1, 11720] loss: 12889631025274.150
[1, 11740] loss: 19532150375219.199
[1, 11760] loss: 16011915332500.801
[1, 11780] loss: 16060295661568.000
[1, 11800] loss: 11155924901068.801
[1, 11820] loss: 12250540071520.000
[1, 11840] loss: 15872458015539.199
[1, 11860] loss: 16189509740825.600
[1, 11880] loss: 15067877496422.400
[1, 11900] loss: 12458167942553.600
[1, 11920] loss: 18052665425338.398
[1, 11940] loss: 10232887611392.000
[1, 11960] loss: 11555646388633.600
[1, 11980] loss: 11592003075686.400
[1, 12000] loss: 17506530330720.000
[1, 12020] loss: 11989329969152.000
[1, 12040] loss: 16372801432966.400
[1, 12060] loss: 10150401828454.400
[1, 12080] loss: 10286871508083.199
[1, 12100] loss: 13507724349107.199
[1, 12120] loss: 8259975498035.200
[1, 12140] loss: 11763267776947.199
[1, 12160] loss: 7981557365964.800
[1, 12180] loss: 14746692070710.400
[1, 12200] loss: 10681097803776.000
[1, 12220] loss: 9276774825232.350
[1, 12240] loss: 5991574604237.600
[1, 12260] loss: 16660319101158.400
[1, 12280] loss: 13945276562983.600
[1, 12300] loss: 12935260805888.000
[1, 12320] loss: 7807768195244.800
[1, 12340] loss: 10752378483916.801
[1, 12360] loss: 10181667325088.000
[1, 12380] loss: 9834810739712.000
[1, 12400] loss: 12087847870745.600
[1, 12420] loss: 6795154300189.250
[1, 12440] loss: 15107869627084.801
[1, 12460] loss: 10590961134809.600
[1, 12480] loss: 6764162783193.600
[1, 12500] loss: 7812133256806.400
[1, 12520] loss: 11535599046553.600
[1, 12540] loss: 10678560974438.400
[1, 12560] loss: 8035137757145.600
[1, 12580] loss: 12516959273062.400
[1, 12600] loss: 10111915912889.600
[1, 12620] loss: 4454623940608.000
[1, 12640] loss: 7092129787412.200
[1, 12660] loss: 4633630096768.000
[1, 12680] loss: 7000336138240.000
[1, 12700] loss: 8635897960243.200
[1, 12720] loss: 6741243750451.200
[1, 12740] loss: 2678030957884.800
[1, 12760] loss: 4306828261888.000
[1, 12780] loss: 3549350549347.200
[1, 12800] loss: 9018585597881.600
[1, 12820] loss: 5087095800958.400
[1, 12840] loss: 2394623275648.000
[1, 12860] loss: 4213419626291.200
[1, 12880] loss: 3918893854771.200
[1, 12900] loss: 7215385679513.600
[1, 12920] loss: 5181065412352.000
[1, 12940] loss: 5641967008960.000
[1, 12960] loss: 4641666496409.600
[1, 12980] loss: 4304916833286.776
[1, 13000] loss: 6118703427481.600
[1, 13020] loss: 4786542736793.600
[1, 13040] loss: 1923225826304.000
[1, 13060] loss: 5867150188544.000
[1, 13080] loss: 5049048880128.000
[1, 13100] loss: 6163649812787.200
[1, 13120] loss: 4247134251417.600
[1, 13140] loss: 4607799865433.600
[1, 13160] loss: 2871103532646.400
[1, 13180] loss: 2260159059763.200
[1, 13200] loss: 5010623854796.800
[1, 13220] loss: 2607861505572.800
[1, 13240] loss: 2683305497753.600
[1, 13260] loss: 4558861767936.000
[1, 13280] loss: 3299129374054.400
[1, 13300] loss: 1651572681932.800
[1, 13320] loss: 2776807751065.600
[1, 13340] loss: 2170107629056.000
[1, 13360] loss: 5493200573004.800
[1, 13380] loss: 3810573752156.800
[1, 13400] loss: 2748586787916.800
[1, 13420] loss: 2696462756915.200
[1, 13440] loss: 5247310058137.600
[1, 13460] loss: 4331980216947.200
[1, 13480] loss: 3229468203750.400
[1, 13500] loss: 3973758838720.000
[1, 13520] loss: 7576684510310.400
[1, 13540] loss: 3006526543513.600
[1, 13560] loss: 2913690331750.400
[1, 13580] loss: 3610348763750.400
[1, 13600] loss: 3379199900262.400
[1, 13620] loss: 4748128223641.600
[1, 13640] loss: 4817979718041.600
[1, 13660] loss: 1242396506880.000
[1, 13680] loss: 1547459536227.200
[1, 13700] loss: 3253714159192.800
[1, 13720] loss: 2432732581255.200
[1, 13740] loss: 3076615422720.000
[1, 13760] loss: 3102870842736.000
[1, 13780] loss: 4854597949849.600
[1, 13800] loss: 2057785064652.800
[1, 13820] loss: 2256962119091.200
[1, 13840] loss: 3458641435852.800
[1, 13860] loss: 2652093094604.800
[1, 13880] loss: 2093460630835.200
[1, 13900] loss: 1426179119748.075
[1, 13920] loss: 1893240899097.600
[1, 13940] loss: 2453813401008.100
[1, 13960] loss: 2357637481401.600
[1, 13980] loss: 3842644597555.200
[1, 14000] loss: 2432012568096.000
[1, 14020] loss: 3160392445952.000
[1, 14040] loss: 3016680558848.000
[1, 14060] loss: 1399387826905.600
[1, 14080] loss: 3127689067315.200
[1, 14100] loss: 3044935645184.000
[1, 14120] loss: 2086569150515.200
[1, 14140] loss: 1369723738163.200
[1, 14160] loss: 1543115496908.800
[1, 14180] loss: 1694194812937.600
[1, 14200] loss: 1701812035512.000
[1, 14220] loss: 2085541035320.800
[1, 14240] loss: 1337843537157.069
[1, 14260] loss: 1247851806694.400
[1, 14280] loss: 2091287906064.000
[1, 14300] loss: 2381704530534.400
[1, 14320] loss: 1607890593368.000
[1, 14340] loss: 2096496788345.600
[1, 14360] loss: 1588766022041.600
[1, 14380] loss: 2325856728064.000
[1, 14400] loss: 3104380248934.400
[1, 14420] loss: 1068376731123.200
[1, 14440] loss: 1523133218201.600
[1, 14460] loss: 1812658606899.200
[1, 14480] loss: 2801174472945.000
[1, 14500] loss: 1192517431296.000
[1, 14520] loss: 973022037081.414
[1, 14540] loss: 3215408310067.200
[1, 14560] loss: 903608803817.600
[1, 14580] loss: 2103947897139.200
[1, 14600] loss: 1681474973929.200
[1, 14620] loss: 969200666598.400
[1, 14640] loss: 1596100724121.600
[1, 14660] loss: 2311535097579.200
[1, 14680] loss: 1756390613248.000
[1, 14700] loss: 1691095443660.800
[1, 14720] loss: 908751641321.600
[1, 14740] loss: 1169706096245.250
[1, 14760] loss: 1329782455242.950
[1, 14780] loss: 730735190284.800
[1, 14800] loss: 1945247039846.400
[1, 14820] loss: 1045171892277.604
[1, 14840] loss: 1542772650496.000
[1, 14860] loss: 1042408067340.800
[1, 14880] loss: 783497589369.600
[1, 14900] loss: 1149912035788.800
[1, 14920] loss: 801244341209.600
[1, 14940] loss: 1230664969497.600
[1, 14960] loss: 1123126308774.400
[1, 14980] loss: 928969603763.200
[1, 15000] loss: 1408705751899.200
[1, 15020] loss: 628039012787.200
[1, 15040] loss: 992985103667.200
[1, 15060] loss: 1253834010496.000
[1, 15080] loss: 883766598259.200
[1, 15100] loss: 992100593203.200
[1, 15120] loss: 765094798628.800
[1, 15140] loss: 955489118976.000
[1, 15160] loss: 616022110776.800
[1, 15180] loss: 1636773961683.200
[1, 15200] loss: 986287437028.425
[1, 15220] loss: 949489619968.000
[1, 15240] loss: 831236417126.400
[1, 15260] loss: 1345249819059.200
[1, 15280] loss: 1612555140176.000
[1, 15300] loss: 1473558358278.400
[1, 15320] loss: 591056904200.000
[1, 15340] loss: 918821880038.400
[1, 15360] loss: 975691468064.000
[1, 15380] loss: 738196162514.200
[1, 15400] loss: 1204079528678.400
[1, 15420] loss: 629051277107.200
[1, 15440] loss: 1166722431904.000
[1, 15460] loss: 1940559264243.200
[1, 15480] loss: 580790782771.200
[1, 15500] loss: 545850223628.800
[1, 15520] loss: 848405842469.200
[1, 15540] loss: 824668724886.400
[1, 15560] loss: 1314296652428.800
[1, 15580] loss: 503736391603.200
[1, 15600] loss: 459443636531.200
[1, 15620] loss: 644393891462.400
[1, 15640] loss: 1443943951072.000
[1, 15660] loss: 923815531471.200
[1, 15680] loss: 794724507545.600
[1, 15700] loss: 962332633907.200
[1, 15720] loss: 799694354520.000
[1, 15740] loss: 366894543488.000
[1, 15760] loss: 684578279314.400
[1, 15780] loss: 389530035658.400
[1, 15800] loss: 655583693363.200
[1, 15820] loss: 573123640313.000
[1, 15840] loss: 1145103376486.400
[1, 15860] loss: 365536369075.200
[1, 15880] loss: 676796174694.600
[1, 15900] loss: 703779104460.800
[1, 15920] loss: 720816819328.000
[1, 15940] loss: 530127980800.000
[1, 15960] loss: 373554816721.388
[1, 15980] loss: 533476720742.400
[1, 16000] loss: 586467775641.600
[1, 16020] loss: 776350488702.400
[1, 16040] loss: 251184027011.200
[1, 16060] loss: 632273376128.000
[1, 16080] loss: 347834472601.600
[1, 16100] loss: 481141634162.400
[1, 16120] loss: 531997880884.800
[1, 16140] loss: 557787548633.600
[1, 16160] loss: 306357632448.000
[1, 16180] loss: 516144209134.900
[1, 16200] loss: 844931757552.950
[1, 16220] loss: 550037744166.400
[1, 16240] loss: 352708036360.800
[1, 16260] loss: 330383204556.800
[1, 16280] loss: 497216132696.000
[1, 16300] loss: 494242063155.200
[1, 16320] loss: 334171815827.200
[1, 16340] loss: 542782757086.400
[1, 16360] loss: 327277803507.200
[1, 16380] loss: 397984484852.179
[1, 16400] loss: 384674651955.200
[1, 16420] loss: 432916385740.800
[1, 16440] loss: 262860830848.000
[1, 16460] loss: 477745036880.850
[1, 16480] loss: 489391746483.200
[1, 16500] loss: 428929049548.800
[1, 16520] loss: 351388657849.600
[1, 16540] loss: 529427801753.600
[1, 16560] loss: 349215400868.800
[1, 16580] loss: 505943336806.400
[1, 16600] loss: 280288751217.850
[1, 16620] loss: 267909090521.600
[1, 16640] loss: 425066866636.800
[1, 16660] loss: 448740632164.800
[1, 16680] loss: 698825158156.800
[1, 16700] loss: 203412448921.600
[1, 16720] loss: 172682811805.994
[1, 16740] loss: 389326954537.600
[1, 16760] loss: 496509186444.800
[1, 16780] loss: 429081930880.000
[1, 16800] loss: 296907236121.600
[1, 16820] loss: 229167025340.800
[1, 16840] loss: 500262129612.800
[1, 16860] loss: 315850890477.125
[1, 16880] loss: 282370355302.400
[1, 16900] loss: 465662263088.000
[1, 16920] loss: 286191339520.000
[1, 16940] loss: 247666272426.400
[1, 16960] loss: 154140021376.400
[1, 16980] loss: 249185138304.000
[1, 17000] loss: 187892762524.000
[1, 17020] loss: 427577618304.000
[1, 17040] loss: 258594004788.559
[1, 17060] loss: 266360579686.000
[1, 17080] loss: 170224278220.800
[1, 17100] loss: 378358951419.200
[1, 17120] loss: 441684259948.800
[1, 17140] loss: 268342883968.000
[1, 17160] loss: 333174112640.000
[1, 17180] loss: 237379626189.600
[1, 17200] loss: 216375487685.250
[1, 17220] loss: 267341107196.400
[1, 17240] loss: 291188016110.400
[1, 17260] loss: 413884103929.750
[1, 17280] loss: 260797250345.600
[1, 17300] loss: 209039109100.800
[1, 17320] loss: 169632486045.876
[1, 17340] loss: 228902616345.600
[1, 17360] loss: 209523815884.800
[1, 17380] loss: 142566584600.000
[1, 17400] loss: 259438010624.000
[1, 17420] loss: 145938071049.500
[1, 17440] loss: 234744675731.200
[1, 17460] loss: 154241895808.000
[1, 17480] loss: 176438382502.400
[1, 17500] loss: 227878558688.000
[1, 17520] loss: 280688020960.000
[1, 17540] loss: 175888377847.000
[1, 17560] loss: 198071994137.600
[1, 17580] loss: 75277864646.400
[1, 17600] loss: 209408095878.400
[1, 17620] loss: 182982611220.400
[1, 17640] loss: 139732632080.000
[1, 17660] loss: 257645861708.800
[1, 17680] loss: 193043568499.200
[1, 17700] loss: 185303703920.000
[1, 17720] loss: 149056399091.200
[1, 17740] loss: 174456466499.200
[1, 17760] loss: 196919973747.200
[1, 17780] loss: 251388611392.000
[1, 17800] loss: 258887538584.700
[1, 17820] loss: 153587166371.200
[1, 17840] loss: 172541542732.800
[1, 17860] loss: 130833874244.800
[1, 17880] loss: 161333200332.800
[1, 17900] loss: 147164534063.400
[1, 17920] loss: 140571229452.800
[1, 17940] loss: 123493954615.200
[1, 17960] loss: 246071459672.941
[1, 17980] loss: 175236993913.356
[1, 18000] loss: 132521091335.756
[1, 18020] loss: 114456521523.200
[1, 18040] loss: 176609264729.500
[1, 18060] loss: 183932146035.200
[1, 18080] loss: 144584758673.200
[1, 18100] loss: 90523399909.694
[1, 18120] loss: 99958925107.200
[1, 18140] loss: 101337591296.000
[1, 18160] loss: 161012990237.600
[1, 18180] loss: 59702161855.275
[1, 18200] loss: 138893795942.400
[1, 18220] loss: 271883744694.600
[1, 18240] loss: 136003569165.350
[1, 18260] loss: 87647915997.600
[1, 18280] loss: 105845986881.900
[1, 18300] loss: 100721968716.800
[1, 18320] loss: 127472331851.200
[1, 18340] loss: 101277415451.500
[1, 18360] loss: 157597170457.600
[1, 18380] loss: 147996246483.600
[1, 18400] loss: 80922446585.600
[1, 18420] loss: 117278185729.600
[1, 18440] loss: 79317450684.000
[1, 18460] loss: 86003010787.200
[1, 18480] loss: 111747512752.000
[1, 18500] loss: 123872580350.400
[1, 18520] loss: 109219413884.913
[1, 18540] loss: 129929903080.000
[1, 18560] loss: 60038246310.400
[1, 18580] loss: 141909175362.400
[1, 18600] loss: 447492155397.400
[1, 18620] loss: 78531247501.000
[1, 18640] loss: 87484118028.800
[1, 18660] loss: 58730844291.600
[1, 18680] loss: 200711733190.000
[1, 18700] loss: 134671514906.800
[1, 18720] loss: 94912905316.900
[1, 18740] loss: 98629205203.394
[1, 18760] loss: 83522457342.000
[1, 18780] loss: 87368744155.200
[1, 18800] loss: 69283104800.000
[1, 18820] loss: 100049147700.000
[1, 18840] loss: 70557466370.800
[1, 18860] loss: 117258779084.800
[1, 18880] loss: 125630474753.600
[1, 18900] loss: 132416427750.400
[1, 18920] loss: 115293828036.000
[1, 18940] loss: 115019898466.550
[1, 18960] loss: 59551488664.000
[1, 18980] loss: 100758201851.200
[1, 19000] loss: 179617136096.000
[1, 19020] loss: 74871958056.050
[1, 19040] loss: 83470750449.600
[1, 19060] loss: 116102664089.400
[1, 19080] loss: 36070088269.925
[1, 19100] loss: 45864888761.000
[1, 19120] loss: 166342888684.800
[1, 19140] loss: 123032809196.800
[1, 19160] loss: 69553590638.800
[1, 19180] loss: 70156625484.800
[1, 19200] loss: 68095839680.000
[1, 19220] loss: 51011846095.775
[1, 19240] loss: 90064507612.000
[1, 19260] loss: 133644265908.800
[1, 19280] loss: 70855925016.000
[1, 19300] loss: 104865056053.859
[1, 19320] loss: 85187885904.800
[1, 19340] loss: 81300788751.200
[1, 19360] loss: 49646296889.600
[1, 19380] loss: 56726985912.000
[1, 19400] loss: 91140297875.200
[1, 19420] loss: 45608045041.600
[1, 19440] loss: 88734805091.200
[1, 19460] loss: 60999762656.800
[1, 19480] loss: 147057785432.000
[1, 19500] loss: 59256649808.000
[1, 19520] loss: 38178860656.100
[1, 19540] loss: 58451075001.600
[1, 19560] loss: 133479435036.540
[1, 19580] loss: 78875664275.200
[1, 19600] loss: 30500298618.400
[1, 19620] loss: 32028618304.000
[1, 19640] loss: 47812775564.593
[1, 19660] loss: 107924838219.200
[1, 19680] loss: 100236340886.123
[1, 19700] loss: 63800254178.800
[1, 19720] loss: 99912266825.200
[1, 19740] loss: 147063746320.800
[1, 19760] loss: 30439894918.400
[1, 19780] loss: 98973223936.000
[1, 19800] loss: 40414702636.150
[1, 19820] loss: 133317560636.800
[1, 19840] loss: 76261751961.600
[1, 19860] loss: 97632131293.200
[1, 19880] loss: 87717806966.700
[1, 19900] loss: 61677002064.000
[1, 19920] loss: 34569943241.600
[1, 19940] loss: 60858851075.200
[1, 19960] loss: 33315488034.800
[1, 19980] loss: 65770139561.600
[1, 20000] loss: 74814159052.800
[1, 20020] loss: 94871018598.400
[1, 20040] loss: 48860961181.200
[1, 20060] loss: 69922084035.200
[1, 20080] loss: 35162797352.000
[1, 20100] loss: 55319470102.800
[1, 20120] loss: 75447969629.150
[1, 20140] loss: 68218954940.800
[1, 20160] loss: 50891330645.600
[1, 20180] loss: 65504743936.600
[1, 20200] loss: 51296327593.600
[1, 20220] loss: 46590923608.450
[1, 20240] loss: 53213438980.488
[1, 20260] loss: 86880503955.200
[1, 20280] loss: 54756352262.400
[1, 20300] loss: 46584975838.400
[1, 20320] loss: 50543257962.800
[1, 20340] loss: 31148490052.800
[1, 20360] loss: 67817032488.000
[1, 20380] loss: 44942629900.800
[1, 20400] loss: 25665657412.800
[1, 20420] loss: 44935249815.600
[1, 20440] loss: 45061360988.800
[1, 20460] loss: 88464520496.600
[1, 20480] loss: 88271380723.200
[1, 20500] loss: 50230434204.400
[1, 20520] loss: 79549005856.740
[1, 20540] loss: 61642976527.790
[1, 20560] loss: 33946374347.475
[1, 20580] loss: 38846714542.400
[1, 20600] loss: 151025496144.600
[1, 20620] loss: 91550678330.800
[1, 20640] loss: 62331886623.450
[1, 20660] loss: 38956052144.800
[1, 20680] loss: 36881102235.000
[1, 20700] loss: 36246407302.400
[1, 20720] loss: 22510721674.800
[1, 20740] loss: 56991562136.453
[1, 20760] loss: 59742387571.991
[1, 20780] loss: 56503983257.600
[1, 20800] loss: 41060253819.192
[1, 20820] loss: 75656878321.000
[1, 20840] loss: 99554056800.000
[1, 20860] loss: 59381094150.400
[1, 20880] loss: 23894916867.200
[1, 20900] loss: 29359455862.400
[1, 20920] loss: 38297757153.431
[1, 20940] loss: 33992884110.800
[1, 20960] loss: 103181120284.800
[1, 20980] loss: 138447917734.400
[1, 21000] loss: 239681117420.000
[1, 21020] loss: 144271994275.200
[1, 21040] loss: 103156606240.000
[1, 21060] loss: 108988328211.200
[1, 21080] loss: 67589131025.600
[1, 21100] loss: 42544214624.800
[1, 21120] loss: 64507048281.600
[1, 21140] loss: 68935770774.800
[1, 21160] loss: 37135005979.000
[1, 21180] loss: 80053403756.000
[1, 21200] loss: 40622776553.400
[1, 21220] loss: 22584374379.125
[1, 21240] loss: 56648144428.800
[1, 21260] loss: 24279172249.600
[1, 21280] loss: 54799721754.400
[1, 21300] loss: 77104420602.400
[1, 21320] loss: 56255792272.800
[1, 21340] loss: 33174790604.800
[1, 21360] loss: 30959306605.429
[1, 21380] loss: 28817323468.000
[1, 21400] loss: 40675800456.000
[1, 21420] loss: 41943865504.000
[1, 21440] loss: 49317470673.600
[1, 21460] loss: 34241557340.800
[1, 21480] loss: 30760061881.000
[1, 21500] loss: 43690657283.200
[1, 21520] loss: 36799718222.400
[1, 21540] loss: 38583334028.800
[1, 21560] loss: 49783516401.200
[1, 21580] loss: 67548691251.200
[1, 21600] loss: 36841298072.000
[1, 21620] loss: 39570154435.200
[1, 21640] loss: 49234213927.684
[1, 21660] loss: 32007440261.950
[1, 21680] loss: 54677091497.300
[1, 21700] loss: 65975589113.600
[1, 21720] loss: 28500876089.800
[1, 21740] loss: 29597067188.150
[1, 21760] loss: 22206297904.037
[1, 21780] loss: 18673240327.200
[1, 21800] loss: 34550517760.600
[1, 21820] loss: 33844714435.000
[1, 21840] loss: 50237659662.400
[1, 21860] loss: 31111720936.800
[1, 21880] loss: 30996933768.800
[1, 21900] loss: 46074238757.000
[1, 21920] loss: 32214829912.725
[1, 21940] loss: 26516531372.800
[1, 21960] loss: 15712593963.000
[1, 21980] loss: 16041413508.000
[1, 22000] loss: 30821791148.000
[1, 22020] loss: 34870371417.600
[1, 22040] loss: 34474029142.400
[1, 22060] loss: 12330238324.900
[1, 22080] loss: 43002927442.600
[1, 22100] loss: 89536441268.342
[1, 22120] loss: 60794596710.000
[1, 22140] loss: 26831702600.000
[1, 22160] loss: 44538647046.400
[1, 22180] loss: 50263515199.200
[1, 22200] loss: 15929898317.200
[1, 22220] loss: 21411280003.200
[1, 22240] loss: 22238900156.800
[1, 22260] loss: 50771744062.600
[1, 22280] loss: 68117489718.400
[1, 22300] loss: 27399133919.600
[1, 22320] loss: 58517265402.400
[1, 22340] loss: 24617064490.400
[1, 22360] loss: 8996033029.500
[1, 22380] loss: 53399110646.047
[1, 22400] loss: 43918540403.200
[1, 22420] loss: 23871685028.800
[1, 22440] loss: 39141198233.400
[1, 22460] loss: 28117821081.274
[1, 22480] loss: 35863543079.000
[1, 22500] loss: 31664061717.600
[1, 22520] loss: 40390397306.000
[1, 22540] loss: 19957670969.600
[1, 22560] loss: 30571304870.400
[1, 22580] loss: 18654057174.000
[1, 22600] loss: 37304628310.400
[1, 22620] loss: 73608196924.800
[1, 22640] loss: 112218667342.400
[1, 22660] loss: 193762238722.000
[1, 22680] loss: 254663710924.800
[1, 22700] loss: 241092590131.200
[1, 22720] loss: 113870000132.000
[1, 22740] loss: 28242603138.450
[1, 22760] loss: 53070012325.600
[1, 22780] loss: 53475058214.800
[1, 22800] loss: 46137132832.919
[1, 22820] loss: 27728230899.200
[1, 22840] loss: 13361073133.400
[1, 22860] loss: 51403072930.353
[1, 22880] loss: 50757503513.600
[1, 22900] loss: 29382058057.200
[1, 22920] loss: 17106043552.000
[1, 22940] loss: 17983022386.903
[1, 22960] loss: 17308679841.441
[1, 22980] loss: 12718515913.481
[1, 23000] loss: 23261007539.600
[1, 23020] loss: 11716171340.800
[1, 23040] loss: 26891548742.400
[1, 23060] loss: 16480902918.800
[1, 23080] loss: 33868705402.200
[1, 23100] loss: 38547527656.975
[1, 23120] loss: 41638196910.127
[1, 23140] loss: 100410974471.300
[1, 23160] loss: 36612114779.925
[1, 23180] loss: 24005542190.625
[1, 23200] loss: 38822376233.400
[1, 23220] loss: 19922648386.800
[1, 23240] loss: 17572596224.000
[1, 23260] loss: 19053023117.675
[1, 23280] loss: 30405543680.000
[1, 23300] loss: 40824509926.400
[1, 23320] loss: 19945816699.200
[1, 23340] loss: 14850326341.854
[1, 23360] loss: 14619808218.400
[1, 23380] loss: 11069366402.800
[1, 23400] loss: 10862564298.700
[1, 23420] loss: 12692808458.500
[1, 23440] loss: 17617336248.600
[1, 23460] loss: 9517820650.462
[1, 23480] loss: 21826926048.504
[1, 23500] loss: 54523702840.500
[1, 23520] loss: 16353207449.050
[1, 23540] loss: 22190082646.850
[1, 23560] loss: 28689724204.000
[1, 23580] loss: 13563112514.900
[1, 23600] loss: 8556521643.988
[1, 23620] loss: 17506300341.500
[1, 23640] loss: 12698157483.450
[1, 23660] loss: 62360184702.000
[1, 23680] loss: 25490754859.519
[1, 23700] loss: 16987525456.800
[1, 23720] loss: 23053556672.000
[1, 23740] loss: 20581267056.600
[1, 23760] loss: 22492986411.000
[1, 23780] loss: 12570159032.800
[1, 23800] loss: 23124702651.600
[1, 23820] loss: 16830559510.800
[1, 23840] loss: 32735488907.278
[1, 23860] loss: 20319794555.175
[1, 23880] loss: 14431115299.722
[1, 23900] loss: 7828404598.400
[1, 23920] loss: 22642433771.200
[1, 23940] loss: 21624722958.400
[1, 23960] loss: 13092248671.600
[1, 23980] loss: 15640882168.469
[1, 24000] loss: 14854048403.850
[1, 24020] loss: 7297766989.200
[1, 24040] loss: 7390365682.150
[1, 24060] loss: 15829086791.600
[1, 24080] loss: 30007546382.400
[1, 24100] loss: 45314670736.450
[1, 24120] loss: 33749501848.923
[1, 24140] loss: 33634079017.600
[1, 24160] loss: 26798926848.800
[1, 24180] loss: 16342615275.425
[1, 24200] loss: 15896918725.700
[1, 24220] loss: 67974995611.975
[1, 24240] loss: 28823651837.600
[1, 24260] loss: 31938392557.200
[1, 24280] loss: 12685762926.400
[1, 24300] loss: 8500929499.606
[1, 24320] loss: 7178681327.500
[1, 24340] loss: 8011627852.750
[1, 24360] loss: 6628227482.800
[1, 24380] loss: 7217165339.100
[1, 24400] loss: 7450645940.200
[1, 24420] loss: 7026709233.800
[1, 24440] loss: 11951265477.138
[1, 24460] loss: 20164127292.110
[1, 24480] loss: 21022710630.025
[1, 24500] loss: 11447379020.900
[1, 24520] loss: 3925547121.600
[1, 24540] loss: 19259281182.400
[1, 24560] loss: 19179247538.300
[1, 24580] loss: 12035052026.400
[1, 24600] loss: 12523405348.700
[1, 24620] loss: 18557500985.000
[1, 24640] loss: 18779199852.800
[1, 24660] loss: 11844687660.200
[1, 24680] loss: 9172782807.300
[1, 24700] loss: 10150928905.200
[1, 24720] loss: 16837341019.200
[1, 24740] loss: 98894528600.800
[1, 24760] loss: 69412485062.400
[1, 24780] loss: 29561174023.812
[1, 24800] loss: 13116658144.825
[1, 24820] loss: 6746208536.600
[1, 24840] loss: 8807367844.496
[1, 24860] loss: 11511673375.700
[1, 24880] loss: 7423502392.800
[1, 24900] loss: 13092114840.500
[1, 24920] loss: 21155761275.381
[1, 24940] loss: 8454695258.387
[1, 24960] loss: 8971148017.000
[1, 24980] loss: 10672952594.500
[1, 25000] loss: 6967262686.800
[1, 25020] loss: 9178617716.688
[1, 25040] loss: 2438636736.812
[1, 25060] loss: 2994631580.244
[1, 25080] loss: 4434589487.100
[1, 25100] loss: 9358208481.200
[1, 25120] loss: 9906443187.800
[1, 25140] loss: 5499206790.000
[1, 25160] loss: 5333363364.200
[1, 25180] loss: 5755246343.500
[1, 25200] loss: 11599620498.044
[1, 25220] loss: 4393451028.000
[1, 25240] loss: 5340938758.189
[1, 25260] loss: 4242811282.338
[1, 25280] loss: 3247801585.375
[1, 25300] loss: 5569338963.297
[1, 25320] loss: 3688234827.200
[1, 25340] loss: 4273454180.055
[1, 25360] loss: 2905319345.200
[1, 25380] loss: 4324798205.800
[1, 25400] loss: 5679725608.000
[1, 25420] loss: 6504099056.800
[1, 25440] loss: 3582635489.887
[1, 25460] loss: 5375945782.725
[1, 25480] loss: 5212762458.130
[1, 25500] loss: 15326111533.800
[1, 25520] loss: 6735600991.800
[1, 25540] loss: 7708653228.781
[1, 25560] loss: 5936139409.617
[1, 25580] loss: 5575071732.469
[1, 25600] loss: 6555870582.950
[1, 25620] loss: 5931379308.000
[1, 25640] loss: 2467721756.700
[1, 25660] loss: 3455159192.600
[1, 25680] loss: 2911844344.100
[1, 25700] loss: 10067294693.400
[1, 25720] loss: 6072949722.375
[1, 25740] loss: 21156260256.800
[1, 25760] loss: 17377922559.200
[1, 25780] loss: 19517512931.200
[1, 25800] loss: 10402629351.369
[1, 25820] loss: 4501540442.114
[1, 25840] loss: 4510532229.200
[1, 25860] loss: 7545570602.000
[1, 25880] loss: 4070114524.575
[1, 25900] loss: 2967915397.562
[1, 25920] loss: 5948791368.416
[1, 25940] loss: 4382181798.300
[1, 25960] loss: 4032865643.486
[1, 25980] loss: 4908281216.104
[1, 26000] loss: 7288891604.400
[1, 26020] loss: 4303474608.000
[1, 26040] loss: 6365062291.200
[1, 26060] loss: 9180335086.009
[1, 26080] loss: 3303313142.000
[1, 26100] loss: 4027701438.400
[1, 26120] loss: 8526197596.400
[1, 26140] loss: 5743426231.706
[1, 26160] loss: 19158956087.450
[1, 26180] loss: 10869786776.800
[1, 26200] loss: 9236488103.200
[1, 26220] loss: 8722706215.347
[1, 26240] loss: 4080299717.900
[1, 26260] loss: 3074805280.075
[1, 26280] loss: 2409760082.900
[1, 26300] loss: 2593899404.425
[1, 26320] loss: 3362526863.859
[1, 26340] loss: 8151397186.772
[1, 26360] loss: 8723941559.050
[1, 26380] loss: 9222328159.693
[1, 26400] loss: 2469573532.262
[1, 26420] loss: 3955270570.512
[1, 26440] loss: 5181360239.648
[1, 26460] loss: 6683509498.363
[1, 26480] loss: 2304777317.150
[1, 26500] loss: 4200861859.600
[1, 26520] loss: 5636919724.600
[1, 26540] loss: 1128495292.775
[1, 26560] loss: 2055893931.700
[1, 26580] loss: 2224448098.300
[1, 26600] loss: 1911207892.069
[1, 26620] loss: 6153621456.975
[1, 26640] loss: 1820718971.145
[1, 26660] loss: 2924438685.200
[1, 26680] loss: 2940221333.000
[1, 26700] loss: 1994307558.300
[1, 26720] loss: 3885707545.200
[1, 26740] loss: 1942328756.500
[1, 26760] loss: 3644240873.050
[1, 26780] loss: 5264754104.100
[1, 26800] loss: 3402851084.175
[1, 26820] loss: 8015653939.889
[1, 26840] loss: 12745560226.700
[1, 26860] loss: 13332667800.150
[1, 26880] loss: 7184607270.600
[1, 26900] loss: 8393780262.238
[1, 26920] loss: 6031041479.350
[1, 26940] loss: 6109352906.825
[1, 26960] loss: 2640477079.150
[1, 26980] loss: 1732207884.600
[1, 27000] loss: 3039880025.250
[1, 27020] loss: 6357294050.556
[1, 27040] loss: 2702394067.928
[1, 27060] loss: 2518838731.956
[1, 27080] loss: 2352987034.100
[1, 27100] loss: 4152913397.562
[1, 27120] loss: 7326669486.850
[1, 27140] loss: 12635228764.400
[1, 27160] loss: 7224821698.400
[1, 27180] loss: 11133425293.825
[1, 27200] loss: 4716626930.307
[1, 27220] loss: 7335698556.800
[1, 27240] loss: 8162195918.200
[1, 27260] loss: 7683851957.650
[1, 27280] loss: 7070999339.375
[1, 27300] loss: 9206258035.678
[1, 27320] loss: 2316893575.071
[1, 27340] loss: 2182110385.950
[1, 27360] loss: 2205052983.100
[1, 27380] loss: 1286056950.775
[1, 27400] loss: 2473081755.008
[1, 27420] loss: 4525376096.500
[1, 27440] loss: 3800907195.000
[1, 27460] loss: 3847772010.725
[1, 27480] loss: 2789053219.850
[1, 27500] loss: 1718576888.062
[1, 27520] loss: 1577494651.700
[1, 27540] loss: 1575517530.219
[1, 27560] loss: 3001743164.230
[1, 27580] loss: 2575770293.850
[1, 27600] loss: 2423868218.275
[1, 27620] loss: 2758470757.800
[1, 27640] loss: 2248325835.817
[1, 27660] loss: 2824929852.000
[1, 27680] loss: 3864883761.400
[1, 27700] loss: 4878798800.800
[1, 27720] loss: 3597841631.300
[1, 27740] loss: 1453985986.400
[1, 27760] loss: 4465818836.544
[1, 27780] loss: 3232066993.100
[1, 27800] loss: 2349735307.800
[1, 27820] loss: 3415092875.963
[1, 27840] loss: 1553796250.150
[1, 27860] loss: 1187772988.400
[1, 27880] loss: 1168967074.594
[1, 27900] loss: 833866405.800
[1, 27920] loss: 747677636.350
[1, 27940] loss: 1501446156.612
[1, 27960] loss: 871802919.075
[1, 27980] loss: 907534364.758
[1, 28000] loss: 592375191.658
[1, 28020] loss: 671450544.471
[1, 28040] loss: 1395923744.052
[1, 28060] loss: 1200920397.000
[1, 28080] loss: 2085221787.000
[1, 28100] loss: 2445814142.137
[1, 28120] loss: 5604167059.500
[1, 28140] loss: 2424873833.012
[1, 28160] loss: 2411529277.700
[1, 28180] loss: 2463593303.197
[1, 28200] loss: 1208962264.802
[1, 28220] loss: 1206308558.294
[1, 28240] loss: 1906997549.900
[1, 28260] loss: 1969806599.550
[1, 28280] loss: 4365690163.200
[1, 28300] loss: 8955197218.225
[1, 28320] loss: 21006986151.750
[1, 28340] loss: 9171699623.200
[1, 28360] loss: 4023316506.400
[1, 28380] loss: 4568661617.600
[1, 28400] loss: 7247009439.075
[1, 28420] loss: 2213369989.305
[1, 28440] loss: 1150786800.000
[1, 28460] loss: 1116996615.550
[1, 28480] loss: 1988074580.094
[1, 28500] loss: 1291581040.000
[1, 28520] loss: 702639211.472
[1, 28540] loss: 797965748.199
[1, 28560] loss: 626794847.114
[1, 28580] loss: 814842318.544
[1, 28600] loss: 923298568.794
[1, 28620] loss: 1016273477.822
[1, 28640] loss: 661925280.485
[1, 28660] loss: 1019300738.475
[1, 28680] loss: 1261978230.350
[1, 28700] loss: 971366704.700
[1, 28720] loss: 539092491.400
[1, 28740] loss: 890454414.825
[1, 28760] loss: 736247134.550
[1, 28780] loss: 986669012.167
[1, 28800] loss: 581197896.825
[1, 28820] loss: 197767881.455
[1, 28840] loss: 539090153.075
[1, 28860] loss: 888420332.377
[1, 28880] loss: 469153593.642
[1, 28900] loss: 395384587.288
[1, 28920] loss: 1600967762.831
[1, 28940] loss: 659414438.319
[1, 28960] loss: 551594139.362
[1, 28980] loss: 187212707.966
[1, 29000] loss: 682501132.809
[1, 29020] loss: 603694100.106
[1, 29040] loss: 1411515867.689
[1, 29060] loss: 1009352865.631
[1, 29080] loss: 1020881048.737
[1, 29100] loss: 526897327.138
[1, 29120] loss: 914083291.819
[1, 29140] loss: 418596626.078
[1, 29160] loss: 597113146.025
[1, 29180] loss: 1481994818.100
[1, 29200] loss: 1645747363.950
[1, 29220] loss: 992288488.714
[1, 29240] loss: 523425392.400
[1, 29260] loss: 361831074.204
[1, 29280] loss: 880691136.972
[1, 29300] loss: 1445081855.504
[1, 29320] loss: 697444282.425
[1, 29340] loss: 617921680.650
[1, 29360] loss: 361145737.806
[1, 29380] loss: 1283285807.650
[1, 29400] loss: 358796298.075
[1, 29420] loss: 1443520571.569
[1, 29440] loss: 876821535.072
[1, 29460] loss: 327821228.125
[1, 29480] loss: 676572035.549
[1, 29500] loss: 558173680.050
[1, 29520] loss: 1271537886.898
[1, 29540] loss: 449820835.275
[1, 29560] loss: 1440391995.879
[1, 29580] loss: 1972827140.105
[1, 29600] loss: 1937322042.321
[1, 29620] loss: 652642057.775
[1, 29640] loss: 828362021.075
[1, 29660] loss: 684905042.902
[1, 29680] loss: 303187959.476
[1, 29700] loss: 852534073.931
[1, 29720] loss: 452052617.200
[1, 29740] loss: 204382100.475
[1, 29760] loss: 287194649.103
[1, 29780] loss: 524835565.500
[1, 29800] loss: 635027350.525
[1, 29820] loss: 726655760.950
[1, 29840] loss: 1012607719.700
[1, 29860] loss: 1058616264.081
[1, 29880] loss: 415789596.422
[1, 29900] loss: 706085397.450
[1, 29920] loss: 1698346357.600
[1, 29940] loss: 916128824.000
[1, 29960] loss: 1964724194.300
[1, 29980] loss: 826636055.638
[1, 30000] loss: 649534154.189
[1, 30020] loss: 548727926.800
[1, 30040] loss: 1400917677.575
[1, 30060] loss: 1035633902.606
[1, 30080] loss: 1524480221.800
[1, 30100] loss: 1326838961.450
[1, 30120] loss: 2051335234.250
[1, 30140] loss: 770160550.809
[1, 30160] loss: 434684241.144
[1, 30180] loss: 168324516.988
[1, 30200] loss: 353072435.371
[1, 30220] loss: 322598986.900
[1, 30240] loss: 193019414.314
[1, 30260] loss: 312644101.775
[1, 30280] loss: 247938601.838
[1, 30300] loss: 343999955.067
[1, 30320] loss: 476032081.587
[1, 30340] loss: 422187819.625
[1, 30360] loss: 371947073.973
[1, 30380] loss: 271132970.688
[1, 30400] loss: 584975402.862
[1, 30420] loss: 348091182.044
[1,    20] loss: 303660187.288
[1,    40] loss: 403564790.525
[1,    60] loss: 567638088.516
[1,    80] loss: 454949682.599
[1,   100] loss: 455237447.112
[1,   120] loss: 436904646.530
[1,   140] loss: 407309384.382
[1,   160] loss: 492299080.284
[1,   180] loss: 480398588.687
[1,   200] loss: 460460051.662
[1,   220] loss: 522545208.296
[1,   240] loss: 605342095.100
[1,   260] loss: 571685290.389
[1,   280] loss: 531942816.043
[1,   300] loss: 498943306.580
[1,   320] loss: 470422633.491
[1,   340] loss: 450663426.276
[1,   360] loss: 428158117.337
[1,   380] loss: 407493241.673
[1,   400] loss: 387387377.560
[1,   420] loss: 373883652.102
[1,   440] loss: 361274575.181
[1,   460] loss: 348842304.953
[1,   480] loss: 336568971.223
[1,   500] loss: 339596271.967
[1,   520] loss: 331443421.915
[1,   540] loss: 321042577.619
[1,   560] loss: 311246265.427
[1,   580] loss: 301019419.058
[1,   600] loss: 291722212.953
[1,   620] loss: 289439941.840
[1,   640] loss: 286936162.072
[1,   660] loss: 290082351.532
[1,   680] loss: 287278231.363
[1,   700] loss: 289182225.012
[1,   720] loss: 293290981.367
[1,   740] loss: 299229130.548
[1,   760] loss: 307881065.005
[1,   780] loss: 314140114.140
[1,   800] loss: 325264617.235
[1,   820] loss: 334121283.696
[1,   840] loss: 346232831.260
[1,   860] loss: 353742080.670
[1,   880] loss: 352000938.315
[1,   900] loss: 359999810.967
[1,   920] loss: 367825967.960
[1,   940] loss: 380672915.607
[1,   960] loss: 393001214.844
[1,   980] loss: 406832838.451
[1,  1000] loss: 424908507.334
[1,  1020] loss: 441262603.787
[1,  1040] loss: 452553292.484
[1,  1060] loss: 452567975.731
[1,  1080] loss: 451136130.279
[1,  1100] loss: 445352657.018
[1,  1120] loss: 439089246.123
[1,  1140] loss: 437226394.434
[1,  1160] loss: 437830819.393
[1,  1180] loss: 436970360.614
[1,  1200] loss: 437507037.248
[1,  1220] loss: 440172215.885
[1,  1240] loss: 450539552.720
[1,  1260] loss: 460994174.192
[1,  1280] loss: 475799286.765
[1,  1300] loss: 477140943.935
[1,  1320] loss: 476193879.700
[1,  1340] loss: 474454520.995
[1,  1360] loss: 472217498.334
[1,  1380] loss: 471125457.645
[1,  1400] loss: 469292401.575
[1,  1420] loss: 466542581.466
[1,  1440] loss: 462417336.742
[1,  1460] loss: 457838517.777
[1,  1480] loss: 456602173.477
[1,  1500] loss: 452111111.506
[1,  1520] loss: 446950817.176
[1,  1540] loss: 442208434.320
[1,  1560] loss: 438765251.060
[1,  1580] loss: 435762505.811
[1,  1600] loss: 431675211.210
[1,  1620] loss: 427261224.368
[1,  1640] loss: 422488286.361
[1,  1660] loss: 418024249.714
[1,  1680] loss: 425288147.747
[1,  1700] loss: 428323972.428
[1,  1720] loss: 431413983.425
[1,  1740] loss: 433761549.803
[1,  1760] loss: 431322837.836
[1,  1780] loss: 426999569.297
[1,  1800] loss: 422801700.602
[1,  1820] loss: 418534895.027
[1,  1840] loss: 414513430.097
[1,  1860] loss: 411395157.884
[1,  1880] loss: 407624104.030
[1,  1900] loss: 403976437.980
[1,  1920] loss: 400148075.738
[1,  1940] loss: 396930585.471
[1,  1960] loss: 393147884.429
[1,  1980] loss: 389601903.906
[1,  2000] loss: 386188458.597
[1,  2020] loss: 383046537.718
[1,  2040] loss: 380622939.808
[1,  2060] loss: 377636765.281
[1,  2080] loss: 374781950.831
[1,  2100] loss: 372518581.860
[1,  2120] loss: 373155496.848
[1,  2140] loss: 372734500.483
[1,  2160] loss: 375802894.223
[1,  2180] loss: 378382847.437
[1,  2200] loss: 378356664.460
[1,  2220] loss: 375776540.884
[1,  2240] loss: 372917249.361
[1,  2260] loss: 370321222.109
[1,  2280] loss: 367646642.518
[1,  2300] loss: 365024968.144
[1,  2320] loss: 363364667.108
[1,  2340] loss: 361298138.981
[1,  2360] loss: 360893531.017
[1,  2380] loss: 368185638.491
[1,  2400] loss: 367900577.387
[1,  2420] loss: 368224833.936
[1,  2440] loss: 366646165.413
[1,  2460] loss: 364250561.199
[1,  2480] loss: 362315485.724
[1,  2500] loss: 360334922.600
[1,  2520] loss: 358425252.957
[1,  2540] loss: 355758209.428
[1,  2560] loss: 353332052.392
[1,  2580] loss: 351772966.249
[1,  2600] loss: 349153454.234
[1,  2620] loss: 347022518.896
[1,  2640] loss: 345530105.363
[1,  2660] loss: 344171844.199
[1,  2680] loss: 341961277.678
[1,  2700] loss: 340513235.522
[1,  2720] loss: 338867150.931
[1,  2740] loss: 336949851.216
[1,  2760] loss: 334767337.397
[1,  2780] loss: 333253725.041
[1,  2800] loss: 332318298.704
[1,  2820] loss: 330102791.932
[1,  2840] loss: 327917963.391
[1,  2860] loss: 328079050.222
[1,  2880] loss: 328225568.297
[1,  2900] loss: 328463129.484
[1,  2920] loss: 327688530.318
[1,  2940] loss: 326366407.432
[1,  2960] loss: 324704630.564
[1,  2980] loss: 322963151.396
[1,  3000] loss: 321900909.458
[1,  3020] loss: 320454114.892
[1,  3040] loss: 318490032.531
[1,  3060] loss: 316471099.693
[1,  3080] loss: 314651749.311
[1,  3100] loss: 312889961.063
[1,  3120] loss: 311229985.751
[1,  3140] loss: 309834255.874
[1,  3160] loss: 308360734.219
[1,  3180] loss: 306524598.665
[1,  3200] loss: 304720552.560
[1,  3220] loss: 303831861.601
[1,  3240] loss: 303595185.733
[1,  3260] loss: 304997986.961
[1,  3280] loss: 304914751.656
[1,  3300] loss: 304304333.248
[1,  3320] loss: 306839294.060
[1,  3340] loss: 306633451.922
[1,  3360] loss: 304896090.165
