cuda:  7
color_space: YCbCr
batch_size: 1
num_epcochs: 1
learning_rate: 0.003
[1,    20] loss: 58.447
[1,    40] loss: 2622.189
[1,    60] loss: 8789.718
[1,    80] loss: 4164.962
[1,   100] loss: 295.732
[1,   120] loss: 372.748
[1,   140] loss: 209.335
[1,   160] loss: 5.233
[1,   180] loss: 1.526
[1,   200] loss: 1.254
[1,   220] loss: 1.547
[1,   240] loss: 0.940
[1,   260] loss: 0.551
[1,   280] loss: 0.457
[1,   300] loss: 0.249
[1,   320] loss: 0.172
[1,   340] loss: 0.198
[1,   360] loss: 0.273
[1,   380] loss: 0.167
[1,   400] loss: 0.132
[1,   420] loss: 0.131
[1,   440] loss: 0.284
[1,   460] loss: 0.120
[1,   480] loss: 0.345
[1,   500] loss: 0.125
[1,   520] loss: 0.216
[1,   540] loss: 0.120
[1,   560] loss: 0.109
[1,   580] loss: 0.167
[1,   600] loss: 0.214
[1,   620] loss: 0.070
[1,   640] loss: 0.165
[1,   660] loss: 0.183
[1,   680] loss: 0.043
[1,   700] loss: 0.088
[1,   720] loss: 0.178
[1,   740] loss: 0.290
[1,   760] loss: 0.101
[1,   780] loss: 0.162
[1,   800] loss: 0.053
[1,   820] loss: 0.149
[1,   840] loss: 0.093
[1,   860] loss: 0.149
[1,   880] loss: 0.083
[1,   900] loss: 0.190
[1,   920] loss: 0.263
[1,   940] loss: 0.105
[1,   960] loss: 0.080
[1,   980] loss: 0.041
[1,  1000] loss: 0.096
[1,  1020] loss: 0.071
[1,  1040] loss: 0.071
[1,  1060] loss: 0.126
[1,  1080] loss: 0.146
[1,  1100] loss: 0.077
[1,  1120] loss: 0.138
[1,  1140] loss: 0.052
[1,  1160] loss: 0.107
[1,  1180] loss: 0.062
[1,  1200] loss: 0.103
[1,  1220] loss: 0.032
[1,  1240] loss: 0.203
[1,  1260] loss: 0.094
[1,  1280] loss: 0.065
[1,  1300] loss: 0.102
[1,  1320] loss: 0.041
[1,  1340] loss: 0.087
[1,  1360] loss: 0.040
[1,  1380] loss: 0.086
[1,  1400] loss: 0.066
[1,  1420] loss: 0.126
[1,  1440] loss: 0.088
[1,  1460] loss: 0.069
[1,  1480] loss: 0.095
[1,  1500] loss: 0.101
[1,  1520] loss: 0.090
[1,  1540] loss: 0.084
[1,  1560] loss: 0.045
[1,  1580] loss: 0.031
[1,  1600] loss: 0.025
[1,  1620] loss: 0.057
[1,  1640] loss: 0.140
[1,  1660] loss: 0.072
[1,  1680] loss: 0.213
[1,  1700] loss: 0.131
[1,  1720] loss: 0.052
[1,  1740] loss: 0.034
[1,  1760] loss: 0.241
[1,  1780] loss: 0.047
[1,  1800] loss: 0.178
[1,  1820] loss: 0.276
[1,  1840] loss: 0.143
[1,  1860] loss: 0.072
[1,  1880] loss: 0.049
[1,  1900] loss: 0.056
[1,  1920] loss: 0.109
[1,  1940] loss: 0.068
[1,  1960] loss: 0.095
[1,  1980] loss: 0.020
[1,  2000] loss: 0.077
[1,  2020] loss: 0.132
[1,  2040] loss: 0.092
[1,  2060] loss: 0.332
[1,  2080] loss: 0.103
[1,  2100] loss: 0.041
[1,  2120] loss: 0.072
[1,  2140] loss: 0.054
[1,  2160] loss: 0.142
[1,  2180] loss: 0.130
[1,  2200] loss: 0.086
[1,  2220] loss: 0.045
[1,  2240] loss: 0.094
[1,  2260] loss: 0.238
[1,  2280] loss: 0.057
[1,  2300] loss: 0.026
[1,  2320] loss: 0.276
[1,  2340] loss: 0.138
[1,  2360] loss: 0.037
[1,  2380] loss: 0.120
[1,  2400] loss: 0.085
[1,  2420] loss: 0.038
[1,  2440] loss: 0.217
[1,  2460] loss: 0.071
[1,  2480] loss: 0.087
[1,  2500] loss: 0.040
[1,  2520] loss: 0.275
[1,  2540] loss: 0.238
[1,  2560] loss: 0.318
[1,  2580] loss: 0.230
[1,  2600] loss: 0.146
[1,  2620] loss: 0.132
[1,  2640] loss: 0.059
[1,  2660] loss: 0.103
[1,  2680] loss: 0.045
[1,  2700] loss: 0.075
[1,  2720] loss: 0.120
[1,  2740] loss: 0.039
[1,  2760] loss: 0.201
[1,  2780] loss: 0.202
[1,  2800] loss: 0.120
[1,  2820] loss: 0.164
[1,  2840] loss: 0.112
[1,  2860] loss: 0.041
[1,  2880] loss: 0.102
[1,  2900] loss: 0.089
[1,  2920] loss: 0.152
[1,  2940] loss: 0.324
[1,  2960] loss: 0.056
[1,  2980] loss: 0.088
[1,  3000] loss: 0.056
[1,  3020] loss: 0.060
[1,  3040] loss: 0.203
[1,  3060] loss: 0.189
[1,  3080] loss: 0.085
[1,  3100] loss: 0.119
[1,  3120] loss: 0.086
[1,  3140] loss: 0.139
[1,  3160] loss: 0.030
[1,  3180] loss: 0.143
[1,  3200] loss: 0.032
[1,  3220] loss: 0.050
[1,  3240] loss: 0.136
[1,  3260] loss: 0.040
[1,  3280] loss: 0.031
[1,  3300] loss: 0.052
[1,  3320] loss: 0.064
[1,  3340] loss: 0.138
[1,  3360] loss: 0.079
[1,  3380] loss: 0.077
[1,  3400] loss: 0.294
[1,  3420] loss: 0.213
[1,  3440] loss: 0.086
[1,  3460] loss: 0.048
[1,  3480] loss: 0.055
[1,  3500] loss: 0.080
[1,  3520] loss: 0.061
[1,  3540] loss: 0.065
[1,  3560] loss: 0.023
[1,  3580] loss: 0.065
[1,  3600] loss: 0.082
[1,  3620] loss: 0.149
[1,  3640] loss: 0.087
[1,  3660] loss: 0.215
[1,  3680] loss: 0.081
[1,  3700] loss: 0.287
[1,  3720] loss: 0.084
[1,  3740] loss: 0.118
[1,  3760] loss: 0.104
[1,  3780] loss: 0.099
[1,  3800] loss: 0.024
[1,  3820] loss: 0.060
[1,  3840] loss: 0.101
[1,  3860] loss: 0.054
[1,  3880] loss: 0.121
[1,  3900] loss: 0.063
[1,  3920] loss: 0.057
[1,  3940] loss: 0.171
[1,  3960] loss: 0.085
[1,  3980] loss: 0.088
[1,  4000] loss: 0.198
[1,  4020] loss: 0.101
[1,  4040] loss: 0.109
[1,  4060] loss: 0.151
[1,  4080] loss: 0.060
[1,  4100] loss: 0.097
[1,  4120] loss: 0.190
[1,  4140] loss: 0.086
[1,  4160] loss: 0.143
[1,  4180] loss: 0.025
[1,  4200] loss: 0.039
[1,  4220] loss: 0.068
[1,  4240] loss: 0.143
[1,  4260] loss: 0.050
[1,  4280] loss: 0.055
[1,  4300] loss: 0.084
[1,  4320] loss: 0.039
[1,  4340] loss: 0.065
[1,  4360] loss: 0.054
[1,  4380] loss: 0.191
[1,  4400] loss: 0.123
[1,  4420] loss: 0.071
[1,  4440] loss: 0.087
[1,  4460] loss: 0.035
[1,  4480] loss: 0.045
[1,  4500] loss: 0.036
[1,  4520] loss: 0.052
[1,  4540] loss: 0.019
[1,  4560] loss: 0.059
[1,  4580] loss: 0.065
[1,  4600] loss: 0.108
[1,  4620] loss: 0.066
[1,  4640] loss: 0.154
[1,  4660] loss: 0.066
[1,  4680] loss: 0.049
[1,  4700] loss: 0.047
[1,  4720] loss: 0.021
[1,  4740] loss: 0.033
[1,  4760] loss: 0.031
[1,  4780] loss: 0.036
[1,  4800] loss: 0.040
[1,  4820] loss: 0.019
[1,  4840] loss: 0.039
[1,  4860] loss: 0.133
[1,  4880] loss: 0.048
[1,  4900] loss: 0.074
[1,  4920] loss: 0.044
[1,  4940] loss: 0.039
[1,  4960] loss: 0.086
[1,  4980] loss: 0.123
[1,  5000] loss: 0.043
[1,  5020] loss: 0.069
[1,  5040] loss: 0.044
[1,  5060] loss: 0.037
[1,  5080] loss: 0.082
[1,  5100] loss: 0.033
[1,  5120] loss: 0.043
[1,  5140] loss: 0.081
[1,  5160] loss: 0.148
[1,  5180] loss: 0.038
[1,  5200] loss: 0.020
[1,  5220] loss: 0.042
[1,  5240] loss: 0.223
[1,  5260] loss: 0.055
[1,  5280] loss: 0.296
[1,  5300] loss: 0.053
[1,  5320] loss: 0.031
[1,  5340] loss: 0.069
[1,  5360] loss: 0.072
[1,  5380] loss: 0.047
[1,  5400] loss: 0.227
[1,  5420] loss: 0.091
[1,  5440] loss: 0.145
[1,  5460] loss: 0.024
[1,  5480] loss: 0.097
[1,  5500] loss: 0.033
[1,  5520] loss: 0.043
[1,  5540] loss: 0.094
[1,  5560] loss: 0.058
[1,  5580] loss: 0.088
[1,  5600] loss: 0.122
[1,  5620] loss: 0.094
[1,  5640] loss: 0.064
[1,  5660] loss: 0.078
[1,  5680] loss: 0.155
[1,  5700] loss: 0.047
[1,  5720] loss: 0.052
[1,  5740] loss: 0.048
[1,  5760] loss: 0.200
[1,  5780] loss: 0.060
[1,  5800] loss: 0.113
[1,  5820] loss: 0.051
[1,  5840] loss: 0.161
[1,  5860] loss: 0.026
[1,  5880] loss: 0.081
[1,  5900] loss: 0.014
[1,  5920] loss: 0.094
[1,  5940] loss: 0.127
[1,  5960] loss: 0.041
[1,  5980] loss: 0.143
[1,  6000] loss: 0.206
[1,  6020] loss: 0.119
[1,  6040] loss: 0.084
[1,  6060] loss: 0.078
[1,  6080] loss: 0.119
[1,  6100] loss: 0.037
[1,  6120] loss: 0.028
[1,  6140] loss: 0.030
[1,  6160] loss: 0.103
[1,  6180] loss: 0.038
[1,  6200] loss: 0.038
[1,  6220] loss: 0.041
[1,  6240] loss: 0.158
[1,  6260] loss: 0.040
[1,  6280] loss: 0.012
[1,  6300] loss: 0.026
[1,  6320] loss: 0.042
[1,  6340] loss: 0.041
[1,  6360] loss: 0.173
[1,  6380] loss: 0.023
[1,  6400] loss: 0.042
[1,  6420] loss: 0.054
[1,  6440] loss: 0.049
[1,  6460] loss: 0.041
[1,  6480] loss: 0.040
[1,  6500] loss: 0.081
[1,  6520] loss: 0.044
[1,  6540] loss: 0.172
[1,  6560] loss: 0.139
[1,  6580] loss: 0.049
[1,  6600] loss: 0.407
[1,  6620] loss: 0.113
[1,  6640] loss: 0.055
[1,  6660] loss: 0.074
[1,  6680] loss: 0.118
[1,  6700] loss: 0.059
[1,  6720] loss: 0.156
[1,  6740] loss: 0.088
[1,  6760] loss: 0.070
[1,  6780] loss: 0.042
[1,  6800] loss: 0.016
[1,  6820] loss: 0.029
[1,  6840] loss: 0.171
[1,  6860] loss: 0.103
[1,  6880] loss: 0.088
[1,  6900] loss: 0.021
[1,  6920] loss: 0.034
[1,  6940] loss: 0.162
[1,  6960] loss: 0.129
[1,  6980] loss: 0.154
[1,  7000] loss: 0.093
[1,  7020] loss: 0.030
[1,  7040] loss: 0.022
[1,  7060] loss: 0.021
[1,  7080] loss: 0.055
[1,  7100] loss: 0.115
[1,  7120] loss: 0.039
[1,  7140] loss: 0.038
[1,  7160] loss: 0.050
[1,  7180] loss: 0.050
[1,  7200] loss: 0.086
[1,  7220] loss: 0.050
[1,  7240] loss: 0.089
[1,  7260] loss: 0.020
[1,  7280] loss: 0.020
[1,  7300] loss: 0.052
[1,  7320] loss: 0.204
[1,  7340] loss: 0.064
[1,  7360] loss: 0.066
[1,  7380] loss: 0.176
[1,  7400] loss: 0.076
[1,  7420] loss: 0.087
[1,  7440] loss: 0.137
[1,  7460] loss: 0.125
[1,  7480] loss: 0.080
[1,  7500] loss: 0.042
[1,  7520] loss: 0.028
[1,  7540] loss: 0.018
[1,  7560] loss: 0.109
[1,  7580] loss: 0.060
[1,  7600] loss: 0.051
[1,  7620] loss: 0.032
[1,  7640] loss: 0.017
[1,  7660] loss: 0.021
[1,  7680] loss: 0.040
[1,  7700] loss: 0.037
[1,  7720] loss: 0.035
[1,  7740] loss: 0.034
[1,  7760] loss: 0.088
[1,  7780] loss: 0.085
[1,  7800] loss: 0.262
[1,  7820] loss: 0.061
[1,  7840] loss: 0.046
[1,  7860] loss: 0.188
[1,  7880] loss: 0.052
[1,  7900] loss: 0.041
[1,  7920] loss: 0.014
[1,  7940] loss: 0.022
[1,  7960] loss: 0.113
[1,  7980] loss: 0.052
[1,  8000] loss: 0.027
[1,  8020] loss: 0.047
[1,  8040] loss: 0.027
[1,  8060] loss: 0.026
[1,  8080] loss: 0.178
[1,  8100] loss: 0.067
[1,  8120] loss: 0.040
[1,  8140] loss: 0.054
[1,  8160] loss: 0.067
[1,  8180] loss: 0.023
[1,  8200] loss: 0.089
[1,  8220] loss: 0.036
[1,  8240] loss: 0.062
[1,  8260] loss: 0.113
[1,  8280] loss: 0.060
[1,  8300] loss: 0.054
[1,  8320] loss: 0.057
[1,  8340] loss: 0.050
[1,  8360] loss: 0.026
[1,  8380] loss: 0.026
[1,  8400] loss: 0.073
[1,  8420] loss: 0.079
[1,  8440] loss: 0.016
[1,  8460] loss: 0.019
[1,  8480] loss: 0.199
[1,  8500] loss: 0.143
[1,  8520] loss: 0.049
[1,  8540] loss: 0.055
[1,  8560] loss: 0.182
[1,  8580] loss: 0.080
[1,  8600] loss: 0.087
[1,  8620] loss: 0.191
[1,  8640] loss: 0.068
[1,  8660] loss: 0.084
[1,  8680] loss: 0.040
[1,  8700] loss: 0.035
[1,  8720] loss: 0.040
[1,  8740] loss: 0.037
[1,  8760] loss: 0.029
[1,  8780] loss: 0.339
[1,  8800] loss: 0.047
[1,  8820] loss: 0.116
[1,  8840] loss: 0.059
[1,  8860] loss: 0.151
[1,  8880] loss: 0.147
[1,  8900] loss: 0.080
[1,  8920] loss: 0.043
[1,  8940] loss: 0.037
[1,  8960] loss: 0.066
[1,  8980] loss: 0.034
[1,  9000] loss: 0.138
[1,  9020] loss: 0.026
[1,  9040] loss: 0.090
[1,  9060] loss: 0.025
[1,  9080] loss: 0.052
[1,  9100] loss: 0.036
[1,  9120] loss: 0.031
[1,  9140] loss: 0.087
[1,  9160] loss: 0.116
[1,  9180] loss: 0.018
[1,  9200] loss: 0.125
[1,  9220] loss: 0.065
[1,  9240] loss: 0.024
[1,  9260] loss: 0.042
[1,  9280] loss: 0.080
[1,  9300] loss: 0.174
[1,  9320] loss: 0.060
[1,  9340] loss: 0.155
[1,  9360] loss: 0.090
[1,  9380] loss: 0.038
[1,  9400] loss: 0.072
[1,  9420] loss: 0.039
[1,  9440] loss: 0.099
[1,  9460] loss: 0.035
[1,  9480] loss: 0.017
[1,  9500] loss: 0.030
[1,  9520] loss: 0.039
[1,  9540] loss: 0.039
[1,  9560] loss: 0.066
[1,  9580] loss: 0.066
[1,  9600] loss: 0.110
[1,  9620] loss: 0.071
[1,  9640] loss: 0.021
[1,  9660] loss: 0.026
[1,  9680] loss: 0.085
[1,  9700] loss: 0.174
[1,  9720] loss: 0.067
[1,  9740] loss: 0.039
[1,  9760] loss: 0.116
[1,  9780] loss: 0.020
[1,  9800] loss: 0.048
[1,  9820] loss: 0.050
[1,  9840] loss: 0.042
[1,  9860] loss: 0.045
[1,  9880] loss: 0.031
[1,  9900] loss: 0.081
[1,  9920] loss: 0.238
[1,  9940] loss: 0.088
[1,  9960] loss: 0.170
[1,  9980] loss: 0.078
[1, 10000] loss: 0.048
[1, 10020] loss: 0.071
[1, 10040] loss: 0.144
[1, 10060] loss: 0.159
[1, 10080] loss: 0.058
[1, 10100] loss: 0.106
[1, 10120] loss: 0.160
[1, 10140] loss: 0.061
[1, 10160] loss: 0.051
[1, 10180] loss: 0.112
[1, 10200] loss: 0.057
[1, 10220] loss: 0.054
[1, 10240] loss: 0.123
[1, 10260] loss: 0.195
[1, 10280] loss: 0.050
[1, 10300] loss: 0.076
[1, 10320] loss: 0.078
[1, 10340] loss: 0.081
[1, 10360] loss: 0.030
[1, 10380] loss: 0.035
[1, 10400] loss: 0.044
[1, 10420] loss: 0.051
[1, 10440] loss: 0.017
[1, 10460] loss: 0.017
[1, 10480] loss: 0.010
[1, 10500] loss: 0.144
[1, 10520] loss: 0.019
[1, 10540] loss: 0.083
[1, 10560] loss: 0.054
[1, 10580] loss: 0.046
[1, 10600] loss: 0.037
[1, 10620] loss: 0.031
[1, 10640] loss: 0.063
[1, 10660] loss: 0.076
[1, 10680] loss: 0.019
[1, 10700] loss: 0.022
[1, 10720] loss: 0.106
[1, 10740] loss: 0.169
[1, 10760] loss: 0.103
[1, 10780] loss: 0.073
[1, 10800] loss: 0.052
[1, 10820] loss: 0.148
[1, 10840] loss: 0.223
[1, 10860] loss: 0.118
[1, 10880] loss: 0.350
[1, 10900] loss: 0.068
[1, 10920] loss: 0.037
[1, 10940] loss: 0.025
[1, 10960] loss: 0.074
[1, 10980] loss: 0.049
[1, 11000] loss: 0.039
[1, 11020] loss: 0.087
[1, 11040] loss: 0.034
[1, 11060] loss: 0.016
[1, 11080] loss: 0.049
[1, 11100] loss: 0.009
[1, 11120] loss: 0.026
[1, 11140] loss: 0.021
[1, 11160] loss: 0.020
[1, 11180] loss: 0.040
[1, 11200] loss: 0.037
[1, 11220] loss: 0.034
[1, 11240] loss: 0.055
[1, 11260] loss: 0.029
[1, 11280] loss: 0.021
[1, 11300] loss: 0.011
[1, 11320] loss: 0.027
[1, 11340] loss: 0.124
[1, 11360] loss: 0.019
[1, 11380] loss: 0.075
[1, 11400] loss: 0.033
[1, 11420] loss: 0.134
[1, 11440] loss: 0.077
[1, 11460] loss: 0.029
[1, 11480] loss: 0.083
[1, 11500] loss: 0.026
[1, 11520] loss: 0.058
[1, 11540] loss: 0.105
[1, 11560] loss: 0.191
[1, 11580] loss: 0.069
[1, 11600] loss: 0.118
[1, 11620] loss: 0.160
[1, 11640] loss: 0.040
[1, 11660] loss: 0.032
[1, 11680] loss: 0.063
[1, 11700] loss: 0.064
[1, 11720] loss: 0.068
[1, 11740] loss: 0.177
[1, 11760] loss: 0.110
[1, 11780] loss: 0.072
[1, 11800] loss: 0.155
[1, 11820] loss: 0.047
[1, 11840] loss: 0.026
[1, 11860] loss: 0.045
[1, 11880] loss: 0.089
[1, 11900] loss: 0.437
[1, 11920] loss: 0.034
[1, 11940] loss: 0.096
[1, 11960] loss: 0.103
[1, 11980] loss: 0.020
[1, 12000] loss: 0.187
[1, 12020] loss: 0.141
[1, 12040] loss: 0.092
[1, 12060] loss: 0.166
[1, 12080] loss: 0.081
[1, 12100] loss: 0.088
[1, 12120] loss: 0.042
[1, 12140] loss: 0.026
[1, 12160] loss: 0.026
[1, 12180] loss: 0.086
[1, 12200] loss: 0.151
[1, 12220] loss: 0.100
[1, 12240] loss: 0.026
[1, 12260] loss: 0.048
[1, 12280] loss: 0.041
[1, 12300] loss: 0.066
[1, 12320] loss: 0.034
[1, 12340] loss: 0.043
[1, 12360] loss: 0.142
[1, 12380] loss: 0.239
[1, 12400] loss: 0.072
[1, 12420] loss: 0.289
[1, 12440] loss: 0.111
[1, 12460] loss: 0.028
[1, 12480] loss: 0.016
[1, 12500] loss: 0.097
[1, 12520] loss: 0.041
[1, 12540] loss: 0.092
[1, 12560] loss: 0.021
[1, 12580] loss: 0.018
[1, 12600] loss: 0.041
[1, 12620] loss: 0.049
[1, 12640] loss: 0.060
[1, 12660] loss: 0.076
[1, 12680] loss: 0.033
[1, 12700] loss: 0.022
[1, 12720] loss: 0.028
[1, 12740] loss: 0.098
[1, 12760] loss: 0.085
[1, 12780] loss: 0.083
[1, 12800] loss: 0.028
[1, 12820] loss: 0.021
[1, 12840] loss: 0.025
[1, 12860] loss: 0.031
[1, 12880] loss: 0.016
[1, 12900] loss: 0.025
[1, 12920] loss: 0.044
[1, 12940] loss: 0.204
[1, 12960] loss: 0.075
[1, 12980] loss: 0.188
[1, 13000] loss: 0.043
[1, 13020] loss: 0.107
[1, 13040] loss: 0.055
[1, 13060] loss: 0.235
[1, 13080] loss: 0.145
[1, 13100] loss: 0.121
[1, 13120] loss: 0.045
[1, 13140] loss: 0.154
[1, 13160] loss: 0.035
[1, 13180] loss: 0.026
[1, 13200] loss: 0.031
[1, 13220] loss: 0.021
[1, 13240] loss: 0.029
[1, 13260] loss: 0.044
[1, 13280] loss: 0.072
[1, 13300] loss: 0.065
[1, 13320] loss: 0.166
[1, 13340] loss: 0.054
[1, 13360] loss: 0.054
[1, 13380] loss: 0.066
[1, 13400] loss: 0.094
[1, 13420] loss: 0.030
[1, 13440] loss: 0.077
[1, 13460] loss: 0.058
[1, 13480] loss: 0.013
[1, 13500] loss: 0.065
[1, 13520] loss: 0.065
[1, 13540] loss: 0.058
[1, 13560] loss: 0.026
[1, 13580] loss: 0.052
[1, 13600] loss: 0.083
[1, 13620] loss: 0.082
[1, 13640] loss: 0.027
[1, 13660] loss: 0.081
[1, 13680] loss: 0.061
[1, 13700] loss: 0.025
[1, 13720] loss: 0.057
[1, 13740] loss: 0.089
[1, 13760] loss: 0.113
[1, 13780] loss: 0.122
[1, 13800] loss: 0.238
[1, 13820] loss: 51102.627
[1, 13840] loss: 2957069504580.776
[1, 13860] loss: 5980406093094.400
[1, 13880] loss: 5591800087859.200
[1, 13900] loss: 102850855353.600
[1, 13920] loss: 11323769560.300
[1, 13940] loss: 1456117641.600
[1, 13960] loss: 590660467.831
[1, 13980] loss: 446844941.762
[1, 14000] loss: 257018425.823
[1, 14020] loss: 257009088.250
[1, 14040] loss: 200217316.000
[1, 14060] loss: 131430868.537
[1, 14080] loss: 198571145.418
[1, 14100] loss: 95915943.105
[1, 14120] loss: 84120446.338
[1, 14140] loss: 158427996.935
[1, 14160] loss: 177055840.775
[1, 14180] loss: 76866041.998
[1, 14200] loss: 113268868.250
[1, 14220] loss: 165961900.334
[1, 14240] loss: 121404901.980
[1, 14260] loss: 148731835.650
[1, 14280] loss: 144380380.920
[1, 14300] loss: 104468050.665
[1, 14320] loss: 111740432.938
[1, 14340] loss: 92559696.222
[1, 14360] loss: 44794624.330
[1, 14380] loss: 103083215.694
[1, 14400] loss: 101041688.643
[1, 14420] loss: 66451901.328
[1, 14440] loss: 77634202.728
[1, 14460] loss: 83176319.592
[1, 14480] loss: 93301494.746
[1, 14500] loss: 80849265.144
[1, 14520] loss: 95375189.739
[1, 14540] loss: 44094606.733
[1, 14560] loss: 92878732.721
[1, 14580] loss: 82702565.218
[1, 14600] loss: 55687112.613
[1, 14620] loss: 41068385.048
[1, 14640] loss: 55400550.096
[1, 14660] loss: 63408042.845
[1, 14680] loss: 82138223.531
[1, 14700] loss: 41093156.350
[1, 14720] loss: 34775759.142
[1, 14740] loss: 97849428.044
[1, 14760] loss: 51114107.200
[1, 14780] loss: 72390949.350
[1, 14800] loss: 46270728.168
[1, 14820] loss: 66660531.600
[1, 14840] loss: 63275042.711
[1, 14860] loss: 37509031.987
[1, 14880] loss: 60709480.279
[1, 14900] loss: 37193670.100
[1, 14920] loss: 45110874.948
[1, 14940] loss: 58834617.462
[1, 14960] loss: 57187169.854
[1, 14980] loss: 38250699.374
[1, 15000] loss: 37011439.025
[1, 15020] loss: 25952567.956
[1, 15040] loss: 39367060.359
[1, 15060] loss: 29018028.764
[1, 15080] loss: 39573805.352
[1, 15100] loss: 32611306.197
[1, 15120] loss: 59615003.015
[1, 15140] loss: 27297528.583
[1, 15160] loss: 15171732.518
[1, 15180] loss: 19103615.452
[1, 15200] loss: 39762537.667
[1, 15220] loss: 33754736.934
[1, 15240] loss: 35752477.144
[1, 15260] loss: 37173906.569
[1, 15280] loss: 31397065.231
[1, 15300] loss: 37946097.737
[1, 15320] loss: 44823848.206
[1, 15340] loss: 48790435.990
[1, 15360] loss: 24818073.652
[1, 15380] loss: 17620550.158
[1, 15400] loss: 16815141.398
[1, 15420] loss: 18015919.153
[1, 15440] loss: 20546584.462
[1, 15460] loss: 14831412.055
[1, 15480] loss: 28964085.726
[1, 15500] loss: 12215225.642
[1, 15520] loss: 25071495.193
[1, 15540] loss: 30291430.555
[1, 15560] loss: 17128639.208
[1, 15580] loss: 16640745.596
[1, 15600] loss: 22498231.012
[1, 15620] loss: 28055365.879
[1, 15640] loss: 18476555.258
[1, 15660] loss: 16330847.430
[1, 15680] loss: 11052567.705
[1, 15700] loss: 13289374.565
[1, 15720] loss: 13155758.110
[1, 15740] loss: 17265499.293
[1, 15760] loss: 9500470.924
[1, 15780] loss: 19409890.936
[1, 15800] loss: 12959249.233
[1, 15820] loss: 18863857.740
[1, 15840] loss: 19064024.355
[1, 15860] loss: 14121060.744
[1, 15880] loss: 12700285.460
[1, 15900] loss: 11949615.737
[1, 15920] loss: 9212619.105
[1, 15940] loss: 5610369.067
[1, 15960] loss: 4845484.441
[1, 15980] loss: 9834088.134
[1, 16000] loss: 7559395.959
[1, 16020] loss: 9941092.250
[1, 16040] loss: 5223546.037
[1, 16060] loss: 5432465.730
[1, 16080] loss: 4952809.017
[1, 16100] loss: 6147248.867
[1, 16120] loss: 4793300.612
[1, 16140] loss: 6513045.961
[1, 16160] loss: 3825961.609
[1, 16180] loss: 5406669.781
[1, 16200] loss: 5178738.631
[1, 16220] loss: 9701657.192
[1, 16240] loss: 6133146.420
[1, 16260] loss: 8364733.540
[1, 16280] loss: 6222145.273
[1, 16300] loss: 3584906.787
[1, 16320] loss: 4846104.204
[1, 16340] loss: 6476089.362
[1, 16360] loss: 3575126.012
[1, 16380] loss: 7739849.581
[1, 16400] loss: 2944362.523
[1, 16420] loss: 2135801.587
[1, 16440] loss: 5925987.281
[1, 16460] loss: 4259852.796
[1, 16480] loss: 5352893.285
[1, 16500] loss: 3147959.363
[1, 16520] loss: 2949688.511
[1, 16540] loss: 4878948.058
[1, 16560] loss: 1226980.202
[1, 16580] loss: 3519494.213
[1, 16600] loss: 2953373.916
[1, 16620] loss: 5673631.853
[1, 16640] loss: 3019222.157
[1, 16660] loss: 4497148.110
[1, 16680] loss: 3986541.742
[1, 16700] loss: 2538329.967
[1, 16720] loss: 2746426.677
[1, 16740] loss: 2075584.592
[1, 16760] loss: 1266562.299
[1, 16780] loss: 2387312.759
[1, 16800] loss: 2057154.858
[1, 16820] loss: 1897700.318
[1, 16840] loss: 1404809.051
[1, 16860] loss: 1881730.112
[1, 16880] loss: 2217338.582
[1, 16900] loss: 1221382.562
[1, 16920] loss: 1207973.442
[1, 16940] loss: 2355102.076
[1, 16960] loss: 2017271.884
[1, 16980] loss: 523193.139
[1, 17000] loss: 1243495.553
[1, 17020] loss: 1691174.546
[1, 17040] loss: 1915660.029
[1, 17060] loss: 1346789.065
[1, 17080] loss: 1483477.125
[1, 17100] loss: 1929447.777
[1, 17120] loss: 2578449.276
[1, 17140] loss: 523337.161
[1, 17160] loss: 486346.076
[1, 17180] loss: 1122663.586
[1, 17200] loss: 1510066.419
[1, 17220] loss: 1302220.199
[1, 17240] loss: 1049172.862
[1, 17260] loss: 693603.989
[1, 17280] loss: 590890.709
[1, 17300] loss: 761374.346
[1, 17320] loss: 427875.743
[1, 17340] loss: 828650.598
[1, 17360] loss: 2490142.341
[1, 17380] loss: 995570.985
[1, 17400] loss: 645808.129
[1, 17420] loss: 257593.351
[1, 17440] loss: 405934.565
[1, 17460] loss: 457717.873
[1, 17480] loss: 589344.102
[1, 17500] loss: 714673.793
[1, 17520] loss: 617996.748
[1, 17540] loss: 402098.643
[1, 17560] loss: 783415.082
[1, 17580] loss: 502650.378
[1, 17600] loss: 568420.309
[1, 17620] loss: 698741.854
[1, 17640] loss: 538972.076
[1, 17660] loss: 466211.113
[1, 17680] loss: 527970.418
[1, 17700] loss: 375603.608
[1, 17720] loss: 258658.056
[1, 17740] loss: 134691.367
[1, 17760] loss: 339266.727
[1, 17780] loss: 355287.712
[1, 17800] loss: 309367.188
[1, 17820] loss: 359399.999
[1, 17840] loss: 442527.564
[1, 17860] loss: 179847.214
[1, 17880] loss: 314319.190
[1, 17900] loss: 515293.617
[1, 17920] loss: 256050.847
[1, 17940] loss: 474959.060
[1, 17960] loss: 238506.321
[1, 17980] loss: 171001.603
[1, 18000] loss: 238183.229
[1, 18020] loss: 213926.843
[1, 18040] loss: 502049.253
[1, 18060] loss: 293597.865
[1, 18080] loss: 171835.693
[1, 18100] loss: 293423.436
[1, 18120] loss: 1017275.502
[1, 18140] loss: 437190.187
[1, 18160] loss: 105780.369
[1, 18180] loss: 305682.274
[1, 18200] loss: 171157.093
[1, 18220] loss: 121388.531
[1, 18240] loss: 224820.311
[1, 18260] loss: 204970.371
[1, 18280] loss: 141314.731
[1, 18300] loss: 303530.950
[1, 18320] loss: 638507.522
[1, 18340] loss: 223893.011
[1, 18360] loss: 113118.844
[1, 18380] loss: 160389.344
[1, 18400] loss: 212911.448
[1, 18420] loss: 396754.974
[1, 18440] loss: 268267.596
[1, 18460] loss: 403401.827
[1, 18480] loss: 256681.572
[1, 18500] loss: 332723.464
[1, 18520] loss: 334707.111
[1, 18540] loss: 272810.896
[1, 18560] loss: 210006.281
[1, 18580] loss: 281572.134
[1, 18600] loss: 145334.771
[1, 18620] loss: 215440.931
[1, 18640] loss: 110855.966
[1, 18660] loss: 233973.093
[1, 18680] loss: 121208.331
[1, 18700] loss: 298684.510
[1, 18720] loss: 392362.451
[1, 18740] loss: 4746641.370
[1, 18760] loss: 6680123.016
[1, 18780] loss: 4022183.020
[1, 18800] loss: 890037.097
[1, 18820] loss: 1031677.858
[1, 18840] loss: 1307254.850
[1, 18860] loss: 1159862.318
[1, 18880] loss: 348847.252
[1, 18900] loss: 283166.939
[1, 18920] loss: 201891.963
[1, 18940] loss: 68529.657
[1, 18960] loss: 223505.147
[1, 18980] loss: 443915.436
[1, 19000] loss: 216907.931
[1, 19020] loss: 374375.874
[1, 19040] loss: 475200.202
[1, 19060] loss: 189823.838
[1, 19080] loss: 197489.462
[1, 19100] loss: 218179.249
[1, 19120] loss: 1073341.375
[1, 19140] loss: 78528.708
[1, 19160] loss: 222324.320
[1, 19180] loss: 283094.299
[1, 19200] loss: 484319.704
[1, 19220] loss: 847481.862
[1, 19240] loss: 2079517.212
[1, 19260] loss: 3652317.222
[1, 19280] loss: 1420373.825
[1, 19300] loss: 501753.823
[1, 19320] loss: 227852.031
[1, 19340] loss: 1334197.503
[1, 19360] loss: 1708214.641
[1, 19380] loss: 803379.446
[1, 19400] loss: 108468.704
[1, 19420] loss: 573959.127
[1, 19440] loss: 158238.544
[1, 19460] loss: 216184.696
[1, 19480] loss: 924550.862
[1, 19500] loss: 472377.927
[1, 19520] loss: 119468.169
[1, 19540] loss: 611479.032
[1, 19560] loss: 330802.143
[1, 19580] loss: 1511843.930
[1, 19600] loss: 1576209.769
[1, 19620] loss: 301629.329
[1, 19640] loss: 941399.289
[1, 19660] loss: 1564966.496
[1, 19680] loss: 1623649.456
[1, 19700] loss: 2866194.298
[1, 19720] loss: 753805.566
[1, 19740] loss: 1054838.424
[1, 19760] loss: 421139.307
[1, 19780] loss: 341714.749
[1, 19800] loss: 2544031.454
[1, 19820] loss: 2275254.695
[1, 19840] loss: 9113738.939
[1, 19860] loss: 5449633.070
[1, 19880] loss: 9420415.690
[1, 19900] loss: 3293335.613
[1, 19920] loss: 2346994.484
[1, 19940] loss: 848229.148
[1, 19960] loss: 2526830.224
[1, 19980] loss: 4294045.165
[1, 20000] loss: 462240.975
[1, 20020] loss: 248243.823
[1, 20040] loss: 447979.417
[1, 20060] loss: 418659.132
[1, 20080] loss: 1102759.982
[1, 20100] loss: 1724051.240
[1, 20120] loss: 509678.287
[1, 20140] loss: 484281.478
[1, 20160] loss: 1223722.708
[1, 20180] loss: 735957.000
[1, 20200] loss: 774106.222
[1, 20220] loss: 364177.166
[1, 20240] loss: 530925.555
[1, 20260] loss: 1240660.289
[1, 20280] loss: 683840.223
[1, 20300] loss: 1352384.894
[1, 20320] loss: 7088544.102
[1, 20340] loss: 3791680.223
[1, 20360] loss: 8109920.378
[1, 20380] loss: 10684690.685
[1, 20400] loss: 5544970.592
[1, 20420] loss: 1454850.673
[1, 20440] loss: 668223.255
[1, 20460] loss: 426167.486
[1, 20480] loss: 2856756.976
[1, 20500] loss: 1017103.060
[1, 20520] loss: 1716373.971
[1, 20540] loss: 742198.224
[1, 20560] loss: 11785719.915
[1, 20580] loss: 24324972.870
[1, 20600] loss: 25449296.069
[1, 20620] loss: 13799976.493
[1, 20640] loss: 2647168.523
[1, 20660] loss: 1987672.069
[1, 20680] loss: 2189103.317
[1, 20700] loss: 769517.841
[1, 20720] loss: 208491.643
[1, 20740] loss: 416736.186
[1, 20760] loss: 334110.590
[1, 20780] loss: 1159455.252
[1, 20800] loss: 529757.384
[1, 20820] loss: 313152.368
[1, 20840] loss: 261017.362
[1, 20860] loss: 207872.122
[1, 20880] loss: 859524.939
[1, 20900] loss: 4679905.444
[1, 20920] loss: 24344825.212
[1, 20940] loss: 5248297.418
[1, 20960] loss: 2234503.032
[1, 20980] loss: 10480001.132
[1, 21000] loss: 1976756866.423
[1, 21020] loss: 573382500.856
[1, 21040] loss: 82595169.022
[1, 21060] loss: 18346236.705
[1, 21080] loss: 10143886.496
[1, 21100] loss: 6375304.565
[1, 21120] loss: 3104146.032
[1, 21140] loss: 3115408.697
[1, 21160] loss: 1031027.226
[1, 21180] loss: 1264941.164
[1, 21200] loss: 795602.760
[1, 21220] loss: 756813.672
[1, 21240] loss: 632613.177
[1, 21260] loss: 515788.081
[1, 21280] loss: 270963.957
[1, 21300] loss: 344730.158
[1, 21320] loss: 334866.569
[1, 21340] loss: 377545.878
[1, 21360] loss: 259562.100
[1, 21380] loss: 210767.553
[1, 21400] loss: 322699.251
[1, 21420] loss: 210388.820
[1, 21440] loss: 249647.359
[1, 21460] loss: 208609.501
[1, 21480] loss: 240057.523
[1, 21500] loss: 297799.635
[1, 21520] loss: 211898.685
[1, 21540] loss: 152292.208
[1, 21560] loss: 190705.019
[1, 21580] loss: 149590.585
[1, 21600] loss: 123187.545
[1, 21620] loss: 195039.317
[1, 21640] loss: 136003.264
[1, 21660] loss: 132822.130
[1, 21680] loss: 117607.723
[1, 21700] loss: 160737.023
[1, 21720] loss: 80733.461
[1, 21740] loss: 151258.000
[1, 21760] loss: 101626.146
[1, 21780] loss: 173041.674
[1, 21800] loss: 171830.049
[1, 21820] loss: 97803.064
[1, 21840] loss: 100449.823
[1, 21860] loss: 123831.364
[1, 21880] loss: 111210.607
[1, 21900] loss: 124298.611
[1, 21920] loss: 90377.488
[1, 21940] loss: 67617.828
[1, 21960] loss: 93816.578
[1, 21980] loss: 70418.912
[1, 22000] loss: 62462.903
[1, 22020] loss: 64763.113
[1, 22040] loss: 103146.467
[1, 22060] loss: 65194.216
[1, 22080] loss: 67710.251
[1, 22100] loss: 120339.725
[1, 22120] loss: 89548.956
[1, 22140] loss: 49726.834
[1, 22160] loss: 100438.745
[1, 22180] loss: 80737.448
[1, 22200] loss: 66751.354
[1, 22220] loss: 86196.952
[1, 22240] loss: 64568.637
[1, 22260] loss: 53903.253
[1, 22280] loss: 50385.770
[1, 22300] loss: 64864.301
[1, 22320] loss: 53538.446
[1, 22340] loss: 56075.029
[1, 22360] loss: 42221.935
[1, 22380] loss: 54747.025
[1, 22400] loss: 62151.183
[1, 22420] loss: 70629.955
[1, 22440] loss: 72457.281
[1, 22460] loss: 94351.462
[1, 22480] loss: 40277.146
[1, 22500] loss: 27216.025
[1, 22520] loss: 31429.077
[1, 22540] loss: 62924.416
[1, 22560] loss: 15658.883
[1, 22580] loss: 49551.377
[1, 22600] loss: 34461.834
[1, 22620] loss: 39056.140
[1, 22640] loss: 82056.516
[1, 22660] loss: 95801.348
[1, 22680] loss: 24667.940
[1, 22700] loss: 88922.864
[1, 22720] loss: 40955.771
[1, 22740] loss: 93067.306
[1, 22760] loss: 52435.642
[1, 22780] loss: 49541.979
[1, 22800] loss: 52768.783
[1, 22820] loss: 48973.058
[1, 22840] loss: 29310.612
[1, 22860] loss: 34148.965
[1, 22880] loss: 55776.447
[1, 22900] loss: 29370.455
[1, 22920] loss: 21366.931
[1, 22940] loss: 47021.161
[1, 22960] loss: 23666.559
[1, 22980] loss: 43070.054
[1, 23000] loss: 58999.508
[1, 23020] loss: 46323.252
[1, 23040] loss: 43386.567
[1, 23060] loss: 35250.923
[1, 23080] loss: 33585.855
[1, 23100] loss: 33095.798
[1, 23120] loss: 60631.865
[1, 23140] loss: 52270.835
[1, 23160] loss: 25728.914
[1, 23180] loss: 60844.161
[1, 23200] loss: 111006.984
[1, 23220] loss: 62684.923
[1, 23240] loss: 38865.557
[1, 23260] loss: 55807.585
[1, 23280] loss: 51204.244
[1, 23300] loss: 48934.087
[1, 23320] loss: 36595.573
[1, 23340] loss: 43405.852
[1, 23360] loss: 44755.981
[1, 23380] loss: 43570.428
[1, 23400] loss: 40526.284
[1, 23420] loss: 32175.916
[1, 23440] loss: 25110.915
[1, 23460] loss: 44767.388
[1, 23480] loss: 68596.928
[1, 23500] loss: 42134.057
[1, 23520] loss: 60253.907
[1, 23540] loss: 66774.873
[1, 23560] loss: 43117.847
[1, 23580] loss: 29817.710
[1, 23600] loss: 31994.548
[1, 23620] loss: 14707.352
[1, 23640] loss: 37646.254
[1, 23660] loss: 21885.949
[1, 23680] loss: 53265.896
[1, 23700] loss: 65159.445
[1, 23720] loss: 33979.648
[1, 23740] loss: 42244.137
[1, 23760] loss: 13300.458
[1, 23780] loss: 12523.965
[1, 23800] loss: 40544.344
[1, 23820] loss: 72794.091
[1, 23840] loss: 71121.760
[1, 23860] loss: 27215.397
[1, 23880] loss: 23007.549
[1, 23900] loss: 53914.753
[1, 23920] loss: 27435.425
[1, 23940] loss: 27388.544
[1, 23960] loss: 59065.419
[1, 23980] loss: 112459.025
[1, 24000] loss: 53639.183
[1, 24020] loss: 60754.860
[1, 24040] loss: 68763.325
[1, 24060] loss: 54616.380
[1, 24080] loss: 29861.479
[1, 24100] loss: 36681.053
[1, 24120] loss: 21394.212
[1, 24140] loss: 36737.017
[1, 24160] loss: 52373.442
[1, 24180] loss: 45529.037
[1, 24200] loss: 24692.923
[1, 24220] loss: 32797.000
[1, 24240] loss: 64486.791
[1, 24260] loss: 96669.709
[1, 24280] loss: 61718.908
[1, 24300] loss: 100472.240
[1, 24320] loss: 68117.389
[1, 24340] loss: 39529.885
[1, 24360] loss: 39258.062
[1, 24380] loss: 24144.538
[1, 24400] loss: 54775.234
[1, 24420] loss: 41328.568
[1, 24440] loss: 17817.414
[1, 24460] loss: 23409.596
[1, 24480] loss: 17593.095
[1, 24500] loss: 45865.136
[1, 24520] loss: 46661.590
[1, 24540] loss: 77009.792
[1, 24560] loss: 17609.518
[1, 24580] loss: 31582.529
[1, 24600] loss: 69401.584
[1, 24620] loss: 30018.408
[1, 24640] loss: 25699.447
[1, 24660] loss: 63404.036
[1, 24680] loss: 25118.253
[1, 24700] loss: 25549.707
[1, 24720] loss: 26448.813
[1, 24740] loss: 30803.939
[1, 24760] loss: 72370.261
[1, 24780] loss: 66018.656
[1, 24800] loss: 184946.825
[1, 24820] loss: 89589.789
[1, 24840] loss: 38986.358
[1, 24860] loss: 339144.357
[1, 24880] loss: 500999.361
[1, 24900] loss: 615606.623
[1, 24920] loss: 147059.645
[1, 24940] loss: 121355.123
[1, 24960] loss: 123367.713
[1, 24980] loss: 1725266.956
[1, 25000] loss: 2165809.153
[1, 25020] loss: 1554981.644
[1, 25040] loss: 322910.451
[1, 25060] loss: 142904.624
[1, 25080] loss: 55827.412
[1, 25100] loss: 23636.129
[1, 25120] loss: 27143.130
[1, 25140] loss: 33945.057
[1, 25160] loss: 27409.948
[1, 25180] loss: 18155.210
[1, 25200] loss: 133058.643
[1, 25220] loss: 108284.169
[1, 25240] loss: 317605.078
[1, 25260] loss: 2644224.846
[1, 25280] loss: 8394425.220
[1, 25300] loss: 3523380.880
[1, 25320] loss: 2240747.190
[1, 25340] loss: 7879854.425
[1, 25360] loss: 1301034.979
[1, 25380] loss: 517919.218
[1, 25400] loss: 141082.139
[1, 25420] loss: 196158.032
[1, 25440] loss: 64429.796
[1, 25460] loss: 38389.607
[1, 25480] loss: 61385.523
[1, 25500] loss: 63643.042
[1, 25520] loss: 29512.416
[1, 25540] loss: 33845.947
[1, 25560] loss: 25017.769
[1, 25580] loss: 33122.698
[1, 25600] loss: 42362.889
[1, 25620] loss: 27106.516
[1, 25640] loss: 33744.358
[1, 25660] loss: 177480.797
[1, 25680] loss: 152183.128
[1, 25700] loss: 81743.589
[1, 25720] loss: 65083.704
[1, 25740] loss: 255272.596
[1, 25760] loss: 618744.782
[1, 25780] loss: 772709.850
[1, 25800] loss: 189749.427
[1, 25820] loss: 31951.710
[1, 25840] loss: 20506.032
[1, 25860] loss: 35687.620
[1, 25880] loss: 25030.444
[1, 25900] loss: 25185.680
[1, 25920] loss: 14083.981
[1, 25940] loss: 30969.925
[1, 25960] loss: 87383.866
[1, 25980] loss: 161143.986
[1, 26000] loss: 48207.900
[1, 26020] loss: 20591.081
[1, 26040] loss: 18883.021
[1, 26060] loss: 38587.889
[1, 26080] loss: 17952.829
[1, 26100] loss: 10396.037
[1, 26120] loss: 26147.338
[1, 26140] loss: 121084.616
[1, 26160] loss: 71119.262
[1, 26180] loss: 102866.309
[1, 26200] loss: 64127.189
[1, 26220] loss: 22561.850
[1, 26240] loss: 23251.660
[1, 26260] loss: 14441.821
[1, 26280] loss: 15435.228
[1, 26300] loss: 41484.888
[1, 26320] loss: 41320.370
[1, 26340] loss: 53148.810
[1, 26360] loss: 92374.949
[1, 26380] loss: 91039.593
[1, 26400] loss: 220776.214
[1, 26420] loss: 141257.101
[1, 26440] loss: 20695.840
[1, 26460] loss: 37790.477
[1, 26480] loss: 44777.913
[1, 26500] loss: 13115.118
[1, 26520] loss: 27017.683
[1, 26540] loss: 25697.032
[1, 26560] loss: 12013.059
[1, 26580] loss: 21179.173
[1, 26600] loss: 23682.633
[1, 26620] loss: 6520.764
[1, 26640] loss: 34991.029
[1, 26660] loss: 37323.218
[1, 26680] loss: 25306.151
[1, 26700] loss: 39821.660
[1, 26720] loss: 41952.074
[1, 26740] loss: 31868.251
[1, 26760] loss: 189665.135
[1, 26780] loss: 157973.440
[1, 26800] loss: 63636.476
[1, 26820] loss: 126118.006
[1, 26840] loss: 257048.753
[1, 26860] loss: 333822.136
[1, 26880] loss: 144213.816
[1, 26900] loss: 270387.163
[1, 26920] loss: 220642.989
[1, 26940] loss: 170307.947
[1, 26960] loss: 31809.643
[1, 26980] loss: 86419.201
[1, 27000] loss: 41839.677
[1, 27020] loss: 134163.424
[1, 27040] loss: 63832.279
[1, 27060] loss: 28505.360
[1, 27080] loss: 68316.069
[1, 27100] loss: 18394.351
[1, 27120] loss: 17396.053
[1, 27140] loss: 27716.524
[1, 27160] loss: 32403.638
[1, 27180] loss: 112365.703
[1, 27200] loss: 140685.556
[1, 27220] loss: 513723.949
[1, 27240] loss: 333081.264
[1, 27260] loss: 2058441.918
[1, 27280] loss: 640245.105
[1, 27300] loss: 383593.294
[1, 27320] loss: 34280.795
[1, 27340] loss: 38948.134
[1, 27360] loss: 34745.585
[1, 27380] loss: 44960.795
[1, 27400] loss: 12257.532
[1, 27420] loss: 12381.377
[1, 27440] loss: 17792.941
[1, 27460] loss: 24986.025
[1, 27480] loss: 31111.205
[1, 27500] loss: 313839.382
[1, 27520] loss: 10554386.079
[1, 27540] loss: 5545940.429
[1, 27560] loss: 1073302.943
[1, 27580] loss: 1129354.735
[1, 27600] loss: 176920.696
[1, 27620] loss: 40294.641
[1, 27640] loss: 56227.960
[1, 27660] loss: 85593.612
[1, 27680] loss: 87322.135
[1, 27700] loss: 127526.773
[1, 27720] loss: 115579.398
[1, 27740] loss: 110438.447
[1, 27760] loss: 46026.720
[1, 27780] loss: 33523.916
[1, 27800] loss: 8768.686
[1, 27820] loss: 5376.181
[1, 27840] loss: 7411.613
[1, 27860] loss: 31517.454
[1, 27880] loss: 141339.601
[1, 27900] loss: 12614.196
[1, 27920] loss: 16727.498
[1, 27940] loss: 43371.131
[1, 27960] loss: 17331.300
[1, 27980] loss: 14904.677
[1, 28000] loss: 19732.876
[1, 28020] loss: 11091.198
[1, 28040] loss: 4786.007
[1, 28060] loss: 10220.657
[1, 28080] loss: 13699.119
[1, 28100] loss: 21484.952
[1, 28120] loss: 5427.075
[1, 28140] loss: 4177.805
[1, 28160] loss: 10618.636
[1, 28180] loss: 5242.821
[1, 28200] loss: 4017.604
[1, 28220] loss: 38024.679
[1, 28240] loss: 36290.624
[1, 28260] loss: 18777.452
[1, 28280] loss: 33716.632
[1, 28300] loss: 70607.317
[1, 28320] loss: 30577.201
[1, 28340] loss: 10564.944
[1, 28360] loss: 3351.808
[1, 28380] loss: 13223.112
[1, 28400] loss: 10257.884
[1, 28420] loss: 3181.617
[1, 28440] loss: 7619.706
[1, 28460] loss: 6951.161
[1, 28480] loss: 11466.842
[1, 28500] loss: 7101.914
[1, 28520] loss: 8523.105
[1, 28540] loss: 11795.664
[1, 28560] loss: 13951.365
[1, 28580] loss: 10139.339
[1, 28600] loss: 7658.003
[1, 28620] loss: 26274.194
[1, 28640] loss: 294427.946
[1, 28660] loss: 272039.877
[1, 28680] loss: 141432.924
[1, 28700] loss: 63241.198
[1, 28720] loss: 21198.398
[1, 28740] loss: 7247.641
[1, 28760] loss: 9317.724
[1, 28780] loss: 7468.936
[1, 28800] loss: 2853.729
[1, 28820] loss: 5762.927
[1, 28840] loss: 2756.459
[1, 28860] loss: 13422.977
[1, 28880] loss: 27163.208
[1, 28900] loss: 9293.700
[1, 28920] loss: 4861.090
[1, 28940] loss: 3987.037
[1, 28960] loss: 2986.062
[1, 28980] loss: 4780.887
[1, 29000] loss: 2959.670
[1, 29020] loss: 5716.993
[1, 29040] loss: 7833.891
[1, 29060] loss: 2477.494
[1, 29080] loss: 11931.019
[1, 29100] loss: 5753.456
[1, 29120] loss: 15134.235
[1, 29140] loss: 17230.293
[1, 29160] loss: 179208.967
[1, 29180] loss: 68081.251
[1, 29200] loss: 39131.145
[1, 29220] loss: 84446.916
[1, 29240] loss: 92607.448
[1, 29260] loss: 248062.394
[1, 29280] loss: 300370.824
[1, 29300] loss: 153477.996
[1, 29320] loss: 58069.331
[1, 29340] loss: 23414.768
[1, 29360] loss: 9876.869
[1, 29380] loss: 3804.043
[1, 29400] loss: 2710.229
[1, 29420] loss: 7616.232
[1, 29440] loss: 19905.670
[1, 29460] loss: 5026.403
[1, 29480] loss: 4464.050
[1, 29500] loss: 9999.288
[1, 29520] loss: 20949.380
[1, 29540] loss: 20275.114
[1, 29560] loss: 6074.396
[1, 29580] loss: 77668.824
[1, 29600] loss: 131211.615
[1, 29620] loss: 30313.907
[1, 29640] loss: 25121.000
[1, 29660] loss: 21844.813
[1, 29680] loss: 23233.627
[1, 29700] loss: 12386.893
[1, 29720] loss: 7541.582
[1, 29740] loss: 8543.255
[1, 29760] loss: 6274.709
[1, 29780] loss: 9780.308
[1, 29800] loss: 369279.180
[1, 29820] loss: 2208967.838
[1, 29840] loss: 3911190.303
[1, 29860] loss: 2912188.828
[1, 29880] loss: 5294569.931
[1, 29900] loss: 1623351.726
[1, 29920] loss: 746076.414
[1, 29940] loss: 637161.384
[1, 29960] loss: 403839.612
[1, 29980] loss: 61960.994
[1, 30000] loss: 107091.669
[1, 30020] loss: 58953.394
[1, 30040] loss: 23188.861
[1, 30060] loss: 20717.101
[1, 30080] loss: 11595.984
[1, 30100] loss: 5735.041
[1, 30120] loss: 3846.744
[1, 30140] loss: 7005.848
[1, 30160] loss: 11524.584
[1, 30180] loss: 9642.013
[1, 30200] loss: 5524.219
[1, 30220] loss: 5350.648
[1, 30240] loss: 4313.864
[1, 30260] loss: 2919.038
[1, 30280] loss: 1304.534
[1, 30300] loss: 1244.939
[1, 30320] loss: 1256.545
[1, 30340] loss: 1618.641
[1, 30360] loss: 3330.553
[1, 30380] loss: 4992.543
[1, 30400] loss: 9255.111
[1, 30420] loss: 4593.803
[1,    20] loss: 3713.418
[1,    40] loss: 2806.377
[1,    60] loss: 4147.617
[1,    80] loss: 4077.072
[1,   100] loss: 3412.812
[1,   120] loss: 3288.167
[1,   140] loss: 3097.074
[1,   160] loss: 3038.116
[1,   180] loss: 3122.780
[1,   200] loss: 2844.528
[1,   220] loss: 2720.263
[1,   240] loss: 2747.583
[1,   260] loss: 2723.125
[1,   280] loss: 2530.371
[1,   300] loss: 2379.569
[1,   320] loss: 2246.541
[1,   340] loss: 2116.515
[1,   360] loss: 2001.612
[1,   380] loss: 1898.435
[1,   400] loss: 1812.857
[1,   420] loss: 1752.261
[1,   440] loss: 1693.594
[1,   460] loss: 1626.588
[1,   480] loss: 1617.872
[1,   500] loss: 1591.052
[1,   520] loss: 1530.910
[1,   540] loss: 1474.516
[1,   560] loss: 1433.739
[1,   580] loss: 1399.693
[1,   600] loss: 1357.936
[1,   620] loss: 1321.691
[1,   640] loss: 1344.646
[1,   660] loss: 1305.439
[1,   680] loss: 1296.000
[1,   700] loss: 1284.985
[1,   720] loss: 1250.681
[1,   740] loss: 1223.526
[1,   760] loss: 1198.425
[1,   780] loss: 1174.782
[1,   800] loss: 1156.759
[1,   820] loss: 1129.871
[1,   840] loss: 1112.016
[1,   860] loss: 1095.145
[1,   880] loss: 1070.909
[1,   900] loss: 1049.934
[1,   920] loss: 1027.672
[1,   940] loss: 1006.660
[1,   960] loss: 997.672
[1,   980] loss: 1010.498
[1,  1000] loss: 1024.979
[1,  1020] loss: 1018.347
[1,  1040] loss: 1001.894
[1,  1060] loss: 983.135
[1,  1080] loss: 965.595
[1,  1100] loss: 952.830
[1,  1120] loss: 944.664
[1,  1140] loss: 933.873
[1,  1160] loss: 923.133
[1,  1180] loss: 909.310
[1,  1200] loss: 894.429
[1,  1220] loss: 881.152
[1,  1240] loss: 867.346
[1,  1260] loss: 853.961
[1,  1280] loss: 841.276
[1,  1300] loss: 832.394
[1,  1320] loss: 828.861
[1,  1340] loss: 821.519
[1,  1360] loss: 813.536
[1,  1380] loss: 804.480
[1,  1400] loss: 794.228
[1,  1420] loss: 784.078
[1,  1440] loss: 773.560
[1,  1460] loss: 762.986
[1,  1480] loss: 752.881
[1,  1500] loss: 743.070
[1,  1520] loss: 734.984
[1,  1540] loss: 727.020
[1,  1560] loss: 718.385
[1,  1580] loss: 709.561
[1,  1600] loss: 700.794
[1,  1620] loss: 692.145
[1,  1640] loss: 683.720
[1,  1660] loss: 677.917
[1,  1680] loss: 692.212
[1,  1700] loss: 696.910
[1,  1720] loss: 701.542
[1,  1740] loss: 706.844
[1,  1760] loss: 706.859
[1,  1780] loss: 704.699
[1,  1800] loss: 703.372
[1,  1820] loss: 702.548
[1,  1840] loss: 703.361
[1,  1860] loss: 708.251
[1,  1880] loss: 708.528
[1,  1900] loss: 710.979
[1,  1920] loss: 716.042
[1,  1940] loss: 719.682
[1,  1960] loss: 718.116
[1,  1980] loss: 712.096
[1,  2000] loss: 706.797
[1,  2020] loss: 708.464
[1,  2040] loss: 710.598
[1,  2060] loss: 707.644
[1,  2080] loss: 705.073
[1,  2100] loss: 705.228
[1,  2120] loss: 711.225
[1,  2140] loss: 724.889
[1,  2160] loss: 727.922
[1,  2180] loss: 728.255
[1,  2200] loss: 723.370
[1,  2220] loss: 717.748
[1,  2240] loss: 717.972
[1,  2260] loss: 713.824
[1,  2280] loss: 707.782
[1,  2300] loss: 703.594
[1,  2320] loss: 709.651
[1,  2340] loss: 722.971
[1,  2360] loss: 721.307
[1,  2380] loss: 716.847
[1,  2400] loss: 711.849
[1,  2420] loss: 711.974
[1,  2440] loss: 712.361
[1,  2460] loss: 709.438
[1,  2480] loss: 705.393
[1,  2500] loss: 702.487
[1,  2520] loss: 697.328
[1,  2540] loss: 694.360
[1,  2560] loss: 698.106
[1,  2580] loss: 706.409
[1,  2600] loss: 708.190
[1,  2620] loss: 706.557
[1,  2640] loss: 703.214
[1,  2660] loss: 701.080
[1,  2680] loss: 709.765
[1,  2700] loss: 719.175
[1,  2720] loss: 719.505
[1,  2740] loss: 717.856
[1,  2760] loss: 719.380
[1,  2780] loss: 724.205
[1,  2800] loss: 728.954
[1,  2820] loss: 728.284
[1,  2840] loss: 727.875
[1,  2860] loss: 728.112
[1,  2880] loss: 723.286
[1,  2900] loss: 718.349
[1,  2920] loss: 713.572
[1,  2940] loss: 710.694
[1,  2960] loss: 709.654
[1,  2980] loss: 712.640
[1,  3000] loss: 710.172
[1,  3020] loss: 705.880
[1,  3040] loss: 701.892
[1,  3060] loss: 699.755
[1,  3080] loss: 700.318
[1,  3100] loss: 704.952
[1,  3120] loss: 709.730
[1,  3140] loss: 716.035
[1,  3160] loss: 722.630
[1,  3180] loss: 727.994
[1,  3200] loss: 727.913
[1,  3220] loss: 724.797
[1,  3240] loss: 726.976
[1,  3260] loss: 738.366
[1,  3280] loss: 749.173
[1,  3300] loss: 746.314
[1,  3320] loss: 742.629
[1,  3340] loss: 745.106
[1,  3360] loss: 756.975
