cuda:  5
color_space: YCbCr
batch_size: 1
num_epcochs: 1
learning_rate: 0.003
[1,    20] loss: 48.818
[1,    40] loss: 12131.972
[1,    60] loss: 9535.863
[1,    80] loss: 486449.350
[1,   100] loss: 69379.186
[1,   120] loss: 5392762.990
[1,   140] loss: 2725354.410
[1,   160] loss: 289946.089
[1,   180] loss: 85537.334
[1,   200] loss: 12343.141
[1,   220] loss: 2079.779
[1,   240] loss: 695.348
[1,   260] loss: 617.287
[1,   280] loss: 350.964
[1,   300] loss: 579.887
[1,   320] loss: 407.146
[1,   340] loss: 276.021
[1,   360] loss: 207.751
[1,   380] loss: 188.159
[1,   400] loss: 149.097
[1,   420] loss: 153.609
[1,   440] loss: 222.720
[1,   460] loss: 126.117
[1,   480] loss: 136.544
[1,   500] loss: 73.666
[1,   520] loss: 62.146
[1,   540] loss: 79.740
[1,   560] loss: 132.810
[1,   580] loss: 87.694
[1,   600] loss: 72.870
[1,   620] loss: 80.817
[1,   640] loss: 61.997
[1,   660] loss: 58.850
[1,   680] loss: 52.250
[1,   700] loss: 133.185
[1,   720] loss: 71.348
[1,   740] loss: 51.177
[1,   760] loss: 82.624
[1,   780] loss: 44.334
[1,   800] loss: 67.770
[1,   820] loss: 125.303
[1,   840] loss: 76.628
[1,   860] loss: 65.477
[1,   880] loss: 87.834
[1,   900] loss: 87.569
[1,   920] loss: 51.324
[1,   940] loss: 43.288
[1,   960] loss: 50.947
[1,   980] loss: 76.502
[1,  1000] loss: 52.479
[1,  1020] loss: 30.840
[1,  1040] loss: 40.838
[1,  1060] loss: 51.607
[1,  1080] loss: 24.441
[1,  1100] loss: 22.910
[1,  1120] loss: 55.279
[1,  1140] loss: 41.146
[1,  1160] loss: 23.821
[1,  1180] loss: 16.607
[1,  1200] loss: 27.992
[1,  1220] loss: 43.629
[1,  1240] loss: 36.744
[1,  1260] loss: 13.127
[1,  1280] loss: 26.429
[1,  1300] loss: 38.180
[1,  1320] loss: 35.565
[1,  1340] loss: 23.452
[1,  1360] loss: 20.906
[1,  1380] loss: 12.308
[1,  1400] loss: 30.092
[1,  1420] loss: 28.251
[1,  1440] loss: 14.481
[1,  1460] loss: 4.942
[1,  1480] loss: 25.814
[1,  1500] loss: 24.748
[1,  1520] loss: 12.705
[1,  1540] loss: 23.906
[1,  1560] loss: 21.486
[1,  1580] loss: 10.799
[1,  1600] loss: 22.451
[1,  1620] loss: 11.214
[1,  1640] loss: 21.207
[1,  1660] loss: 11.345
[1,  1680] loss: 21.001
[1,  1700] loss: 20.113
[1,  1720] loss: 21.044
[1,  1740] loss: 20.264
[1,  1760] loss: 13.557
[1,  1780] loss: 17.023
[1,  1800] loss: 10.629
[1,  1820] loss: 14.975
[1,  1840] loss: 8.090
[1,  1860] loss: 10.705
[1,  1880] loss: 17.155
[1,  1900] loss: 8.476
[1,  1920] loss: 17.090
[1,  1940] loss: 13.897
[1,  1960] loss: 7.007
[1,  1980] loss: 10.466
[1,  2000] loss: 7.820
[1,  2020] loss: 17.558
[1,  2040] loss: 10.920
[1,  2060] loss: 12.158
[1,  2080] loss: 14.895
[1,  2100] loss: 14.971
[1,  2120] loss: 12.062
[1,  2140] loss: 8.804
[1,  2160] loss: 7.955
[1,  2180] loss: 11.833
[1,  2200] loss: 10.642
[1,  2220] loss: 7.092
[1,  2240] loss: 9.845
[1,  2260] loss: 7.850
[1,  2280] loss: 14.177
[1,  2300] loss: 9.275
[1,  2320] loss: 8.187
[1,  2340] loss: 10.908
[1,  2360] loss: 5.451
[1,  2380] loss: 5.105
[1,  2400] loss: 10.877
[1,  2420] loss: 4.489
[1,  2440] loss: 6.941
[1,  2460] loss: 7.319
[1,  2480] loss: 5.844
[1,  2500] loss: 11.540
[1,  2520] loss: 17.319
[1,  2540] loss: 6.918
[1,  2560] loss: 7.778
[1,  2580] loss: 7.784
[1,  2600] loss: 7.850
[1,  2620] loss: 5.679
[1,  2640] loss: 1.932
[1,  2660] loss: 5.605
[1,  2680] loss: 6.454
[1,  2700] loss: 6.956
[1,  2720] loss: 6.411
[1,  2740] loss: 4.738
[1,  2760] loss: 5.812
[1,  2780] loss: 6.569
[1,  2800] loss: 8.617
[1,  2820] loss: 6.809
[1,  2840] loss: 7.888
[1,  2860] loss: 7.216
[1,  2880] loss: 5.742
[1,  2900] loss: 3.994
[1,  2920] loss: 4.986
[1,  2940] loss: 4.717
[1,  2960] loss: 5.627
[1,  2980] loss: 10.586
[1,  3000] loss: 11.285
[1,  3020] loss: 5.634
[1,  3040] loss: 7.684
[1,  3060] loss: 8.088
[1,  3080] loss: 4.385
[1,  3100] loss: 2.244
[1,  3120] loss: 6.008
[1,  3140] loss: 9.300
[1,  3160] loss: 7.256
[1,  3180] loss: 3.735
[1,  3200] loss: 3.274
[1,  3220] loss: 3.220
[1,  3240] loss: 2.879
[1,  3260] loss: 6.234
[1,  3280] loss: 4.113
[1,  3300] loss: 2.128
[1,  3320] loss: 5.780
[1,  3340] loss: 5.070
[1,  3360] loss: 3.954
[1,  3380] loss: 4.610
[1,  3400] loss: 3.939
[1,  3420] loss: 4.287
[1,  3440] loss: 5.997
[1,  3460] loss: 3.885
[1,  3480] loss: 2.536
[1,  3500] loss: 2.663
[1,  3520] loss: 4.244
[1,  3540] loss: 3.150
[1,  3560] loss: 3.074
[1,  3580] loss: 3.240
[1,  3600] loss: 3.953
[1,  3620] loss: 2.239
[1,  3640] loss: 2.110
[1,  3660] loss: 3.684
[1,  3680] loss: 6.658
[1,  3700] loss: 3.449
[1,  3720] loss: 3.666
[1,  3740] loss: 3.006
[1,  3760] loss: 2.139
[1,  3780] loss: 2.416
[1,  3800] loss: 3.158
[1,  3820] loss: 2.743
[1,  3840] loss: 3.800
[1,  3860] loss: 3.695
[1,  3880] loss: 4.098
[1,  3900] loss: 1.911
[1,  3920] loss: 4.687
[1,  3940] loss: 1.405
[1,  3960] loss: 2.612
[1,  3980] loss: 1.689
[1,  4000] loss: 2.690
[1,  4020] loss: 4.348
[1,  4040] loss: 3.163
[1,  4060] loss: 6.590
[1,  4080] loss: 4.320
[1,  4100] loss: 6.743
[1,  4120] loss: 2.755
[1,  4140] loss: 4.220
[1,  4160] loss: 1.491
[1,  4180] loss: 1.954
[1,  4200] loss: 1.391
[1,  4220] loss: 1.455
[1,  4240] loss: 3.492
[1,  4260] loss: 1.072
[1,  4280] loss: 3.480
[1,  4300] loss: 2.612
[1,  4320] loss: 1.660
[1,  4340] loss: 2.308
[1,  4360] loss: 1.968
[1,  4380] loss: 3.537
[1,  4400] loss: 3.760
[1,  4420] loss: 2.595
[1,  4440] loss: 1.033
[1,  4460] loss: 2.681
[1,  4480] loss: 1.823
[1,  4500] loss: 1.439
[1,  4520] loss: 3.210
[1,  4540] loss: 1.770
[1,  4560] loss: 2.112
[1,  4580] loss: 1.874
[1,  4600] loss: 2.480
[1,  4620] loss: 2.299
[1,  4640] loss: 2.525
[1,  4660] loss: 1.245
[1,  4680] loss: 2.726
[1,  4700] loss: 3.927
[1,  4720] loss: 1.832
[1,  4740] loss: 2.229
[1,  4760] loss: 1.565
[1,  4780] loss: 2.029
[1,  4800] loss: 2.720
[1,  4820] loss: 2.002
[1,  4840] loss: 1.408
[1,  4860] loss: 1.224
[1,  4880] loss: 1.314
[1,  4900] loss: 2.334
[1,  4920] loss: 1.688
[1,  4940] loss: 0.863
[1,  4960] loss: 1.426
[1,  4980] loss: 4.427
[1,  5000] loss: 1.576
[1,  5020] loss: 1.689
[1,  5040] loss: 1.164
[1,  5060] loss: 1.920
[1,  5080] loss: 1.973
[1,  5100] loss: 1.446
[1,  5120] loss: 2.226
[1,  5140] loss: 1.727
[1,  5160] loss: 4.523
[1,  5180] loss: 2.313
[1,  5200] loss: 1.304
[1,  5220] loss: 0.844
[1,  5240] loss: 1.335
[1,  5260] loss: 1.282
[1,  5280] loss: 1.049
[1,  5300] loss: 1.438
[1,  5320] loss: 0.984
[1,  5340] loss: 0.595
[1,  5360] loss: 1.286
[1,  5380] loss: 1.205
[1,  5400] loss: 1.114
[1,  5420] loss: 1.112
[1,  5440] loss: 0.599
[1,  5460] loss: 0.721
[1,  5480] loss: 0.827
[1,  5500] loss: 1.473
[1,  5520] loss: 0.814
[1,  5540] loss: 3.067
[1,  5560] loss: 4.234
[1,  5580] loss: 2.389
[1,  5600] loss: 1.254
[1,  5620] loss: 1.200
[1,  5640] loss: 1.086
[1,  5660] loss: 0.508
[1,  5680] loss: 0.520
[1,  5700] loss: 0.355
[1,  5720] loss: 1.194
[1,  5740] loss: 1.137
[1,  5760] loss: 1.271
[1,  5780] loss: 0.822
[1,  5800] loss: 1.026
[1,  5820] loss: 1.028
[1,  5840] loss: 1.302
[1,  5860] loss: 0.631
[1,  5880] loss: 0.793
[1,  5900] loss: 0.758
[1,  5920] loss: 0.953
[1,  5940] loss: 0.770
[1,  5960] loss: 0.693
[1,  5980] loss: 1.404
[1,  6000] loss: 2.583
[1,  6020] loss: 0.638
[1,  6040] loss: 1.242
[1,  6060] loss: 2.638
[1,  6080] loss: 1.939
[1,  6100] loss: 1.286
[1,  6120] loss: 1.020
[1,  6140] loss: 0.813
[1,  6160] loss: 0.529
[1,  6180] loss: 0.645
[1,  6200] loss: 0.808
[1,  6220] loss: 0.956
[1,  6240] loss: 0.545
[1,  6260] loss: 0.829
[1,  6280] loss: 0.970
[1,  6300] loss: 0.713
[1,  6320] loss: 0.792
[1,  6340] loss: 1.600
[1,  6360] loss: 4.571
[1,  6380] loss: 11.276
[1,  6400] loss: 5.661
[1,  6420] loss: 1.941
[1,  6440] loss: 0.801
[1,  6460] loss: 1.309
[1,  6480] loss: 1.902
[1,  6500] loss: 1.612
[1,  6520] loss: 0.727
[1,  6540] loss: 1.010
[1,  6560] loss: 1.051
[1,  6580] loss: 0.998
[1,  6600] loss: 1.071
[1,  6620] loss: 0.232
[1,  6640] loss: 0.361
[1,  6660] loss: 0.496
[1,  6680] loss: 0.831
[1,  6700] loss: 0.639
[1,  6720] loss: 0.938
[1,  6740] loss: 0.566
[1,  6760] loss: 0.449
[1,  6780] loss: 0.693
[1,  6800] loss: 0.799
[1,  6820] loss: 0.713
[1,  6840] loss: 0.451
[1,  6860] loss: 0.722
[1,  6880] loss: 0.891
[1,  6900] loss: 0.566
[1,  6920] loss: 1.331
[1,  6940] loss: 0.286
[1,  6960] loss: 0.187
[1,  6980] loss: 0.570
[1,  7000] loss: 1.162
[1,  7020] loss: 0.880
[1,  7040] loss: 0.570
[1,  7060] loss: 1.003
[1,  7080] loss: 0.790
[1,  7100] loss: 0.834
[1,  7120] loss: 0.619
[1,  7140] loss: 0.365
[1,  7160] loss: 0.462
[1,  7180] loss: 0.607
[1,  7200] loss: 0.744
[1,  7220] loss: 1.755
[1,  7240] loss: 0.796
[1,  7260] loss: 0.674
[1,  7280] loss: 0.175
[1,  7300] loss: 0.331
[1,  7320] loss: 0.481
[1,  7340] loss: 0.504
[1,  7360] loss: 2.299
[1,  7380] loss: 2.323
[1,  7400] loss: 0.675
[1,  7420] loss: 0.595
[1,  7440] loss: 1.001
[1,  7460] loss: 0.762
[1,  7480] loss: 0.551
[1,  7500] loss: 1.146
[1,  7520] loss: 2.139
[1,  7540] loss: 0.761
[1,  7560] loss: 0.717
[1,  7580] loss: 0.396
[1,  7600] loss: 0.206
[1,  7620] loss: 0.405
[1,  7640] loss: 0.181
[1,  7660] loss: 0.313
[1,  7680] loss: 0.373
[1,  7700] loss: 0.830
[1,  7720] loss: 0.380
[1,  7740] loss: 0.642
[1,  7760] loss: 0.138
[1,  7780] loss: 0.430
[1,  7800] loss: 0.427
[1,  7820] loss: 0.248
[1,  7840] loss: 0.290
[1,  7860] loss: 0.360
[1,  7880] loss: 0.374
[1,  7900] loss: 0.406
[1,  7920] loss: 0.708
[1,  7940] loss: 0.449
[1,  7960] loss: 0.248
[1,  7980] loss: 0.321
[1,  8000] loss: 0.186
[1,  8020] loss: 0.252
[1,  8040] loss: 0.242
[1,  8060] loss: 0.145
[1,  8080] loss: 0.142
[1,  8100] loss: 0.227
[1,  8120] loss: 0.168
[1,  8140] loss: 0.191
[1,  8160] loss: 0.377
[1,  8180] loss: 0.142
[1,  8200] loss: 0.281
[1,  8220] loss: 0.225
[1,  8240] loss: 0.225
[1,  8260] loss: 0.215
[1,  8280] loss: 0.119
[1,  8300] loss: 0.278
[1,  8320] loss: 0.348
[1,  8340] loss: 0.239
[1,  8360] loss: 0.434
[1,  8380] loss: 0.537
[1,  8400] loss: 0.528
[1,  8420] loss: 0.570
[1,  8440] loss: 0.685
[1,  8460] loss: 1.383
[1,  8480] loss: 0.873
[1,  8500] loss: 0.959
[1,  8520] loss: 0.403
[1,  8540] loss: 0.413
[1,  8560] loss: 0.336
[1,  8580] loss: 0.195
[1,  8600] loss: 0.162
[1,  8620] loss: 0.281
[1,  8640] loss: 1.200
[1,  8660] loss: 0.644
[1,  8680] loss: 0.357
[1,  8700] loss: 0.130
[1,  8720] loss: 0.263
[1,  8740] loss: 0.276
[1,  8760] loss: 0.319
[1,  8780] loss: 0.646
[1,  8800] loss: 0.702
[1,  8820] loss: 0.362
[1,  8840] loss: 0.332
[1,  8860] loss: 0.330
[1,  8880] loss: 0.389
[1,  8900] loss: 0.197
[1,  8920] loss: 0.304
[1,  8940] loss: 0.203
[1,  8960] loss: 0.241
[1,  8980] loss: 0.756
[1,  9000] loss: 1.163
[1,  9020] loss: 0.425
[1,  9040] loss: 0.245
[1,  9060] loss: 0.297
[1,  9080] loss: 0.590
[1,  9100] loss: 0.460
[1,  9120] loss: 0.296
[1,  9140] loss: 0.265
[1,  9160] loss: 0.070
[1,  9180] loss: 0.167
[1,  9200] loss: 0.301
[1,  9220] loss: 0.292
[1,  9240] loss: 0.036
[1,  9260] loss: 0.091
[1,  9280] loss: 0.128
[1,  9300] loss: 0.114
[1,  9320] loss: 0.261
[1,  9340] loss: 0.159
[1,  9360] loss: 0.068
[1,  9380] loss: 0.202
[1,  9400] loss: 0.161
[1,  9420] loss: 0.212
[1,  9440] loss: 0.342
[1,  9460] loss: 0.480
[1,  9480] loss: 0.145
[1,  9500] loss: 1.227
[1,  9520] loss: 0.850
[1,  9540] loss: 0.778
[1,  9560] loss: 1.189
[1,  9580] loss: 0.637
[1,  9600] loss: 0.899
[1,  9620] loss: 0.367
[1,  9640] loss: 0.475
[1,  9660] loss: 0.202
[1,  9680] loss: 0.283
[1,  9700] loss: 0.118
[1,  9720] loss: 0.213
[1,  9740] loss: 0.360
[1,  9760] loss: 0.339
[1,  9780] loss: 0.702
[1,  9800] loss: 0.139
[1,  9820] loss: 0.253
[1,  9840] loss: 0.202
[1,  9860] loss: 0.224
[1,  9880] loss: 0.350
[1,  9900] loss: 0.340
[1,  9920] loss: 0.237
[1,  9940] loss: 0.200
[1,  9960] loss: 0.363
[1,  9980] loss: 0.156
[1, 10000] loss: 0.173
[1, 10020] loss: 0.351
[1, 10040] loss: 1.226
[1, 10060] loss: 1.930
[1, 10080] loss: 0.255
[1, 10100] loss: 1.149
[1, 10120] loss: 0.600
[1, 10140] loss: 0.214
[1, 10160] loss: 0.345
[1, 10180] loss: 0.321
[1, 10200] loss: 0.281
[1, 10220] loss: 0.180
[1, 10240] loss: 0.239
[1, 10260] loss: 0.287
[1, 10280] loss: 1.054
[1, 10300] loss: 0.819
[1, 10320] loss: 0.202
[1, 10340] loss: 0.424
[1, 10360] loss: 0.181
[1, 10380] loss: 0.152
[1, 10400] loss: 1.333
[1, 10420] loss: 1.404
[1, 10440] loss: 0.515
[1, 10460] loss: 0.352
[1, 10480] loss: 1.020
[1, 10500] loss: 0.585
[1, 10520] loss: 1.565
[1, 10540] loss: 2.594
[1, 10560] loss: 5.276
[1, 10580] loss: 0.298
[1, 10600] loss: 0.376
[1, 10620] loss: 0.307
[1, 10640] loss: 0.086
[1, 10660] loss: 0.119
[1, 10680] loss: 0.204
[1, 10700] loss: 0.050
[1, 10720] loss: 0.417
[1, 10740] loss: 0.202
[1, 10760] loss: 0.239
[1, 10780] loss: 0.174
[1, 10800] loss: 0.461
[1, 10820] loss: 0.139
[1, 10840] loss: 0.284
[1, 10860] loss: 0.328
[1, 10880] loss: 0.180
[1, 10900] loss: 0.209
[1, 10920] loss: 0.151
[1, 10940] loss: 0.104
[1, 10960] loss: 0.066
[1, 10980] loss: 0.311
[1, 11000] loss: 0.428
[1, 11020] loss: 0.211
[1, 11040] loss: 0.738
[1, 11060] loss: 0.319
[1, 11080] loss: 0.368
[1, 11100] loss: 0.820
[1, 11120] loss: 0.363
[1, 11140] loss: 0.229
[1, 11160] loss: 0.272
[1, 11180] loss: 0.302
[1, 11200] loss: 0.367
[1, 11220] loss: 0.782
[1, 11240] loss: 0.479
[1, 11260] loss: 0.376
[1, 11280] loss: 0.146
[1, 11300] loss: 0.208
[1, 11320] loss: 0.266
[1, 11340] loss: 0.220
[1, 11360] loss: 0.916
[1, 11380] loss: 0.391
[1, 11400] loss: 0.143
[1, 11420] loss: 0.081
[1, 11440] loss: 0.076
[1, 11460] loss: 0.100
[1, 11480] loss: 0.267
[1, 11500] loss: 0.868
[1, 11520] loss: 0.421
[1, 11540] loss: 0.554
[1, 11560] loss: 0.347
[1, 11580] loss: 0.117
[1, 11600] loss: 0.192
[1, 11620] loss: 0.096
[1, 11640] loss: 0.138
[1, 11660] loss: 0.494
[1, 11680] loss: 0.463
[1, 11700] loss: 0.382
[1, 11720] loss: 0.417
[1, 11740] loss: 0.819
[1, 11760] loss: 0.428
[1, 11780] loss: 1.332
[1, 11800] loss: 0.922
[1, 11820] loss: 0.310
[1, 11840] loss: 0.598
[1, 11860] loss: 0.370
[1, 11880] loss: 0.379
[1, 11900] loss: 0.169
[1, 11920] loss: 0.073
[1, 11940] loss: 0.071
[1, 11960] loss: 0.122
[1, 11980] loss: 0.589
[1, 12000] loss: 0.531
[1, 12020] loss: 0.197
[1, 12040] loss: 0.350
[1, 12060] loss: 0.189
[1, 12080] loss: 0.290
[1, 12100] loss: 0.251
[1, 12120] loss: 0.122
[1, 12140] loss: 0.188
[1, 12160] loss: 0.145
[1, 12180] loss: 0.081
[1, 12200] loss: 0.170
[1, 12220] loss: 0.626
[1, 12240] loss: 0.312
[1, 12260] loss: 0.296
[1, 12280] loss: 0.270
[1, 12300] loss: 0.128
[1, 12320] loss: 0.122
[1, 12340] loss: 0.106
[1, 12360] loss: 0.390
[1, 12380] loss: 0.359
[1, 12400] loss: 0.355
[1, 12420] loss: 0.534
[1, 12440] loss: 0.434
[1, 12460] loss: 0.239
[1, 12480] loss: 0.166
[1, 12500] loss: 0.054
[1, 12520] loss: 0.092
[1, 12540] loss: 0.143
[1, 12560] loss: 0.123
[1, 12580] loss: 0.235
[1, 12600] loss: 0.154
[1, 12620] loss: 0.163
[1, 12640] loss: 0.511
[1, 12660] loss: 0.918
[1, 12680] loss: 0.354
[1, 12700] loss: 0.583
[1, 12720] loss: 0.265
[1, 12740] loss: 0.303
[1, 12760] loss: 0.892
[1, 12780] loss: 0.680
[1, 12800] loss: 0.598
[1, 12820] loss: 0.272
[1, 12840] loss: 0.183
[1, 12860] loss: 0.124
[1, 12880] loss: 0.177
[1, 12900] loss: 0.171
[1, 12920] loss: 0.101
[1, 12940] loss: 0.126
[1, 12960] loss: 0.126
[1, 12980] loss: 0.132
[1, 13000] loss: 0.124
[1, 13020] loss: 0.137
[1, 13040] loss: 0.136
[1, 13060] loss: 0.097
[1, 13080] loss: 0.162
[1, 13100] loss: 0.129
[1, 13120] loss: 0.090
[1, 13140] loss: 0.263
[1, 13160] loss: 0.203
[1, 13180] loss: 0.161
[1, 13200] loss: 0.200
[1, 13220] loss: 0.141
[1, 13240] loss: 0.102
[1, 13260] loss: 0.174
[1, 13280] loss: 0.130
[1, 13300] loss: 0.252
[1, 13320] loss: 0.113
[1, 13340] loss: 0.063
[1, 13360] loss: 0.050
[1, 13380] loss: 0.230
[1, 13400] loss: 0.255
[1, 13420] loss: 0.314
[1, 13440] loss: 0.636
[1, 13460] loss: 0.211
[1, 13480] loss: 0.359
[1, 13500] loss: 0.090
[1, 13520] loss: 0.128
[1, 13540] loss: 0.097
[1, 13560] loss: 0.055
[1, 13580] loss: 0.103
[1, 13600] loss: 0.206
[1, 13620] loss: 0.127
[1, 13640] loss: 0.283
[1, 13660] loss: 0.162
[1, 13680] loss: 0.171
[1, 13700] loss: 0.059
[1, 13720] loss: 0.226
[1, 13740] loss: 0.154
[1, 13760] loss: 0.076
[1, 13780] loss: 0.193
[1, 13800] loss: 0.300
[1, 13820] loss: 0.607
[1, 13840] loss: 0.767
[1, 13860] loss: 2.900
[1, 13880] loss: 338666772.208
[1, 13900] loss: 16138522560389.600
[1, 13920] loss: 27709574192435.199
[1, 13940] loss: 3727024835788.800
[1, 13960] loss: 279503823923.200
[1, 13980] loss: 38817179776.000
[1, 14000] loss: 7890278186.800
[1, 14020] loss: 2769597136.613
[1, 14040] loss: 1057165949.587
[1, 14060] loss: 3248803781.350
[1, 14080] loss: 3469225152.188
[1, 14100] loss: 1808202582.425
[1, 14120] loss: 2639878171.053
[1, 14140] loss: 3185471815.200
[1, 14160] loss: 972506040.014
[1, 14180] loss: 1981145067.750
[1, 14200] loss: 1823179943.750
[1, 14220] loss: 1322784601.200
[1, 14240] loss: 1792898325.350
[1, 14260] loss: 1319896762.987
[1, 14280] loss: 729441223.069
[1, 14300] loss: 787386815.447
[1, 14320] loss: 2468771183.838
[1, 14340] loss: 1255026688.350
[1, 14360] loss: 1403193319.959
[1, 14380] loss: 1356685757.662
[1, 14400] loss: 1191698970.963
[1, 14420] loss: 786136937.600
[1, 14440] loss: 1327345662.221
[1, 14460] loss: 1627550445.938
[1, 14480] loss: 999027911.347
[1, 14500] loss: 840307133.100
[1, 14520] loss: 634036105.362
[1, 14540] loss: 635790538.085
[1, 14560] loss: 431512038.825
[1, 14580] loss: 375047620.875
[1, 14600] loss: 451674114.250
[1, 14620] loss: 429359368.155
[1, 14640] loss: 688333585.337
[1, 14660] loss: 292129856.223
[1, 14680] loss: 743235843.506
[1, 14700] loss: 293742794.825
[1, 14720] loss: 305332333.650
[1, 14740] loss: 149773721.867
[1, 14760] loss: 319403627.116
[1, 14780] loss: 160474177.091
[1, 14800] loss: 384558074.950
[1, 14820] loss: 218348699.266
[1, 14840] loss: 272664059.113
[1, 14860] loss: 247925640.688
[1, 14880] loss: 214422293.887
[1, 14900] loss: 237877974.138
[1, 14920] loss: 133921787.625
[1, 14940] loss: 279415952.400
[1, 14960] loss: 299583627.675
[1, 14980] loss: 228853161.624
[1, 15000] loss: 166298652.808
[1, 15020] loss: 317382987.800
[1, 15040] loss: 382448553.122
[1, 15060] loss: 227751172.256
[1, 15080] loss: 264262561.116
[1, 15100] loss: 141050385.140
[1, 15120] loss: 289861356.677
[1, 15140] loss: 537657920.300
[1, 15160] loss: 1609559695.432
[1, 15180] loss: 1177047248.636
[1, 15200] loss: 334246512.330
[1, 15220] loss: 177553189.113
[1, 15240] loss: 133100916.494
[1, 15260] loss: 116700579.501
[1, 15280] loss: 148965471.666
[1, 15300] loss: 51838328.850
[1, 15320] loss: 79998178.987
[1, 15340] loss: 121809281.925
[1, 15360] loss: 73926385.615
[1, 15380] loss: 138663025.981
[1, 15400] loss: 115205737.353
[1, 15420] loss: 108727736.129
[1, 15440] loss: 96894832.597
[1, 15460] loss: 63450359.166
[1, 15480] loss: 148534672.222
[1, 15500] loss: 35360432.318
[1, 15520] loss: 51195330.277
[1, 15540] loss: 45931410.860
[1, 15560] loss: 141675393.600
[1, 15580] loss: 172232741.025
[1, 15600] loss: 81528114.056
[1, 15620] loss: 26227837.834
[1, 15640] loss: 41806587.663
[1, 15660] loss: 77019001.494
[1, 15680] loss: 50102303.126
[1, 15700] loss: 34621005.055
[1, 15720] loss: 54946724.601
[1, 15740] loss: 33611655.753
[1, 15760] loss: 50141525.825
[1, 15780] loss: 36510115.993
[1, 15800] loss: 38301324.364
[1, 15820] loss: 51016884.318
[1, 15840] loss: 28053541.059
[1, 15860] loss: 35359476.934
[1, 15880] loss: 46679850.891
[1, 15900] loss: 21520930.097
[1, 15920] loss: 31778957.057
[1, 15940] loss: 25697661.517
[1, 15960] loss: 31731606.628
[1, 15980] loss: 31850328.397
[1, 16000] loss: 47128072.810
[1, 16020] loss: 88285136.161
[1, 16040] loss: 24913524.306
[1, 16060] loss: 136084603.537
[1, 16080] loss: 53846326.062
[1, 16100] loss: 44840525.583
[1, 16120] loss: 22021520.781
[1, 16140] loss: 20475152.473
[1, 16160] loss: 32826230.978
[1, 16180] loss: 41937514.369
[1, 16200] loss: 37312175.103
[1, 16220] loss: 23802920.697
[1, 16240] loss: 11208319.028
[1, 16260] loss: 29090696.163
[1, 16280] loss: 31897394.629
[1, 16300] loss: 19212825.165
[1, 16320] loss: 25177532.309
[1, 16340] loss: 66932490.130
[1, 16360] loss: 324640151.700
[1, 16380] loss: 128705497.276
[1, 16400] loss: 168719880.705
[1, 16420] loss: 39133076.419
[1, 16440] loss: 61639094.433
[1, 16460] loss: 24940656.577
[1, 16480] loss: 41367578.448
[1, 16500] loss: 15093579.939
[1, 16520] loss: 24264437.827
[1, 16540] loss: 20203941.837
[1, 16560] loss: 16801951.364
[1, 16580] loss: 15442730.102
[1, 16600] loss: 20141799.541
[1, 16620] loss: 22868681.707
[1, 16640] loss: 14986512.011
[1, 16660] loss: 20125727.121
[1, 16680] loss: 18546719.069
[1, 16700] loss: 48036153.623
[1, 16720] loss: 23835006.620
[1, 16740] loss: 9736557.819
[1, 16760] loss: 5672358.487
[1, 16780] loss: 19224477.406
[1, 16800] loss: 8205220.065
[1, 16820] loss: 53719705.400
[1, 16840] loss: 29259203.906
[1, 16860] loss: 67354439.466
[1, 16880] loss: 44354426.089
[1, 16900] loss: 49580161.872
[1, 16920] loss: 21537135.235
[1, 16940] loss: 24269322.406
[1, 16960] loss: 19822014.432
[1, 16980] loss: 35250550.248
[1, 17000] loss: 61184786.295
[1, 17020] loss: 27698854.100
[1, 17040] loss: 17347960.747
[1, 17060] loss: 7289038.693
[1, 17080] loss: 25372798.314
[1, 17100] loss: 48272459.000
[1, 17120] loss: 20402359.722
[1, 17140] loss: 17032878.624
[1, 17160] loss: 11386277.749
[1, 17180] loss: 12384651.780
[1, 17200] loss: 10353598.102
[1, 17220] loss: 11066602.598
[1, 17240] loss: 39720897.022
[1, 17260] loss: 68467146.013
[1, 17280] loss: 18284542.439
[1, 17300] loss: 8710433.136
[1, 17320] loss: 13979532.726
[1, 17340] loss: 12200963.428
[1, 17360] loss: 9996975.517
[1, 17380] loss: 18269086.394
[1, 17400] loss: 64261970.825
[1, 17420] loss: 54603389.002
[1, 17440] loss: 35317320.971
[1, 17460] loss: 22857853.787
[1, 17480] loss: 35332460.006
[1, 17500] loss: 42468379.717
[1, 17520] loss: 141737782.227
[1, 17540] loss: 96409198.152
[1, 17560] loss: 151451869.402
[1, 17580] loss: 2793735810.075
[1, 17600] loss: 1645711929.763
[1, 17620] loss: 253643614.935
[1, 17640] loss: 782546283.888
[1, 17660] loss: 232375221.568
[1, 17680] loss: 23588142.604
[1, 17700] loss: 21152965.993
[1, 17720] loss: 36287877.608
[1, 17740] loss: 61691172.678
[1, 17760] loss: 97083980.906
[1, 17780] loss: 98013283.975
[1, 17800] loss: 68363141.774
[1, 17820] loss: 63091201.498
[1, 17840] loss: 18720712.938
[1, 17860] loss: 12786038.575
[1, 17880] loss: 8794897.293
[1, 17900] loss: 45959577.240
[1, 17920] loss: 75293835.391
[1, 17940] loss: 26297696.350
[1, 17960] loss: 255887955.622
[1, 17980] loss: 397159403.000
[1, 18000] loss: 1291476391.350
[1, 18020] loss: 366197534.338
[1, 18040] loss: 824608989.250
[1, 18060] loss: 544327885.919
[1, 18080] loss: 97448340.281
[1, 18100] loss: 52579862.834
[1, 18120] loss: 38175247.309
[1, 18140] loss: 32387769.750
[1, 18160] loss: 36608685.440
[1, 18180] loss: 131800510.624
[1, 18200] loss: 1068618200.289
[1, 18220] loss: 9867425073.731
[1, 18240] loss: 10742372266.950
[1, 18260] loss: 6636750292.800
[1, 18280] loss: 1894404816.591
[1, 18300] loss: 600409047.325
[1, 18320] loss: 572159939.016
[1, 18340] loss: 144365520.844
[1, 18360] loss: 60499005.329
[1, 18380] loss: 53718547.506
[1, 18400] loss: 29584276.672
[1, 18420] loss: 77267470.975
[1, 18440] loss: 17191310.601
[1, 18460] loss: 13165726.328
[1, 18480] loss: 17282269.188
[1, 18500] loss: 18436369.580
[1, 18520] loss: 18016041.783
[1, 18540] loss: 14947427.792
[1, 18560] loss: 9973802.280
[1, 18580] loss: 11027621.707
[1, 18600] loss: 15084660.625
[1, 18620] loss: 21744053.008
[1, 18640] loss: 10488991.013
[1, 18660] loss: 20693720.587
[1, 18680] loss: 18393788.377
[1, 18700] loss: 6427416.622
[1, 18720] loss: 7031691.137
[1, 18740] loss: 4958845.562
[1, 18760] loss: 7011237.921
[1, 18780] loss: 2064402.159
[1, 18800] loss: 4724677.272
[1, 18820] loss: 2534599.235
[1, 18840] loss: 3083098.648
[1, 18860] loss: 4156512.723
[1, 18880] loss: 3056519.934
[1, 18900] loss: 6905100.891
[1, 18920] loss: 5771328.403
[1, 18940] loss: 1289594.065
[1, 18960] loss: 4109860.985
[1, 18980] loss: 4720710.693
[1, 19000] loss: 2925147.554
[1, 19020] loss: 3528287.268
[1, 19040] loss: 3191133.947
[1, 19060] loss: 5109244.716
[1, 19080] loss: 3145524.301
[1, 19100] loss: 2099129.179
[1, 19120] loss: 3549120.014
[1, 19140] loss: 2765762.838
[1, 19160] loss: 5803318.608
[1, 19180] loss: 1699826.253
[1, 19200] loss: 2043353.592
[1, 19220] loss: 4452174.241
[1, 19240] loss: 3078034.168
[1, 19260] loss: 2927187.333
[1, 19280] loss: 3712974.330
[1, 19300] loss: 2402294.936
[1, 19320] loss: 3207980.773
[1, 19340] loss: 2645392.955
[1, 19360] loss: 2614869.751
[1, 19380] loss: 3242068.061
[1, 19400] loss: 2723879.415
[1, 19420] loss: 1613687.255
[1, 19440] loss: 1158991.117
[1, 19460] loss: 2027583.031
[1, 19480] loss: 1146048.766
[1, 19500] loss: 2087755.714
[1, 19520] loss: 2469082.768
[1, 19540] loss: 2609998.358
[1, 19560] loss: 2230435.355
[1, 19580] loss: 1380408.012
[1, 19600] loss: 1959060.264
[1, 19620] loss: 1805240.212
[1, 19640] loss: 2150813.824
[1, 19660] loss: 2391472.511
[1, 19680] loss: 3312876.366
[1, 19700] loss: 1613728.634
[1, 19720] loss: 1326357.141
[1, 19740] loss: 1236236.128
[1, 19760] loss: 2428440.196
[1, 19780] loss: 3141949.303
[1, 19800] loss: 2080732.675
[1, 19820] loss: 2496339.739
[1, 19840] loss: 4786423.627
[1, 19860] loss: 1795808.275
[1, 19880] loss: 2144879.669
[1, 19900] loss: 2737652.986
[1, 19920] loss: 1593998.637
[1, 19940] loss: 4200368.609
[1, 19960] loss: 1823942.190
[1, 19980] loss: 2802580.202
[1, 20000] loss: 5133816.461
[1, 20020] loss: 3588402.557
[1, 20040] loss: 1909713.147
[1, 20060] loss: 671611.033
[1, 20080] loss: 3705383.205
[1, 20100] loss: 2965385.011
[1, 20120] loss: 2985222.081
[1, 20140] loss: 986556.335
[1, 20160] loss: 2192336.787
[1, 20180] loss: 2000229.701
[1, 20200] loss: 1327983.213
[1, 20220] loss: 1495099.258
[1, 20240] loss: 4410345.046
[1, 20260] loss: 3101252.023
[1, 20280] loss: 1685146.798
[1, 20300] loss: 1898183.515
[1, 20320] loss: 1173915.028
[1, 20340] loss: 3844189.197
[1, 20360] loss: 977072.668
[1, 20380] loss: 2806796.404
[1, 20400] loss: 5058821.489
[1, 20420] loss: 2515121.768
[1, 20440] loss: 2540411.652
[1, 20460] loss: 2151046.636
[1, 20480] loss: 2408889.375
[1, 20500] loss: 2687446.060
[1, 20520] loss: 2586197.882
[1, 20540] loss: 1464791.334
[1, 20560] loss: 2249318.241
[1, 20580] loss: 1455026.151
[1, 20600] loss: 2403561.609
[1, 20620] loss: 3636855.361
[1, 20640] loss: 10259188.753
[1, 20660] loss: 5791121.638
[1, 20680] loss: 1758153.898
[1, 20700] loss: 1152484.558
[1, 20720] loss: 1611788.803
[1, 20740] loss: 1617301.272
[1, 20760] loss: 1400533.719
[1, 20780] loss: 2392731.844
[1, 20800] loss: 2390109.196
[1, 20820] loss: 1907337.761
[1, 20840] loss: 1160972.546
[1, 20860] loss: 1397590.456
[1, 20880] loss: 1194544.013
[1, 20900] loss: 2247564.976
[1, 20920] loss: 2412540.293
[1, 20940] loss: 1823113.145
[1, 20960] loss: 2319759.183
[1, 20980] loss: 1963917.043
[1, 21000] loss: 3167815.492
[1, 21020] loss: 1609684.530
[1, 21040] loss: 3620377.178
[1, 21060] loss: 2981309.573
[1, 21080] loss: 2274288.112
[1, 21100] loss: 5396203.047
[1, 21120] loss: 3349591.084
[1, 21140] loss: 2203781.227
[1, 21160] loss: 1229087.320
[1, 21180] loss: 2811669.760
[1, 21200] loss: 2497598.112
[1, 21220] loss: 7321846.807
[1, 21240] loss: 14925158.492
[1, 21260] loss: 3620368.090
[1, 21280] loss: 4082975.950
[1, 21300] loss: 4264398.115
[1, 21320] loss: 4847020.521
[1, 21340] loss: 5311652.816
[1, 21360] loss: 5530041.623
[1, 21380] loss: 13695088.535
[1, 21400] loss: 26849822.591
[1, 21420] loss: 24216578.089
[1, 21440] loss: 4960421.628
[1, 21460] loss: 5187937.554
[1, 21480] loss: 12216362.624
[1, 21500] loss: 20634935.561
[1, 21520] loss: 19230964.055
[1, 21540] loss: 28141047.068
[1, 21560] loss: 40182537.097
[1, 21580] loss: 1605042155.448
[1, 21600] loss: 3630039357.219
[1, 21620] loss: 990301761.075
[1, 21640] loss: 89339943.662
[1, 21660] loss: 50835856.866
[1, 21680] loss: 16652492.814
[1, 21700] loss: 14002264.539
[1, 21720] loss: 15918767.176
[1, 21740] loss: 11623379.791
[1, 21760] loss: 9775346.967
[1, 21780] loss: 13660771.661
[1, 21800] loss: 4750811.766
[1, 21820] loss: 9977065.510
[1, 21840] loss: 16111997.934
[1, 21860] loss: 8318148.054
[1, 21880] loss: 12633736.650
[1, 21900] loss: 3633542.877
[1, 21920] loss: 4220335.840
[1, 21940] loss: 6137009.683
[1, 21960] loss: 4653396.300
[1, 21980] loss: 5214277.494
[1, 22000] loss: 1615636.298
[1, 22020] loss: 3727808.179
[1, 22040] loss: 4125493.028
[1, 22060] loss: 3578422.767
[1, 22080] loss: 3025472.348
[1, 22100] loss: 4708073.390
[1, 22120] loss: 2436915.744
[1, 22140] loss: 2556494.567
[1, 22160] loss: 3649071.891
[1, 22180] loss: 3008294.388
[1, 22200] loss: 2870125.965
[1, 22220] loss: 1576518.006
[1, 22240] loss: 2131135.224
[1, 22260] loss: 2158861.073
[1, 22280] loss: 1321370.592
[1, 22300] loss: 1692158.163
[1, 22320] loss: 1579070.819
[1, 22340] loss: 2481620.173
[1, 22360] loss: 1878901.369
[1, 22380] loss: 885555.858
[1, 22400] loss: 1607035.264
[1, 22420] loss: 2120621.208
[1, 22440] loss: 1451736.598
[1, 22460] loss: 1718754.490
[1, 22480] loss: 591130.650
[1, 22500] loss: 1044413.278
[1, 22520] loss: 1350351.793
[1, 22540] loss: 992036.679
[1, 22560] loss: 864038.796
[1, 22580] loss: 906053.423
[1, 22600] loss: 1037206.950
[1, 22620] loss: 1582737.954
[1, 22640] loss: 673142.508
[1, 22660] loss: 895559.009
[1, 22680] loss: 991252.456
[1, 22700] loss: 359209.520
[1, 22720] loss: 491007.140
[1, 22740] loss: 448648.104
[1, 22760] loss: 917405.093
[1, 22780] loss: 503041.696
[1, 22800] loss: 255363.439
[1, 22820] loss: 709009.664
[1, 22840] loss: 744068.113
[1, 22860] loss: 395794.466
[1, 22880] loss: 450517.572
[1, 22900] loss: 410750.574
[1, 22920] loss: 588005.569
[1, 22940] loss: 752720.597
[1, 22960] loss: 439433.738
[1, 22980] loss: 455297.272
[1, 23000] loss: 574042.444
[1, 23020] loss: 364264.562
[1, 23040] loss: 354326.550
[1, 23060] loss: 428088.136
[1, 23080] loss: 313472.880
[1, 23100] loss: 479439.838
[1, 23120] loss: 222649.061
[1, 23140] loss: 388892.007
[1, 23160] loss: 431902.419
[1, 23180] loss: 687368.686
[1, 23200] loss: 437303.095
[1, 23220] loss: 605650.907
[1, 23240] loss: 343724.613
[1, 23260] loss: 315988.799
[1, 23280] loss: 344482.435
[1, 23300] loss: 356648.279
[1, 23320] loss: 231134.221
[1, 23340] loss: 311373.994
[1, 23360] loss: 169639.853
[1, 23380] loss: 302080.095
[1, 23400] loss: 285314.520
[1, 23420] loss: 297264.178
[1, 23440] loss: 259511.298
[1, 23460] loss: 132187.605
[1, 23480] loss: 355468.986
[1, 23500] loss: 281939.103
[1, 23520] loss: 369287.071
[1, 23540] loss: 135965.283
[1, 23560] loss: 483371.963
[1, 23580] loss: 285556.936
[1, 23600] loss: 626188.390
[1, 23620] loss: 387357.448
[1, 23640] loss: 336989.945
[1, 23660] loss: 277073.869
[1, 23680] loss: 340193.383
[1, 23700] loss: 406590.551
[1, 23720] loss: 232712.613
[1, 23740] loss: 390937.534
[1, 23760] loss: 649075.018
[1, 23780] loss: 310250.962
[1, 23800] loss: 80241.184
[1, 23820] loss: 310634.221
[1, 23840] loss: 278499.345
[1, 23860] loss: 255921.544
[1, 23880] loss: 399926.228
[1, 23900] loss: 338067.893
[1, 23920] loss: 255950.721
[1, 23940] loss: 256252.953
[1, 23960] loss: 265999.368
[1, 23980] loss: 293696.473
[1, 24000] loss: 419404.460
[1, 24020] loss: 242867.693
[1, 24040] loss: 278899.823
[1, 24060] loss: 220221.414
[1, 24080] loss: 259929.178
[1, 24100] loss: 115604.876
[1, 24120] loss: 146069.098
[1, 24140] loss: 374089.565
[1, 24160] loss: 254567.908
[1, 24180] loss: 302843.827
[1, 24200] loss: 302017.426
[1, 24220] loss: 140090.389
[1, 24240] loss: 244998.832
[1, 24260] loss: 263785.511
[1, 24280] loss: 2429765.091
[1, 24300] loss: 3353598.658
[1, 24320] loss: 2779220.206
[1, 24340] loss: 1980108.661
[1, 24360] loss: 866244.600
[1, 24380] loss: 1335962.350
[1, 24400] loss: 1611225.201
[1, 24420] loss: 422325.344
[1, 24440] loss: 358268.907
[1, 24460] loss: 425764.864
[1, 24480] loss: 316784.072
[1, 24500] loss: 226188.241
[1, 24520] loss: 346137.581
[1, 24540] loss: 272712.226
[1, 24560] loss: 275064.539
[1, 24580] loss: 224787.282
[1, 24600] loss: 167325.032
[1, 24620] loss: 186700.986
[1, 24640] loss: 190960.562
[1, 24660] loss: 261496.022
[1, 24680] loss: 262109.948
[1, 24700] loss: 307396.668
[1, 24720] loss: 231232.517
[1, 24740] loss: 370854.946
[1, 24760] loss: 380417.800
[1, 24780] loss: 1132292.017
[1, 24800] loss: 676631.184
[1, 24820] loss: 366881.639
[1, 24840] loss: 2500009.990
[1, 24860] loss: 4656104.931
[1, 24880] loss: 2968571.232
[1, 24900] loss: 383185.634
[1, 24920] loss: 453238.463
[1, 24940] loss: 145338.890
[1, 24960] loss: 300309.758
[1, 24980] loss: 770863.360
[1, 25000] loss: 720732.072
[1, 25020] loss: 478014.418
[1, 25040] loss: 1042038.088
[1, 25060] loss: 836550.469
[1, 25080] loss: 738306.519
[1, 25100] loss: 503037.976
[1, 25120] loss: 235036.840
[1, 25140] loss: 1175217.710
[1, 25160] loss: 1521980.885
[1, 25180] loss: 863302.579
[1, 25200] loss: 621952.497
[1, 25220] loss: 2447672.856
[1, 25240] loss: 2739227.237
[1, 25260] loss: 3101959.436
[1, 25280] loss: 2452549.741
[1, 25300] loss: 3431865.601
[1, 25320] loss: 2040862.268
[1, 25340] loss: 1932465.398
[1, 25360] loss: 336317.313
[1, 25380] loss: 476619.940
[1, 25400] loss: 140422.099
[1, 25420] loss: 801282.986
[1, 25440] loss: 129337.119
[1, 25460] loss: 198675.911
[1, 25480] loss: 299689.763
[1, 25500] loss: 432375.146
[1, 25520] loss: 997361.360
[1, 25540] loss: 1766684.340
[1, 25560] loss: 571988.802
[1, 25580] loss: 667899.420
[1, 25600] loss: 480114.998
[1, 25620] loss: 633639.388
[1, 25640] loss: 1337485.147
[1, 25660] loss: 2939158.693
[1, 25680] loss: 2433498.755
[1, 25700] loss: 2571483.596
[1, 25720] loss: 4264293.879
[1, 25740] loss: 10085541.167
[1, 25760] loss: 2666479.744
[1, 25780] loss: 6149898.588
[1, 25800] loss: 7286387.364
[1, 25820] loss: 7192400.232
[1, 25840] loss: 1231656.050
[1, 25860] loss: 4222254.745
[1, 25880] loss: 4637044.187
[1, 25900] loss: 1648688.668
[1, 25920] loss: 2372160.348
[1, 25940] loss: 1628769.423
[1, 25960] loss: 2297719.905
[1, 25980] loss: 3540309.938
[1, 26000] loss: 2154231.536
[1, 26020] loss: 470967.117
[1, 26040] loss: 530976.405
[1, 26060] loss: 376204.502
[1, 26080] loss: 537031.596
[1, 26100] loss: 987402.694
[1, 26120] loss: 3536094.110
[1, 26140] loss: 10217495.603
[1, 26160] loss: 22744120.903
[1, 26180] loss: 2716300.039
[1, 26200] loss: 1683840.531
[1, 26220] loss: 1928211.658
[1, 26240] loss: 735289.693
[1, 26260] loss: 567526.763
[1, 26280] loss: 1216693.448
[1, 26300] loss: 906334.614
[1, 26320] loss: 833815.205
[1, 26340] loss: 731632.826
[1, 26360] loss: 2916238.084
[1, 26380] loss: 4342655.283
[1, 26400] loss: 2943090.107
[1, 26420] loss: 4479527.016
[1, 26440] loss: 10373655.640
[1, 26460] loss: 9503906.959
[1, 26480] loss: 20339047.303
[1, 26500] loss: 66163834.659
[1, 26520] loss: 170783366.612
[1, 26540] loss: 386779598.475
[1, 26560] loss: 1690201606.489
[1, 26580] loss: 483621047.270
[1, 26600] loss: 27808310.547
[1, 26620] loss: 7779021.062
[1, 26640] loss: 5568906.180
[1, 26660] loss: 1243495.468
[1, 26680] loss: 1100606.107
[1, 26700] loss: 760073.105
[1, 26720] loss: 1680663.493
[1, 26740] loss: 1182059.740
[1, 26760] loss: 1734586.801
[1, 26780] loss: 1014183.160
[1, 26800] loss: 616661.399
[1, 26820] loss: 424321.552
[1, 26840] loss: 743726.432
[1, 26860] loss: 507953.182
[1, 26880] loss: 827540.846
[1, 26900] loss: 998343.506
[1, 26920] loss: 1128642.497
[1, 26940] loss: 957221.053
[1, 26960] loss: 430831.028
[1, 26980] loss: 601803.825
[1, 27000] loss: 810873.402
[1, 27020] loss: 1016162.339
[1, 27040] loss: 1032205.638
[1, 27060] loss: 733853.384
[1, 27080] loss: 741064.303
[1, 27100] loss: 697683.043
[1, 27120] loss: 413481.722
[1, 27140] loss: 439328.237
[1, 27160] loss: 566749.193
[1, 27180] loss: 362700.534
[1, 27200] loss: 807757.969
[1, 27220] loss: 293158.745
[1, 27240] loss: 363036.075
[1, 27260] loss: 185850.112
[1, 27280] loss: 613153.498
[1, 27300] loss: 398734.883
[1, 27320] loss: 359246.354
[1, 27340] loss: 865239.528
[1, 27360] loss: 638189.331
[1, 27380] loss: 609954.867
[1, 27400] loss: 986489.948
[1, 27420] loss: 139706.020
[1, 27440] loss: 235440.398
[1, 27460] loss: 259800.320
[1, 27480] loss: 139405.856
[1, 27500] loss: 520610.206
[1, 27520] loss: 1117856.951
[1, 27540] loss: 1093212.486
[1, 27560] loss: 624872.957
[1, 27580] loss: 554253.528
[1, 27600] loss: 533695.558
[1, 27620] loss: 332979.167
[1, 27640] loss: 246428.365
[1, 27660] loss: 186273.436
[1, 27680] loss: 206516.218
[1, 27700] loss: 242183.474
[1, 27720] loss: 192373.496
[1, 27740] loss: 241313.243
[1, 27760] loss: 507280.975
[1, 27780] loss: 152166.616
[1, 27800] loss: 215590.938
[1, 27820] loss: 187672.680
[1, 27840] loss: 226824.155
[1, 27860] loss: 126165.246
[1, 27880] loss: 208263.803
[1, 27900] loss: 192380.993
[1, 27920] loss: 232719.792
[1, 27940] loss: 143786.183
[1, 27960] loss: 147814.976
[1, 27980] loss: 138651.885
[1, 28000] loss: 268690.757
[1, 28020] loss: 125472.921
[1, 28040] loss: 334486.971
[1, 28060] loss: 560911.758
[1, 28080] loss: 312539.491
[1, 28100] loss: 404708.748
[1, 28120] loss: 305979.052
[1, 28140] loss: 163346.932
[1, 28160] loss: 184049.750
[1, 28180] loss: 135731.671
[1, 28200] loss: 182090.878
[1, 28220] loss: 309011.376
[1, 28240] loss: 184113.486
[1, 28260] loss: 247266.923
[1, 28280] loss: 136054.007
[1, 28300] loss: 225399.606
[1, 28320] loss: 138475.945
[1, 28340] loss: 55284.193
[1, 28360] loss: 255803.607
[1, 28380] loss: 103760.470
[1, 28400] loss: 125292.307
[1, 28420] loss: 69907.589
[1, 28440] loss: 65464.266
[1, 28460] loss: 150086.488
[1, 28480] loss: 313190.672
[1, 28500] loss: 128280.420
[1, 28520] loss: 61439.337
[1, 28540] loss: 255711.360
[1, 28560] loss: 221395.437
[1, 28580] loss: 278281.072
[1, 28600] loss: 305466.844
[1, 28620] loss: 137364.149
[1, 28640] loss: 29429.498
[1, 28660] loss: 118813.374
[1, 28680] loss: 104833.562
[1, 28700] loss: 156363.919
[1, 28720] loss: 48451.748
[1, 28740] loss: 124964.802
[1, 28760] loss: 265478.501
[1, 28780] loss: 195348.988
[1, 28800] loss: 79677.468
[1, 28820] loss: 127665.190
[1, 28840] loss: 215381.498
[1, 28860] loss: 48482.303
[1, 28880] loss: 93528.156
[1, 28900] loss: 95776.676
[1, 28920] loss: 147863.398
[1, 28940] loss: 63793.315
[1, 28960] loss: 81800.092
[1, 28980] loss: 60887.550
[1, 29000] loss: 57388.387
[1, 29020] loss: 146888.359
[1, 29040] loss: 112038.275
[1, 29060] loss: 100714.575
[1, 29080] loss: 262221.028
[1, 29100] loss: 89259.584
[1, 29120] loss: 95941.214
[1, 29140] loss: 59709.377
[1, 29160] loss: 90387.089
[1, 29180] loss: 54314.669
[1, 29200] loss: 60467.064
[1, 29220] loss: 52819.132
[1, 29240] loss: 73035.731
[1, 29260] loss: 37737.798
[1, 29280] loss: 88769.540
[1, 29300] loss: 100229.616
[1, 29320] loss: 142496.700
[1, 29340] loss: 161176.337
[1, 29360] loss: 64459.625
[1, 29380] loss: 56368.789
[1, 29400] loss: 54891.604
[1, 29420] loss: 80005.498
[1, 29440] loss: 39429.480
[1, 29460] loss: 120185.100
[1, 29480] loss: 85407.960
[1, 29500] loss: 133056.137
[1, 29520] loss: 351705.905
[1, 29540] loss: 128737.749
[1, 29560] loss: 87795.934
[1, 29580] loss: 105024.399
[1, 29600] loss: 127347.261
[1, 29620] loss: 236182.767
[1, 29640] loss: 250319.086
[1, 29660] loss: 105491.824
[1, 29680] loss: 36787.796
[1, 29700] loss: 159538.371
[1, 29720] loss: 55787.732
[1, 29740] loss: 26327.440
[1, 29760] loss: 86812.542
[1, 29780] loss: 370924.756
[1, 29800] loss: 981639.206
[1, 29820] loss: 1615528.440
[1, 29840] loss: 1339020.028
[1, 29860] loss: 228303.191
[1, 29880] loss: 54260.640
[1, 29900] loss: 47853.779
[1, 29920] loss: 90954.025
[1, 29940] loss: 242951.971
[1, 29960] loss: 154870.041
[1, 29980] loss: 162740.141
[1, 30000] loss: 93968.626
[1, 30020] loss: 52385.816
[1, 30040] loss: 92829.403
[1, 30060] loss: 50958.793
[1, 30080] loss: 47778.143
[1, 30100] loss: 54156.123
[1, 30120] loss: 50560.680
[1, 30140] loss: 53100.949
[1, 30160] loss: 46948.966
[1, 30180] loss: 49129.019
[1, 30200] loss: 78431.404
[1, 30220] loss: 38624.690
[1, 30240] loss: 51344.515
[1, 30260] loss: 19132.327
[1, 30280] loss: 35576.918
[1, 30300] loss: 117372.906
[1, 30320] loss: 50554.786
[1, 30340] loss: 156546.241
[1, 30360] loss: 217530.546
[1, 30380] loss: 254333.622
[1, 30400] loss: 131841.358
[1, 30420] loss: 114836.439
[1,    20] loss: 41826.478
[1,    40] loss: 22451.413
[1,    60] loss: 26421.466
[1,    80] loss: 20950.213
[1,   100] loss: 18483.691
[1,   120] loss: 20705.423
[1,   140] loss: 19031.923
[1,   160] loss: 22442.910
[1,   180] loss: 35820.895
[1,   200] loss: 43406.734
[1,   220] loss: 42128.401
[1,   240] loss: 44157.064
[1,   260] loss: 44795.172
[1,   280] loss: 44003.355
[1,   300] loss: 43660.406
[1,   320] loss: 43565.916
[1,   340] loss: 42785.368
[1,   360] loss: 41530.660
[1,   380] loss: 40563.261
[1,   400] loss: 39107.054
[1,   420] loss: 38443.170
[1,   440] loss: 37765.531
[1,   460] loss: 37269.555
[1,   480] loss: 36661.507
[1,   500] loss: 37818.700
[1,   520] loss: 39790.074
[1,   540] loss: 40900.947
[1,   560] loss: 44693.260
[1,   580] loss: 49068.361
[1,   600] loss: 51934.421
[1,   620] loss: 52121.942
[1,   640] loss: 51375.921
[1,   660] loss: 50666.396
[1,   680] loss: 50323.788
[1,   700] loss: 49630.809
[1,   720] loss: 48774.105
[1,   740] loss: 47798.818
[1,   760] loss: 46782.713
[1,   780] loss: 45795.821
[1,   800] loss: 44761.105
[1,   820] loss: 43741.845
[1,   840] loss: 42709.334
[1,   860] loss: 41721.809
[1,   880] loss: 40786.567
[1,   900] loss: 39885.673
[1,   920] loss: 39056.052
[1,   940] loss: 38242.310
[1,   960] loss: 37513.336
[1,   980] loss: 36922.443
[1,  1000] loss: 36489.363
[1,  1020] loss: 35936.815
[1,  1040] loss: 35342.381
[1,  1060] loss: 34681.102
[1,  1080] loss: 34214.121
[1,  1100] loss: 34409.558
[1,  1120] loss: 34640.376
[1,  1140] loss: 34864.347
[1,  1160] loss: 34838.033
[1,  1180] loss: 34491.828
[1,  1200] loss: 33966.799
[1,  1220] loss: 33412.445
[1,  1240] loss: 32929.938
[1,  1260] loss: 32490.318
[1,  1280] loss: 32050.961
[1,  1300] loss: 31618.071
[1,  1320] loss: 31202.621
[1,  1340] loss: 30753.159
[1,  1360] loss: 30319.937
[1,  1380] loss: 29936.787
[1,  1400] loss: 29698.880
[1,  1420] loss: 29532.019
[1,  1440] loss: 29462.969
[1,  1460] loss: 29417.866
[1,  1480] loss: 29275.767
[1,  1500] loss: 29124.066
[1,  1520] loss: 28962.823
[1,  1540] loss: 28742.739
[1,  1560] loss: 28528.667
[1,  1580] loss: 28376.461
[1,  1600] loss: 28315.690
[1,  1620] loss: 28357.651
[1,  1640] loss: 28420.801
[1,  1660] loss: 28449.839
[1,  1680] loss: 28516.319
[1,  1700] loss: 28447.746
[1,  1720] loss: 28279.656
[1,  1740] loss: 28183.767
[1,  1760] loss: 28242.534
[1,  1780] loss: 28299.587
[1,  1800] loss: 28351.404
[1,  1820] loss: 28449.635
[1,  1840] loss: 28645.257
[1,  1860] loss: 28891.157
[1,  1880] loss: 28957.268
[1,  1900] loss: 28845.295
[1,  1920] loss: 28688.945
[1,  1940] loss: 28564.453
[1,  1960] loss: 28488.555
[1,  1980] loss: 28461.563
[1,  2000] loss: 28485.596
[1,  2020] loss: 28421.461
[1,  2040] loss: 28428.910
[1,  2060] loss: 28457.991
[1,  2080] loss: 28425.776
[1,  2100] loss: 28477.832
[1,  2120] loss: 28446.121
[1,  2140] loss: 28372.659
[1,  2160] loss: 28230.010
[1,  2180] loss: 28052.774
[1,  2200] loss: 27873.210
[1,  2220] loss: 27752.553
[1,  2240] loss: 27683.943
[1,  2260] loss: 27570.662
[1,  2280] loss: 28034.217
[1,  2300] loss: 28710.590
[1,  2320] loss: 29001.228
[1,  2340] loss: 29439.786
[1,  2360] loss: 30267.372
[1,  2380] loss: 31015.697
[1,  2400] loss: 31565.746
[1,  2420] loss: 31690.129
[1,  2440] loss: 31673.326
[1,  2460] loss: 31651.032
[1,  2480] loss: 32229.607
[1,  2500] loss: 33280.414
[1,  2520] loss: 34728.709
[1,  2540] loss: 36450.897
[1,  2560] loss: 37705.460
[1,  2580] loss: 37890.989
[1,  2600] loss: 37676.313
[1,  2620] loss: 37471.888
[1,  2640] loss: 37290.035
[1,  2660] loss: 37120.885
[1,  2680] loss: 36996.678
[1,  2700] loss: 37691.284
[1,  2720] loss: 38669.521
[1,  2740] loss: 39419.713
[1,  2760] loss: 39368.885
[1,  2780] loss: 39086.187
[1,  2800] loss: 38821.985
[1,  2820] loss: 38830.652
[1,  2840] loss: 39348.548
[1,  2860] loss: 39254.793
[1,  2880] loss: 39095.390
[1,  2900] loss: 39000.690
[1,  2920] loss: 38911.704
[1,  2940] loss: 38848.184
[1,  2960] loss: 38794.616
[1,  2980] loss: 38906.994
[1,  3000] loss: 39346.458
[1,  3020] loss: 39698.755
[1,  3040] loss: 39866.618
[1,  3060] loss: 39815.971
[1,  3080] loss: 39643.692
[1,  3100] loss: 39404.118
[1,  3120] loss: 39153.035
[1,  3140] loss: 38909.126
[1,  3160] loss: 38672.091
[1,  3180] loss: 38450.941
[1,  3200] loss: 38218.899
[1,  3220] loss: 37991.319
[1,  3240] loss: 37787.615
[1,  3260] loss: 37573.129
[1,  3280] loss: 37383.393
[1,  3300] loss: 37480.342
[1,  3320] loss: 37556.549
[1,  3340] loss: 37498.425
[1,  3360] loss: 37314.792
