cuda:  1
color_space: YCbCr
batch_size: 1
num_epcochs: 2
learning_rate: 0.001
[1,    20] loss: 0.110
[1,    40] loss: 0.047
[1,    60] loss: 0.040
[1,    80] loss: 0.448
[1,   100] loss: 0.055
[1,   120] loss: 0.106
[1,   140] loss: 0.435
[1,   160] loss: 0.094
[1,   180] loss: 0.171
[1,   200] loss: 0.041
[1,   220] loss: 0.100
[1,   240] loss: 0.214
[1,   260] loss: 0.028
[1,   280] loss: 0.111
[1,   300] loss: 0.050
[1,   320] loss: 0.123
[1,   340] loss: 0.087
[1,   360] loss: 0.041
[1,   380] loss: 0.099
[1,   400] loss: 0.028
[1,   420] loss: 0.073
[1,   440] loss: 0.081
[1,   460] loss: 0.072
[1,   480] loss: 0.068
[1,   500] loss: 0.066
[1,   520] loss: 0.006
[1,   540] loss: 0.213
[1,   560] loss: 0.182
[1,   580] loss: 0.059
[1,   600] loss: 0.055
[1,   620] loss: 0.039
[1,   640] loss: 0.012
[1,   660] loss: 0.252
[1,   680] loss: 0.071
[1,   700] loss: 0.144
[1,   720] loss: 0.063
[1,   740] loss: 0.112
[1,   760] loss: 0.108
[1,   780] loss: 0.038
[1,   800] loss: 0.063
[1,   820] loss: 0.105
[1,   840] loss: 0.014
[1,   860] loss: 0.056
[1,   880] loss: 0.082
[1,   900] loss: 0.028
[1,   920] loss: 0.062
[1,   940] loss: 0.091
[1,   960] loss: 0.100
[1,   980] loss: 0.062
[1,  1000] loss: 0.016
[1,  1020] loss: 0.033
[1,  1040] loss: 0.163
[1,  1060] loss: 0.056
[1,  1080] loss: 0.098
[1,  1100] loss: 0.136
[1,  1120] loss: 0.082
[1,  1140] loss: 0.275
[1,  1160] loss: 0.074
[1,  1180] loss: 0.065
[1,  1200] loss: 0.019
[1,  1220] loss: 0.022
[1,  1240] loss: 0.010
[1,  1260] loss: 0.099
[1,  1280] loss: 0.007
[1,  1300] loss: 0.051
[1,  1320] loss: 0.054
[1,  1340] loss: 0.092
[1,  1360] loss: 0.023
[1,  1380] loss: 0.032
[1,  1400] loss: 0.106
[1,  1420] loss: 0.048
[1,  1440] loss: 0.101
[1,  1460] loss: 0.041
[1,  1480] loss: 0.086
[1,  1500] loss: 0.184
[1,  1520] loss: 0.083
[1,  1540] loss: 0.185
[1,  1560] loss: 0.314
[1,  1580] loss: 45.378
[1,  1600] loss: 283124.745
[1,  1620] loss: 68948.480
[1,  1640] loss: 67686.490
[1,  1660] loss: 174723.051
[1,  1680] loss: 27587.656
[1,  1700] loss: 2476.197
[1,  1720] loss: 191.969
[1,  1740] loss: 62.628
[1,  1760] loss: 51.820
[1,  1780] loss: 47.355
[1,  1800] loss: 34.069
[1,  1820] loss: 33.913
[1,  1840] loss: 31.827
[1,  1860] loss: 32.003
[1,  1880] loss: 27.761
[1,  1900] loss: 23.245
[1,  1920] loss: 18.468
[1,  1940] loss: 23.022
[1,  1960] loss: 13.105
[1,  1980] loss: 10.541
[1,  2000] loss: 14.380
[1,  2020] loss: 27.004
[1,  2040] loss: 22.519
[1,  2060] loss: 14.748
[1,  2080] loss: 14.856
[1,  2100] loss: 10.246
[1,  2120] loss: 9.527
[1,  2140] loss: 13.362
[1,  2160] loss: 9.546
[1,  2180] loss: 12.748
[1,  2200] loss: 8.156
[1,  2220] loss: 9.160
[1,  2240] loss: 10.058
[1,  2260] loss: 7.345
[1,  2280] loss: 13.018
[1,  2300] loss: 8.641
[1,  2320] loss: 8.830
[1,  2340] loss: 6.640
[1,  2360] loss: 5.770
[1,  2380] loss: 8.903
[1,  2400] loss: 6.051
[1,  2420] loss: 8.899
[1,  2440] loss: 4.933
[1,  2460] loss: 5.989
[1,  2480] loss: 11.359
[1,  2500] loss: 4.442
[1,  2520] loss: 8.309
[1,  2540] loss: 5.747
[1,  2560] loss: 6.060
[1,  2580] loss: 8.015
[1,  2600] loss: 6.581
[1,  2620] loss: 7.109
[1,  2640] loss: 5.188
[1,  2660] loss: 4.602
[1,  2680] loss: 2.962
[1,  2700] loss: 6.302
[1,  2720] loss: 4.918
[1,  2740] loss: 3.450
[1,  2760] loss: 3.005
[1,  2780] loss: 4.409
[1,  2800] loss: 6.412
[1,  2820] loss: 4.709
[1,  2840] loss: 3.868
[1,  2860] loss: 5.361
[1,  2880] loss: 3.212
[1,  2900] loss: 4.593
[1,  2920] loss: 3.365
[1,  2940] loss: 2.039
[1,  2960] loss: 3.457
[1,  2980] loss: 3.094
[1,  3000] loss: 3.139
[1,  3020] loss: 4.287
[1,  3040] loss: 5.079
[1,  3060] loss: 3.154
[1,  3080] loss: 3.584
[1,  3100] loss: 2.215
[1,  3120] loss: 3.696
[1,  3140] loss: 3.061
[1,  3160] loss: 2.793
[1,  3180] loss: 3.161
[1,  3200] loss: 3.055
[1,  3220] loss: 1.951
[1,  3240] loss: 3.954
[1,  3260] loss: 3.409
[1,  3280] loss: 6.535
[1,  3300] loss: 2.212
[1,  3320] loss: 1.951
[1,  3340] loss: 1.407
[1,  3360] loss: 4.124
[1,  3380] loss: 3.072
[1,  3400] loss: 2.320
[1,  3420] loss: 4.970
[1,  3440] loss: 1.687
[1,  3460] loss: 3.631
[1,  3480] loss: 3.142
[1,  3500] loss: 2.268
[1,  3520] loss: 1.763
[1,  3540] loss: 1.566
[1,  3560] loss: 2.870
[1,  3580] loss: 2.623
[1,  3600] loss: 3.316
[1,  3620] loss: 3.933
[1,  3640] loss: 3.229
[1,  3660] loss: 2.124
[1,  3680] loss: 1.790
[1,  3700] loss: 3.430
[1,  3720] loss: 2.662
[1,  3740] loss: 1.328
[1,  3760] loss: 2.043
[1,  3780] loss: 3.292
[1,  3800] loss: 1.983
[1,  3820] loss: 1.780
[1,  3840] loss: 1.795
[1,  3860] loss: 1.014
[1,  3880] loss: 1.793
[1,  3900] loss: 1.681
[1,  3920] loss: 1.453
[1,  3940] loss: 1.613
[1,  3960] loss: 1.315
[1,  3980] loss: 3.841
[1,  4000] loss: 8.217
[1,  4020] loss: 2.911
[1,  4040] loss: 3.171
[1,  4060] loss: 1.606
[1,  4080] loss: 2.210
[1,  4100] loss: 2.030
[1,  4120] loss: 0.850
[1,  4140] loss: 1.015
[1,  4160] loss: 1.714
[1,  4180] loss: 1.107
[1,  4200] loss: 1.237
[1,  4220] loss: 1.989
[1,  4240] loss: 2.250
[1,  4260] loss: 1.394
[1,  4280] loss: 1.543
[1,  4300] loss: 1.148
[1,  4320] loss: 1.385
[1,  4340] loss: 1.973
[1,  4360] loss: 1.221
[1,  4380] loss: 2.209
[1,  4400] loss: 0.699
[1,  4420] loss: 1.449
[1,  4440] loss: 1.635
[1,  4460] loss: 1.623
[1,  4480] loss: 1.183
[1,  4500] loss: 0.963
[1,  4520] loss: 0.799
[1,  4540] loss: 1.209
[1,  4560] loss: 0.838
[1,  4580] loss: 1.130
[1,  4600] loss: 1.410
[1,  4620] loss: 1.790
[1,  4640] loss: 0.875
[1,  4660] loss: 1.617
[1,  4680] loss: 1.196
[1,  4700] loss: 0.722
[1,  4720] loss: 1.398
[1,  4740] loss: 1.076
[1,  4760] loss: 1.202
[1,  4780] loss: 0.926
[1,  4800] loss: 0.898
[1,  4820] loss: 0.583
[1,  4840] loss: 0.500
[1,  4860] loss: 1.432
[1,  4880] loss: 1.775
[1,  4900] loss: 1.788
[1,  4920] loss: 0.902
[1,  4940] loss: 0.490
[1,  4960] loss: 1.470
[1,  4980] loss: 1.165
[1,  5000] loss: 0.692
[1,  5020] loss: 0.860
[1,  5040] loss: 0.799
[1,  5060] loss: 0.742
[1,  5080] loss: 1.110
[1,  5100] loss: 0.570
[1,  5120] loss: 0.458
[1,  5140] loss: 1.598
[1,  5160] loss: 1.148
[1,  5180] loss: 0.683
[1,  5200] loss: 0.713
[1,  5220] loss: 1.013
[1,  5240] loss: 0.437
[1,  5260] loss: 0.722
[1,  5280] loss: 0.637
[1,  5300] loss: 0.943
[1,  5320] loss: 1.167
[1,  5340] loss: 0.996
[1,  5360] loss: 0.636
[1,  5380] loss: 1.118
[1,  5400] loss: 1.452
[1,  5420] loss: 1.209
[1,  5440] loss: 1.284
[1,  5460] loss: 0.597
[1,  5480] loss: 1.082
[1,  5500] loss: 0.635
[1,  5520] loss: 1.019
[1,  5540] loss: 1.219
[1,  5560] loss: 0.508
[1,  5580] loss: 0.457
[1,  5600] loss: 0.638
[1,  5620] loss: 0.927
[1,  5640] loss: 0.528
[1,  5660] loss: 0.882
[1,  5680] loss: 0.565
[1,  5700] loss: 0.502
[1,  5720] loss: 0.394
[1,  5740] loss: 0.445
[1,  5760] loss: 0.824
[1,  5780] loss: 0.395
[1,  5800] loss: 0.809
[1,  5820] loss: 0.435
[1,  5840] loss: 0.569
[1,  5860] loss: 0.518
[1,  5880] loss: 0.685
[1,  5900] loss: 0.684
[1,  5920] loss: 0.427
[1,  5940] loss: 0.241
[1,  5960] loss: 0.747
[1,  5980] loss: 0.547
[1,  6000] loss: 1.088
[1,  6020] loss: 0.508
[1,  6040] loss: 0.932
[1,  6060] loss: 0.717
[1,  6080] loss: 0.845
[1,  6100] loss: 0.441
[1,  6120] loss: 0.710
[1,  6140] loss: 0.628
[1,  6160] loss: 0.335
[1,  6180] loss: 0.139
[1,  6200] loss: 0.280
[1,  6220] loss: 0.684
[1,  6240] loss: 0.634
[1,  6260] loss: 0.913
[1,  6280] loss: 0.461
[1,  6300] loss: 0.348
[1,  6320] loss: 0.552
[1,  6340] loss: 0.411
[1,  6360] loss: 0.606
[1,  6380] loss: 0.581
[1,  6400] loss: 0.621
[1,  6420] loss: 0.433
[1,  6440] loss: 0.625
[1,  6460] loss: 1.524
[1,  6480] loss: 0.401
[1,  6500] loss: 0.230
[1,  6520] loss: 0.506
[1,  6540] loss: 0.540
[1,  6560] loss: 0.339
[1,  6580] loss: 0.547
[1,  6600] loss: 0.406
[1,  6620] loss: 0.540
[1,  6640] loss: 0.383
[1,  6660] loss: 0.461
[1,  6680] loss: 1.007
[1,  6700] loss: 0.625
[1,  6720] loss: 0.331
[1,  6740] loss: 0.644
[1,  6760] loss: 0.738
[1,  6780] loss: 0.646
[1,  6800] loss: 0.922
[1,  6820] loss: 1.134
[1,  6840] loss: 2.587
[1,  6860] loss: 0.579
[1,  6880] loss: 0.232
[1,  6900] loss: 0.453
[1,  6920] loss: 0.460
[1,  6940] loss: 0.274
[1,  6960] loss: 0.338
[1,  6980] loss: 0.555
[1,  7000] loss: 0.283
[1,  7020] loss: 0.487
[1,  7040] loss: 0.516
[1,  7060] loss: 0.715
[1,  7080] loss: 0.377
[1,  7100] loss: 0.356
[1,  7120] loss: 0.264
[1,  7140] loss: 0.599
[1,  7160] loss: 0.306
[1,  7180] loss: 0.404
[1,  7200] loss: 0.592
[1,  7220] loss: 0.315
[1,  7240] loss: 0.461
[1,  7260] loss: 0.567
[1,  7280] loss: 0.324
[1,  7300] loss: 0.289
[1,  7320] loss: 0.378
[1,  7340] loss: 0.603
[1,  7360] loss: 0.272
[1,  7380] loss: 0.172
[1,  7400] loss: 0.244
[1,  7420] loss: 0.767
[1,  7440] loss: 2.398
[1,  7460] loss: 0.509
[1,  7480] loss: 0.303
[1,  7500] loss: 0.442
[1,  7520] loss: 0.168
[1,  7540] loss: 0.391
[1,  7560] loss: 0.369
[1,  7580] loss: 0.438
[1,  7600] loss: 0.260
[1,  7620] loss: 0.447
[1,  7640] loss: 1.874
[1,  7660] loss: 0.674
[1,  7680] loss: 0.418
[1,  7700] loss: 0.189
[1,  7720] loss: 0.205
[1,  7740] loss: 0.312
[1,  7760] loss: 0.329
[1,  7780] loss: 0.279
[1,  7800] loss: 0.239
[1,  7820] loss: 0.255
[1,  7840] loss: 0.228
[1,  7860] loss: 0.428
[1,  7880] loss: 0.331
[1,  7900] loss: 0.291
[1,  7920] loss: 0.170
[1,  7940] loss: 0.504
[1,  7960] loss: 2.812
[1,  7980] loss: 8.816
[1,  8000] loss: 2.701
[1,  8020] loss: 0.672
[1,  8040] loss: 0.722
[1,  8060] loss: 0.537
[1,  8080] loss: 0.485
[1,  8100] loss: 0.360
[1,  8120] loss: 0.658
[1,  8140] loss: 1.003
[1,  8160] loss: 0.162
[1,  8180] loss: 0.500
[1,  8200] loss: 0.256
[1,  8220] loss: 0.105
[1,  8240] loss: 0.078
[1,  8260] loss: 0.125
[1,  8280] loss: 0.207
[1,  8300] loss: 0.200
[1,  8320] loss: 0.139
[1,  8340] loss: 0.089
[1,  8360] loss: 0.284
[1,  8380] loss: 0.448
[1,  8400] loss: 0.413
[1,  8420] loss: 0.309
[1,  8440] loss: 0.430
[1,  8460] loss: 0.262
[1,  8480] loss: 0.454
[1,  8500] loss: 0.386
[1,  8520] loss: 0.244
[1,  8540] loss: 0.306
[1,  8560] loss: 0.462
[1,  8580] loss: 0.230
[1,  8600] loss: 0.686
[1,  8620] loss: 0.376
[1,  8640] loss: 0.164
[1,  8660] loss: 0.455
[1,  8680] loss: 0.291
[1,  8700] loss: 0.144
[1,  8720] loss: 0.124
[1,  8740] loss: 0.148
[1,  8760] loss: 0.111
[1,  8780] loss: 0.315
[1,  8800] loss: 0.553
[1,  8820] loss: 0.549
[1,  8840] loss: 0.356
[1,  8860] loss: 0.468
[1,  8880] loss: 0.162
[1,  8900] loss: 0.206
[1,  8920] loss: 0.109
[1,  8940] loss: 0.139
[1,  8960] loss: 0.093
[1,  8980] loss: 0.130
[1,  9000] loss: 0.208
[1,  9020] loss: 0.143
[1,  9040] loss: 0.339
[1,  9060] loss: 0.127
[1,  9080] loss: 0.215
[1,  9100] loss: 0.126
[1,  9120] loss: 0.274
[1,  9140] loss: 0.188
[1,  9160] loss: 0.258
[1,  9180] loss: 0.291
[1,  9200] loss: 0.400
[1,  9220] loss: 0.247
[1,  9240] loss: 0.225
[1,  9260] loss: 0.134
[1,  9280] loss: 0.253
[1,  9300] loss: 0.394
[1,  9320] loss: 0.607
[1,  9340] loss: 0.554
[1,  9360] loss: 0.164
[1,  9380] loss: 0.159
[1,  9400] loss: 0.251
[1,  9420] loss: 0.657
[1,  9440] loss: 1.189
[1,  9460] loss: 0.917
[1,  9480] loss: 3.540
[1,  9500] loss: 2.187
[1,  9520] loss: 0.973
[1,  9540] loss: 0.600
[1,  9560] loss: 0.206
[1,  9580] loss: 0.185
[1,  9600] loss: 0.687
[1,  9620] loss: 0.642
[1,  9640] loss: 0.310
[1,  9660] loss: 0.396
[1,  9680] loss: 0.105
[1,  9700] loss: 0.052
[1,  9720] loss: 0.095
[1,  9740] loss: 0.070
[1,  9760] loss: 0.363
[1,  9780] loss: 0.162
[1,  9800] loss: 0.217
[1,  9820] loss: 0.089
[1,  9840] loss: 0.108
[1,  9860] loss: 0.094
[1,  9880] loss: 0.599
[1,  9900] loss: 0.528
[1,  9920] loss: 1.465
[1,  9940] loss: 1.292
[1,  9960] loss: 1.353
[1,  9980] loss: 0.734
[1, 10000] loss: 0.508
[1, 10020] loss: 1.196
[1, 10040] loss: 0.420
[1, 10060] loss: 0.201
[1, 10080] loss: 0.494
[1, 10100] loss: 0.133
[1, 10120] loss: 0.104
[1, 10140] loss: 0.114
[1, 10160] loss: 0.251
[1, 10180] loss: 0.386
[1, 10200] loss: 0.269
[1, 10220] loss: 0.141
[1, 10240] loss: 0.107
[1, 10260] loss: 0.102
[1, 10280] loss: 0.205
[1, 10300] loss: 0.138
[1, 10320] loss: 0.251
[1, 10340] loss: 0.207
[1, 10360] loss: 0.353
[1, 10380] loss: 0.242
[1, 10400] loss: 0.179
[1, 10420] loss: 0.229
[1, 10440] loss: 1.199
[1, 10460] loss: 0.908
[1, 10480] loss: 0.376
[1, 10500] loss: 0.607
[1, 10520] loss: 1.904
[1, 10540] loss: 2.422
[1, 10560] loss: 2.197
[1, 10580] loss: 4.553
[1, 10600] loss: 6.269
[1, 10620] loss: 2.253
[1, 10640] loss: 0.950
[1, 10660] loss: 0.732
[1, 10680] loss: 0.193
[1, 10700] loss: 0.119
[1, 10720] loss: 0.186
[1, 10740] loss: 0.150
[1, 10760] loss: 0.136
[1, 10780] loss: 0.116
[1, 10800] loss: 0.250
[1, 10820] loss: 0.365
[1, 10840] loss: 0.116
[1, 10860] loss: 0.175
[1, 10880] loss: 0.185
[1, 10900] loss: 0.268
[1, 10920] loss: 0.135
[1, 10940] loss: 0.066
[1, 10960] loss: 0.166
[1, 10980] loss: 0.126
[1, 11000] loss: 0.287
[1, 11020] loss: 0.217
[1, 11040] loss: 0.163
[1, 11060] loss: 0.060
[1, 11080] loss: 0.053
[1, 11100] loss: 0.162
[1, 11120] loss: 0.210
[1, 11140] loss: 0.206
[1, 11160] loss: 0.378
[1, 11180] loss: 0.313
[1, 11200] loss: 0.128
[1, 11220] loss: 0.097
[1, 11240] loss: 0.048
[1, 11260] loss: 0.212
[1, 11280] loss: 0.180
[1, 11300] loss: 0.052
[1, 11320] loss: 0.036
[1, 11340] loss: 0.071
[1, 11360] loss: 0.198
[1, 11380] loss: 0.116
[1, 11400] loss: 0.144
[1, 11420] loss: 0.063
[1, 11440] loss: 0.125
[1, 11460] loss: 0.087
[1, 11480] loss: 0.037
[1, 11500] loss: 0.075
[1, 11520] loss: 0.464
[1, 11540] loss: 0.185
[1, 11560] loss: 0.210
[1, 11580] loss: 0.129
[1, 11600] loss: 0.134
[1, 11620] loss: 0.247
[1, 11640] loss: 0.210
[1, 11660] loss: 0.107
[1, 11680] loss: 0.396
[1, 11700] loss: 0.300
[1, 11720] loss: 0.274
[1, 11740] loss: 0.120
[1, 11760] loss: 0.162
[1, 11780] loss: 0.051
[1, 11800] loss: 0.341
[1, 11820] loss: 0.348
[1, 11840] loss: 0.525
[1, 11860] loss: 0.150
[1, 11880] loss: 0.162
[1, 11900] loss: 0.299
[1, 11920] loss: 0.507
[1, 11940] loss: 0.332
[1, 11960] loss: 0.061
[1, 11980] loss: 0.053
[1, 12000] loss: 0.119
[1, 12020] loss: 0.245
[1, 12040] loss: 0.261
[1, 12060] loss: 0.218
[1, 12080] loss: 0.117
[1, 12100] loss: 0.033
[1, 12120] loss: 0.181
[1, 12140] loss: 0.307
[1, 12160] loss: 0.073
[1, 12180] loss: 0.059
[1, 12200] loss: 0.130
[1, 12220] loss: 0.100
[1, 12240] loss: 0.663
[1, 12260] loss: 0.314
[1, 12280] loss: 0.256
[1, 12300] loss: 0.189
[1, 12320] loss: 0.282
[1, 12340] loss: 0.211
[1, 12360] loss: 0.068
[1, 12380] loss: 0.040
[1, 12400] loss: 0.056
[1, 12420] loss: 0.194
[1, 12440] loss: 0.262
[1, 12460] loss: 0.067
[1, 12480] loss: 0.104
[1, 12500] loss: 0.040
[1, 12520] loss: 0.121
[1, 12540] loss: 0.073
[1, 12560] loss: 0.123
[1, 12580] loss: 0.074
[1, 12600] loss: 0.041
[1, 12620] loss: 0.108
[1, 12640] loss: 0.168
[1, 12660] loss: 0.201
[1, 12680] loss: 0.096
[1, 12700] loss: 0.346
[1, 12720] loss: 0.206
[1, 12740] loss: 0.272
[1, 12760] loss: 0.282
[1, 12780] loss: 0.131
[1, 12800] loss: 0.259
[1, 12820] loss: 0.096
[1, 12840] loss: 0.281
[1, 12860] loss: 0.224
[1, 12880] loss: 0.066
[1, 12900] loss: 0.104
[1, 12920] loss: 0.224
[1, 12940] loss: 0.319
[1, 12960] loss: 0.435
[1, 12980] loss: 0.241
[1, 13000] loss: 0.208
[1, 13020] loss: 0.238
[1, 13040] loss: 0.085
[1, 13060] loss: 0.057
[1, 13080] loss: 0.061
[1, 13100] loss: 0.082
[1, 13120] loss: 0.041
[1, 13140] loss: 0.040
[1, 13160] loss: 0.069
[1, 13180] loss: 0.112
[1, 13200] loss: 0.426
[1, 13220] loss: 0.481
[1, 13240] loss: 0.291
[1, 13260] loss: 1.719
[1, 13280] loss: 0.916
[1, 13300] loss: 0.835
[1, 13320] loss: 0.263
[1, 13340] loss: 0.248
[1, 13360] loss: 0.079
[1, 13380] loss: 0.080
[1, 13400] loss: 0.197
[1, 13420] loss: 0.120
[1, 13440] loss: 0.058
[1, 13460] loss: 0.055
[1, 13480] loss: 0.103
[1, 13500] loss: 0.141
[1, 13520] loss: 0.228
[1, 13540] loss: 0.109
[1, 13560] loss: 0.188
[1, 13580] loss: 0.287
[1, 13600] loss: 0.085
[1, 13620] loss: 0.093
[1, 13640] loss: 0.042
[1, 13660] loss: 0.172
[1, 13680] loss: 0.232
[1, 13700] loss: 0.038
[1, 13720] loss: 0.064
[1, 13740] loss: 0.077
[1, 13760] loss: 0.037
[1, 13780] loss: 0.039
[1, 13800] loss: 0.198
[1, 13820] loss: 0.081
[1, 13840] loss: 0.160
[1, 13860] loss: 0.042
[1, 13880] loss: 0.206
[1, 13900] loss: 0.033
[1, 13920] loss: 0.055
[1, 13940] loss: 0.116
[1, 13960] loss: 0.385
[1, 13980] loss: 0.149
[1, 14000] loss: 0.091
[1, 14020] loss: 0.042
[1, 14040] loss: 0.094
[1, 14060] loss: 0.087
[1, 14080] loss: 0.108
[1, 14100] loss: 0.050
[1, 14120] loss: 0.060
[1, 14140] loss: 0.065
[1, 14160] loss: 0.099
[1, 14180] loss: 0.143
[1, 14200] loss: 0.081
[1, 14220] loss: 0.133
[1, 14240] loss: 0.130
[1, 14260] loss: 0.208
[1, 14280] loss: 0.170
[1, 14300] loss: 0.151
[1, 14320] loss: 0.075
[1, 14340] loss: 0.128
[1, 14360] loss: 0.087
[1, 14380] loss: 0.116
[1, 14400] loss: 0.042
[1, 14420] loss: 0.061
[1, 14440] loss: 0.039
[1, 14460] loss: 0.177
[1, 14480] loss: 0.075
[1, 14500] loss: 0.188
[1, 14520] loss: 0.120
[1, 14540] loss: 0.161
[1, 14560] loss: 0.103
[1, 14580] loss: 0.014
[1, 14600] loss: 0.035
[1, 14620] loss: 0.104
[1, 14640] loss: 0.095
[1, 14660] loss: 0.073
[1, 14680] loss: 0.034
[1, 14700] loss: 0.048
[1, 14720] loss: 0.027
[1, 14740] loss: 0.156
[1, 14760] loss: 0.354
[1, 14780] loss: 0.298
[1, 14800] loss: 0.207
[1, 14820] loss: 0.206
[1, 14840] loss: 0.721
[1, 14860] loss: 0.489
[1, 14880] loss: 0.502
[1, 14900] loss: 0.182
[1, 14920] loss: 0.114
[1, 14940] loss: 0.084
[1, 14960] loss: 0.107
[1, 14980] loss: 0.129
[1, 15000] loss: 0.063
[1, 15020] loss: 0.048
[1, 15040] loss: 0.339
[1, 15060] loss: 0.299
[1, 15080] loss: 0.309
[1, 15100] loss: 0.473
[1, 15120] loss: 0.223
[1, 15140] loss: 1.751
[1, 15160] loss: 22630.128
[1, 15180] loss: 283132.645
[1, 15200] loss: 41870.340
[1, 15220] loss: 6547.104
[1, 15240] loss: 291.334
[1, 15260] loss: 29.506
[1, 15280] loss: 9.307
[1, 15300] loss: 6.489
[1, 15320] loss: 10.109
[1, 15340] loss: 7.405
[1, 15360] loss: 5.117
[1, 15380] loss: 6.123
[1, 15400] loss: 10.876
[1, 15420] loss: 3.195
[1, 15440] loss: 6.382
[1, 15460] loss: 5.146
[1, 15480] loss: 7.265
[1, 15500] loss: 4.628
[1, 15520] loss: 4.582
[1, 15540] loss: 2.831
[1, 15560] loss: 2.702
[1, 15580] loss: 6.522
[1, 15600] loss: 6.506
[1, 15620] loss: 2.629
[1, 15640] loss: 4.301
[1, 15660] loss: 4.415
[1, 15680] loss: 1.380
[1, 15700] loss: 4.106
[1, 15720] loss: 2.619
[1, 15740] loss: 3.795
[1, 15760] loss: 3.985
[1, 15780] loss: 4.533
[1, 15800] loss: 3.525
[1, 15820] loss: 3.401
[1, 15840] loss: 4.491
[1, 15860] loss: 1.857
[1, 15880] loss: 2.310
[1, 15900] loss: 3.629
[1, 15920] loss: 2.948
[1, 15940] loss: 2.934
[1, 15960] loss: 3.799
[1, 15980] loss: 2.623
[1, 16000] loss: 1.933
[1, 16020] loss: 2.012
[1, 16040] loss: 1.141
[1, 16060] loss: 1.044
[1, 16080] loss: 2.084
[1, 16100] loss: 2.392
[1, 16120] loss: 3.074
[1, 16140] loss: 4.266
[1, 16160] loss: 1.278
[1, 16180] loss: 2.351
[1, 16200] loss: 3.255
[1, 16220] loss: 1.981
[1, 16240] loss: 1.107
[1, 16260] loss: 1.967
[1, 16280] loss: 1.411
[1, 16300] loss: 2.351
[1, 16320] loss: 1.900
[1, 16340] loss: 1.282
[1, 16360] loss: 2.509
[1, 16380] loss: 1.423
[1, 16400] loss: 1.502
[1, 16420] loss: 1.143
[1, 16440] loss: 1.005
[1, 16460] loss: 1.992
[1, 16480] loss: 0.927
[1, 16500] loss: 0.962
[1, 16520] loss: 2.408
[1, 16540] loss: 1.124
[1, 16560] loss: 2.421
[1, 16580] loss: 1.832
[1, 16600] loss: 1.042
[1, 16620] loss: 2.218
[1, 16640] loss: 1.261
[1, 16660] loss: 1.628
[1, 16680] loss: 0.707
[1, 16700] loss: 1.306
[1, 16720] loss: 1.425
[1, 16740] loss: 1.303
[1, 16760] loss: 1.733
[1, 16780] loss: 1.224
[1, 16800] loss: 0.919
[1, 16820] loss: 0.749
[1, 16840] loss: 1.459
[1, 16860] loss: 1.038
[1, 16880] loss: 1.106
[1, 16900] loss: 1.394
[1, 16920] loss: 1.307
[1, 16940] loss: 0.935
[1, 16960] loss: 0.956
[1, 16980] loss: 1.441
[1, 17000] loss: 1.029
[1, 17020] loss: 1.775
[1, 17040] loss: 1.575
[1, 17060] loss: 0.695
[1, 17080] loss: 1.098
[1, 17100] loss: 1.080
[1, 17120] loss: 1.814
[1, 17140] loss: 0.767
[1, 17160] loss: 1.195
[1, 17180] loss: 0.727
[1, 17200] loss: 0.986
[1, 17220] loss: 0.840
[1, 17240] loss: 1.275
[1, 17260] loss: 1.454
[1, 17280] loss: 0.980
[1, 17300] loss: 1.364
[1, 17320] loss: 1.342
[1, 17340] loss: 0.728
[1, 17360] loss: 0.491
[1, 17380] loss: 1.359
[1, 17400] loss: 1.095
[1, 17420] loss: 0.524
[1, 17440] loss: 0.942
[1, 17460] loss: 1.310
[1, 17480] loss: 0.468
[1, 17500] loss: 0.372
[1, 17520] loss: 0.637
[1, 17540] loss: 0.824
[1, 17560] loss: 0.639
[1, 17580] loss: 1.106
[1, 17600] loss: 0.753
[1, 17620] loss: 1.528
[1, 17640] loss: 1.792
[1, 17660] loss: 1.752
[1, 17680] loss: 1.087
[1, 17700] loss: 1.131
[1, 17720] loss: 1.175
[1, 17740] loss: 0.829
[1, 17760] loss: 0.297
[1, 17780] loss: 0.730
[1, 17800] loss: 0.525
[1, 17820] loss: 0.381
[1, 17840] loss: 0.687
[1, 17860] loss: 1.142
[1, 17880] loss: 0.358
[1, 17900] loss: 0.950
[1, 17920] loss: 0.420
[1, 17940] loss: 0.503
[1, 17960] loss: 0.601
[1, 17980] loss: 0.601
[1, 18000] loss: 0.604
[1, 18020] loss: 0.363
[1, 18040] loss: 0.897
[1, 18060] loss: 0.639
[1, 18080] loss: 0.781
[1, 18100] loss: 1.102
[1, 18120] loss: 0.570
[1, 18140] loss: 0.546
[1, 18160] loss: 0.823
[1, 18180] loss: 1.228
[1, 18200] loss: 0.640
[1, 18220] loss: 0.555
[1, 18240] loss: 0.727
[1, 18260] loss: 0.461
[1, 18280] loss: 1.048
[1, 18300] loss: 0.430
[1, 18320] loss: 0.511
[1, 18340] loss: 0.924
[1, 18360] loss: 0.332
[1, 18380] loss: 0.291
[1, 18400] loss: 0.508
[1, 18420] loss: 0.807
[1, 18440] loss: 0.862
[1, 18460] loss: 0.838
[1, 18480] loss: 0.553
[1, 18500] loss: 1.122
[1, 18520] loss: 0.492
[1, 18540] loss: 1.178
[1, 18560] loss: 0.874
[1, 18580] loss: 0.609
[1, 18600] loss: 0.470
[1, 18620] loss: 0.459
[1, 18640] loss: 0.263
[1, 18660] loss: 0.921
[1, 18680] loss: 0.857
[1, 18700] loss: 0.518
[1, 18720] loss: 1.314
[1, 18740] loss: 0.303
[1, 18760] loss: 0.531
[1, 18780] loss: 0.651
[1, 18800] loss: 0.387
[1, 18820] loss: 0.585
[1, 18840] loss: 0.736
[1, 18860] loss: 0.490
[1, 18880] loss: 2.406
[1, 18900] loss: 0.918
[1, 18920] loss: 0.650
[1, 18940] loss: 0.469
[1, 18960] loss: 0.350
[1, 18980] loss: 0.969
[1, 19000] loss: 1.840
[1, 19020] loss: 2.286
[1, 19040] loss: 2.268
[1, 19060] loss: 1.358
[1, 19080] loss: 2.231
[1, 19100] loss: 0.979
[1, 19120] loss: 0.651
[1, 19140] loss: 0.542
[1, 19160] loss: 0.290
[1, 19180] loss: 0.387
[1, 19200] loss: 0.387
[1, 19220] loss: 0.554
[1, 19240] loss: 0.621
[1, 19260] loss: 0.406
[1, 19280] loss: 0.387
[1, 19300] loss: 0.644
[1, 19320] loss: 0.852
[1, 19340] loss: 0.545
[1, 19360] loss: 1.175
[1, 19380] loss: 0.535
[1, 19400] loss: 0.497
[1, 19420] loss: 0.589
[1, 19440] loss: 0.549
[1, 19460] loss: 0.896
[1, 19480] loss: 0.743
[1, 19500] loss: 1.120
[1, 19520] loss: 0.489
[1, 19540] loss: 0.645
[1, 19560] loss: 0.390
[1, 19580] loss: 0.353
[1, 19600] loss: 0.423
[1, 19620] loss: 0.370
[1, 19640] loss: 0.412
[1, 19660] loss: 0.420
[1, 19680] loss: 0.323
[1, 19700] loss: 0.549
[1, 19720] loss: 0.583
[1, 19740] loss: 1.002
[1, 19760] loss: 0.613
[1, 19780] loss: 0.349
[1, 19800] loss: 0.634
[1, 19820] loss: 0.566
[1, 19840] loss: 0.549
[1, 19860] loss: 0.292
[1, 19880] loss: 0.583
[1, 19900] loss: 0.577
[1, 19920] loss: 0.534
[1, 19940] loss: 0.356
[1, 19960] loss: 0.583
[1, 19980] loss: 0.335
[1, 20000] loss: 0.258
[1, 20020] loss: 0.220
[1, 20040] loss: 0.437
[1, 20060] loss: 0.179
[1, 20080] loss: 0.354
[1, 20100] loss: 0.356
[1, 20120] loss: 0.315
[1, 20140] loss: 0.235
[1, 20160] loss: 0.516
[1, 20180] loss: 0.313
[1, 20200] loss: 0.221
[1, 20220] loss: 0.399
[1, 20240] loss: 0.869
[1, 20260] loss: 0.742
[1, 20280] loss: 1.159
[1, 20300] loss: 0.803
[1, 20320] loss: 0.446
[1, 20340] loss: 0.193
[1, 20360] loss: 0.278
[1, 20380] loss: 0.601
[1, 20400] loss: 0.426
[1, 20420] loss: 0.383
[1, 20440] loss: 0.487
[1, 20460] loss: 0.452
[1, 20480] loss: 0.433
[1, 20500] loss: 0.935
[1, 20520] loss: 0.863
[1, 20540] loss: 0.698
[1, 20560] loss: 0.738
[1, 20580] loss: 0.151
[1, 20600] loss: 0.645
[1, 20620] loss: 0.631
[1, 20640] loss: 0.271
[1, 20660] loss: 0.600
[1, 20680] loss: 0.275
[1, 20700] loss: 0.225
[1, 20720] loss: 0.730
[1, 20740] loss: 0.775
[1, 20760] loss: 1.288
[1, 20780] loss: 0.350
[1, 20800] loss: 1.007
[1, 20820] loss: 1.391
[1, 20840] loss: 0.813
[1, 20860] loss: 0.635
[1, 20880] loss: 0.685
[1, 20900] loss: 0.776
[1, 20920] loss: 0.951
[1, 20940] loss: 0.676
[1, 20960] loss: 0.246
[1, 20980] loss: 0.118
[1, 21000] loss: 0.318
[1, 21020] loss: 0.330
[1, 21040] loss: 0.518
[1, 21060] loss: 0.306
[1, 21080] loss: 0.393
[1, 21100] loss: 0.705
[1, 21120] loss: 0.562
[1, 21140] loss: 0.418
[1, 21160] loss: 0.201
[1, 21180] loss: 0.621
[1, 21200] loss: 0.780
[1, 21220] loss: 1.224
[1, 21240] loss: 0.341
[1, 21260] loss: 0.319
[1, 21280] loss: 0.443
[1, 21300] loss: 0.348
[1, 21320] loss: 0.701
[1, 21340] loss: 0.324
[1, 21360] loss: 0.190
[1, 21380] loss: 0.116
[1, 21400] loss: 0.146
[1, 21420] loss: 0.209
[1, 21440] loss: 0.483
[1, 21460] loss: 0.923
[1, 21480] loss: 0.453
[1, 21500] loss: 0.900
[1, 21520] loss: 0.566
[1, 21540] loss: 0.764
[1, 21560] loss: 0.154
[1, 21580] loss: 0.488
[1, 21600] loss: 0.702
[1, 21620] loss: 0.235
[1, 21640] loss: 0.231
[1, 21660] loss: 0.372
[1, 21680] loss: 0.562
[1, 21700] loss: 0.906
[1, 21720] loss: 0.627
[1, 21740] loss: 0.248
[1, 21760] loss: 0.176
[1, 21780] loss: 0.184
[1, 21800] loss: 0.447
[1, 21820] loss: 0.388
[1, 21840] loss: 0.246
[1, 21860] loss: 0.195
[1, 21880] loss: 0.366
[1, 21900] loss: 0.576
[1, 21920] loss: 0.348
[1, 21940] loss: 0.305
[1, 21960] loss: 0.182
[1, 21980] loss: 0.252
[1, 22000] loss: 0.919
[1, 22020] loss: 0.375
[1, 22040] loss: 0.242
[1, 22060] loss: 0.137
[1, 22080] loss: 0.054
[1, 22100] loss: 0.131
[1, 22120] loss: 0.211
[1, 22140] loss: 0.147
[1, 22160] loss: 0.281
[1, 22180] loss: 0.210
[1, 22200] loss: 0.188
[1, 22220] loss: 0.231
[1, 22240] loss: 0.490
[1, 22260] loss: 0.228
[1, 22280] loss: 0.151
[1, 22300] loss: 0.144
[1, 22320] loss: 0.195
[1, 22340] loss: 0.314
[1, 22360] loss: 0.530
[1, 22380] loss: 0.504
[1, 22400] loss: 0.259
[1, 22420] loss: 0.247
[1, 22440] loss: 0.143
[1, 22460] loss: 0.618
[1, 22480] loss: 0.664
[1, 22500] loss: 0.607
[1, 22520] loss: 0.232
[1, 22540] loss: 0.047
[1, 22560] loss: 0.117
[1, 22580] loss: 0.052
[1, 22600] loss: 0.230
[1, 22620] loss: 0.188
[1, 22640] loss: 0.362
[1, 22660] loss: 0.180
[1, 22680] loss: 0.320
[1, 22700] loss: 0.121
[1, 22720] loss: 0.497
[1, 22740] loss: 0.443
[1, 22760] loss: 0.301
[1, 22780] loss: 0.147
[1, 22800] loss: 0.385
[1, 22820] loss: 0.187
[1, 22840] loss: 0.270
[1, 22860] loss: 0.176
[1, 22880] loss: 0.188
[1, 22900] loss: 0.484
[1, 22920] loss: 0.504
[1, 22940] loss: 0.175
[1, 22960] loss: 0.185
[1, 22980] loss: 0.185
[1, 23000] loss: 0.176
[1, 23020] loss: 0.101
[1, 23040] loss: 0.122
[1, 23060] loss: 0.071
[1, 23080] loss: 0.231
[1, 23100] loss: 0.108
[1, 23120] loss: 0.160
[1, 23140] loss: 0.282
[1, 23160] loss: 0.101
[1, 23180] loss: 0.168
[1, 23200] loss: 0.145
[1, 23220] loss: 0.145
[1, 23240] loss: 0.079
[1, 23260] loss: 0.068
[1, 23280] loss: 0.230
[1, 23300] loss: 0.210
[1, 23320] loss: 0.080
[1, 23340] loss: 0.051
[1, 23360] loss: 0.227
[1, 23380] loss: 0.194
[1, 23400] loss: 0.264
[1, 23420] loss: 0.331
[1, 23440] loss: 0.082
[1, 23460] loss: 0.099
[1, 23480] loss: 0.068
[1, 23500] loss: 0.097
[1, 23520] loss: 0.175
[1, 23540] loss: 0.513
[1, 23560] loss: 0.524
[1, 23580] loss: 0.667
[1, 23600] loss: 0.478
[1, 23620] loss: 0.529
[1, 23640] loss: 0.081
[1, 23660] loss: 0.138
[1, 23680] loss: 0.143
[1, 23700] loss: 0.176
[1, 23720] loss: 0.237
[1, 23740] loss: 0.120
[1, 23760] loss: 0.058
[1, 23780] loss: 0.072
[1, 23800] loss: 0.134
[1, 23820] loss: 0.143
[1, 23840] loss: 0.115
[1, 23860] loss: 0.124
[1, 23880] loss: 0.070
[1, 23900] loss: 0.078
[1, 23920] loss: 0.121
[1, 23940] loss: 0.090
[1, 23960] loss: 0.120
[1, 23980] loss: 0.081
[1, 24000] loss: 0.046
[1, 24020] loss: 0.033
[1, 24040] loss: 0.079
[1, 24060] loss: 0.102
[1, 24080] loss: 0.208
[1, 24100] loss: 0.257
[1, 24120] loss: 0.148
[1, 24140] loss: 0.084
[1, 24160] loss: 0.122
[1, 24180] loss: 0.154
[1, 24200] loss: 0.127
[1, 24220] loss: 0.086
[1, 24240] loss: 0.294
[1, 24260] loss: 0.081
[1, 24280] loss: 0.250
[1, 24300] loss: 0.131
[1, 24320] loss: 0.046
[1, 24340] loss: 0.041
[1, 24360] loss: 0.030
[1, 24380] loss: 0.164
[1, 24400] loss: 0.044
[1, 24420] loss: 0.388
[1, 24440] loss: 0.033
[1, 24460] loss: 0.011
[1, 24480] loss: 0.045
[1, 24500] loss: 0.193
[1, 24520] loss: 0.206
[1, 24540] loss: 0.299
[1, 24560] loss: 0.092
[1, 24580] loss: 0.241
[1, 24600] loss: 0.249
[1, 24620] loss: 0.152
[1, 24640] loss: 0.062
[1, 24660] loss: 0.101
[1, 24680] loss: 0.201
[1, 24700] loss: 0.158
[1, 24720] loss: 0.147
[1, 24740] loss: 0.096
[1, 24760] loss: 0.359
[1, 24780] loss: 0.370
[1, 24800] loss: 0.135
[1, 24820] loss: 0.336
[1, 24840] loss: 0.073
[1, 24860] loss: 0.277
[1, 24880] loss: 0.067
[1, 24900] loss: 0.064
[1, 24920] loss: 0.956
[1, 24940] loss: 0.203
[1, 24960] loss: 0.264
[1, 24980] loss: 0.157
[1, 25000] loss: 0.131
[1, 25020] loss: 0.038
[1, 25040] loss: 0.026
[1, 25060] loss: 0.070
[1, 25080] loss: 0.231
[1, 25100] loss: 0.120
[1, 25120] loss: 0.082
[1, 25140] loss: 0.041
[1, 25160] loss: 0.035
[1, 25180] loss: 0.036
[1, 25200] loss: 0.086
[1, 25220] loss: 0.095
[1, 25240] loss: 0.072
[1, 25260] loss: 0.101
[1, 25280] loss: 0.090
[1, 25300] loss: 0.026
[1, 25320] loss: 0.066
[1, 25340] loss: 0.118
[1, 25360] loss: 0.249
[1, 25380] loss: 0.081
[1, 25400] loss: 0.061
[1, 25420] loss: 0.095
[1, 25440] loss: 0.041
[1, 25460] loss: 0.082
[1, 25480] loss: 0.030
[1, 25500] loss: 0.040
[1, 25520] loss: 0.055
[1, 25540] loss: 0.269
[1, 25560] loss: 0.073
[1, 25580] loss: 0.110
[1, 25600] loss: 0.085
[1, 25620] loss: 0.079
[1, 25640] loss: 0.158
[1, 25660] loss: 0.092
[1, 25680] loss: 0.046
[1, 25700] loss: 0.032
[1, 25720] loss: 0.090
[1, 25740] loss: 0.161
[1, 25760] loss: 0.090
[1, 25780] loss: 0.188
[1, 25800] loss: 0.379
[1, 25820] loss: 0.091
[1, 25840] loss: 0.206
[1, 25860] loss: 0.074
[1, 25880] loss: 0.103
[1, 25900] loss: 0.119
[1, 25920] loss: 0.033
[1, 25940] loss: 0.152
[1, 25960] loss: 0.094
[1, 25980] loss: 0.210
[1, 26000] loss: 0.032
[1, 26020] loss: 0.028
[1, 26040] loss: 0.069
[1, 26060] loss: 0.079
[1, 26080] loss: 0.182
[1, 26100] loss: 0.161
[1, 26120] loss: 0.078
[1, 26140] loss: 0.086
[1, 26160] loss: 0.047
[1, 26180] loss: 0.102
[1, 26200] loss: 0.133
[1, 26220] loss: 0.299
[1, 26240] loss: 0.165
[1, 26260] loss: 0.068
[1, 26280] loss: 0.052
[1, 26300] loss: 0.062
[1, 26320] loss: 0.230
[1, 26340] loss: 0.047
[1, 26360] loss: 0.086
[1, 26380] loss: 0.109
[1, 26400] loss: 0.179
[1, 26420] loss: 0.142
[1, 26440] loss: 0.209
[1, 26460] loss: 0.093
[1, 26480] loss: 0.028
[1, 26500] loss: 0.065
[1, 26520] loss: 0.039
[1, 26540] loss: 0.043
[1, 26560] loss: 0.055
[1, 26580] loss: 0.107
[1, 26600] loss: 0.026
[1, 26620] loss: 0.036
[1, 26640] loss: 0.109
[1, 26660] loss: 0.058
[1, 26680] loss: 0.033
[1, 26700] loss: 0.139
[1, 26720] loss: 0.061
[1, 26740] loss: 0.228
[1, 26760] loss: 0.110
[1, 26780] loss: 0.044
[1, 26800] loss: 0.179
[1, 26820] loss: 0.049
[1, 26840] loss: 0.096
[1, 26860] loss: 0.192
[1, 26880] loss: 0.136
[1, 26900] loss: 0.058
[1, 26920] loss: 0.024
[1, 26940] loss: 0.056
[1, 26960] loss: 0.042
[1, 26980] loss: 0.033
[1, 27000] loss: 0.057
[1, 27020] loss: 0.134
[1, 27040] loss: 0.028
[1, 27060] loss: 0.160
[1, 27080] loss: 0.307
[1, 27100] loss: 0.087
[1, 27120] loss: 0.059
[1, 27140] loss: 0.088
[1, 27160] loss: 0.082
[1, 27180] loss: 0.172
[1, 27200] loss: 0.213
[1, 27220] loss: 0.103
[1, 27240] loss: 0.082
[1, 27260] loss: 0.065
[1, 27280] loss: 0.111
[1, 27300] loss: 0.033
[1, 27320] loss: 0.107
[1, 27340] loss: 0.037
[1, 27360] loss: 0.028
[1, 27380] loss: 0.052
[1, 27400] loss: 0.026
[1, 27420] loss: 0.166
[1, 27440] loss: 0.220
[1, 27460] loss: 0.069
[1, 27480] loss: 0.072
[1, 27500] loss: 0.063
[1, 27520] loss: 0.378
[1, 27540] loss: 0.232
[1, 27560] loss: 0.135
[1, 27580] loss: 0.436
[1, 27600] loss: 0.223
[1, 27620] loss: 0.109
[1, 27640] loss: 0.138
[1, 27660] loss: 0.257
[1, 27680] loss: 0.051
[1, 27700] loss: 0.026
[1, 27720] loss: 0.022
[1, 27740] loss: 0.052
[1, 27760] loss: 0.040
[1, 27780] loss: 0.086
[1, 27800] loss: 0.108
[1, 27820] loss: 0.061
[1, 27840] loss: 0.030
[1, 27860] loss: 0.071
[1, 27880] loss: 0.201
[1, 27900] loss: 0.088
[1, 27920] loss: 0.049
[1, 27940] loss: 0.043
[1, 27960] loss: 0.056
[1, 27980] loss: 0.068
[1, 28000] loss: 0.044
[1, 28020] loss: 0.141
[1, 28040] loss: 0.063
[1, 28060] loss: 0.052
[1, 28080] loss: 0.054
[1, 28100] loss: 0.080
[1, 28120] loss: 0.111
[1, 28140] loss: 0.046
[1, 28160] loss: 0.087
[1, 28180] loss: 0.054
[1, 28200] loss: 0.231
[1, 28220] loss: 0.101
[1, 28240] loss: 0.110
[1, 28260] loss: 0.153
[1, 28280] loss: 0.029
[1, 28300] loss: 0.018
[1, 28320] loss: 0.147
[1, 28340] loss: 0.187
[1, 28360] loss: 0.118
[1, 28380] loss: 0.111
[1, 28400] loss: 0.102
[1, 28420] loss: 0.109
[1, 28440] loss: 0.088
[1, 28460] loss: 0.058
[1, 28480] loss: 0.041
[1, 28500] loss: 0.080
[1, 28520] loss: 0.045
[1, 28540] loss: 0.059
[1, 28560] loss: 0.107
[1, 28580] loss: 0.054
[1, 28600] loss: 0.079
[1, 28620] loss: 0.017
[1, 28640] loss: 0.040
[1, 28660] loss: 0.036
[1, 28680] loss: 0.046
[1, 28700] loss: 0.063
[1, 28720] loss: 0.074
[1, 28740] loss: 0.242
[1, 28760] loss: 0.078
[1, 28780] loss: 0.063
[1, 28800] loss: 0.157
[1, 28820] loss: 0.136
[1, 28840] loss: 0.222
[1, 28860] loss: 0.043
[1, 28880] loss: 0.020
[1, 28900] loss: 0.012
[1, 28920] loss: 0.057
[1, 28940] loss: 0.064
[1, 28960] loss: 0.028
[1, 28980] loss: 0.030
[1, 29000] loss: 0.110
[1, 29020] loss: 0.081
[1, 29040] loss: 0.022
[1, 29060] loss: 0.031
[1, 29080] loss: 0.073
[1, 29100] loss: 0.051
[1, 29120] loss: 0.164
[1, 29140] loss: 0.456
[1, 29160] loss: 321.681
[1, 29180] loss: 39722.631
[1, 29200] loss: 6873.021
[1, 29220] loss: 3484.070
[1, 29240] loss: 98.885
[1, 29260] loss: 212.628
[1, 29280] loss: 27.342
[1, 29300] loss: 8.566
[1, 29320] loss: 2.572
[1, 29340] loss: 1.692
[1, 29360] loss: 2.644
[1, 29380] loss: 1.895
[1, 29400] loss: 2.109
[1, 29420] loss: 1.536
[1, 29440] loss: 1.263
[1, 29460] loss: 0.757
[1, 29480] loss: 1.771
[1, 29500] loss: 0.933
[1, 29520] loss: 1.315
[1, 29540] loss: 0.652
[1, 29560] loss: 0.885
[1, 29580] loss: 0.606
[1, 29600] loss: 0.594
[1, 29620] loss: 0.943
[1, 29640] loss: 0.811
[1, 29660] loss: 0.840
[1, 29680] loss: 0.989
[1, 29700] loss: 0.934
[1, 29720] loss: 0.715
[1, 29740] loss: 0.675
[1, 29760] loss: 0.658
[1, 29780] loss: 0.608
[1, 29800] loss: 1.096
[1, 29820] loss: 0.609
[1, 29840] loss: 0.489
[1, 29860] loss: 0.415
[1, 29880] loss: 0.905
[1, 29900] loss: 0.797
[1, 29920] loss: 0.299
[1, 29940] loss: 0.893
[1, 29960] loss: 0.770
[1, 29980] loss: 0.587
[1, 30000] loss: 0.463
[1, 30020] loss: 0.265
[1, 30040] loss: 0.350
[1, 30060] loss: 0.636
[1, 30080] loss: 0.687
[1, 30100] loss: 0.375
[1, 30120] loss: 0.334
[1, 30140] loss: 0.343
[1, 30160] loss: 0.335
[1, 30180] loss: 0.506
[1, 30200] loss: 0.498
[1, 30220] loss: 0.310
[1, 30240] loss: 0.288
[1, 30260] loss: 0.182
[1, 30280] loss: 0.442
[1, 30300] loss: 0.590
[1, 30320] loss: 0.283
[1, 30340] loss: 0.432
[1, 30360] loss: 0.483
[1, 30380] loss: 0.484
[1, 30400] loss: 0.549
[1, 30420] loss: 0.218
[2,    20] loss: 0.220
[2,    40] loss: 0.506
[2,    60] loss: 0.514
[2,    80] loss: 0.518
[2,   100] loss: 0.263
[2,   120] loss: 0.164
[2,   140] loss: 0.333
[2,   160] loss: 0.165
[2,   180] loss: 0.157
[2,   200] loss: 0.436
[2,   220] loss: 0.211
[2,   240] loss: 0.553
[2,   260] loss: 0.179
[2,   280] loss: 0.186
[2,   300] loss: 0.232
[2,   320] loss: 0.782
[2,   340] loss: 0.220
[2,   360] loss: 0.119
[2,   380] loss: 0.093
[2,   400] loss: 0.225
[2,   420] loss: 0.266
[2,   440] loss: 0.143
[2,   460] loss: 0.162
[2,   480] loss: 0.143
[2,   500] loss: 0.247
[2,   520] loss: 0.294
[2,   540] loss: 0.160
[2,   560] loss: 0.225
[2,   580] loss: 0.146
[2,   600] loss: 0.111
[2,   620] loss: 0.360
[2,   640] loss: 0.410
[2,   660] loss: 0.402
[2,   680] loss: 0.186
[2,   700] loss: 0.171
[2,   720] loss: 0.207
[2,   740] loss: 0.270
[2,   760] loss: 0.200
[2,   780] loss: 0.599
[2,   800] loss: 0.269
[2,   820] loss: 0.323
[2,   840] loss: 0.167
[2,   860] loss: 0.176
[2,   880] loss: 0.283
[2,   900] loss: 0.204
[2,   920] loss: 0.245
[2,   940] loss: 0.545
[2,   960] loss: 0.222
[2,   980] loss: 0.147
[2,  1000] loss: 0.143
[2,  1020] loss: 0.103
[2,  1040] loss: 0.115
[2,  1060] loss: 0.131
[2,  1080] loss: 0.198
[2,  1100] loss: 0.379
[2,  1120] loss: 0.187
[2,  1140] loss: 0.241
[2,  1160] loss: 0.116
[2,  1180] loss: 0.688
[2,  1200] loss: 0.172
[2,  1220] loss: 0.297
[2,  1240] loss: 0.581
[2,  1260] loss: 0.256
[2,  1280] loss: 0.373
[2,  1300] loss: 0.641
[2,  1320] loss: 0.449
[2,  1340] loss: 0.363
[2,  1360] loss: 0.319
[2,  1380] loss: 0.405
[2,  1400] loss: 0.125
[2,  1420] loss: 0.231
[2,  1440] loss: 0.242
[2,  1460] loss: 0.286
[2,  1480] loss: 0.331
[2,  1500] loss: 0.463
[2,  1520] loss: 0.142
[2,  1540] loss: 0.150
[2,  1560] loss: 0.397
[2,  1580] loss: 0.303
[2,  1600] loss: 0.581
[2,  1620] loss: 0.729
[2,  1640] loss: 0.099
[2,  1660] loss: 0.160
[2,  1680] loss: 0.132
[2,  1700] loss: 0.105
[2,  1720] loss: 0.121
[2,  1740] loss: 0.203
[2,  1760] loss: 0.149
[2,  1780] loss: 0.398
[2,  1800] loss: 0.340
[2,  1820] loss: 0.522
[2,  1840] loss: 0.537
[2,  1860] loss: 0.217
[2,  1880] loss: 0.250
[2,  1900] loss: 0.252
[2,  1920] loss: 0.582
[2,  1940] loss: 0.210
[2,  1960] loss: 0.226
[2,  1980] loss: 0.499
[2,  2000] loss: 0.764
[2,  2020] loss: 0.519
[2,  2040] loss: 0.238
[2,  2060] loss: 0.263
[2,  2080] loss: 0.320
[2,  2100] loss: 0.280
[2,  2120] loss: 0.610
[2,  2140] loss: 0.225
[2,  2160] loss: 0.548
[2,  2180] loss: 0.483
[2,  2200] loss: 0.426
[2,  2220] loss: 0.794
[2,  2240] loss: 0.298
[2,  2260] loss: 0.303
[2,  2280] loss: 0.461
[2,  2300] loss: 0.275
[2,  2320] loss: 0.400
[2,  2340] loss: 0.638
[2,  2360] loss: 0.075
[2,  2380] loss: 0.098
[2,  2400] loss: 0.062
[2,  2420] loss: 0.200
[2,  2440] loss: 0.197
[2,  2460] loss: 0.465
[2,  2480] loss: 0.247
[2,  2500] loss: 0.187
[2,  2520] loss: 0.197
[2,  2540] loss: 0.403
[2,  2560] loss: 0.332
[2,  2580] loss: 0.237
[2,  2600] loss: 0.081
[2,  2620] loss: 0.081
[2,  2640] loss: 0.158
[2,  2660] loss: 0.072
[2,  2680] loss: 0.284
[2,  2700] loss: 0.181
[2,  2720] loss: 0.188
[2,  2740] loss: 0.089
[2,  2760] loss: 0.076
[2,  2780] loss: 0.066
[2,  2800] loss: 0.142
[2,  2820] loss: 0.241
[2,  2840] loss: 0.238
[2,  2860] loss: 0.112
[2,  2880] loss: 0.161
[2,  2900] loss: 0.142
[2,  2920] loss: 0.104
[2,  2940] loss: 0.275
[2,  2960] loss: 0.424
[2,  2980] loss: 0.494
[2,  3000] loss: 0.505
[2,  3020] loss: 0.387
[2,  3040] loss: 0.181
[2,  3060] loss: 0.214
[2,  3080] loss: 0.183
[2,  3100] loss: 0.224
[2,  3120] loss: 0.582
[2,  3140] loss: 1.076
[2,  3160] loss: 0.507
[2,  3180] loss: 0.174
[2,  3200] loss: 0.373
[2,  3220] loss: 0.113
[2,  3240] loss: 0.209
[2,  3260] loss: 0.239
[2,  3280] loss: 0.264
[2,  3300] loss: 0.262
[2,  3320] loss: 0.175
[2,  3340] loss: 0.084
[2,  3360] loss: 0.180
[2,  3380] loss: 0.124
[2,  3400] loss: 0.202
[2,  3420] loss: 0.133
[2,  3440] loss: 0.094
[2,  3460] loss: 0.131
[2,  3480] loss: 0.135
[2,  3500] loss: 0.182
[2,  3520] loss: 0.207
[2,  3540] loss: 0.191
[2,  3560] loss: 0.176
[2,  3580] loss: 0.153
[2,  3600] loss: 0.101
[2,  3620] loss: 0.192
[2,  3640] loss: 0.117
[2,  3660] loss: 0.176
[2,  3680] loss: 0.173
[2,  3700] loss: 0.240
[2,  3720] loss: 0.264
[2,  3740] loss: 0.149
[2,  3760] loss: 0.131
[2,  3780] loss: 0.141
[2,  3800] loss: 0.099
[2,  3820] loss: 0.106
[2,  3840] loss: 0.152
[2,  3860] loss: 0.222
[2,  3880] loss: 0.173
[2,  3900] loss: 0.172
[2,  3920] loss: 0.041
[2,  3940] loss: 0.087
[2,  3960] loss: 0.072
[2,  3980] loss: 0.115
[2,  4000] loss: 0.060
[2,  4020] loss: 0.196
[2,  4040] loss: 0.148
[2,  4060] loss: 0.158
[2,  4080] loss: 0.199
[2,  4100] loss: 0.111
[2,  4120] loss: 0.127
[2,  4140] loss: 0.140
[2,  4160] loss: 0.292
[2,  4180] loss: 0.196
[2,  4200] loss: 0.339
[2,  4220] loss: 0.234
[2,  4240] loss: 0.174
[2,  4260] loss: 0.108
[2,  4280] loss: 0.201
[2,  4300] loss: 0.389
[2,  4320] loss: 0.275
[2,  4340] loss: 0.067
[2,  4360] loss: 0.282
[2,  4380] loss: 0.196
[2,  4400] loss: 0.177
[2,  4420] loss: 0.123
[2,  4440] loss: 0.048
[2,  4460] loss: 0.108
[2,  4480] loss: 0.051
[2,  4500] loss: 0.091
[2,  4520] loss: 0.384
[2,  4540] loss: 0.229
[2,  4560] loss: 0.208
[2,  4580] loss: 0.134
[2,  4600] loss: 0.041
[2,  4620] loss: 0.083
[2,  4640] loss: 0.103
[2,  4660] loss: 0.160
[2,  4680] loss: 0.215
[2,  4700] loss: 0.079
[2,  4720] loss: 0.183
[2,  4740] loss: 0.048
[2,  4760] loss: 0.236
[2,  4780] loss: 0.084
[2,  4800] loss: 0.082
[2,  4820] loss: 0.138
[2,  4840] loss: 0.186
[2,  4860] loss: 0.134
[2,  4880] loss: 0.092
[2,  4900] loss: 0.086
[2,  4920] loss: 0.046
[2,  4940] loss: 0.052
[2,  4960] loss: 0.156
[2,  4980] loss: 0.105
[2,  5000] loss: 0.190
[2,  5020] loss: 0.061
[2,  5040] loss: 0.053
[2,  5060] loss: 0.168
[2,  5080] loss: 0.089
[2,  5100] loss: 0.064
[2,  5120] loss: 0.058
[2,  5140] loss: 0.165
[2,  5160] loss: 0.294
[2,  5180] loss: 0.071
[2,  5200] loss: 0.252
[2,  5220] loss: 0.063
[2,  5240] loss: 0.090
[2,  5260] loss: 0.055
[2,  5280] loss: 0.126
[2,  5300] loss: 0.069
[2,  5320] loss: 0.116
[2,  5340] loss: 0.110
[2,  5360] loss: 0.079
[2,  5380] loss: 0.053
[2,  5400] loss: 0.062
[2,  5420] loss: 0.058
[2,  5440] loss: 0.109
[2,  5460] loss: 0.129
[2,  5480] loss: 0.119
[2,  5500] loss: 0.126
[2,  5520] loss: 0.070
[2,  5540] loss: 0.126
[2,  5560] loss: 0.141
[2,  5580] loss: 0.071
[2,  5600] loss: 0.041
[2,  5620] loss: 0.068
[2,  5640] loss: 0.315
[2,  5660] loss: 0.077
[2,  5680] loss: 0.064
[2,  5700] loss: 0.052
[2,  5720] loss: 0.051
[2,  5740] loss: 0.076
[2,  5760] loss: 0.116
[2,  5780] loss: 0.066
[2,  5800] loss: 0.094
[2,  5820] loss: 0.102
[2,  5840] loss: 0.058
[2,  5860] loss: 0.108
[2,  5880] loss: 0.190
[2,  5900] loss: 0.125
[2,  5920] loss: 0.119
[2,  5940] loss: 0.122
[2,  5960] loss: 0.152
[2,  5980] loss: 0.068
[2,  6000] loss: 0.037
[2,  6020] loss: 0.045
[2,  6040] loss: 0.145
[2,  6060] loss: 0.056
[2,  6080] loss: 0.045
[2,  6100] loss: 0.079
[2,  6120] loss: 0.186
[2,  6140] loss: 0.036
[2,  6160] loss: 0.049
[2,  6180] loss: 0.050
[2,  6200] loss: 0.329
[2,  6220] loss: 0.156
[2,  6240] loss: 0.019
[2,  6260] loss: 0.051
[2,  6280] loss: 0.041
[2,  6300] loss: 0.046
[2,  6320] loss: 0.099
[2,  6340] loss: 0.043
[2,  6360] loss: 0.095
[2,  6380] loss: 0.079
[2,  6400] loss: 0.040
[2,  6420] loss: 0.177
[2,  6440] loss: 0.052
[2,  6460] loss: 0.101
[2,  6480] loss: 0.057
[2,  6500] loss: 0.061
[2,  6520] loss: 0.128
[2,  6540] loss: 0.058
[2,  6560] loss: 0.042
[2,  6580] loss: 0.027
[2,  6600] loss: 0.113
[2,  6620] loss: 0.298
[2,  6640] loss: 0.108
[2,  6660] loss: 0.189
[2,  6680] loss: 0.178
[2,  6700] loss: 0.341
[2,  6720] loss: 0.131
[2,  6740] loss: 0.089
[2,  6760] loss: 0.064
[2,  6780] loss: 0.079
[2,  6800] loss: 0.157
[2,  6820] loss: 0.056
[2,  6840] loss: 0.229
[2,  6860] loss: 0.254
[2,  6880] loss: 0.280
[2,  6900] loss: 0.179
[2,  6920] loss: 0.111
[2,  6940] loss: 0.121
[2,  6960] loss: 0.039
[2,  6980] loss: 0.039
[2,  7000] loss: 0.028
[2,  7020] loss: 0.048
[2,  7040] loss: 0.385
[2,  7060] loss: 0.215
[2,  7080] loss: 0.314
[2,  7100] loss: 0.109
[2,  7120] loss: 0.058
[2,  7140] loss: 0.491
[2,  7160] loss: 0.120
[2,  7180] loss: 0.112
[2,  7200] loss: 0.060
[2,  7220] loss: 0.242
[2,  7240] loss: 0.025
[2,  7260] loss: 0.137
[2,  7280] loss: 0.118
[2,  7300] loss: 0.099
[2,  7320] loss: 0.064
[2,  7340] loss: 0.104
[2,  7360] loss: 0.090
[2,  7380] loss: 0.107
[2,  7400] loss: 0.028
[2,  7420] loss: 0.019
[2,  7440] loss: 0.119
[2,  7460] loss: 0.031
[2,  7480] loss: 0.048
[2,  7500] loss: 0.031
[2,  7520] loss: 0.179
[2,  7540] loss: 0.031
[2,  7560] loss: 0.274
[2,  7580] loss: 0.140
[2,  7600] loss: 0.124
[2,  7620] loss: 0.021
[2,  7640] loss: 0.032
[2,  7660] loss: 0.190
[2,  7680] loss: 0.090
[2,  7700] loss: 0.019
[2,  7720] loss: 0.093
[2,  7740] loss: 0.068
[2,  7760] loss: 0.041
[2,  7780] loss: 0.035
[2,  7800] loss: 0.056
[2,  7820] loss: 0.183
[2,  7840] loss: 0.100
[2,  7860] loss: 0.029
[2,  7880] loss: 0.026
[2,  7900] loss: 0.055
[2,  7920] loss: 0.051
[2,  7940] loss: 0.026
[2,  7960] loss: 0.085
[2,  7980] loss: 0.068
[2,  8000] loss: 0.222
[2,  8020] loss: 0.122
[2,  8040] loss: 0.028
[2,  8060] loss: 0.020
[2,  8080] loss: 0.198
[2,  8100] loss: 0.328
[2,  8120] loss: 0.078
[2,  8140] loss: 0.020
[2,  8160] loss: 0.072
[2,  8180] loss: 0.135
[2,  8200] loss: 0.254
[2,  8220] loss: 0.089
[2,  8240] loss: 0.026
[2,  8260] loss: 0.182
[2,  8280] loss: 0.046
[2,  8300] loss: 0.168
[2,  8320] loss: 0.027
[2,  8340] loss: 0.055
[2,  8360] loss: 0.020
[2,  8380] loss: 0.027
[2,  8400] loss: 0.098
[2,  8420] loss: 0.029
[2,  8440] loss: 0.041
[2,  8460] loss: 0.051
[2,  8480] loss: 0.039
[2,  8500] loss: 0.089
[2,  8520] loss: 0.082
[2,  8540] loss: 0.045
[2,  8560] loss: 0.065
[2,  8580] loss: 0.140
[2,  8600] loss: 0.073
[2,  8620] loss: 0.047
[2,  8640] loss: 0.105
[2,  8660] loss: 0.392
[2,  8680] loss: 0.089
[2,  8700] loss: 0.149
[2,  8720] loss: 0.098
[2,  8740] loss: 0.038
[2,  8760] loss: 0.040
[2,  8780] loss: 0.066
[2,  8800] loss: 0.090
[2,  8820] loss: 0.113
[2,  8840] loss: 0.087
[2,  8860] loss: 0.065
[2,  8880] loss: 0.045
[2,  8900] loss: 0.023
[2,  8920] loss: 0.013
[2,  8940] loss: 0.242
[2,  8960] loss: 0.027
[2,  8980] loss: 0.045
[2,  9000] loss: 0.032
[2,  9020] loss: 0.053
[2,  9040] loss: 0.203
[2,  9060] loss: 0.078
[2,  9080] loss: 0.068
[2,  9100] loss: 0.122
[2,  9120] loss: 0.150
[2,  9140] loss: 0.065
[2,  9160] loss: 0.109
[2,  9180] loss: 0.164
[2,  9200] loss: 0.073
[2,  9220] loss: 0.032
[2,  9240] loss: 0.058
[2,  9260] loss: 0.060
[2,  9280] loss: 0.024
[2,  9300] loss: 0.075
[2,  9320] loss: 0.113
[2,  9340] loss: 0.046
[2,  9360] loss: 0.073
[2,  9380] loss: 0.098
[2,  9400] loss: 0.313
[2,  9420] loss: 0.259
[2,  9440] loss: 0.040
[2,  9460] loss: 0.116
[2,  9480] loss: 0.066
[2,  9500] loss: 0.114
[2,  9520] loss: 0.184
[2,  9540] loss: 0.068
[2,  9560] loss: 0.075
[2,  9580] loss: 0.075
[2,  9600] loss: 0.011
[2,  9620] loss: 0.140
[2,  9640] loss: 0.147
[2,  9660] loss: 0.026
[2,  9680] loss: 0.055
[2,  9700] loss: 0.023
[2,  9720] loss: 0.046
[2,  9740] loss: 0.043
[2,  9760] loss: 0.063
[2,  9780] loss: 0.042
[2,  9800] loss: 0.119
[2,  9820] loss: 0.086
[2,  9840] loss: 0.112
[2,  9860] loss: 0.108
[2,  9880] loss: 0.216
[2,  9900] loss: 3.528
[2,  9920] loss: 2.318
[2,  9940] loss: 0.750
[2,  9960] loss: 0.170
[2,  9980] loss: 0.119
[2, 10000] loss: 0.098
[2, 10020] loss: 0.046
[2, 10040] loss: 0.132
[2, 10060] loss: 0.042
[2, 10080] loss: 0.053
[2, 10100] loss: 0.061
[2, 10120] loss: 0.214
[2, 10140] loss: 0.054
[2, 10160] loss: 0.134
[2, 10180] loss: 0.065
[2, 10200] loss: 0.057
[2, 10220] loss: 0.097
[2, 10240] loss: 0.142
[2, 10260] loss: 0.053
[2, 10280] loss: 0.028
[2, 10300] loss: 0.048
[2, 10320] loss: 0.054
[2, 10340] loss: 0.169
[2, 10360] loss: 0.106
[2, 10380] loss: 0.051
[2, 10400] loss: 0.076
[2, 10420] loss: 0.053
[2, 10440] loss: 0.107
[2, 10460] loss: 0.074
[2, 10480] loss: 0.048
[2, 10500] loss: 0.025
[2, 10520] loss: 0.013
[2, 10540] loss: 0.099
[2, 10560] loss: 0.051
[2, 10580] loss: 0.049
[2, 10600] loss: 0.290
[2, 10620] loss: 0.053
[2, 10640] loss: 0.102
[2, 10660] loss: 0.229
[2, 10680] loss: 0.036
[2, 10700] loss: 0.142
[2, 10720] loss: 0.153
[2, 10740] loss: 0.322
[2, 10760] loss: 0.202
[2, 10780] loss: 0.121
[2, 10800] loss: 0.043
[2, 10820] loss: 0.032
[2, 10840] loss: 0.178
[2, 10860] loss: 0.007
[2, 10880] loss: 0.103
[2, 10900] loss: 0.117
[2, 10920] loss: 0.032
[2, 10940] loss: 0.044
[2, 10960] loss: 0.036
[2, 10980] loss: 0.055
[2, 11000] loss: 0.161
[2, 11020] loss: 0.036
[2, 11040] loss: 0.035
[2, 11060] loss: 0.102
[2, 11080] loss: 0.085
[2, 11100] loss: 0.080
[2, 11120] loss: 0.059
[2, 11140] loss: 0.040
[2, 11160] loss: 0.034
[2, 11180] loss: 0.032
[2, 11200] loss: 0.041
[2, 11220] loss: 0.082
[2, 11240] loss: 0.070
[2, 11260] loss: 0.102
[2, 11280] loss: 0.073
[2, 11300] loss: 0.106
[2, 11320] loss: 0.090
[2, 11340] loss: 0.037
[2, 11360] loss: 0.013
[2, 11380] loss: 0.038
[2, 11400] loss: 0.028
[2, 11420] loss: 0.044
[2, 11440] loss: 0.027
[2, 11460] loss: 0.020
[2, 11480] loss: 0.122
[2, 11500] loss: 0.074
[2, 11520] loss: 0.036
[2, 11540] loss: 0.035
[2, 11560] loss: 0.277
[2, 11580] loss: 0.075
[2, 11600] loss: 0.061
[2, 11620] loss: 0.039
[2, 11640] loss: 0.085
[2, 11660] loss: 0.054
[2, 11680] loss: 0.076
[2, 11700] loss: 0.072
[2, 11720] loss: 0.333
[2, 11740] loss: 0.050
[2, 11760] loss: 0.089
[2, 11780] loss: 0.038
[2, 11800] loss: 0.037
[2, 11820] loss: 0.049
[2, 11840] loss: 0.037
[2, 11860] loss: 0.014
[2, 11880] loss: 0.007
[2, 11900] loss: 0.041
[2, 11920] loss: 0.041
[2, 11940] loss: 0.051
[2, 11960] loss: 0.019
[2, 11980] loss: 0.100
[2, 12000] loss: 0.036
[2, 12020] loss: 0.091
[2, 12040] loss: 0.033
[2, 12060] loss: 0.032
[2, 12080] loss: 0.057
[2, 12100] loss: 0.036
[2, 12120] loss: 0.159
[2, 12140] loss: 0.040
[2, 12160] loss: 0.053
[2, 12180] loss: 0.044
[2, 12200] loss: 0.040
[2, 12220] loss: 0.187
[2, 12240] loss: 0.095
[2, 12260] loss: 0.065
[2, 12280] loss: 0.023
[2, 12300] loss: 0.028
[2, 12320] loss: 0.199
[2, 12340] loss: 0.046
[2, 12360] loss: 0.104
[2, 12380] loss: 0.061
[2, 12400] loss: 0.140
[2, 12420] loss: 0.040
[2, 12440] loss: 0.028
[2, 12460] loss: 0.034
[2, 12480] loss: 0.071
[2, 12500] loss: 0.330
[2, 12520] loss: 0.113
[2, 12540] loss: 0.088
[2, 12560] loss: 0.055
[2, 12580] loss: 0.042
[2, 12600] loss: 0.066
[2, 12620] loss: 0.075
[2, 12640] loss: 0.029
[2, 12660] loss: 0.054
[2, 12680] loss: 0.016
[2, 12700] loss: 0.100
[2, 12720] loss: 0.395
[2, 12740] loss: 0.064
[2, 12760] loss: 0.033
[2, 12780] loss: 0.027
[2, 12800] loss: 0.047
[2, 12820] loss: 0.029
[2, 12840] loss: 0.037
[2, 12860] loss: 0.069
[2, 12880] loss: 0.039
[2, 12900] loss: 0.038
[2, 12920] loss: 0.086
[2, 12940] loss: 0.076
[2, 12960] loss: 0.069
[2, 12980] loss: 0.096
[2, 13000] loss: 0.098
[2, 13020] loss: 0.172
[2, 13040] loss: 0.014
[2, 13060] loss: 0.085
[2, 13080] loss: 0.049
[2, 13100] loss: 0.058
[2, 13120] loss: 0.048
[2, 13140] loss: 0.230
[2, 13160] loss: 0.039
[2, 13180] loss: 0.044
[2, 13200] loss: 0.156
[2, 13220] loss: 0.031
[2, 13240] loss: 0.116
[2, 13260] loss: 0.062
[2, 13280] loss: 0.030
[2, 13300] loss: 0.025
[2, 13320] loss: 0.022
[2, 13340] loss: 0.055
[2, 13360] loss: 0.149
[2, 13380] loss: 0.129
[2, 13400] loss: 0.058
[2, 13420] loss: 0.394
[2, 13440] loss: 0.687
[2, 13460] loss: 5397.411
[2, 13480] loss: 1474.894
[2, 13500] loss: 3568.414
[2, 13520] loss: 169.415
[2, 13540] loss: 13.719
[2, 13560] loss: 1.970
[2, 13580] loss: 0.739
[2, 13600] loss: 0.711
[2, 13620] loss: 0.572
[2, 13640] loss: 0.396
[2, 13660] loss: 0.386
[2, 13680] loss: 0.214
[2, 13700] loss: 0.473
[2, 13720] loss: 0.828
[2, 13740] loss: 0.142
[2, 13760] loss: 0.189
[2, 13780] loss: 0.182
[2, 13800] loss: 0.258
[2, 13820] loss: 0.606
[2, 13840] loss: 0.123
[2, 13860] loss: 0.186
[2, 13880] loss: 0.212
[2, 13900] loss: 0.361
[2, 13920] loss: 0.144
[2, 13940] loss: 0.148
[2, 13960] loss: 0.509
[2, 13980] loss: 0.374
[2, 14000] loss: 0.135
[2, 14020] loss: 0.120
[2, 14040] loss: 0.222
[2, 14060] loss: 0.166
[2, 14080] loss: 0.161
[2, 14100] loss: 0.189
[2, 14120] loss: 0.361
[2, 14140] loss: 0.202
[2, 14160] loss: 0.362
[2, 14180] loss: 0.255
[2, 14200] loss: 0.066
[2, 14220] loss: 0.142
[2, 14240] loss: 0.083
[2, 14260] loss: 0.123
[2, 14280] loss: 0.082
[2, 14300] loss: 0.046
[2, 14320] loss: 0.087
[2, 14340] loss: 0.220
[2, 14360] loss: 0.145
[2, 14380] loss: 0.148
[2, 14400] loss: 0.095
[2, 14420] loss: 0.128
[2, 14440] loss: 0.196
[2, 14460] loss: 0.160
[2, 14480] loss: 0.149
[2, 14500] loss: 0.187
[2, 14520] loss: 0.063
[2, 14540] loss: 0.198
[2, 14560] loss: 0.085
[2, 14580] loss: 0.252
[2, 14600] loss: 0.131
[2, 14620] loss: 0.085
[2, 14640] loss: 0.053
[2, 14660] loss: 0.047
[2, 14680] loss: 0.312
[2, 14700] loss: 0.061
[2, 14720] loss: 0.072
[2, 14740] loss: 0.056
[2, 14760] loss: 0.226
[2, 14780] loss: 0.158
[2, 14800] loss: 0.167
[2, 14820] loss: 0.266
[2, 14840] loss: 0.094
[2, 14860] loss: 0.040
[2, 14880] loss: 0.111
[2, 14900] loss: 0.219
[2, 14920] loss: 0.086
[2, 14940] loss: 0.170
[2, 14960] loss: 0.207
[2, 14980] loss: 0.125
[2, 15000] loss: 0.075
[2, 15020] loss: 0.120
[2, 15040] loss: 0.104
[2, 15060] loss: 0.170
[2, 15080] loss: 0.182
[2, 15100] loss: 0.060
[2, 15120] loss: 0.060
[2, 15140] loss: 0.062
[2, 15160] loss: 0.039
[2, 15180] loss: 0.080
[2, 15200] loss: 0.075
[2, 15220] loss: 0.093
[2, 15240] loss: 0.212
[2, 15260] loss: 0.056
[2, 15280] loss: 0.187
[2, 15300] loss: 0.088
[2, 15320] loss: 0.068
[2, 15340] loss: 0.331
[2, 15360] loss: 0.134
[2, 15380] loss: 0.134
[2, 15400] loss: 0.136
[2, 15420] loss: 0.071
[2, 15440] loss: 0.079
[2, 15460] loss: 0.311
[2, 15480] loss: 0.279
[2, 15500] loss: 0.157
[2, 15520] loss: 0.093
[2, 15540] loss: 0.164
[2, 15560] loss: 0.086
[2, 15580] loss: 0.077
[2, 15600] loss: 0.127
[2, 15620] loss: 0.095
[2, 15640] loss: 0.066
[2, 15660] loss: 0.329
[2, 15680] loss: 0.095
[2, 15700] loss: 0.050
[2, 15720] loss: 0.062
[2, 15740] loss: 0.200
[2, 15760] loss: 0.108
[2, 15780] loss: 0.052
[2, 15800] loss: 0.027
[2, 15820] loss: 0.028
[2, 15840] loss: 0.051
[2, 15860] loss: 0.130
[2, 15880] loss: 0.079
[2, 15900] loss: 0.251
[2, 15920] loss: 0.141
[2, 15940] loss: 0.047
[2, 15960] loss: 0.336
[2, 15980] loss: 0.066
[2, 16000] loss: 0.112
[2, 16020] loss: 0.042
[2, 16040] loss: 0.083
[2, 16060] loss: 0.101
[2, 16080] loss: 0.046
[2, 16100] loss: 0.042
[2, 16120] loss: 0.042
[2, 16140] loss: 0.099
[2, 16160] loss: 0.124
[2, 16180] loss: 0.167
[2, 16200] loss: 0.134
[2, 16220] loss: 0.067
[2, 16240] loss: 0.026
[2, 16260] loss: 0.088
[2, 16280] loss: 0.112
[2, 16300] loss: 0.143
[2, 16320] loss: 0.028
[2, 16340] loss: 0.038
[2, 16360] loss: 0.166
[2, 16380] loss: 0.041
[2, 16400] loss: 0.315
[2, 16420] loss: 0.143
[2, 16440] loss: 0.029
[2, 16460] loss: 0.031
[2, 16480] loss: 0.112
[2, 16500] loss: 0.060
[2, 16520] loss: 0.065
[2, 16540] loss: 0.107
[2, 16560] loss: 0.039
[2, 16580] loss: 0.057
[2, 16600] loss: 0.091
[2, 16620] loss: 0.169
[2, 16640] loss: 0.062
[2, 16660] loss: 0.047
[2, 16680] loss: 0.145
[2, 16700] loss: 0.073
[2, 16720] loss: 0.074
[2, 16740] loss: 0.032
[2, 16760] loss: 0.088
[2, 16780] loss: 0.032
[2, 16800] loss: 0.071
[2, 16820] loss: 0.060
[2, 16840] loss: 0.024
[2, 16860] loss: 0.051
[2, 16880] loss: 0.081
[2, 16900] loss: 0.145
[2, 16920] loss: 0.040
[2, 16940] loss: 0.025
[2, 16960] loss: 0.098
[2, 16980] loss: 0.034
[2, 17000] loss: 0.059
[2, 17020] loss: 0.055
[2, 17040] loss: 0.078
[2, 17060] loss: 0.202
[2, 17080] loss: 0.032
[2, 17100] loss: 0.045
[2, 17120] loss: 0.208
[2, 17140] loss: 0.042
[2, 17160] loss: 0.028
[2, 17180] loss: 0.033
[2, 17200] loss: 0.213
[2, 17220] loss: 0.108
[2, 17240] loss: 0.128
[2, 17260] loss: 0.051
[2, 17280] loss: 0.033
[2, 17300] loss: 0.130
[2, 17320] loss: 0.115
[2, 17340] loss: 0.063
[2, 17360] loss: 0.127
[2, 17380] loss: 0.118
[2, 17400] loss: 0.169
[2, 17420] loss: 0.134
[2, 17440] loss: 0.148
[2, 17460] loss: 0.101
[2, 17480] loss: 0.052
[2, 17500] loss: 0.017
[2, 17520] loss: 0.041
[2, 17540] loss: 0.102
[2, 17560] loss: 0.110
[2, 17580] loss: 0.033
[2, 17600] loss: 0.103
[2, 17620] loss: 0.052
[2, 17640] loss: 0.029
[2, 17660] loss: 0.116
[2, 17680] loss: 0.085
[2, 17700] loss: 0.074
[2, 17720] loss: 0.033
[2, 17740] loss: 0.038
[2, 17760] loss: 0.080
[2, 17780] loss: 0.074
[2, 17800] loss: 0.028
[2, 17820] loss: 0.027
[2, 17840] loss: 0.114
[2, 17860] loss: 0.106
[2, 17880] loss: 0.032
[2, 17900] loss: 0.017
[2, 17920] loss: 0.078
[2, 17940] loss: 0.045
[2, 17960] loss: 0.038
[2, 17980] loss: 0.155
[2, 18000] loss: 0.410
[2, 18020] loss: 0.153
[2, 18040] loss: 0.116
[2, 18060] loss: 0.066
[2, 18080] loss: 0.106
[2, 18100] loss: 0.076
[2, 18120] loss: 0.075
[2, 18140] loss: 0.188
[2, 18160] loss: 0.173
[2, 18180] loss: 0.057
[2, 18200] loss: 0.059
[2, 18220] loss: 0.194
[2, 18240] loss: 0.066
[2, 18260] loss: 0.026
[2, 18280] loss: 0.045
[2, 18300] loss: 0.051
[2, 18320] loss: 0.029
[2, 18340] loss: 0.168
[2, 18360] loss: 0.040
[2, 18380] loss: 0.085
[2, 18400] loss: 0.065
[2, 18420] loss: 0.024
[2, 18440] loss: 0.297
[2, 18460] loss: 0.034
[2, 18480] loss: 0.111
[2, 18500] loss: 0.451
[2, 18520] loss: 0.087
[2, 18540] loss: 0.163
[2, 18560] loss: 0.082
[2, 18580] loss: 0.109
[2, 18600] loss: 0.025
[2, 18620] loss: 0.244
[2, 18640] loss: 0.060
[2, 18660] loss: 0.094
[2, 18680] loss: 0.077
[2, 18700] loss: 0.025
[2, 18720] loss: 0.014
[2, 18740] loss: 0.271
[2, 18760] loss: 0.067
[2, 18780] loss: 0.066
[2, 18800] loss: 0.183
[2, 18820] loss: 0.135
[2, 18840] loss: 0.062
[2, 18860] loss: 0.096
[2, 18880] loss: 0.054
[2, 18900] loss: 0.073
[2, 18920] loss: 0.087
[2, 18940] loss: 0.210
[2, 18960] loss: 0.124
[2, 18980] loss: 0.058
[2, 19000] loss: 0.077
[2, 19020] loss: 0.020
[2, 19040] loss: 0.074
[2, 19060] loss: 0.037
[2, 19080] loss: 0.311
[2, 19100] loss: 0.049
[2, 19120] loss: 0.262
[2, 19140] loss: 0.059
[2, 19160] loss: 0.051
[2, 19180] loss: 0.022
[2, 19200] loss: 0.040
[2, 19220] loss: 0.103
[2, 19240] loss: 0.109
[2, 19260] loss: 0.081
[2, 19280] loss: 0.073
[2, 19300] loss: 0.072
[2, 19320] loss: 0.060
[2, 19340] loss: 0.061
[2, 19360] loss: 0.060
[2, 19380] loss: 0.016
[2, 19400] loss: 0.017
[2, 19420] loss: 0.035
[2, 19440] loss: 0.017
[2, 19460] loss: 0.098
[2, 19480] loss: 0.065
[2, 19500] loss: 0.089
[2, 19520] loss: 0.074
[2, 19540] loss: 0.047
[2, 19560] loss: 0.078
[2, 19580] loss: 0.105
[2, 19600] loss: 0.032
[2, 19620] loss: 0.162
[2, 19640] loss: 0.065
[2, 19660] loss: 0.053
[2, 19680] loss: 0.041
[2, 19700] loss: 0.113
[2, 19720] loss: 0.078
[2, 19740] loss: 0.032
[2, 19760] loss: 0.043
[2, 19780] loss: 0.088
[2, 19800] loss: 0.113
[2, 19820] loss: 0.102
[2, 19840] loss: 0.049
[2, 19860] loss: 0.103
[2, 19880] loss: 0.054
[2, 19900] loss: 0.097
[2, 19920] loss: 0.060
[2, 19940] loss: 0.036
[2, 19960] loss: 0.029
[2, 19980] loss: 0.040
[2, 20000] loss: 0.104
[2, 20020] loss: 0.056
[2, 20040] loss: 0.044
[2, 20060] loss: 0.023
[2, 20080] loss: 0.105
[2, 20100] loss: 0.310
[2, 20120] loss: 0.070
[2, 20140] loss: 0.116
[2, 20160] loss: 0.064
[2, 20180] loss: 0.033
[2, 20200] loss: 0.033
[2, 20220] loss: 0.024
[2, 20240] loss: 0.049
[2, 20260] loss: 0.089
[2, 20280] loss: 0.060
[2, 20300] loss: 0.074
[2, 20320] loss: 0.069
[2, 20340] loss: 0.056
[2, 20360] loss: 0.054
[2, 20380] loss: 0.046
[2, 20400] loss: 0.039
[2, 20420] loss: 0.071
[2, 20440] loss: 0.033
[2, 20460] loss: 0.085
[2, 20480] loss: 0.036
[2, 20500] loss: 0.139
[2, 20520] loss: 0.057
[2, 20540] loss: 0.135
[2, 20560] loss: 0.214
[2, 20580] loss: 0.165
[2, 20600] loss: 0.018
[2, 20620] loss: 0.092
[2, 20640] loss: 0.032
[2, 20660] loss: 0.228
[2, 20680] loss: 0.048
[2, 20700] loss: 0.175
[2, 20720] loss: 0.076
[2, 20740] loss: 0.104
[2, 20760] loss: 0.117
[2, 20780] loss: 0.023
[2, 20800] loss: 0.035
[2, 20820] loss: 0.091
[2, 20840] loss: 0.129
[2, 20860] loss: 0.080
[2, 20880] loss: 0.109
[2, 20900] loss: 0.099
[2, 20920] loss: 0.118
[2, 20940] loss: 0.022
[2, 20960] loss: 0.023
[2, 20980] loss: 0.089
[2, 21000] loss: 0.184
[2, 21020] loss: 0.173
[2, 21040] loss: 0.060
[2, 21060] loss: 0.273
[2, 21080] loss: 0.029
[2, 21100] loss: 0.066
[2, 21120] loss: 0.023
[2, 21140] loss: 0.067
[2, 21160] loss: 0.018
[2, 21180] loss: 0.108
[2, 21200] loss: 0.107
[2, 21220] loss: 0.149
[2, 21240] loss: 0.071
[2, 21260] loss: 0.072
[2, 21280] loss: 0.077
[2, 21300] loss: 0.103
[2, 21320] loss: 0.049
[2, 21340] loss: 0.079
[2, 21360] loss: 0.073
[2, 21380] loss: 0.101
[2, 21400] loss: 0.035
[2, 21420] loss: 0.076
[2, 21440] loss: 0.079
[2, 21460] loss: 0.189
[2, 21480] loss: 0.116
[2, 21500] loss: 0.069
[2, 21520] loss: 0.069
[2, 21540] loss: 0.040
[2, 21560] loss: 0.040
[2, 21580] loss: 0.071
[2, 21600] loss: 0.095
[2, 21620] loss: 0.056
[2, 21640] loss: 0.034
[2, 21660] loss: 0.052
[2, 21680] loss: 0.087
[2, 21700] loss: 0.030
[2, 21720] loss: 0.024
[2, 21740] loss: 0.085
[2, 21760] loss: 0.140
[2, 21780] loss: 0.121
[2, 21800] loss: 0.193
[2, 21820] loss: 0.055
[2, 21840] loss: 0.072
[2, 21860] loss: 0.055
[2, 21880] loss: 0.027
[2, 21900] loss: 0.056
[2, 21920] loss: 0.049
[2, 21940] loss: 0.103
[2, 21960] loss: 0.059
[2, 21980] loss: 0.071
[2, 22000] loss: 0.043
[2, 22020] loss: 0.054
[2, 22040] loss: 0.258
[2, 22060] loss: 0.091
[2, 22080] loss: 0.078
[2, 22100] loss: 0.118
[2, 22120] loss: 0.117
[2, 22140] loss: 0.043
[2, 22160] loss: 0.087
[2, 22180] loss: 0.021
[2, 22200] loss: 0.074
[2, 22220] loss: 0.021
[2, 22240] loss: 0.071
[2, 22260] loss: 0.056
[2, 22280] loss: 0.060
[2, 22300] loss: 0.112
[2, 22320] loss: 0.076
[2, 22340] loss: 0.063
[2, 22360] loss: 0.021
[2, 22380] loss: 0.022
[2, 22400] loss: 0.109
[2, 22420] loss: 0.083
[2, 22440] loss: 0.056
[2, 22460] loss: 0.309
[2, 22480] loss: 0.122
[2, 22500] loss: 0.209
[2, 22520] loss: 0.148
[2, 22540] loss: 0.041
[2, 22560] loss: 0.078
[2, 22580] loss: 0.071
[2, 22600] loss: 0.036
[2, 22620] loss: 0.090
[2, 22640] loss: 0.134
[2, 22660] loss: 0.148
[2, 22680] loss: 0.102
[2, 22700] loss: 0.085
[2, 22720] loss: 0.037
[2, 22740] loss: 0.020
[2, 22760] loss: 0.077
[2, 22780] loss: 0.069
[2, 22800] loss: 0.049
[2, 22820] loss: 0.118
[2, 22840] loss: 0.162
[2, 22860] loss: 0.107
[2, 22880] loss: 0.044
[2, 22900] loss: 0.148
[2, 22920] loss: 0.121
[2, 22940] loss: 0.181
[2, 22960] loss: 0.051
[2, 22980] loss: 0.052
[2, 23000] loss: 0.034
[2, 23020] loss: 0.034
[2, 23040] loss: 0.038
[2, 23060] loss: 0.220
[2, 23080] loss: 0.064
[2, 23100] loss: 0.038
[2, 23120] loss: 0.160
[2, 23140] loss: 0.029
[2, 23160] loss: 0.039
[2, 23180] loss: 0.297
[2, 23200] loss: 0.090
[2, 23220] loss: 0.095
[2, 23240] loss: 0.056
[2, 23260] loss: 0.139
[2, 23280] loss: 0.025
[2, 23300] loss: 0.035
[2, 23320] loss: 0.025
[2, 23340] loss: 0.027
[2, 23360] loss: 0.121
[2, 23380] loss: 0.064
[2, 23400] loss: 0.035
[2, 23420] loss: 0.076
[2, 23440] loss: 0.036
[2, 23460] loss: 0.027
[2, 23480] loss: 0.022
[2, 23500] loss: 0.077
[2, 23520] loss: 0.024
[2, 23540] loss: 0.027
[2, 23560] loss: 0.063
[2, 23580] loss: 0.028
[2, 23600] loss: 0.021
[2, 23620] loss: 0.062
[2, 23640] loss: 0.017
[2, 23660] loss: 0.304
[2, 23680] loss: 0.056
[2, 23700] loss: 0.029
[2, 23720] loss: 0.025
[2, 23740] loss: 0.030
[2, 23760] loss: 0.044
[2, 23780] loss: 0.090
[2, 23800] loss: 0.027
[2, 23820] loss: 0.035
[2, 23840] loss: 0.074
[2, 23860] loss: 0.067
[2, 23880] loss: 0.185
[2, 23900] loss: 0.026
[2, 23920] loss: 0.036
[2, 23940] loss: 0.026
[2, 23960] loss: 0.064
[2, 23980] loss: 0.128
[2, 24000] loss: 0.083
[2, 24020] loss: 0.076
[2, 24040] loss: 0.027
[2, 24060] loss: 0.034
[2, 24080] loss: 0.027
[2, 24100] loss: 0.082
[2, 24120] loss: 0.047
[2, 24140] loss: 0.063
[2, 24160] loss: 0.043
[2, 24180] loss: 0.054
[2, 24200] loss: 0.041
[2, 24220] loss: 0.009
[2, 24240] loss: 0.123
[2, 24260] loss: 0.043
[2, 24280] loss: 0.053
[2, 24300] loss: 0.045
[2, 24320] loss: 0.129
[2, 24340] loss: 0.021
[2, 24360] loss: 0.092
[2, 24380] loss: 0.032
[2, 24400] loss: 0.258
[2, 24420] loss: 0.200
[2, 24440] loss: 0.147
[2, 24460] loss: 0.042
[2, 24480] loss: 0.101
[2, 24500] loss: 0.150
[2, 24520] loss: 0.027
[2, 24540] loss: 0.052
[2, 24560] loss: 0.260
[2, 24580] loss: 0.092
[2, 24600] loss: 0.075
[2, 24620] loss: 0.195
[2, 24640] loss: 0.106
[2, 24660] loss: 0.033
[2, 24680] loss: 0.013
[2, 24700] loss: 0.180
[2, 24720] loss: 0.069
[2, 24740] loss: 0.053
[2, 24760] loss: 0.148
[2, 24780] loss: 0.362
[2, 24800] loss: 2.785
[2, 24820] loss: 4736.417
[2, 24840] loss: 2741.861
[2, 24860] loss: 481.540
[2, 24880] loss: 15.095
[2, 24900] loss: 1.986
[2, 24920] loss: 1.467
[2, 24940] loss: 0.649
[2, 24960] loss: 0.859
[2, 24980] loss: 0.827
[2, 25000] loss: 0.562
[2, 25020] loss: 0.694
[2, 25040] loss: 0.853
[2, 25060] loss: 0.562
[2, 25080] loss: 1.015
[2, 25100] loss: 0.745
[2, 25120] loss: 0.386
[2, 25140] loss: 0.396
[2, 25160] loss: 0.327
[2, 25180] loss: 0.364
[2, 25200] loss: 0.194
[2, 25220] loss: 0.103
[2, 25240] loss: 0.597
[2, 25260] loss: 0.229
[2, 25280] loss: 0.209
[2, 25300] loss: 0.236
[2, 25320] loss: 0.231
[2, 25340] loss: 0.135
[2, 25360] loss: 0.270
[2, 25380] loss: 0.061
[2, 25400] loss: 0.136
[2, 25420] loss: 0.258
[2, 25440] loss: 0.211
[2, 25460] loss: 0.193
[2, 25480] loss: 0.216
[2, 25500] loss: 0.215
[2, 25520] loss: 0.144
[2, 25540] loss: 0.104
[2, 25560] loss: 0.138
[2, 25580] loss: 0.147
[2, 25600] loss: 0.083
[2, 25620] loss: 0.108
[2, 25640] loss: 0.255
[2, 25660] loss: 0.098
[2, 25680] loss: 0.106
[2, 25700] loss: 0.193
[2, 25720] loss: 0.081
[2, 25740] loss: 0.090
[2, 25760] loss: 0.206
[2, 25780] loss: 0.078
[2, 25800] loss: 0.225
[2, 25820] loss: 0.112
[2, 25840] loss: 0.086
[2, 25860] loss: 0.209
[2, 25880] loss: 0.108
[2, 25900] loss: 0.128
[2, 25920] loss: 0.103
[2, 25940] loss: 0.093
[2, 25960] loss: 0.132
[2, 25980] loss: 0.186
[2, 26000] loss: 0.101
[2, 26020] loss: 0.249
[2, 26040] loss: 0.071
[2, 26060] loss: 0.134
[2, 26080] loss: 0.079
[2, 26100] loss: 0.132
[2, 26120] loss: 0.134
[2, 26140] loss: 0.105
[2, 26160] loss: 0.106
[2, 26180] loss: 0.146
[2, 26200] loss: 0.135
[2, 26220] loss: 0.064
[2, 26240] loss: 0.080
[2, 26260] loss: 0.097
[2, 26280] loss: 0.192
[2, 26300] loss: 0.089
[2, 26320] loss: 0.157
[2, 26340] loss: 0.106
[2, 26360] loss: 0.069
[2, 26380] loss: 0.100
[2, 26400] loss: 0.164
[2, 26420] loss: 0.101
[2, 26440] loss: 0.090
[2, 26460] loss: 0.113
[2, 26480] loss: 0.037
[2, 26500] loss: 0.143
[2, 26520] loss: 0.047
[2, 26540] loss: 0.204
[2, 26560] loss: 0.145
[2, 26580] loss: 0.100
[2, 26600] loss: 0.084
[2, 26620] loss: 0.052
[2, 26640] loss: 0.127
[2, 26660] loss: 0.085
[2, 26680] loss: 0.079
[2, 26700] loss: 0.371
[2, 26720] loss: 0.451
[2, 26740] loss: 0.211
[2, 26760] loss: 0.172
[2, 26780] loss: 0.161
[2, 26800] loss: 0.165
[2, 26820] loss: 0.119
[2, 26840] loss: 0.042
[2, 26860] loss: 0.088
[2, 26880] loss: 0.207
[2, 26900] loss: 0.190
[2, 26920] loss: 0.100
[2, 26940] loss: 0.128
[2, 26960] loss: 0.168
[2, 26980] loss: 0.097
[2, 27000] loss: 0.181
[2, 27020] loss: 0.237
[2, 27040] loss: 0.057
[2, 27060] loss: 0.143
[2, 27080] loss: 0.098
[2, 27100] loss: 0.049
[2, 27120] loss: 0.032
[2, 27140] loss: 0.059
[2, 27160] loss: 0.122
[2, 27180] loss: 0.141
[2, 27200] loss: 0.109
[2, 27220] loss: 0.122
[2, 27240] loss: 0.105
[2, 27260] loss: 0.126
[2, 27280] loss: 0.074
[2, 27300] loss: 0.123
[2, 27320] loss: 0.174
[2, 27340] loss: 0.083
[2, 27360] loss: 0.104
[2, 27380] loss: 0.100
[2, 27400] loss: 0.039
[2, 27420] loss: 0.096
[2, 27440] loss: 0.099
[2, 27460] loss: 0.097
[2, 27480] loss: 0.147
[2, 27500] loss: 0.114
[2, 27520] loss: 0.072
[2, 27540] loss: 0.076
[2, 27560] loss: 0.059
[2, 27580] loss: 0.055
[2, 27600] loss: 0.050
[2, 27620] loss: 0.083
[2, 27640] loss: 0.165
[2, 27660] loss: 0.089
[2, 27680] loss: 0.095
[2, 27700] loss: 0.094
[2, 27720] loss: 0.274
[2, 27740] loss: 0.082
[2, 27760] loss: 0.170
[2, 27780] loss: 0.138
[2, 27800] loss: 0.293
[2, 27820] loss: 0.234
[2, 27840] loss: 0.108
[2, 27860] loss: 0.111
[2, 27880] loss: 0.210
[2, 27900] loss: 0.076
[2, 27920] loss: 0.048
[2, 27940] loss: 0.064
[2, 27960] loss: 0.089
[2, 27980] loss: 0.176
[2, 28000] loss: 0.125
[2, 28020] loss: 0.083
[2, 28040] loss: 0.148
[2, 28060] loss: 0.032
[2, 28080] loss: 0.063
[2, 28100] loss: 0.069
[2, 28120] loss: 0.149
[2, 28140] loss: 0.040
[2, 28160] loss: 0.065
[2, 28180] loss: 0.097
[2, 28200] loss: 0.274
[2, 28220] loss: 0.071
[2, 28240] loss: 0.095
[2, 28260] loss: 0.116
[2, 28280] loss: 0.236
[2, 28300] loss: 0.053
[2, 28320] loss: 0.119
[2, 28340] loss: 0.046
[2, 28360] loss: 0.065
[2, 28380] loss: 0.092
[2, 28400] loss: 0.135
[2, 28420] loss: 0.130
[2, 28440] loss: 0.058
[2, 28460] loss: 0.055
[2, 28480] loss: 0.056
[2, 28500] loss: 0.106
[2, 28520] loss: 0.053
[2, 28540] loss: 0.123
[2, 28560] loss: 0.057
[2, 28580] loss: 0.113
[2, 28600] loss: 0.196
[2, 28620] loss: 0.229
[2, 28640] loss: 0.128
[2, 28660] loss: 0.048
[2, 28680] loss: 0.036
[2, 28700] loss: 0.040
[2, 28720] loss: 0.193
[2, 28740] loss: 0.084
[2, 28760] loss: 0.230
[2, 28780] loss: 0.099
[2, 28800] loss: 0.128
[2, 28820] loss: 0.068
[2, 28840] loss: 0.209
[2, 28860] loss: 0.178
[2, 28880] loss: 0.219
[2, 28900] loss: 0.109
[2, 28920] loss: 0.099
[2, 28940] loss: 0.069
[2, 28960] loss: 0.343
[2, 28980] loss: 0.097
[2, 29000] loss: 0.228
[2, 29020] loss: 0.189
[2, 29040] loss: 0.131
[2, 29060] loss: 0.066
[2, 29080] loss: 0.103
[2, 29100] loss: 0.144
[2, 29120] loss: 0.077
[2, 29140] loss: 0.071
[2, 29160] loss: 0.076
[2, 29180] loss: 0.041
[2, 29200] loss: 0.024
[2, 29220] loss: 0.055
[2, 29240] loss: 0.090
[2, 29260] loss: 0.270
[2, 29280] loss: 0.174
[2, 29300] loss: 0.106
[2, 29320] loss: 0.081
[2, 29340] loss: 0.132
[2, 29360] loss: 0.079
[2, 29380] loss: 0.070
[2, 29400] loss: 0.106
[2, 29420] loss: 0.070
[2, 29440] loss: 0.067
[2, 29460] loss: 0.050
[2, 29480] loss: 0.043
[2, 29500] loss: 0.047
[2, 29520] loss: 0.137
[2, 29540] loss: 0.084
[2, 29560] loss: 0.078
[2, 29580] loss: 0.041
[2, 29600] loss: 0.072
[2, 29620] loss: 0.048
[2, 29640] loss: 0.040
[2, 29660] loss: 0.080
[2, 29680] loss: 0.084
[2, 29700] loss: 0.089
[2, 29720] loss: 0.037
[2, 29740] loss: 0.261
[2, 29760] loss: 0.086
[2, 29780] loss: 0.065
[2, 29800] loss: 0.027
[2, 29820] loss: 0.218
[2, 29840] loss: 0.106
[2, 29860] loss: 0.114
[2, 29880] loss: 0.265
[2, 29900] loss: 0.042
[2, 29920] loss: 0.038
[2, 29940] loss: 0.140
[2, 29960] loss: 0.079
[2, 29980] loss: 0.058
[2, 30000] loss: 0.108
[2, 30020] loss: 0.052
[2, 30040] loss: 0.131
[2, 30060] loss: 0.030
[2, 30080] loss: 0.030
[2, 30100] loss: 0.031
[2, 30120] loss: 0.071
[2, 30140] loss: 0.076
[2, 30160] loss: 0.178
[2, 30180] loss: 0.019
[2, 30200] loss: 0.139
[2, 30220] loss: 0.150
[2, 30240] loss: 0.337
[2, 30260] loss: 0.327
[2, 30280] loss: 0.061
[2, 30300] loss: 0.111
[2, 30320] loss: 0.131
[2, 30340] loss: 0.136
[2, 30360] loss: 0.053
[2, 30380] loss: 0.069
[2, 30400] loss: 0.067
[2, 30420] loss: 0.092
[1,    20] loss: 0.004
[1,    40] loss: 0.005
[1,    60] loss: 0.005
[1,    80] loss: 0.007
[1,   100] loss: 0.006
[1,   120] loss: 0.006
[1,   140] loss: 0.008
[1,   160] loss: 0.008
[1,   180] loss: 0.013
[1,   200] loss: 0.017
[1,   220] loss: 0.018
[1,   240] loss: 0.019
[1,   260] loss: 0.019
[1,   280] loss: 0.020
[1,   300] loss: 0.021
[1,   320] loss: 0.023
[1,   340] loss: 0.023
[1,   360] loss: 0.023
[1,   380] loss: 0.023
[1,   400] loss: 0.023
[1,   420] loss: 0.023
[1,   440] loss: 0.023
[1,   460] loss: 0.024
[1,   480] loss: 0.024
[1,   500] loss: 0.025
[1,   520] loss: 0.026
[1,   540] loss: 0.026
[1,   560] loss: 0.028
[1,   580] loss: 0.029
[1,   600] loss: 0.032
[1,   620] loss: 0.033
[1,   640] loss: 0.033
[1,   660] loss: 0.033
[1,   680] loss: 0.033
[1,   700] loss: 0.032
[1,   720] loss: 0.032
[1,   740] loss: 0.031
[1,   760] loss: 0.030
[1,   780] loss: 0.030
[1,   800] loss: 0.029
[1,   820] loss: 0.029
[1,   840] loss: 0.028
[1,   860] loss: 0.027
[1,   880] loss: 0.027
[1,   900] loss: 0.027
[1,   920] loss: 0.026
[1,   940] loss: 0.026
[1,   960] loss: 0.025
[1,   980] loss: 0.024
[1,  1000] loss: 0.024
[1,  1020] loss: 0.024
[1,  1040] loss: 0.023
[1,  1060] loss: 0.023
[1,  1080] loss: 0.022
[1,  1100] loss: 0.022
[1,  1120] loss: 0.022
[1,  1140] loss: 0.021
[1,  1160] loss: 0.021
[1,  1180] loss: 0.021
[1,  1200] loss: 0.020
[1,  1220] loss: 0.020
[1,  1240] loss: 0.020
[1,  1260] loss: 0.019
[1,  1280] loss: 0.019
[1,  1300] loss: 0.019
[1,  1320] loss: 0.019
[1,  1340] loss: 0.018
[1,  1360] loss: 0.018
[1,  1380] loss: 0.018
[1,  1400] loss: 0.018
[1,  1420] loss: 0.018
[1,  1440] loss: 0.018
[1,  1460] loss: 0.018
[1,  1480] loss: 0.017
[1,  1500] loss: 0.017
[1,  1520] loss: 0.017
[1,  1540] loss: 0.017
[1,  1560] loss: 0.017
[1,  1580] loss: 0.017
[1,  1600] loss: 0.017
[1,  1620] loss: 0.017
[1,  1640] loss: 0.017
[1,  1660] loss: 0.017
[1,  1680] loss: 0.018
[1,  1700] loss: 0.018
[1,  1720] loss: 0.018
[1,  1740] loss: 0.019
[1,  1760] loss: 0.019
[1,  1780] loss: 0.019
[1,  1800] loss: 0.019
[1,  1820] loss: 0.019
[1,  1840] loss: 0.019
[1,  1860] loss: 0.020
[1,  1880] loss: 0.020
[1,  1900] loss: 0.021
[1,  1920] loss: 0.021
[1,  1940] loss: 0.022
[1,  1960] loss: 0.023
[1,  1980] loss: 0.024
[1,  2000] loss: 0.024
[1,  2020] loss: 0.025
[1,  2040] loss: 0.026
[1,  2060] loss: 0.026
[1,  2080] loss: 0.027
[1,  2100] loss: 0.027
[1,  2120] loss: 0.028
[1,  2140] loss: 0.028
[1,  2160] loss: 0.028
[1,  2180] loss: 0.028
[1,  2200] loss: 0.028
[1,  2220] loss: 0.028
[1,  2240] loss: 0.028
[1,  2260] loss: 0.028
[1,  2280] loss: 0.028
[1,  2300] loss: 0.028
[1,  2320] loss: 0.029
[1,  2340] loss: 0.029
[1,  2360] loss: 0.029
[1,  2380] loss: 0.030
[1,  2400] loss: 0.030
[1,  2420] loss: 0.030
[1,  2440] loss: 0.030
[1,  2460] loss: 0.030
[1,  2480] loss: 0.030
[1,  2500] loss: 0.031
[1,  2520] loss: 0.031
[1,  2540] loss: 0.032
[1,  2560] loss: 0.033
[1,  2580] loss: 0.033
[1,  2600] loss: 0.033
[1,  2620] loss: 0.033
[1,  2640] loss: 0.033
[1,  2660] loss: 0.033
[1,  2680] loss: 0.033
[1,  2700] loss: 0.034
[1,  2720] loss: 0.034
[1,  2740] loss: 0.035
[1,  2760] loss: 0.035
[1,  2780] loss: 0.035
[1,  2800] loss: 0.035
[1,  2820] loss: 0.035
[1,  2840] loss: 0.035
[1,  2860] loss: 0.034
[1,  2880] loss: 0.034
[1,  2900] loss: 0.034
[1,  2920] loss: 0.034
[1,  2940] loss: 0.034
[1,  2960] loss: 0.033
[1,  2980] loss: 0.033
[1,  3000] loss: 0.033
[1,  3020] loss: 0.033
[1,  3040] loss: 0.033
[1,  3060] loss: 0.033
[1,  3080] loss: 0.032
[1,  3100] loss: 0.032
[1,  3120] loss: 0.032
[1,  3140] loss: 0.032
[1,  3160] loss: 0.032
[1,  3180] loss: 0.031
[1,  3200] loss: 0.031
[1,  3220] loss: 0.031
[1,  3240] loss: 0.031
[1,  3260] loss: 0.031
[1,  3280] loss: 0.031
[1,  3300] loss: 0.031
[1,  3320] loss: 0.031
[1,  3340] loss: 0.031
[1,  3360] loss: 0.031
[2,    20] loss: 0.004
[2,    40] loss: 0.005
[2,    60] loss: 0.005
[2,    80] loss: 0.007
[2,   100] loss: 0.006
[2,   120] loss: 0.006
[2,   140] loss: 0.008
[2,   160] loss: 0.008
[2,   180] loss: 0.013
[2,   200] loss: 0.017
[2,   220] loss: 0.018
[2,   240] loss: 0.019
[2,   260] loss: 0.019
[2,   280] loss: 0.020
[2,   300] loss: 0.021
[2,   320] loss: 0.023
[2,   340] loss: 0.023
[2,   360] loss: 0.023
[2,   380] loss: 0.023
[2,   400] loss: 0.023
[2,   420] loss: 0.023
[2,   440] loss: 0.023
[2,   460] loss: 0.024
[2,   480] loss: 0.024
[2,   500] loss: 0.025
[2,   520] loss: 0.026
[2,   540] loss: 0.026
[2,   560] loss: 0.028
[2,   580] loss: 0.029
[2,   600] loss: 0.032
[2,   620] loss: 0.033
[2,   640] loss: 0.033
[2,   660] loss: 0.033
[2,   680] loss: 0.033
[2,   700] loss: 0.032
[2,   720] loss: 0.032
[2,   740] loss: 0.031
[2,   760] loss: 0.030
[2,   780] loss: 0.030
[2,   800] loss: 0.029
[2,   820] loss: 0.029
[2,   840] loss: 0.028
[2,   860] loss: 0.027
[2,   880] loss: 0.027
[2,   900] loss: 0.027
[2,   920] loss: 0.026
[2,   940] loss: 0.026
[2,   960] loss: 0.025
[2,   980] loss: 0.024
[2,  1000] loss: 0.024
[2,  1020] loss: 0.024
[2,  1040] loss: 0.023
[2,  1060] loss: 0.023
[2,  1080] loss: 0.022
[2,  1100] loss: 0.022
[2,  1120] loss: 0.022
[2,  1140] loss: 0.021
[2,  1160] loss: 0.021
[2,  1180] loss: 0.021
[2,  1200] loss: 0.020
[2,  1220] loss: 0.020
[2,  1240] loss: 0.020
[2,  1260] loss: 0.019
[2,  1280] loss: 0.019
[2,  1300] loss: 0.019
[2,  1320] loss: 0.019
[2,  1340] loss: 0.018
[2,  1360] loss: 0.018
[2,  1380] loss: 0.018
[2,  1400] loss: 0.018
[2,  1420] loss: 0.018
[2,  1440] loss: 0.018
[2,  1460] loss: 0.018
[2,  1480] loss: 0.017
[2,  1500] loss: 0.017
[2,  1520] loss: 0.017
[2,  1540] loss: 0.017
[2,  1560] loss: 0.017
[2,  1580] loss: 0.017
[2,  1600] loss: 0.017
[2,  1620] loss: 0.017
[2,  1640] loss: 0.017
[2,  1660] loss: 0.017
[2,  1680] loss: 0.018
[2,  1700] loss: 0.018
[2,  1720] loss: 0.018
[2,  1740] loss: 0.019
[2,  1760] loss: 0.019
[2,  1780] loss: 0.019
[2,  1800] loss: 0.019
[2,  1820] loss: 0.019
[2,  1840] loss: 0.019
[2,  1860] loss: 0.020
[2,  1880] loss: 0.020
[2,  1900] loss: 0.021
[2,  1920] loss: 0.021
[2,  1940] loss: 0.022
[2,  1960] loss: 0.023
[2,  1980] loss: 0.024
[2,  2000] loss: 0.024
[2,  2020] loss: 0.025
[2,  2040] loss: 0.026
[2,  2060] loss: 0.026
[2,  2080] loss: 0.027
[2,  2100] loss: 0.027
[2,  2120] loss: 0.028
[2,  2140] loss: 0.028
[2,  2160] loss: 0.028
[2,  2180] loss: 0.028
[2,  2200] loss: 0.028
[2,  2220] loss: 0.028
[2,  2240] loss: 0.028
[2,  2260] loss: 0.028
[2,  2280] loss: 0.028
[2,  2300] loss: 0.028
[2,  2320] loss: 0.029
[2,  2340] loss: 0.029
[2,  2360] loss: 0.029
[2,  2380] loss: 0.030
[2,  2400] loss: 0.030
[2,  2420] loss: 0.030
[2,  2440] loss: 0.030
[2,  2460] loss: 0.030
[2,  2480] loss: 0.030
[2,  2500] loss: 0.031
[2,  2520] loss: 0.031
[2,  2540] loss: 0.032
[2,  2560] loss: 0.033
[2,  2580] loss: 0.033
[2,  2600] loss: 0.033
[2,  2620] loss: 0.033
[2,  2640] loss: 0.033
[2,  2660] loss: 0.033
[2,  2680] loss: 0.033
[2,  2700] loss: 0.034
[2,  2720] loss: 0.034
[2,  2740] loss: 0.035
[2,  2760] loss: 0.035
[2,  2780] loss: 0.035
[2,  2800] loss: 0.035
[2,  2820] loss: 0.035
[2,  2840] loss: 0.035
[2,  2860] loss: 0.034
[2,  2880] loss: 0.034
[2,  2900] loss: 0.034
[2,  2920] loss: 0.034
[2,  2940] loss: 0.034
[2,  2960] loss: 0.033
[2,  2980] loss: 0.033
[2,  3000] loss: 0.033
[2,  3020] loss: 0.033
[2,  3040] loss: 0.033
[2,  3060] loss: 0.033
[2,  3080] loss: 0.032
[2,  3100] loss: 0.032
[2,  3120] loss: 0.032
[2,  3140] loss: 0.032
[2,  3160] loss: 0.032
[2,  3180] loss: 0.031
[2,  3200] loss: 0.031
[2,  3220] loss: 0.031
[2,  3240] loss: 0.031
[2,  3260] loss: 0.031
[2,  3280] loss: 0.031
[2,  3300] loss: 0.031
[2,  3320] loss: 0.031
[2,  3340] loss: 0.031
[2,  3360] loss: 0.031
