cuda:  2
color_space: YCbCr
batch_size: 1
num_epcochs: 2
learning_rate: 0.001
[1,    20] loss: 0.504
[1,    40] loss: 0.188
[1,    60] loss: 0.082
[1,    80] loss: 0.061
[1,   100] loss: 0.075
[1,   120] loss: 0.204
[1,   140] loss: 0.110
[1,   160] loss: 0.134
[1,   180] loss: 0.090
[1,   200] loss: 0.062
[1,   220] loss: 0.086
[1,   240] loss: 0.173
[1,   260] loss: 0.074
[1,   280] loss: 0.030
[1,   300] loss: 0.026
[1,   320] loss: 0.063
[1,   340] loss: 0.126
[1,   360] loss: 0.025
[1,   380] loss: 0.153
[1,   400] loss: 0.213
[1,   420] loss: 0.160
[1,   440] loss: 0.108
[1,   460] loss: 0.042
[1,   480] loss: 0.023
[1,   500] loss: 0.186
[1,   520] loss: 0.045
[1,   540] loss: 0.026
[1,   560] loss: 0.029
[1,   580] loss: 0.038
[1,   600] loss: 0.079
[1,   620] loss: 0.054
[1,   640] loss: 0.063
[1,   660] loss: 0.056
[1,   680] loss: 0.101
[1,   700] loss: 0.035
[1,   720] loss: 0.036
[1,   740] loss: 0.168
[1,   760] loss: 0.034
[1,   780] loss: 0.026
[1,   800] loss: 0.048
[1,   820] loss: 0.089
[1,   840] loss: 0.020
[1,   860] loss: 0.123
[1,   880] loss: 0.077
[1,   900] loss: 0.063
[1,   920] loss: 0.154
[1,   940] loss: 0.026
[1,   960] loss: 0.052
[1,   980] loss: 0.012
[1,  1000] loss: 0.056
[1,  1020] loss: 0.186
[1,  1040] loss: 0.085
[1,  1060] loss: 0.061
[1,  1080] loss: 0.054
[1,  1100] loss: 0.028
[1,  1120] loss: 0.094
[1,  1140] loss: 0.210
[1,  1160] loss: 0.076
[1,  1180] loss: 0.099
[1,  1200] loss: 0.263
[1,  1220] loss: 589.539
[1,  1240] loss: 21595.187
[1,  1260] loss: 302818.841
[1,  1280] loss: 142456.389
[1,  1300] loss: 29782.607
[1,  1320] loss: 2594.912
[1,  1340] loss: 652.528
[1,  1360] loss: 106.038
[1,  1380] loss: 48.141
[1,  1400] loss: 26.272
[1,  1420] loss: 31.437
[1,  1440] loss: 22.368
[1,  1460] loss: 39.321
[1,  1480] loss: 22.027
[1,  1500] loss: 24.566
[1,  1520] loss: 31.771
[1,  1540] loss: 29.347
[1,  1560] loss: 29.515
[1,  1580] loss: 21.046
[1,  1600] loss: 26.599
[1,  1620] loss: 13.823
[1,  1640] loss: 22.354
[1,  1660] loss: 24.215
[1,  1680] loss: 30.410
[1,  1700] loss: 14.236
[1,  1720] loss: 21.712
[1,  1740] loss: 16.328
[1,  1760] loss: 13.348
[1,  1780] loss: 14.648
[1,  1800] loss: 11.010
[1,  1820] loss: 10.010
[1,  1840] loss: 12.411
[1,  1860] loss: 21.118
[1,  1880] loss: 14.360
[1,  1900] loss: 10.676
[1,  1920] loss: 6.846
[1,  1940] loss: 12.237
[1,  1960] loss: 5.603
[1,  1980] loss: 7.546
[1,  2000] loss: 10.667
[1,  2020] loss: 12.173
[1,  2040] loss: 9.644
[1,  2060] loss: 8.796
[1,  2080] loss: 6.384
[1,  2100] loss: 9.644
[1,  2120] loss: 10.124
[1,  2140] loss: 8.064
[1,  2160] loss: 3.490
[1,  2180] loss: 7.253
[1,  2200] loss: 5.398
[1,  2220] loss: 5.239
[1,  2240] loss: 4.881
[1,  2260] loss: 5.157
[1,  2280] loss: 5.966
[1,  2300] loss: 7.377
[1,  2320] loss: 7.449
[1,  2340] loss: 7.900
[1,  2360] loss: 7.457
[1,  2380] loss: 4.145
[1,  2400] loss: 4.020
[1,  2420] loss: 6.411
[1,  2440] loss: 2.684
[1,  2460] loss: 6.602
[1,  2480] loss: 3.306
[1,  2500] loss: 2.448
[1,  2520] loss: 4.430
[1,  2540] loss: 4.088
[1,  2560] loss: 6.852
[1,  2580] loss: 1.933
[1,  2600] loss: 3.270
[1,  2620] loss: 2.894
[1,  2640] loss: 2.552
[1,  2660] loss: 2.867
[1,  2680] loss: 2.149
[1,  2700] loss: 5.125
[1,  2720] loss: 4.714
[1,  2740] loss: 5.251
[1,  2760] loss: 5.778
[1,  2780] loss: 3.485
[1,  2800] loss: 2.065
[1,  2820] loss: 2.321
[1,  2840] loss: 2.973
[1,  2860] loss: 1.715
[1,  2880] loss: 3.522
[1,  2900] loss: 3.005
[1,  2920] loss: 2.786
[1,  2940] loss: 1.952
[1,  2960] loss: 2.404
[1,  2980] loss: 1.422
[1,  3000] loss: 1.748
[1,  3020] loss: 4.248
[1,  3040] loss: 4.054
[1,  3060] loss: 2.276
[1,  3080] loss: 2.111
[1,  3100] loss: 1.557
[1,  3120] loss: 2.764
[1,  3140] loss: 1.378
[1,  3160] loss: 1.948
[1,  3180] loss: 1.724
[1,  3200] loss: 1.977
[1,  3220] loss: 2.634
[1,  3240] loss: 2.023
[1,  3260] loss: 1.247
[1,  3280] loss: 1.299
[1,  3300] loss: 2.195
[1,  3320] loss: 1.518
[1,  3340] loss: 2.393
[1,  3360] loss: 1.926
[1,  3380] loss: 3.328
[1,  3400] loss: 2.288
[1,  3420] loss: 1.267
[1,  3440] loss: 2.179
[1,  3460] loss: 2.602
[1,  3480] loss: 1.190
[1,  3500] loss: 1.710
[1,  3520] loss: 1.122
[1,  3540] loss: 0.673
[1,  3560] loss: 1.308
[1,  3580] loss: 2.202
[1,  3600] loss: 1.399
[1,  3620] loss: 1.751
[1,  3640] loss: 1.698
[1,  3660] loss: 1.112
[1,  3680] loss: 1.851
[1,  3700] loss: 0.990
[1,  3720] loss: 1.052
[1,  3740] loss: 1.044
[1,  3760] loss: 1.103
[1,  3780] loss: 1.116
[1,  3800] loss: 1.297
[1,  3820] loss: 2.283
[1,  3840] loss: 0.988
[1,  3860] loss: 1.351
[1,  3880] loss: 0.529
[1,  3900] loss: 0.527
[1,  3920] loss: 1.286
[1,  3940] loss: 1.728
[1,  3960] loss: 1.253
[1,  3980] loss: 1.448
[1,  4000] loss: 1.369
[1,  4020] loss: 0.912
[1,  4040] loss: 0.901
[1,  4060] loss: 1.664
[1,  4080] loss: 0.704
[1,  4100] loss: 0.810
[1,  4120] loss: 1.123
[1,  4140] loss: 0.456
[1,  4160] loss: 0.522
[1,  4180] loss: 0.902
[1,  4200] loss: 0.580
[1,  4220] loss: 0.984
[1,  4240] loss: 0.729
[1,  4260] loss: 0.835
[1,  4280] loss: 0.932
[1,  4300] loss: 1.425
[1,  4320] loss: 1.747
[1,  4340] loss: 0.786
[1,  4360] loss: 1.660
[1,  4380] loss: 0.938
[1,  4400] loss: 0.807
[1,  4420] loss: 0.431
[1,  4440] loss: 0.753
[1,  4460] loss: 0.448
[1,  4480] loss: 1.741
[1,  4500] loss: 0.818
[1,  4520] loss: 1.219
[1,  4540] loss: 0.904
[1,  4560] loss: 0.774
[1,  4580] loss: 0.987
[1,  4600] loss: 0.787
[1,  4620] loss: 0.471
[1,  4640] loss: 1.184
[1,  4660] loss: 0.810
[1,  4680] loss: 0.818
[1,  4700] loss: 0.396
[1,  4720] loss: 0.392
[1,  4740] loss: 0.709
[1,  4760] loss: 0.507
[1,  4780] loss: 0.415
[1,  4800] loss: 0.344
[1,  4820] loss: 0.784
[1,  4840] loss: 0.632
[1,  4860] loss: 0.735
[1,  4880] loss: 0.636
[1,  4900] loss: 0.375
[1,  4920] loss: 0.518
[1,  4940] loss: 0.401
[1,  4960] loss: 0.392
[1,  4980] loss: 0.517
[1,  5000] loss: 0.378
[1,  5020] loss: 0.571
[1,  5040] loss: 0.490
[1,  5060] loss: 0.649
[1,  5080] loss: 0.569
[1,  5100] loss: 0.169
[1,  5120] loss: 0.208
[1,  5140] loss: 0.340
[1,  5160] loss: 0.541
[1,  5180] loss: 0.381
[1,  5200] loss: 0.401
[1,  5220] loss: 0.321
[1,  5240] loss: 0.597
[1,  5260] loss: 0.525
[1,  5280] loss: 0.548
[1,  5300] loss: 0.400
[1,  5320] loss: 0.460
[1,  5340] loss: 0.380
[1,  5360] loss: 1.016
[1,  5380] loss: 0.427
[1,  5400] loss: 0.333
[1,  5420] loss: 0.356
[1,  5440] loss: 0.434
[1,  5460] loss: 0.340
[1,  5480] loss: 0.641
[1,  5500] loss: 0.539
[1,  5520] loss: 0.314
[1,  5540] loss: 0.356
[1,  5560] loss: 0.208
[1,  5580] loss: 0.469
[1,  5600] loss: 0.254
[1,  5620] loss: 0.871
[1,  5640] loss: 0.495
[1,  5660] loss: 0.390
[1,  5680] loss: 0.840
[1,  5700] loss: 0.265
[1,  5720] loss: 0.796
[1,  5740] loss: 0.202
[1,  5760] loss: 0.147
[1,  5780] loss: 0.205
[1,  5800] loss: 0.527
[1,  5820] loss: 0.176
[1,  5840] loss: 0.288
[1,  5860] loss: 0.273
[1,  5880] loss: 0.300
[1,  5900] loss: 0.507
[1,  5920] loss: 0.345
[1,  5940] loss: 0.199
[1,  5960] loss: 0.320
[1,  5980] loss: 0.703
[1,  6000] loss: 0.285
[1,  6020] loss: 0.651
[1,  6040] loss: 0.388
[1,  6060] loss: 0.151
[1,  6080] loss: 0.251
[1,  6100] loss: 0.187
[1,  6120] loss: 0.283
[1,  6140] loss: 0.301
[1,  6160] loss: 0.310
[1,  6180] loss: 0.237
[1,  6200] loss: 0.268
[1,  6220] loss: 0.512
[1,  6240] loss: 0.347
[1,  6260] loss: 0.203
[1,  6280] loss: 0.170
[1,  6300] loss: 0.297
[1,  6320] loss: 0.246
[1,  6340] loss: 0.194
[1,  6360] loss: 0.231
[1,  6380] loss: 0.359
[1,  6400] loss: 0.243
[1,  6420] loss: 0.203
[1,  6440] loss: 0.150
[1,  6460] loss: 0.410
[1,  6480] loss: 0.328
[1,  6500] loss: 0.342
[1,  6520] loss: 0.288
[1,  6540] loss: 0.237
[1,  6560] loss: 0.146
[1,  6580] loss: 0.432
[1,  6600] loss: 0.516
[1,  6620] loss: 0.457
[1,  6640] loss: 0.344
[1,  6660] loss: 0.452
[1,  6680] loss: 0.239
[1,  6700] loss: 0.090
[1,  6720] loss: 0.474
[1,  6740] loss: 0.327
[1,  6760] loss: 0.450
[1,  6780] loss: 0.558
[1,  6800] loss: 0.300
[1,  6820] loss: 0.203
[1,  6840] loss: 0.289
[1,  6860] loss: 0.332
[1,  6880] loss: 0.228
[1,  6900] loss: 0.325
[1,  6920] loss: 0.196
[1,  6940] loss: 0.253
[1,  6960] loss: 0.179
[1,  6980] loss: 0.152
[1,  7000] loss: 0.259
[1,  7020] loss: 0.238
[1,  7040] loss: 0.118
[1,  7060] loss: 0.114
[1,  7080] loss: 0.262
[1,  7100] loss: 0.395
[1,  7120] loss: 0.253
[1,  7140] loss: 0.243
[1,  7160] loss: 0.382
[1,  7180] loss: 0.347
[1,  7200] loss: 0.137
[1,  7220] loss: 0.195
[1,  7240] loss: 0.139
[1,  7260] loss: 0.100
[1,  7280] loss: 0.257
[1,  7300] loss: 0.433
[1,  7320] loss: 0.187
[1,  7340] loss: 0.074
[1,  7360] loss: 0.475
[1,  7380] loss: 0.286
[1,  7400] loss: 0.225
[1,  7420] loss: 0.147
[1,  7440] loss: 0.308
[1,  7460] loss: 0.307
[1,  7480] loss: 0.189
[1,  7500] loss: 0.331
[1,  7520] loss: 0.151
[1,  7540] loss: 0.174
[1,  7560] loss: 0.189
[1,  7580] loss: 0.195
[1,  7600] loss: 0.200
[1,  7620] loss: 0.285
[1,  7640] loss: 0.249
[1,  7660] loss: 0.474
[1,  7680] loss: 0.390
[1,  7700] loss: 0.308
[1,  7720] loss: 0.170
[1,  7740] loss: 0.119
[1,  7760] loss: 0.215
[1,  7780] loss: 0.175
[1,  7800] loss: 0.077
[1,  7820] loss: 0.229
[1,  7840] loss: 0.317
[1,  7860] loss: 0.296
[1,  7880] loss: 0.511
[1,  7900] loss: 0.371
[1,  7920] loss: 0.247
[1,  7940] loss: 0.215
[1,  7960] loss: 0.374
[1,  7980] loss: 0.161
[1,  8000] loss: 0.243
[1,  8020] loss: 0.256
[1,  8040] loss: 0.102
[1,  8060] loss: 0.427
[1,  8080] loss: 0.217
[1,  8100] loss: 0.335
[1,  8120] loss: 0.611
[1,  8140] loss: 0.910
[1,  8160] loss: 1.325
[1,  8180] loss: 3.660
[1,  8200] loss: 2.977
[1,  8220] loss: 1.489
[1,  8240] loss: 0.547
[1,  8260] loss: 0.295
[1,  8280] loss: 0.213
[1,  8300] loss: 0.131
[1,  8320] loss: 0.236
[1,  8340] loss: 0.154
[1,  8360] loss: 0.179
[1,  8380] loss: 0.404
[1,  8400] loss: 0.107
[1,  8420] loss: 0.203
[1,  8440] loss: 0.087
[1,  8460] loss: 0.151
[1,  8480] loss: 0.085
[1,  8500] loss: 0.177
[1,  8520] loss: 0.379
[1,  8540] loss: 0.372
[1,  8560] loss: 0.477
[1,  8580] loss: 1.187
[1,  8600] loss: 0.969
[1,  8620] loss: 0.837
[1,  8640] loss: 0.855
[1,  8660] loss: 1.070
[1,  8680] loss: 0.865
[1,  8700] loss: 1.410
[1,  8720] loss: 0.314
[1,  8740] loss: 0.288
[1,  8760] loss: 0.159
[1,  8780] loss: 0.241
[1,  8800] loss: 0.397
[1,  8820] loss: 0.332
[1,  8840] loss: 0.156
[1,  8860] loss: 0.283
[1,  8880] loss: 0.179
[1,  8900] loss: 0.106
[1,  8920] loss: 0.126
[1,  8940] loss: 0.092
[1,  8960] loss: 0.070
[1,  8980] loss: 0.110
[1,  9000] loss: 0.104
[1,  9020] loss: 0.053
[1,  9040] loss: 0.226
[1,  9060] loss: 2.407
[1,  9080] loss: 0.692
[1,  9100] loss: 0.735
[1,  9120] loss: 0.422
[1,  9140] loss: 0.105
[1,  9160] loss: 0.134
[1,  9180] loss: 0.263
[1,  9200] loss: 0.115
[1,  9220] loss: 0.101
[1,  9240] loss: 0.118
[1,  9260] loss: 0.099
[1,  9280] loss: 0.288
[1,  9300] loss: 0.185
[1,  9320] loss: 0.132
[1,  9340] loss: 0.118
[1,  9360] loss: 0.102
[1,  9380] loss: 0.128
[1,  9400] loss: 0.464
[1,  9420] loss: 0.122
[1,  9440] loss: 1.077
[1,  9460] loss: 0.949
[1,  9480] loss: 1.021
[1,  9500] loss: 0.391
[1,  9520] loss: 0.266
[1,  9540] loss: 0.264
[1,  9560] loss: 0.160
[1,  9580] loss: 0.098
[1,  9600] loss: 0.037
[1,  9620] loss: 0.075
[1,  9640] loss: 0.174
[1,  9660] loss: 0.222
[1,  9680] loss: 0.493
[1,  9700] loss: 0.160
[1,  9720] loss: 0.122
[1,  9740] loss: 0.202
[1,  9760] loss: 0.218
[1,  9780] loss: 0.269
[1,  9800] loss: 0.061
[1,  9820] loss: 0.091
[1,  9840] loss: 0.123
[1,  9860] loss: 0.115
[1,  9880] loss: 0.220
[1,  9900] loss: 0.400
[1,  9920] loss: 0.309
[1,  9940] loss: 0.331
[1,  9960] loss: 0.105
[1,  9980] loss: 0.041
[1, 10000] loss: 0.075
[1, 10020] loss: 0.100
[1, 10040] loss: 0.104
[1, 10060] loss: 0.406
[1, 10080] loss: 0.153
[1, 10100] loss: 0.243
[1, 10120] loss: 0.179
[1, 10140] loss: 0.205
[1, 10160] loss: 0.115
[1, 10180] loss: 0.088
[1, 10200] loss: 0.252
[1, 10220] loss: 0.312
[1, 10240] loss: 0.224
[1, 10260] loss: 0.098
[1, 10280] loss: 0.101
[1, 10300] loss: 0.085
[1, 10320] loss: 0.258
[1, 10340] loss: 0.210
[1, 10360] loss: 0.307
[1, 10380] loss: 0.348
[1, 10400] loss: 0.252
[1, 10420] loss: 0.598
[1, 10440] loss: 0.471
[1, 10460] loss: 1.037
[1, 10480] loss: 0.201
[1, 10500] loss: 0.433
[1, 10520] loss: 0.113
[1, 10540] loss: 0.493
[1, 10560] loss: 0.176
[1, 10580] loss: 0.244
[1, 10600] loss: 0.216
[1, 10620] loss: 0.233
[1, 10640] loss: 0.071
[1, 10660] loss: 0.105
[1, 10680] loss: 0.085
[1, 10700] loss: 0.370
[1, 10720] loss: 0.295
[1, 10740] loss: 0.379
[1, 10760] loss: 0.104
[1, 10780] loss: 0.260
[1, 10800] loss: 0.192
[1, 10820] loss: 0.239
[1, 10840] loss: 0.339
[1, 10860] loss: 0.249
[1, 10880] loss: 0.186
[1, 10900] loss: 0.846
[1, 10920] loss: 0.791
[1, 10940] loss: 0.545
[1, 10960] loss: 0.442
[1, 10980] loss: 0.405
[1, 11000] loss: 1.484
[1, 11020] loss: 0.400
[1, 11040] loss: 0.245
[1, 11060] loss: 0.312
[1, 11080] loss: 0.211
[1, 11100] loss: 0.242
[1, 11120] loss: 0.163
[1, 11140] loss: 0.069
[1, 11160] loss: 0.211
[1, 11180] loss: 0.313
[1, 11200] loss: 0.185
[1, 11220] loss: 0.078
[1, 11240] loss: 0.133
[1, 11260] loss: 0.093
[1, 11280] loss: 0.165
[1, 11300] loss: 0.114
[1, 11320] loss: 0.300
[1, 11340] loss: 0.125
[1, 11360] loss: 0.350
[1, 11380] loss: 0.260
[1, 11400] loss: 0.238
[1, 11420] loss: 0.252
[1, 11440] loss: 0.139
[1, 11460] loss: 0.079
[1, 11480] loss: 0.156
[1, 11500] loss: 0.091
[1, 11520] loss: 0.194
[1, 11540] loss: 0.145
[1, 11560] loss: 0.132
[1, 11580] loss: 0.207
[1, 11600] loss: 0.153
[1, 11620] loss: 0.273
[1, 11640] loss: 0.579
[1, 11660] loss: 0.106
[1, 11680] loss: 0.048
[1, 11700] loss: 0.341
[1, 11720] loss: 0.163
[1, 11740] loss: 0.341
[1, 11760] loss: 0.352
[1, 11780] loss: 0.190
[1, 11800] loss: 0.176
[1, 11820] loss: 0.168
[1, 11840] loss: 0.170
[1, 11860] loss: 1.267
[1, 11880] loss: 0.496
[1, 11900] loss: 0.194
[1, 11920] loss: 0.191
[1, 11940] loss: 0.130
[1, 11960] loss: 0.249
[1, 11980] loss: 0.258
[1, 12000] loss: 0.121
[1, 12020] loss: 0.048
[1, 12040] loss: 0.177
[1, 12060] loss: 0.085
[1, 12080] loss: 0.116
[1, 12100] loss: 0.126
[1, 12120] loss: 0.190
[1, 12140] loss: 0.216
[1, 12160] loss: 0.073
[1, 12180] loss: 0.129
[1, 12200] loss: 0.179
[1, 12220] loss: 0.171
[1, 12240] loss: 0.100
[1, 12260] loss: 0.070
[1, 12280] loss: 0.061
[1, 12300] loss: 0.093
[1, 12320] loss: 0.049
[1, 12340] loss: 0.073
[1, 12360] loss: 0.140
[1, 12380] loss: 0.101
[1, 12400] loss: 0.051
[1, 12420] loss: 0.097
[1, 12440] loss: 0.095
[1, 12460] loss: 0.043
[1, 12480] loss: 0.221
[1, 12500] loss: 1.141
[1, 12520] loss: 0.660
[1, 12540] loss: 0.282
[1, 12560] loss: 0.306
[1, 12580] loss: 0.422
[1, 12600] loss: 0.146
[1, 12620] loss: 0.459
[1, 12640] loss: 0.258
[1, 12660] loss: 0.119
[1, 12680] loss: 0.145
[1, 12700] loss: 0.144
[1, 12720] loss: 0.071
[1, 12740] loss: 0.216
[1, 12760] loss: 0.218
[1, 12780] loss: 0.473
[1, 12800] loss: 0.287
[1, 12820] loss: 0.100
[1, 12840] loss: 0.204
[1, 12860] loss: 0.176
[1, 12880] loss: 0.131
[1, 12900] loss: 0.178
[1, 12920] loss: 0.092
[1, 12940] loss: 0.093
[1, 12960] loss: 0.069
[1, 12980] loss: 0.046
[1, 13000] loss: 0.082
[1, 13020] loss: 0.087
[1, 13040] loss: 0.177
[1, 13060] loss: 0.345
[1, 13080] loss: 0.211
[1, 13100] loss: 0.146
[1, 13120] loss: 0.062
[1, 13140] loss: 0.175
[1, 13160] loss: 0.174
[1, 13180] loss: 0.176
[1, 13200] loss: 0.349
[1, 13220] loss: 0.423
[1, 13240] loss: 0.179
[1, 13260] loss: 0.151
[1, 13280] loss: 0.177
[1, 13300] loss: 0.049
[1, 13320] loss: 0.186
[1, 13340] loss: 0.215
[1, 13360] loss: 0.196
[1, 13380] loss: 0.053
[1, 13400] loss: 0.100
[1, 13420] loss: 0.053
[1, 13440] loss: 0.052
[1, 13460] loss: 0.055
[1, 13480] loss: 0.067
[1, 13500] loss: 0.060
[1, 13520] loss: 0.185
[1, 13540] loss: 0.101
[1, 13560] loss: 0.025
[1, 13580] loss: 0.052
[1, 13600] loss: 0.128
[1, 13620] loss: 0.030
[1, 13640] loss: 0.041
[1, 13660] loss: 0.203
[1, 13680] loss: 0.656
[1, 13700] loss: 0.811
[1, 13720] loss: 0.436
[1, 13740] loss: 0.208
[1, 13760] loss: 0.185
[1, 13780] loss: 0.072
[1, 13800] loss: 0.053
[1, 13820] loss: 0.058
[1, 13840] loss: 0.065
[1, 13860] loss: 0.107
[1, 13880] loss: 0.049
[1, 13900] loss: 0.082
[1, 13920] loss: 0.164
[1, 13940] loss: 0.155
[1, 13960] loss: 0.080
[1, 13980] loss: 0.133
[1, 14000] loss: 0.074
[1, 14020] loss: 0.150
[1, 14040] loss: 0.190
[1, 14060] loss: 0.052
[1, 14080] loss: 0.165
[1, 14100] loss: 0.053
[1, 14120] loss: 0.106
[1, 14140] loss: 0.101
[1, 14160] loss: 0.050
[1, 14180] loss: 0.214
[1, 14200] loss: 0.136
[1, 14220] loss: 0.129
[1, 14240] loss: 0.061
[1, 14260] loss: 0.175
[1, 14280] loss: 0.051
[1, 14300] loss: 0.133
[1, 14320] loss: 0.024
[1, 14340] loss: 0.065
[1, 14360] loss: 0.109
[1, 14380] loss: 0.107
[1, 14400] loss: 0.193
[1, 14420] loss: 0.087
[1, 14440] loss: 0.248
[1, 14460] loss: 0.073
[1, 14480] loss: 0.083
[1, 14500] loss: 0.203
[1, 14520] loss: 0.157
[1, 14540] loss: 0.055
[1, 14560] loss: 0.048
[1, 14580] loss: 0.100
[1, 14600] loss: 0.059
[1, 14620] loss: 0.057
[1, 14640] loss: 0.344
[1, 14660] loss: 0.158
[1, 14680] loss: 0.196
[1, 14700] loss: 0.143
[1, 14720] loss: 0.072
[1, 14740] loss: 0.049
[1, 14760] loss: 0.239
[1, 14780] loss: 0.082
[1, 14800] loss: 0.128
[1, 14820] loss: 0.033
[1, 14840] loss: 0.103
[1, 14860] loss: 0.089
[1, 14880] loss: 0.073
[1, 14900] loss: 0.101
[1, 14920] loss: 0.139
[1, 14940] loss: 0.136
[1, 14960] loss: 0.080
[1, 14980] loss: 0.051
[1, 15000] loss: 0.080
[1, 15020] loss: 0.210
[1, 15040] loss: 0.388
[1, 15060] loss: 0.260
[1, 15080] loss: 0.176
[1, 15100] loss: 0.326
[1, 15120] loss: 41.437
[1, 15140] loss: 146517.360
[1, 15160] loss: 3213877.992
[1, 15180] loss: 1647195.051
[1, 15200] loss: 11324798.792
[1, 15220] loss: 6706641.073
[1, 15240] loss: 835179.785
[1, 15260] loss: 19370.326
[1, 15280] loss: 19123.813
[1, 15300] loss: 2367.293
[1, 15320] loss: 1949.165
[1, 15340] loss: 1005.141
[1, 15360] loss: 661.684
[1, 15380] loss: 386.521
[1, 15400] loss: 666.100
[1, 15420] loss: 139.775
[1, 15440] loss: 338.841
[1, 15460] loss: 223.971
[1, 15480] loss: 229.398
[1, 15500] loss: 405.695
[1, 15520] loss: 349.936
[1, 15540] loss: 314.791
[1, 15560] loss: 146.226
[1, 15580] loss: 161.438
[1, 15600] loss: 263.905
[1, 15620] loss: 149.458
[1, 15640] loss: 138.349
[1, 15660] loss: 103.525
[1, 15680] loss: 54.126
[1, 15700] loss: 159.128
[1, 15720] loss: 159.374
[1, 15740] loss: 85.207
[1, 15760] loss: 137.572
[1, 15780] loss: 72.598
[1, 15800] loss: 61.572
[1, 15820] loss: 69.554
[1, 15840] loss: 71.622
[1, 15860] loss: 92.235
[1, 15880] loss: 85.464
[1, 15900] loss: 128.436
[1, 15920] loss: 81.392
[1, 15940] loss: 114.008
[1, 15960] loss: 41.478
[1, 15980] loss: 93.030
[1, 16000] loss: 47.300
[1, 16020] loss: 67.295
[1, 16040] loss: 34.789
[1, 16060] loss: 45.538
[1, 16080] loss: 34.544
[1, 16100] loss: 59.948
[1, 16120] loss: 39.523
[1, 16140] loss: 41.564
[1, 16160] loss: 36.752
[1, 16180] loss: 62.706
[1, 16200] loss: 38.661
[1, 16220] loss: 26.094
[1, 16240] loss: 30.010
[1, 16260] loss: 20.180
[1, 16280] loss: 31.455
[1, 16300] loss: 30.104
[1, 16320] loss: 27.423
[1, 16340] loss: 20.119
[1, 16360] loss: 24.046
[1, 16380] loss: 18.661
[1, 16400] loss: 54.240
[1, 16420] loss: 33.069
[1, 16440] loss: 20.368
[1, 16460] loss: 27.267
[1, 16480] loss: 26.613
[1, 16500] loss: 32.793
[1, 16520] loss: 22.569
[1, 16540] loss: 18.212
[1, 16560] loss: 25.732
[1, 16580] loss: 22.181
[1, 16600] loss: 15.186
[1, 16620] loss: 26.712
[1, 16640] loss: 30.265
[1, 16660] loss: 12.566
[1, 16680] loss: 26.572
[1, 16700] loss: 34.243
[1, 16720] loss: 15.201
[1, 16740] loss: 24.966
[1, 16760] loss: 28.078
[1, 16780] loss: 22.410
[1, 16800] loss: 25.912
[1, 16820] loss: 37.703
[1, 16840] loss: 11.462
[1, 16860] loss: 16.882
[1, 16880] loss: 19.464
[1, 16900] loss: 22.109
[1, 16920] loss: 14.541
[1, 16940] loss: 9.404
[1, 16960] loss: 22.789
[1, 16980] loss: 36.579
[1, 17000] loss: 35.628
[1, 17020] loss: 12.241
[1, 17040] loss: 14.297
[1, 17060] loss: 15.723
[1, 17080] loss: 15.799
[1, 17100] loss: 9.980
[1, 17120] loss: 19.252
[1, 17140] loss: 11.996
[1, 17160] loss: 10.348
[1, 17180] loss: 14.006
[1, 17200] loss: 20.532
[1, 17220] loss: 18.240
[1, 17240] loss: 16.355
[1, 17260] loss: 37.395
[1, 17280] loss: 26.835
[1, 17300] loss: 13.126
[1, 17320] loss: 23.367
[1, 17340] loss: 12.611
[1, 17360] loss: 15.707
[1, 17380] loss: 12.302
[1, 17400] loss: 11.326
[1, 17420] loss: 14.039
[1, 17440] loss: 13.718
[1, 17460] loss: 26.824
[1, 17480] loss: 28.431
[1, 17500] loss: 10.960
[1, 17520] loss: 8.524
[1, 17540] loss: 9.562
[1, 17560] loss: 11.213
[1, 17580] loss: 10.619
[1, 17600] loss: 16.517
[1, 17620] loss: 12.525
[1, 17640] loss: 26.682
[1, 17660] loss: 12.097
[1, 17680] loss: 7.376
[1, 17700] loss: 28.372
[1, 17720] loss: 14.757
[1, 17740] loss: 10.817
[1, 17760] loss: 13.598
[1, 17780] loss: 19.084
[1, 17800] loss: 20.132
[1, 17820] loss: 9.022
[1, 17840] loss: 11.782
[1, 17860] loss: 13.394
[1, 17880] loss: 17.354
[1, 17900] loss: 17.053
[1, 17920] loss: 12.200
[1, 17940] loss: 12.585
[1, 17960] loss: 5.595
[1, 17980] loss: 22.842
[1, 18000] loss: 11.792
[1, 18020] loss: 10.852
[1, 18040] loss: 6.620
[1, 18060] loss: 18.452
[1, 18080] loss: 20.483
[1, 18100] loss: 37.143
[1, 18120] loss: 15.831
[1, 18140] loss: 7.732
[1, 18160] loss: 20.085
[1, 18180] loss: 8.563
[1, 18200] loss: 7.926
[1, 18220] loss: 15.275
[1, 18240] loss: 27.652
[1, 18260] loss: 14.413
[1, 18280] loss: 18.450
[1, 18300] loss: 9.427
[1, 18320] loss: 12.405
[1, 18340] loss: 11.940
[1, 18360] loss: 7.866
[1, 18380] loss: 14.648
[1, 18400] loss: 10.669
[1, 18420] loss: 25.220
[1, 18440] loss: 10.994
[1, 18460] loss: 13.442
[1, 18480] loss: 12.282
[1, 18500] loss: 23.061
[1, 18520] loss: 28.403
[1, 18540] loss: 14.232
[1, 18560] loss: 16.545
[1, 18580] loss: 16.504
[1, 18600] loss: 21.324
[1, 18620] loss: 8.404
[1, 18640] loss: 15.305
[1, 18660] loss: 15.563
[1, 18680] loss: 24.658
[1, 18700] loss: 16.298
[1, 18720] loss: 17.773
[1, 18740] loss: 11.790
[1, 18760] loss: 19.371
[1, 18780] loss: 8.089
[1, 18800] loss: 6.954
[1, 18820] loss: 15.379
[1, 18840] loss: 12.378
[1, 18860] loss: 8.373
[1, 18880] loss: 16.231
[1, 18900] loss: 11.785
[1, 18920] loss: 6.732
[1, 18940] loss: 19.448
[1, 18960] loss: 23.217
[1, 18980] loss: 13.237
[1, 19000] loss: 12.723
[1, 19020] loss: 13.182
[1, 19040] loss: 6.324
[1, 19060] loss: 10.565
[1, 19080] loss: 9.825
[1, 19100] loss: 12.098
[1, 19120] loss: 11.090
[1, 19140] loss: 11.363
[1, 19160] loss: 19.183
[1, 19180] loss: 23.758
[1, 19200] loss: 32.331
[1, 19220] loss: 47.077
[1, 19240] loss: 32.213
[1, 19260] loss: 5.403
[1, 19280] loss: 18.355
[1, 19300] loss: 8.319
[1, 19320] loss: 28.699
[1, 19340] loss: 17.649
[1, 19360] loss: 14.476
[1, 19380] loss: 15.449
[1, 19400] loss: 13.731
[1, 19420] loss: 13.633
[1, 19440] loss: 22.017
[1, 19460] loss: 12.916
[1, 19480] loss: 3.609
[1, 19500] loss: 5.717
[1, 19520] loss: 10.724
[1, 19540] loss: 10.532
[1, 19560] loss: 10.789
[1, 19580] loss: 13.912
[1, 19600] loss: 12.650
[1, 19620] loss: 36.083
[1, 19640] loss: 17.532
[1, 19660] loss: 49.925
[1, 19680] loss: 79.311
[1, 19700] loss: 72.467
[1, 19720] loss: 11.643
[1, 19740] loss: 32.681
[1, 19760] loss: 14.673
[1, 19780] loss: 8.694
[1, 19800] loss: 17.930
[1, 19820] loss: 22.475
[1, 19840] loss: 30.303
[1, 19860] loss: 58.643
[1, 19880] loss: 34.692
[1, 19900] loss: 39.668
[1, 19920] loss: 8.188
[1, 19940] loss: 11.469
[1, 19960] loss: 21.045
[1, 19980] loss: 9.042
[1, 20000] loss: 6.758
[1, 20020] loss: 27.238
[1, 20040] loss: 14.246
[1, 20060] loss: 28.607
[1, 20080] loss: 93.119
[1, 20100] loss: 46.279
[1, 20120] loss: 28.813
[1, 20140] loss: 13.333
[1, 20160] loss: 12.108
[1, 20180] loss: 29.739
[1, 20200] loss: 8.658
[1, 20220] loss: 12.991
[1, 20240] loss: 6.847
[1, 20260] loss: 6.477
[1, 20280] loss: 7.113
[1, 20300] loss: 8.409
[1, 20320] loss: 11.856
[1, 20340] loss: 16.389
[1, 20360] loss: 10.558
[1, 20380] loss: 14.438
[1, 20400] loss: 7.795
[1, 20420] loss: 23.097
[1, 20440] loss: 63.722
[1, 20460] loss: 119.365
[1, 20480] loss: 101.299
[1, 20500] loss: 94.219
[1, 20520] loss: 48.935
[1, 20540] loss: 14.656
[1, 20560] loss: 10.948
[1, 20580] loss: 31.635
[1, 20600] loss: 13.108
[1, 20620] loss: 13.193
[1, 20640] loss: 4.988
[1, 20660] loss: 6.666
[1, 20680] loss: 13.025
[1, 20700] loss: 17.036
[1, 20720] loss: 23.191
[1, 20740] loss: 83.284
[1, 20760] loss: 77.108
[1, 20780] loss: 125.900
[1, 20800] loss: 52.200
[1, 20820] loss: 220.906
[1, 20840] loss: 89.152
[1, 20860] loss: 90.484
[1, 20880] loss: 26.359
[1, 20900] loss: 29.203
[1, 20920] loss: 99.384
[1, 20940] loss: 124.693
[1, 20960] loss: 136.217
[1, 20980] loss: 67.187
[1, 21000] loss: 117.472
[1, 21020] loss: 421.311
[1, 21040] loss: 1470.873
[1, 21060] loss: 2838.364
[1, 21080] loss: 1988.518
[1, 21100] loss: 942.362
[1, 21120] loss: 77.058
[1, 21140] loss: 56.574
[1, 21160] loss: 74.048
[1, 21180] loss: 167.486
[1, 21200] loss: 33.434
[1, 21220] loss: 27.427
[1, 21240] loss: 20.630
[1, 21260] loss: 18.744
[1, 21280] loss: 15.469
[1, 21300] loss: 18.856
[1, 21320] loss: 22.704
[1, 21340] loss: 15.545
[1, 21360] loss: 15.319
[1, 21380] loss: 13.786
[1, 21400] loss: 8.991
[1, 21420] loss: 12.245
[1, 21440] loss: 8.182
[1, 21460] loss: 13.266
[1, 21480] loss: 23.926
[1, 21500] loss: 16.915
[1, 21520] loss: 7.169
[1, 21540] loss: 3.257
[1, 21560] loss: 1.414
[1, 21580] loss: 1.555
[1, 21600] loss: 2.232
[1, 21620] loss: 2.877
[1, 21640] loss: 5.889
[1, 21660] loss: 4.592
[1, 21680] loss: 4.835
[1, 21700] loss: 3.467
[1, 21720] loss: 2.444
[1, 21740] loss: 4.307
[1, 21760] loss: 2.833
[1, 21780] loss: 1.619
[1, 21800] loss: 2.361
[1, 21820] loss: 1.792
[1, 21840] loss: 1.958
[1, 21860] loss: 1.501
[1, 21880] loss: 1.178
[1, 21900] loss: 1.381
[1, 21920] loss: 1.428
[1, 21940] loss: 2.586
[1, 21960] loss: 1.024
[1, 21980] loss: 0.957
[1, 22000] loss: 0.907
[1, 22020] loss: 1.208
[1, 22040] loss: 2.242
[1, 22060] loss: 3.083
[1, 22080] loss: 5.961
[1, 22100] loss: 0.761
[1, 22120] loss: 2.645
[1, 22140] loss: 1.866
[1, 22160] loss: 1.628
[1, 22180] loss: 1.409
[1, 22200] loss: 1.504
[1, 22220] loss: 1.443
[1, 22240] loss: 1.591
[1, 22260] loss: 1.852
[1, 22280] loss: 1.428
[1, 22300] loss: 2.592
[1, 22320] loss: 1.083
[1, 22340] loss: 0.895
[1, 22360] loss: 3.421
[1, 22380] loss: 2.605
[1, 22400] loss: 1.674
[1, 22420] loss: 2.614
[1, 22440] loss: 9.075
[1, 22460] loss: 14.393
[1, 22480] loss: 3.223
[1, 22500] loss: 3.073
[1, 22520] loss: 1.630
[1, 22540] loss: 2.018
[1, 22560] loss: 0.871
[1, 22580] loss: 0.770
[1, 22600] loss: 2.975
[1, 22620] loss: 1.440
[1, 22640] loss: 3.001
[1, 22660] loss: 6.149
[1, 22680] loss: 4.478
[1, 22700] loss: 16.460
[1, 22720] loss: 16.653
[1, 22740] loss: 4.750
[1, 22760] loss: 3.704
[1, 22780] loss: 2.928
[1, 22800] loss: 1.527
[1, 22820] loss: 2.915
[1, 22840] loss: 1.269
[1, 22860] loss: 1.698
[1, 22880] loss: 5.258
[1, 22900] loss: 3.945
[1, 22920] loss: 3.834
[1, 22940] loss: 4.830
[1, 22960] loss: 2.343
[1, 22980] loss: 3.768
[1, 23000] loss: 20.027
[1, 23020] loss: 10.709
[1, 23040] loss: 6.515
[1, 23060] loss: 8.517
[1, 23080] loss: 4.679
[1, 23100] loss: 8.462
[1, 23120] loss: 9.831
[1, 23140] loss: 11.633
[1, 23160] loss: 12.621
[1, 23180] loss: 38.055
[1, 23200] loss: 73.898
[1, 23220] loss: 13.195
[1, 23240] loss: 6.895
[1, 23260] loss: 4.851
[1, 23280] loss: 9.404
[1, 23300] loss: 2.571
[1, 23320] loss: 10.052
[1, 23340] loss: 22.577
[1, 23360] loss: 16.099
[1, 23380] loss: 5.502
[1, 23400] loss: 10.443
[1, 23420] loss: 14.995
[1, 23440] loss: 15.200
[1, 23460] loss: 9.903
[1, 23480] loss: 6.252
[1, 23500] loss: 5.868
[1, 23520] loss: 1.646
[1, 23540] loss: 6.694
[1, 23560] loss: 10.441
[1, 23580] loss: 20.239
[1, 23600] loss: 2.992
[1, 23620] loss: 4.340
[1, 23640] loss: 2.575
[1, 23660] loss: 5.840
[1, 23680] loss: 3.674
[1, 23700] loss: 1.801
[1, 23720] loss: 1.131
[1, 23740] loss: 1.078
[1, 23760] loss: 5.008
[1, 23780] loss: 5.004
[1, 23800] loss: 5.268
[1, 23820] loss: 8.891
[1, 23840] loss: 8.558
[1, 23860] loss: 7.379
[1, 23880] loss: 15.678
[1, 23900] loss: 21.579
[1, 23920] loss: 33.797
[1, 23940] loss: 11.868
[1, 23960] loss: 28.724
[1, 23980] loss: 45.736
[1, 24000] loss: 97.372
[1, 24020] loss: 244.751
[1, 24040] loss: 159.655
[1, 24060] loss: 45.642
[1, 24080] loss: 28.541
[1, 24100] loss: 22.839
[1, 24120] loss: 15.779
[1, 24140] loss: 12.034
[1, 24160] loss: 11.274
[1, 24180] loss: 3.021
[1, 24200] loss: 6.728
[1, 24220] loss: 2.280
[1, 24240] loss: 1.078
[1, 24260] loss: 2.285
[1, 24280] loss: 0.597
[1, 24300] loss: 1.055
[1, 24320] loss: 2.573
[1, 24340] loss: 2.015
[1, 24360] loss: 4.050
[1, 24380] loss: 1.475
[1, 24400] loss: 2.582
[1, 24420] loss: 2.610
[1, 24440] loss: 1.485
[1, 24460] loss: 1.987
[1, 24480] loss: 1.867
[1, 24500] loss: 0.985
[1, 24520] loss: 1.215
[1, 24540] loss: 3.292
[1, 24560] loss: 1.233
[1, 24580] loss: 1.854
[1, 24600] loss: 1.053
[1, 24620] loss: 1.096
[1, 24640] loss: 0.522
[1, 24660] loss: 0.456
[1, 24680] loss: 0.932
[1, 24700] loss: 0.938
[1, 24720] loss: 0.814
[1, 24740] loss: 0.705
[1, 24760] loss: 0.643
[1, 24780] loss: 0.578
[1, 24800] loss: 0.725
[1, 24820] loss: 1.087
[1, 24840] loss: 1.784
[1, 24860] loss: 2.314
[1, 24880] loss: 2.607
[1, 24900] loss: 3.073
[1, 24920] loss: 1.391
[1, 24940] loss: 1.985
[1, 24960] loss: 2.353
[1, 24980] loss: 2.172
[1, 25000] loss: 2.721
[1, 25020] loss: 3.039
[1, 25040] loss: 1.456
[1, 25060] loss: 1.936
[1, 25080] loss: 2.755
[1, 25100] loss: 2.025
[1, 25120] loss: 1.154
[1, 25140] loss: 0.782
[1, 25160] loss: 1.400
[1, 25180] loss: 1.339
[1, 25200] loss: 2.262
[1, 25220] loss: 2.862
[1, 25240] loss: 1.036
[1, 25260] loss: 1.424
[1, 25280] loss: 0.927
[1, 25300] loss: 0.463
[1, 25320] loss: 1.132
[1, 25340] loss: 0.888
[1, 25360] loss: 1.510
[1, 25380] loss: 3.130
[1, 25400] loss: 2.437
[1, 25420] loss: 12.090
[1, 25440] loss: 6.739
[1, 25460] loss: 9.426
[1, 25480] loss: 19.123
[1, 25500] loss: 61.060
[1, 25520] loss: 131.487
[1, 25540] loss: 83.355
[1, 25560] loss: 89.020
[1, 25580] loss: 34.424
[1, 25600] loss: 9.024
[1, 25620] loss: 5.379
[1, 25640] loss: 1.179
[1, 25660] loss: 5.808
[1, 25680] loss: 1.729
[1, 25700] loss: 1.776
[1, 25720] loss: 0.548
[1, 25740] loss: 0.567
[1, 25760] loss: 0.452
[1, 25780] loss: 0.726
[1, 25800] loss: 0.354
[1, 25820] loss: 0.209
[1, 25840] loss: 0.422
[1, 25860] loss: 0.307
[1, 25880] loss: 0.355
[1, 25900] loss: 0.241
[1, 25920] loss: 0.994
[1, 25940] loss: 0.643
[1, 25960] loss: 0.408
[1, 25980] loss: 0.340
[1, 26000] loss: 0.310
[1, 26020] loss: 0.103
[1, 26040] loss: 0.870
[1, 26060] loss: 0.232
[1, 26080] loss: 0.458
[1, 26100] loss: 0.332
[1, 26120] loss: 0.244
[1, 26140] loss: 0.160
[1, 26160] loss: 0.285
[1, 26180] loss: 0.257
[1, 26200] loss: 0.586
[1, 26220] loss: 0.328
[1, 26240] loss: 0.585
[1, 26260] loss: 0.552
[1, 26280] loss: 0.298
[1, 26300] loss: 0.206
[1, 26320] loss: 0.721
[1, 26340] loss: 0.343
[1, 26360] loss: 0.157
[1, 26380] loss: 0.180
[1, 26400] loss: 0.133
[1, 26420] loss: 0.270
[1, 26440] loss: 0.368
[1, 26460] loss: 0.193
[1, 26480] loss: 0.241
[1, 26500] loss: 0.263
[1, 26520] loss: 0.389
[1, 26540] loss: 0.363
[1, 26560] loss: 0.151
[1, 26580] loss: 0.222
[1, 26600] loss: 0.321
[1, 26620] loss: 0.478
[1, 26640] loss: 2.234
[1, 26660] loss: 2.210
[1, 26680] loss: 5.419
[1, 26700] loss: 2.890
[1, 26720] loss: 0.890
[1, 26740] loss: 0.677
[1, 26760] loss: 0.500
[1, 26780] loss: 1.394
[1, 26800] loss: 0.394
[1, 26820] loss: 0.197
[1, 26840] loss: 0.421
[1, 26860] loss: 0.548
[1, 26880] loss: 0.313
[1, 26900] loss: 0.578
[1, 26920] loss: 0.445
[1, 26940] loss: 0.425
[1, 26960] loss: 0.537
[1, 26980] loss: 0.630
[1, 27000] loss: 0.522
[1, 27020] loss: 0.320
[1, 27040] loss: 0.645
[1, 27060] loss: 0.193
[1, 27080] loss: 0.379
[1, 27100] loss: 0.663
[1, 27120] loss: 5.349
[1, 27140] loss: 15.560
[1, 27160] loss: 3.576
[1, 27180] loss: 5.361
[1, 27200] loss: 2.280
[1, 27220] loss: 0.936
[1, 27240] loss: 1.187
[1, 27260] loss: 0.601
[1, 27280] loss: 0.971
[1, 27300] loss: 0.583
[1, 27320] loss: 0.525
[1, 27340] loss: 0.487
[1, 27360] loss: 0.305
[1, 27380] loss: 0.351
[1, 27400] loss: 0.305
[1, 27420] loss: 0.649
[1, 27440] loss: 0.989
[1, 27460] loss: 1.784
[1, 27480] loss: 2.385
[1, 27500] loss: 2.248
[1, 27520] loss: 3.959
[1, 27540] loss: 6.147
[1, 27560] loss: 8.606
[1, 27580] loss: 8.731
[1, 27600] loss: 11.449
[1, 27620] loss: 21.837
[1, 27640] loss: 8.612
[1, 27660] loss: 4.248
[1, 27680] loss: 6.777
[1, 27700] loss: 2.379
[1, 27720] loss: 8.613
[1, 27740] loss: 6.381
[1, 27760] loss: 5.895
[1, 27780] loss: 4.026
[1, 27800] loss: 0.620
[1, 27820] loss: 0.387
[1, 27840] loss: 0.308
[1, 27860] loss: 0.436
[1, 27880] loss: 0.495
[1, 27900] loss: 0.809
[1, 27920] loss: 0.643
[1, 27940] loss: 0.709
[1, 27960] loss: 0.383
[1, 27980] loss: 0.521
[1, 28000] loss: 0.430
[1, 28020] loss: 1.189
[1, 28040] loss: 1.100
[1, 28060] loss: 0.619
[1, 28080] loss: 0.697
[1, 28100] loss: 2.657
[1, 28120] loss: 1.030
[1, 28140] loss: 1.276
[1, 28160] loss: 1.489
[1, 28180] loss: 1.872
[1, 28200] loss: 3.518
[1, 28220] loss: 1.834
[1, 28240] loss: 0.592
[1, 28260] loss: 0.526
[1, 28280] loss: 0.663
[1, 28300] loss: 0.314
[1, 28320] loss: 0.242
[1, 28340] loss: 0.373
[1, 28360] loss: 0.205
[1, 28380] loss: 0.225
[1, 28400] loss: 0.999
[1, 28420] loss: 1.544
[1, 28440] loss: 1.265
[1, 28460] loss: 0.842
[1, 28480] loss: 0.647
[1, 28500] loss: 0.247
[1, 28520] loss: 0.189
[1, 28540] loss: 0.250
[1, 28560] loss: 0.864
[1, 28580] loss: 1.324
[1, 28600] loss: 0.925
[1, 28620] loss: 0.553
[1, 28640] loss: 0.429
[1, 28660] loss: 0.366
[1, 28680] loss: 1.140
[1, 28700] loss: 0.423
[1, 28720] loss: 0.467
[1, 28740] loss: 0.668
[1, 28760] loss: 0.279
[1, 28780] loss: 0.205
[1, 28800] loss: 0.116
[1, 28820] loss: 0.643
[1, 28840] loss: 2.110
[1, 28860] loss: 2.500
[1, 28880] loss: 2.053
[1, 28900] loss: 1.730
[1, 28920] loss: 0.932
[1, 28940] loss: 0.766
[1, 28960] loss: 1.072
[1, 28980] loss: 1.333
[1, 29000] loss: 1.293
[1, 29020] loss: 1.142
[1, 29040] loss: 5.053
[1, 29060] loss: 3.764
[1, 29080] loss: 2.188
[1, 29100] loss: 1.152
[1, 29120] loss: 1.626
[1, 29140] loss: 1.473
[1, 29160] loss: 0.776
[1, 29180] loss: 0.904
[1, 29200] loss: 1.937
[1, 29220] loss: 8.730
[1, 29240] loss: 7.841
[1, 29260] loss: 4.939
[1, 29280] loss: 5.138
[1, 29300] loss: 1.202
[1, 29320] loss: 0.670
[1, 29340] loss: 1.290
[1, 29360] loss: 2.472
[1, 29380] loss: 1.840
[1, 29400] loss: 1.778
[1, 29420] loss: 1.084
[1, 29440] loss: 0.421
[1, 29460] loss: 0.669
[1, 29480] loss: 0.393
[1, 29500] loss: 0.218
[1, 29520] loss: 0.183
[1, 29540] loss: 0.228
[1, 29560] loss: 0.369
[1, 29580] loss: 0.322
[1, 29600] loss: 0.214
[1, 29620] loss: 0.198
[1, 29640] loss: 0.207
[1, 29660] loss: 0.128
[1, 29680] loss: 0.333
[1, 29700] loss: 0.335
[1, 29720] loss: 0.118
[1, 29740] loss: 0.200
[1, 29760] loss: 0.122
[1, 29780] loss: 0.368
[1, 29800] loss: 0.362
[1, 29820] loss: 0.449
[1, 29840] loss: 0.429
[1, 29860] loss: 0.185
[1, 29880] loss: 0.113
[1, 29900] loss: 0.287
[1, 29920] loss: 0.227
[1, 29940] loss: 0.374
[1, 29960] loss: 0.288
[1, 29980] loss: 0.285
[1, 30000] loss: 0.266
[1, 30020] loss: 0.517
[1, 30040] loss: 0.622
[1, 30060] loss: 0.450
[1, 30080] loss: 0.326
[1, 30100] loss: 0.497
[1, 30120] loss: 0.353
[1, 30140] loss: 0.284
[1, 30160] loss: 0.344
[1, 30180] loss: 0.327
[1, 30200] loss: 0.615
[1, 30220] loss: 0.342
[1, 30240] loss: 0.178
[1, 30260] loss: 0.166
[1, 30280] loss: 0.144
[1, 30300] loss: 0.284
[1, 30320] loss: 0.128
[1, 30340] loss: 0.182
[1, 30360] loss: 1.274
[1, 30380] loss: 2.037
[1, 30400] loss: 1.378
[1, 30420] loss: 0.522
[2,    20] loss: 0.760
[2,    40] loss: 1.004
[2,    60] loss: 0.440
[2,    80] loss: 1.185
[2,   100] loss: 0.680
[2,   120] loss: 1.004
[2,   140] loss: 1.693
[2,   160] loss: 2.334
[2,   180] loss: 1.065
[2,   200] loss: 0.291
[2,   220] loss: 0.172
[2,   240] loss: 0.163
[2,   260] loss: 0.177
[2,   280] loss: 0.112
[2,   300] loss: 0.300
[2,   320] loss: 0.087
[2,   340] loss: 0.162
[2,   360] loss: 0.135
[2,   380] loss: 0.117
[2,   400] loss: 0.185
[2,   420] loss: 0.288
[2,   440] loss: 0.122
[2,   460] loss: 0.177
[2,   480] loss: 0.158
[2,   500] loss: 0.246
[2,   520] loss: 0.112
[2,   540] loss: 0.202
[2,   560] loss: 0.229
[2,   580] loss: 0.926
[2,   600] loss: 0.671
[2,   620] loss: 0.201
[2,   640] loss: 0.296
[2,   660] loss: 0.541
[2,   680] loss: 0.224
[2,   700] loss: 0.253
[2,   720] loss: 0.220
[2,   740] loss: 0.127
[2,   760] loss: 0.310
[2,   780] loss: 0.413
[2,   800] loss: 0.531
[2,   820] loss: 1.154
[2,   840] loss: 0.349
[2,   860] loss: 0.342
[2,   880] loss: 1.789
[2,   900] loss: 1.113
[2,   920] loss: 0.497
[2,   940] loss: 0.413
[2,   960] loss: 0.317
[2,   980] loss: 0.492
[2,  1000] loss: 2.407
[2,  1020] loss: 1.733
[2,  1040] loss: 0.573
[2,  1060] loss: 0.973
[2,  1080] loss: 1.293
[2,  1100] loss: 0.522
[2,  1120] loss: 0.423
[2,  1140] loss: 0.190
[2,  1160] loss: 0.461
[2,  1180] loss: 0.391
[2,  1200] loss: 0.399
[2,  1220] loss: 0.536
[2,  1240] loss: 0.315
[2,  1260] loss: 0.478
[2,  1280] loss: 0.128
[2,  1300] loss: 0.221
[2,  1320] loss: 0.099
[2,  1340] loss: 0.055
[2,  1360] loss: 0.086
[2,  1380] loss: 0.306
[2,  1400] loss: 0.348
[2,  1420] loss: 0.355
[2,  1440] loss: 0.148
[2,  1460] loss: 0.289
[2,  1480] loss: 0.125
[2,  1500] loss: 0.216
[2,  1520] loss: 0.318
[2,  1540] loss: 0.096
[2,  1560] loss: 0.450
[2,  1580] loss: 0.337
[2,  1600] loss: 0.732
[2,  1620] loss: 0.259
[2,  1640] loss: 0.705
[2,  1660] loss: 0.355
[2,  1680] loss: 0.319
[2,  1700] loss: 0.128
[2,  1720] loss: 0.081
[2,  1740] loss: 0.237
[2,  1760] loss: 0.244
[2,  1780] loss: 0.170
[2,  1800] loss: 0.216
[2,  1820] loss: 0.049
[2,  1840] loss: 0.049
[2,  1860] loss: 0.068
[2,  1880] loss: 0.165
[2,  1900] loss: 0.118
[2,  1920] loss: 0.100
[2,  1940] loss: 0.178
[2,  1960] loss: 0.064
[2,  1980] loss: 0.054
[2,  2000] loss: 0.045
[2,  2020] loss: 0.118
[2,  2040] loss: 0.050
[2,  2060] loss: 0.127
[2,  2080] loss: 0.124
[2,  2100] loss: 0.108
[2,  2120] loss: 0.038
[2,  2140] loss: 0.059
[2,  2160] loss: 0.081
[2,  2180] loss: 0.131
[2,  2200] loss: 0.378
[2,  2220] loss: 0.299
[2,  2240] loss: 0.263
[2,  2260] loss: 0.450
[2,  2280] loss: 0.149
[2,  2300] loss: 0.098
[2,  2320] loss: 0.095
[2,  2340] loss: 0.115
[2,  2360] loss: 0.127
[2,  2380] loss: 0.251
[2,  2400] loss: 0.234
[2,  2420] loss: 0.151
[2,  2440] loss: 0.298
[2,  2460] loss: 0.276
[2,  2480] loss: 0.228
[2,  2500] loss: 0.091
[2,  2520] loss: 0.093
[2,  2540] loss: 0.181
[2,  2560] loss: 0.188
[2,  2580] loss: 0.529
[2,  2600] loss: 0.591
[2,  2620] loss: 0.190
[2,  2640] loss: 0.170
[2,  2660] loss: 0.091
[2,  2680] loss: 0.072
[2,  2700] loss: 0.117
[2,  2720] loss: 0.276
[2,  2740] loss: 0.807
[2,  2760] loss: 0.654
[2,  2780] loss: 0.407
[2,  2800] loss: 0.307
[2,  2820] loss: 0.332
[2,  2840] loss: 1.145
[2,  2860] loss: 2879.909
[2,  2880] loss: 16531137.396
[2,  2900] loss: 908302.400
[2,  2920] loss: 5116172.452
[2,  2940] loss: 2464618.964
[2,  2960] loss: 244938.464
[2,  2980] loss: 97126.813
[2,  3000] loss: 11690.060
[2,  3020] loss: 5785.652
[2,  3040] loss: 6072.372
[2,  3060] loss: 3985.307
[2,  3080] loss: 2683.700
[2,  3100] loss: 3238.010
[2,  3120] loss: 2067.404
[2,  3140] loss: 3206.587
[2,  3160] loss: 2325.328
[2,  3180] loss: 1879.104
[2,  3200] loss: 1248.755
[2,  3220] loss: 998.976
[2,  3240] loss: 1134.139
[2,  3260] loss: 1188.093
[2,  3280] loss: 950.801
[2,  3300] loss: 994.706
[2,  3320] loss: 1484.577
[2,  3340] loss: 1091.988
[2,  3360] loss: 1020.567
[2,  3380] loss: 1413.038
[2,  3400] loss: 566.785
[2,  3420] loss: 1151.118
[2,  3440] loss: 1385.623
[2,  3460] loss: 836.166
[2,  3480] loss: 1295.954
[2,  3500] loss: 723.128
[2,  3520] loss: 905.154
[2,  3540] loss: 897.407
[2,  3560] loss: 651.167
[2,  3580] loss: 670.572
[2,  3600] loss: 938.542
[2,  3620] loss: 344.012
[2,  3640] loss: 946.029
[2,  3660] loss: 653.147
[2,  3680] loss: 636.169
[2,  3700] loss: 332.934
[2,  3720] loss: 316.298
[2,  3740] loss: 229.535
[2,  3760] loss: 452.927
[2,  3780] loss: 424.719
[2,  3800] loss: 364.915
[2,  3820] loss: 192.274
[2,  3840] loss: 203.247
[2,  3860] loss: 570.858
[2,  3880] loss: 529.069
[2,  3900] loss: 594.160
[2,  3920] loss: 675.789
[2,  3940] loss: 423.924
[2,  3960] loss: 179.682
[2,  3980] loss: 190.650
[2,  4000] loss: 520.714
[2,  4020] loss: 586.141
[2,  4040] loss: 328.599
[2,  4060] loss: 294.351
[2,  4080] loss: 336.414
[2,  4100] loss: 239.019
[2,  4120] loss: 359.223
[2,  4140] loss: 384.707
[2,  4160] loss: 397.334
[2,  4180] loss: 238.263
[2,  4200] loss: 384.734
[2,  4220] loss: 105.402
[2,  4240] loss: 315.148
[2,  4260] loss: 408.932
[2,  4280] loss: 237.993
[2,  4300] loss: 300.393
[2,  4320] loss: 143.560
[2,  4340] loss: 216.511
[2,  4360] loss: 212.974
[2,  4380] loss: 232.136
[2,  4400] loss: 147.514
[2,  4420] loss: 163.350
[2,  4440] loss: 341.236
[2,  4460] loss: 368.976
[2,  4480] loss: 166.251
[2,  4500] loss: 135.890
[2,  4520] loss: 267.355
[2,  4540] loss: 410.862
[2,  4560] loss: 149.320
[2,  4580] loss: 177.800
[2,  4600] loss: 281.791
[2,  4620] loss: 209.718
[2,  4640] loss: 94.737
[2,  4660] loss: 225.652
[2,  4680] loss: 257.774
[2,  4700] loss: 173.120
[2,  4720] loss: 170.418
[2,  4740] loss: 216.309
[2,  4760] loss: 93.837
[2,  4780] loss: 165.883
[2,  4800] loss: 149.196
[2,  4820] loss: 139.801
[2,  4840] loss: 100.607
[2,  4860] loss: 93.327
[2,  4880] loss: 87.892
[2,  4900] loss: 202.637
[2,  4920] loss: 143.168
[2,  4940] loss: 148.937
[2,  4960] loss: 246.827
[2,  4980] loss: 150.718
[2,  5000] loss: 178.489
[2,  5020] loss: 107.354
[2,  5040] loss: 99.834
[2,  5060] loss: 109.093
[2,  5080] loss: 147.059
[2,  5100] loss: 160.017
[2,  5120] loss: 157.312
[2,  5140] loss: 54.507
[2,  5160] loss: 131.923
[2,  5180] loss: 85.004
[2,  5200] loss: 110.357
[2,  5220] loss: 35.778
[2,  5240] loss: 107.862
[2,  5260] loss: 90.595
[2,  5280] loss: 110.662
[2,  5300] loss: 74.234
[2,  5320] loss: 161.044
[2,  5340] loss: 73.681
[2,  5360] loss: 93.260
[2,  5380] loss: 91.254
[2,  5400] loss: 104.844
[2,  5420] loss: 89.701
[2,  5440] loss: 88.618
[2,  5460] loss: 107.590
[2,  5480] loss: 67.227
[2,  5500] loss: 112.492
[2,  5520] loss: 49.531
[2,  5540] loss: 102.751
[2,  5560] loss: 35.259
[2,  5580] loss: 43.671
[2,  5600] loss: 63.820
[2,  5620] loss: 156.602
[2,  5640] loss: 86.131
[2,  5660] loss: 110.044
[2,  5680] loss: 63.358
[2,  5700] loss: 57.014
[2,  5720] loss: 80.715
[2,  5740] loss: 78.629
[2,  5760] loss: 75.121
[2,  5780] loss: 90.414
[2,  5800] loss: 36.220
[2,  5820] loss: 72.388
[2,  5840] loss: 71.863
[2,  5860] loss: 93.994
[2,  5880] loss: 54.414
[2,  5900] loss: 95.421
[2,  5920] loss: 56.468
[2,  5940] loss: 59.837
[2,  5960] loss: 53.634
[2,  5980] loss: 50.085
[2,  6000] loss: 107.136
[2,  6020] loss: 32.847
[2,  6040] loss: 65.455
[2,  6060] loss: 46.385
[2,  6080] loss: 58.156
[2,  6100] loss: 48.143
[2,  6120] loss: 47.723
[2,  6140] loss: 65.212
[2,  6160] loss: 40.859
[2,  6180] loss: 51.591
[2,  6200] loss: 34.908
[2,  6220] loss: 71.469
[2,  6240] loss: 61.154
[2,  6260] loss: 38.830
[2,  6280] loss: 45.689
[2,  6300] loss: 38.050
[2,  6320] loss: 36.793
[2,  6340] loss: 72.617
[2,  6360] loss: 40.839
[2,  6380] loss: 51.888
[2,  6400] loss: 40.492
[2,  6420] loss: 41.282
[2,  6440] loss: 38.214
[2,  6460] loss: 28.874
[2,  6480] loss: 121.664
[2,  6500] loss: 60.957
[2,  6520] loss: 53.223
[2,  6540] loss: 29.293
[2,  6560] loss: 31.155
[2,  6580] loss: 11.439
[2,  6600] loss: 25.549
[2,  6620] loss: 54.661
[2,  6640] loss: 35.860
[2,  6660] loss: 32.686
[2,  6680] loss: 65.105
[2,  6700] loss: 29.957
[2,  6720] loss: 51.386
[2,  6740] loss: 29.047
[2,  6760] loss: 31.924
[2,  6780] loss: 26.684
[2,  6800] loss: 46.002
[2,  6820] loss: 43.410
[2,  6840] loss: 53.970
[2,  6860] loss: 66.554
[2,  6880] loss: 52.984
[2,  6900] loss: 30.882
[2,  6920] loss: 34.440
[2,  6940] loss: 38.135
[2,  6960] loss: 28.156
[2,  6980] loss: 33.626
[2,  7000] loss: 29.356
[2,  7020] loss: 31.727
[2,  7040] loss: 20.357
[2,  7060] loss: 26.771
[2,  7080] loss: 18.223
[2,  7100] loss: 31.447
[2,  7120] loss: 22.211
[2,  7140] loss: 22.669
[2,  7160] loss: 24.324
[2,  7180] loss: 27.060
[2,  7200] loss: 36.227
[2,  7220] loss: 24.606
[2,  7240] loss: 34.428
[2,  7260] loss: 29.362
[2,  7280] loss: 28.234
[2,  7300] loss: 20.146
[2,  7320] loss: 24.751
[2,  7340] loss: 25.511
[2,  7360] loss: 21.233
[2,  7380] loss: 27.545
[2,  7400] loss: 25.981
[2,  7420] loss: 19.407
[2,  7440] loss: 34.342
[2,  7460] loss: 18.120
[2,  7480] loss: 20.965
[2,  7500] loss: 14.786
[2,  7520] loss: 20.246
[2,  7540] loss: 22.392
[2,  7560] loss: 21.837
[2,  7580] loss: 18.769
[2,  7600] loss: 22.342
[2,  7620] loss: 16.233
[2,  7640] loss: 23.718
[2,  7660] loss: 16.661
[2,  7680] loss: 20.241
[2,  7700] loss: 16.553
[2,  7720] loss: 26.559
[2,  7740] loss: 25.046
[2,  7760] loss: 20.705
[2,  7780] loss: 16.445
[2,  7800] loss: 12.859
[2,  7820] loss: 15.166
[2,  7840] loss: 8.369
[2,  7860] loss: 15.350
[2,  7880] loss: 12.912
[2,  7900] loss: 29.827
[2,  7920] loss: 23.159
[2,  7940] loss: 25.638
[2,  7960] loss: 13.456
[2,  7980] loss: 18.831
[2,  8000] loss: 10.807
[2,  8020] loss: 24.772
[2,  8040] loss: 16.390
[2,  8060] loss: 21.147
[2,  8080] loss: 19.746
[2,  8100] loss: 11.496
[2,  8120] loss: 15.345
[2,  8140] loss: 23.835
[2,  8160] loss: 14.763
[2,  8180] loss: 15.079
[2,  8200] loss: 20.529
[2,  8220] loss: 23.515
[2,  8240] loss: 17.741
[2,  8260] loss: 20.146
[2,  8280] loss: 7.056
[2,  8300] loss: 7.473
[2,  8320] loss: 13.673
[2,  8340] loss: 57.392
[2,  8360] loss: 41.227
[2,  8380] loss: 21.700
[2,  8400] loss: 21.517
[2,  8420] loss: 26.055
[2,  8440] loss: 13.771
[2,  8460] loss: 21.289
[2,  8480] loss: 44.847
[2,  8500] loss: 35.477
[2,  8520] loss: 31.598
[2,  8540] loss: 60.779
[2,  8560] loss: 17.397
[2,  8580] loss: 18.049
[2,  8600] loss: 15.191
[2,  8620] loss: 6.104
[2,  8640] loss: 12.974
[2,  8660] loss: 5.513
[2,  8680] loss: 14.297
[2,  8700] loss: 8.886
[2,  8720] loss: 12.990
[2,  8740] loss: 15.935
[2,  8760] loss: 14.236
[2,  8780] loss: 11.302
[2,  8800] loss: 11.000
[2,  8820] loss: 18.985
[2,  8840] loss: 8.955
[2,  8860] loss: 9.745
[2,  8880] loss: 3.799
[2,  8900] loss: 12.080
[2,  8920] loss: 36.098
[2,  8940] loss: 24.334
[2,  8960] loss: 30.017
[2,  8980] loss: 13.740
[2,  9000] loss: 8.241
[2,  9020] loss: 6.754
[2,  9040] loss: 16.015
[2,  9060] loss: 5.272
[2,  9080] loss: 16.678
[2,  9100] loss: 8.374
[2,  9120] loss: 11.474
[2,  9140] loss: 5.793
[2,  9160] loss: 10.053
[2,  9180] loss: 11.231
[2,  9200] loss: 30.514
[2,  9220] loss: 9.846
[2,  9240] loss: 20.978
[2,  9260] loss: 11.261
[2,  9280] loss: 13.607
[2,  9300] loss: 10.470
[2,  9320] loss: 7.940
[2,  9340] loss: 17.951
[2,  9360] loss: 14.150
[2,  9380] loss: 20.467
[2,  9400] loss: 18.121
[2,  9420] loss: 4.460
[2,  9440] loss: 8.819
[2,  9460] loss: 8.629
[2,  9480] loss: 5.654
[2,  9500] loss: 8.139
[2,  9520] loss: 9.435
[2,  9540] loss: 9.547
[2,  9560] loss: 7.835
[2,  9580] loss: 17.930
[2,  9600] loss: 15.825
[2,  9620] loss: 19.185
[2,  9640] loss: 11.473
[2,  9660] loss: 6.484
[2,  9680] loss: 7.129
[2,  9700] loss: 9.725
[2,  9720] loss: 5.850
[2,  9740] loss: 10.372
[2,  9760] loss: 7.368
[2,  9780] loss: 12.802
[2,  9800] loss: 15.212
[2,  9820] loss: 10.788
[2,  9840] loss: 7.211
[2,  9860] loss: 9.273
[2,  9880] loss: 7.186
[2,  9900] loss: 3.587
[2,  9920] loss: 3.287
[2,  9940] loss: 6.509
[2,  9960] loss: 5.190
[2,  9980] loss: 8.792
[2, 10000] loss: 15.527
[2, 10020] loss: 19.841
[2, 10040] loss: 8.651
[2, 10060] loss: 17.631
[2, 10080] loss: 25.796
[2, 10100] loss: 15.828
[2, 10120] loss: 13.396
[2, 10140] loss: 12.824
[2, 10160] loss: 5.486
[2, 10180] loss: 4.611
[2, 10200] loss: 5.677
[2, 10220] loss: 4.452
[2, 10240] loss: 6.429
[2, 10260] loss: 17.864
[2, 10280] loss: 3.289
[2, 10300] loss: 7.411
[2, 10320] loss: 10.481
[2, 10340] loss: 2.360
[2, 10360] loss: 8.329
[2, 10380] loss: 4.397
[2, 10400] loss: 5.723
[2, 10420] loss: 5.738
[2, 10440] loss: 5.397
[2, 10460] loss: 7.687
[2, 10480] loss: 15.987
[2, 10500] loss: 9.779
[2, 10520] loss: 4.506
[2, 10540] loss: 9.561
[2, 10560] loss: 9.506
[2, 10580] loss: 24.310
[2, 10600] loss: 6.257
[2, 10620] loss: 22.182
[2, 10640] loss: 47.327
[2, 10660] loss: 73.364
[2, 10680] loss: 25.756
[2, 10700] loss: 21.273
[2, 10720] loss: 10.927
[2, 10740] loss: 2.939
[2, 10760] loss: 10.449
[2, 10780] loss: 13.947
[2, 10800] loss: 16.739
[2, 10820] loss: 19.058
[2, 10840] loss: 8.457
[2, 10860] loss: 4.363
[2, 10880] loss: 4.110
[2, 10900] loss: 5.609
[2, 10920] loss: 9.454
[2, 10940] loss: 16.276
[2, 10960] loss: 6.893
[2, 10980] loss: 3.318
[2, 11000] loss: 4.882
[2, 11020] loss: 3.998
[2, 11040] loss: 6.644
[2, 11060] loss: 60.565
[2, 11080] loss: 44.182
[2, 11100] loss: 34.017
[2, 11120] loss: 15.713
[2, 11140] loss: 64.690
[2, 11160] loss: 80.968
[2, 11180] loss: 77.098
[2, 11200] loss: 52.962
[2, 11220] loss: 85.412
[2, 11240] loss: 17.828
[2, 11260] loss: 26.589
[2, 11280] loss: 16.839
[2, 11300] loss: 9.248
[2, 11320] loss: 4.576
[2, 11340] loss: 5.802
[2, 11360] loss: 4.287
[2, 11380] loss: 3.952
[2, 11400] loss: 2.858
[2, 11420] loss: 3.864
[2, 11440] loss: 3.668
[2, 11460] loss: 8.391
[2, 11480] loss: 6.679
[2, 11500] loss: 5.192
[2, 11520] loss: 5.289
[2, 11540] loss: 2.774
[2, 11560] loss: 5.713
[2, 11580] loss: 3.145
[2, 11600] loss: 5.448
[2, 11620] loss: 3.232
[2, 11640] loss: 2.505
[2, 11660] loss: 7.445
[2, 11680] loss: 7.633
[2, 11700] loss: 4.590
[2, 11720] loss: 1.929
[2, 11740] loss: 1.032
[2, 11760] loss: 1.541
[2, 11780] loss: 5.061
[2, 11800] loss: 15.015
[2, 11820] loss: 9.115
[2, 11840] loss: 4.583
[2, 11860] loss: 4.643
[2, 11880] loss: 1.995
[2, 11900] loss: 3.764
[2, 11920] loss: 2.456
[2, 11940] loss: 4.576
[2, 11960] loss: 4.828
[2, 11980] loss: 4.950
[2, 12000] loss: 21.744
[2, 12020] loss: 8.619
[2, 12040] loss: 6.661
[2, 12060] loss: 18.919
[2, 12080] loss: 5.266
[2, 12100] loss: 18.152
[2, 12120] loss: 18.132
[2, 12140] loss: 20.499
[2, 12160] loss: 14.013
[2, 12180] loss: 30.643
[2, 12200] loss: 19.500
[2, 12220] loss: 10.858
[2, 12240] loss: 16.686
[2, 12260] loss: 21.646
[2, 12280] loss: 20.421
[2, 12300] loss: 16.047
[2, 12320] loss: 7.278
[2, 12340] loss: 5.282
[2, 12360] loss: 3.495
[2, 12380] loss: 3.565
[2, 12400] loss: 4.298
[2, 12420] loss: 7.350
[2, 12440] loss: 5.137
[2, 12460] loss: 2.685
[2, 12480] loss: 3.401
[2, 12500] loss: 2.284
[2, 12520] loss: 7.282
[2, 12540] loss: 19.140
[2, 12560] loss: 7.595
[2, 12580] loss: 2.962
[2, 12600] loss: 3.032
[2, 12620] loss: 4.295
[2, 12640] loss: 8.562
[2, 12660] loss: 7.543
[2, 12680] loss: 5.680
[2, 12700] loss: 3.056
[2, 12720] loss: 2.958
[2, 12740] loss: 3.926
[2, 12760] loss: 5.314
[2, 12780] loss: 5.545
[2, 12800] loss: 7.684
[2, 12820] loss: 8.323
[2, 12840] loss: 4.317
[2, 12860] loss: 2.610
[2, 12880] loss: 6.785
[2, 12900] loss: 9.774
[2, 12920] loss: 11.875
[2, 12940] loss: 71.859
[2, 12960] loss: 71.058
[2, 12980] loss: 18.980
[2, 13000] loss: 15.910
[2, 13020] loss: 14.094
[2, 13040] loss: 7.693
[2, 13060] loss: 5.791
[2, 13080] loss: 7.679
[2, 13100] loss: 6.884
[2, 13120] loss: 10.146
[2, 13140] loss: 14.029
[2, 13160] loss: 7.386
[2, 13180] loss: 2.914
[2, 13200] loss: 2.739
[2, 13220] loss: 3.906
[2, 13240] loss: 8.452
[2, 13260] loss: 7.022
[2, 13280] loss: 5.878
[2, 13300] loss: 1.300
[2, 13320] loss: 1.786
[2, 13340] loss: 2.011
[2, 13360] loss: 1.541
[2, 13380] loss: 1.720
[2, 13400] loss: 2.535
[2, 13420] loss: 1.308
[2, 13440] loss: 8.378
[2, 13460] loss: 3.753
[2, 13480] loss: 4.279
[2, 13500] loss: 1.858
[2, 13520] loss: 1.637
[2, 13540] loss: 2.189
[2, 13560] loss: 0.801
[2, 13580] loss: 2.076
[2, 13600] loss: 2.080
[2, 13620] loss: 1.509
[2, 13640] loss: 0.561
[2, 13660] loss: 1.304
[2, 13680] loss: 1.627
[2, 13700] loss: 3.139
[2, 13720] loss: 3.806
[2, 13740] loss: 12.978
[2, 13760] loss: 20.875
[2, 13780] loss: 8.620
[2, 13800] loss: 5.403
[2, 13820] loss: 3.641
[2, 13840] loss: 6.063
[2, 13860] loss: 2.471
[2, 13880] loss: 1.529
[2, 13900] loss: 4.467
[2, 13920] loss: 7.319
[2, 13940] loss: 8.393
[2, 13960] loss: 3.351
[2, 13980] loss: 1.708
[2, 14000] loss: 2.374
[2, 14020] loss: 2.803
[2, 14040] loss: 2.511
[2, 14060] loss: 1.222
[2, 14080] loss: 0.825
[2, 14100] loss: 1.698
[2, 14120] loss: 3.049
[2, 14140] loss: 8.198
[2, 14160] loss: 6.647
[2, 14180] loss: 6.584
[2, 14200] loss: 4.652
[2, 14220] loss: 7.020
[2, 14240] loss: 3.163
[2, 14260] loss: 1.790
[2, 14280] loss: 0.979
[2, 14300] loss: 1.261
[2, 14320] loss: 0.981
[2, 14340] loss: 0.731
[2, 14360] loss: 0.742
[2, 14380] loss: 0.633
[2, 14400] loss: 2.508
[2, 14420] loss: 2.978
[2, 14440] loss: 12.273
[2, 14460] loss: 30.294
[2, 14480] loss: 30.103
[2, 14500] loss: 20.978
[2, 14520] loss: 16.655
[2, 14540] loss: 6.057
[2, 14560] loss: 12.688
[2, 14580] loss: 13.533
[2, 14600] loss: 14.640
[2, 14620] loss: 7.407
[2, 14640] loss: 2.481
[2, 14660] loss: 5.627
[2, 14680] loss: 3.647
[2, 14700] loss: 1.303
[2, 14720] loss: 2.394
[2, 14740] loss: 1.119
[2, 14760] loss: 1.117
[2, 14780] loss: 0.460
[2, 14800] loss: 1.171
[2, 14820] loss: 0.957
[2, 14840] loss: 2.049
[2, 14860] loss: 0.953
[2, 14880] loss: 1.174
[2, 14900] loss: 0.410
[2, 14920] loss: 1.162
[2, 14940] loss: 0.632
[2, 14960] loss: 0.205
[2, 14980] loss: 0.826
[2, 15000] loss: 0.298
[2, 15020] loss: 0.565
[2, 15040] loss: 0.659
[2, 15060] loss: 0.380
[2, 15080] loss: 0.237
[2, 15100] loss: 0.290
[2, 15120] loss: 0.436
[2, 15140] loss: 0.707
[2, 15160] loss: 1.270
[2, 15180] loss: 2.338
[2, 15200] loss: 0.525
[2, 15220] loss: 0.704
[2, 15240] loss: 0.630
[2, 15260] loss: 0.362
[2, 15280] loss: 0.413
[2, 15300] loss: 0.679
[2, 15320] loss: 0.331
[2, 15340] loss: 0.345
[2, 15360] loss: 0.750
[2, 15380] loss: 0.466
[2, 15400] loss: 0.366
[2, 15420] loss: 0.634
[2, 15440] loss: 2.037
[2, 15460] loss: 2.418
[2, 15480] loss: 1.175
[2, 15500] loss: 3.143
[2, 15520] loss: 1.646
[2, 15540] loss: 1.889
[2, 15560] loss: 1.593
[2, 15580] loss: 4.121
[2, 15600] loss: 3.972
[2, 15620] loss: 4.904
[2, 15640] loss: 6.921
[2, 15660] loss: 2.337
[2, 15680] loss: 4.931
[2, 15700] loss: 2.169
[2, 15720] loss: 4.719
[2, 15740] loss: 2.383
[2, 15760] loss: 5.391
[2, 15780] loss: 1.893
[2, 15800] loss: 1.199
[2, 15820] loss: 0.934
[2, 15840] loss: 0.757
[2, 15860] loss: 0.954
[2, 15880] loss: 1.007
[2, 15900] loss: 0.775
[2, 15920] loss: 1.353
[2, 15940] loss: 1.265
[2, 15960] loss: 0.641
[2, 15980] loss: 1.441
[2, 16000] loss: 0.847
[2, 16020] loss: 0.585
[2, 16040] loss: 0.998
[2, 16060] loss: 1.406
[2, 16080] loss: 0.967
[2, 16100] loss: 1.243
[2, 16120] loss: 1.085
[2, 16140] loss: 1.812
[2, 16160] loss: 1.662
[2, 16180] loss: 1.127
[2, 16200] loss: 0.927
[2, 16220] loss: 7.048
[2, 16240] loss: 40.884
[2, 16260] loss: 33.104
[2, 16280] loss: 16.333
[2, 16300] loss: 5.186
[2, 16320] loss: 11.382
[2, 16340] loss: 5.722
[2, 16360] loss: 3.248
[2, 16380] loss: 2.234
[2, 16400] loss: 2.885
[2, 16420] loss: 1.940
[2, 16440] loss: 1.647
[2, 16460] loss: 0.806
[2, 16480] loss: 0.421
[2, 16500] loss: 0.422
[2, 16520] loss: 0.432
[2, 16540] loss: 0.120
[2, 16560] loss: 0.434
[2, 16580] loss: 0.192
[2, 16600] loss: 0.281
[2, 16620] loss: 0.204
[2, 16640] loss: 0.474
[2, 16660] loss: 0.492
[2, 16680] loss: 0.413
[2, 16700] loss: 0.227
[2, 16720] loss: 0.248
[2, 16740] loss: 0.423
[2, 16760] loss: 0.087
[2, 16780] loss: 0.312
[2, 16800] loss: 0.440
[2, 16820] loss: 0.256
[2, 16840] loss: 0.337
[2, 16860] loss: 0.187
[2, 16880] loss: 0.148
[2, 16900] loss: 0.295
[2, 16920] loss: 0.409
[2, 16940] loss: 0.302
[2, 16960] loss: 0.168
[2, 16980] loss: 0.201
[2, 17000] loss: 0.458
[2, 17020] loss: 0.641
[2, 17040] loss: 1.169
[2, 17060] loss: 0.633
[2, 17080] loss: 0.137
[2, 17100] loss: 0.231
[2, 17120] loss: 0.242
[2, 17140] loss: 0.171
[2, 17160] loss: 0.449
[2, 17180] loss: 0.491
[2, 17200] loss: 0.546
[2, 17220] loss: 0.347
[2, 17240] loss: 0.443
[2, 17260] loss: 0.234
[2, 17280] loss: 0.337
[2, 17300] loss: 0.460
[2, 17320] loss: 0.390
[2, 17340] loss: 0.285
[2, 17360] loss: 0.291
[2, 17380] loss: 0.161
[2, 17400] loss: 0.185
[2, 17420] loss: 0.266
[2, 17440] loss: 0.180
[2, 17460] loss: 0.203
[2, 17480] loss: 1.018
[2, 17500] loss: 0.826
[2, 17520] loss: 0.373
[2, 17540] loss: 0.355
[2, 17560] loss: 0.392
[2, 17580] loss: 1.207
[2, 17600] loss: 0.648
[2, 17620] loss: 1.116
[2, 17640] loss: 1.623
[2, 17660] loss: 0.545
[2, 17680] loss: 0.269
[2, 17700] loss: 0.344
[2, 17720] loss: 0.196
[2, 17740] loss: 0.127
[2, 17760] loss: 0.250
[2, 17780] loss: 0.217
[2, 17800] loss: 0.347
[2, 17820] loss: 0.518
[2, 17840] loss: 0.144
[2, 17860] loss: 0.280
[2, 17880] loss: 0.251
[2, 17900] loss: 0.380
[2, 17920] loss: 0.724
[2, 17940] loss: 0.872
[2, 17960] loss: 0.463
[2, 17980] loss: 0.392
[2, 18000] loss: 0.447
[2, 18020] loss: 0.330
[2, 18040] loss: 0.231
[2, 18060] loss: 0.254
[2, 18080] loss: 0.139
[2, 18100] loss: 0.579
[2, 18120] loss: 0.772
[2, 18140] loss: 1.316
[2, 18160] loss: 1.082
[2, 18180] loss: 0.614
[2, 18200] loss: 0.586
[2, 18220] loss: 0.414
[2, 18240] loss: 0.592
[2, 18260] loss: 0.269
[2, 18280] loss: 0.342
[2, 18300] loss: 0.391
[2, 18320] loss: 0.720
[2, 18340] loss: 1.065
[2, 18360] loss: 1.729
[2, 18380] loss: 3.180
[2, 18400] loss: 10.770
[2, 18420] loss: 12.864
[2, 18440] loss: 557.951
[2, 18460] loss: 72423352.986
[2, 18480] loss: 10479782.115
[2, 18500] loss: 2108528.687
[2, 18520] loss: 1704015.053
[2, 18540] loss: 186232.994
[2, 18560] loss: 179938.167
[2, 18580] loss: 71947.160
[2, 18600] loss: 37583.048
[2, 18620] loss: 40633.795
[2, 18640] loss: 24860.826
[2, 18660] loss: 16490.434
[2, 18680] loss: 16743.557
[2, 18700] loss: 7997.858
[2, 18720] loss: 6795.710
[2, 18740] loss: 17717.825
[2, 18760] loss: 6785.726
[2, 18780] loss: 7123.738
[2, 18800] loss: 9986.934
[2, 18820] loss: 6110.318
[2, 18840] loss: 4013.875
[2, 18860] loss: 4707.845
[2, 18880] loss: 5581.255
[2, 18900] loss: 7762.772
[2, 18920] loss: 3418.648
[2, 18940] loss: 4351.228
[2, 18960] loss: 1544.548
[2, 18980] loss: 5437.507
[2, 19000] loss: 4134.990
[2, 19020] loss: 3383.936
[2, 19040] loss: 2608.655
[2, 19060] loss: 2754.628
[2, 19080] loss: 1518.653
[2, 19100] loss: 1972.609
[2, 19120] loss: 4289.173
[2, 19140] loss: 3801.680
[2, 19160] loss: 1797.710
[2, 19180] loss: 2923.628
[2, 19200] loss: 1905.770
[2, 19220] loss: 2422.335
[2, 19240] loss: 3117.507
[2, 19260] loss: 2257.836
[2, 19280] loss: 2021.565
[2, 19300] loss: 4136.324
[2, 19320] loss: 992.689
[2, 19340] loss: 1539.848
[2, 19360] loss: 1315.582
[2, 19380] loss: 1106.632
[2, 19400] loss: 1081.951
[2, 19420] loss: 1896.978
[2, 19440] loss: 1168.303
[2, 19460] loss: 1721.576
[2, 19480] loss: 1745.703
[2, 19500] loss: 1378.849
[2, 19520] loss: 1124.050
[2, 19540] loss: 652.870
[2, 19560] loss: 1065.368
[2, 19580] loss: 1045.332
[2, 19600] loss: 695.091
[2, 19620] loss: 1260.731
[2, 19640] loss: 1396.131
[2, 19660] loss: 705.101
[2, 19680] loss: 552.298
[2, 19700] loss: 642.167
[2, 19720] loss: 1250.405
[2, 19740] loss: 2068.579
[2, 19760] loss: 1044.479
[2, 19780] loss: 705.907
[2, 19800] loss: 636.203
[2, 19820] loss: 1164.366
[2, 19840] loss: 1086.588
[2, 19860] loss: 741.125
[2, 19880] loss: 612.622
[2, 19900] loss: 739.323
[2, 19920] loss: 1210.753
[2, 19940] loss: 837.985
[2, 19960] loss: 573.464
[2, 19980] loss: 910.829
[2, 20000] loss: 525.001
[2, 20020] loss: 638.016
[2, 20040] loss: 506.612
[2, 20060] loss: 565.131
[2, 20080] loss: 518.209
[2, 20100] loss: 529.630
[2, 20120] loss: 355.994
[2, 20140] loss: 837.433
[2, 20160] loss: 681.619
[2, 20180] loss: 498.054
[2, 20200] loss: 636.042
[2, 20220] loss: 304.462
[2, 20240] loss: 564.085
[2, 20260] loss: 446.854
[2, 20280] loss: 583.955
[2, 20300] loss: 674.624
[2, 20320] loss: 617.804
[2, 20340] loss: 354.710
[2, 20360] loss: 329.416
[2, 20380] loss: 314.717
[2, 20400] loss: 489.877
[2, 20420] loss: 363.538
[2, 20440] loss: 458.016
[2, 20460] loss: 632.927
[2, 20480] loss: 589.426
[2, 20500] loss: 548.894
[2, 20520] loss: 451.835
[2, 20540] loss: 181.647
[2, 20560] loss: 256.594
[2, 20580] loss: 288.208
[2, 20600] loss: 1143.647
[2, 20620] loss: 232.346
[2, 20640] loss: 375.947
[2, 20660] loss: 259.508
[2, 20680] loss: 204.598
[2, 20700] loss: 270.386
[2, 20720] loss: 804.312
[2, 20740] loss: 151.420
[2, 20760] loss: 481.079
[2, 20780] loss: 339.399
[2, 20800] loss: 278.650
[2, 20820] loss: 297.753
[2, 20840] loss: 243.632
[2, 20860] loss: 276.788
[2, 20880] loss: 437.423
[2, 20900] loss: 337.907
[2, 20920] loss: 451.316
[2, 20940] loss: 204.509
[2, 20960] loss: 197.212
[2, 20980] loss: 495.359
[2, 21000] loss: 313.344
[2, 21020] loss: 266.308
[2, 21040] loss: 282.021
[2, 21060] loss: 218.274
[2, 21080] loss: 336.372
[2, 21100] loss: 235.048
[2, 21120] loss: 82.947
[2, 21140] loss: 123.098
[2, 21160] loss: 143.627
[2, 21180] loss: 254.565
[2, 21200] loss: 176.637
[2, 21220] loss: 177.287
[2, 21240] loss: 188.672
[2, 21260] loss: 397.943
[2, 21280] loss: 187.424
[2, 21300] loss: 232.523
[2, 21320] loss: 151.834
[2, 21340] loss: 99.512
[2, 21360] loss: 147.970
[2, 21380] loss: 159.191
[2, 21400] loss: 148.368
[2, 21420] loss: 245.763
[2, 21440] loss: 219.027
[2, 21460] loss: 353.728
[2, 21480] loss: 266.105
[2, 21500] loss: 206.128
[2, 21520] loss: 121.902
[2, 21540] loss: 129.381
[2, 21560] loss: 294.166
[2, 21580] loss: 213.158
[2, 21600] loss: 208.872
[2, 21620] loss: 154.474
[2, 21640] loss: 154.999
[2, 21660] loss: 276.079
[2, 21680] loss: 143.295
[2, 21700] loss: 146.536
[2, 21720] loss: 178.094
[2, 21740] loss: 135.458
[2, 21760] loss: 177.954
[2, 21780] loss: 100.256
[2, 21800] loss: 155.646
[2, 21820] loss: 146.268
[2, 21840] loss: 103.468
[2, 21860] loss: 179.175
[2, 21880] loss: 70.394
[2, 21900] loss: 119.401
[2, 21920] loss: 194.799
[2, 21940] loss: 141.755
[2, 21960] loss: 133.607
[2, 21980] loss: 97.308
[2, 22000] loss: 220.050
[2, 22020] loss: 190.605
[2, 22040] loss: 129.782
[2, 22060] loss: 103.655
[2, 22080] loss: 157.763
[2, 22100] loss: 100.079
[2, 22120] loss: 153.959
[2, 22140] loss: 158.609
[2, 22160] loss: 81.804
[2, 22180] loss: 141.959
[2, 22200] loss: 65.395
[2, 22220] loss: 143.719
[2, 22240] loss: 101.466
[2, 22260] loss: 122.747
[2, 22280] loss: 73.062
[2, 22300] loss: 129.182
[2, 22320] loss: 104.813
[2, 22340] loss: 78.031
[2, 22360] loss: 141.910
[2, 22380] loss: 84.052
[2, 22400] loss: 105.198
[2, 22420] loss: 114.268
[2, 22440] loss: 112.400
[2, 22460] loss: 135.537
[2, 22480] loss: 137.033
[2, 22500] loss: 75.622
[2, 22520] loss: 113.210
[2, 22540] loss: 92.616
[2, 22560] loss: 83.346
[2, 22580] loss: 104.424
[2, 22600] loss: 83.807
[2, 22620] loss: 98.797
[2, 22640] loss: 112.572
[2, 22660] loss: 70.668
[2, 22680] loss: 93.523
[2, 22700] loss: 90.658
[2, 22720] loss: 72.909
[2, 22740] loss: 133.814
[2, 22760] loss: 149.756
[2, 22780] loss: 125.810
[2, 22800] loss: 122.458
[2, 22820] loss: 104.080
[2, 22840] loss: 47.632
[2, 22860] loss: 57.441
[2, 22880] loss: 93.091
[2, 22900] loss: 50.720
[2, 22920] loss: 52.465
[2, 22940] loss: 76.233
[2, 22960] loss: 87.511
[2, 22980] loss: 123.644
[2, 23000] loss: 61.205
[2, 23020] loss: 55.169
[2, 23040] loss: 41.511
[2, 23060] loss: 90.187
[2, 23080] loss: 102.057
[2, 23100] loss: 100.735
[2, 23120] loss: 105.926
[2, 23140] loss: 88.792
[2, 23160] loss: 42.356
[2, 23180] loss: 80.911
[2, 23200] loss: 109.286
[2, 23220] loss: 99.717
[2, 23240] loss: 56.859
[2, 23260] loss: 34.706
[2, 23280] loss: 103.752
[2, 23300] loss: 36.810
[2, 23320] loss: 36.715
[2, 23340] loss: 57.533
[2, 23360] loss: 69.576
[2, 23380] loss: 70.228
[2, 23400] loss: 47.788
[2, 23420] loss: 43.167
[2, 23440] loss: 41.673
[2, 23460] loss: 52.727
[2, 23480] loss: 56.363
[2, 23500] loss: 82.135
[2, 23520] loss: 82.870
[2, 23540] loss: 84.699
[2, 23560] loss: 59.050
[2, 23580] loss: 46.349
[2, 23600] loss: 85.920
[2, 23620] loss: 63.013
[2, 23640] loss: 48.953
[2, 23660] loss: 65.795
[2, 23680] loss: 38.708
[2, 23700] loss: 64.202
[2, 23720] loss: 44.476
[2, 23740] loss: 85.015
[2, 23760] loss: 98.340
[2, 23780] loss: 66.470
[2, 23800] loss: 46.831
[2, 23820] loss: 62.547
[2, 23840] loss: 62.170
[2, 23860] loss: 28.837
[2, 23880] loss: 21.526
[2, 23900] loss: 90.763
[2, 23920] loss: 38.773
[2, 23940] loss: 89.867
[2, 23960] loss: 31.738
[2, 23980] loss: 26.835
[2, 24000] loss: 37.258
[2, 24020] loss: 78.550
[2, 24040] loss: 111.872
[2, 24060] loss: 152.433
[2, 24080] loss: 52.755
[2, 24100] loss: 69.371
[2, 24120] loss: 49.246
[2, 24140] loss: 42.688
[2, 24160] loss: 72.945
[2, 24180] loss: 53.484
[2, 24200] loss: 38.062
[2, 24220] loss: 33.439
[2, 24240] loss: 35.266
[2, 24260] loss: 60.744
[2, 24280] loss: 68.028
[2, 24300] loss: 53.990
[2, 24320] loss: 25.378
[2, 24340] loss: 23.554
[2, 24360] loss: 23.150
[2, 24380] loss: 42.019
[2, 24400] loss: 34.080
[2, 24420] loss: 58.775
[2, 24440] loss: 44.777
[2, 24460] loss: 19.275
[2, 24480] loss: 27.798
[2, 24500] loss: 36.747
[2, 24520] loss: 19.001
[2, 24540] loss: 49.619
[2, 24560] loss: 64.729
[2, 24580] loss: 38.971
[2, 24600] loss: 34.147
[2, 24620] loss: 38.425
[2, 24640] loss: 59.437
[2, 24660] loss: 42.704
[2, 24680] loss: 24.861
[2, 24700] loss: 30.901
[2, 24720] loss: 38.645
[2, 24740] loss: 30.201
[2, 24760] loss: 34.071
[2, 24780] loss: 40.676
[2, 24800] loss: 24.627
[2, 24820] loss: 23.659
[2, 24840] loss: 50.789
[2, 24860] loss: 24.914
[2, 24880] loss: 11.240
[2, 24900] loss: 35.290
[2, 24920] loss: 13.616
[2, 24940] loss: 18.589
[2, 24960] loss: 37.577
[2, 24980] loss: 13.508
[2, 25000] loss: 16.085
[2, 25020] loss: 18.461
[2, 25040] loss: 39.028
[2, 25060] loss: 19.787
[2, 25080] loss: 50.029
[2, 25100] loss: 25.691
[2, 25120] loss: 72.135
[2, 25140] loss: 53.527
[2, 25160] loss: 29.642
[2, 25180] loss: 19.946
[2, 25200] loss: 21.938
[2, 25220] loss: 21.969
[2, 25240] loss: 47.593
[2, 25260] loss: 19.375
[2, 25280] loss: 26.593
[2, 25300] loss: 18.009
[2, 25320] loss: 19.326
[2, 25340] loss: 27.035
[2, 25360] loss: 13.454
[2, 25380] loss: 25.791
[2, 25400] loss: 25.674
[2, 25420] loss: 39.311
[2, 25440] loss: 20.529
[2, 25460] loss: 16.183
[2, 25480] loss: 16.796
[2, 25500] loss: 40.660
[2, 25520] loss: 15.962
[2, 25540] loss: 24.008
[2, 25560] loss: 17.238
[2, 25580] loss: 21.339
[2, 25600] loss: 29.778
[2, 25620] loss: 32.083
[2, 25640] loss: 12.156
[2, 25660] loss: 22.105
[2, 25680] loss: 14.696
[2, 25700] loss: 19.218
[2, 25720] loss: 32.285
[2, 25740] loss: 16.600
[2, 25760] loss: 38.997
[2, 25780] loss: 11.328
[2, 25800] loss: 17.831
[2, 25820] loss: 17.875
[2, 25840] loss: 16.485
[2, 25860] loss: 12.947
[2, 25880] loss: 32.134
[2, 25900] loss: 21.894
[2, 25920] loss: 8.154
[2, 25940] loss: 14.571
[2, 25960] loss: 11.843
[2, 25980] loss: 29.786
[2, 26000] loss: 34.038
[2, 26020] loss: 13.869
[2, 26040] loss: 18.108
[2, 26060] loss: 25.974
[2, 26080] loss: 9.607
[2, 26100] loss: 10.123
[2, 26120] loss: 12.930
[2, 26140] loss: 8.339
[2, 26160] loss: 12.805
[2, 26180] loss: 8.005
[2, 26200] loss: 9.727
[2, 26220] loss: 18.063
[2, 26240] loss: 28.618
[2, 26260] loss: 23.414
[2, 26280] loss: 15.038
[2, 26300] loss: 11.605
[2, 26320] loss: 11.981
[2, 26340] loss: 8.252
[2, 26360] loss: 18.483
[2, 26380] loss: 8.785
[2, 26400] loss: 23.216
[2, 26420] loss: 12.976
[2, 26440] loss: 26.255
[2, 26460] loss: 27.121
[2, 26480] loss: 21.393
[2, 26500] loss: 25.525
[2, 26520] loss: 11.770
[2, 26540] loss: 10.919
[2, 26560] loss: 12.950
[2, 26580] loss: 6.704
[2, 26600] loss: 4.908
[2, 26620] loss: 7.944
[2, 26640] loss: 9.945
[2, 26660] loss: 13.043
[2, 26680] loss: 10.756
[2, 26700] loss: 6.794
[2, 26720] loss: 7.658
[2, 26740] loss: 5.590
[2, 26760] loss: 4.634
[2, 26780] loss: 9.706
[2, 26800] loss: 8.191
[2, 26820] loss: 15.096
[2, 26840] loss: 4.862
[2, 26860] loss: 12.015
[2, 26880] loss: 23.390
[2, 26900] loss: 21.071
[2, 26920] loss: 12.740
[2, 26940] loss: 7.237
[2, 26960] loss: 12.182
[2, 26980] loss: 14.517
[2, 27000] loss: 7.255
[2, 27020] loss: 11.483
[2, 27040] loss: 36.962
[2, 27060] loss: 7.276
[2, 27080] loss: 22.193
[2, 27100] loss: 11.904
[2, 27120] loss: 14.348
[2, 27140] loss: 8.497
[2, 27160] loss: 9.399
[2, 27180] loss: 10.027
[2, 27200] loss: 14.041
[2, 27220] loss: 8.594
[2, 27240] loss: 7.477
[2, 27260] loss: 8.996
[2, 27280] loss: 10.320
[2, 27300] loss: 7.784
[2, 27320] loss: 12.451
[2, 27340] loss: 30.807
[2, 27360] loss: 11.671
[2, 27380] loss: 13.804
[2, 27400] loss: 16.059
[2, 27420] loss: 16.209
[2, 27440] loss: 8.062
[2, 27460] loss: 23.099
[2, 27480] loss: 11.759
[2, 27500] loss: 14.811
[2, 27520] loss: 7.840
[2, 27540] loss: 4.559
[2, 27560] loss: 4.758
[2, 27580] loss: 4.720
[2, 27600] loss: 4.009
[2, 27620] loss: 9.322
[2, 27640] loss: 9.399
[2, 27660] loss: 4.856
[2, 27680] loss: 8.616
[2, 27700] loss: 4.426
[2, 27720] loss: 3.642
[2, 27740] loss: 5.942
[2, 27760] loss: 7.039
[2, 27780] loss: 10.325
[2, 27800] loss: 6.172
[2, 27820] loss: 6.504
[2, 27840] loss: 5.245
[2, 27860] loss: 16.897
[2, 27880] loss: 15.814
[2, 27900] loss: 7.167
[2, 27920] loss: 7.750
[2, 27940] loss: 31.290
[2, 27960] loss: 28.723
[2, 27980] loss: 5.160
[2, 28000] loss: 9.737
[2, 28020] loss: 10.266
[2, 28040] loss: 9.707
[2, 28060] loss: 17.815
[2, 28080] loss: 18.080
[2, 28100] loss: 22.773
[2, 28120] loss: 11.105
[2, 28140] loss: 16.336
[2, 28160] loss: 22.817
[2, 28180] loss: 81.667
[2, 28200] loss: 137.540
[2, 28220] loss: 184.492
[2, 28240] loss: 421.875
[2, 28260] loss: 223.249
[2, 28280] loss: 217.422
[2, 28300] loss: 129.832
[2, 28320] loss: 80.577
[2, 28340] loss: 85.958
[2, 28360] loss: 59.097
[2, 28380] loss: 126.827
[2, 28400] loss: 77.856
[2, 28420] loss: 25.927
[2, 28440] loss: 13.483
[2, 28460] loss: 16.612
[2, 28480] loss: 8.171
[2, 28500] loss: 11.441
[2, 28520] loss: 22.564
[2, 28540] loss: 4.487
[2, 28560] loss: 2.350
[2, 28580] loss: 4.342
[2, 28600] loss: 10.893
[2, 28620] loss: 13.637
[2, 28640] loss: 4.620
[2, 28660] loss: 2.928
[2, 28680] loss: 6.310
[2, 28700] loss: 4.719
[2, 28720] loss: 6.118
[2, 28740] loss: 2.437
[2, 28760] loss: 2.214
[2, 28780] loss: 2.672
[2, 28800] loss: 1.729
[2, 28820] loss: 1.536
[2, 28840] loss: 2.081
[2, 28860] loss: 3.308
[2, 28880] loss: 2.864
[2, 28900] loss: 3.236
[2, 28920] loss: 2.150
[2, 28940] loss: 0.697
[2, 28960] loss: 5.367
[2, 28980] loss: 4.911
[2, 29000] loss: 8.701
[2, 29020] loss: 18.947
[2, 29040] loss: 18.441
[2, 29060] loss: 8.152
[2, 29080] loss: 3.660
[2, 29100] loss: 9.820
[2, 29120] loss: 5.041
[2, 29140] loss: 4.915
[2, 29160] loss: 5.486
[2, 29180] loss: 10.178
[2, 29200] loss: 10.764
[2, 29220] loss: 18.773
[2, 29240] loss: 6.316
[2, 29260] loss: 9.250
[2, 29280] loss: 20.788
[2, 29300] loss: 19.436
[2, 29320] loss: 3.968
[2, 29340] loss: 5.901
[2, 29360] loss: 2.662
[2, 29380] loss: 2.383
[2, 29400] loss: 5.127
[2, 29420] loss: 2.642
[2, 29440] loss: 3.095
[2, 29460] loss: 2.430
[2, 29480] loss: 3.222
[2, 29500] loss: 4.569
[2, 29520] loss: 6.363
[2, 29540] loss: 6.653
[2, 29560] loss: 7.512
[2, 29580] loss: 2.688
[2, 29600] loss: 1.739
[2, 29620] loss: 1.715
[2, 29640] loss: 2.132
[2, 29660] loss: 11.092
[2, 29680] loss: 2.861
[2, 29700] loss: 6.612
[2, 29720] loss: 5.815
[2, 29740] loss: 3.065
[2, 29760] loss: 4.483
[2, 29780] loss: 4.509
[2, 29800] loss: 4.429
[2, 29820] loss: 4.618
[2, 29840] loss: 3.538
[2, 29860] loss: 1.555
[2, 29880] loss: 4.596
[2, 29900] loss: 4.557
[2, 29920] loss: 3.909
[2, 29940] loss: 6.526
[2, 29960] loss: 18.408
[2, 29980] loss: 16.207
[2, 30000] loss: 22.904
[2, 30020] loss: 9.249
[2, 30040] loss: 9.444
[2, 30060] loss: 8.847
[2, 30080] loss: 4.146
[2, 30100] loss: 2.896
[2, 30120] loss: 4.322
[2, 30140] loss: 7.025
[2, 30160] loss: 18.029
[2, 30180] loss: 12.904
[2, 30200] loss: 5.123
[2, 30220] loss: 8.287
[2, 30240] loss: 7.006
[2, 30260] loss: 0.944
[2, 30280] loss: 1.701
[2, 30300] loss: 2.102
[2, 30320] loss: 1.884
[2, 30340] loss: 4.633
[2, 30360] loss: 2.239
[2, 30380] loss: 3.628
[2, 30400] loss: 8.564
[2, 30420] loss: 38.439
[1,    20] loss: 607.169
[1,    40] loss: 404.984
[1,    60] loss: 449.322
[1,    80] loss: 424.069
[1,   100] loss: 396.628
[1,   120] loss: 415.309
[1,   140] loss: 406.647
[1,   160] loss: 397.955
[1,   180] loss: 388.730
[1,   200] loss: 372.562
[1,   220] loss: 345.248
[1,   240] loss: 335.787
[1,   260] loss: 337.734
[1,   280] loss: 351.894
[1,   300] loss: 357.483
[1,   320] loss: 354.453
[1,   340] loss: 356.458
[1,   360] loss: 359.900
[1,   380] loss: 354.568
[1,   400] loss: 352.736
[1,   420] loss: 349.607
[1,   440] loss: 342.398
[1,   460] loss: 328.723
[1,   480] loss: 317.878
[1,   500] loss: 308.693
[1,   520] loss: 299.078
[1,   540] loss: 290.102
[1,   560] loss: 283.695
[1,   580] loss: 278.562
[1,   600] loss: 273.383
[1,   620] loss: 270.331
[1,   640] loss: 262.426
[1,   660] loss: 254.495
[1,   680] loss: 247.196
[1,   700] loss: 240.516
[1,   720] loss: 234.328
[1,   740] loss: 229.106
[1,   760] loss: 224.003
[1,   780] loss: 218.964
[1,   800] loss: 214.375
[1,   820] loss: 209.467
[1,   840] loss: 205.069
[1,   860] loss: 200.803
[1,   880] loss: 196.545
[1,   900] loss: 192.259
[1,   920] loss: 188.095
[1,   940] loss: 185.775
[1,   960] loss: 185.123
[1,   980] loss: 184.530
[1,  1000] loss: 182.049
[1,  1020] loss: 178.631
[1,  1040] loss: 175.378
[1,  1060] loss: 173.512
[1,  1080] loss: 171.258
[1,  1100] loss: 171.745
[1,  1120] loss: 175.279
[1,  1140] loss: 175.297
[1,  1160] loss: 173.991
[1,  1180] loss: 171.634
[1,  1200] loss: 168.856
[1,  1220] loss: 166.115
[1,  1240] loss: 163.510
[1,  1260] loss: 161.313
[1,  1280] loss: 159.264
[1,  1300] loss: 157.544
[1,  1320] loss: 155.628
[1,  1340] loss: 153.842
[1,  1360] loss: 152.547
[1,  1380] loss: 151.387
[1,  1400] loss: 150.224
[1,  1420] loss: 148.953
[1,  1440] loss: 147.439
[1,  1460] loss: 145.929
[1,  1480] loss: 144.429
[1,  1500] loss: 142.944
[1,  1520] loss: 141.396
[1,  1540] loss: 140.008
[1,  1560] loss: 138.912
[1,  1580] loss: 137.605
[1,  1600] loss: 136.017
[1,  1620] loss: 134.511
[1,  1640] loss: 132.993
[1,  1660] loss: 131.547
[1,  1680] loss: 130.188
[1,  1700] loss: 129.093
[1,  1720] loss: 127.888
[1,  1740] loss: 126.775
[1,  1760] loss: 125.761
[1,  1780] loss: 124.497
[1,  1800] loss: 123.218
[1,  1820] loss: 121.963
[1,  1840] loss: 120.754
[1,  1860] loss: 119.490
[1,  1880] loss: 118.237
[1,  1900] loss: 117.080
[1,  1920] loss: 116.031
[1,  1940] loss: 114.961
[1,  1960] loss: 113.827
[1,  1980] loss: 112.713
[1,  2000] loss: 111.657
[1,  2020] loss: 110.699
[1,  2040] loss: 109.641
[1,  2060] loss: 108.584
[1,  2080] loss: 107.664
[1,  2100] loss: 106.831
[1,  2120] loss: 107.297
[1,  2140] loss: 108.044
[1,  2160] loss: 107.245
[1,  2180] loss: 106.500
[1,  2200] loss: 105.576
[1,  2220] loss: 104.627
[1,  2240] loss: 104.066
[1,  2260] loss: 103.690
[1,  2280] loss: 104.051
[1,  2300] loss: 104.250
[1,  2320] loss: 104.438
[1,  2340] loss: 103.873
[1,  2360] loss: 103.132
[1,  2380] loss: 103.658
[1,  2400] loss: 104.850
[1,  2420] loss: 108.858
[1,  2440] loss: 116.780
[1,  2460] loss: 117.982
[1,  2480] loss: 118.239
[1,  2500] loss: 117.464
[1,  2520] loss: 116.549
[1,  2540] loss: 115.678
[1,  2560] loss: 115.638
[1,  2580] loss: 115.732
[1,  2600] loss: 114.875
[1,  2620] loss: 114.006
[1,  2640] loss: 113.149
[1,  2660] loss: 112.303
[1,  2680] loss: 111.672
[1,  2700] loss: 111.997
[1,  2720] loss: 112.099
[1,  2740] loss: 112.010
[1,  2760] loss: 111.386
[1,  2780] loss: 110.598
[1,  2800] loss: 109.878
[1,  2820] loss: 109.431
[1,  2840] loss: 109.049
[1,  2860] loss: 108.384
[1,  2880] loss: 107.633
[1,  2900] loss: 106.946
[1,  2920] loss: 106.383
[1,  2940] loss: 105.833
[1,  2960] loss: 105.325
[1,  2980] loss: 104.773
[1,  3000] loss: 104.236
[1,  3020] loss: 103.864
[1,  3040] loss: 103.403
[1,  3060] loss: 102.753
[1,  3080] loss: 102.133
[1,  3100] loss: 101.676
[1,  3120] loss: 101.489
[1,  3140] loss: 101.450
[1,  3160] loss: 101.934
[1,  3180] loss: 102.338
[1,  3200] loss: 103.128
[1,  3220] loss: 103.776
[1,  3240] loss: 106.250
[1,  3260] loss: 106.845
[1,  3280] loss: 107.336
[1,  3300] loss: 107.805
[1,  3320] loss: 107.342
[1,  3340] loss: 106.925
[1,  3360] loss: 106.998
[2,    20] loss: 607.169
[2,    40] loss: 404.984
[2,    60] loss: 449.322
[2,    80] loss: 424.069
[2,   100] loss: 396.628
[2,   120] loss: 415.309
[2,   140] loss: 406.647
[2,   160] loss: 397.955
[2,   180] loss: 388.730
[2,   200] loss: 372.562
[2,   220] loss: 345.248
[2,   240] loss: 335.787
[2,   260] loss: 337.734
[2,   280] loss: 351.894
[2,   300] loss: 357.483
[2,   320] loss: 354.453
[2,   340] loss: 356.458
[2,   360] loss: 359.900
[2,   380] loss: 354.568
[2,   400] loss: 352.736
[2,   420] loss: 349.607
[2,   440] loss: 342.398
[2,   460] loss: 328.723
[2,   480] loss: 317.878
[2,   500] loss: 308.693
[2,   520] loss: 299.078
[2,   540] loss: 290.102
[2,   560] loss: 283.695
[2,   580] loss: 278.562
[2,   600] loss: 273.383
[2,   620] loss: 270.331
[2,   640] loss: 262.426
[2,   660] loss: 254.495
[2,   680] loss: 247.196
[2,   700] loss: 240.516
[2,   720] loss: 234.328
[2,   740] loss: 229.106
[2,   760] loss: 224.003
[2,   780] loss: 218.964
[2,   800] loss: 214.375
[2,   820] loss: 209.467
[2,   840] loss: 205.069
[2,   860] loss: 200.803
[2,   880] loss: 196.545
[2,   900] loss: 192.259
[2,   920] loss: 188.095
[2,   940] loss: 185.775
[2,   960] loss: 185.123
[2,   980] loss: 184.530
[2,  1000] loss: 182.049
[2,  1020] loss: 178.631
[2,  1040] loss: 175.378
[2,  1060] loss: 173.512
[2,  1080] loss: 171.258
[2,  1100] loss: 171.745
[2,  1120] loss: 175.279
[2,  1140] loss: 175.297
[2,  1160] loss: 173.991
[2,  1180] loss: 171.634
[2,  1200] loss: 168.856
[2,  1220] loss: 166.115
[2,  1240] loss: 163.510
[2,  1260] loss: 161.313
[2,  1280] loss: 159.264
[2,  1300] loss: 157.544
[2,  1320] loss: 155.628
[2,  1340] loss: 153.842
[2,  1360] loss: 152.547
[2,  1380] loss: 151.387
[2,  1400] loss: 150.224
[2,  1420] loss: 148.953
[2,  1440] loss: 147.439
[2,  1460] loss: 145.929
[2,  1480] loss: 144.429
[2,  1500] loss: 142.944
[2,  1520] loss: 141.396
[2,  1540] loss: 140.008
[2,  1560] loss: 138.912
[2,  1580] loss: 137.605
[2,  1600] loss: 136.017
[2,  1620] loss: 134.511
[2,  1640] loss: 132.993
[2,  1660] loss: 131.547
[2,  1680] loss: 130.188
[2,  1700] loss: 129.093
[2,  1720] loss: 127.888
[2,  1740] loss: 126.775
[2,  1760] loss: 125.761
[2,  1780] loss: 124.497
[2,  1800] loss: 123.218
[2,  1820] loss: 121.963
[2,  1840] loss: 120.754
[2,  1860] loss: 119.490
[2,  1880] loss: 118.237
[2,  1900] loss: 117.080
[2,  1920] loss: 116.031
[2,  1940] loss: 114.961
[2,  1960] loss: 113.827
[2,  1980] loss: 112.713
[2,  2000] loss: 111.657
[2,  2020] loss: 110.699
[2,  2040] loss: 109.641
[2,  2060] loss: 108.584
[2,  2080] loss: 107.664
[2,  2100] loss: 106.831
[2,  2120] loss: 107.297
[2,  2140] loss: 108.044
[2,  2160] loss: 107.245
[2,  2180] loss: 106.500
[2,  2200] loss: 105.576
[2,  2220] loss: 104.627
[2,  2240] loss: 104.066
[2,  2260] loss: 103.690
[2,  2280] loss: 104.051
[2,  2300] loss: 104.250
[2,  2320] loss: 104.438
[2,  2340] loss: 103.873
[2,  2360] loss: 103.132
[2,  2380] loss: 103.658
[2,  2400] loss: 104.850
[2,  2420] loss: 108.858
[2,  2440] loss: 116.780
[2,  2460] loss: 117.982
[2,  2480] loss: 118.239
[2,  2500] loss: 117.464
[2,  2520] loss: 116.549
[2,  2540] loss: 115.678
[2,  2560] loss: 115.638
[2,  2580] loss: 115.732
[2,  2600] loss: 114.875
[2,  2620] loss: 114.006
[2,  2640] loss: 113.149
[2,  2660] loss: 112.303
[2,  2680] loss: 111.672
[2,  2700] loss: 111.997
[2,  2720] loss: 112.099
[2,  2740] loss: 112.010
[2,  2760] loss: 111.386
[2,  2780] loss: 110.598
[2,  2800] loss: 109.878
[2,  2820] loss: 109.431
[2,  2840] loss: 109.049
[2,  2860] loss: 108.384
[2,  2880] loss: 107.633
[2,  2900] loss: 106.946
[2,  2920] loss: 106.383
[2,  2940] loss: 105.833
[2,  2960] loss: 105.325
[2,  2980] loss: 104.773
[2,  3000] loss: 104.236
[2,  3020] loss: 103.864
[2,  3040] loss: 103.403
[2,  3060] loss: 102.753
[2,  3080] loss: 102.133
[2,  3100] loss: 101.676
[2,  3120] loss: 101.489
[2,  3140] loss: 101.450
[2,  3160] loss: 101.934
[2,  3180] loss: 102.338
[2,  3200] loss: 103.128
[2,  3220] loss: 103.776
[2,  3240] loss: 106.250
[2,  3260] loss: 106.845
[2,  3280] loss: 107.336
[2,  3300] loss: 107.805
[2,  3320] loss: 107.342
[2,  3340] loss: 106.925
[2,  3360] loss: 106.998
