cuda:  0
color_space: YCbCr
batch_size: 1
num_epcochs: 2
learning_rate: 0.001
[1,    20] loss: 2.141
[1,    40] loss: 0.063
[1,    60] loss: 0.218
[1,    80] loss: 0.041
[1,   100] loss: 0.181
[1,   120] loss: 0.059
[1,   140] loss: 0.092
[1,   160] loss: 0.045
[1,   180] loss: 0.350
[1,   200] loss: 0.050
[1,   220] loss: 0.020
[1,   240] loss: 0.026
[1,   260] loss: 0.068
[1,   280] loss: 0.022
[1,   300] loss: 0.054
[1,   320] loss: 0.074
[1,   340] loss: 0.113
[1,   360] loss: 0.043
[1,   380] loss: 0.058
[1,   400] loss: 0.072
[1,   420] loss: 0.173
[1,   440] loss: 0.043
[1,   460] loss: 0.149
[1,   480] loss: 0.122
[1,   500] loss: 0.212
[1,   520] loss: 0.058
[1,   540] loss: 0.051
[1,   560] loss: 0.113
[1,   580] loss: 0.031
[1,   600] loss: 0.029
[1,   620] loss: 0.102
[1,   640] loss: 0.012
[1,   660] loss: 0.041
[1,   680] loss: 0.078
[1,   700] loss: 0.039
[1,   720] loss: 0.155
[1,   740] loss: 0.047
[1,   760] loss: 0.160
[1,   780] loss: 0.054
[1,   800] loss: 0.114
[1,   820] loss: 0.047
[1,   840] loss: 0.063
[1,   860] loss: 0.122
[1,   880] loss: 0.128
[1,   900] loss: 0.159
[1,   920] loss: 0.178
[1,   940] loss: 0.035
[1,   960] loss: 0.108
[1,   980] loss: 0.070
[1,  1000] loss: 0.227
[1,  1020] loss: 0.087
[1,  1040] loss: 0.035
[1,  1060] loss: 0.058
[1,  1080] loss: 0.081
[1,  1100] loss: 0.309
[1,  1120] loss: 0.064
[1,  1140] loss: 0.055
[1,  1160] loss: 0.120
[1,  1180] loss: 0.034
[1,  1200] loss: 0.084
[1,  1220] loss: 0.049
[1,  1240] loss: 0.063
[1,  1260] loss: 0.051
[1,  1280] loss: 0.078
[1,  1300] loss: 0.178
[1,  1320] loss: 0.025
[1,  1340] loss: 0.115
[1,  1360] loss: 0.029
[1,  1380] loss: 0.279
[1,  1400] loss: 0.098
[1,  1420] loss: 0.024
[1,  1440] loss: 0.053
[1,  1460] loss: 0.076
[1,  1480] loss: 0.156
[1,  1500] loss: 0.113
[1,  1520] loss: 0.087
[1,  1540] loss: 0.096
[1,  1560] loss: 0.035
[1,  1580] loss: 0.012
[1,  1600] loss: 0.011
[1,  1620] loss: 0.055
[1,  1640] loss: 0.118
[1,  1660] loss: 0.026
[1,  1680] loss: 0.073
[1,  1700] loss: 0.008
[1,  1720] loss: 0.021
[1,  1740] loss: 0.035
[1,  1760] loss: 0.042
[1,  1780] loss: 0.024
[1,  1800] loss: 0.196
[1,  1820] loss: 0.176
[1,  1840] loss: 0.049
[1,  1860] loss: 0.035
[1,  1880] loss: 0.016
[1,  1900] loss: 0.029
[1,  1920] loss: 0.062
[1,  1940] loss: 0.083
[1,  1960] loss: 0.075
[1,  1980] loss: 0.104
[1,  2000] loss: 0.048
[1,  2020] loss: 0.052
[1,  2040] loss: 0.023
[1,  2060] loss: 0.107
[1,  2080] loss: 0.066
[1,  2100] loss: 0.270
[1,  2120] loss: 0.223
[1,  2140] loss: 0.188
[1,  2160] loss: 0.047
[1,  2180] loss: 88.981
[1,  2200] loss: 5696874.801
[1,  2220] loss: 135141409.481
[1,  2240] loss: 32390187.948
[1,  2260] loss: 33482258.962
[1,  2280] loss: 2933302.245
[1,  2300] loss: 350082.015
[1,  2320] loss: 90005.638
[1,  2340] loss: 20348.806
[1,  2360] loss: 36691.203
[1,  2380] loss: 16799.826
[1,  2400] loss: 28704.760
[1,  2420] loss: 11469.130
[1,  2440] loss: 16354.361
[1,  2460] loss: 18476.838
[1,  2480] loss: 9961.661
[1,  2500] loss: 6534.275
[1,  2520] loss: 5578.511
[1,  2540] loss: 7853.133
[1,  2560] loss: 5617.978
[1,  2580] loss: 11532.009
[1,  2600] loss: 5255.846
[1,  2620] loss: 7284.573
[1,  2640] loss: 5634.542
[1,  2660] loss: 5460.277
[1,  2680] loss: 7394.779
[1,  2700] loss: 4231.436
[1,  2720] loss: 5835.248
[1,  2740] loss: 6350.273
[1,  2760] loss: 5949.208
[1,  2780] loss: 3489.071
[1,  2800] loss: 1618.896
[1,  2820] loss: 3583.488
[1,  2840] loss: 3186.353
[1,  2860] loss: 2657.147
[1,  2880] loss: 4950.204
[1,  2900] loss: 3499.762
[1,  2920] loss: 2833.474
[1,  2940] loss: 4432.816
[1,  2960] loss: 3841.636
[1,  2980] loss: 1871.854
[1,  3000] loss: 985.008
[1,  3020] loss: 5375.851
[1,  3040] loss: 2402.370
[1,  3060] loss: 1495.190
[1,  3080] loss: 1690.835
[1,  3100] loss: 1385.823
[1,  3120] loss: 2224.783
[1,  3140] loss: 2063.754
[1,  3160] loss: 2385.842
[1,  3180] loss: 1588.736
[1,  3200] loss: 1564.624
[1,  3220] loss: 1147.112
[1,  3240] loss: 1142.142
[1,  3260] loss: 952.255
[1,  3280] loss: 1088.765
[1,  3300] loss: 1297.523
[1,  3320] loss: 767.971
[1,  3340] loss: 739.538
[1,  3360] loss: 689.575
[1,  3380] loss: 2152.753
[1,  3400] loss: 566.703
[1,  3420] loss: 806.803
[1,  3440] loss: 881.409
[1,  3460] loss: 1022.628
[1,  3480] loss: 827.875
[1,  3500] loss: 716.793
[1,  3520] loss: 809.973
[1,  3540] loss: 453.981
[1,  3560] loss: 425.675
[1,  3580] loss: 714.726
[1,  3600] loss: 412.066
[1,  3620] loss: 648.231
[1,  3640] loss: 434.356
[1,  3660] loss: 334.483
[1,  3680] loss: 741.087
[1,  3700] loss: 471.354
[1,  3720] loss: 580.121
[1,  3740] loss: 195.794
[1,  3760] loss: 555.497
[1,  3780] loss: 500.403
[1,  3800] loss: 697.065
[1,  3820] loss: 390.117
[1,  3840] loss: 506.561
[1,  3860] loss: 746.349
[1,  3880] loss: 421.397
[1,  3900] loss: 545.747
[1,  3920] loss: 357.137
[1,  3940] loss: 319.564
[1,  3960] loss: 223.728
[1,  3980] loss: 402.039
[1,  4000] loss: 403.881
[1,  4020] loss: 510.919
[1,  4040] loss: 239.116
[1,  4060] loss: 303.850
[1,  4080] loss: 178.873
[1,  4100] loss: 393.430
[1,  4120] loss: 499.189
[1,  4140] loss: 96.150
[1,  4160] loss: 222.144
[1,  4180] loss: 251.700
[1,  4200] loss: 333.327
[1,  4220] loss: 353.365
[1,  4240] loss: 158.313
[1,  4260] loss: 226.994
[1,  4280] loss: 297.250
[1,  4300] loss: 340.185
[1,  4320] loss: 327.294
[1,  4340] loss: 223.623
[1,  4360] loss: 172.003
[1,  4380] loss: 101.013
[1,  4400] loss: 135.855
[1,  4420] loss: 196.598
[1,  4440] loss: 227.802
[1,  4460] loss: 159.355
[1,  4480] loss: 133.481
[1,  4500] loss: 226.685
[1,  4520] loss: 147.108
[1,  4540] loss: 244.162
[1,  4560] loss: 288.744
[1,  4580] loss: 140.460
[1,  4600] loss: 187.220
[1,  4620] loss: 127.647
[1,  4640] loss: 151.724
[1,  4660] loss: 130.654
[1,  4680] loss: 117.632
[1,  4700] loss: 233.029
[1,  4720] loss: 186.239
[1,  4740] loss: 291.555
[1,  4760] loss: 147.622
[1,  4780] loss: 167.457
[1,  4800] loss: 301.292
[1,  4820] loss: 115.111
[1,  4840] loss: 194.536
[1,  4860] loss: 308.924
[1,  4880] loss: 189.331
[1,  4900] loss: 189.687
[1,  4920] loss: 136.179
[1,  4940] loss: 175.472
[1,  4960] loss: 147.859
[1,  4980] loss: 163.229
[1,  5000] loss: 192.737
[1,  5020] loss: 84.331
[1,  5040] loss: 156.955
[1,  5060] loss: 154.120
[1,  5080] loss: 140.267
[1,  5100] loss: 291.439
[1,  5120] loss: 162.650
[1,  5140] loss: 138.325
[1,  5160] loss: 117.343
[1,  5180] loss: 195.955
[1,  5200] loss: 141.569
[1,  5220] loss: 136.205
[1,  5240] loss: 134.153
[1,  5260] loss: 203.410
[1,  5280] loss: 148.997
[1,  5300] loss: 111.709
[1,  5320] loss: 76.546
[1,  5340] loss: 214.958
[1,  5360] loss: 203.492
[1,  5380] loss: 110.359
[1,  5400] loss: 173.687
[1,  5420] loss: 156.578
[1,  5440] loss: 143.223
[1,  5460] loss: 181.374
[1,  5480] loss: 135.672
[1,  5500] loss: 55.390
[1,  5520] loss: 153.943
[1,  5540] loss: 98.907
[1,  5560] loss: 154.265
[1,  5580] loss: 141.467
[1,  5600] loss: 198.414
[1,  5620] loss: 153.646
[1,  5640] loss: 164.423
[1,  5660] loss: 127.665
[1,  5680] loss: 218.316
[1,  5700] loss: 77.075
[1,  5720] loss: 55.094
[1,  5740] loss: 120.577
[1,  5760] loss: 89.987
[1,  5780] loss: 144.934
[1,  5800] loss: 100.378
[1,  5820] loss: 102.978
[1,  5840] loss: 98.372
[1,  5860] loss: 76.074
[1,  5880] loss: 189.953
[1,  5900] loss: 70.350
[1,  5920] loss: 127.916
[1,  5940] loss: 156.640
[1,  5960] loss: 82.339
[1,  5980] loss: 109.589
[1,  6000] loss: 115.717
[1,  6020] loss: 123.974
[1,  6040] loss: 94.539
[1,  6060] loss: 34.770
[1,  6080] loss: 107.735
[1,  6100] loss: 89.398
[1,  6120] loss: 92.242
[1,  6140] loss: 49.686
[1,  6160] loss: 78.143
[1,  6180] loss: 112.811
[1,  6200] loss: 68.252
[1,  6220] loss: 67.093
[1,  6240] loss: 78.778
[1,  6260] loss: 75.575
[1,  6280] loss: 78.458
[1,  6300] loss: 87.651
[1,  6320] loss: 104.471
[1,  6340] loss: 58.224
[1,  6360] loss: 71.391
[1,  6380] loss: 56.435
[1,  6400] loss: 94.767
[1,  6420] loss: 106.123
[1,  6440] loss: 61.073
[1,  6460] loss: 109.536
[1,  6480] loss: 62.434
[1,  6500] loss: 49.461
[1,  6520] loss: 119.169
[1,  6540] loss: 48.485
[1,  6560] loss: 82.638
[1,  6580] loss: 79.762
[1,  6600] loss: 55.549
[1,  6620] loss: 39.814
[1,  6640] loss: 65.446
[1,  6660] loss: 107.899
[1,  6680] loss: 108.020
[1,  6700] loss: 59.999
[1,  6720] loss: 68.547
[1,  6740] loss: 67.551
[1,  6760] loss: 69.603
[1,  6780] loss: 80.892
[1,  6800] loss: 40.209
[1,  6820] loss: 47.712
[1,  6840] loss: 55.098
[1,  6860] loss: 76.211
[1,  6880] loss: 81.075
[1,  6900] loss: 63.566
[1,  6920] loss: 31.122
[1,  6940] loss: 51.493
[1,  6960] loss: 71.057
[1,  6980] loss: 61.327
[1,  7000] loss: 52.226
[1,  7020] loss: 65.933
[1,  7040] loss: 53.165
[1,  7060] loss: 65.692
[1,  7080] loss: 48.262
[1,  7100] loss: 85.195
[1,  7120] loss: 90.310
[1,  7140] loss: 57.464
[1,  7160] loss: 27.576
[1,  7180] loss: 39.874
[1,  7200] loss: 36.563
[1,  7220] loss: 35.121
[1,  7240] loss: 44.048
[1,  7260] loss: 45.342
[1,  7280] loss: 43.967
[1,  7300] loss: 58.620
[1,  7320] loss: 39.442
[1,  7340] loss: 45.159
[1,  7360] loss: 69.032
[1,  7380] loss: 42.451
[1,  7400] loss: 22.210
[1,  7420] loss: 70.116
[1,  7440] loss: 34.179
[1,  7460] loss: 41.221
[1,  7480] loss: 29.422
[1,  7500] loss: 39.879
[1,  7520] loss: 79.223
[1,  7540] loss: 58.089
[1,  7560] loss: 40.048
[1,  7580] loss: 39.365
[1,  7600] loss: 34.058
[1,  7620] loss: 50.750
[1,  7640] loss: 33.250
[1,  7660] loss: 34.274
[1,  7680] loss: 26.751
[1,  7700] loss: 49.684
[1,  7720] loss: 41.849
[1,  7740] loss: 25.437
[1,  7760] loss: 33.129
[1,  7780] loss: 35.828
[1,  7800] loss: 38.891
[1,  7820] loss: 55.016
[1,  7840] loss: 22.990
[1,  7860] loss: 23.450
[1,  7880] loss: 42.729
[1,  7900] loss: 31.868
[1,  7920] loss: 14.774
[1,  7940] loss: 33.041
[1,  7960] loss: 43.619
[1,  7980] loss: 30.649
[1,  8000] loss: 38.672
[1,  8020] loss: 40.622
[1,  8040] loss: 26.005
[1,  8060] loss: 43.875
[1,  8080] loss: 19.846
[1,  8100] loss: 36.181
[1,  8120] loss: 19.183
[1,  8140] loss: 14.147
[1,  8160] loss: 25.074
[1,  8180] loss: 16.567
[1,  8200] loss: 24.249
[1,  8220] loss: 28.932
[1,  8240] loss: 36.192
[1,  8260] loss: 25.314
[1,  8280] loss: 26.539
[1,  8300] loss: 32.101
[1,  8320] loss: 17.529
[1,  8340] loss: 22.299
[1,  8360] loss: 18.192
[1,  8380] loss: 19.547
[1,  8400] loss: 19.252
[1,  8420] loss: 14.292
[1,  8440] loss: 21.547
[1,  8460] loss: 17.812
[1,  8480] loss: 38.079
[1,  8500] loss: 26.099
[1,  8520] loss: 36.746
[1,  8540] loss: 21.872
[1,  8560] loss: 21.421
[1,  8580] loss: 22.368
[1,  8600] loss: 26.479
[1,  8620] loss: 27.997
[1,  8640] loss: 9.606
[1,  8660] loss: 21.561
[1,  8680] loss: 18.912
[1,  8700] loss: 14.128
[1,  8720] loss: 11.925
[1,  8740] loss: 17.604
[1,  8760] loss: 36.297
[1,  8780] loss: 14.703
[1,  8800] loss: 22.731
[1,  8820] loss: 27.973
[1,  8840] loss: 19.944
[1,  8860] loss: 31.476
[1,  8880] loss: 24.196
[1,  8900] loss: 27.232
[1,  8920] loss: 14.199
[1,  8940] loss: 11.532
[1,  8960] loss: 12.798
[1,  8980] loss: 8.310
[1,  9000] loss: 22.540
[1,  9020] loss: 20.330
[1,  9040] loss: 12.420
[1,  9060] loss: 24.795
[1,  9080] loss: 26.150
[1,  9100] loss: 14.833
[1,  9120] loss: 9.204
[1,  9140] loss: 8.698
[1,  9160] loss: 12.106
[1,  9180] loss: 14.943
[1,  9200] loss: 9.533
[1,  9220] loss: 16.005
[1,  9240] loss: 10.942
[1,  9260] loss: 11.128
[1,  9280] loss: 11.224
[1,  9300] loss: 18.318
[1,  9320] loss: 6.711
[1,  9340] loss: 9.658
[1,  9360] loss: 4.209
[1,  9380] loss: 9.569
[1,  9400] loss: 23.791
[1,  9420] loss: 11.194
[1,  9440] loss: 13.683
[1,  9460] loss: 4.490
[1,  9480] loss: 8.663
[1,  9500] loss: 19.998
[1,  9520] loss: 17.272
[1,  9540] loss: 11.812
[1,  9560] loss: 7.565
[1,  9580] loss: 16.666
[1,  9600] loss: 16.229
[1,  9620] loss: 10.813
[1,  9640] loss: 15.135
[1,  9660] loss: 12.330
[1,  9680] loss: 14.455
[1,  9700] loss: 23.870
[1,  9720] loss: 7.623
[1,  9740] loss: 5.599
[1,  9760] loss: 8.479
[1,  9780] loss: 13.078
[1,  9800] loss: 14.651
[1,  9820] loss: 14.577
[1,  9840] loss: 9.322
[1,  9860] loss: 7.105
[1,  9880] loss: 12.785
[1,  9900] loss: 16.516
[1,  9920] loss: 5.614
[1,  9940] loss: 7.667
[1,  9960] loss: 6.909
[1,  9980] loss: 6.730
[1, 10000] loss: 14.572
[1, 10020] loss: 24.844
[1, 10040] loss: 9.874
[1, 10060] loss: 9.733
[1, 10080] loss: 4.575
[1, 10100] loss: 7.429
[1, 10120] loss: 4.452
[1, 10140] loss: 5.704
[1, 10160] loss: 6.696
[1, 10180] loss: 42.787
[1, 10200] loss: 19.419
[1, 10220] loss: 45.538
[1, 10240] loss: 24.687
[1, 10260] loss: 10.093
[1, 10280] loss: 11.073
[1, 10300] loss: 16.774
[1, 10320] loss: 24.096
[1, 10340] loss: 25.082
[1, 10360] loss: 8.792
[1, 10380] loss: 9.645
[1, 10400] loss: 16.811
[1, 10420] loss: 44.893
[1, 10440] loss: 61.455
[1, 10460] loss: 27.821
[1, 10480] loss: 10.431
[1, 10500] loss: 10.651
[1, 10520] loss: 17.870
[1, 10540] loss: 11.923
[1, 10560] loss: 5.548
[1, 10580] loss: 6.869
[1, 10600] loss: 22.343
[1, 10620] loss: 6.761
[1, 10640] loss: 10.273
[1, 10660] loss: 9.904
[1, 10680] loss: 14.908
[1, 10700] loss: 19.373
[1, 10720] loss: 13.494
[1, 10740] loss: 19.150
[1, 10760] loss: 27.496
[1, 10780] loss: 8.737
[1, 10800] loss: 3.596
[1, 10820] loss: 11.042
[1, 10840] loss: 6.473
[1, 10860] loss: 7.391
[1, 10880] loss: 9.339
[1, 10900] loss: 2.205
[1, 10920] loss: 5.047
[1, 10940] loss: 2.301
[1, 10960] loss: 3.366
[1, 10980] loss: 10.127
[1, 11000] loss: 14.579
[1, 11020] loss: 50.719
[1, 11040] loss: 45.468
[1, 11060] loss: 93.018
[1, 11080] loss: 88.725
[1, 11100] loss: 48.971
[1, 11120] loss: 109.532
[1, 11140] loss: 694.823
[1, 11160] loss: 1691.213
[1, 11180] loss: 675.465
[1, 11200] loss: 34.748
[1, 11220] loss: 19.478
[1, 11240] loss: 14.207
[1, 11260] loss: 5.683
[1, 11280] loss: 5.017
[1, 11300] loss: 2.609
[1, 11320] loss: 3.069
[1, 11340] loss: 7.197
[1, 11360] loss: 6.178
[1, 11380] loss: 5.040
[1, 11400] loss: 3.317
[1, 11420] loss: 4.444
[1, 11440] loss: 3.607
[1, 11460] loss: 5.622
[1, 11480] loss: 6.480
[1, 11500] loss: 7.738
[1, 11520] loss: 11.443
[1, 11540] loss: 9.045
[1, 11560] loss: 8.532
[1, 11580] loss: 3.851
[1, 11600] loss: 3.143
[1, 11620] loss: 6.576
[1, 11640] loss: 2.970
[1, 11660] loss: 3.539
[1, 11680] loss: 5.419
[1, 11700] loss: 5.243
[1, 11720] loss: 6.700
[1, 11740] loss: 4.165
[1, 11760] loss: 5.068
[1, 11780] loss: 3.866
[1, 11800] loss: 2.073
[1, 11820] loss: 3.280
[1, 11840] loss: 2.881
[1, 11860] loss: 1.994
[1, 11880] loss: 5.147
[1, 11900] loss: 2.563
[1, 11920] loss: 3.836
[1, 11940] loss: 3.862
[1, 11960] loss: 4.547
[1, 11980] loss: 3.312
[1, 12000] loss: 4.816
[1, 12020] loss: 2.115
[1, 12040] loss: 2.456
[1, 12060] loss: 2.592
[1, 12080] loss: 2.699
[1, 12100] loss: 5.009
[1, 12120] loss: 4.936
[1, 12140] loss: 2.322
[1, 12160] loss: 3.412
[1, 12180] loss: 4.896
[1, 12200] loss: 6.462
[1, 12220] loss: 4.488
[1, 12240] loss: 3.421
[1, 12260] loss: 3.692
[1, 12280] loss: 1.695
[1, 12300] loss: 2.141
[1, 12320] loss: 4.573
[1, 12340] loss: 2.720
[1, 12360] loss: 5.652
[1, 12380] loss: 4.249
[1, 12400] loss: 3.777
[1, 12420] loss: 2.581
[1, 12440] loss: 18.190
[1, 12460] loss: 17.176
[1, 12480] loss: 45.438
[1, 12500] loss: 19.624
[1, 12520] loss: 4.227
[1, 12540] loss: 5.043
[1, 12560] loss: 4.267
[1, 12580] loss: 3.958
[1, 12600] loss: 1.301
[1, 12620] loss: 2.321
[1, 12640] loss: 1.495
[1, 12660] loss: 2.666
[1, 12680] loss: 2.632
[1, 12700] loss: 7.578
[1, 12720] loss: 11.668
[1, 12740] loss: 20.279
[1, 12760] loss: 3.605
[1, 12780] loss: 3.908
[1, 12800] loss: 3.669
[1, 12820] loss: 6.876
[1, 12840] loss: 3.311
[1, 12860] loss: 2.456
[1, 12880] loss: 5.509
[1, 12900] loss: 2.220
[1, 12920] loss: 4.340
[1, 12940] loss: 14.980
[1, 12960] loss: 4.339
[1, 12980] loss: 4.588
[1, 13000] loss: 41.375
[1, 13020] loss: 88.510
[1, 13040] loss: 249.258
[1, 13060] loss: 193.047
[1, 13080] loss: 18.886
[1, 13100] loss: 6.044
[1, 13120] loss: 15.592
[1, 13140] loss: 11.124
[1, 13160] loss: 3.891
[1, 13180] loss: 2.420
[1, 13200] loss: 7.467
[1, 13220] loss: 8.002
[1, 13240] loss: 4.365
[1, 13260] loss: 2.073
[1, 13280] loss: 2.046
[1, 13300] loss: 1.662
[1, 13320] loss: 1.661
[1, 13340] loss: 2.133
[1, 13360] loss: 2.310
[1, 13380] loss: 1.918
[1, 13400] loss: 3.279
[1, 13420] loss: 3.604
[1, 13440] loss: 2.202
[1, 13460] loss: 2.301
[1, 13480] loss: 2.243
[1, 13500] loss: 6.828
[1, 13520] loss: 3.591
[1, 13540] loss: 1.736
[1, 13560] loss: 2.317
[1, 13580] loss: 6.665
[1, 13600] loss: 6.801
[1, 13620] loss: 5.843
[1, 13640] loss: 2.914
[1, 13660] loss: 3.230
[1, 13680] loss: 3.783
[1, 13700] loss: 4.218
[1, 13720] loss: 2.352
[1, 13740] loss: 1.239
[1, 13760] loss: 3.925
[1, 13780] loss: 20.016
[1, 13800] loss: 13.074
[1, 13820] loss: 12.092
[1, 13840] loss: 4.030
[1, 13860] loss: 9.186
[1, 13880] loss: 3.268
[1, 13900] loss: 0.495
[1, 13920] loss: 0.946
[1, 13940] loss: 3.610
[1, 13960] loss: 14.248
[1, 13980] loss: 4.884
[1, 14000] loss: 3.235
[1, 14020] loss: 1.664
[1, 14040] loss: 3.379
[1, 14060] loss: 3.740
[1, 14080] loss: 0.738
[1, 14100] loss: 2.704
[1, 14120] loss: 4.538
[1, 14140] loss: 0.807
[1, 14160] loss: 1.306
[1, 14180] loss: 4.080
[1, 14200] loss: 3.193
[1, 14220] loss: 3.048
[1, 14240] loss: 2.189
[1, 14260] loss: 4.033
[1, 14280] loss: 2.380
[1, 14300] loss: 4.226
[1, 14320] loss: 3.523
[1, 14340] loss: 0.643
[1, 14360] loss: 0.875
[1, 14380] loss: 0.739
[1, 14400] loss: 1.430
[1, 14420] loss: 1.959
[1, 14440] loss: 4.717
[1, 14460] loss: 10.787
[1, 14480] loss: 26.214
[1, 14500] loss: 74.286
[1, 14520] loss: 131.469
[1, 14540] loss: 9.503
[1, 14560] loss: 2.330
[1, 14580] loss: 1.739
[1, 14600] loss: 2.360
[1, 14620] loss: 0.878
[1, 14640] loss: 1.262
[1, 14660] loss: 0.966
[1, 14680] loss: 1.311
[1, 14700] loss: 1.282
[1, 14720] loss: 1.476
[1, 14740] loss: 1.125
[1, 14760] loss: 1.634
[1, 14780] loss: 3.881
[1, 14800] loss: 5.414
[1, 14820] loss: 4.128
[1, 14840] loss: 6.476
[1, 14860] loss: 1.788
[1, 14880] loss: 1.469
[1, 14900] loss: 0.406
[1, 14920] loss: 0.623
[1, 14940] loss: 1.390
[1, 14960] loss: 0.286
[1, 14980] loss: 0.762
[1, 15000] loss: 0.683
[1, 15020] loss: 0.979
[1, 15040] loss: 1.135
[1, 15060] loss: 0.734
[1, 15080] loss: 0.643
[1, 15100] loss: 0.571
[1, 15120] loss: 0.464
[1, 15140] loss: 0.839
[1, 15160] loss: 1.168
[1, 15180] loss: 1.035
[1, 15200] loss: 1.288
[1, 15220] loss: 0.455
[1, 15240] loss: 0.818
[1, 15260] loss: 0.927
[1, 15280] loss: 4.543
[1, 15300] loss: 7.464
[1, 15320] loss: 6.211
[1, 15340] loss: 5.105
[1, 15360] loss: 2.060
[1, 15380] loss: 1.546
[1, 15400] loss: 1.202
[1, 15420] loss: 0.846
[1, 15440] loss: 0.562
[1, 15460] loss: 1.653
[1, 15480] loss: 1.665
[1, 15500] loss: 0.951
[1, 15520] loss: 0.254
[1, 15540] loss: 0.678
[1, 15560] loss: 2.604
[1, 15580] loss: 3.947
[1, 15600] loss: 5.963
[1, 15620] loss: 5.802
[1, 15640] loss: 21.208
[1, 15660] loss: 13.545
[1, 15680] loss: 5.195
[1, 15700] loss: 11.195
[1, 15720] loss: 2.271
[1, 15740] loss: 2.438
[1, 15760] loss: 2.306
[1, 15780] loss: 1.704
[1, 15800] loss: 1.590
[1, 15820] loss: 8.528
[1, 15840] loss: 2.672
[1, 15860] loss: 1.843
[1, 15880] loss: 0.797
[1, 15900] loss: 0.995
[1, 15920] loss: 0.518
[1, 15940] loss: 0.298
[1, 15960] loss: 1.020
[1, 15980] loss: 1.921
[1, 16000] loss: 0.787
[1, 16020] loss: 2.301
[1, 16040] loss: 1.847
[1, 16060] loss: 0.971
[1, 16080] loss: 0.900
[1, 16100] loss: 1.331
[1, 16120] loss: 0.806
[1, 16140] loss: 1.114
[1, 16160] loss: 1.313
[1, 16180] loss: 1.172
[1, 16200] loss: 0.372
[1, 16220] loss: 0.435
[1, 16240] loss: 0.541
[1, 16260] loss: 2.852
[1, 16280] loss: 2.232
[1, 16300] loss: 2.563
[1, 16320] loss: 3.327
[1, 16340] loss: 5.684
[1, 16360] loss: 3.631
[1, 16380] loss: 1.950
[1, 16400] loss: 0.856
[1, 16420] loss: 0.720
[1, 16440] loss: 0.571
[1, 16460] loss: 1.132
[1, 16480] loss: 1.037
[1, 16500] loss: 1.430
[1, 16520] loss: 1.495
[1, 16540] loss: 0.531
[1, 16560] loss: 1.229
[1, 16580] loss: 1.166
[1, 16600] loss: 2.498
[1, 16620] loss: 10.658
[1, 16640] loss: 27.695
[1, 16660] loss: 43.631
[1, 16680] loss: 18.075
[1, 16700] loss: 50.492
[1, 16720] loss: 28.096
[1, 16740] loss: 10.792
[1, 16760] loss: 1.110
[1, 16780] loss: 0.334
[1, 16800] loss: 0.419
[1, 16820] loss: 0.185
[1, 16840] loss: 0.543
[1, 16860] loss: 0.329
[1, 16880] loss: 0.153
[1, 16900] loss: 0.115
[1, 16920] loss: 0.261
[1, 16940] loss: 0.253
[1, 16960] loss: 0.178
[1, 16980] loss: 0.658
[1, 17000] loss: 0.187
[1, 17020] loss: 0.142
[1, 17040] loss: 0.133
[1, 17060] loss: 0.078
[1, 17080] loss: 0.118
[1, 17100] loss: 0.217
[1, 17120] loss: 0.137
[1, 17140] loss: 0.141
[1, 17160] loss: 0.256
[1, 17180] loss: 0.212
[1, 17200] loss: 0.167
[1, 17220] loss: 0.272
[1, 17240] loss: 0.389
[1, 17260] loss: 0.408
[1, 17280] loss: 0.309
[1, 17300] loss: 0.165
[1, 17320] loss: 0.092
[1, 17340] loss: 0.072
[1, 17360] loss: 0.159
[1, 17380] loss: 0.169
[1, 17400] loss: 0.109
[1, 17420] loss: 0.279
[1, 17440] loss: 0.236
[1, 17460] loss: 0.123
[1, 17480] loss: 0.163
[1, 17500] loss: 0.296
[1, 17520] loss: 0.226
[1, 17540] loss: 0.245
[1, 17560] loss: 0.184
[1, 17580] loss: 0.104
[1, 17600] loss: 0.167
[1, 17620] loss: 0.136
[1, 17640] loss: 0.106
[1, 17660] loss: 0.419
[1, 17680] loss: 0.454
[1, 17700] loss: 0.234
[1, 17720] loss: 0.219
[1, 17740] loss: 0.239
[1, 17760] loss: 0.275
[1, 17780] loss: 0.469
[1, 17800] loss: 0.218
[1, 17820] loss: 0.031
[1, 17840] loss: 0.040
[1, 17860] loss: 0.055
[1, 17880] loss: 0.113
[1, 17900] loss: 0.244
[1, 17920] loss: 0.160
[1, 17940] loss: 0.210
[1, 17960] loss: 0.220
[1, 17980] loss: 0.317
[1, 18000] loss: 0.458
[1, 18020] loss: 0.622
[1, 18040] loss: 0.403
[1, 18060] loss: 0.392
[1, 18080] loss: 0.322
[1, 18100] loss: 0.186
[1, 18120] loss: 0.191
[1, 18140] loss: 0.203
[1, 18160] loss: 0.248
[1, 18180] loss: 0.191
[1, 18200] loss: 0.080
[1, 18220] loss: 0.044
[1, 18240] loss: 0.063
[1, 18260] loss: 0.423
[1, 18280] loss: 0.167
[1, 18300] loss: 0.612
[1, 18320] loss: 0.302
[1, 18340] loss: 0.447
[1, 18360] loss: 0.297
[1, 18380] loss: 0.288
[1, 18400] loss: 0.110
[1, 18420] loss: 0.595
[1, 18440] loss: 0.531
[1, 18460] loss: 0.998
[1, 18480] loss: 0.151
[1, 18500] loss: 0.301
[1, 18520] loss: 0.553
[1, 18540] loss: 2.202
[1, 18560] loss: 2.388
[1, 18580] loss: 0.887
[1, 18600] loss: 1.253
[1, 18620] loss: 0.952
[1, 18640] loss: 0.240
[1, 18660] loss: 0.209
[1, 18680] loss: 0.207
[1, 18700] loss: 0.373
[1, 18720] loss: 0.629
[1, 18740] loss: 0.532
[1, 18760] loss: 0.437
[1, 18780] loss: 0.447
[1, 18800] loss: 0.801
[1, 18820] loss: 0.436
[1, 18840] loss: 0.360
[1, 18860] loss: 0.735
[1, 18880] loss: 0.466
[1, 18900] loss: 0.134
[1, 18920] loss: 0.164
[1, 18940] loss: 0.159
[1, 18960] loss: 0.328
[1, 18980] loss: 0.264
[1, 19000] loss: 0.188
[1, 19020] loss: 0.345
[1, 19040] loss: 0.257
[1, 19060] loss: 0.148
[1, 19080] loss: 0.182
[1, 19100] loss: 0.225
[1, 19120] loss: 0.410
[1, 19140] loss: 0.299
[1, 19160] loss: 0.257
[1, 19180] loss: 0.180
[1, 19200] loss: 0.442
[1, 19220] loss: 0.818
[1, 19240] loss: 1.119
[1, 19260] loss: 6.284
[1, 19280] loss: 2.646
[1, 19300] loss: 1.524
[1, 19320] loss: 0.965
[1, 19340] loss: 0.385
[1, 19360] loss: 0.935
[1, 19380] loss: 0.320
[1, 19400] loss: 0.383
[1, 19420] loss: 0.149
[1, 19440] loss: 0.360
[1, 19460] loss: 0.524
[1, 19480] loss: 0.184
[1, 19500] loss: 0.150
[1, 19520] loss: 0.174
[1, 19540] loss: 0.171
[1, 19560] loss: 0.334
[1, 19580] loss: 0.127
[1, 19600] loss: 0.092
[1, 19620] loss: 0.305
[1, 19640] loss: 1.491
[1, 19660] loss: 1.237
[1, 19680] loss: 1.006
[1, 19700] loss: 1.413
[1, 19720] loss: 1.202
[1, 19740] loss: 0.370
[1, 19760] loss: 0.230
[1, 19780] loss: 0.348
[1, 19800] loss: 0.429
[1, 19820] loss: 0.917
[1, 19840] loss: 0.251
[1, 19860] loss: 0.100
[1, 19880] loss: 0.115
[1, 19900] loss: 0.166
[1, 19920] loss: 0.109
[1, 19940] loss: 0.201
[1, 19960] loss: 0.206
[1, 19980] loss: 0.282
[1, 20000] loss: 0.082
[1, 20020] loss: 0.245
[1, 20040] loss: 0.139
[1, 20060] loss: 0.277
[1, 20080] loss: 0.253
[1, 20100] loss: 0.121
[1, 20120] loss: 0.094
[1, 20140] loss: 0.163
[1, 20160] loss: 0.247
[1, 20180] loss: 0.225
[1, 20200] loss: 0.344
[1, 20220] loss: 0.724
[1, 20240] loss: 0.319
[1, 20260] loss: 0.166
[1, 20280] loss: 0.068
[1, 20300] loss: 0.283
[1, 20320] loss: 0.265
[1, 20340] loss: 0.328
[1, 20360] loss: 0.469
[1, 20380] loss: 4.068
[1, 20400] loss: 5.809
[1, 20420] loss: 2.710
[1, 20440] loss: 4.036
[1, 20460] loss: 5.693
[1, 20480] loss: 1.700
[1, 20500] loss: 1.693
[1, 20520] loss: 0.294
[1, 20540] loss: 0.248
[1, 20560] loss: 0.260
[1, 20580] loss: 0.475
[1, 20600] loss: 1.219
[1, 20620] loss: 0.871
[1, 20640] loss: 0.444
[1, 20660] loss: 0.529
[1, 20680] loss: 0.134
[1, 20700] loss: 0.278
[1, 20720] loss: 0.334
[1, 20740] loss: 0.476
[1, 20760] loss: 0.493
[1, 20780] loss: 1.302
[1, 20800] loss: 1.265
[1, 20820] loss: 0.256
[1, 20840] loss: 0.249
[1, 20860] loss: 0.145
[1, 20880] loss: 0.138
[1, 20900] loss: 0.088
[1, 20920] loss: 0.119
[1, 20940] loss: 0.539
[1, 20960] loss: 0.398
[1, 20980] loss: 0.352
[1, 21000] loss: 0.438
[1, 21020] loss: 0.136
[1, 21040] loss: 0.204
[1, 21060] loss: 0.115
[1, 21080] loss: 0.085
[1, 21100] loss: 0.195
[1, 21120] loss: 0.161
[1, 21140] loss: 0.209
[1, 21160] loss: 0.167
[1, 21180] loss: 0.306
[1, 21200] loss: 0.170
[1, 21220] loss: 0.155
[1, 21240] loss: 0.240
[1, 21260] loss: 0.110
[1, 21280] loss: 0.099
[1, 21300] loss: 0.359
[1, 21320] loss: 0.312
[1, 21340] loss: 0.263
[1, 21360] loss: 0.284
[1, 21380] loss: 0.191
[1, 21400] loss: 0.512
[1, 21420] loss: 0.557
[1, 21440] loss: 2.659
[1, 21460] loss: 4.241
[1, 21480] loss: 3.034
[1, 21500] loss: 0.831
[1, 21520] loss: 0.461
[1, 21540] loss: 0.252
[1, 21560] loss: 0.909
[1, 21580] loss: 0.348
[1, 21600] loss: 0.246
[1, 21620] loss: 0.160
[1, 21640] loss: 0.625
[1, 21660] loss: 0.120
[1, 21680] loss: 0.176
[1, 21700] loss: 0.472
[1, 21720] loss: 0.772
[1, 21740] loss: 0.229
[1, 21760] loss: 1.111
[1, 21780] loss: 0.594
[1, 21800] loss: 0.524
[1, 21820] loss: 0.081
[1, 21840] loss: 0.247
[1, 21860] loss: 0.157
[1, 21880] loss: 0.488
[1, 21900] loss: 0.189
[1, 21920] loss: 0.215
[1, 21940] loss: 0.101
[1, 21960] loss: 0.143
[1, 21980] loss: 0.308
[1, 22000] loss: 0.221
[1, 22020] loss: 0.092
[1, 22040] loss: 0.055
[1, 22060] loss: 0.146
[1, 22080] loss: 0.161
[1, 22100] loss: 0.086
[1, 22120] loss: 0.114
[1, 22140] loss: 0.033
[1, 22160] loss: 0.128
[1, 22180] loss: 0.108
[1, 22200] loss: 0.083
[1, 22220] loss: 0.619
[1, 22240] loss: 0.237
[1, 22260] loss: 0.274
[1, 22280] loss: 0.367
[1, 22300] loss: 0.385
[1, 22320] loss: 0.088
[1, 22340] loss: 0.309
[1, 22360] loss: 0.183
[1, 22380] loss: 0.095
[1, 22400] loss: 0.218
[1, 22420] loss: 0.226
[1, 22440] loss: 0.432
[1, 22460] loss: 0.500
[1, 22480] loss: 0.289
[1, 22500] loss: 0.506
[1, 22520] loss: 0.414
[1, 22540] loss: 0.170
[1, 22560] loss: 0.113
[1, 22580] loss: 0.158
[1, 22600] loss: 0.887
[1, 22620] loss: 0.344
[1, 22640] loss: 0.453
[1, 22660] loss: 0.318
[1, 22680] loss: 0.113
[1, 22700] loss: 0.130
[1, 22720] loss: 0.099
[1, 22740] loss: 0.399
[1, 22760] loss: 0.263
[1, 22780] loss: 0.467
[1, 22800] loss: 0.195
[1, 22820] loss: 0.070
[1, 22840] loss: 0.245
[1, 22860] loss: 0.325
[1, 22880] loss: 0.255
[1, 22900] loss: 0.049
[1, 22920] loss: 0.151
[1, 22940] loss: 0.155
[1, 22960] loss: 0.167
[1, 22980] loss: 0.352
[1, 23000] loss: 1.473
[1, 23020] loss: 2.618
[1, 23040] loss: 0.831
[1, 23060] loss: 0.672
[1, 23080] loss: 0.328
[1, 23100] loss: 0.180
[1, 23120] loss: 0.051
[1, 23140] loss: 0.044
[1, 23160] loss: 0.096
[1, 23180] loss: 0.168
[1, 23200] loss: 0.200
[1, 23220] loss: 0.462
[1, 23240] loss: 0.336
[1, 23260] loss: 0.184
[1, 23280] loss: 0.195
[1, 23300] loss: 0.162
[1, 23320] loss: 0.174
[1, 23340] loss: 0.168
[1, 23360] loss: 0.145
[1, 23380] loss: 0.205
[1, 23400] loss: 0.157
[1, 23420] loss: 0.125
[1, 23440] loss: 0.181
[1, 23460] loss: 0.112
[1, 23480] loss: 0.063
[1, 23500] loss: 0.115
[1, 23520] loss: 0.130
[1, 23540] loss: 0.108
[1, 23560] loss: 0.221
[1, 23580] loss: 0.436
[1, 23600] loss: 0.257
[1, 23620] loss: 0.494
[1, 23640] loss: 0.529
[1, 23660] loss: 0.810
[1, 23680] loss: 0.688
[1, 23700] loss: 0.357
[1, 23720] loss: 0.243
[1, 23740] loss: 0.364
[1, 23760] loss: 0.248
[1, 23780] loss: 0.346
[1, 23800] loss: 0.071
[1, 23820] loss: 0.209
[1, 23840] loss: 0.055
[1, 23860] loss: 0.276
[1, 23880] loss: 0.054
[1, 23900] loss: 0.095
[1, 23920] loss: 0.052
[1, 23940] loss: 0.190
[1, 23960] loss: 0.165
[1, 23980] loss: 0.255
[1, 24000] loss: 0.417
[1, 24020] loss: 0.195
[1, 24040] loss: 0.171
[1, 24060] loss: 0.142
[1, 24080] loss: 0.200
[1, 24100] loss: 0.040
[1, 24120] loss: 0.135
[1, 24140] loss: 0.179
[1, 24160] loss: 0.144
[1, 24180] loss: 0.099
[1, 24200] loss: 0.172
[1, 24220] loss: 0.066
[1, 24240] loss: 0.089
[1, 24260] loss: 0.093
[1, 24280] loss: 0.417
[1, 24300] loss: 0.144
[1, 24320] loss: 0.331
[1, 24340] loss: 0.095
[1, 24360] loss: 0.189
[1, 24380] loss: 0.105
[1, 24400] loss: 0.083
[1, 24420] loss: 0.129
[1, 24440] loss: 0.106
[1, 24460] loss: 0.095
[1, 24480] loss: 0.177
[1, 24500] loss: 0.078
[1, 24520] loss: 0.137
[1, 24540] loss: 0.158
[1, 24560] loss: 0.093
[1, 24580] loss: 0.057
[1, 24600] loss: 0.153
[1, 24620] loss: 0.132
[1, 24640] loss: 0.132
[1, 24660] loss: 0.124
[1, 24680] loss: 0.055
[1, 24700] loss: 0.109
[1, 24720] loss: 0.117
[1, 24740] loss: 0.281
[1, 24760] loss: 0.333
[1, 24780] loss: 0.081
[1, 24800] loss: 0.091
[1, 24820] loss: 0.037
[1, 24840] loss: 0.124
[1, 24860] loss: 0.094
[1, 24880] loss: 0.043
[1, 24900] loss: 0.077
[1, 24920] loss: 0.065
[1, 24940] loss: 0.255
[1, 24960] loss: 0.158
[1, 24980] loss: 0.249
[1, 25000] loss: 0.299
[1, 25020] loss: 0.084
[1, 25040] loss: 0.200
[1, 25060] loss: 0.164
[1, 25080] loss: 0.067
[1, 25100] loss: 0.074
[1, 25120] loss: 0.100
[1, 25140] loss: 0.051
[1, 25160] loss: 0.070
[1, 25180] loss: 0.031
[1, 25200] loss: 0.105
[1, 25220] loss: 0.078
[1, 25240] loss: 0.070
[1, 25260] loss: 0.193
[1, 25280] loss: 0.130
[1, 25300] loss: 0.197
[1, 25320] loss: 0.187
[1, 25340] loss: 0.193
[1, 25360] loss: 0.076
[1, 25380] loss: 0.061
[1, 25400] loss: 0.069
[1, 25420] loss: 0.053
[1, 25440] loss: 0.107
[1, 25460] loss: 0.046
[1, 25480] loss: 0.044
[1, 25500] loss: 0.047
[1, 25520] loss: 0.096
[1, 25540] loss: 0.036
[1, 25560] loss: 0.110
[1, 25580] loss: 0.112
[1, 25600] loss: 0.094
[1, 25620] loss: 0.051
[1, 25640] loss: 0.154
[1, 25660] loss: 0.115
[1, 25680] loss: 0.198
[1, 25700] loss: 0.339
[1, 25720] loss: 0.168
[1, 25740] loss: 0.164
[1, 25760] loss: 0.096
[1, 25780] loss: 0.067
[1, 25800] loss: 0.064
[1, 25820] loss: 0.082
[1, 25840] loss: 0.150
[1, 25860] loss: 0.032
[1, 25880] loss: 0.071
[1, 25900] loss: 0.105
[1, 25920] loss: 0.071
[1, 25940] loss: 0.114
[1, 25960] loss: 0.130
[1, 25980] loss: 0.051
[1, 26000] loss: 0.098
[1, 26020] loss: 0.422
[1, 26040] loss: 0.275
[1, 26060] loss: 0.300
[1, 26080] loss: 0.593
[1, 26100] loss: 0.216
[1, 26120] loss: 1.150
[1, 26140] loss: 419187.124
[1, 26160] loss: 7284123.641
[1, 26180] loss: 4275097.031
[1, 26200] loss: 1302629.399
[1, 26220] loss: 34390.846
[1, 26240] loss: 9138.578
[1, 26260] loss: 4528.161
[1, 26280] loss: 3923.082
[1, 26300] loss: 1443.532
[1, 26320] loss: 3114.508
[1, 26340] loss: 1606.617
[1, 26360] loss: 1202.793
[1, 26380] loss: 863.582
[1, 26400] loss: 2329.763
[1, 26420] loss: 1370.795
[1, 26440] loss: 1440.186
[1, 26460] loss: 582.392
[1, 26480] loss: 591.471
[1, 26500] loss: 685.551
[1, 26520] loss: 920.812
[1, 26540] loss: 293.648
[1, 26560] loss: 651.168
[1, 26580] loss: 385.989
[1, 26600] loss: 851.752
[1, 26620] loss: 518.081
[1, 26640] loss: 535.248
[1, 26660] loss: 319.954
[1, 26680] loss: 455.032
[1, 26700] loss: 298.400
[1, 26720] loss: 409.025
[1, 26740] loss: 313.421
[1, 26760] loss: 307.064
[1, 26780] loss: 505.936
[1, 26800] loss: 308.981
[1, 26820] loss: 273.132
[1, 26840] loss: 238.868
[1, 26860] loss: 242.158
[1, 26880] loss: 279.902
[1, 26900] loss: 428.941
[1, 26920] loss: 391.419
[1, 26940] loss: 358.881
[1, 26960] loss: 136.557
[1, 26980] loss: 230.377
[1, 27000] loss: 316.723
[1, 27020] loss: 74.731
[1, 27040] loss: 335.209
[1, 27060] loss: 165.543
[1, 27080] loss: 163.384
[1, 27100] loss: 254.841
[1, 27120] loss: 179.943
[1, 27140] loss: 215.115
[1, 27160] loss: 167.305
[1, 27180] loss: 144.869
[1, 27200] loss: 207.680
[1, 27220] loss: 159.889
[1, 27240] loss: 139.640
[1, 27260] loss: 121.078
[1, 27280] loss: 184.846
[1, 27300] loss: 229.203
[1, 27320] loss: 265.021
[1, 27340] loss: 187.412
[1, 27360] loss: 147.666
[1, 27380] loss: 207.911
[1, 27400] loss: 219.091
[1, 27420] loss: 182.591
[1, 27440] loss: 191.038
[1, 27460] loss: 121.539
[1, 27480] loss: 117.307
[1, 27500] loss: 81.925
[1, 27520] loss: 164.957
[1, 27540] loss: 115.469
[1, 27560] loss: 202.884
[1, 27580] loss: 107.907
[1, 27600] loss: 84.552
[1, 27620] loss: 167.642
[1, 27640] loss: 70.887
[1, 27660] loss: 108.626
[1, 27680] loss: 75.176
[1, 27700] loss: 126.265
[1, 27720] loss: 80.426
[1, 27740] loss: 133.366
[1, 27760] loss: 105.443
[1, 27780] loss: 108.696
[1, 27800] loss: 59.196
[1, 27820] loss: 46.058
[1, 27840] loss: 149.861
[1, 27860] loss: 104.902
[1, 27880] loss: 130.676
[1, 27900] loss: 92.945
[1, 27920] loss: 135.381
[1, 27940] loss: 70.063
[1, 27960] loss: 45.998
[1, 27980] loss: 93.264
[1, 28000] loss: 90.064
[1, 28020] loss: 81.529
[1, 28040] loss: 60.073
[1, 28060] loss: 94.509
[1, 28080] loss: 94.492
[1, 28100] loss: 75.138
[1, 28120] loss: 62.586
[1, 28140] loss: 65.976
[1, 28160] loss: 78.288
[1, 28180] loss: 64.354
[1, 28200] loss: 53.520
[1, 28220] loss: 98.896
[1, 28240] loss: 120.776
[1, 28260] loss: 101.376
[1, 28280] loss: 42.744
[1, 28300] loss: 46.416
[1, 28320] loss: 27.345
[1, 28340] loss: 35.749
[1, 28360] loss: 61.208
[1, 28380] loss: 67.888
[1, 28400] loss: 74.125
[1, 28420] loss: 58.936
[1, 28440] loss: 110.976
[1, 28460] loss: 61.134
[1, 28480] loss: 32.058
[1, 28500] loss: 46.494
[1, 28520] loss: 59.127
[1, 28540] loss: 37.486
[1, 28560] loss: 64.161
[1, 28580] loss: 54.469
[1, 28600] loss: 39.100
[1, 28620] loss: 60.566
[1, 28640] loss: 51.108
[1, 28660] loss: 82.732
[1, 28680] loss: 32.650
[1, 28700] loss: 44.093
[1, 28720] loss: 40.665
[1, 28740] loss: 31.714
[1, 28760] loss: 52.273
[1, 28780] loss: 41.443
[1, 28800] loss: 36.074
[1, 28820] loss: 33.731
[1, 28840] loss: 26.514
[1, 28860] loss: 57.906
[1, 28880] loss: 33.209
[1, 28900] loss: 49.571
[1, 28920] loss: 52.372
[1, 28940] loss: 51.070
[1, 28960] loss: 26.344
[1, 28980] loss: 29.042
[1, 29000] loss: 41.155
[1, 29020] loss: 50.485
[1, 29040] loss: 20.968
[1, 29060] loss: 23.857
[1, 29080] loss: 34.527
[1, 29100] loss: 23.713
[1, 29120] loss: 21.511
[1, 29140] loss: 29.820
[1, 29160] loss: 9.488
[1, 29180] loss: 28.343
[1, 29200] loss: 17.473
[1, 29220] loss: 22.512
[1, 29240] loss: 22.412
[1, 29260] loss: 20.705
[1, 29280] loss: 15.880
[1, 29300] loss: 36.189
[1, 29320] loss: 20.007
[1, 29340] loss: 46.413
[1, 29360] loss: 22.350
[1, 29380] loss: 38.462
[1, 29400] loss: 35.758
[1, 29420] loss: 35.025
[1, 29440] loss: 27.350
[1, 29460] loss: 16.353
[1, 29480] loss: 17.738
[1, 29500] loss: 18.113
[1, 29520] loss: 15.156
[1, 29540] loss: 21.685
[1, 29560] loss: 18.339
[1, 29580] loss: 33.268
[1, 29600] loss: 16.167
[1, 29620] loss: 16.981
[1, 29640] loss: 12.680
[1, 29660] loss: 28.115
[1, 29680] loss: 17.240
[1, 29700] loss: 25.261
[1, 29720] loss: 11.536
[1, 29740] loss: 20.437
[1, 29760] loss: 17.958
[1, 29780] loss: 14.484
[1, 29800] loss: 29.782
[1, 29820] loss: 35.882
[1, 29840] loss: 18.111
[1, 29860] loss: 16.424
[1, 29880] loss: 16.544
[1, 29900] loss: 23.464
[1, 29920] loss: 15.181
[1, 29940] loss: 8.922
[1, 29960] loss: 20.874
[1, 29980] loss: 24.399
[1, 30000] loss: 12.813
[1, 30020] loss: 16.574
[1, 30040] loss: 23.737
[1, 30060] loss: 12.244
[1, 30080] loss: 10.914
[1, 30100] loss: 10.703
[1, 30120] loss: 10.265
[1, 30140] loss: 11.051
[1, 30160] loss: 9.436
[1, 30180] loss: 10.505
[1, 30200] loss: 14.195
[1, 30220] loss: 24.275
[1, 30240] loss: 12.664
[1, 30260] loss: 8.795
[1, 30280] loss: 16.454
[1, 30300] loss: 15.809
[1, 30320] loss: 6.247
[1, 30340] loss: 10.800
[1, 30360] loss: 14.986
[1, 30380] loss: 14.678
[1, 30400] loss: 19.096
[1, 30420] loss: 18.069
[2,    20] loss: 12.781
[2,    40] loss: 15.002
[2,    60] loss: 13.792
[2,    80] loss: 17.252
[2,   100] loss: 11.674
[2,   120] loss: 16.109
[2,   140] loss: 6.550
[2,   160] loss: 21.034
[2,   180] loss: 12.741
[2,   200] loss: 15.552
[2,   220] loss: 18.890
[2,   240] loss: 19.279
[2,   260] loss: 16.402
[2,   280] loss: 10.958
[2,   300] loss: 20.163
[2,   320] loss: 8.505
[2,   340] loss: 9.913
[2,   360] loss: 10.164
[2,   380] loss: 9.305
[2,   400] loss: 8.717
[2,   420] loss: 14.568
[2,   440] loss: 11.405
[2,   460] loss: 8.794
[2,   480] loss: 11.059
[2,   500] loss: 10.870
[2,   520] loss: 4.735
[2,   540] loss: 4.970
[2,   560] loss: 8.421
[2,   580] loss: 5.842
[2,   600] loss: 12.963
[2,   620] loss: 12.001
[2,   640] loss: 8.445
[2,   660] loss: 15.821
[2,   680] loss: 7.881
[2,   700] loss: 19.462
[2,   720] loss: 9.800
[2,   740] loss: 9.505
[2,   760] loss: 6.253
[2,   780] loss: 9.208
[2,   800] loss: 3.774
[2,   820] loss: 10.779
[2,   840] loss: 6.667
[2,   860] loss: 5.573
[2,   880] loss: 4.910
[2,   900] loss: 6.369
[2,   920] loss: 20.283
[2,   940] loss: 5.048
[2,   960] loss: 7.128
[2,   980] loss: 7.922
[2,  1000] loss: 10.541
[2,  1020] loss: 7.568
[2,  1040] loss: 11.069
[2,  1060] loss: 3.077
[2,  1080] loss: 4.873
[2,  1100] loss: 9.574
[2,  1120] loss: 3.731
[2,  1140] loss: 3.429
[2,  1160] loss: 5.200
[2,  1180] loss: 9.556
[2,  1200] loss: 6.078
[2,  1220] loss: 16.427
[2,  1240] loss: 4.693
[2,  1260] loss: 7.110
[2,  1280] loss: 7.852
[2,  1300] loss: 8.473
[2,  1320] loss: 6.689
[2,  1340] loss: 4.642
[2,  1360] loss: 8.934
[2,  1380] loss: 2.915
[2,  1400] loss: 4.230
[2,  1420] loss: 6.833
[2,  1440] loss: 4.236
[2,  1460] loss: 6.977
[2,  1480] loss: 7.101
[2,  1500] loss: 6.996
[2,  1520] loss: 7.546
[2,  1540] loss: 3.993
[2,  1560] loss: 8.206
[2,  1580] loss: 3.965
[2,  1600] loss: 6.458
[2,  1620] loss: 3.600
[2,  1640] loss: 4.958
[2,  1660] loss: 5.736
[2,  1680] loss: 4.302
[2,  1700] loss: 8.509
[2,  1720] loss: 19.215
[2,  1740] loss: 10.826
[2,  1760] loss: 4.227
[2,  1780] loss: 6.931
[2,  1800] loss: 5.347
[2,  1820] loss: 2.586
[2,  1840] loss: 5.133
[2,  1860] loss: 3.780
[2,  1880] loss: 1.418
[2,  1900] loss: 2.714
[2,  1920] loss: 2.568
[2,  1940] loss: 3.158
[2,  1960] loss: 7.119
[2,  1980] loss: 2.782
[2,  2000] loss: 4.762
[2,  2020] loss: 3.535
[2,  2040] loss: 4.357
[2,  2060] loss: 3.549
[2,  2080] loss: 3.156
[2,  2100] loss: 3.183
[2,  2120] loss: 5.525
[2,  2140] loss: 5.213
[2,  2160] loss: 10.921
[2,  2180] loss: 4.287
[2,  2200] loss: 3.019
[2,  2220] loss: 5.178
[2,  2240] loss: 4.078
[2,  2260] loss: 2.843
[2,  2280] loss: 3.248
[2,  2300] loss: 5.199
[2,  2320] loss: 2.155
[2,  2340] loss: 1.354
[2,  2360] loss: 4.077
[2,  2380] loss: 2.345
[2,  2400] loss: 2.289
[2,  2420] loss: 5.228
[2,  2440] loss: 2.186
[2,  2460] loss: 4.237
[2,  2480] loss: 3.233
[2,  2500] loss: 4.149
[2,  2520] loss: 4.476
[2,  2540] loss: 1.627
[2,  2560] loss: 3.420
[2,  2580] loss: 4.293
[2,  2600] loss: 0.824
[2,  2620] loss: 2.963
[2,  2640] loss: 2.499
[2,  2660] loss: 2.673
[2,  2680] loss: 4.770
[2,  2700] loss: 5.697
[2,  2720] loss: 3.822
[2,  2740] loss: 2.361
[2,  2760] loss: 3.606
[2,  2780] loss: 1.881
[2,  2800] loss: 1.160
[2,  2820] loss: 1.227
[2,  2840] loss: 1.836
[2,  2860] loss: 2.279
[2,  2880] loss: 3.317
[2,  2900] loss: 2.086
[2,  2920] loss: 2.553
[2,  2940] loss: 0.852
[2,  2960] loss: 2.088
[2,  2980] loss: 3.881
[2,  3000] loss: 3.291
[2,  3020] loss: 2.673
[2,  3040] loss: 1.596
[2,  3060] loss: 3.510
[2,  3080] loss: 1.238
[2,  3100] loss: 2.937
[2,  3120] loss: 1.687
[2,  3140] loss: 2.004
[2,  3160] loss: 1.622
[2,  3180] loss: 1.955
[2,  3200] loss: 1.647
[2,  3220] loss: 1.329
[2,  3240] loss: 2.506
[2,  3260] loss: 2.200
[2,  3280] loss: 2.611
[2,  3300] loss: 3.329
[2,  3320] loss: 1.452
[2,  3340] loss: 1.275
[2,  3360] loss: 1.812
[2,  3380] loss: 1.895
[2,  3400] loss: 2.967
[2,  3420] loss: 4.162
[2,  3440] loss: 4.334
[2,  3460] loss: 1.591
[2,  3480] loss: 2.542
[2,  3500] loss: 2.091
[2,  3520] loss: 1.769
[2,  3540] loss: 2.636
[2,  3560] loss: 5.208
[2,  3580] loss: 0.785
[2,  3600] loss: 2.823
[2,  3620] loss: 1.998
[2,  3640] loss: 1.456
[2,  3660] loss: 1.025
[2,  3680] loss: 1.300
[2,  3700] loss: 0.966
[2,  3720] loss: 1.364
[2,  3740] loss: 2.894
[2,  3760] loss: 1.736
[2,  3780] loss: 2.096
[2,  3800] loss: 1.112
[2,  3820] loss: 1.148
[2,  3840] loss: 1.203
[2,  3860] loss: 3.520
[2,  3880] loss: 1.105
[2,  3900] loss: 2.713
[2,  3920] loss: 6.859
[2,  3940] loss: 4.718
[2,  3960] loss: 2.541
[2,  3980] loss: 1.498
[2,  4000] loss: 5.557
[2,  4020] loss: 4.911
[2,  4040] loss: 2.053
[2,  4060] loss: 2.384
[2,  4080] loss: 1.374
[2,  4100] loss: 0.602
[2,  4120] loss: 2.266
[2,  4140] loss: 1.334
[2,  4160] loss: 3.121
[2,  4180] loss: 1.879
[2,  4200] loss: 1.900
[2,  4220] loss: 6.846
[2,  4240] loss: 3.343
[2,  4260] loss: 1.316
[2,  4280] loss: 3.670
[2,  4300] loss: 2.933
[2,  4320] loss: 2.517
[2,  4340] loss: 1.778
[2,  4360] loss: 2.144
[2,  4380] loss: 1.049
[2,  4400] loss: 1.678
[2,  4420] loss: 2.196
[2,  4440] loss: 1.177
[2,  4460] loss: 1.396
[2,  4480] loss: 1.515
[2,  4500] loss: 1.533
[2,  4520] loss: 1.132
[2,  4540] loss: 1.470
[2,  4560] loss: 1.925
[2,  4580] loss: 2.076
[2,  4600] loss: 1.715
[2,  4620] loss: 1.136
[2,  4640] loss: 1.280
[2,  4660] loss: 3.071
[2,  4680] loss: 2.960
[2,  4700] loss: 1.385
[2,  4720] loss: 1.444
[2,  4740] loss: 1.093
[2,  4760] loss: 0.641
[2,  4780] loss: 1.288
[2,  4800] loss: 0.698
[2,  4820] loss: 0.569
[2,  4840] loss: 1.375
[2,  4860] loss: 0.960
[2,  4880] loss: 2.126
[2,  4900] loss: 1.562
[2,  4920] loss: 1.739
[2,  4940] loss: 0.984
[2,  4960] loss: 2.152
[2,  4980] loss: 1.112
[2,  5000] loss: 3.814
[2,  5020] loss: 1.246
[2,  5040] loss: 1.188
[2,  5060] loss: 1.383
[2,  5080] loss: 0.415
[2,  5100] loss: 1.451
[2,  5120] loss: 1.231
[2,  5140] loss: 4.996
[2,  5160] loss: 3.165
[2,  5180] loss: 1.996
[2,  5200] loss: 1.898
[2,  5220] loss: 1.936
[2,  5240] loss: 2.829
[2,  5260] loss: 3.964
[2,  5280] loss: 2.931
[2,  5300] loss: 3.161
[2,  5320] loss: 1.041
[2,  5340] loss: 1.137
[2,  5360] loss: 1.127
[2,  5380] loss: 2.227
[2,  5400] loss: 2.045
[2,  5420] loss: 1.663
[2,  5440] loss: 1.212
[2,  5460] loss: 1.749
[2,  5480] loss: 1.588
[2,  5500] loss: 2.561
[2,  5520] loss: 1.216
[2,  5540] loss: 1.184
[2,  5560] loss: 1.128
[2,  5580] loss: 1.833
[2,  5600] loss: 1.149
[2,  5620] loss: 1.593
[2,  5640] loss: 2.296
[2,  5660] loss: 2.183
[2,  5680] loss: 1.632
[2,  5700] loss: 1.532
[2,  5720] loss: 1.317
[2,  5740] loss: 0.656
[2,  5760] loss: 0.656
[2,  5780] loss: 1.275
[2,  5800] loss: 3.076
[2,  5820] loss: 1.446
[2,  5840] loss: 0.504
[2,  5860] loss: 0.691
[2,  5880] loss: 0.517
[2,  5900] loss: 0.925
[2,  5920] loss: 1.019
[2,  5940] loss: 0.403
[2,  5960] loss: 1.433
[2,  5980] loss: 1.175
[2,  6000] loss: 0.695
[2,  6020] loss: 1.203
[2,  6040] loss: 3.634
[2,  6060] loss: 3.868
[2,  6080] loss: 1.845
[2,  6100] loss: 3.910
[2,  6120] loss: 3.336
[2,  6140] loss: 1.428
[2,  6160] loss: 1.067
[2,  6180] loss: 1.801
[2,  6200] loss: 1.635
[2,  6220] loss: 0.587
[2,  6240] loss: 0.662
[2,  6260] loss: 0.663
[2,  6280] loss: 1.093
[2,  6300] loss: 1.679
[2,  6320] loss: 1.533
[2,  6340] loss: 0.738
[2,  6360] loss: 0.513
[2,  6380] loss: 0.315
[2,  6400] loss: 0.473
[2,  6420] loss: 0.400
[2,  6440] loss: 0.987
[2,  6460] loss: 1.144
[2,  6480] loss: 1.869
[2,  6500] loss: 0.866
[2,  6520] loss: 0.776
[2,  6540] loss: 0.993
[2,  6560] loss: 0.414
[2,  6580] loss: 0.334
[2,  6600] loss: 0.647
[2,  6620] loss: 0.528
[2,  6640] loss: 1.322
[2,  6660] loss: 0.778
[2,  6680] loss: 0.586
[2,  6700] loss: 0.381
[2,  6720] loss: 0.336
[2,  6740] loss: 0.367
[2,  6760] loss: 0.839
[2,  6780] loss: 2.029
[2,  6800] loss: 4.312
[2,  6820] loss: 0.679
[2,  6840] loss: 0.583
[2,  6860] loss: 0.651
[2,  6880] loss: 0.661
[2,  6900] loss: 0.838
[2,  6920] loss: 0.851
[2,  6940] loss: 1.520
[2,  6960] loss: 0.690
[2,  6980] loss: 0.625
[2,  7000] loss: 0.497
[2,  7020] loss: 1.301
[2,  7040] loss: 1.156
[2,  7060] loss: 1.444
[2,  7080] loss: 0.675
[2,  7100] loss: 1.795
[2,  7120] loss: 0.844
[2,  7140] loss: 1.453
[2,  7160] loss: 0.755
[2,  7180] loss: 1.255
[2,  7200] loss: 0.636
[2,  7220] loss: 0.419
[2,  7240] loss: 0.187
[2,  7260] loss: 0.210
[2,  7280] loss: 0.338
[2,  7300] loss: 0.450
[2,  7320] loss: 0.661
[2,  7340] loss: 1.222
[2,  7360] loss: 0.803
[2,  7380] loss: 0.428
[2,  7400] loss: 1.662
[2,  7420] loss: 2.013
[2,  7440] loss: 5.090
[2,  7460] loss: 8.979
[2,  7480] loss: 2.194
[2,  7500] loss: 0.908
[2,  7520] loss: 0.448
[2,  7540] loss: 1.562
[2,  7560] loss: 2.530
[2,  7580] loss: 1.174
[2,  7600] loss: 1.487
[2,  7620] loss: 1.601
[2,  7640] loss: 1.070
[2,  7660] loss: 1.364
[2,  7680] loss: 0.349
[2,  7700] loss: 3.049
[2,  7720] loss: 3.571
[2,  7740] loss: 1.042
[2,  7760] loss: 1.080
[2,  7780] loss: 0.468
[2,  7800] loss: 0.661
[2,  7820] loss: 0.586
[2,  7840] loss: 1.997
[2,  7860] loss: 6.863
[2,  7880] loss: 8.291
[2,  7900] loss: 11.016
[2,  7920] loss: 7.669
[2,  7940] loss: 3.357
[2,  7960] loss: 5.564
[2,  7980] loss: 1.506
[2,  8000] loss: 1.506
[2,  8020] loss: 0.783
[2,  8040] loss: 0.359
[2,  8060] loss: 0.245
[2,  8080] loss: 0.396
[2,  8100] loss: 0.206
[2,  8120] loss: 0.384
[2,  8140] loss: 0.459
[2,  8160] loss: 0.451
[2,  8180] loss: 0.370
[2,  8200] loss: 0.377
[2,  8220] loss: 0.389
[2,  8240] loss: 0.183
[2,  8260] loss: 0.130
[2,  8280] loss: 0.272
[2,  8300] loss: 0.173
[2,  8320] loss: 0.728
[2,  8340] loss: 1.167
[2,  8360] loss: 0.547
[2,  8380] loss: 1.209
[2,  8400] loss: 2.475
[2,  8420] loss: 1.845
[2,  8440] loss: 1.158
[2,  8460] loss: 1.074
[2,  8480] loss: 2.752
[2,  8500] loss: 1.644
[2,  8520] loss: 1.825
[2,  8540] loss: 1.187
[2,  8560] loss: 0.752
[2,  8580] loss: 0.272
[2,  8600] loss: 1.056
[2,  8620] loss: 0.769
[2,  8640] loss: 2.770
[2,  8660] loss: 0.856
[2,  8680] loss: 0.385
[2,  8700] loss: 0.364
[2,  8720] loss: 0.285
[2,  8740] loss: 0.253
[2,  8760] loss: 0.604
[2,  8780] loss: 0.235
[2,  8800] loss: 0.352
[2,  8820] loss: 0.359
[2,  8840] loss: 0.322
[2,  8860] loss: 0.338
[2,  8880] loss: 0.182
[2,  8900] loss: 0.204
[2,  8920] loss: 0.108
[2,  8940] loss: 0.111
[2,  8960] loss: 0.172
[2,  8980] loss: 0.286
[2,  9000] loss: 0.388
[2,  9020] loss: 0.434
[2,  9040] loss: 0.124
[2,  9060] loss: 0.943
[2,  9080] loss: 1.367
[2,  9100] loss: 0.138
[2,  9120] loss: 0.529
[2,  9140] loss: 0.210
[2,  9160] loss: 0.405
[2,  9180] loss: 0.329
[2,  9200] loss: 0.181
[2,  9220] loss: 0.209
[2,  9240] loss: 0.199
[2,  9260] loss: 5.814
[2,  9280] loss: 27.789
[2,  9300] loss: 621.174
[2,  9320] loss: 542989.401
[2,  9340] loss: 1338487.627
[2,  9360] loss: 215795.691
[2,  9380] loss: 36783.899
[2,  9400] loss: 8551.551
[2,  9420] loss: 1963.276
[2,  9440] loss: 216.414
[2,  9460] loss: 233.658
[2,  9480] loss: 275.245
[2,  9500] loss: 110.971
[2,  9520] loss: 101.076
[2,  9540] loss: 112.048
[2,  9560] loss: 140.108
[2,  9580] loss: 90.908
[2,  9600] loss: 105.519
[2,  9620] loss: 76.862
[2,  9640] loss: 59.606
[2,  9660] loss: 46.357
[2,  9680] loss: 32.277
[2,  9700] loss: 56.650
[2,  9720] loss: 45.393
[2,  9740] loss: 44.595
[2,  9760] loss: 33.047
[2,  9780] loss: 27.180
[2,  9800] loss: 51.015
[2,  9820] loss: 26.932
[2,  9840] loss: 27.946
[2,  9860] loss: 46.672
[2,  9880] loss: 32.621
[2,  9900] loss: 26.856
[2,  9920] loss: 20.050
[2,  9940] loss: 16.464
[2,  9960] loss: 31.314
[2,  9980] loss: 19.532
[2, 10000] loss: 26.423
[2, 10020] loss: 17.136
[2, 10040] loss: 17.196
[2, 10060] loss: 22.964
[2, 10080] loss: 27.642
[2, 10100] loss: 8.282
[2, 10120] loss: 35.374
[2, 10140] loss: 19.174
[2, 10160] loss: 24.238
[2, 10180] loss: 25.410
[2, 10200] loss: 21.291
[2, 10220] loss: 8.969
[2, 10240] loss: 26.803
[2, 10260] loss: 15.026
[2, 10280] loss: 12.862
[2, 10300] loss: 13.369
[2, 10320] loss: 11.373
[2, 10340] loss: 16.938
[2, 10360] loss: 22.228
[2, 10380] loss: 30.722
[2, 10400] loss: 19.028
[2, 10420] loss: 21.642
[2, 10440] loss: 19.594
[2, 10460] loss: 8.857
[2, 10480] loss: 8.034
[2, 10500] loss: 16.158
[2, 10520] loss: 9.299
[2, 10540] loss: 8.968
[2, 10560] loss: 8.848
[2, 10580] loss: 14.681
[2, 10600] loss: 23.503
[2, 10620] loss: 8.527
[2, 10640] loss: 13.652
[2, 10660] loss: 29.533
[2, 10680] loss: 14.079
[2, 10700] loss: 7.923
[2, 10720] loss: 11.274
[2, 10740] loss: 6.632
[2, 10760] loss: 15.270
[2, 10780] loss: 14.481
[2, 10800] loss: 7.687
[2, 10820] loss: 10.929
[2, 10840] loss: 10.298
[2, 10860] loss: 8.228
[2, 10880] loss: 7.430
[2, 10900] loss: 21.233
[2, 10920] loss: 6.307
[2, 10940] loss: 23.207
[2, 10960] loss: 13.234
[2, 10980] loss: 5.133
[2, 11000] loss: 7.128
[2, 11020] loss: 7.677
[2, 11040] loss: 11.046
[2, 11060] loss: 8.019
[2, 11080] loss: 4.612
[2, 11100] loss: 7.408
[2, 11120] loss: 5.371
[2, 11140] loss: 6.385
[2, 11160] loss: 6.410
[2, 11180] loss: 5.232
[2, 11200] loss: 4.364
[2, 11220] loss: 3.898
[2, 11240] loss: 8.417
[2, 11260] loss: 5.982
[2, 11280] loss: 7.411
[2, 11300] loss: 5.416
[2, 11320] loss: 5.747
[2, 11340] loss: 5.848
[2, 11360] loss: 7.673
[2, 11380] loss: 7.018
[2, 11400] loss: 12.562
[2, 11420] loss: 4.276
[2, 11440] loss: 9.667
[2, 11460] loss: 4.853
[2, 11480] loss: 6.083
[2, 11500] loss: 8.560
[2, 11520] loss: 7.001
[2, 11540] loss: 3.971
[2, 11560] loss: 6.015
[2, 11580] loss: 3.956
[2, 11600] loss: 6.376
[2, 11620] loss: 6.687
[2, 11640] loss: 5.701
[2, 11660] loss: 14.527
[2, 11680] loss: 12.278
[2, 11700] loss: 9.867
[2, 11720] loss: 6.213
[2, 11740] loss: 10.473
[2, 11760] loss: 9.013
[2, 11780] loss: 9.770
[2, 11800] loss: 3.521
[2, 11820] loss: 2.326
[2, 11840] loss: 3.367
[2, 11860] loss: 2.720
[2, 11880] loss: 2.357
[2, 11900] loss: 10.935
[2, 11920] loss: 17.291
[2, 11940] loss: 19.145
[2, 11960] loss: 12.475
[2, 11980] loss: 7.957
[2, 12000] loss: 5.647
[2, 12020] loss: 6.488
[2, 12040] loss: 3.504
[2, 12060] loss: 2.818
[2, 12080] loss: 2.895
[2, 12100] loss: 4.771
[2, 12120] loss: 3.517
[2, 12140] loss: 9.215
[2, 12160] loss: 6.173
[2, 12180] loss: 2.971
[2, 12200] loss: 3.249
[2, 12220] loss: 4.329
[2, 12240] loss: 2.803
[2, 12260] loss: 2.624
[2, 12280] loss: 2.376
[2, 12300] loss: 2.772
[2, 12320] loss: 1.993
[2, 12340] loss: 2.131
[2, 12360] loss: 5.118
[2, 12380] loss: 4.236
[2, 12400] loss: 1.852
[2, 12420] loss: 1.287
[2, 12440] loss: 2.770
[2, 12460] loss: 1.748
[2, 12480] loss: 1.486
[2, 12500] loss: 4.379
[2, 12520] loss: 3.027
[2, 12540] loss: 8.464
[2, 12560] loss: 5.087
[2, 12580] loss: 3.768
[2, 12600] loss: 2.760
[2, 12620] loss: 7.053
[2, 12640] loss: 3.518
[2, 12660] loss: 4.929
[2, 12680] loss: 2.618
[2, 12700] loss: 3.668
[2, 12720] loss: 3.093
[2, 12740] loss: 8.767
[2, 12760] loss: 6.291
[2, 12780] loss: 9.170
[2, 12800] loss: 8.122
[2, 12820] loss: 5.907
[2, 12840] loss: 18.288
[2, 12860] loss: 36.621
[2, 12880] loss: 9.811
[2, 12900] loss: 17.479
[2, 12920] loss: 5.985
[2, 12940] loss: 5.078
[2, 12960] loss: 1.527
[2, 12980] loss: 2.902
[2, 13000] loss: 2.742
[2, 13020] loss: 2.488
[2, 13040] loss: 6.589
[2, 13060] loss: 2.869
[2, 13080] loss: 2.908
[2, 13100] loss: 1.405
[2, 13120] loss: 6.591
[2, 13140] loss: 4.699
[2, 13160] loss: 14.064
[2, 13180] loss: 8.615
[2, 13200] loss: 4.466
[2, 13220] loss: 3.610
[2, 13240] loss: 5.141
[2, 13260] loss: 2.899
[2, 13280] loss: 2.413
[2, 13300] loss: 3.423
[2, 13320] loss: 3.784
[2, 13340] loss: 1.863
[2, 13360] loss: 2.480
[2, 13380] loss: 4.611
[2, 13400] loss: 2.751
[2, 13420] loss: 1.930
[2, 13440] loss: 2.151
[2, 13460] loss: 3.279
[2, 13480] loss: 2.216
[2, 13500] loss: 0.804
[2, 13520] loss: 5.712
[2, 13540] loss: 1.872
[2, 13560] loss: 3.039
[2, 13580] loss: 9.443
[2, 13600] loss: 5.474
[2, 13620] loss: 2.958
[2, 13640] loss: 9.466
[2, 13660] loss: 30.035
[2, 13680] loss: 39.571
[2, 13700] loss: 15.570
[2, 13720] loss: 8.306
[2, 13740] loss: 3.884
[2, 13760] loss: 3.672
[2, 13780] loss: 5.549
[2, 13800] loss: 12.270
[2, 13820] loss: 50.201
[2, 13840] loss: 33.770
[2, 13860] loss: 52.689
[2, 13880] loss: 252.501
[2, 13900] loss: 196.535
[2, 13920] loss: 31.174
[2, 13940] loss: 38.739
[2, 13960] loss: 35.486
[2, 13980] loss: 40.781
[2, 14000] loss: 238.889
[2, 14020] loss: 583.574
[2, 14040] loss: 218.740
[2, 14060] loss: 77.823
[2, 14080] loss: 21.216
[2, 14100] loss: 9.119
[2, 14120] loss: 3.422
[2, 14140] loss: 2.971
[2, 14160] loss: 1.922
[2, 14180] loss: 1.979
[2, 14200] loss: 2.297
[2, 14220] loss: 1.524
[2, 14240] loss: 1.101
[2, 14260] loss: 1.937
[2, 14280] loss: 0.978
[2, 14300] loss: 1.935
[2, 14320] loss: 1.317
[2, 14340] loss: 2.215
[2, 14360] loss: 0.585
[2, 14380] loss: 1.236
[2, 14400] loss: 0.356
[2, 14420] loss: 0.756
[2, 14440] loss: 0.884
[2, 14460] loss: 0.710
[2, 14480] loss: 0.385
[2, 14500] loss: 0.819
[2, 14520] loss: 0.610
[2, 14540] loss: 0.326
[2, 14560] loss: 0.387
[2, 14580] loss: 0.422
[2, 14600] loss: 0.271
[2, 14620] loss: 0.864
[2, 14640] loss: 0.392
[2, 14660] loss: 0.328
[2, 14680] loss: 0.328
[2, 14700] loss: 0.230
[2, 14720] loss: 0.493
[2, 14740] loss: 0.397
[2, 14760] loss: 0.424
[2, 14780] loss: 0.392
[2, 14800] loss: 0.264
[2, 14820] loss: 0.790
[2, 14840] loss: 0.948
[2, 14860] loss: 1.937
[2, 14880] loss: 0.887
[2, 14900] loss: 0.195
[2, 14920] loss: 0.480
[2, 14940] loss: 0.208
[2, 14960] loss: 0.501
[2, 14980] loss: 0.301
[2, 15000] loss: 0.387
[2, 15020] loss: 0.862
[2, 15040] loss: 0.533
[2, 15060] loss: 0.367
[2, 15080] loss: 0.946
[2, 15100] loss: 0.418
[2, 15120] loss: 0.389
[2, 15140] loss: 0.351
[2, 15160] loss: 0.461
[2, 15180] loss: 0.477
[2, 15200] loss: 0.152
[2, 15220] loss: 0.145
[2, 15240] loss: 0.288
[2, 15260] loss: 0.555
[2, 15280] loss: 0.563
[2, 15300] loss: 0.656
[2, 15320] loss: 0.782
[2, 15340] loss: 0.446
[2, 15360] loss: 0.399
[2, 15380] loss: 1.631
[2, 15400] loss: 1.483
[2, 15420] loss: 0.978
[2, 15440] loss: 0.664
[2, 15460] loss: 0.226
[2, 15480] loss: 0.288
[2, 15500] loss: 0.292
[2, 15520] loss: 0.653
[2, 15540] loss: 0.591
[2, 15560] loss: 0.989
[2, 15580] loss: 0.768
[2, 15600] loss: 0.453
[2, 15620] loss: 0.659
[2, 15640] loss: 0.786
[2, 15660] loss: 0.779
[2, 15680] loss: 0.362
[2, 15700] loss: 1.361
[2, 15720] loss: 1.378
[2, 15740] loss: 1.771
[2, 15760] loss: 6.578
[2, 15780] loss: 3.647
[2, 15800] loss: 3.798
[2, 15820] loss: 13.578
[2, 15840] loss: 7.521
[2, 15860] loss: 2.265
[2, 15880] loss: 0.555
[2, 15900] loss: 0.706
[2, 15920] loss: 0.970
[2, 15940] loss: 1.571
[2, 15960] loss: 0.684
[2, 15980] loss: 0.235
[2, 16000] loss: 0.383
[2, 16020] loss: 0.353
[2, 16040] loss: 0.464
[2, 16060] loss: 1.098
[2, 16080] loss: 0.918
[2, 16100] loss: 1.411
[2, 16120] loss: 1.119
[2, 16140] loss: 5.544
[2, 16160] loss: 2.752
[2, 16180] loss: 2.852
[2, 16200] loss: 1.530
[2, 16220] loss: 0.466
[2, 16240] loss: 0.633
[2, 16260] loss: 3.426
[2, 16280] loss: 1.042
[2, 16300] loss: 8.772
[2, 16320] loss: 3.591
[2, 16340] loss: 1.156
[2, 16360] loss: 4.978
[2, 16380] loss: 4.122
[2, 16400] loss: 5.121
[2, 16420] loss: 1.275
[2, 16440] loss: 1.917
[2, 16460] loss: 1.057
[2, 16480] loss: 0.543
[2, 16500] loss: 0.937
[2, 16520] loss: 0.677
[2, 16540] loss: 0.382
[2, 16560] loss: 0.274
[2, 16580] loss: 0.631
[2, 16600] loss: 1.685
[2, 16620] loss: 18.130
[2, 16640] loss: 97.116
[2, 16660] loss: 45.152
[2, 16680] loss: 33.456
[2, 16700] loss: 47.379
[2, 16720] loss: 24.967
[2, 16740] loss: 25.626
[2, 16760] loss: 3.106
[2, 16780] loss: 1.804
[2, 16800] loss: 0.886
[2, 16820] loss: 0.644
[2, 16840] loss: 0.599
[2, 16860] loss: 0.458
[2, 16880] loss: 0.477
[2, 16900] loss: 0.372
[2, 16920] loss: 0.856
[2, 16940] loss: 0.567
[2, 16960] loss: 0.411
[2, 16980] loss: 0.334
[2, 17000] loss: 0.288
[2, 17020] loss: 0.661
[2, 17040] loss: 0.725
[2, 17060] loss: 0.420
[2, 17080] loss: 0.147
[2, 17100] loss: 0.445
[2, 17120] loss: 0.271
[2, 17140] loss: 0.271
[2, 17160] loss: 0.236
[2, 17180] loss: 0.191
[2, 17200] loss: 0.228
[2, 17220] loss: 0.205
[2, 17240] loss: 0.264
[2, 17260] loss: 0.643
[2, 17280] loss: 0.246
[2, 17300] loss: 0.233
[2, 17320] loss: 0.284
[2, 17340] loss: 0.587
[2, 17360] loss: 0.309
[2, 17380] loss: 0.163
[2, 17400] loss: 0.376
[2, 17420] loss: 0.453
[2, 17440] loss: 0.570
[2, 17460] loss: 0.681
[2, 17480] loss: 0.183
[2, 17500] loss: 0.291
[2, 17520] loss: 0.103
[2, 17540] loss: 0.273
[2, 17560] loss: 0.209
[2, 17580] loss: 0.222
[2, 17600] loss: 0.650
[2, 17620] loss: 2.345
[2, 17640] loss: 1.838
[2, 17660] loss: 0.374
[2, 17680] loss: 0.430
[2, 17700] loss: 0.215
[2, 17720] loss: 0.330
[2, 17740] loss: 0.221
[2, 17760] loss: 0.742
[2, 17780] loss: 1.394
[2, 17800] loss: 3.041
[2, 17820] loss: 2.616
[2, 17840] loss: 0.599
[2, 17860] loss: 3.067
[2, 17880] loss: 3.991
[2, 17900] loss: 4.138
[2, 17920] loss: 0.427
[2, 17940] loss: 1.076
[2, 17960] loss: 5.212
[2, 17980] loss: 6.362
[2, 18000] loss: 19.998
[2, 18020] loss: 19.626
[2, 18040] loss: 15.962
[2, 18060] loss: 20.524
[2, 18080] loss: 6.302
[2, 18100] loss: 1.350
[2, 18120] loss: 0.357
[2, 18140] loss: 0.221
[2, 18160] loss: 0.322
[2, 18180] loss: 0.307
[2, 18200] loss: 0.446
[2, 18220] loss: 0.145
[2, 18240] loss: 0.417
[2, 18260] loss: 0.253
[2, 18280] loss: 0.135
[2, 18300] loss: 0.075
[2, 18320] loss: 0.388
[2, 18340] loss: 0.201
[2, 18360] loss: 0.325
[2, 18380] loss: 0.121
[2, 18400] loss: 0.250
[2, 18420] loss: 0.149
[2, 18440] loss: 0.170
[2, 18460] loss: 0.125
[2, 18480] loss: 0.172
[2, 18500] loss: 0.141
[2, 18520] loss: 0.283
[2, 18540] loss: 0.373
[2, 18560] loss: 0.578
[2, 18580] loss: 0.274
[2, 18600] loss: 0.157
[2, 18620] loss: 0.085
[2, 18640] loss: 0.156
[2, 18660] loss: 0.070
[2, 18680] loss: 0.115
[2, 18700] loss: 0.170
[2, 18720] loss: 0.107
[2, 18740] loss: 0.363
[2, 18760] loss: 0.220
[2, 18780] loss: 0.085
[2, 18800] loss: 0.046
[2, 18820] loss: 0.189
[2, 18840] loss: 0.238
[2, 18860] loss: 0.300
[2, 18880] loss: 0.203
[2, 18900] loss: 0.156
[2, 18920] loss: 0.136
[2, 18940] loss: 0.078
[2, 18960] loss: 0.129
[2, 18980] loss: 0.130
[2, 19000] loss: 0.098
[2, 19020] loss: 0.080
[2, 19040] loss: 0.044
[2, 19060] loss: 0.296
[2, 19080] loss: 0.299
[2, 19100] loss: 0.053
[2, 19120] loss: 0.200
[2, 19140] loss: 0.118
[2, 19160] loss: 0.110
[2, 19180] loss: 0.238
[2, 19200] loss: 0.132
[2, 19220] loss: 0.107
[2, 19240] loss: 0.260
[2, 19260] loss: 0.428
[2, 19280] loss: 1.115
[2, 19300] loss: 0.872
[2, 19320] loss: 5.559
[2, 19340] loss: 4.938
[2, 19360] loss: 1.526
[2, 19380] loss: 0.298
[2, 19400] loss: 0.124
[2, 19420] loss: 0.325
[2, 19440] loss: 0.118
[2, 19460] loss: 0.278
[2, 19480] loss: 0.155
[2, 19500] loss: 0.181
[2, 19520] loss: 0.172
[2, 19540] loss: 0.163
[2, 19560] loss: 0.276
[2, 19580] loss: 0.780
[2, 19600] loss: 0.498
[2, 19620] loss: 0.180
[2, 19640] loss: 0.295
[2, 19660] loss: 0.100
[2, 19680] loss: 0.176
[2, 19700] loss: 1.081
[2, 19720] loss: 1.260
[2, 19740] loss: 9.857
[2, 19760] loss: 9.739
[2, 19780] loss: 2.171
[2, 19800] loss: 4.441
[2, 19820] loss: 3.116
[2, 19840] loss: 6.085
[2, 19860] loss: 2.500
[2, 19880] loss: 0.821
[2, 19900] loss: 0.322
[2, 19920] loss: 0.365
[2, 19940] loss: 0.342
[2, 19960] loss: 0.248
[2, 19980] loss: 0.109
[2, 20000] loss: 0.152
[2, 20020] loss: 0.069
[2, 20040] loss: 0.341
[2, 20060] loss: 0.125
[2, 20080] loss: 0.139
[2, 20100] loss: 0.083
[2, 20120] loss: 0.113
[2, 20140] loss: 0.073
[2, 20160] loss: 0.103
[2, 20180] loss: 0.369
[2, 20200] loss: 0.886
[2, 20220] loss: 0.637
[2, 20240] loss: 0.349
[2, 20260] loss: 0.244
[2, 20280] loss: 0.223
[2, 20300] loss: 0.312
[2, 20320] loss: 0.237
[2, 20340] loss: 0.525
[2, 20360] loss: 0.607
[2, 20380] loss: 0.318
[2, 20400] loss: 0.116
[2, 20420] loss: 0.217
[2, 20440] loss: 0.252
[2, 20460] loss: 0.316
[2, 20480] loss: 0.168
[2, 20500] loss: 0.125
[2, 20520] loss: 0.154
[2, 20540] loss: 0.333
[2, 20560] loss: 0.241
[2, 20580] loss: 0.118
[2, 20600] loss: 0.123
[2, 20620] loss: 0.091
[2, 20640] loss: 0.105
[2, 20660] loss: 0.195
[2, 20680] loss: 0.208
[2, 20700] loss: 0.079
[2, 20720] loss: 0.099
[2, 20740] loss: 0.168
[2, 20760] loss: 0.078
[2, 20780] loss: 0.352
[2, 20800] loss: 0.490
[2, 20820] loss: 0.557
[2, 20840] loss: 0.364
[2, 20860] loss: 0.638
[2, 20880] loss: 1.061
[2, 20900] loss: 0.933
[2, 20920] loss: 0.209
[2, 20940] loss: 0.140
[2, 20960] loss: 0.114
[2, 20980] loss: 0.058
[2, 21000] loss: 0.069
[2, 21020] loss: 0.109
[2, 21040] loss: 0.101
[2, 21060] loss: 0.149
[2, 21080] loss: 0.286
[2, 21100] loss: 0.188
[2, 21120] loss: 0.156
[2, 21140] loss: 0.176
[2, 21160] loss: 0.101
[2, 21180] loss: 0.065
[2, 21200] loss: 0.083
[2, 21220] loss: 0.055
[2, 21240] loss: 0.146
[2, 21260] loss: 0.108
[2, 21280] loss: 0.040
[2, 21300] loss: 0.053
[2, 21320] loss: 0.378
[2, 21340] loss: 0.403
[2, 21360] loss: 0.356
[2, 21380] loss: 0.163
[2, 21400] loss: 0.037
[2, 21420] loss: 0.034
[2, 21440] loss: 0.045
[2, 21460] loss: 0.090
[2, 21480] loss: 0.183
[2, 21500] loss: 0.129
[2, 21520] loss: 0.099
[2, 21540] loss: 0.111
[2, 21560] loss: 0.147
[2, 21580] loss: 0.054
[2, 21600] loss: 0.080
[2, 21620] loss: 0.062
[2, 21640] loss: 0.082
[2, 21660] loss: 0.187
[2, 21680] loss: 0.327
[2, 21700] loss: 0.379
[2, 21720] loss: 0.454
[2, 21740] loss: 1.148
[2, 21760] loss: 1.695
[2, 21780] loss: 2.005
[2, 21800] loss: 0.642
[2, 21820] loss: 0.524
[2, 21840] loss: 0.756
[2, 21860] loss: 0.241
[2, 21880] loss: 0.258
[2, 21900] loss: 0.260
[2, 21920] loss: 0.096
[2, 21940] loss: 0.052
[2, 21960] loss: 0.056
[2, 21980] loss: 0.209
[2, 22000] loss: 0.310
[2, 22020] loss: 0.742
[2, 22040] loss: 0.099
[2, 22060] loss: 0.068
[2, 22080] loss: 0.091
[2, 22100] loss: 0.082
[2, 22120] loss: 0.157
[2, 22140] loss: 0.169
[2, 22160] loss: 0.074
[2, 22180] loss: 0.276
[2, 22200] loss: 0.056
[2, 22220] loss: 0.246
[2, 22240] loss: 0.557
[2, 22260] loss: 0.729
[2, 22280] loss: 0.609
[2, 22300] loss: 0.640
[2, 22320] loss: 1.040
[2, 22340] loss: 0.577
[2, 22360] loss: 0.950
[2, 22380] loss: 1.212
[2, 22400] loss: 0.744
[2, 22420] loss: 0.536
[2, 22440] loss: 0.472
[2, 22460] loss: 0.183
[2, 22480] loss: 0.232
[2, 22500] loss: 0.226
[2, 22520] loss: 0.354
[2, 22540] loss: 0.096
[2, 22560] loss: 0.142
[2, 22580] loss: 0.230
[2, 22600] loss: 0.121
[2, 22620] loss: 0.058
[2, 22640] loss: 0.081
[2, 22660] loss: 0.106
[2, 22680] loss: 0.187
[2, 22700] loss: 0.048
[2, 22720] loss: 0.142
[2, 22740] loss: 0.138
[2, 22760] loss: 0.185
[2, 22780] loss: 0.083
[2, 22800] loss: 0.165
[2, 22820] loss: 0.173
[2, 22840] loss: 0.233
[2, 22860] loss: 0.119
[2, 22880] loss: 0.281
[2, 22900] loss: 0.104
[2, 22920] loss: 0.203
[2, 22940] loss: 0.166
[2, 22960] loss: 0.097
[2, 22980] loss: 0.228
[2, 23000] loss: 0.273
[2, 23020] loss: 0.229
[2, 23040] loss: 0.162
[2, 23060] loss: 0.167
[2, 23080] loss: 0.045
[2, 23100] loss: 0.048
[2, 23120] loss: 0.140
[2, 23140] loss: 0.225
[2, 23160] loss: 0.072
[2, 23180] loss: 0.153
[2, 23200] loss: 3.676
[2, 23220] loss: 1.507
[2, 23240] loss: 1.153
[2, 23260] loss: 1.602
[2, 23280] loss: 1.586
[2, 23300] loss: 0.239
[2, 23320] loss: 0.193
[2, 23340] loss: 0.260
[2, 23360] loss: 0.100
[2, 23380] loss: 0.052
[2, 23400] loss: 0.124
[2, 23420] loss: 0.144
[2, 23440] loss: 0.040
[2, 23460] loss: 0.123
[2, 23480] loss: 0.540
[2, 23500] loss: 0.221
[2, 23520] loss: 0.144
[2, 23540] loss: 0.073
[2, 23560] loss: 0.060
[2, 23580] loss: 0.147
[2, 23600] loss: 0.046
[2, 23620] loss: 0.374
[2, 23640] loss: 0.403
[2, 23660] loss: 0.092
[2, 23680] loss: 0.120
[2, 23700] loss: 0.044
[2, 23720] loss: 0.318
[2, 23740] loss: 0.145
[2, 23760] loss: 0.060
[2, 23780] loss: 0.287
[2, 23800] loss: 0.180
[2, 23820] loss: 0.320
[2, 23840] loss: 0.147
[2, 23860] loss: 0.156
[2, 23880] loss: 0.212
[2, 23900] loss: 0.306
[2, 23920] loss: 0.091
[2, 23940] loss: 0.090
[2, 23960] loss: 0.101
[2, 23980] loss: 0.200
[2, 24000] loss: 0.112
[2, 24020] loss: 0.222
[2, 24040] loss: 0.238
[2, 24060] loss: 0.144
[2, 24080] loss: 0.104
[2, 24100] loss: 0.033
[2, 24120] loss: 0.065
[2, 24140] loss: 0.146
[2, 24160] loss: 0.141
[2, 24180] loss: 0.131
[2, 24200] loss: 0.172
[2, 24220] loss: 0.192
[2, 24240] loss: 0.071
[2, 24260] loss: 0.065
[2, 24280] loss: 0.056
[2, 24300] loss: 0.101
[2, 24320] loss: 0.151
[2, 24340] loss: 0.225
[2, 24360] loss: 0.090
[2, 24380] loss: 0.103
[2, 24400] loss: 0.094
[2, 24420] loss: 0.045
[2, 24440] loss: 0.312
[2, 24460] loss: 0.135
[2, 24480] loss: 0.117
[2, 24500] loss: 0.046
[2, 24520] loss: 0.060
[2, 24540] loss: 0.068
[2, 24560] loss: 0.049
[2, 24580] loss: 0.032
[2, 24600] loss: 0.033
[2, 24620] loss: 0.075
[2, 24640] loss: 0.046
[2, 24660] loss: 0.033
[2, 24680] loss: 0.133
[2, 24700] loss: 0.070
[2, 24720] loss: 0.043
[2, 24740] loss: 0.079
[2, 24760] loss: 0.039
[2, 24780] loss: 0.051
[2, 24800] loss: 0.050
[2, 24820] loss: 0.138
[2, 24840] loss: 0.053
[2, 24860] loss: 0.088
[2, 24880] loss: 0.044
[2, 24900] loss: 0.038
[2, 24920] loss: 0.068
[2, 24940] loss: 0.031
[2, 24960] loss: 0.068
[2, 24980] loss: 0.208
[2, 25000] loss: 0.156
[2, 25020] loss: 0.077
[2, 25040] loss: 0.050
[2, 25060] loss: 0.133
[2, 25080] loss: 0.043
[2, 25100] loss: 0.138
[2, 25120] loss: 0.191
[2, 25140] loss: 0.364
[2, 25160] loss: 0.099
[2, 25180] loss: 0.097
[2, 25200] loss: 0.067
[2, 25220] loss: 0.136
[2, 25240] loss: 0.143
[2, 25260] loss: 0.681
[2, 25280] loss: 0.120
[2, 25300] loss: 0.541
[2, 25320] loss: 0.474
[2, 25340] loss: 0.181
[2, 25360] loss: 0.199
[2, 25380] loss: 0.096
[2, 25400] loss: 0.099
[2, 25420] loss: 0.047
[2, 25440] loss: 0.078
[2, 25460] loss: 0.102
[2, 25480] loss: 0.202
[2, 25500] loss: 0.145
[2, 25520] loss: 0.151
[2, 25540] loss: 0.144
[2, 25560] loss: 0.227
[2, 25580] loss: 0.168
[2, 25600] loss: 0.192
[2, 25620] loss: 0.052
[2, 25640] loss: 0.062
[2, 25660] loss: 0.053
[2, 25680] loss: 0.052
[2, 25700] loss: 0.076
[2, 25720] loss: 0.028
[2, 25740] loss: 0.262
[2, 25760] loss: 0.210
[2, 25780] loss: 0.201
[2, 25800] loss: 0.175
[2, 25820] loss: 0.076
[2, 25840] loss: 0.048
[2, 25860] loss: 0.134
[2, 25880] loss: 0.065
[2, 25900] loss: 0.062
[2, 25920] loss: 0.041
[2, 25940] loss: 0.044
[2, 25960] loss: 0.143
[2, 25980] loss: 0.190
[2, 26000] loss: 0.156
[2, 26020] loss: 0.235
[2, 26040] loss: 0.169
[2, 26060] loss: 0.416
[2, 26080] loss: 0.124
[2, 26100] loss: 0.081
[2, 26120] loss: 0.090
[2, 26140] loss: 0.149
[2, 26160] loss: 0.039
[2, 26180] loss: 0.072
[2, 26200] loss: 0.043
[2, 26220] loss: 0.067
[2, 26240] loss: 0.119
[2, 26260] loss: 0.036
[2, 26280] loss: 0.085
[2, 26300] loss: 0.088
[2, 26320] loss: 0.038
[2, 26340] loss: 0.043
[2, 26360] loss: 0.082
[2, 26380] loss: 0.137
[2, 26400] loss: 0.113
[2, 26420] loss: 0.093
[2, 26440] loss: 0.167
[2, 26460] loss: 0.166
[2, 26480] loss: 0.102
[2, 26500] loss: 0.059
[2, 26520] loss: 0.131
[2, 26540] loss: 0.047
[2, 26560] loss: 0.034
[2, 26580] loss: 0.062
[2, 26600] loss: 0.181
[2, 26620] loss: 0.076
[2, 26640] loss: 0.075
[2, 26660] loss: 0.046
[2, 26680] loss: 0.030
[2, 26700] loss: 0.067
[2, 26720] loss: 0.108
[2, 26740] loss: 0.112
[2, 26760] loss: 0.049
[2, 26780] loss: 0.038
[2, 26800] loss: 0.211
[2, 26820] loss: 0.110
[2, 26840] loss: 0.084
[2, 26860] loss: 0.160
[2, 26880] loss: 0.145
[2, 26900] loss: 0.044
[2, 26920] loss: 0.028
[2, 26940] loss: 0.027
[2, 26960] loss: 0.184
[2, 26980] loss: 0.063
[2, 27000] loss: 0.240
[2, 27020] loss: 0.158
[2, 27040] loss: 0.159
[2, 27060] loss: 0.095
[2, 27080] loss: 0.112
[2, 27100] loss: 0.196
[2, 27120] loss: 0.189
[2, 27140] loss: 0.091
[2, 27160] loss: 0.100
[2, 27180] loss: 0.034
[2, 27200] loss: 0.099
[2, 27220] loss: 0.034
[2, 27240] loss: 0.181
[2, 27260] loss: 0.048
[2, 27280] loss: 0.082
[2, 27300] loss: 0.035
[2, 27320] loss: 0.043
[2, 27340] loss: 0.053
[2, 27360] loss: 0.035
[2, 27380] loss: 0.045
[2, 27400] loss: 0.064
[2, 27420] loss: 0.064
[2, 27440] loss: 0.046
[2, 27460] loss: 0.066
[2, 27480] loss: 0.219
[2, 27500] loss: 0.114
[2, 27520] loss: 0.346
[2, 27540] loss: 0.814
[2, 27560] loss: 0.667
[2, 27580] loss: 1646.780
[2, 27600] loss: 78263.980
[2, 27620] loss: 1258029.429
[2, 27640] loss: 17527941.447
[2, 27660] loss: 2257747.014
[2, 27680] loss: 1553231.393
[2, 27700] loss: 1410946.171
[2, 27720] loss: 405357.113
[2, 27740] loss: 22761.134
[2, 27760] loss: 27204.021
[2, 27780] loss: 6018.510
[2, 27800] loss: 2320.477
[2, 27820] loss: 3406.227
[2, 27840] loss: 4324.038
[2, 27860] loss: 1663.187
[2, 27880] loss: 1359.335
[2, 27900] loss: 2246.097
[2, 27920] loss: 1946.467
[2, 27940] loss: 1302.424
[2, 27960] loss: 962.749
[2, 27980] loss: 1155.839
[2, 28000] loss: 2132.734
[2, 28020] loss: 1890.860
[2, 28040] loss: 1261.723
[2, 28060] loss: 667.306
[2, 28080] loss: 1272.365
[2, 28100] loss: 1213.976
[2, 28120] loss: 483.282
[2, 28140] loss: 769.966
[2, 28160] loss: 567.028
[2, 28180] loss: 1371.616
[2, 28200] loss: 631.254
[2, 28220] loss: 825.640
[2, 28240] loss: 518.817
[2, 28260] loss: 625.283
[2, 28280] loss: 719.355
[2, 28300] loss: 1161.610
[2, 28320] loss: 600.629
[2, 28340] loss: 407.656
[2, 28360] loss: 504.966
[2, 28380] loss: 401.463
[2, 28400] loss: 415.000
[2, 28420] loss: 515.335
[2, 28440] loss: 464.423
[2, 28460] loss: 328.396
[2, 28480] loss: 391.623
[2, 28500] loss: 328.340
[2, 28520] loss: 331.387
[2, 28540] loss: 275.960
[2, 28560] loss: 343.698
[2, 28580] loss: 666.755
[2, 28600] loss: 539.139
[2, 28620] loss: 337.642
[2, 28640] loss: 342.651
[2, 28660] loss: 443.927
[2, 28680] loss: 136.954
[2, 28700] loss: 404.909
[2, 28720] loss: 192.072
[2, 28740] loss: 331.892
[2, 28760] loss: 387.551
[2, 28780] loss: 236.764
[2, 28800] loss: 263.543
[2, 28820] loss: 307.965
[2, 28840] loss: 200.013
[2, 28860] loss: 223.233
[2, 28880] loss: 162.572
[2, 28900] loss: 174.764
[2, 28920] loss: 257.318
[2, 28940] loss: 128.600
[2, 28960] loss: 245.062
[2, 28980] loss: 238.386
[2, 29000] loss: 230.577
[2, 29020] loss: 300.247
[2, 29040] loss: 155.997
[2, 29060] loss: 182.804
[2, 29080] loss: 125.594
[2, 29100] loss: 181.229
[2, 29120] loss: 165.322
[2, 29140] loss: 241.377
[2, 29160] loss: 183.294
[2, 29180] loss: 208.555
[2, 29200] loss: 191.545
[2, 29220] loss: 132.064
[2, 29240] loss: 166.556
[2, 29260] loss: 164.427
[2, 29280] loss: 117.478
[2, 29300] loss: 64.140
[2, 29320] loss: 163.120
[2, 29340] loss: 228.657
[2, 29360] loss: 181.899
[2, 29380] loss: 157.983
[2, 29400] loss: 116.912
[2, 29420] loss: 88.653
[2, 29440] loss: 286.222
[2, 29460] loss: 179.451
[2, 29480] loss: 234.030
[2, 29500] loss: 74.382
[2, 29520] loss: 90.890
[2, 29540] loss: 192.635
[2, 29560] loss: 126.826
[2, 29580] loss: 114.606
[2, 29600] loss: 68.867
[2, 29620] loss: 111.362
[2, 29640] loss: 155.451
[2, 29660] loss: 129.027
[2, 29680] loss: 104.750
[2, 29700] loss: 123.078
[2, 29720] loss: 77.658
[2, 29740] loss: 165.751
[2, 29760] loss: 129.282
[2, 29780] loss: 125.009
[2, 29800] loss: 45.863
[2, 29820] loss: 39.876
[2, 29840] loss: 71.695
[2, 29860] loss: 49.851
[2, 29880] loss: 99.544
[2, 29900] loss: 102.795
[2, 29920] loss: 128.797
[2, 29940] loss: 84.002
[2, 29960] loss: 147.159
[2, 29980] loss: 49.713
[2, 30000] loss: 77.407
[2, 30020] loss: 77.349
[2, 30040] loss: 76.190
[2, 30060] loss: 69.486
[2, 30080] loss: 71.827
[2, 30100] loss: 80.208
[2, 30120] loss: 196.120
[2, 30140] loss: 73.396
[2, 30160] loss: 49.186
[2, 30180] loss: 36.472
[2, 30200] loss: 52.750
[2, 30220] loss: 67.340
[2, 30240] loss: 80.016
[2, 30260] loss: 48.330
[2, 30280] loss: 42.314
[2, 30300] loss: 78.318
[2, 30320] loss: 87.179
[2, 30340] loss: 49.678
[2, 30360] loss: 68.540
[2, 30380] loss: 81.285
[2, 30400] loss: 45.298
[2, 30420] loss: 69.041
[1,    20] loss: 16.596
[1,    40] loss: 35.189
[1,    60] loss: 81.654
[1,    80] loss: 73.788
[1,   100] loss: 64.721
[1,   120] loss: 107.522
[1,   140] loss: 96.402
[1,   160] loss: 85.891
[1,   180] loss: 86.346
[1,   200] loss: 116.740
[1,   220] loss: 108.816
[1,   240] loss: 112.284
[1,   260] loss: 118.220
[1,   280] loss: 118.914
[1,   300] loss: 121.050
[1,   320] loss: 122.315
[1,   340] loss: 124.690
[1,   360] loss: 123.687
[1,   380] loss: 120.347
[1,   400] loss: 123.005
[1,   420] loss: 120.720
[1,   440] loss: 120.672
[1,   460] loss: 118.960
[1,   480] loss: 119.369
[1,   500] loss: 121.397
[1,   520] loss: 126.558
[1,   540] loss: 127.790
[1,   560] loss: 126.504
[1,   580] loss: 126.934
[1,   600] loss: 130.029
[1,   620] loss: 127.713
[1,   640] loss: 123.849
[1,   660] loss: 120.147
[1,   680] loss: 116.720
[1,   700] loss: 113.579
[1,   720] loss: 110.639
[1,   740] loss: 107.717
[1,   760] loss: 105.029
[1,   780] loss: 102.469
[1,   800] loss: 99.983
[1,   820] loss: 97.596
[1,   840] loss: 95.330
[1,   860] loss: 93.239
[1,   880] loss: 91.668
[1,   900] loss: 90.426
[1,   920] loss: 88.614
[1,   940] loss: 86.991
[1,   960] loss: 85.201
[1,   980] loss: 83.670
[1,  1000] loss: 82.704
[1,  1020] loss: 82.317
[1,  1040] loss: 81.719
[1,  1060] loss: 81.515
[1,  1080] loss: 80.485
[1,  1100] loss: 79.306
[1,  1120] loss: 78.091
[1,  1140] loss: 77.058
[1,  1160] loss: 75.759
[1,  1180] loss: 74.495
[1,  1200] loss: 73.257
[1,  1220] loss: 72.076
[1,  1240] loss: 71.093
[1,  1260] loss: 70.304
[1,  1280] loss: 70.193
[1,  1300] loss: 73.465
[1,  1320] loss: 72.879
[1,  1340] loss: 71.792
[1,  1360] loss: 70.748
[1,  1380] loss: 69.855
[1,  1400] loss: 69.555
[1,  1420] loss: 69.078
[1,  1440] loss: 68.444
[1,  1460] loss: 67.612
[1,  1480] loss: 66.762
[1,  1500] loss: 65.898
[1,  1520] loss: 65.034
[1,  1540] loss: 64.203
[1,  1560] loss: 63.418
[1,  1580] loss: 62.633
[1,  1600] loss: 61.918
[1,  1620] loss: 61.429
[1,  1640] loss: 60.879
[1,  1660] loss: 60.187
[1,  1680] loss: 59.542
[1,  1700] loss: 58.915
[1,  1720] loss: 58.467
[1,  1740] loss: 58.378
[1,  1760] loss: 58.697
[1,  1780] loss: 58.720
[1,  1800] loss: 58.727
[1,  1820] loss: 58.750
[1,  1840] loss: 58.643
[1,  1860] loss: 58.096
[1,  1880] loss: 57.690
[1,  1900] loss: 57.132
[1,  1920] loss: 56.541
[1,  1940] loss: 56.001
[1,  1960] loss: 55.471
[1,  1980] loss: 55.145
[1,  2000] loss: 54.694
[1,  2020] loss: 54.259
[1,  2040] loss: 53.769
[1,  2060] loss: 53.310
[1,  2080] loss: 52.831
[1,  2100] loss: 52.341
[1,  2120] loss: 51.896
[1,  2140] loss: 51.487
[1,  2160] loss: 51.022
[1,  2180] loss: 50.584
[1,  2200] loss: 50.178
[1,  2220] loss: 49.751
[1,  2240] loss: 49.493
[1,  2260] loss: 49.344
[1,  2280] loss: 50.548
[1,  2300] loss: 52.872
[1,  2320] loss: 52.751
[1,  2340] loss: 52.361
[1,  2360] loss: 51.967
[1,  2380] loss: 52.631
[1,  2400] loss: 54.430
[1,  2420] loss: 54.121
[1,  2440] loss: 54.034
[1,  2460] loss: 53.893
[1,  2480] loss: 53.974
[1,  2500] loss: 53.624
[1,  2520] loss: 53.306
[1,  2540] loss: 53.319
[1,  2560] loss: 53.876
[1,  2580] loss: 53.818
[1,  2600] loss: 53.424
[1,  2620] loss: 53.133
[1,  2640] loss: 52.906
[1,  2660] loss: 52.752
[1,  2680] loss: 52.520
[1,  2700] loss: 52.456
[1,  2720] loss: 52.111
[1,  2740] loss: 51.766
[1,  2760] loss: 51.445
[1,  2780] loss: 51.329
[1,  2800] loss: 51.544
[1,  2820] loss: 52.221
[1,  2840] loss: 52.105
[1,  2860] loss: 52.002
[1,  2880] loss: 51.690
[1,  2900] loss: 51.364
[1,  2920] loss: 51.022
[1,  2940] loss: 50.784
[1,  2960] loss: 50.714
[1,  2980] loss: 50.519
[1,  3000] loss: 50.396
[1,  3020] loss: 50.175
[1,  3040] loss: 49.852
[1,  3060] loss: 49.694
[1,  3080] loss: 49.520
[1,  3100] loss: 49.361
[1,  3120] loss: 49.163
[1,  3140] loss: 48.993
[1,  3160] loss: 49.128
[1,  3180] loss: 49.063
[1,  3200] loss: 48.825
[1,  3220] loss: 48.536
[1,  3240] loss: 48.368
[1,  3260] loss: 48.138
[1,  3280] loss: 47.904
[1,  3300] loss: 47.698
[1,  3320] loss: 47.526
[1,  3340] loss: 47.583
[1,  3360] loss: 47.850
[2,    20] loss: 16.596
[2,    40] loss: 35.189
[2,    60] loss: 81.654
[2,    80] loss: 73.788
[2,   100] loss: 64.721
[2,   120] loss: 107.522
[2,   140] loss: 96.402
[2,   160] loss: 85.891
[2,   180] loss: 86.346
[2,   200] loss: 116.740
[2,   220] loss: 108.816
[2,   240] loss: 112.284
[2,   260] loss: 118.220
[2,   280] loss: 118.914
[2,   300] loss: 121.050
[2,   320] loss: 122.315
[2,   340] loss: 124.690
[2,   360] loss: 123.687
[2,   380] loss: 120.347
[2,   400] loss: 123.005
[2,   420] loss: 120.720
[2,   440] loss: 120.672
[2,   460] loss: 118.960
[2,   480] loss: 119.369
[2,   500] loss: 121.397
[2,   520] loss: 126.558
[2,   540] loss: 127.790
[2,   560] loss: 126.504
[2,   580] loss: 126.934
[2,   600] loss: 130.029
[2,   620] loss: 127.713
[2,   640] loss: 123.849
[2,   660] loss: 120.147
[2,   680] loss: 116.720
[2,   700] loss: 113.579
[2,   720] loss: 110.639
[2,   740] loss: 107.717
[2,   760] loss: 105.029
[2,   780] loss: 102.469
[2,   800] loss: 99.983
[2,   820] loss: 97.596
[2,   840] loss: 95.330
[2,   860] loss: 93.239
[2,   880] loss: 91.668
[2,   900] loss: 90.426
[2,   920] loss: 88.614
[2,   940] loss: 86.991
[2,   960] loss: 85.201
[2,   980] loss: 83.670
[2,  1000] loss: 82.704
[2,  1020] loss: 82.317
[2,  1040] loss: 81.719
[2,  1060] loss: 81.515
[2,  1080] loss: 80.485
[2,  1100] loss: 79.306
[2,  1120] loss: 78.091
[2,  1140] loss: 77.058
[2,  1160] loss: 75.759
[2,  1180] loss: 74.495
[2,  1200] loss: 73.257
[2,  1220] loss: 72.076
[2,  1240] loss: 71.093
[2,  1260] loss: 70.304
[2,  1280] loss: 70.193
[2,  1300] loss: 73.465
[2,  1320] loss: 72.879
[2,  1340] loss: 71.792
[2,  1360] loss: 70.748
[2,  1380] loss: 69.855
[2,  1400] loss: 69.555
[2,  1420] loss: 69.078
[2,  1440] loss: 68.444
[2,  1460] loss: 67.612
[2,  1480] loss: 66.762
[2,  1500] loss: 65.898
[2,  1520] loss: 65.034
[2,  1540] loss: 64.203
[2,  1560] loss: 63.418
[2,  1580] loss: 62.633
[2,  1600] loss: 61.918
[2,  1620] loss: 61.429
[2,  1640] loss: 60.879
[2,  1660] loss: 60.187
[2,  1680] loss: 59.542
[2,  1700] loss: 58.915
[2,  1720] loss: 58.467
[2,  1740] loss: 58.378
[2,  1760] loss: 58.697
[2,  1780] loss: 58.720
[2,  1800] loss: 58.727
[2,  1820] loss: 58.750
[2,  1840] loss: 58.643
[2,  1860] loss: 58.096
[2,  1880] loss: 57.690
[2,  1900] loss: 57.132
[2,  1920] loss: 56.541
[2,  1940] loss: 56.001
[2,  1960] loss: 55.471
[2,  1980] loss: 55.145
[2,  2000] loss: 54.694
[2,  2020] loss: 54.259
[2,  2040] loss: 53.769
[2,  2060] loss: 53.310
[2,  2080] loss: 52.831
[2,  2100] loss: 52.341
[2,  2120] loss: 51.896
[2,  2140] loss: 51.487
[2,  2160] loss: 51.022
[2,  2180] loss: 50.584
[2,  2200] loss: 50.178
[2,  2220] loss: 49.751
[2,  2240] loss: 49.493
[2,  2260] loss: 49.344
[2,  2280] loss: 50.548
[2,  2300] loss: 52.872
[2,  2320] loss: 52.751
[2,  2340] loss: 52.361
[2,  2360] loss: 51.967
[2,  2380] loss: 52.631
[2,  2400] loss: 54.430
[2,  2420] loss: 54.121
[2,  2440] loss: 54.034
[2,  2460] loss: 53.893
[2,  2480] loss: 53.974
[2,  2500] loss: 53.624
[2,  2520] loss: 53.306
[2,  2540] loss: 53.319
[2,  2560] loss: 53.876
[2,  2580] loss: 53.818
[2,  2600] loss: 53.424
[2,  2620] loss: 53.133
[2,  2640] loss: 52.906
[2,  2660] loss: 52.752
[2,  2680] loss: 52.520
[2,  2700] loss: 52.456
[2,  2720] loss: 52.111
[2,  2740] loss: 51.766
[2,  2760] loss: 51.445
[2,  2780] loss: 51.329
[2,  2800] loss: 51.544
[2,  2820] loss: 52.221
[2,  2840] loss: 52.105
[2,  2860] loss: 52.002
[2,  2880] loss: 51.690
[2,  2900] loss: 51.364
[2,  2920] loss: 51.022
[2,  2940] loss: 50.784
[2,  2960] loss: 50.714
[2,  2980] loss: 50.519
[2,  3000] loss: 50.396
[2,  3020] loss: 50.175
[2,  3040] loss: 49.852
[2,  3060] loss: 49.694
[2,  3080] loss: 49.520
[2,  3100] loss: 49.361
[2,  3120] loss: 49.163
[2,  3140] loss: 48.993
[2,  3160] loss: 49.128
[2,  3180] loss: 49.063
[2,  3200] loss: 48.825
[2,  3220] loss: 48.536
[2,  3240] loss: 48.368
[2,  3260] loss: 48.138
[2,  3280] loss: 47.904
[2,  3300] loss: 47.698
[2,  3320] loss: 47.526
[2,  3340] loss: 47.583
[2,  3360] loss: 47.850
