cuda:  3
color_space: YCbCr
batch_size: 1
num_epcochs: 2
learning_rate: 0.001
[1,    20] loss: 0.134
[1,    40] loss: 0.093
[1,    60] loss: 0.497
[1,    80] loss: 0.359
[1,   100] loss: 0.068
[1,   120] loss: 0.045
[1,   140] loss: 0.064
[1,   160] loss: 0.161
[1,   180] loss: 0.062
[1,   200] loss: 0.050
[1,   220] loss: 0.057
[1,   240] loss: 0.279
[1,   260] loss: 0.032
[1,   280] loss: 0.317
[1,   300] loss: 0.049
[1,   320] loss: 0.041
[1,   340] loss: 0.130
[1,   360] loss: 0.037
[1,   380] loss: 0.077
[1,   400] loss: 0.021
[1,   420] loss: 0.019
[1,   440] loss: 0.023
[1,   460] loss: 0.050
[1,   480] loss: 0.211
[1,   500] loss: 0.032
[1,   520] loss: 0.030
[1,   540] loss: 0.176
[1,   560] loss: 0.140
[1,   580] loss: 0.080
[1,   600] loss: 0.038
[1,   620] loss: 0.017
[1,   640] loss: 0.095
[1,   660] loss: 0.133
[1,   680] loss: 0.050
[1,   700] loss: 0.071
[1,   720] loss: 0.033
[1,   740] loss: 0.028
[1,   760] loss: 0.147
[1,   780] loss: 0.073
[1,   800] loss: 0.064
[1,   820] loss: 0.039
[1,   840] loss: 0.166
[1,   860] loss: 0.013
[1,   880] loss: 0.078
[1,   900] loss: 0.015
[1,   920] loss: 0.034
[1,   940] loss: 0.030
[1,   960] loss: 0.187
[1,   980] loss: 0.082
[1,  1000] loss: 0.055
[1,  1020] loss: 0.017
[1,  1040] loss: 0.034
[1,  1060] loss: 0.224
[1,  1080] loss: 0.078
[1,  1100] loss: 0.093
[1,  1120] loss: 0.060
[1,  1140] loss: 0.078
[1,  1160] loss: 5.984
[1,  1180] loss: 22731.286
[1,  1200] loss: 2844302.336
[1,  1220] loss: 6103232.123
[1,  1240] loss: 1071619.171
[1,  1260] loss: 16149.763
[1,  1280] loss: 6258.297
[1,  1300] loss: 1994.739
[1,  1320] loss: 983.689
[1,  1340] loss: 1709.942
[1,  1360] loss: 1609.072
[1,  1380] loss: 999.238
[1,  1400] loss: 1464.408
[1,  1420] loss: 1425.891
[1,  1440] loss: 749.943
[1,  1460] loss: 1043.731
[1,  1480] loss: 1082.740
[1,  1500] loss: 381.220
[1,  1520] loss: 1096.463
[1,  1540] loss: 682.241
[1,  1560] loss: 826.029
[1,  1580] loss: 689.562
[1,  1600] loss: 556.262
[1,  1620] loss: 623.180
[1,  1640] loss: 606.272
[1,  1660] loss: 289.002
[1,  1680] loss: 410.496
[1,  1700] loss: 415.887
[1,  1720] loss: 498.057
[1,  1740] loss: 235.049
[1,  1760] loss: 371.323
[1,  1780] loss: 244.572
[1,  1800] loss: 299.380
[1,  1820] loss: 210.327
[1,  1840] loss: 307.975
[1,  1860] loss: 239.616
[1,  1880] loss: 241.328
[1,  1900] loss: 338.666
[1,  1920] loss: 160.795
[1,  1940] loss: 294.462
[1,  1960] loss: 353.189
[1,  1980] loss: 235.005
[1,  2000] loss: 186.903
[1,  2020] loss: 293.882
[1,  2040] loss: 309.561
[1,  2060] loss: 141.482
[1,  2080] loss: 245.516
[1,  2100] loss: 134.489
[1,  2120] loss: 195.224
[1,  2140] loss: 178.420
[1,  2160] loss: 283.991
[1,  2180] loss: 299.317
[1,  2200] loss: 102.502
[1,  2220] loss: 117.636
[1,  2240] loss: 109.303
[1,  2260] loss: 86.405
[1,  2280] loss: 143.431
[1,  2300] loss: 119.770
[1,  2320] loss: 93.285
[1,  2340] loss: 62.273
[1,  2360] loss: 85.049
[1,  2380] loss: 130.689
[1,  2400] loss: 102.312
[1,  2420] loss: 67.165
[1,  2440] loss: 65.850
[1,  2460] loss: 68.427
[1,  2480] loss: 153.534
[1,  2500] loss: 118.455
[1,  2520] loss: 56.861
[1,  2540] loss: 100.007
[1,  2560] loss: 112.311
[1,  2580] loss: 151.743
[1,  2600] loss: 60.016
[1,  2620] loss: 35.676
[1,  2640] loss: 21.073
[1,  2660] loss: 51.695
[1,  2680] loss: 87.920
[1,  2700] loss: 45.931
[1,  2720] loss: 36.441
[1,  2740] loss: 54.155
[1,  2760] loss: 58.430
[1,  2780] loss: 19.986
[1,  2800] loss: 108.015
[1,  2820] loss: 52.732
[1,  2840] loss: 26.952
[1,  2860] loss: 53.125
[1,  2880] loss: 65.958
[1,  2900] loss: 38.051
[1,  2920] loss: 35.832
[1,  2940] loss: 59.913
[1,  2960] loss: 17.146
[1,  2980] loss: 24.530
[1,  3000] loss: 48.338
[1,  3020] loss: 56.133
[1,  3040] loss: 86.855
[1,  3060] loss: 113.188
[1,  3080] loss: 43.673
[1,  3100] loss: 34.158
[1,  3120] loss: 78.803
[1,  3140] loss: 56.212
[1,  3160] loss: 31.047
[1,  3180] loss: 33.702
[1,  3200] loss: 23.566
[1,  3220] loss: 28.282
[1,  3240] loss: 38.746
[1,  3260] loss: 36.436
[1,  3280] loss: 25.070
[1,  3300] loss: 28.076
[1,  3320] loss: 51.669
[1,  3340] loss: 25.739
[1,  3360] loss: 32.757
[1,  3380] loss: 52.876
[1,  3400] loss: 63.092
[1,  3420] loss: 31.557
[1,  3440] loss: 50.796
[1,  3460] loss: 21.878
[1,  3480] loss: 24.804
[1,  3500] loss: 21.928
[1,  3520] loss: 40.384
[1,  3540] loss: 28.698
[1,  3560] loss: 7.268
[1,  3580] loss: 22.551
[1,  3600] loss: 26.905
[1,  3620] loss: 20.416
[1,  3640] loss: 26.335
[1,  3660] loss: 15.853
[1,  3680] loss: 31.909
[1,  3700] loss: 24.160
[1,  3720] loss: 24.796
[1,  3740] loss: 33.573
[1,  3760] loss: 27.824
[1,  3780] loss: 44.706
[1,  3800] loss: 42.715
[1,  3820] loss: 22.154
[1,  3840] loss: 23.947
[1,  3860] loss: 18.974
[1,  3880] loss: 30.611
[1,  3900] loss: 24.613
[1,  3920] loss: 16.148
[1,  3940] loss: 33.097
[1,  3960] loss: 15.667
[1,  3980] loss: 12.262
[1,  4000] loss: 23.399
[1,  4020] loss: 36.567
[1,  4040] loss: 36.016
[1,  4060] loss: 21.390
[1,  4080] loss: 12.263
[1,  4100] loss: 22.425
[1,  4120] loss: 19.908
[1,  4140] loss: 27.238
[1,  4160] loss: 32.774
[1,  4180] loss: 24.480
[1,  4200] loss: 21.200
[1,  4220] loss: 15.363
[1,  4240] loss: 18.871
[1,  4260] loss: 14.121
[1,  4280] loss: 22.257
[1,  4300] loss: 20.507
[1,  4320] loss: 13.528
[1,  4340] loss: 7.443
[1,  4360] loss: 18.223
[1,  4380] loss: 18.064
[1,  4400] loss: 10.521
[1,  4420] loss: 12.182
[1,  4440] loss: 19.933
[1,  4460] loss: 26.882
[1,  4480] loss: 14.007
[1,  4500] loss: 19.628
[1,  4520] loss: 19.511
[1,  4540] loss: 9.158
[1,  4560] loss: 11.694
[1,  4580] loss: 10.156
[1,  4600] loss: 13.004
[1,  4620] loss: 19.605
[1,  4640] loss: 9.902
[1,  4660] loss: 18.462
[1,  4680] loss: 17.083
[1,  4700] loss: 11.563
[1,  4720] loss: 15.557
[1,  4740] loss: 42.445
[1,  4760] loss: 14.256
[1,  4780] loss: 12.899
[1,  4800] loss: 9.843
[1,  4820] loss: 28.836
[1,  4840] loss: 15.363
[1,  4860] loss: 8.658
[1,  4880] loss: 12.574
[1,  4900] loss: 13.774
[1,  4920] loss: 4.185
[1,  4940] loss: 10.895
[1,  4960] loss: 10.636
[1,  4980] loss: 11.653
[1,  5000] loss: 26.272
[1,  5020] loss: 4.110
[1,  5040] loss: 31.029
[1,  5060] loss: 15.123
[1,  5080] loss: 13.216
[1,  5100] loss: 8.411
[1,  5120] loss: 6.323
[1,  5140] loss: 8.646
[1,  5160] loss: 8.791
[1,  5180] loss: 9.723
[1,  5200] loss: 6.402
[1,  5220] loss: 4.566
[1,  5240] loss: 9.818
[1,  5260] loss: 12.264
[1,  5280] loss: 6.249
[1,  5300] loss: 7.885
[1,  5320] loss: 11.124
[1,  5340] loss: 10.077
[1,  5360] loss: 6.577
[1,  5380] loss: 6.235
[1,  5400] loss: 14.479
[1,  5420] loss: 10.902
[1,  5440] loss: 8.636
[1,  5460] loss: 3.980
[1,  5480] loss: 10.886
[1,  5500] loss: 8.879
[1,  5520] loss: 5.100
[1,  5540] loss: 4.092
[1,  5560] loss: 6.611
[1,  5580] loss: 8.425
[1,  5600] loss: 6.297
[1,  5620] loss: 11.022
[1,  5640] loss: 7.380
[1,  5660] loss: 6.505
[1,  5680] loss: 5.256
[1,  5700] loss: 8.211
[1,  5720] loss: 5.942
[1,  5740] loss: 30.530
[1,  5760] loss: 29.193
[1,  5780] loss: 9.066
[1,  5800] loss: 9.281
[1,  5820] loss: 5.057
[1,  5840] loss: 4.400
[1,  5860] loss: 3.042
[1,  5880] loss: 9.800
[1,  5900] loss: 14.384
[1,  5920] loss: 4.494
[1,  5940] loss: 1.945
[1,  5960] loss: 7.513
[1,  5980] loss: 9.294
[1,  6000] loss: 7.179
[1,  6020] loss: 7.555
[1,  6040] loss: 7.131
[1,  6060] loss: 4.497
[1,  6080] loss: 4.897
[1,  6100] loss: 7.518
[1,  6120] loss: 12.974
[1,  6140] loss: 4.568
[1,  6160] loss: 6.430
[1,  6180] loss: 3.267
[1,  6200] loss: 3.480
[1,  6220] loss: 5.685
[1,  6240] loss: 4.298
[1,  6260] loss: 5.956
[1,  6280] loss: 7.481
[1,  6300] loss: 5.842
[1,  6320] loss: 3.088
[1,  6340] loss: 5.684
[1,  6360] loss: 2.921
[1,  6380] loss: 6.800
[1,  6400] loss: 12.860
[1,  6420] loss: 6.792
[1,  6440] loss: 4.352
[1,  6460] loss: 3.795
[1,  6480] loss: 3.444
[1,  6500] loss: 9.125
[1,  6520] loss: 8.283
[1,  6540] loss: 4.756
[1,  6560] loss: 9.886
[1,  6580] loss: 7.400
[1,  6600] loss: 8.436
[1,  6620] loss: 6.444
[1,  6640] loss: 14.614
[1,  6660] loss: 12.011
[1,  6680] loss: 12.259
[1,  6700] loss: 5.689
[1,  6720] loss: 5.802
[1,  6740] loss: 11.505
[1,  6760] loss: 10.340
[1,  6780] loss: 6.480
[1,  6800] loss: 7.895
[1,  6820] loss: 2.898
[1,  6840] loss: 4.118
[1,  6860] loss: 3.100
[1,  6880] loss: 3.250
[1,  6900] loss: 2.386
[1,  6920] loss: 3.516
[1,  6940] loss: 2.446
[1,  6960] loss: 1.795
[1,  6980] loss: 4.224
[1,  7000] loss: 3.194
[1,  7020] loss: 3.632
[1,  7040] loss: 7.272
[1,  7060] loss: 15.078
[1,  7080] loss: 10.497
[1,  7100] loss: 4.946
[1,  7120] loss: 1.672
[1,  7140] loss: 3.441
[1,  7160] loss: 2.418
[1,  7180] loss: 5.699
[1,  7200] loss: 2.831
[1,  7220] loss: 10.911
[1,  7240] loss: 2.897
[1,  7260] loss: 4.804
[1,  7280] loss: 18.211
[1,  7300] loss: 17.991
[1,  7320] loss: 5.106
[1,  7340] loss: 3.193
[1,  7360] loss: 3.055
[1,  7380] loss: 3.417
[1,  7400] loss: 6.295
[1,  7420] loss: 4.804
[1,  7440] loss: 6.765
[1,  7460] loss: 9.288
[1,  7480] loss: 2.736
[1,  7500] loss: 1.404
[1,  7520] loss: 8.668
[1,  7540] loss: 8.537
[1,  7560] loss: 3.792
[1,  7580] loss: 4.469
[1,  7600] loss: 2.393
[1,  7620] loss: 3.127
[1,  7640] loss: 2.935
[1,  7660] loss: 1.686
[1,  7680] loss: 0.840
[1,  7700] loss: 2.948
[1,  7720] loss: 8.994
[1,  7740] loss: 4.834
[1,  7760] loss: 5.738
[1,  7780] loss: 5.199
[1,  7800] loss: 1.404
[1,  7820] loss: 37.948
[1,  7840] loss: 116.840
[1,  7860] loss: 19.527
[1,  7880] loss: 13.426
[1,  7900] loss: 6.332
[1,  7920] loss: 7.424
[1,  7940] loss: 3.840
[1,  7960] loss: 1.808
[1,  7980] loss: 4.789
[1,  8000] loss: 1.254
[1,  8020] loss: 3.084
[1,  8040] loss: 0.869
[1,  8060] loss: 5.415
[1,  8080] loss: 4.381
[1,  8100] loss: 2.201
[1,  8120] loss: 2.468
[1,  8140] loss: 5.998
[1,  8160] loss: 12.521
[1,  8180] loss: 12.335
[1,  8200] loss: 4.901
[1,  8220] loss: 2.015
[1,  8240] loss: 2.739
[1,  8260] loss: 2.228
[1,  8280] loss: 1.107
[1,  8300] loss: 1.723
[1,  8320] loss: 1.164
[1,  8340] loss: 1.288
[1,  8360] loss: 1.964
[1,  8380] loss: 2.870
[1,  8400] loss: 1.096
[1,  8420] loss: 43.075
[1,  8440] loss: 121.167
[1,  8460] loss: 156.657
[1,  8480] loss: 28.751
[1,  8500] loss: 13.417
[1,  8520] loss: 14.468
[1,  8540] loss: 2.743
[1,  8560] loss: 1.961
[1,  8580] loss: 4.695
[1,  8600] loss: 16.855
[1,  8620] loss: 6.814
[1,  8640] loss: 8.869
[1,  8660] loss: 3.707
[1,  8680] loss: 1.659
[1,  8700] loss: 1.211
[1,  8720] loss: 2.276
[1,  8740] loss: 1.864
[1,  8760] loss: 0.950
[1,  8780] loss: 2.065
[1,  8800] loss: 14.594
[1,  8820] loss: 30.850
[1,  8840] loss: 14.623
[1,  8860] loss: 3.321
[1,  8880] loss: 2.910
[1,  8900] loss: 6.238
[1,  8920] loss: 2.643
[1,  8940] loss: 7.690
[1,  8960] loss: 15.599
[1,  8980] loss: 17.195
[1,  9000] loss: 29.790
[1,  9020] loss: 5.842
[1,  9040] loss: 5.263
[1,  9060] loss: 17.686
[1,  9080] loss: 9.710
[1,  9100] loss: 4.328
[1,  9120] loss: 4.312
[1,  9140] loss: 1.442
[1,  9160] loss: 1.194
[1,  9180] loss: 1.472
[1,  9200] loss: 0.987
[1,  9220] loss: 1.369
[1,  9240] loss: 2.560
[1,  9260] loss: 2.508
[1,  9280] loss: 1.662
[1,  9300] loss: 2.838
[1,  9320] loss: 4.180
[1,  9340] loss: 3.078
[1,  9360] loss: 1.017
[1,  9380] loss: 1.598
[1,  9400] loss: 0.756
[1,  9420] loss: 0.812
[1,  9440] loss: 1.433
[1,  9460] loss: 1.166
[1,  9480] loss: 1.586
[1,  9500] loss: 10.064
[1,  9520] loss: 1.996
[1,  9540] loss: 1.940
[1,  9560] loss: 0.204
[1,  9580] loss: 0.994
[1,  9600] loss: 1.912
[1,  9620] loss: 1.645
[1,  9640] loss: 1.754
[1,  9660] loss: 2.545
[1,  9680] loss: 1.820
[1,  9700] loss: 2.116
[1,  9720] loss: 1.405
[1,  9740] loss: 0.785
[1,  9760] loss: 4.315
[1,  9780] loss: 9.127
[1,  9800] loss: 14.400
[1,  9820] loss: 43.222
[1,  9840] loss: 81.704
[1,  9860] loss: 75.418
[1,  9880] loss: 136.883
[1,  9900] loss: 154.971
[1,  9920] loss: 123.758
[1,  9940] loss: 49.944
[1,  9960] loss: 11.690
[1,  9980] loss: 5.057
[1, 10000] loss: 1.521
[1, 10020] loss: 1.962
[1, 10040] loss: 2.162
[1, 10060] loss: 1.491
[1, 10080] loss: 0.620
[1, 10100] loss: 1.082
[1, 10120] loss: 0.717
[1, 10140] loss: 0.975
[1, 10160] loss: 0.894
[1, 10180] loss: 0.627
[1, 10200] loss: 0.328
[1, 10220] loss: 0.460
[1, 10240] loss: 0.724
[1, 10260] loss: 0.906
[1, 10280] loss: 0.752
[1, 10300] loss: 1.189
[1, 10320] loss: 1.599
[1, 10340] loss: 0.492
[1, 10360] loss: 0.493
[1, 10380] loss: 0.336
[1, 10400] loss: 0.395
[1, 10420] loss: 0.129
[1, 10440] loss: 0.489
[1, 10460] loss: 0.301
[1, 10480] loss: 0.741
[1, 10500] loss: 0.593
[1, 10520] loss: 0.466
[1, 10540] loss: 1.499
[1, 10560] loss: 0.217
[1, 10580] loss: 0.190
[1, 10600] loss: 0.251
[1, 10620] loss: 0.479
[1, 10640] loss: 0.288
[1, 10660] loss: 0.190
[1, 10680] loss: 0.172
[1, 10700] loss: 0.127
[1, 10720] loss: 0.138
[1, 10740] loss: 0.273
[1, 10760] loss: 0.455
[1, 10780] loss: 0.311
[1, 10800] loss: 0.397
[1, 10820] loss: 0.401
[1, 10840] loss: 0.857
[1, 10860] loss: 1.057
[1, 10880] loss: 0.944
[1, 10900] loss: 0.399
[1, 10920] loss: 1.512
[1, 10940] loss: 1.091
[1, 10960] loss: 0.397
[1, 10980] loss: 0.473
[1, 11000] loss: 0.190
[1, 11020] loss: 0.312
[1, 11040] loss: 0.621
[1, 11060] loss: 0.531
[1, 11080] loss: 0.351
[1, 11100] loss: 0.418
[1, 11120] loss: 0.870
[1, 11140] loss: 0.417
[1, 11160] loss: 0.672
[1, 11180] loss: 0.454
[1, 11200] loss: 0.745
[1, 11220] loss: 0.215
[1, 11240] loss: 0.110
[1, 11260] loss: 0.146
[1, 11280] loss: 0.298
[1, 11300] loss: 0.733
[1, 11320] loss: 0.936
[1, 11340] loss: 0.550
[1, 11360] loss: 0.420
[1, 11380] loss: 0.719
[1, 11400] loss: 1.240
[1, 11420] loss: 0.358
[1, 11440] loss: 0.277
[1, 11460] loss: 0.195
[1, 11480] loss: 0.401
[1, 11500] loss: 0.659
[1, 11520] loss: 0.365
[1, 11540] loss: 0.698
[1, 11560] loss: 0.470
[1, 11580] loss: 0.261
[1, 11600] loss: 0.317
[1, 11620] loss: 0.354
[1, 11640] loss: 0.203
[1, 11660] loss: 0.278
[1, 11680] loss: 0.557
[1, 11700] loss: 0.736
[1, 11720] loss: 0.174
[1, 11740] loss: 0.383
[1, 11760] loss: 0.147
[1, 11780] loss: 0.873
[1, 11800] loss: 0.809
[1, 11820] loss: 0.512
[1, 11840] loss: 3.357
[1, 11860] loss: 6.980
[1, 11880] loss: 0.676
[1, 11900] loss: 0.780
[1, 11920] loss: 0.254
[1, 11940] loss: 0.232
[1, 11960] loss: 0.371
[1, 11980] loss: 0.423
[1, 12000] loss: 1.007
[1, 12020] loss: 0.858
[1, 12040] loss: 3.654
[1, 12060] loss: 5.455
[1, 12080] loss: 5.351
[1, 12100] loss: 1.573
[1, 12120] loss: 1.011
[1, 12140] loss: 1.516
[1, 12160] loss: 3.310
[1, 12180] loss: 1.899
[1, 12200] loss: 0.332
[1, 12220] loss: 0.232
[1, 12240] loss: 0.224
[1, 12260] loss: 0.308
[1, 12280] loss: 0.155
[1, 12300] loss: 0.237
[1, 12320] loss: 0.879
[1, 12340] loss: 2.268
[1, 12360] loss: 0.268
[1, 12380] loss: 1.457
[1, 12400] loss: 0.934
[1, 12420] loss: 0.873
[1, 12440] loss: 0.762
[1, 12460] loss: 1.622
[1, 12480] loss: 0.727
[1, 12500] loss: 1.992
[1, 12520] loss: 1.635
[1, 12540] loss: 3.719
[1, 12560] loss: 8.945
[1, 12580] loss: 3.685
[1, 12600] loss: 0.649
[1, 12620] loss: 1.198
[1, 12640] loss: 3.213
[1, 12660] loss: 2.698
[1, 12680] loss: 1.534
[1, 12700] loss: 3.793
[1, 12720] loss: 2.998
[1, 12740] loss: 0.931
[1, 12760] loss: 72.057
[1, 12780] loss: 85.850
[1, 12800] loss: 24.718
[1, 12820] loss: 5.613
[1, 12840] loss: 2.076
[1, 12860] loss: 1.630
[1, 12880] loss: 1.157
[1, 12900] loss: 0.612
[1, 12920] loss: 0.371
[1, 12940] loss: 0.135
[1, 12960] loss: 0.096
[1, 12980] loss: 0.141
[1, 13000] loss: 0.167
[1, 13020] loss: 0.617
[1, 13040] loss: 0.538
[1, 13060] loss: 0.266
[1, 13080] loss: 0.349
[1, 13100] loss: 0.216
[1, 13120] loss: 0.138
[1, 13140] loss: 0.106
[1, 13160] loss: 0.040
[1, 13180] loss: 0.173
[1, 13200] loss: 0.121
[1, 13220] loss: 0.196
[1, 13240] loss: 0.334
[1, 13260] loss: 0.119
[1, 13280] loss: 0.202
[1, 13300] loss: 0.213
[1, 13320] loss: 0.216
[1, 13340] loss: 0.125
[1, 13360] loss: 0.143
[1, 13380] loss: 0.125
[1, 13400] loss: 0.094
[1, 13420] loss: 0.085
[1, 13440] loss: 0.166
[1, 13460] loss: 0.025
[1, 13480] loss: 0.126
[1, 13500] loss: 0.263
[1, 13520] loss: 0.259
[1, 13540] loss: 0.244
[1, 13560] loss: 0.047
[1, 13580] loss: 0.051
[1, 13600] loss: 0.056
[1, 13620] loss: 0.102
[1, 13640] loss: 0.108
[1, 13660] loss: 0.258
[1, 13680] loss: 0.116
[1, 13700] loss: 0.229
[1, 13720] loss: 0.086
[1, 13740] loss: 0.182
[1, 13760] loss: 0.220
[1, 13780] loss: 0.275
[1, 13800] loss: 0.152
[1, 13820] loss: 0.273
[1, 13840] loss: 0.104
[1, 13860] loss: 0.411
[1, 13880] loss: 0.064
[1, 13900] loss: 0.291
[1, 13920] loss: 0.086
[1, 13940] loss: 0.167
[1, 13960] loss: 0.076
[1, 13980] loss: 0.071
[1, 14000] loss: 0.069
[1, 14020] loss: 0.048
[1, 14040] loss: 0.198
[1, 14060] loss: 0.180
[1, 14080] loss: 0.068
[1, 14100] loss: 0.326
[1, 14120] loss: 0.297
[1, 14140] loss: 0.166
[1, 14160] loss: 0.286
[1, 14180] loss: 0.261
[1, 14200] loss: 0.206
[1, 14220] loss: 0.088
[1, 14240] loss: 0.179
[1, 14260] loss: 0.235
[1, 14280] loss: 0.067
[1, 14300] loss: 0.074
[1, 14320] loss: 0.101
[1, 14340] loss: 0.101
[1, 14360] loss: 0.196
[1, 14380] loss: 0.241
[1, 14400] loss: 0.105
[1, 14420] loss: 0.068
[1, 14440] loss: 0.126
[1, 14460] loss: 0.072
[1, 14480] loss: 0.173
[1, 14500] loss: 0.106
[1, 14520] loss: 0.027
[1, 14540] loss: 0.358
[1, 14560] loss: 0.452
[1, 14580] loss: 0.493
[1, 14600] loss: 0.738
[1, 14620] loss: 1.478
[1, 14640] loss: 0.356
[1, 14660] loss: 0.692
[1, 14680] loss: 1.486
[1, 14700] loss: 0.229
[1, 14720] loss: 0.403
[1, 14740] loss: 0.276
[1, 14760] loss: 0.376
[1, 14780] loss: 0.111
[1, 14800] loss: 0.192
[1, 14820] loss: 0.107
[1, 14840] loss: 0.159
[1, 14860] loss: 0.307
[1, 14880] loss: 0.547
[1, 14900] loss: 0.391
[1, 14920] loss: 0.392
[1, 14940] loss: 0.550
[1, 14960] loss: 0.436
[1, 14980] loss: 0.145
[1, 15000] loss: 0.291
[1, 15020] loss: 1.086
[1, 15040] loss: 0.454
[1, 15060] loss: 0.277
[1, 15080] loss: 0.099
[1, 15100] loss: 0.176
[1, 15120] loss: 0.380
[1, 15140] loss: 2.789
[1, 15160] loss: 1.501
[1, 15180] loss: 1.088
[1, 15200] loss: 0.709
[1, 15220] loss: 0.156
[1, 15240] loss: 0.171
[1, 15260] loss: 0.246
[1, 15280] loss: 0.403
[1, 15300] loss: 0.266
[1, 15320] loss: 0.274
[1, 15340] loss: 0.142
[1, 15360] loss: 0.276
[1, 15380] loss: 0.449
[1, 15400] loss: 0.264
[1, 15420] loss: 0.154
[1, 15440] loss: 0.052
[1, 15460] loss: 0.062
[1, 15480] loss: 0.058
[1, 15500] loss: 0.110
[1, 15520] loss: 0.150
[1, 15540] loss: 0.210
[1, 15560] loss: 0.248
[1, 15580] loss: 0.091
[1, 15600] loss: 0.048
[1, 15620] loss: 0.423
[1, 15640] loss: 0.289
[1, 15660] loss: 0.097
[1, 15680] loss: 0.116
[1, 15700] loss: 0.100
[1, 15720] loss: 0.102
[1, 15740] loss: 0.066
[1, 15760] loss: 0.061
[1, 15780] loss: 0.072
[1, 15800] loss: 0.173
[1, 15820] loss: 1.583
[1, 15840] loss: 0.933
[1, 15860] loss: 0.154
[1, 15880] loss: 0.163
[1, 15900] loss: 0.145
[1, 15920] loss: 0.313
[1, 15940] loss: 0.112
[1, 15960] loss: 0.042
[1, 15980] loss: 0.166
[1, 16000] loss: 0.082
[1, 16020] loss: 0.365
[1, 16040] loss: 0.210
[1, 16060] loss: 0.135
[1, 16080] loss: 0.409
[1, 16100] loss: 0.061
[1, 16120] loss: 0.029
[1, 16140] loss: 0.068
[1, 16160] loss: 0.209
[1, 16180] loss: 0.174
[1, 16200] loss: 0.078
[1, 16220] loss: 0.180
[1, 16240] loss: 0.055
[1, 16260] loss: 0.175
[1, 16280] loss: 0.420
[1, 16300] loss: 0.069
[1, 16320] loss: 0.040
[1, 16340] loss: 0.039
[1, 16360] loss: 0.120
[1, 16380] loss: 0.101
[1, 16400] loss: 0.276
[1, 16420] loss: 0.234
[1, 16440] loss: 0.113
[1, 16460] loss: 0.048
[1, 16480] loss: 0.070
[1, 16500] loss: 0.259
[1, 16520] loss: 0.177
[1, 16540] loss: 0.057
[1, 16560] loss: 0.174
[1, 16580] loss: 0.348
[1, 16600] loss: 0.975
[1, 16620] loss: 0.513
[1, 16640] loss: 0.107
[1, 16660] loss: 0.095
[1, 16680] loss: 0.122
[1, 16700] loss: 0.075
[1, 16720] loss: 0.174
[1, 16740] loss: 0.169
[1, 16760] loss: 0.172
[1, 16780] loss: 0.247
[1, 16800] loss: 0.126
[1, 16820] loss: 0.111
[1, 16840] loss: 0.083
[1, 16860] loss: 0.143
[1, 16880] loss: 0.274
[1, 16900] loss: 0.547
[1, 16920] loss: 0.480
[1, 16940] loss: 0.516
[1, 16960] loss: 0.401
[1, 16980] loss: 0.170
[1, 17000] loss: 0.353
[1, 17020] loss: 0.081
[1, 17040] loss: 0.126
[1, 17060] loss: 0.123
[1, 17080] loss: 0.200
[1, 17100] loss: 0.067
[1, 17120] loss: 0.067
[1, 17140] loss: 0.170
[1, 17160] loss: 0.103
[1, 17180] loss: 0.048
[1, 17200] loss: 0.168
[1, 17220] loss: 0.142
[1, 17240] loss: 0.681
[1, 17260] loss: 0.321
[1, 17280] loss: 0.241
[1, 17300] loss: 1.464
[1, 17320] loss: 1.988
[1, 17340] loss: 0.700
[1, 17360] loss: 0.563
[1, 17380] loss: 0.129
[1, 17400] loss: 0.269
[1, 17420] loss: 0.264
[1, 17440] loss: 0.398
[1, 17460] loss: 0.260
[1, 17480] loss: 0.421
[1, 17500] loss: 0.510
[1, 17520] loss: 1.568
[1, 17540] loss: 0.689
[1, 17560] loss: 0.333
[1, 17580] loss: 2.000
[1, 17600] loss: 1859.161
[1, 17620] loss: 75026.397
[1, 17640] loss: 328015.009
[1, 17660] loss: 1142354.169
[1, 17680] loss: 168500.626
[1, 17700] loss: 358485.213
[1, 17720] loss: 60516.153
[1, 17740] loss: 27392.051
[1, 17760] loss: 77.507
[1, 17780] loss: 40.708
[1, 17800] loss: 48.032
[1, 17820] loss: 30.955
[1, 17840] loss: 56.532
[1, 17860] loss: 75.375
[1, 17880] loss: 38.582
[1, 17900] loss: 83.204
[1, 17920] loss: 63.663
[1, 17940] loss: 20.277
[1, 17960] loss: 36.463
[1, 17980] loss: 41.274
[1, 18000] loss: 29.139
[1, 18020] loss: 22.712
[1, 18040] loss: 12.525
[1, 18060] loss: 19.597
[1, 18080] loss: 34.352
[1, 18100] loss: 19.456
[1, 18120] loss: 26.604
[1, 18140] loss: 15.833
[1, 18160] loss: 20.359
[1, 18180] loss: 20.869
[1, 18200] loss: 26.460
[1, 18220] loss: 10.667
[1, 18240] loss: 35.254
[1, 18260] loss: 18.203
[1, 18280] loss: 22.354
[1, 18300] loss: 13.626
[1, 18320] loss: 18.587
[1, 18340] loss: 11.196
[1, 18360] loss: 23.724
[1, 18380] loss: 11.965
[1, 18400] loss: 6.563
[1, 18420] loss: 16.522
[1, 18440] loss: 8.907
[1, 18460] loss: 10.095
[1, 18480] loss: 8.076
[1, 18500] loss: 9.486
[1, 18520] loss: 8.685
[1, 18540] loss: 9.889
[1, 18560] loss: 11.469
[1, 18580] loss: 11.990
[1, 18600] loss: 8.224
[1, 18620] loss: 17.785
[1, 18640] loss: 9.335
[1, 18660] loss: 8.031
[1, 18680] loss: 9.995
[1, 18700] loss: 7.042
[1, 18720] loss: 8.841
[1, 18740] loss: 8.517
[1, 18760] loss: 6.799
[1, 18780] loss: 7.737
[1, 18800] loss: 7.724
[1, 18820] loss: 11.615
[1, 18840] loss: 5.826
[1, 18860] loss: 7.596
[1, 18880] loss: 6.411
[1, 18900] loss: 8.210
[1, 18920] loss: 3.923
[1, 18940] loss: 6.415
[1, 18960] loss: 5.274
[1, 18980] loss: 14.342
[1, 19000] loss: 6.478
[1, 19020] loss: 5.996
[1, 19040] loss: 10.174
[1, 19060] loss: 4.700
[1, 19080] loss: 11.961
[1, 19100] loss: 3.850
[1, 19120] loss: 4.395
[1, 19140] loss: 6.005
[1, 19160] loss: 4.585
[1, 19180] loss: 7.525
[1, 19200] loss: 7.593
[1, 19220] loss: 7.144
[1, 19240] loss: 7.231
[1, 19260] loss: 8.848
[1, 19280] loss: 5.759
[1, 19300] loss: 4.537
[1, 19320] loss: 4.995
[1, 19340] loss: 4.986
[1, 19360] loss: 3.782
[1, 19380] loss: 5.054
[1, 19400] loss: 7.701
[1, 19420] loss: 6.869
[1, 19440] loss: 6.405
[1, 19460] loss: 7.201
[1, 19480] loss: 5.031
[1, 19500] loss: 4.074
[1, 19520] loss: 7.492
[1, 19540] loss: 4.782
[1, 19560] loss: 2.544
[1, 19580] loss: 5.068
[1, 19600] loss: 2.863
[1, 19620] loss: 5.014
[1, 19640] loss: 4.733
[1, 19660] loss: 7.814
[1, 19680] loss: 4.442
[1, 19700] loss: 5.117
[1, 19720] loss: 4.513
[1, 19740] loss: 3.369
[1, 19760] loss: 2.490
[1, 19780] loss: 5.898
[1, 19800] loss: 5.688
[1, 19820] loss: 2.770
[1, 19840] loss: 3.292
[1, 19860] loss: 4.627
[1, 19880] loss: 3.691
[1, 19900] loss: 6.326
[1, 19920] loss: 4.166
[1, 19940] loss: 5.750
[1, 19960] loss: 3.728
[1, 19980] loss: 2.689
[1, 20000] loss: 4.074
[1, 20020] loss: 2.167
[1, 20040] loss: 2.275
[1, 20060] loss: 3.550
[1, 20080] loss: 3.667
[1, 20100] loss: 3.210
[1, 20120] loss: 4.096
[1, 20140] loss: 3.022
[1, 20160] loss: 4.340
[1, 20180] loss: 7.667
[1, 20200] loss: 2.851
[1, 20220] loss: 4.776
[1, 20240] loss: 2.518
[1, 20260] loss: 3.171
[1, 20280] loss: 5.590
[1, 20300] loss: 3.778
[1, 20320] loss: 3.397
[1, 20340] loss: 1.938
[1, 20360] loss: 5.844
[1, 20380] loss: 2.381
[1, 20400] loss: 1.351
[1, 20420] loss: 2.349
[1, 20440] loss: 3.232
[1, 20460] loss: 2.806
[1, 20480] loss: 1.455
[1, 20500] loss: 1.375
[1, 20520] loss: 2.166
[1, 20540] loss: 1.619
[1, 20560] loss: 3.206
[1, 20580] loss: 2.710
[1, 20600] loss: 3.689
[1, 20620] loss: 1.373
[1, 20640] loss: 3.482
[1, 20660] loss: 1.850
[1, 20680] loss: 2.210
[1, 20700] loss: 2.122
[1, 20720] loss: 2.492
[1, 20740] loss: 0.961
[1, 20760] loss: 2.799
[1, 20780] loss: 1.241
[1, 20800] loss: 0.821
[1, 20820] loss: 2.820
[1, 20840] loss: 2.401
[1, 20860] loss: 2.036
[1, 20880] loss: 2.223
[1, 20900] loss: 2.793
[1, 20920] loss: 3.049
[1, 20940] loss: 2.216
[1, 20960] loss: 2.120
[1, 20980] loss: 2.119
[1, 21000] loss: 3.261
[1, 21020] loss: 1.609
[1, 21040] loss: 2.528
[1, 21060] loss: 2.652
[1, 21080] loss: 1.241
[1, 21100] loss: 1.956
[1, 21120] loss: 1.842
[1, 21140] loss: 1.346
[1, 21160] loss: 1.868
[1, 21180] loss: 3.041
[1, 21200] loss: 1.683
[1, 21220] loss: 2.074
[1, 21240] loss: 2.113
[1, 21260] loss: 2.148
[1, 21280] loss: 0.732
[1, 21300] loss: 1.190
[1, 21320] loss: 1.819
[1, 21340] loss: 2.137
[1, 21360] loss: 2.384
[1, 21380] loss: 1.857
[1, 21400] loss: 1.521
[1, 21420] loss: 2.261
[1, 21440] loss: 2.859
[1, 21460] loss: 0.719
[1, 21480] loss: 1.764
[1, 21500] loss: 1.046
[1, 21520] loss: 0.612
[1, 21540] loss: 1.628
[1, 21560] loss: 2.078
[1, 21580] loss: 1.501
[1, 21600] loss: 2.975
[1, 21620] loss: 1.158
[1, 21640] loss: 0.824
[1, 21660] loss: 1.487
[1, 21680] loss: 2.066
[1, 21700] loss: 2.367
[1, 21720] loss: 0.882
[1, 21740] loss: 2.407
[1, 21760] loss: 1.227
[1, 21780] loss: 1.421
[1, 21800] loss: 2.183
[1, 21820] loss: 1.398
[1, 21840] loss: 1.149
[1, 21860] loss: 1.698
[1, 21880] loss: 2.792
[1, 21900] loss: 1.369
[1, 21920] loss: 1.393
[1, 21940] loss: 1.473
[1, 21960] loss: 1.526
[1, 21980] loss: 1.712
[1, 22000] loss: 1.938
[1, 22020] loss: 1.573
[1, 22040] loss: 1.521
[1, 22060] loss: 0.876
[1, 22080] loss: 1.131
[1, 22100] loss: 0.906
[1, 22120] loss: 0.752
[1, 22140] loss: 1.463
[1, 22160] loss: 1.475
[1, 22180] loss: 2.841
[1, 22200] loss: 0.845
[1, 22220] loss: 0.835
[1, 22240] loss: 1.846
[1, 22260] loss: 0.738
[1, 22280] loss: 1.583
[1, 22300] loss: 0.283
[1, 22320] loss: 0.918
[1, 22340] loss: 1.194
[1, 22360] loss: 1.487
[1, 22380] loss: 1.465
[1, 22400] loss: 1.036
[1, 22420] loss: 0.530
[1, 22440] loss: 0.896
[1, 22460] loss: 0.869
[1, 22480] loss: 1.139
[1, 22500] loss: 1.102
[1, 22520] loss: 1.400
[1, 22540] loss: 0.846
[1, 22560] loss: 1.102
[1, 22580] loss: 1.373
[1, 22600] loss: 1.160
[1, 22620] loss: 0.839
[1, 22640] loss: 0.500
[1, 22660] loss: 0.959
[1, 22680] loss: 0.974
[1, 22700] loss: 0.842
[1, 22720] loss: 0.707
[1, 22740] loss: 0.915
[1, 22760] loss: 0.458
[1, 22780] loss: 0.529
[1, 22800] loss: 1.098
[1, 22820] loss: 1.109
[1, 22840] loss: 0.309
[1, 22860] loss: 0.961
[1, 22880] loss: 1.254
[1, 22900] loss: 1.009
[1, 22920] loss: 0.664
[1, 22940] loss: 0.323
[1, 22960] loss: 0.738
[1, 22980] loss: 1.050
[1, 23000] loss: 0.430
[1, 23020] loss: 0.657
[1, 23040] loss: 1.284
[1, 23060] loss: 0.728
[1, 23080] loss: 0.613
[1, 23100] loss: 0.665
[1, 23120] loss: 0.586
[1, 23140] loss: 0.752
[1, 23160] loss: 0.600
[1, 23180] loss: 0.483
[1, 23200] loss: 0.497
[1, 23220] loss: 0.584
[1, 23240] loss: 0.531
[1, 23260] loss: 0.379
[1, 23280] loss: 0.883
[1, 23300] loss: 0.520
[1, 23320] loss: 0.291
[1, 23340] loss: 0.679
[1, 23360] loss: 0.567
[1, 23380] loss: 0.396
[1, 23400] loss: 0.343
[1, 23420] loss: 0.623
[1, 23440] loss: 0.699
[1, 23460] loss: 0.508
[1, 23480] loss: 0.856
[1, 23500] loss: 0.771
[1, 23520] loss: 0.764
[1, 23540] loss: 0.783
[1, 23560] loss: 0.673
[1, 23580] loss: 0.642
[1, 23600] loss: 0.678
[1, 23620] loss: 0.559
[1, 23640] loss: 0.456
[1, 23660] loss: 0.704
[1, 23680] loss: 0.371
[1, 23700] loss: 0.485
[1, 23720] loss: 0.574
[1, 23740] loss: 0.542
[1, 23760] loss: 0.532
[1, 23780] loss: 0.815
[1, 23800] loss: 0.587
[1, 23820] loss: 0.555
[1, 23840] loss: 0.379
[1, 23860] loss: 0.547
[1, 23880] loss: 0.351
[1, 23900] loss: 0.235
[1, 23920] loss: 0.277
[1, 23940] loss: 0.389
[1, 23960] loss: 0.376
[1, 23980] loss: 0.293
[1, 24000] loss: 0.217
[1, 24020] loss: 0.353
[1, 24040] loss: 0.383
[1, 24060] loss: 0.232
[1, 24080] loss: 0.403
[1, 24100] loss: 0.360
[1, 24120] loss: 0.463
[1, 24140] loss: 0.407
[1, 24160] loss: 0.264
[1, 24180] loss: 0.391
[1, 24200] loss: 0.253
[1, 24220] loss: 0.495
[1, 24240] loss: 0.282
[1, 24260] loss: 0.486
[1, 24280] loss: 0.108
[1, 24300] loss: 0.224
[1, 24320] loss: 0.369
[1, 24340] loss: 0.331
[1, 24360] loss: 0.339
[1, 24380] loss: 0.596
[1, 24400] loss: 0.588
[1, 24420] loss: 0.328
[1, 24440] loss: 0.165
[1, 24460] loss: 0.277
[1, 24480] loss: 0.346
[1, 24500] loss: 0.485
[1, 24520] loss: 0.134
[1, 24540] loss: 0.801
[1, 24560] loss: 0.289
[1, 24580] loss: 0.348
[1, 24600] loss: 0.437
[1, 24620] loss: 0.282
[1, 24640] loss: 0.316
[1, 24660] loss: 0.369
[1, 24680] loss: 0.133
[1, 24700] loss: 0.270
[1, 24720] loss: 0.147
[1, 24740] loss: 0.376
[1, 24760] loss: 0.114
[1, 24780] loss: 0.220
[1, 24800] loss: 0.313
[1, 24820] loss: 0.259
[1, 24840] loss: 0.293
[1, 24860] loss: 0.245
[1, 24880] loss: 0.335
[1, 24900] loss: 0.173
[1, 24920] loss: 0.395
[1, 24940] loss: 0.237
[1, 24960] loss: 0.464
[1, 24980] loss: 0.538
[1, 25000] loss: 0.171
[1, 25020] loss: 0.180
[1, 25040] loss: 0.142
[1, 25060] loss: 0.460
[1, 25080] loss: 0.194
[1, 25100] loss: 0.086
[1, 25120] loss: 0.258
[1, 25140] loss: 0.258
[1, 25160] loss: 0.254
[1, 25180] loss: 0.425
[1, 25200] loss: 0.310
[1, 25220] loss: 0.231
[1, 25240] loss: 0.274
[1, 25260] loss: 0.209
[1, 25280] loss: 0.165
[1, 25300] loss: 0.262
[1, 25320] loss: 0.180
[1, 25340] loss: 0.211
[1, 25360] loss: 0.238
[1, 25380] loss: 0.229
[1, 25400] loss: 0.240
[1, 25420] loss: 0.170
[1, 25440] loss: 0.162
[1, 25460] loss: 0.243
[1, 25480] loss: 0.251
[1, 25500] loss: 0.314
[1, 25520] loss: 0.203
[1, 25540] loss: 0.143
[1, 25560] loss: 0.570
[1, 25580] loss: 0.165
[1, 25600] loss: 0.180
[1, 25620] loss: 0.261
[1, 25640] loss: 0.110
[1, 25660] loss: 0.428
[1, 25680] loss: 0.202
[1, 25700] loss: 0.193
[1, 25720] loss: 0.338
[1, 25740] loss: 0.317
[1, 25760] loss: 0.132
[1, 25780] loss: 0.183
[1, 25800] loss: 0.199
[1, 25820] loss: 0.200
[1, 25840] loss: 0.229
[1, 25860] loss: 0.145
[1, 25880] loss: 0.201
[1, 25900] loss: 0.137
[1, 25920] loss: 0.162
[1, 25940] loss: 0.261
[1, 25960] loss: 0.202
[1, 25980] loss: 0.309
[1, 26000] loss: 0.186
[1, 26020] loss: 0.167
[1, 26040] loss: 0.202
[1, 26060] loss: 0.137
[1, 26080] loss: 0.274
[1, 26100] loss: 0.102
[1, 26120] loss: 0.042
[1, 26140] loss: 0.222
[1, 26160] loss: 0.171
[1, 26180] loss: 0.235
[1, 26200] loss: 0.091
[1, 26220] loss: 0.168
[1, 26240] loss: 0.170
[1, 26260] loss: 0.110
[1, 26280] loss: 0.210
[1, 26300] loss: 0.173
[1, 26320] loss: 0.297
[1, 26340] loss: 0.448
[1, 26360] loss: 0.111
[1, 26380] loss: 0.128
[1, 26400] loss: 0.144
[1, 26420] loss: 0.115
[1, 26440] loss: 0.123
[1, 26460] loss: 0.223
[1, 26480] loss: 0.277
[1, 26500] loss: 0.119
[1, 26520] loss: 0.092
[1, 26540] loss: 0.182
[1, 26560] loss: 0.095
[1, 26580] loss: 0.097
[1, 26600] loss: 0.116
[1, 26620] loss: 0.101
[1, 26640] loss: 0.198
[1, 26660] loss: 0.121
[1, 26680] loss: 0.069
[1, 26700] loss: 0.078
[1, 26720] loss: 0.167
[1, 26740] loss: 0.111
[1, 26760] loss: 0.250
[1, 26780] loss: 0.161
[1, 26800] loss: 0.116
[1, 26820] loss: 0.211
[1, 26840] loss: 0.251
[1, 26860] loss: 0.047
[1, 26880] loss: 0.130
[1, 26900] loss: 0.090
[1, 26920] loss: 0.087
[1, 26940] loss: 0.102
[1, 26960] loss: 0.179
[1, 26980] loss: 0.161
[1, 27000] loss: 0.123
[1, 27020] loss: 0.174
[1, 27040] loss: 0.225
[1, 27060] loss: 0.367
[1, 27080] loss: 0.204
[1, 27100] loss: 0.091
[1, 27120] loss: 0.073
[1, 27140] loss: 0.189
[1, 27160] loss: 0.158
[1, 27180] loss: 0.120
[1, 27200] loss: 0.349
[1, 27220] loss: 0.166
[1, 27240] loss: 0.274
[1, 27260] loss: 0.093
[1, 27280] loss: 0.099
[1, 27300] loss: 0.198
[1, 27320] loss: 0.079
[1, 27340] loss: 0.092
[1, 27360] loss: 0.155
[1, 27380] loss: 0.102
[1, 27400] loss: 0.089
[1, 27420] loss: 0.161
[1, 27440] loss: 0.161
[1, 27460] loss: 0.347
[1, 27480] loss: 0.157
[1, 27500] loss: 0.106
[1, 27520] loss: 0.101
[1, 27540] loss: 0.151
[1, 27560] loss: 0.100
[1, 27580] loss: 0.159
[1, 27600] loss: 0.222
[1, 27620] loss: 0.093
[1, 27640] loss: 0.098
[1, 27660] loss: 0.159
[1, 27680] loss: 0.206
[1, 27700] loss: 0.128
[1, 27720] loss: 0.092
[1, 27740] loss: 0.035
[1, 27760] loss: 0.109
[1, 27780] loss: 0.095
[1, 27800] loss: 0.174
[1, 27820] loss: 0.103
[1, 27840] loss: 0.129
[1, 27860] loss: 0.193
[1, 27880] loss: 0.163
[1, 27900] loss: 0.094
[1, 27920] loss: 0.133
[1, 27940] loss: 0.096
[1, 27960] loss: 0.091
[1, 27980] loss: 0.200
[1, 28000] loss: 0.136
[1, 28020] loss: 0.320
[1, 28040] loss: 0.284
[1, 28060] loss: 0.248
[1, 28080] loss: 0.119
[1, 28100] loss: 0.087
[1, 28120] loss: 0.068
[1, 28140] loss: 0.124
[1, 28160] loss: 0.076
[1, 28180] loss: 0.074
[1, 28200] loss: 0.067
[1, 28220] loss: 0.078
[1, 28240] loss: 0.143
[1, 28260] loss: 0.040
[1, 28280] loss: 0.080
[1, 28300] loss: 0.103
[1, 28320] loss: 0.228
[1, 28340] loss: 0.165
[1, 28360] loss: 0.061
[1, 28380] loss: 0.246
[1, 28400] loss: 0.254
[1, 28420] loss: 0.076
[1, 28440] loss: 0.103
[1, 28460] loss: 0.146
[1, 28480] loss: 0.153
[1, 28500] loss: 0.120
[1, 28520] loss: 0.403
[1, 28540] loss: 0.363
[1, 28560] loss: 0.336
[1, 28580] loss: 0.180
[1, 28600] loss: 0.069
[1, 28620] loss: 0.148
[1, 28640] loss: 0.201
[1, 28660] loss: 0.257
[1, 28680] loss: 0.157
[1, 28700] loss: 0.074
[1, 28720] loss: 0.271
[1, 28740] loss: 0.763
[1, 28760] loss: 0.309
[1, 28780] loss: 0.229
[1, 28800] loss: 0.308
[1, 28820] loss: 0.251
[1, 28840] loss: 0.158
[1, 28860] loss: 0.258
[1, 28880] loss: 0.401
[1, 28900] loss: 0.131
[1, 28920] loss: 0.070
[1, 28940] loss: 0.101
[1, 28960] loss: 0.165
[1, 28980] loss: 0.121
[1, 29000] loss: 0.125
[1, 29020] loss: 0.173
[1, 29040] loss: 0.117
[1, 29060] loss: 0.204
[1, 29080] loss: 0.214
[1, 29100] loss: 0.201
[1, 29120] loss: 0.165
[1, 29140] loss: 0.160
[1, 29160] loss: 0.432
[1, 29180] loss: 0.753
[1, 29200] loss: 0.558
[1, 29220] loss: 3.424
[1, 29240] loss: 0.615
[1, 29260] loss: 0.351
[1, 29280] loss: 0.159
[1, 29300] loss: 0.264
[1, 29320] loss: 0.106
[1, 29340] loss: 0.291
[1, 29360] loss: 0.121
[1, 29380] loss: 0.204
[1, 29400] loss: 0.235
[1, 29420] loss: 0.416
[1, 29440] loss: 0.290
[1, 29460] loss: 0.288
[1, 29480] loss: 0.295
[1, 29500] loss: 0.063
[1, 29520] loss: 0.131
[1, 29540] loss: 0.239
[1, 29560] loss: 0.145
[1, 29580] loss: 0.128
[1, 29600] loss: 0.132
[1, 29620] loss: 0.125
[1, 29640] loss: 0.074
[1, 29660] loss: 0.042
[1, 29680] loss: 0.032
[1, 29700] loss: 0.174
[1, 29720] loss: 0.085
[1, 29740] loss: 0.203
[1, 29760] loss: 0.142
[1, 29780] loss: 0.179
[1, 29800] loss: 0.240
[1, 29820] loss: 0.227
[1, 29840] loss: 0.268
[1, 29860] loss: 0.188
[1, 29880] loss: 0.155
[1, 29900] loss: 0.147
[1, 29920] loss: 0.217
[1, 29940] loss: 0.240
[1, 29960] loss: 0.327
[1, 29980] loss: 0.303
[1, 30000] loss: 0.367
[1, 30020] loss: 0.215
[1, 30040] loss: 0.765
[1, 30060] loss: 0.781
[1, 30080] loss: 0.222
[1, 30100] loss: 0.234
[1, 30120] loss: 0.278
[1, 30140] loss: 0.325
[1, 30160] loss: 0.208
[1, 30180] loss: 0.600
[1, 30200] loss: 0.168
[1, 30220] loss: 0.280
[1, 30240] loss: 0.196
[1, 30260] loss: 0.443
[1, 30280] loss: 0.535
[1, 30300] loss: 0.299
[1, 30320] loss: 0.160
[1, 30340] loss: 0.306
[1, 30360] loss: 0.216
[1, 30380] loss: 0.058
[1, 30400] loss: 0.297
[1, 30420] loss: 0.160
[2,    20] loss: 0.123
[2,    40] loss: 0.458
[2,    60] loss: 0.145
[2,    80] loss: 0.159
[2,   100] loss: 0.507
[2,   120] loss: 0.168
[2,   140] loss: 0.097
[2,   160] loss: 0.128
[2,   180] loss: 0.135
[2,   200] loss: 0.110
[2,   220] loss: 0.108
[2,   240] loss: 0.122
[2,   260] loss: 0.104
[2,   280] loss: 0.128
[2,   300] loss: 0.252
[2,   320] loss: 0.222
[2,   340] loss: 0.117
[2,   360] loss: 0.107
[2,   380] loss: 0.098
[2,   400] loss: 0.176
[2,   420] loss: 0.272
[2,   440] loss: 0.429
[2,   460] loss: 0.289
[2,   480] loss: 0.177
[2,   500] loss: 0.097
[2,   520] loss: 0.338
[2,   540] loss: 0.201
[2,   560] loss: 0.113
[2,   580] loss: 0.101
[2,   600] loss: 0.338
[2,   620] loss: 0.166
[2,   640] loss: 0.131
[2,   660] loss: 0.094
[2,   680] loss: 0.135
[2,   700] loss: 0.347
[2,   720] loss: 0.150
[2,   740] loss: 0.216
[2,   760] loss: 0.144
[2,   780] loss: 0.097
[2,   800] loss: 0.050
[2,   820] loss: 0.069
[2,   840] loss: 0.069
[2,   860] loss: 0.287
[2,   880] loss: 0.131
[2,   900] loss: 0.286
[2,   920] loss: 0.463
[2,   940] loss: 0.451
[2,   960] loss: 0.201
[2,   980] loss: 0.131
[2,  1000] loss: 0.248
[2,  1020] loss: 0.614
[2,  1040] loss: 0.381
[2,  1060] loss: 0.100
[2,  1080] loss: 0.223
[2,  1100] loss: 0.117
[2,  1120] loss: 0.193
[2,  1140] loss: 0.225
[2,  1160] loss: 0.147
[2,  1180] loss: 0.090
[2,  1200] loss: 0.241
[2,  1220] loss: 0.037
[2,  1240] loss: 0.146
[2,  1260] loss: 0.103
[2,  1280] loss: 0.130
[2,  1300] loss: 0.374
[2,  1320] loss: 0.293
[2,  1340] loss: 0.400
[2,  1360] loss: 0.357
[2,  1380] loss: 0.252
[2,  1400] loss: 0.133
[2,  1420] loss: 0.084
[2,  1440] loss: 0.200
[2,  1460] loss: 0.121
[2,  1480] loss: 0.176
[2,  1500] loss: 0.200
[2,  1520] loss: 0.051
[2,  1540] loss: 0.070
[2,  1560] loss: 0.111
[2,  1580] loss: 0.185
[2,  1600] loss: 0.261
[2,  1620] loss: 0.122
[2,  1640] loss: 0.253
[2,  1660] loss: 0.253
[2,  1680] loss: 0.079
[2,  1700] loss: 0.050
[2,  1720] loss: 0.325
[2,  1740] loss: 0.084
[2,  1760] loss: 0.176
[2,  1780] loss: 0.065
[2,  1800] loss: 0.046
[2,  1820] loss: 0.067
[2,  1840] loss: 0.044
[2,  1860] loss: 0.081
[2,  1880] loss: 0.195
[2,  1900] loss: 0.052
[2,  1920] loss: 0.121
[2,  1940] loss: 0.143
[2,  1960] loss: 0.077
[2,  1980] loss: 0.061
[2,  2000] loss: 0.090
[2,  2020] loss: 0.095
[2,  2040] loss: 0.031
[2,  2060] loss: 0.249
[2,  2080] loss: 0.528
[2,  2100] loss: 0.409
[2,  2120] loss: 0.415
[2,  2140] loss: 0.158
[2,  2160] loss: 0.059
[2,  2180] loss: 0.099
[2,  2200] loss: 0.072
[2,  2220] loss: 0.122
[2,  2240] loss: 0.143
[2,  2260] loss: 0.260
[2,  2280] loss: 0.500
[2,  2300] loss: 0.125
[2,  2320] loss: 0.080
[2,  2340] loss: 0.109
[2,  2360] loss: 0.071
[2,  2380] loss: 0.024
[2,  2400] loss: 0.125
[2,  2420] loss: 0.101
[2,  2440] loss: 0.080
[2,  2460] loss: 0.058
[2,  2480] loss: 0.076
[2,  2500] loss: 0.118
[2,  2520] loss: 0.117
[2,  2540] loss: 0.043
[2,  2560] loss: 0.045
[2,  2580] loss: 0.164
[2,  2600] loss: 0.172
[2,  2620] loss: 0.069
[2,  2640] loss: 0.047
[2,  2660] loss: 0.111
[2,  2680] loss: 0.059
[2,  2700] loss: 0.069
[2,  2720] loss: 0.144
[2,  2740] loss: 0.093
[2,  2760] loss: 0.154
[2,  2780] loss: 0.081
[2,  2800] loss: 0.092
[2,  2820] loss: 0.298
[2,  2840] loss: 0.240
[2,  2860] loss: 0.106
[2,  2880] loss: 0.173
[2,  2900] loss: 0.057
[2,  2920] loss: 0.120
[2,  2940] loss: 0.095
[2,  2960] loss: 0.115
[2,  2980] loss: 0.152
[2,  3000] loss: 0.342
[2,  3020] loss: 0.283
[2,  3040] loss: 0.157
[2,  3060] loss: 0.384
[2,  3080] loss: 0.160
[2,  3100] loss: 0.251
[2,  3120] loss: 0.108
[2,  3140] loss: 0.128
[2,  3160] loss: 0.234
[2,  3180] loss: 0.067
[2,  3200] loss: 0.208
[2,  3220] loss: 0.090
[2,  3240] loss: 0.117
[2,  3260] loss: 0.090
[2,  3280] loss: 0.123
[2,  3300] loss: 0.452
[2,  3320] loss: 0.275
[2,  3340] loss: 0.079
[2,  3360] loss: 0.246
[2,  3380] loss: 0.275
[2,  3400] loss: 0.561
[2,  3420] loss: 0.183
[2,  3440] loss: 0.079
[2,  3460] loss: 0.152
[2,  3480] loss: 0.361
[2,  3500] loss: 0.298
[2,  3520] loss: 0.298
[2,  3540] loss: 0.120
[2,  3560] loss: 0.289
[2,  3580] loss: 0.103
[2,  3600] loss: 0.073
[2,  3620] loss: 0.095
[2,  3640] loss: 0.048
[2,  3660] loss: 0.047
[2,  3680] loss: 0.045
[2,  3700] loss: 0.065
[2,  3720] loss: 0.022
[2,  3740] loss: 0.028
[2,  3760] loss: 0.091
[2,  3780] loss: 0.072
[2,  3800] loss: 0.062
[2,  3820] loss: 0.070
[2,  3840] loss: 0.101
[2,  3860] loss: 0.029
[2,  3880] loss: 0.073
[2,  3900] loss: 0.041
[2,  3920] loss: 0.100
[2,  3940] loss: 0.061
[2,  3960] loss: 0.191
[2,  3980] loss: 0.042
[2,  4000] loss: 0.034
[2,  4020] loss: 0.046
[2,  4040] loss: 0.069
[2,  4060] loss: 0.121
[2,  4080] loss: 0.071
[2,  4100] loss: 0.059
[2,  4120] loss: 0.057
[2,  4140] loss: 0.125
[2,  4160] loss: 0.117
[2,  4180] loss: 0.172
[2,  4200] loss: 0.258
[2,  4220] loss: 0.373
[2,  4240] loss: 0.173
[2,  4260] loss: 0.306
[2,  4280] loss: 0.188
[2,  4300] loss: 0.065
[2,  4320] loss: 0.063
[2,  4340] loss: 0.072
[2,  4360] loss: 0.048
[2,  4380] loss: 0.087
[2,  4400] loss: 0.073
[2,  4420] loss: 0.128
[2,  4440] loss: 0.102
[2,  4460] loss: 0.068
[2,  4480] loss: 0.207
[2,  4500] loss: 0.341
[2,  4520] loss: 0.470
[2,  4540] loss: 1.064
[2,  4560] loss: 8738.294
[2,  4580] loss: 60606.184
[2,  4600] loss: 1039577.679
[2,  4620] loss: 79189.432
[2,  4640] loss: 183904.712
[2,  4660] loss: 45834.925
[2,  4680] loss: 6397.149
[2,  4700] loss: 1827.809
[2,  4720] loss: 134.923
[2,  4740] loss: 93.895
[2,  4760] loss: 65.716
[2,  4780] loss: 75.687
[2,  4800] loss: 43.421
[2,  4820] loss: 47.894
[2,  4840] loss: 68.408
[2,  4860] loss: 50.278
[2,  4880] loss: 32.928
[2,  4900] loss: 30.399
[2,  4920] loss: 38.341
[2,  4940] loss: 39.282
[2,  4960] loss: 42.040
[2,  4980] loss: 55.818
[2,  5000] loss: 21.682
[2,  5020] loss: 24.914
[2,  5040] loss: 34.686
[2,  5060] loss: 21.450
[2,  5080] loss: 20.497
[2,  5100] loss: 36.004
[2,  5120] loss: 25.687
[2,  5140] loss: 27.544
[2,  5160] loss: 23.220
[2,  5180] loss: 18.580
[2,  5200] loss: 17.292
[2,  5220] loss: 22.953
[2,  5240] loss: 13.879
[2,  5260] loss: 23.618
[2,  5280] loss: 19.668
[2,  5300] loss: 20.594
[2,  5320] loss: 15.086
[2,  5340] loss: 20.856
[2,  5360] loss: 18.916
[2,  5380] loss: 27.223
[2,  5400] loss: 21.098
[2,  5420] loss: 16.122
[2,  5440] loss: 10.885
[2,  5460] loss: 15.997
[2,  5480] loss: 12.520
[2,  5500] loss: 17.072
[2,  5520] loss: 12.568
[2,  5540] loss: 16.953
[2,  5560] loss: 7.457
[2,  5580] loss: 13.209
[2,  5600] loss: 12.249
[2,  5620] loss: 11.790
[2,  5640] loss: 12.030
[2,  5660] loss: 17.152
[2,  5680] loss: 15.118
[2,  5700] loss: 12.912
[2,  5720] loss: 9.340
[2,  5740] loss: 16.995
[2,  5760] loss: 10.646
[2,  5780] loss: 17.253
[2,  5800] loss: 11.477
[2,  5820] loss: 11.333
[2,  5840] loss: 24.283
[2,  5860] loss: 12.883
[2,  5880] loss: 10.887
[2,  5900] loss: 5.305
[2,  5920] loss: 6.557
[2,  5940] loss: 10.711
[2,  5960] loss: 13.624
[2,  5980] loss: 16.207
[2,  6000] loss: 6.941
[2,  6020] loss: 8.347
[2,  6040] loss: 8.586
[2,  6060] loss: 10.771
[2,  6080] loss: 10.029
[2,  6100] loss: 6.553
[2,  6120] loss: 8.385
[2,  6140] loss: 8.326
[2,  6160] loss: 4.509
[2,  6180] loss: 5.951
[2,  6200] loss: 9.101
[2,  6220] loss: 6.292
[2,  6240] loss: 3.812
[2,  6260] loss: 9.016
[2,  6280] loss: 5.381
[2,  6300] loss: 9.613
[2,  6320] loss: 11.663
[2,  6340] loss: 4.940
[2,  6360] loss: 11.009
[2,  6380] loss: 8.013
[2,  6400] loss: 6.659
[2,  6420] loss: 7.803
[2,  6440] loss: 4.764
[2,  6460] loss: 4.750
[2,  6480] loss: 3.539
[2,  6500] loss: 2.767
[2,  6520] loss: 4.891
[2,  6540] loss: 3.922
[2,  6560] loss: 7.231
[2,  6580] loss: 3.814
[2,  6600] loss: 7.967
[2,  6620] loss: 6.289
[2,  6640] loss: 4.283
[2,  6660] loss: 1.592
[2,  6680] loss: 3.308
[2,  6700] loss: 6.075
[2,  6720] loss: 4.986
[2,  6740] loss: 3.131
[2,  6760] loss: 5.217
[2,  6780] loss: 5.475
[2,  6800] loss: 4.059
[2,  6820] loss: 5.796
[2,  6840] loss: 9.209
[2,  6860] loss: 2.782
[2,  6880] loss: 7.721
[2,  6900] loss: 6.986
[2,  6920] loss: 5.748
[2,  6940] loss: 3.823
[2,  6960] loss: 6.361
[2,  6980] loss: 3.486
[2,  7000] loss: 4.482
[2,  7020] loss: 4.006
[2,  7040] loss: 1.764
[2,  7060] loss: 4.686
[2,  7080] loss: 2.688
[2,  7100] loss: 3.153
[2,  7120] loss: 3.787
[2,  7140] loss: 4.199
[2,  7160] loss: 3.566
[2,  7180] loss: 2.585
[2,  7200] loss: 2.184
[2,  7220] loss: 2.776
[2,  7240] loss: 2.367
[2,  7260] loss: 3.078
[2,  7280] loss: 2.050
[2,  7300] loss: 2.351
[2,  7320] loss: 4.322
[2,  7340] loss: 2.459
[2,  7360] loss: 1.774
[2,  7380] loss: 3.663
[2,  7400] loss: 1.887
[2,  7420] loss: 3.064
[2,  7440] loss: 2.813
[2,  7460] loss: 2.261
[2,  7480] loss: 4.018
[2,  7500] loss: 1.795
[2,  7520] loss: 1.247
[2,  7540] loss: 3.774
[2,  7560] loss: 2.508
[2,  7580] loss: 2.177
[2,  7600] loss: 3.492
[2,  7620] loss: 1.778
[2,  7640] loss: 2.953
[2,  7660] loss: 1.624
[2,  7680] loss: 2.359
[2,  7700] loss: 2.191
[2,  7720] loss: 2.700
[2,  7740] loss: 2.665
[2,  7760] loss: 1.301
[2,  7780] loss: 2.883
[2,  7800] loss: 3.432
[2,  7820] loss: 3.306
[2,  7840] loss: 1.385
[2,  7860] loss: 2.398
[2,  7880] loss: 2.465
[2,  7900] loss: 2.118
[2,  7920] loss: 1.898
[2,  7940] loss: 1.513
[2,  7960] loss: 2.039
[2,  7980] loss: 1.828
[2,  8000] loss: 2.319
[2,  8020] loss: 2.077
[2,  8040] loss: 1.446
[2,  8060] loss: 1.230
[2,  8080] loss: 1.635
[2,  8100] loss: 2.612
[2,  8120] loss: 0.894
[2,  8140] loss: 2.565
[2,  8160] loss: 2.018
[2,  8180] loss: 1.774
[2,  8200] loss: 1.008
[2,  8220] loss: 1.801
[2,  8240] loss: 1.514
[2,  8260] loss: 1.355
[2,  8280] loss: 1.695
[2,  8300] loss: 1.104
[2,  8320] loss: 2.323
[2,  8340] loss: 1.064
[2,  8360] loss: 0.924
[2,  8380] loss: 1.410
[2,  8400] loss: 2.308
[2,  8420] loss: 0.592
[2,  8440] loss: 1.048
[2,  8460] loss: 0.938
[2,  8480] loss: 1.144
[2,  8500] loss: 1.169
[2,  8520] loss: 1.366
[2,  8540] loss: 1.147
[2,  8560] loss: 0.812
[2,  8580] loss: 1.549
[2,  8600] loss: 0.462
[2,  8620] loss: 0.850
[2,  8640] loss: 0.645
[2,  8660] loss: 1.244
[2,  8680] loss: 0.906
[2,  8700] loss: 1.289
[2,  8720] loss: 0.921
[2,  8740] loss: 0.793
[2,  8760] loss: 0.423
[2,  8780] loss: 0.845
[2,  8800] loss: 1.052
[2,  8820] loss: 0.787
[2,  8840] loss: 0.687
[2,  8860] loss: 1.408
[2,  8880] loss: 0.904
[2,  8900] loss: 1.206
[2,  8920] loss: 1.434
[2,  8940] loss: 0.937
[2,  8960] loss: 0.951
[2,  8980] loss: 0.571
[2,  9000] loss: 0.767
[2,  9020] loss: 0.835
[2,  9040] loss: 0.682
[2,  9060] loss: 0.906
[2,  9080] loss: 0.901
[2,  9100] loss: 0.424
[2,  9120] loss: 1.007
[2,  9140] loss: 0.705
[2,  9160] loss: 0.629
[2,  9180] loss: 0.736
[2,  9200] loss: 1.478
[2,  9220] loss: 0.768
[2,  9240] loss: 0.839
[2,  9260] loss: 0.973
[2,  9280] loss: 0.483
[2,  9300] loss: 1.367
[2,  9320] loss: 0.915
[2,  9340] loss: 0.501
[2,  9360] loss: 0.887
[2,  9380] loss: 0.470
[2,  9400] loss: 0.439
[2,  9420] loss: 0.563
[2,  9440] loss: 0.826
[2,  9460] loss: 0.680
[2,  9480] loss: 0.714
[2,  9500] loss: 0.855
[2,  9520] loss: 1.279
[2,  9540] loss: 0.928
[2,  9560] loss: 0.264
[2,  9580] loss: 0.653
[2,  9600] loss: 0.740
[2,  9620] loss: 0.228
[2,  9640] loss: 0.520
[2,  9660] loss: 0.490
[2,  9680] loss: 0.372
[2,  9700] loss: 0.613
[2,  9720] loss: 0.687
[2,  9740] loss: 1.177
[2,  9760] loss: 0.666
[2,  9780] loss: 0.752
[2,  9800] loss: 0.618
[2,  9820] loss: 1.032
[2,  9840] loss: 0.554
[2,  9860] loss: 0.569
[2,  9880] loss: 0.847
[2,  9900] loss: 0.817
[2,  9920] loss: 0.760
[2,  9940] loss: 0.606
[2,  9960] loss: 0.707
[2,  9980] loss: 0.445
[2, 10000] loss: 0.380
[2, 10020] loss: 0.503
[2, 10040] loss: 0.541
[2, 10060] loss: 0.629
[2, 10080] loss: 0.885
[2, 10100] loss: 0.526
[2, 10120] loss: 0.629
[2, 10140] loss: 0.446
[2, 10160] loss: 0.421
[2, 10180] loss: 0.441
[2, 10200] loss: 0.371
[2, 10220] loss: 0.747
[2, 10240] loss: 0.513
[2, 10260] loss: 0.565
[2, 10280] loss: 0.646
[2, 10300] loss: 0.670
[2, 10320] loss: 0.281
[2, 10340] loss: 0.450
[2, 10360] loss: 0.330
[2, 10380] loss: 0.577
[2, 10400] loss: 0.409
[2, 10420] loss: 0.410
[2, 10440] loss: 0.306
[2, 10460] loss: 0.422
[2, 10480] loss: 0.416
[2, 10500] loss: 0.283
[2, 10520] loss: 0.498
[2, 10540] loss: 0.593
[2, 10560] loss: 0.459
[2, 10580] loss: 0.236
[2, 10600] loss: 0.445
[2, 10620] loss: 0.466
[2, 10640] loss: 0.409
[2, 10660] loss: 0.347
[2, 10680] loss: 0.296
[2, 10700] loss: 0.142
[2, 10720] loss: 0.303
[2, 10740] loss: 0.367
[2, 10760] loss: 0.562
[2, 10780] loss: 0.268
[2, 10800] loss: 0.487
[2, 10820] loss: 0.460
[2, 10840] loss: 0.366
[2, 10860] loss: 0.447
[2, 10880] loss: 0.408
[2, 10900] loss: 0.420
[2, 10920] loss: 0.234
[2, 10940] loss: 0.239
[2, 10960] loss: 0.593
[2, 10980] loss: 0.468
[2, 11000] loss: 0.267
[2, 11020] loss: 0.377
[2, 11040] loss: 0.236
[2, 11060] loss: 0.527
[2, 11080] loss: 0.690
[2, 11100] loss: 1.234
[2, 11120] loss: 0.297
[2, 11140] loss: 0.340
[2, 11160] loss: 0.380
[2, 11180] loss: 0.250
[2, 11200] loss: 0.518
[2, 11220] loss: 0.257
[2, 11240] loss: 0.192
[2, 11260] loss: 0.242
[2, 11280] loss: 0.423
[2, 11300] loss: 0.254
[2, 11320] loss: 0.473
[2, 11340] loss: 0.165
[2, 11360] loss: 0.224
[2, 11380] loss: 0.167
[2, 11400] loss: 0.401
[2, 11420] loss: 0.515
[2, 11440] loss: 0.207
[2, 11460] loss: 0.367
[2, 11480] loss: 0.340
[2, 11500] loss: 0.193
[2, 11520] loss: 0.152
[2, 11540] loss: 0.146
[2, 11560] loss: 0.142
[2, 11580] loss: 0.198
[2, 11600] loss: 0.316
[2, 11620] loss: 0.158
[2, 11640] loss: 0.400
[2, 11660] loss: 0.459
[2, 11680] loss: 0.287
[2, 11700] loss: 0.259
[2, 11720] loss: 0.638
[2, 11740] loss: 1.133
[2, 11760] loss: 1.532
[2, 11780] loss: 0.713
[2, 11800] loss: 0.358
[2, 11820] loss: 0.679
[2, 11840] loss: 0.352
[2, 11860] loss: 0.604
[2, 11880] loss: 0.246
[2, 11900] loss: 0.125
[2, 11920] loss: 0.217
[2, 11940] loss: 0.226
[2, 11960] loss: 0.477
[2, 11980] loss: 0.392
[2, 12000] loss: 0.399
[2, 12020] loss: 0.303
[2, 12040] loss: 0.912
[2, 12060] loss: 0.883
[2, 12080] loss: 0.679
[2, 12100] loss: 0.412
[2, 12120] loss: 0.312
[2, 12140] loss: 0.336
[2, 12160] loss: 0.369
[2, 12180] loss: 0.390
[2, 12200] loss: 0.371
[2, 12220] loss: 0.285
[2, 12240] loss: 0.248
[2, 12260] loss: 0.216
[2, 12280] loss: 0.399
[2, 12300] loss: 0.524
[2, 12320] loss: 1.013
[2, 12340] loss: 1.008
[2, 12360] loss: 0.369
[2, 12380] loss: 0.197
[2, 12400] loss: 0.522
[2, 12420] loss: 0.214
[2, 12440] loss: 0.202
[2, 12460] loss: 0.309
[2, 12480] loss: 0.334
[2, 12500] loss: 0.183
[2, 12520] loss: 0.310
[2, 12540] loss: 0.302
[2, 12560] loss: 0.419
[2, 12580] loss: 0.300
[2, 12600] loss: 1.090
[2, 12620] loss: 0.210
[2, 12640] loss: 0.316
[2, 12660] loss: 0.191
[2, 12680] loss: 0.227
[2, 12700] loss: 0.230
[2, 12720] loss: 0.378
[2, 12740] loss: 0.292
[2, 12760] loss: 0.131
[2, 12780] loss: 0.147
[2, 12800] loss: 0.328
[2, 12820] loss: 0.867
[2, 12840] loss: 0.649
[2, 12860] loss: 0.459
[2, 12880] loss: 0.479
[2, 12900] loss: 0.876
[2, 12920] loss: 0.527
[2, 12940] loss: 0.381
[2, 12960] loss: 0.300
[2, 12980] loss: 0.175
[2, 13000] loss: 0.453
[2, 13020] loss: 0.328
[2, 13040] loss: 0.588
[2, 13060] loss: 0.545
[2, 13080] loss: 0.481
[2, 13100] loss: 0.770
[2, 13120] loss: 1.281
[2, 13140] loss: 1.315
[2, 13160] loss: 1.584
[2, 13180] loss: 0.712
[2, 13200] loss: 0.779
[2, 13220] loss: 0.602
[2, 13240] loss: 0.380
[2, 13260] loss: 0.474
[2, 13280] loss: 0.510
[2, 13300] loss: 0.300
[2, 13320] loss: 0.265
[2, 13340] loss: 0.125
[2, 13360] loss: 0.493
[2, 13380] loss: 0.447
[2, 13400] loss: 0.502
[2, 13420] loss: 0.549
[2, 13440] loss: 0.344
[2, 13460] loss: 0.568
[2, 13480] loss: 1.011
[2, 13500] loss: 0.393
[2, 13520] loss: 0.437
[2, 13540] loss: 0.222
[2, 13560] loss: 0.109
[2, 13580] loss: 0.268
[2, 13600] loss: 0.168
[2, 13620] loss: 0.096
[2, 13640] loss: 0.358
[2, 13660] loss: 0.276
[2, 13680] loss: 0.271
[2, 13700] loss: 0.200
[2, 13720] loss: 0.251
[2, 13740] loss: 0.318
[2, 13760] loss: 0.426
[2, 13780] loss: 0.524
[2, 13800] loss: 0.273
[2, 13820] loss: 0.568
[2, 13840] loss: 0.653
[2, 13860] loss: 0.306
[2, 13880] loss: 0.423
[2, 13900] loss: 0.394
[2, 13920] loss: 0.219
[2, 13940] loss: 0.218
[2, 13960] loss: 0.162
[2, 13980] loss: 0.210
[2, 14000] loss: 0.381
[2, 14020] loss: 0.539
[2, 14040] loss: 0.470
[2, 14060] loss: 0.552
[2, 14080] loss: 0.278
[2, 14100] loss: 0.524
[2, 14120] loss: 0.202
[2, 14140] loss: 0.300
[2, 14160] loss: 0.286
[2, 14180] loss: 0.137
[2, 14200] loss: 0.062
[2, 14220] loss: 0.089
[2, 14240] loss: 0.460
[2, 14260] loss: 0.442
[2, 14280] loss: 0.331
[2, 14300] loss: 0.589
[2, 14320] loss: 0.347
[2, 14340] loss: 0.185
[2, 14360] loss: 0.130
[2, 14380] loss: 0.136
[2, 14400] loss: 0.142
[2, 14420] loss: 0.142
[2, 14440] loss: 0.419
[2, 14460] loss: 0.563
[2, 14480] loss: 1.051
[2, 14500] loss: 0.591
[2, 14520] loss: 0.552
[2, 14540] loss: 0.232
[2, 14560] loss: 0.185
[2, 14580] loss: 0.222
[2, 14600] loss: 0.188
[2, 14620] loss: 0.426
[2, 14640] loss: 0.174
[2, 14660] loss: 0.269
[2, 14680] loss: 0.236
[2, 14700] loss: 0.102
[2, 14720] loss: 0.063
[2, 14740] loss: 0.143
[2, 14760] loss: 0.280
[2, 14780] loss: 0.296
[2, 14800] loss: 0.083
[2, 14820] loss: 0.235
[2, 14840] loss: 0.114
[2, 14860] loss: 0.165
[2, 14880] loss: 0.263
[2, 14900] loss: 0.231
[2, 14920] loss: 0.188
[2, 14940] loss: 0.375
[2, 14960] loss: 0.216
[2, 14980] loss: 0.425
[2, 15000] loss: 0.867
[2, 15020] loss: 1.883
[2, 15040] loss: 1.219
[2, 15060] loss: 1.528
[2, 15080] loss: 0.819
[2, 15100] loss: 0.988
[2, 15120] loss: 0.608
[2, 15140] loss: 0.420
[2, 15160] loss: 0.184
[2, 15180] loss: 0.201
[2, 15200] loss: 0.338
[2, 15220] loss: 0.225
[2, 15240] loss: 0.209
[2, 15260] loss: 0.223
[2, 15280] loss: 0.094
[2, 15300] loss: 0.074
[2, 15320] loss: 0.041
[2, 15340] loss: 0.221
[2, 15360] loss: 0.289
[2, 15380] loss: 0.272
[2, 15400] loss: 0.153
[2, 15420] loss: 0.217
[2, 15440] loss: 0.101
[2, 15460] loss: 0.186
[2, 15480] loss: 0.241
[2, 15500] loss: 0.132
[2, 15520] loss: 0.161
[2, 15540] loss: 0.319
[2, 15560] loss: 0.238
[2, 15580] loss: 0.170
[2, 15600] loss: 0.177
[2, 15620] loss: 0.076
[2, 15640] loss: 0.267
[2, 15660] loss: 0.157
[2, 15680] loss: 0.125
[2, 15700] loss: 0.124
[2, 15720] loss: 0.135
[2, 15740] loss: 0.157
[2, 15760] loss: 0.159
[2, 15780] loss: 0.251
[2, 15800] loss: 0.126
[2, 15820] loss: 0.109
[2, 15840] loss: 0.338
[2, 15860] loss: 0.231
[2, 15880] loss: 0.388
[2, 15900] loss: 0.340
[2, 15920] loss: 0.189
[2, 15940] loss: 0.103
[2, 15960] loss: 0.149
[2, 15980] loss: 0.143
[2, 16000] loss: 0.100
[2, 16020] loss: 0.098
[2, 16040] loss: 0.038
[2, 16060] loss: 0.046
[2, 16080] loss: 0.100
[2, 16100] loss: 0.046
[2, 16120] loss: 0.159
[2, 16140] loss: 0.068
[2, 16160] loss: 0.191
[2, 16180] loss: 0.101
[2, 16200] loss: 0.056
[2, 16220] loss: 0.206
[2, 16240] loss: 0.215
[2, 16260] loss: 0.109
[2, 16280] loss: 0.101
[2, 16300] loss: 0.097
[2, 16320] loss: 0.062
[2, 16340] loss: 0.062
[2, 16360] loss: 0.402
[2, 16380] loss: 0.148
[2, 16400] loss: 0.113
[2, 16420] loss: 0.114
[2, 16440] loss: 0.158
[2, 16460] loss: 0.095
[2, 16480] loss: 0.044
[2, 16500] loss: 0.116
[2, 16520] loss: 0.098
[2, 16540] loss: 0.150
[2, 16560] loss: 0.138
[2, 16580] loss: 0.119
[2, 16600] loss: 0.328
[2, 16620] loss: 0.743
[2, 16640] loss: 0.208
[2, 16660] loss: 0.171
[2, 16680] loss: 0.212
[2, 16700] loss: 0.232
[2, 16720] loss: 0.519
[2, 16740] loss: 0.430
[2, 16760] loss: 0.171
[2, 16780] loss: 0.125
[2, 16800] loss: 0.150
[2, 16820] loss: 0.163
[2, 16840] loss: 0.073
[2, 16860] loss: 0.105
[2, 16880] loss: 0.090
[2, 16900] loss: 0.094
[2, 16920] loss: 0.103
[2, 16940] loss: 0.080
[2, 16960] loss: 0.188
[2, 16980] loss: 0.139
[2, 17000] loss: 0.103
[2, 17020] loss: 0.106
[2, 17040] loss: 0.181
[2, 17060] loss: 0.134
[2, 17080] loss: 0.092
[2, 17100] loss: 0.159
[2, 17120] loss: 0.219
[2, 17140] loss: 0.207
[2, 17160] loss: 0.171
[2, 17180] loss: 0.124
[2, 17200] loss: 0.118
[2, 17220] loss: 0.203
[2, 17240] loss: 0.077
[2, 17260] loss: 0.062
[2, 17280] loss: 0.040
[2, 17300] loss: 0.332
[2, 17320] loss: 0.115
[2, 17340] loss: 0.115
[2, 17360] loss: 0.361
[2, 17380] loss: 0.090
[2, 17400] loss: 0.165
[2, 17420] loss: 0.093
[2, 17440] loss: 0.143
[2, 17460] loss: 0.154
[2, 17480] loss: 0.066
[2, 17500] loss: 0.129
[2, 17520] loss: 0.120
[2, 17540] loss: 0.059
[2, 17560] loss: 0.069
[2, 17580] loss: 0.054
[2, 17600] loss: 0.086
[2, 17620] loss: 0.229
[2, 17640] loss: 0.173
[2, 17660] loss: 0.117
[2, 17680] loss: 0.054
[2, 17700] loss: 0.110
[2, 17720] loss: 0.148
[2, 17740] loss: 0.121
[2, 17760] loss: 0.073
[2, 17780] loss: 0.139
[2, 17800] loss: 0.146
[2, 17820] loss: 0.274
[2, 17840] loss: 1.090
[2, 17860] loss: 1.736
[2, 17880] loss: 5119.140
[2, 17900] loss: 42670.736
[2, 17920] loss: 14121.004
[2, 17940] loss: 2887.100
[2, 17960] loss: 159.963
[2, 17980] loss: 35.790
[2, 18000] loss: 26.877
[2, 18020] loss: 17.596
[2, 18040] loss: 11.428
[2, 18060] loss: 8.287
[2, 18080] loss: 8.166
[2, 18100] loss: 12.108
[2, 18120] loss: 8.639
[2, 18140] loss: 6.709
[2, 18160] loss: 7.420
[2, 18180] loss: 16.134
[2, 18200] loss: 10.921
[2, 18220] loss: 5.148
[2, 18240] loss: 4.759
[2, 18260] loss: 5.401
[2, 18280] loss: 3.384
[2, 18300] loss: 3.020
[2, 18320] loss: 4.489
[2, 18340] loss: 2.990
[2, 18360] loss: 3.552
[2, 18380] loss: 4.607
[2, 18400] loss: 3.918
[2, 18420] loss: 3.165
[2, 18440] loss: 7.254
[2, 18460] loss: 2.509
[2, 18480] loss: 5.077
[2, 18500] loss: 2.102
[2, 18520] loss: 2.950
[2, 18540] loss: 5.812
[2, 18560] loss: 1.948
[2, 18580] loss: 2.641
[2, 18600] loss: 2.243
[2, 18620] loss: 2.213
[2, 18640] loss: 2.171
[2, 18660] loss: 5.223
[2, 18680] loss: 3.718
[2, 18700] loss: 1.842
[2, 18720] loss: 3.581
[2, 18740] loss: 2.299
[2, 18760] loss: 0.947
[2, 18780] loss: 1.352
[2, 18800] loss: 1.868
[2, 18820] loss: 3.228
[2, 18840] loss: 2.153
[2, 18860] loss: 1.554
[2, 18880] loss: 3.365
[2, 18900] loss: 1.777
[2, 18920] loss: 3.205
[2, 18940] loss: 1.467
[2, 18960] loss: 1.424
[2, 18980] loss: 1.266
[2, 19000] loss: 0.815
[2, 19020] loss: 1.956
[2, 19040] loss: 3.050
[2, 19060] loss: 2.455
[2, 19080] loss: 1.544
[2, 19100] loss: 1.667
[2, 19120] loss: 1.328
[2, 19140] loss: 1.106
[2, 19160] loss: 1.516
[2, 19180] loss: 1.549
[2, 19200] loss: 0.991
[2, 19220] loss: 0.539
[2, 19240] loss: 1.635
[2, 19260] loss: 1.420
[2, 19280] loss: 1.744
[2, 19300] loss: 1.223
[2, 19320] loss: 1.560
[2, 19340] loss: 1.492
[2, 19360] loss: 1.623
[2, 19380] loss: 1.611
[2, 19400] loss: 0.910
[2, 19420] loss: 0.976
[2, 19440] loss: 1.863
[2, 19460] loss: 1.432
[2, 19480] loss: 1.273
[2, 19500] loss: 0.697
[2, 19520] loss: 0.913
[2, 19540] loss: 1.517
[2, 19560] loss: 0.705
[2, 19580] loss: 0.855
[2, 19600] loss: 1.749
[2, 19620] loss: 0.899
[2, 19640] loss: 0.827
[2, 19660] loss: 1.032
[2, 19680] loss: 0.575
[2, 19700] loss: 1.399
[2, 19720] loss: 0.888
[2, 19740] loss: 0.640
[2, 19760] loss: 0.653
[2, 19780] loss: 0.605
[2, 19800] loss: 1.181
[2, 19820] loss: 0.534
[2, 19840] loss: 0.550
[2, 19860] loss: 1.249
[2, 19880] loss: 0.504
[2, 19900] loss: 1.255
[2, 19920] loss: 0.587
[2, 19940] loss: 1.390
[2, 19960] loss: 0.830
[2, 19980] loss: 0.770
[2, 20000] loss: 0.729
[2, 20020] loss: 0.636
[2, 20040] loss: 0.384
[2, 20060] loss: 0.969
[2, 20080] loss: 0.747
[2, 20100] loss: 0.606
[2, 20120] loss: 0.500
[2, 20140] loss: 0.684
[2, 20160] loss: 0.741
[2, 20180] loss: 0.996
[2, 20200] loss: 0.502
[2, 20220] loss: 0.548
[2, 20240] loss: 0.513
[2, 20260] loss: 0.380
[2, 20280] loss: 0.695
[2, 20300] loss: 0.415
[2, 20320] loss: 0.438
[2, 20340] loss: 0.506
[2, 20360] loss: 0.825
[2, 20380] loss: 0.515
[2, 20400] loss: 0.677
[2, 20420] loss: 0.437
[2, 20440] loss: 0.452
[2, 20460] loss: 0.310
[2, 20480] loss: 0.425
[2, 20500] loss: 0.375
[2, 20520] loss: 0.872
[2, 20540] loss: 0.488
[2, 20560] loss: 0.317
[2, 20580] loss: 0.529
[2, 20600] loss: 0.514
[2, 20620] loss: 0.405
[2, 20640] loss: 0.211
[2, 20660] loss: 0.289
[2, 20680] loss: 0.654
[2, 20700] loss: 0.369
[2, 20720] loss: 0.891
[2, 20740] loss: 0.389
[2, 20760] loss: 0.417
[2, 20780] loss: 0.215
[2, 20800] loss: 0.474
[2, 20820] loss: 0.471
[2, 20840] loss: 0.594
[2, 20860] loss: 0.359
[2, 20880] loss: 0.218
[2, 20900] loss: 0.408
[2, 20920] loss: 0.289
[2, 20940] loss: 0.243
[2, 20960] loss: 0.153
[2, 20980] loss: 0.491
[2, 21000] loss: 0.352
[2, 21020] loss: 0.579
[2, 21040] loss: 0.594
[2, 21060] loss: 0.247
[2, 21080] loss: 0.341
[2, 21100] loss: 0.700
[2, 21120] loss: 0.513
[2, 21140] loss: 0.269
[2, 21160] loss: 0.209
[2, 21180] loss: 0.294
[2, 21200] loss: 0.381
[2, 21220] loss: 0.282
[2, 21240] loss: 0.478
[2, 21260] loss: 0.797
[2, 21280] loss: 0.223
[2, 21300] loss: 0.367
[2, 21320] loss: 0.387
[2, 21340] loss: 0.283
[2, 21360] loss: 0.613
[2, 21380] loss: 0.245
[2, 21400] loss: 0.222
[2, 21420] loss: 0.282
[2, 21440] loss: 0.399
[2, 21460] loss: 0.565
[2, 21480] loss: 0.315
[2, 21500] loss: 0.519
[2, 21520] loss: 0.309
[2, 21540] loss: 0.217
[2, 21560] loss: 0.281
[2, 21580] loss: 0.685
[2, 21600] loss: 0.290
[2, 21620] loss: 0.404
[2, 21640] loss: 0.311
[2, 21660] loss: 0.176
[2, 21680] loss: 0.283
[2, 21700] loss: 0.209
[2, 21720] loss: 0.276
[2, 21740] loss: 0.272
[2, 21760] loss: 0.333
[2, 21780] loss: 0.424
[2, 21800] loss: 0.199
[2, 21820] loss: 0.153
[2, 21840] loss: 0.312
[2, 21860] loss: 0.228
[2, 21880] loss: 0.262
[2, 21900] loss: 0.236
[2, 21920] loss: 0.145
[2, 21940] loss: 0.146
[2, 21960] loss: 0.112
[2, 21980] loss: 0.959
[2, 22000] loss: 0.436
[2, 22020] loss: 0.118
[2, 22040] loss: 0.117
[2, 22060] loss: 0.166
[2, 22080] loss: 0.296
[2, 22100] loss: 0.203
[2, 22120] loss: 0.382
[2, 22140] loss: 0.400
[2, 22160] loss: 0.390
[2, 22180] loss: 0.141
[2, 22200] loss: 0.141
[2, 22220] loss: 0.145
[2, 22240] loss: 0.119
[2, 22260] loss: 0.143
[2, 22280] loss: 0.168
[2, 22300] loss: 0.227
[2, 22320] loss: 0.329
[2, 22340] loss: 0.155
[2, 22360] loss: 0.274
[2, 22380] loss: 0.343
[2, 22400] loss: 0.353
[2, 22420] loss: 0.165
[2, 22440] loss: 0.545
[2, 22460] loss: 0.149
[2, 22480] loss: 0.340
[2, 22500] loss: 0.191
[2, 22520] loss: 0.202
[2, 22540] loss: 0.084
[2, 22560] loss: 0.061
[2, 22580] loss: 0.206
[2, 22600] loss: 0.130
[2, 22620] loss: 0.171
[2, 22640] loss: 0.400
[2, 22660] loss: 0.289
[2, 22680] loss: 0.206
[2, 22700] loss: 0.137
[2, 22720] loss: 0.154
[2, 22740] loss: 0.206
[2, 22760] loss: 0.114
[2, 22780] loss: 0.147
[2, 22800] loss: 0.238
[2, 22820] loss: 0.143
[2, 22840] loss: 0.108
[2, 22860] loss: 0.094
[2, 22880] loss: 0.388
[2, 22900] loss: 0.228
[2, 22920] loss: 0.451
[2, 22940] loss: 0.252
[2, 22960] loss: 0.209
[2, 22980] loss: 0.115
[2, 23000] loss: 0.146
[2, 23020] loss: 0.118
[2, 23040] loss: 0.176
[2, 23060] loss: 0.144
[2, 23080] loss: 0.181
[2, 23100] loss: 0.207
[2, 23120] loss: 0.202
[2, 23140] loss: 0.248
[2, 23160] loss: 0.134
[2, 23180] loss: 0.383
[2, 23200] loss: 0.278
[2, 23220] loss: 0.168
[2, 23240] loss: 0.134
[2, 23260] loss: 0.438
[2, 23280] loss: 0.153
[2, 23300] loss: 0.179
[2, 23320] loss: 0.186
[2, 23340] loss: 0.118
[2, 23360] loss: 0.091
[2, 23380] loss: 0.129
[2, 23400] loss: 0.124
[2, 23420] loss: 0.120
[2, 23440] loss: 0.127
[2, 23460] loss: 0.105
[2, 23480] loss: 0.105
[2, 23500] loss: 0.158
[2, 23520] loss: 0.188
[2, 23540] loss: 0.107
[2, 23560] loss: 0.156
[2, 23580] loss: 0.121
[2, 23600] loss: 0.200
[2, 23620] loss: 0.234
[2, 23640] loss: 0.463
[2, 23660] loss: 0.234
[2, 23680] loss: 0.070
[2, 23700] loss: 0.190
[2, 23720] loss: 0.269
[2, 23740] loss: 0.129
[2, 23760] loss: 0.082
[2, 23780] loss: 0.080
[2, 23800] loss: 0.395
[2, 23820] loss: 0.473
[2, 23840] loss: 0.202
[2, 23860] loss: 0.145
[2, 23880] loss: 0.182
[2, 23900] loss: 0.194
[2, 23920] loss: 0.244
[2, 23940] loss: 0.106
[2, 23960] loss: 0.257
[2, 23980] loss: 0.083
[2, 24000] loss: 0.067
[2, 24020] loss: 0.118
[2, 24040] loss: 0.120
[2, 24060] loss: 0.056
[2, 24080] loss: 0.128
[2, 24100] loss: 0.085
[2, 24120] loss: 0.074
[2, 24140] loss: 0.245
[2, 24160] loss: 0.101
[2, 24180] loss: 0.141
[2, 24200] loss: 0.209
[2, 24220] loss: 0.117
[2, 24240] loss: 0.299
[2, 24260] loss: 0.050
[2, 24280] loss: 0.109
[2, 24300] loss: 0.058
[2, 24320] loss: 0.145
[2, 24340] loss: 0.232
[2, 24360] loss: 0.363
[2, 24380] loss: 0.322
[2, 24400] loss: 0.277
[2, 24420] loss: 0.243
[2, 24440] loss: 0.116
[2, 24460] loss: 0.136
[2, 24480] loss: 0.183
[2, 24500] loss: 0.112
[2, 24520] loss: 0.195
[2, 24540] loss: 0.199
[2, 24560] loss: 0.063
[2, 24580] loss: 0.236
[2, 24600] loss: 0.191
[2, 24620] loss: 0.182
[2, 24640] loss: 0.132
[2, 24660] loss: 0.072
[2, 24680] loss: 0.203
[2, 24700] loss: 0.202
[2, 24720] loss: 0.336
[2, 24740] loss: 0.329
[2, 24760] loss: 0.158
[2, 24780] loss: 0.132
[2, 24800] loss: 0.163
[2, 24820] loss: 0.237
[2, 24840] loss: 0.229
[2, 24860] loss: 0.345
[2, 24880] loss: 0.529
[2, 24900] loss: 0.161
[2, 24920] loss: 0.350
[2, 24940] loss: 0.221
[2, 24960] loss: 0.384
[2, 24980] loss: 0.115
[2, 25000] loss: 0.181
[2, 25020] loss: 0.120
[2, 25040] loss: 0.189
[2, 25060] loss: 0.128
[2, 25080] loss: 0.127
[2, 25100] loss: 0.135
[2, 25120] loss: 0.125
[2, 25140] loss: 0.085
[2, 25160] loss: 0.088
[2, 25180] loss: 0.121
[2, 25200] loss: 0.040
[2, 25220] loss: 0.040
[2, 25240] loss: 0.091
[2, 25260] loss: 0.195
[2, 25280] loss: 0.109
[2, 25300] loss: 0.105
[2, 25320] loss: 0.224
[2, 25340] loss: 0.135
[2, 25360] loss: 0.063
[2, 25380] loss: 0.075
[2, 25400] loss: 0.109
[2, 25420] loss: 0.092
[2, 25440] loss: 0.262
[2, 25460] loss: 0.300
[2, 25480] loss: 0.093
[2, 25500] loss: 0.208
[2, 25520] loss: 0.138
[2, 25540] loss: 0.085
[2, 25560] loss: 0.295
[2, 25580] loss: 0.231
[2, 25600] loss: 0.136
[2, 25620] loss: 0.107
[2, 25640] loss: 0.137
[2, 25660] loss: 0.200
[2, 25680] loss: 0.148
[2, 25700] loss: 0.100
[2, 25720] loss: 0.080
[2, 25740] loss: 0.078
[2, 25760] loss: 0.073
[2, 25780] loss: 0.064
[2, 25800] loss: 0.111
[2, 25820] loss: 0.131
[2, 25840] loss: 0.129
[2, 25860] loss: 0.178
[2, 25880] loss: 0.082
[2, 25900] loss: 0.162
[2, 25920] loss: 0.061
[2, 25940] loss: 0.058
[2, 25960] loss: 0.084
[2, 25980] loss: 0.143
[2, 26000] loss: 0.260
[2, 26020] loss: 0.180
[2, 26040] loss: 0.180
[2, 26060] loss: 0.289
[2, 26080] loss: 0.145
[2, 26100] loss: 0.040
[2, 26120] loss: 0.081
[2, 26140] loss: 0.068
[2, 26160] loss: 0.031
[2, 26180] loss: 0.066
[2, 26200] loss: 0.068
[2, 26220] loss: 0.034
[2, 26240] loss: 0.135
[2, 26260] loss: 0.491
[2, 26280] loss: 0.290
[2, 26300] loss: 0.123
[2, 26320] loss: 0.098
[2, 26340] loss: 0.193
[2, 26360] loss: 0.127
[2, 26380] loss: 0.166
[2, 26400] loss: 0.370
[2, 26420] loss: 0.153
[2, 26440] loss: 0.062
[2, 26460] loss: 0.239
[2, 26480] loss: 0.236
[2, 26500] loss: 0.048
[2, 26520] loss: 0.067
[2, 26540] loss: 0.062
[2, 26560] loss: 0.085
[2, 26580] loss: 0.202
[2, 26600] loss: 0.275
[2, 26620] loss: 0.060
[2, 26640] loss: 0.040
[2, 26660] loss: 0.071
[2, 26680] loss: 0.094
[2, 26700] loss: 0.071
[2, 26720] loss: 0.095
[2, 26740] loss: 0.077
[2, 26760] loss: 0.060
[2, 26780] loss: 0.120
[2, 26800] loss: 0.140
[2, 26820] loss: 0.185
[2, 26840] loss: 0.247
[2, 26860] loss: 0.087
[2, 26880] loss: 0.065
[2, 26900] loss: 0.043
[2, 26920] loss: 0.134
[2, 26940] loss: 0.063
[2, 26960] loss: 0.170
[2, 26980] loss: 0.314
[2, 27000] loss: 0.223
[2, 27020] loss: 0.155
[2, 27040] loss: 0.089
[2, 27060] loss: 0.042
[2, 27080] loss: 0.071
[2, 27100] loss: 0.259
[2, 27120] loss: 0.221
[2, 27140] loss: 0.137
[2, 27160] loss: 0.288
[2, 27180] loss: 0.110
[2, 27200] loss: 0.065
[2, 27220] loss: 0.050
[2, 27240] loss: 0.059
[2, 27260] loss: 0.188
[2, 27280] loss: 0.136
[2, 27300] loss: 0.072
[2, 27320] loss: 0.027
[2, 27340] loss: 0.178
[2, 27360] loss: 0.162
[2, 27380] loss: 0.086
[2, 27400] loss: 0.059
[2, 27420] loss: 0.053
[2, 27440] loss: 0.217
[2, 27460] loss: 0.175
[2, 27480] loss: 0.113
[2, 27500] loss: 0.066
[2, 27520] loss: 0.081
[2, 27540] loss: 0.117
[2, 27560] loss: 0.069
[2, 27580] loss: 0.152
[2, 27600] loss: 0.274
[2, 27620] loss: 0.059
[2, 27640] loss: 0.059
[2, 27660] loss: 0.051
[2, 27680] loss: 0.043
[2, 27700] loss: 0.235
[2, 27720] loss: 0.214
[2, 27740] loss: 0.161
[2, 27760] loss: 0.132
[2, 27780] loss: 0.141
[2, 27800] loss: 0.289
[2, 27820] loss: 0.298
[2, 27840] loss: 0.343
[2, 27860] loss: 0.201
[2, 27880] loss: 0.034
[2, 27900] loss: 0.050
[2, 27920] loss: 0.145
[2, 27940] loss: 0.093
[2, 27960] loss: 0.088
[2, 27980] loss: 0.071
[2, 28000] loss: 0.052
[2, 28020] loss: 0.211
[2, 28040] loss: 0.022
[2, 28060] loss: 0.148
[2, 28080] loss: 0.084
[2, 28100] loss: 0.141
[2, 28120] loss: 0.104
[2, 28140] loss: 0.181
[2, 28160] loss: 0.059
[2, 28180] loss: 0.126
[2, 28200] loss: 0.025
[2, 28220] loss: 0.081
[2, 28240] loss: 0.268
[2, 28260] loss: 0.346
[2, 28280] loss: 0.053
[2, 28300] loss: 0.142
[2, 28320] loss: 0.064
[2, 28340] loss: 0.101
[2, 28360] loss: 0.168
[2, 28380] loss: 0.097
[2, 28400] loss: 0.109
[2, 28420] loss: 0.079
[2, 28440] loss: 0.130
[2, 28460] loss: 0.173
[2, 28480] loss: 0.104
[2, 28500] loss: 0.404
[2, 28520] loss: 0.171
[2, 28540] loss: 0.167
[2, 28560] loss: 0.091
[2, 28580] loss: 0.068
[2, 28600] loss: 0.106
[2, 28620] loss: 0.553
[2, 28640] loss: 0.144
[2, 28660] loss: 0.069
[2, 28680] loss: 0.109
[2, 28700] loss: 0.083
[2, 28720] loss: 0.064
[2, 28740] loss: 0.040
[2, 28760] loss: 0.030
[2, 28780] loss: 0.043
[2, 28800] loss: 0.038
[2, 28820] loss: 0.269
[2, 28840] loss: 0.042
[2, 28860] loss: 0.087
[2, 28880] loss: 0.080
[2, 28900] loss: 0.050
[2, 28920] loss: 0.020
[2, 28940] loss: 0.042
[2, 28960] loss: 0.101
[2, 28980] loss: 0.019
[2, 29000] loss: 0.100
[2, 29020] loss: 0.064
[2, 29040] loss: 0.039
[2, 29060] loss: 0.055
[2, 29080] loss: 0.102
[2, 29100] loss: 0.083
[2, 29120] loss: 0.188
[2, 29140] loss: 0.019
[2, 29160] loss: 0.040
[2, 29180] loss: 0.103
[2, 29200] loss: 0.097
[2, 29220] loss: 0.082
[2, 29240] loss: 0.111
[2, 29260] loss: 0.292
[2, 29280] loss: 0.151
[2, 29300] loss: 0.073
[2, 29320] loss: 0.103
[2, 29340] loss: 0.044
[2, 29360] loss: 0.099
[2, 29380] loss: 0.044
[2, 29400] loss: 0.114
[2, 29420] loss: 0.103
[2, 29440] loss: 0.301
[2, 29460] loss: 0.044
[2, 29480] loss: 0.056
[2, 29500] loss: 0.047
[2, 29520] loss: 0.037
[2, 29540] loss: 0.027
[2, 29560] loss: 0.058
[2, 29580] loss: 0.116
[2, 29600] loss: 0.071
[2, 29620] loss: 0.094
[2, 29640] loss: 0.177
[2, 29660] loss: 0.053
[2, 29680] loss: 0.035
[2, 29700] loss: 0.066
[2, 29720] loss: 0.092
[2, 29740] loss: 0.133
[2, 29760] loss: 0.366
[2, 29780] loss: 0.135
[2, 29800] loss: 0.109
[2, 29820] loss: 0.135
[2, 29840] loss: 0.042
[2, 29860] loss: 0.064
[2, 29880] loss: 0.104
[2, 29900] loss: 0.028
[2, 29920] loss: 0.056
[2, 29940] loss: 0.334
[2, 29960] loss: 0.162
[2, 29980] loss: 0.060
[2, 30000] loss: 0.065
[2, 30020] loss: 0.096
[2, 30040] loss: 0.136
[2, 30060] loss: 0.117
[2, 30080] loss: 0.239
[2, 30100] loss: 0.058
[2, 30120] loss: 0.043
[2, 30140] loss: 0.133
[2, 30160] loss: 0.102
[2, 30180] loss: 0.053
[2, 30200] loss: 0.164
[2, 30220] loss: 0.068
[2, 30240] loss: 0.055
[2, 30260] loss: 0.050
[2, 30280] loss: 0.041
[2, 30300] loss: 0.091
[2, 30320] loss: 0.018
[2, 30340] loss: 0.070
[2, 30360] loss: 0.246
[2, 30380] loss: 0.469
[2, 30400] loss: 0.146
[2, 30420] loss: 0.093
[1,    20] loss: 0.066
[1,    40] loss: 0.033
[1,    60] loss: 0.023
[1,    80] loss: 0.019
[1,   100] loss: 0.016
[1,   120] loss: 0.014
[1,   140] loss: 0.012
[1,   160] loss: 0.012
[1,   180] loss: 0.011
[1,   200] loss: 0.010
[1,   220] loss: 0.017
[1,   240] loss: 0.022
[1,   260] loss: 0.021
[1,   280] loss: 0.020
[1,   300] loss: 0.019
[1,   320] loss: 0.018
[1,   340] loss: 0.017
[1,   360] loss: 0.017
[1,   380] loss: 0.017
[1,   400] loss: 0.016
[1,   420] loss: 0.016
[1,   440] loss: 0.015
[1,   460] loss: 0.015
[1,   480] loss: 0.017
[1,   500] loss: 0.018
[1,   520] loss: 0.019
[1,   540] loss: 0.020
[1,   560] loss: 0.022
[1,   580] loss: 0.024
[1,   600] loss: 0.027
[1,   620] loss: 0.029
[1,   640] loss: 0.037
[1,   660] loss: 0.044
[1,   680] loss: 0.047
[1,   700] loss: 0.049
[1,   720] loss: 0.052
[1,   740] loss: 0.054
[1,   760] loss: 0.055
[1,   780] loss: 0.057
[1,   800] loss: 0.059
[1,   820] loss: 0.061
[1,   840] loss: 0.062
[1,   860] loss: 0.062
[1,   880] loss: 0.064
[1,   900] loss: 0.064
[1,   920] loss: 0.063
[1,   940] loss: 0.063
[1,   960] loss: 0.064
[1,   980] loss: 0.065
[1,  1000] loss: 0.066
[1,  1020] loss: 0.068
[1,  1040] loss: 0.069
[1,  1060] loss: 0.071
[1,  1080] loss: 0.072
[1,  1100] loss: 0.073
[1,  1120] loss: 0.075
[1,  1140] loss: 0.075
[1,  1160] loss: 0.076
[1,  1180] loss: 0.077
[1,  1200] loss: 0.078
[1,  1220] loss: 0.080
[1,  1240] loss: 0.081
[1,  1260] loss: 0.082
[1,  1280] loss: 0.083
[1,  1300] loss: 0.084
[1,  1320] loss: 0.085
[1,  1340] loss: 0.085
[1,  1360] loss: 0.087
[1,  1380] loss: 0.088
[1,  1400] loss: 0.090
[1,  1420] loss: 0.092
[1,  1440] loss: 0.094
[1,  1460] loss: 0.096
[1,  1480] loss: 0.098
[1,  1500] loss: 0.100
[1,  1520] loss: 0.102
[1,  1540] loss: 0.104
[1,  1560] loss: 0.106
[1,  1580] loss: 0.108
[1,  1600] loss: 0.110
[1,  1620] loss: 0.112
[1,  1640] loss: 0.114
[1,  1660] loss: 0.116
[1,  1680] loss: 0.118
[1,  1700] loss: 0.120
[1,  1720] loss: 0.121
[1,  1740] loss: 0.123
[1,  1760] loss: 0.125
[1,  1780] loss: 0.127
[1,  1800] loss: 0.129
[1,  1820] loss: 0.131
[1,  1840] loss: 0.133
[1,  1860] loss: 0.134
[1,  1880] loss: 0.135
[1,  1900] loss: 0.137
[1,  1920] loss: 0.138
[1,  1940] loss: 0.139
[1,  1960] loss: 0.140
[1,  1980] loss: 0.142
[1,  2000] loss: 0.143
[1,  2020] loss: 0.145
[1,  2040] loss: 0.145
[1,  2060] loss: 0.146
[1,  2080] loss: 0.146
[1,  2100] loss: 0.146
[1,  2120] loss: 0.146
[1,  2140] loss: 0.147
[1,  2160] loss: 0.148
[1,  2180] loss: 0.148
[1,  2200] loss: 0.149
[1,  2220] loss: 0.149
[1,  2240] loss: 0.148
[1,  2260] loss: 0.148
[1,  2280] loss: 0.148
[1,  2300] loss: 0.147
[1,  2320] loss: 0.147
[1,  2340] loss: 0.146
[1,  2360] loss: 0.145
[1,  2380] loss: 0.145
[1,  2400] loss: 0.144
[1,  2420] loss: 0.144
[1,  2440] loss: 0.143
[1,  2460] loss: 0.142
[1,  2480] loss: 0.142
[1,  2500] loss: 0.142
[1,  2520] loss: 0.141
[1,  2540] loss: 0.141
[1,  2560] loss: 0.141
[1,  2580] loss: 0.142
[1,  2600] loss: 0.142
[1,  2620] loss: 0.143
[1,  2640] loss: 0.144
[1,  2660] loss: 0.145
[1,  2680] loss: 0.144
[1,  2700] loss: 0.145
[1,  2720] loss: 0.145
[1,  2740] loss: 0.145
[1,  2760] loss: 0.145
[1,  2780] loss: 0.144
[1,  2800] loss: 0.144
[1,  2820] loss: 0.144
[1,  2840] loss: 0.143
[1,  2860] loss: 0.142
[1,  2880] loss: 0.142
[1,  2900] loss: 0.141
[1,  2920] loss: 0.141
[1,  2940] loss: 0.141
[1,  2960] loss: 0.140
[1,  2980] loss: 0.140
[1,  3000] loss: 0.139
[1,  3020] loss: 0.139
[1,  3040] loss: 0.138
[1,  3060] loss: 0.137
[1,  3080] loss: 0.137
[1,  3100] loss: 0.136
[1,  3120] loss: 0.135
[1,  3140] loss: 0.134
[1,  3160] loss: 0.133
[1,  3180] loss: 0.132
[1,  3200] loss: 0.131
[1,  3220] loss: 0.131
[1,  3240] loss: 0.130
[1,  3260] loss: 0.129
[1,  3280] loss: 0.129
[1,  3300] loss: 0.128
[1,  3320] loss: 0.127
[1,  3340] loss: 0.126
[1,  3360] loss: 0.126
[2,    20] loss: 0.066
[2,    40] loss: 0.033
[2,    60] loss: 0.023
[2,    80] loss: 0.019
[2,   100] loss: 0.016
[2,   120] loss: 0.014
[2,   140] loss: 0.012
[2,   160] loss: 0.012
[2,   180] loss: 0.011
[2,   200] loss: 0.010
[2,   220] loss: 0.017
[2,   240] loss: 0.022
[2,   260] loss: 0.021
[2,   280] loss: 0.020
[2,   300] loss: 0.019
[2,   320] loss: 0.018
[2,   340] loss: 0.017
[2,   360] loss: 0.017
[2,   380] loss: 0.017
[2,   400] loss: 0.016
[2,   420] loss: 0.016
[2,   440] loss: 0.015
[2,   460] loss: 0.015
[2,   480] loss: 0.017
[2,   500] loss: 0.018
[2,   520] loss: 0.019
[2,   540] loss: 0.020
[2,   560] loss: 0.022
[2,   580] loss: 0.024
[2,   600] loss: 0.027
[2,   620] loss: 0.029
[2,   640] loss: 0.037
[2,   660] loss: 0.044
[2,   680] loss: 0.047
[2,   700] loss: 0.049
[2,   720] loss: 0.052
[2,   740] loss: 0.054
[2,   760] loss: 0.055
[2,   780] loss: 0.057
[2,   800] loss: 0.059
[2,   820] loss: 0.061
[2,   840] loss: 0.062
[2,   860] loss: 0.062
[2,   880] loss: 0.064
[2,   900] loss: 0.064
[2,   920] loss: 0.063
[2,   940] loss: 0.063
[2,   960] loss: 0.064
[2,   980] loss: 0.065
[2,  1000] loss: 0.066
[2,  1020] loss: 0.068
[2,  1040] loss: 0.069
[2,  1060] loss: 0.071
[2,  1080] loss: 0.072
[2,  1100] loss: 0.073
[2,  1120] loss: 0.075
[2,  1140] loss: 0.075
[2,  1160] loss: 0.076
[2,  1180] loss: 0.077
[2,  1200] loss: 0.078
[2,  1220] loss: 0.080
[2,  1240] loss: 0.081
[2,  1260] loss: 0.082
[2,  1280] loss: 0.083
[2,  1300] loss: 0.084
[2,  1320] loss: 0.085
[2,  1340] loss: 0.085
[2,  1360] loss: 0.087
[2,  1380] loss: 0.088
[2,  1400] loss: 0.090
[2,  1420] loss: 0.092
[2,  1440] loss: 0.094
[2,  1460] loss: 0.096
[2,  1480] loss: 0.098
[2,  1500] loss: 0.100
[2,  1520] loss: 0.102
[2,  1540] loss: 0.104
[2,  1560] loss: 0.106
[2,  1580] loss: 0.108
[2,  1600] loss: 0.110
[2,  1620] loss: 0.112
[2,  1640] loss: 0.114
[2,  1660] loss: 0.116
[2,  1680] loss: 0.118
[2,  1700] loss: 0.120
[2,  1720] loss: 0.121
[2,  1740] loss: 0.123
[2,  1760] loss: 0.125
[2,  1780] loss: 0.127
[2,  1800] loss: 0.129
[2,  1820] loss: 0.131
[2,  1840] loss: 0.133
[2,  1860] loss: 0.134
[2,  1880] loss: 0.135
[2,  1900] loss: 0.137
[2,  1920] loss: 0.138
[2,  1940] loss: 0.139
[2,  1960] loss: 0.140
[2,  1980] loss: 0.142
[2,  2000] loss: 0.143
[2,  2020] loss: 0.145
[2,  2040] loss: 0.145
[2,  2060] loss: 0.146
[2,  2080] loss: 0.146
[2,  2100] loss: 0.146
[2,  2120] loss: 0.146
[2,  2140] loss: 0.147
[2,  2160] loss: 0.148
[2,  2180] loss: 0.148
[2,  2200] loss: 0.149
[2,  2220] loss: 0.149
[2,  2240] loss: 0.148
[2,  2260] loss: 0.148
[2,  2280] loss: 0.148
[2,  2300] loss: 0.147
[2,  2320] loss: 0.147
[2,  2340] loss: 0.146
[2,  2360] loss: 0.145
[2,  2380] loss: 0.145
[2,  2400] loss: 0.144
[2,  2420] loss: 0.144
[2,  2440] loss: 0.143
[2,  2460] loss: 0.142
[2,  2480] loss: 0.142
[2,  2500] loss: 0.142
[2,  2520] loss: 0.141
[2,  2540] loss: 0.141
[2,  2560] loss: 0.141
[2,  2580] loss: 0.142
[2,  2600] loss: 0.142
[2,  2620] loss: 0.143
[2,  2640] loss: 0.144
[2,  2660] loss: 0.145
[2,  2680] loss: 0.144
[2,  2700] loss: 0.145
[2,  2720] loss: 0.145
[2,  2740] loss: 0.145
[2,  2760] loss: 0.145
[2,  2780] loss: 0.144
[2,  2800] loss: 0.144
[2,  2820] loss: 0.144
[2,  2840] loss: 0.143
[2,  2860] loss: 0.142
[2,  2880] loss: 0.142
[2,  2900] loss: 0.141
[2,  2920] loss: 0.141
[2,  2940] loss: 0.141
[2,  2960] loss: 0.140
[2,  2980] loss: 0.140
[2,  3000] loss: 0.139
[2,  3020] loss: 0.139
[2,  3040] loss: 0.138
[2,  3060] loss: 0.137
[2,  3080] loss: 0.137
[2,  3100] loss: 0.136
[2,  3120] loss: 0.135
[2,  3140] loss: 0.134
[2,  3160] loss: 0.133
[2,  3180] loss: 0.132
[2,  3200] loss: 0.131
[2,  3220] loss: 0.131
[2,  3240] loss: 0.130
[2,  3260] loss: 0.129
[2,  3280] loss: 0.129
[2,  3300] loss: 0.128
[2,  3320] loss: 0.127
[2,  3340] loss: 0.126
[2,  3360] loss: 0.126
