cuda:  4
color_space: YCbCr
batch_size: 1
num_epcochs: 2
learning_rate: 0.002
[1,    20] loss: 1.746
[1,    40] loss: 21.449
[1,    60] loss: 55.680
[1,    80] loss: 255.936
[1,   100] loss: 28852.419
[1,   120] loss: 292622.688
[1,   140] loss: 264303.749
[1,   160] loss: 160405.247
[1,   180] loss: 15050.331
[1,   200] loss: 921.414
[1,   220] loss: 587.536
[1,   240] loss: 92.372
[1,   260] loss: 113.818
[1,   280] loss: 160.348
[1,   300] loss: 112.566
[1,   320] loss: 72.360
[1,   340] loss: 36.051
[1,   360] loss: 104.722
[1,   380] loss: 43.955
[1,   400] loss: 16.254
[1,   420] loss: 32.197
[1,   440] loss: 35.344
[1,   460] loss: 52.581
[1,   480] loss: 19.975
[1,   500] loss: 31.748
[1,   520] loss: 28.489
[1,   540] loss: 15.879
[1,   560] loss: 22.481
[1,   580] loss: 27.114
[1,   600] loss: 21.977
[1,   620] loss: 11.699
[1,   640] loss: 16.969
[1,   660] loss: 16.870
[1,   680] loss: 23.051
[1,   700] loss: 27.283
[1,   720] loss: 23.044
[1,   740] loss: 13.988
[1,   760] loss: 18.681
[1,   780] loss: 19.011
[1,   800] loss: 12.906
[1,   820] loss: 14.337
[1,   840] loss: 9.648
[1,   860] loss: 8.067
[1,   880] loss: 8.048
[1,   900] loss: 8.678
[1,   920] loss: 12.618
[1,   940] loss: 13.558
[1,   960] loss: 3.988
[1,   980] loss: 5.378
[1,  1000] loss: 3.941
[1,  1020] loss: 7.626
[1,  1040] loss: 11.741
[1,  1060] loss: 6.269
[1,  1080] loss: 3.969
[1,  1100] loss: 5.971
[1,  1120] loss: 9.487
[1,  1140] loss: 2.481
[1,  1160] loss: 4.400
[1,  1180] loss: 5.597
[1,  1200] loss: 4.106
[1,  1220] loss: 4.928
[1,  1240] loss: 4.168
[1,  1260] loss: 3.036
[1,  1280] loss: 2.450
[1,  1300] loss: 4.131
[1,  1320] loss: 7.060
[1,  1340] loss: 2.822
[1,  1360] loss: 2.506
[1,  1380] loss: 4.424
[1,  1400] loss: 3.601
[1,  1420] loss: 2.295
[1,  1440] loss: 2.410
[1,  1460] loss: 3.213
[1,  1480] loss: 2.496
[1,  1500] loss: 1.435
[1,  1520] loss: 3.381
[1,  1540] loss: 1.225
[1,  1560] loss: 2.158
[1,  1580] loss: 3.917
[1,  1600] loss: 1.526
[1,  1620] loss: 2.908
[1,  1640] loss: 1.206
[1,  1660] loss: 1.989
[1,  1680] loss: 1.232
[1,  1700] loss: 1.748
[1,  1720] loss: 1.228
[1,  1740] loss: 1.852
[1,  1760] loss: 2.120
[1,  1780] loss: 1.468
[1,  1800] loss: 1.838
[1,  1820] loss: 2.022
[1,  1840] loss: 2.681
[1,  1860] loss: 2.557
[1,  1880] loss: 1.543
[1,  1900] loss: 0.774
[1,  1920] loss: 1.795
[1,  1940] loss: 1.352
[1,  1960] loss: 1.008
[1,  1980] loss: 1.121
[1,  2000] loss: 2.023
[1,  2020] loss: 1.052
[1,  2040] loss: 1.437
[1,  2060] loss: 2.154
[1,  2080] loss: 1.285
[1,  2100] loss: 2.181
[1,  2120] loss: 0.993
[1,  2140] loss: 0.900
[1,  2160] loss: 0.617
[1,  2180] loss: 1.604
[1,  2200] loss: 0.364
[1,  2220] loss: 0.573
[1,  2240] loss: 1.025
[1,  2260] loss: 1.473
[1,  2280] loss: 1.204
[1,  2300] loss: 0.700
[1,  2320] loss: 1.535
[1,  2340] loss: 0.638
[1,  2360] loss: 0.677
[1,  2380] loss: 0.910
[1,  2400] loss: 1.207
[1,  2420] loss: 1.098
[1,  2440] loss: 1.064
[1,  2460] loss: 1.281
[1,  2480] loss: 0.765
[1,  2500] loss: 1.253
[1,  2520] loss: 0.300
[1,  2540] loss: 1.129
[1,  2560] loss: 0.916
[1,  2580] loss: 0.904
[1,  2600] loss: 1.063
[1,  2620] loss: 0.840
[1,  2640] loss: 0.723
[1,  2660] loss: 0.860
[1,  2680] loss: 0.395
[1,  2700] loss: 0.571
[1,  2720] loss: 0.746
[1,  2740] loss: 1.197
[1,  2760] loss: 0.547
[1,  2780] loss: 0.696
[1,  2800] loss: 0.711
[1,  2820] loss: 0.906
[1,  2840] loss: 0.650
[1,  2860] loss: 0.449
[1,  2880] loss: 0.758
[1,  2900] loss: 0.369
[1,  2920] loss: 0.606
[1,  2940] loss: 0.916
[1,  2960] loss: 0.526
[1,  2980] loss: 0.570
[1,  3000] loss: 0.810
[1,  3020] loss: 0.736
[1,  3040] loss: 0.381
[1,  3060] loss: 0.553
[1,  3080] loss: 0.232
[1,  3100] loss: 0.348
[1,  3120] loss: 0.363
[1,  3140] loss: 0.373
[1,  3160] loss: 0.326
[1,  3180] loss: 0.497
[1,  3200] loss: 0.299
[1,  3220] loss: 0.476
[1,  3240] loss: 1.015
[1,  3260] loss: 0.561
[1,  3280] loss: 0.259
[1,  3300] loss: 0.421
[1,  3320] loss: 0.301
[1,  3340] loss: 0.461
[1,  3360] loss: 0.626
[1,  3380] loss: 0.271
[1,  3400] loss: 0.572
[1,  3420] loss: 0.272
[1,  3440] loss: 0.559
[1,  3460] loss: 0.370
[1,  3480] loss: 0.445
[1,  3500] loss: 0.243
[1,  3520] loss: 0.252
[1,  3540] loss: 0.159
[1,  3560] loss: 0.308
[1,  3580] loss: 0.513
[1,  3600] loss: 0.179
[1,  3620] loss: 0.356
[1,  3640] loss: 0.298
[1,  3660] loss: 0.333
[1,  3680] loss: 0.290
[1,  3700] loss: 0.363
[1,  3720] loss: 0.198
[1,  3740] loss: 0.187
[1,  3760] loss: 0.209
[1,  3780] loss: 0.241
[1,  3800] loss: 0.314
[1,  3820] loss: 0.246
[1,  3840] loss: 0.392
[1,  3860] loss: 0.155
[1,  3880] loss: 0.245
[1,  3900] loss: 0.363
[1,  3920] loss: 0.273
[1,  3940] loss: 0.252
[1,  3960] loss: 0.415
[1,  3980] loss: 0.446
[1,  4000] loss: 0.277
[1,  4020] loss: 0.177
[1,  4040] loss: 0.199
[1,  4060] loss: 0.314
[1,  4080] loss: 0.601
[1,  4100] loss: 0.257
[1,  4120] loss: 0.215
[1,  4140] loss: 0.122
[1,  4160] loss: 0.210
[1,  4180] loss: 0.181
[1,  4200] loss: 0.111
[1,  4220] loss: 0.093
[1,  4240] loss: 0.264
[1,  4260] loss: 0.289
[1,  4280] loss: 0.194
[1,  4300] loss: 0.391
[1,  4320] loss: 0.314
[1,  4340] loss: 0.220
[1,  4360] loss: 0.195
[1,  4380] loss: 0.296
[1,  4400] loss: 0.232
[1,  4420] loss: 0.176
[1,  4440] loss: 0.282
[1,  4460] loss: 0.157
[1,  4480] loss: 0.292
[1,  4500] loss: 0.140
[1,  4520] loss: 0.120
[1,  4540] loss: 0.208
[1,  4560] loss: 0.180
[1,  4580] loss: 0.275
[1,  4600] loss: 0.388
[1,  4620] loss: 0.249
[1,  4640] loss: 0.066
[1,  4660] loss: 0.130
[1,  4680] loss: 0.134
[1,  4700] loss: 0.210
[1,  4720] loss: 0.201
[1,  4740] loss: 0.202
[1,  4760] loss: 0.200
[1,  4780] loss: 0.180
[1,  4800] loss: 0.194
[1,  4820] loss: 0.227
[1,  4840] loss: 0.215
[1,  4860] loss: 0.255
[1,  4880] loss: 0.331
[1,  4900] loss: 0.122
[1,  4920] loss: 0.207
[1,  4940] loss: 0.141
[1,  4960] loss: 0.351
[1,  4980] loss: 0.271
[1,  5000] loss: 0.262
[1,  5020] loss: 0.182
[1,  5040] loss: 0.169
[1,  5060] loss: 0.358
[1,  5080] loss: 0.177
[1,  5100] loss: 0.335
[1,  5120] loss: 0.263
[1,  5140] loss: 0.145
[1,  5160] loss: 0.116
[1,  5180] loss: 0.201
[1,  5200] loss: 0.078
[1,  5220] loss: 0.176
[1,  5240] loss: 0.141
[1,  5260] loss: 0.165
[1,  5280] loss: 0.133
[1,  5300] loss: 0.261
[1,  5320] loss: 0.174
[1,  5340] loss: 0.217
[1,  5360] loss: 0.161
[1,  5380] loss: 0.103
[1,  5400] loss: 0.158
[1,  5420] loss: 0.191
[1,  5440] loss: 0.210
[1,  5460] loss: 0.241
[1,  5480] loss: 0.182
[1,  5500] loss: 0.043
[1,  5520] loss: 0.098
[1,  5540] loss: 0.124
[1,  5560] loss: 0.122
[1,  5580] loss: 0.152
[1,  5600] loss: 0.062
[1,  5620] loss: 0.160
[1,  5640] loss: 0.085
[1,  5660] loss: 0.111
[1,  5680] loss: 0.097
[1,  5700] loss: 0.132
[1,  5720] loss: 0.112
[1,  5740] loss: 0.181
[1,  5760] loss: 0.240
[1,  5780] loss: 0.099
[1,  5800] loss: 0.176
[1,  5820] loss: 0.245
[1,  5840] loss: 0.107
[1,  5860] loss: 0.077
[1,  5880] loss: 0.193
[1,  5900] loss: 0.066
[1,  5920] loss: 0.117
[1,  5940] loss: 0.084
[1,  5960] loss: 0.116
[1,  5980] loss: 0.225
[1,  6000] loss: 0.190
[1,  6020] loss: 0.121
[1,  6040] loss: 0.214
[1,  6060] loss: 0.100
[1,  6080] loss: 0.305
[1,  6100] loss: 0.115
[1,  6120] loss: 0.303
[1,  6140] loss: 0.105
[1,  6160] loss: 0.141
[1,  6180] loss: 0.096
[1,  6200] loss: 0.098
[1,  6220] loss: 0.106
[1,  6240] loss: 0.032
[1,  6260] loss: 0.085
[1,  6280] loss: 0.126
[1,  6300] loss: 0.162
[1,  6320] loss: 0.178
[1,  6340] loss: 0.115
[1,  6360] loss: 0.068
[1,  6380] loss: 0.138
[1,  6400] loss: 0.138
[1,  6420] loss: 0.130
[1,  6440] loss: 0.040
[1,  6460] loss: 0.069
[1,  6480] loss: 0.107
[1,  6500] loss: 0.136
[1,  6520] loss: 0.176
[1,  6540] loss: 0.055
[1,  6560] loss: 0.122
[1,  6580] loss: 0.055
[1,  6600] loss: 0.156
[1,  6620] loss: 0.094
[1,  6640] loss: 0.112
[1,  6660] loss: 0.068
[1,  6680] loss: 0.149
[1,  6700] loss: 0.076
[1,  6720] loss: 0.055
[1,  6740] loss: 0.122
[1,  6760] loss: 0.092
[1,  6780] loss: 0.103
[1,  6800] loss: 0.107
[1,  6820] loss: 0.071
[1,  6840] loss: 0.062
[1,  6860] loss: 0.216
[1,  6880] loss: 0.070
[1,  6900] loss: 0.096
[1,  6920] loss: 0.098
[1,  6940] loss: 0.115
[1,  6960] loss: 0.054
[1,  6980] loss: 0.093
[1,  7000] loss: 0.175
[1,  7020] loss: 0.076
[1,  7040] loss: 0.093
[1,  7060] loss: 0.219
[1,  7080] loss: 0.311
[1,  7100] loss: 0.120
[1,  7120] loss: 0.145
[1,  7140] loss: 0.119
[1,  7160] loss: 0.078
[1,  7180] loss: 0.170
[1,  7200] loss: 0.240
[1,  7220] loss: 0.083
[1,  7240] loss: 0.084
[1,  7260] loss: 0.101
[1,  7280] loss: 0.099
[1,  7300] loss: 0.139
[1,  7320] loss: 0.152
[1,  7340] loss: 0.216
[1,  7360] loss: 0.450
[1,  7380] loss: 0.425
[1,  7400] loss: 0.147
[1,  7420] loss: 0.115
[1,  7440] loss: 0.088
[1,  7460] loss: 0.090
[1,  7480] loss: 0.066
[1,  7500] loss: 0.045
[1,  7520] loss: 0.173
[1,  7540] loss: 0.101
[1,  7560] loss: 0.058
[1,  7580] loss: 0.033
[1,  7600] loss: 0.055
[1,  7620] loss: 0.097
[1,  7640] loss: 0.094
[1,  7660] loss: 0.061
[1,  7680] loss: 0.091
[1,  7700] loss: 0.155
[1,  7720] loss: 0.108
[1,  7740] loss: 0.126
[1,  7760] loss: 0.200
[1,  7780] loss: 0.214
[1,  7800] loss: 0.119
[1,  7820] loss: 0.155
[1,  7840] loss: 0.044
[1,  7860] loss: 0.079
[1,  7880] loss: 0.062
[1,  7900] loss: 0.136
[1,  7920] loss: 0.303
[1,  7940] loss: 0.203
[1,  7960] loss: 0.128
[1,  7980] loss: 0.105
[1,  8000] loss: 0.059
[1,  8020] loss: 0.207
[1,  8040] loss: 0.220
[1,  8060] loss: 0.356
[1,  8080] loss: 0.377
[1,  8100] loss: 0.133
[1,  8120] loss: 0.079
[1,  8140] loss: 0.154
[1,  8160] loss: 0.131
[1,  8180] loss: 0.073
[1,  8200] loss: 0.061
[1,  8220] loss: 0.144
[1,  8240] loss: 0.416
[1,  8260] loss: 0.173
[1,  8280] loss: 0.098
[1,  8300] loss: 0.201
[1,  8320] loss: 0.213
[1,  8340] loss: 0.124
[1,  8360] loss: 0.190
[1,  8380] loss: 0.042
[1,  8400] loss: 0.027
[1,  8420] loss: 0.306
[1,  8440] loss: 0.042
[1,  8460] loss: 0.048
[1,  8480] loss: 0.061
[1,  8500] loss: 0.043
[1,  8520] loss: 0.081
[1,  8540] loss: 0.074
[1,  8560] loss: 0.136
[1,  8580] loss: 0.068
[1,  8600] loss: 0.052
[1,  8620] loss: 0.062
[1,  8640] loss: 0.303
[1,  8660] loss: 0.053
[1,  8680] loss: 0.044
[1,  8700] loss: 0.206
[1,  8720] loss: 0.080
[1,  8740] loss: 0.143
[1,  8760] loss: 0.088
[1,  8780] loss: 0.133
[1,  8800] loss: 0.181
[1,  8820] loss: 0.058
[1,  8840] loss: 0.049
[1,  8860] loss: 0.082
[1,  8880] loss: 0.233
[1,  8900] loss: 0.094
[1,  8920] loss: 0.106
[1,  8940] loss: 0.079
[1,  8960] loss: 0.144
[1,  8980] loss: 0.100
[1,  9000] loss: 0.030
[1,  9020] loss: 0.105
[1,  9040] loss: 0.086
[1,  9060] loss: 0.061
[1,  9080] loss: 0.110
[1,  9100] loss: 0.224
[1,  9120] loss: 0.100
[1,  9140] loss: 0.052
[1,  9160] loss: 0.145
[1,  9180] loss: 0.116
[1,  9200] loss: 0.049
[1,  9220] loss: 0.076
[1,  9240] loss: 0.163
[1,  9260] loss: 0.067
[1,  9280] loss: 0.035
[1,  9300] loss: 0.082
[1,  9320] loss: 0.027
[1,  9340] loss: 0.069
[1,  9360] loss: 0.253
[1,  9380] loss: 0.162
[1,  9400] loss: 0.075
[1,  9420] loss: 0.060
[1,  9440] loss: 0.057
[1,  9460] loss: 0.070
[1,  9480] loss: 0.040
[1,  9500] loss: 0.056
[1,  9520] loss: 0.112
[1,  9540] loss: 0.059
[1,  9560] loss: 0.079
[1,  9580] loss: 0.054
[1,  9600] loss: 0.039
[1,  9620] loss: 0.053
[1,  9640] loss: 0.090
[1,  9660] loss: 0.045
[1,  9680] loss: 0.121
[1,  9700] loss: 0.146
[1,  9720] loss: 0.136
[1,  9740] loss: 0.233
[1,  9760] loss: 0.234
[1,  9780] loss: 0.076
[1,  9800] loss: 0.070
[1,  9820] loss: 0.116
[1,  9840] loss: 0.115
[1,  9860] loss: 0.067
[1,  9880] loss: 0.063
[1,  9900] loss: 0.033
[1,  9920] loss: 0.028
[1,  9940] loss: 0.168
[1,  9960] loss: 0.145
[1,  9980] loss: 0.092
[1, 10000] loss: 0.133
[1, 10020] loss: 0.067
[1, 10040] loss: 0.071
[1, 10060] loss: 0.054
[1, 10080] loss: 0.072
[1, 10100] loss: 0.066
[1, 10120] loss: 0.032
[1, 10140] loss: 0.034
[1, 10160] loss: 0.201
[1, 10180] loss: 0.072
[1, 10200] loss: 0.056
[1, 10220] loss: 0.093
[1, 10240] loss: 0.127
[1, 10260] loss: 0.035
[1, 10280] loss: 0.055
[1, 10300] loss: 0.070
[1, 10320] loss: 0.132
[1, 10340] loss: 0.065
[1, 10360] loss: 0.067
[1, 10380] loss: 0.104
[1, 10400] loss: 0.057
[1, 10420] loss: 0.120
[1, 10440] loss: 0.080
[1, 10460] loss: 0.081
[1, 10480] loss: 0.041
[1, 10500] loss: 0.046
[1, 10520] loss: 0.034
[1, 10540] loss: 0.050
[1, 10560] loss: 0.089
[1, 10580] loss: 0.064
[1, 10600] loss: 0.132
[1, 10620] loss: 0.076
[1, 10640] loss: 0.085
[1, 10660] loss: 0.038
[1, 10680] loss: 0.031
[1, 10700] loss: 0.022
[1, 10720] loss: 0.024
[1, 10740] loss: 0.157
[1, 10760] loss: 0.059
[1, 10780] loss: 0.057
[1, 10800] loss: 0.040
[1, 10820] loss: 0.032
[1, 10840] loss: 0.083
[1, 10860] loss: 0.040
[1, 10880] loss: 0.294
[1, 10900] loss: 0.045
[1, 10920] loss: 0.027
[1, 10940] loss: 0.029
[1, 10960] loss: 0.112
[1, 10980] loss: 0.051
[1, 11000] loss: 0.128
[1, 11020] loss: 0.139
[1, 11040] loss: 0.218
[1, 11060] loss: 0.053
[1, 11080] loss: 0.156
[1, 11100] loss: 0.049
[1, 11120] loss: 0.234
[1, 11140] loss: 0.074
[1, 11160] loss: 0.047
[1, 11180] loss: 0.032
[1, 11200] loss: 0.060
[1, 11220] loss: 0.034
[1, 11240] loss: 0.028
[1, 11260] loss: 0.016
[1, 11280] loss: 0.028
[1, 11300] loss: 0.123
[1, 11320] loss: 0.037
[1, 11340] loss: 0.033
[1, 11360] loss: 0.085
[1, 11380] loss: 0.136
[1, 11400] loss: 0.163
[1, 11420] loss: 0.231
[1, 11440] loss: 0.068
[1, 11460] loss: 0.064
[1, 11480] loss: 0.305
[1, 11500] loss: 0.106
[1, 11520] loss: 0.084
[1, 11540] loss: 0.108
[1, 11560] loss: 0.185
[1, 11580] loss: 0.040
[1, 11600] loss: 0.067
[1, 11620] loss: 0.049
[1, 11640] loss: 0.171
[1, 11660] loss: 0.066
[1, 11680] loss: 0.081
[1, 11700] loss: 0.158
[1, 11720] loss: 0.111
[1, 11740] loss: 0.126
[1, 11760] loss: 0.088
[1, 11780] loss: 0.053
[1, 11800] loss: 0.063
[1, 11820] loss: 0.078
[1, 11840] loss: 0.024
[1, 11860] loss: 0.033
[1, 11880] loss: 0.066
[1, 11900] loss: 0.019
[1, 11920] loss: 0.066
[1, 11940] loss: 0.052
[1, 11960] loss: 0.142
[1, 11980] loss: 0.129
[1, 12000] loss: 0.068
[1, 12020] loss: 0.068
[1, 12040] loss: 0.084
[1, 12060] loss: 0.056
[1, 12080] loss: 0.096
[1, 12100] loss: 0.055
[1, 12120] loss: 0.077
[1, 12140] loss: 0.106
[1, 12160] loss: 0.049
[1, 12180] loss: 0.125
[1, 12200] loss: 0.182
[1, 12220] loss: 0.040
[1, 12240] loss: 0.080
[1, 12260] loss: 0.077
[1, 12280] loss: 0.059
[1, 12300] loss: 0.224
[1, 12320] loss: 0.077
[1, 12340] loss: 0.148
[1, 12360] loss: 0.059
[1, 12380] loss: 0.088
[1, 12400] loss: 0.031
[1, 12420] loss: 0.036
[1, 12440] loss: 0.094
[1, 12460] loss: 0.028
[1, 12480] loss: 0.042
[1, 12500] loss: 0.053
[1, 12520] loss: 0.064
[1, 12540] loss: 0.122
[1, 12560] loss: 0.069
[1, 12580] loss: 0.164
[1, 12600] loss: 0.012
[1, 12620] loss: 0.029
[1, 12640] loss: 0.039
[1, 12660] loss: 0.097
[1, 12680] loss: 0.037
[1, 12700] loss: 0.018
[1, 12720] loss: 0.040
[1, 12740] loss: 0.020
[1, 12760] loss: 0.078
[1, 12780] loss: 0.367
[1, 12800] loss: 0.068
[1, 12820] loss: 0.084
[1, 12840] loss: 0.089
[1, 12860] loss: 0.011
[1, 12880] loss: 0.017
[1, 12900] loss: 0.126
[1, 12920] loss: 0.055
[1, 12940] loss: 0.029
[1, 12960] loss: 0.128
[1, 12980] loss: 0.077
[1, 13000] loss: 0.019
[1, 13020] loss: 0.113
[1, 13040] loss: 0.037
[1, 13060] loss: 0.047
[1, 13080] loss: 0.051
[1, 13100] loss: 0.041
[1, 13120] loss: 0.041
[1, 13140] loss: 0.122
[1, 13160] loss: 0.055
[1, 13180] loss: 0.026
[1, 13200] loss: 0.042
[1, 13220] loss: 0.040
[1, 13240] loss: 0.052
[1, 13260] loss: 0.043
[1, 13280] loss: 0.062
[1, 13300] loss: 0.087
[1, 13320] loss: 0.080
[1, 13340] loss: 0.047
[1, 13360] loss: 0.110
[1, 13380] loss: 0.057
[1, 13400] loss: 0.038
[1, 13420] loss: 0.036
[1, 13440] loss: 0.059
[1, 13460] loss: 0.038
[1, 13480] loss: 0.044
[1, 13500] loss: 0.336
[1, 13520] loss: 0.237
[1, 13540] loss: 4.329
[1, 13560] loss: 4170518.045
[1, 13580] loss: 80782400764.675
[1, 13600] loss: 1325696591367.950
[1, 13620] loss: 439910962440.500
[1, 13640] loss: 473869219684.800
[1, 13660] loss: 5268316904.012
[1, 13680] loss: 749580595.300
[1, 13700] loss: 1131879506.200
[1, 13720] loss: 519920837.578
[1, 13740] loss: 278440474.064
[1, 13760] loss: 366265559.150
[1, 13780] loss: 217307251.064
[1, 13800] loss: 73990388.759
[1, 13820] loss: 67483492.519
[1, 13840] loss: 95470874.139
[1, 13860] loss: 80375019.945
[1, 13880] loss: 93767076.447
[1, 13900] loss: 45328089.500
[1, 13920] loss: 42319797.369
[1, 13940] loss: 60607607.420
[1, 13960] loss: 40678537.195
[1, 13980] loss: 32148180.014
[1, 14000] loss: 15399703.928
[1, 14020] loss: 15886980.224
[1, 14040] loss: 31781836.307
[1, 14060] loss: 27354978.619
[1, 14080] loss: 35962920.229
[1, 14100] loss: 15861586.102
[1, 14120] loss: 28126837.387
[1, 14140] loss: 16437377.112
[1, 14160] loss: 22533226.036
[1, 14180] loss: 27826636.782
[1, 14200] loss: 13957735.362
[1, 14220] loss: 12528022.190
[1, 14240] loss: 17505626.831
[1, 14260] loss: 25616948.738
[1, 14280] loss: 15752921.870
[1, 14300] loss: 18210490.495
[1, 14320] loss: 22996476.194
[1, 14340] loss: 21476790.027
[1, 14360] loss: 11354454.771
[1, 14380] loss: 9756362.874
[1, 14400] loss: 7610830.775
[1, 14420] loss: 9486139.067
[1, 14440] loss: 9318742.261
[1, 14460] loss: 11331520.083
[1, 14480] loss: 9202657.952
[1, 14500] loss: 12326442.111
[1, 14520] loss: 8569071.294
[1, 14540] loss: 10165477.126
[1, 14560] loss: 7209507.552
[1, 14580] loss: 8586982.116
[1, 14600] loss: 14983820.231
[1, 14620] loss: 7768298.286
[1, 14640] loss: 4664342.338
[1, 14660] loss: 7828666.002
[1, 14680] loss: 8538794.280
[1, 14700] loss: 6646852.770
[1, 14720] loss: 7353881.445
[1, 14740] loss: 11301910.336
[1, 14760] loss: 3847221.186
[1, 14780] loss: 4395756.375
[1, 14800] loss: 7271625.296
[1, 14820] loss: 9988748.448
[1, 14840] loss: 10569038.025
[1, 14860] loss: 7054862.341
[1, 14880] loss: 6020159.042
[1, 14900] loss: 4991861.422
[1, 14920] loss: 7222814.804
[1, 14940] loss: 10369504.500
[1, 14960] loss: 5447598.759
[1, 14980] loss: 7130732.048
[1, 15000] loss: 8178559.821
[1, 15020] loss: 7058546.807
[1, 15040] loss: 6758223.765
[1, 15060] loss: 4345298.945
[1, 15080] loss: 5798922.522
[1, 15100] loss: 8202580.664
[1, 15120] loss: 6823563.682
[1, 15140] loss: 4668709.559
[1, 15160] loss: 8564833.356
[1, 15180] loss: 2737533.736
[1, 15200] loss: 7978237.570
[1, 15220] loss: 10061983.412
[1, 15240] loss: 3955880.595
[1, 15260] loss: 3415552.133
[1, 15280] loss: 4953993.138
[1, 15300] loss: 7292687.780
[1, 15320] loss: 7772467.244
[1, 15340] loss: 5680617.367
[1, 15360] loss: 7890890.139
[1, 15380] loss: 4593987.024
[1, 15400] loss: 5293464.984
[1, 15420] loss: 2944319.522
[1, 15440] loss: 4331998.540
[1, 15460] loss: 4916376.446
[1, 15480] loss: 2785996.585
[1, 15500] loss: 4616831.681
[1, 15520] loss: 5109220.869
[1, 15540] loss: 5292256.764
[1, 15560] loss: 4823418.481
[1, 15580] loss: 5361458.789
[1, 15600] loss: 5564892.058
[1, 15620] loss: 7130590.465
[1, 15640] loss: 3627178.454
[1, 15660] loss: 3368562.010
[1, 15680] loss: 4217178.290
[1, 15700] loss: 2890284.280
[1, 15720] loss: 7887436.494
[1, 15740] loss: 5252601.911
[1, 15760] loss: 5031300.688
[1, 15780] loss: 3362862.587
[1, 15800] loss: 4101322.183
[1, 15820] loss: 4095253.743
[1, 15840] loss: 2902713.688
[1, 15860] loss: 5247833.929
[1, 15880] loss: 3397110.412
[1, 15900] loss: 3028036.299
[1, 15920] loss: 5759461.004
[1, 15940] loss: 3769487.932
[1, 15960] loss: 5378864.160
[1, 15980] loss: 3136949.161
[1, 16000] loss: 4800685.612
[1, 16020] loss: 1825586.234
[1, 16040] loss: 4756937.538
[1, 16060] loss: 4155976.159
[1, 16080] loss: 5470848.149
[1, 16100] loss: 4527475.200
[1, 16120] loss: 2075174.795
[1, 16140] loss: 3547196.951
[1, 16160] loss: 4022016.479
[1, 16180] loss: 2883183.499
[1, 16200] loss: 2918207.370
[1, 16220] loss: 4848647.752
[1, 16240] loss: 3649111.360
[1, 16260] loss: 4220041.202
[1, 16280] loss: 4045418.614
[1, 16300] loss: 2818925.685
[1, 16320] loss: 4134302.237
[1, 16340] loss: 5110145.712
[1, 16360] loss: 3167735.068
[1, 16380] loss: 1241333.055
[1, 16400] loss: 2591385.598
[1, 16420] loss: 2859541.259
[1, 16440] loss: 2945354.070
[1, 16460] loss: 3304271.604
[1, 16480] loss: 3908912.143
[1, 16500] loss: 2788278.721
[1, 16520] loss: 1896213.997
[1, 16540] loss: 2895924.012
[1, 16560] loss: 2132435.903
[1, 16580] loss: 4036053.213
[1, 16600] loss: 3472496.331
[1, 16620] loss: 1915204.495
[1, 16640] loss: 2181797.178
[1, 16660] loss: 2946642.341
[1, 16680] loss: 2369863.215
[1, 16700] loss: 2450679.349
[1, 16720] loss: 1820772.064
[1, 16740] loss: 1807334.160
[1, 16760] loss: 1786975.507
[1, 16780] loss: 4195982.478
[1, 16800] loss: 1407904.441
[1, 16820] loss: 4425398.386
[1, 16840] loss: 2446489.675
[1, 16860] loss: 1973227.870
[1, 16880] loss: 2550173.702
[1, 16900] loss: 2595346.331
[1, 16920] loss: 4009923.447
[1, 16940] loss: 1965423.607
[1, 16960] loss: 1598960.541
[1, 16980] loss: 1636945.328
[1, 17000] loss: 1817829.775
[1, 17020] loss: 2752093.596
[1, 17040] loss: 2476182.364
[1, 17060] loss: 1625948.242
[1, 17080] loss: 2154188.576
[1, 17100] loss: 1966776.522
[1, 17120] loss: 2968006.327
[1, 17140] loss: 4048335.575
[1, 17160] loss: 2970286.953
[1, 17180] loss: 3105168.351
[1, 17200] loss: 1251179.235
[1, 17220] loss: 2483540.271
[1, 17240] loss: 2114338.852
[1, 17260] loss: 1342322.237
[1, 17280] loss: 1442293.647
[1, 17300] loss: 2493594.360
[1, 17320] loss: 2064214.449
[1, 17340] loss: 2534392.367
[1, 17360] loss: 2442431.176
[1, 17380] loss: 987108.348
[1, 17400] loss: 2592164.408
[1, 17420] loss: 1318944.613
[1, 17440] loss: 2202928.796
[1, 17460] loss: 1370265.022
[1, 17480] loss: 1657061.490
[1, 17500] loss: 1849223.994
[1, 17520] loss: 1030416.427
[1, 17540] loss: 1082160.173
[1, 17560] loss: 1172158.642
[1, 17580] loss: 2300598.143
[1, 17600] loss: 2344218.436
[1, 17620] loss: 2805519.306
[1, 17640] loss: 2248926.610
[1, 17660] loss: 2249624.594
[1, 17680] loss: 1137078.374
[1, 17700] loss: 2008785.077
[1, 17720] loss: 1702141.607
[1, 17740] loss: 1898399.273
[1, 17760] loss: 1161774.912
[1, 17780] loss: 1796710.950
[1, 17800] loss: 1509290.044
[1, 17820] loss: 2357776.501
[1, 17840] loss: 1300260.511
[1, 17860] loss: 1560788.521
[1, 17880] loss: 1377613.257
[1, 17900] loss: 1203661.758
[1, 17920] loss: 1361258.410
[1, 17940] loss: 1383948.191
[1, 17960] loss: 1837522.426
[1, 17980] loss: 676675.161
[1, 18000] loss: 1590165.203
[1, 18020] loss: 1270821.100
[1, 18040] loss: 896751.778
[1, 18060] loss: 1474807.108
[1, 18080] loss: 948389.735
[1, 18100] loss: 1628272.597
[1, 18120] loss: 906587.471
[1, 18140] loss: 557507.634
[1, 18160] loss: 1000699.506
[1, 18180] loss: 1302486.886
[1, 18200] loss: 1046945.881
[1, 18220] loss: 1045834.896
[1, 18240] loss: 1071648.694
[1, 18260] loss: 1803497.439
[1, 18280] loss: 508507.400
[1, 18300] loss: 1319792.693
[1, 18320] loss: 1098834.367
[1, 18340] loss: 1140890.092
[1, 18360] loss: 963784.264
[1, 18380] loss: 1295695.459
[1, 18400] loss: 574314.510
[1, 18420] loss: 750645.214
[1, 18440] loss: 1086093.119
[1, 18460] loss: 998179.338
[1, 18480] loss: 649531.868
[1, 18500] loss: 1311541.909
[1, 18520] loss: 1245858.009
[1, 18540] loss: 1019135.278
[1, 18560] loss: 1340873.600
[1, 18580] loss: 1557254.734
[1, 18600] loss: 1030267.393
[1, 18620] loss: 695096.931
[1, 18640] loss: 669877.741
[1, 18660] loss: 999225.015
[1, 18680] loss: 584180.276
[1, 18700] loss: 547101.850
[1, 18720] loss: 680673.270
[1, 18740] loss: 792245.908
[1, 18760] loss: 766264.743
[1, 18780] loss: 742789.889
[1, 18800] loss: 877145.938
[1, 18820] loss: 826033.575
[1, 18840] loss: 742052.668
[1, 18860] loss: 798210.250
[1, 18880] loss: 930973.622
[1, 18900] loss: 831493.037
[1, 18920] loss: 745630.669
[1, 18940] loss: 856918.560
[1, 18960] loss: 831493.121
[1, 18980] loss: 726903.574
[1, 19000] loss: 1223484.612
[1, 19020] loss: 778138.237
[1, 19040] loss: 736978.431
[1, 19060] loss: 569618.948
[1, 19080] loss: 1060966.095
[1, 19100] loss: 719818.642
[1, 19120] loss: 550407.579
[1, 19140] loss: 645529.585
[1, 19160] loss: 736477.688
[1, 19180] loss: 518655.749
[1, 19200] loss: 514420.870
[1, 19220] loss: 801857.595
[1, 19240] loss: 406372.584
[1, 19260] loss: 903136.932
[1, 19280] loss: 608177.260
[1, 19300] loss: 624521.497
[1, 19320] loss: 867017.289
[1, 19340] loss: 375978.229
[1, 19360] loss: 419788.589
[1, 19380] loss: 498589.808
[1, 19400] loss: 322329.543
[1, 19420] loss: 430547.646
[1, 19440] loss: 171377.385
[1, 19460] loss: 470751.531
[1, 19480] loss: 648757.634
[1, 19500] loss: 817399.408
[1, 19520] loss: 882444.893
[1, 19540] loss: 377517.818
[1, 19560] loss: 631666.351
[1, 19580] loss: 271732.441
[1, 19600] loss: 736057.839
[1, 19620] loss: 616535.924
[1, 19640] loss: 1255536.902
[1, 19660] loss: 626595.050
[1, 19680] loss: 177081.687
[1, 19700] loss: 445790.812
[1, 19720] loss: 232503.075
[1, 19740] loss: 674829.417
[1, 19760] loss: 503480.467
[1, 19780] loss: 234591.621
[1, 19800] loss: 337179.448
[1, 19820] loss: 249640.475
[1, 19840] loss: 530028.204
[1, 19860] loss: 506678.728
[1, 19880] loss: 380724.565
[1, 19900] loss: 257603.651
[1, 19920] loss: 174601.373
[1, 19940] loss: 353222.731
[1, 19960] loss: 307180.802
[1, 19980] loss: 421835.039
[1, 20000] loss: 210858.096
[1, 20020] loss: 341399.058
[1, 20040] loss: 436043.768
[1, 20060] loss: 211023.490
[1, 20080] loss: 525851.826
[1, 20100] loss: 487800.893
[1, 20120] loss: 271853.128
[1, 20140] loss: 306023.699
[1, 20160] loss: 299798.753
[1, 20180] loss: 196427.516
[1, 20200] loss: 565218.887
[1, 20220] loss: 386406.200
[1, 20240] loss: 279008.415
[1, 20260] loss: 231838.763
[1, 20280] loss: 368638.022
[1, 20300] loss: 380634.942
[1, 20320] loss: 535744.183
[1, 20340] loss: 267498.262
[1, 20360] loss: 237500.153
[1, 20380] loss: 306512.404
[1, 20400] loss: 202190.998
[1, 20420] loss: 1006563.726
[1, 20440] loss: 380575.783
[1, 20460] loss: 384134.547
[1, 20480] loss: 227711.942
[1, 20500] loss: 224050.422
[1, 20520] loss: 271420.537
[1, 20540] loss: 398383.581
[1, 20560] loss: 464736.598
[1, 20580] loss: 325140.015
[1, 20600] loss: 593693.408
[1, 20620] loss: 475616.400
[1, 20640] loss: 370079.234
[1, 20660] loss: 205164.895
[1, 20680] loss: 263659.626
[1, 20700] loss: 263535.127
[1, 20720] loss: 162039.377
[1, 20740] loss: 185544.132
[1, 20760] loss: 266495.009
[1, 20780] loss: 279712.868
[1, 20800] loss: 476944.087
[1, 20820] loss: 1158976.007
[1, 20840] loss: 260320.654
[1, 20860] loss: 190100.151
[1, 20880] loss: 229746.527
[1, 20900] loss: 335024.219
[1, 20920] loss: 327426.416
[1, 20940] loss: 183750.706
[1, 20960] loss: 559121.540
[1, 20980] loss: 217264.748
[1, 21000] loss: 285980.257
[1, 21020] loss: 197755.885
[1, 21040] loss: 151978.801
[1, 21060] loss: 214992.777
[1, 21080] loss: 202038.792
[1, 21100] loss: 206702.337
[1, 21120] loss: 394239.932
[1, 21140] loss: 461102.903
[1, 21160] loss: 237859.798
[1, 21180] loss: 126236.064
[1, 21200] loss: 416105.290
[1, 21220] loss: 108450.577
[1, 21240] loss: 233092.301
[1, 21260] loss: 498324.034
[1, 21280] loss: 202606.145
[1, 21300] loss: 220679.928
[1, 21320] loss: 269167.402
[1, 21340] loss: 290389.214
[1, 21360] loss: 147791.723
[1, 21380] loss: 154043.244
[1, 21400] loss: 83221.563
[1, 21420] loss: 266243.981
[1, 21440] loss: 114580.262
[1, 21460] loss: 185190.947
[1, 21480] loss: 186145.351
[1, 21500] loss: 116457.184
[1, 21520] loss: 138047.858
[1, 21540] loss: 259903.329
[1, 21560] loss: 266017.536
[1, 21580] loss: 154447.365
[1, 21600] loss: 193004.236
[1, 21620] loss: 107010.882
[1, 21640] loss: 60670.434
[1, 21660] loss: 82533.405
[1, 21680] loss: 167749.234
[1, 21700] loss: 107079.237
[1, 21720] loss: 118815.347
[1, 21740] loss: 251230.016
[1, 21760] loss: 254254.141
[1, 21780] loss: 190082.618
[1, 21800] loss: 118002.093
[1, 21820] loss: 110599.055
[1, 21840] loss: 80981.341
[1, 21860] loss: 86579.682
[1, 21880] loss: 184783.727
[1, 21900] loss: 240708.353
[1, 21920] loss: 172759.998
[1, 21940] loss: 262392.695
[1, 21960] loss: 175714.486
[1, 21980] loss: 120180.901
[1, 22000] loss: 232711.683
[1, 22020] loss: 197696.894
[1, 22040] loss: 138771.428
[1, 22060] loss: 127904.969
[1, 22080] loss: 102963.355
[1, 22100] loss: 194561.590
[1, 22120] loss: 197834.519
[1, 22140] loss: 169489.117
[1, 22160] loss: 775644.538
[1, 22180] loss: 610611.394
[1, 22200] loss: 1353436.100
[1, 22220] loss: 1397716.043
[1, 22240] loss: 365192.894
[1, 22260] loss: 146964.512
[1, 22280] loss: 72998.565
[1, 22300] loss: 175441.323
[1, 22320] loss: 234030.707
[1, 22340] loss: 457326.610
[1, 22360] loss: 203070.326
[1, 22380] loss: 110955.315
[1, 22400] loss: 108138.150
[1, 22420] loss: 72856.946
[1, 22440] loss: 72882.959
[1, 22460] loss: 161763.740
[1, 22480] loss: 218197.261
[1, 22500] loss: 233832.819
[1, 22520] loss: 112205.842
[1, 22540] loss: 95150.663
[1, 22560] loss: 137442.103
[1, 22580] loss: 197720.998
[1, 22600] loss: 99813.025
[1, 22620] loss: 174408.016
[1, 22640] loss: 125114.846
[1, 22660] loss: 60197.251
[1, 22680] loss: 143809.426
[1, 22700] loss: 89050.148
[1, 22720] loss: 110203.732
[1, 22740] loss: 34822.729
[1, 22760] loss: 152453.222
[1, 22780] loss: 78023.818
[1, 22800] loss: 192810.467
[1, 22820] loss: 707781.527
[1, 22840] loss: 675515.657
[1, 22860] loss: 207161.855
[1, 22880] loss: 106725.878
[1, 22900] loss: 153652.824
[1, 22920] loss: 840643.340
[1, 22940] loss: 677599.879
[1, 22960] loss: 782223.737
[1, 22980] loss: 649821.584
[1, 23000] loss: 784827.777
[1, 23020] loss: 466844.628
[1, 23040] loss: 297073.285
[1, 23060] loss: 183679.418
[1, 23080] loss: 480818.715
[1, 23100] loss: 69541.868
[1, 23120] loss: 72209.922
[1, 23140] loss: 48145.522
[1, 23160] loss: 47705.318
[1, 23180] loss: 63722.162
[1, 23200] loss: 75200.959
[1, 23220] loss: 62370.927
[1, 23240] loss: 82074.164
[1, 23260] loss: 27064.910
[1, 23280] loss: 36773.987
[1, 23300] loss: 71837.807
[1, 23320] loss: 161478.073
[1, 23340] loss: 32987.794
[1, 23360] loss: 165662.820
[1, 23380] loss: 168108.293
[1, 23400] loss: 170516.139
[1, 23420] loss: 283909.679
[1, 23440] loss: 376032.159
[1, 23460] loss: 5591691.500
[1, 23480] loss: 10603255.909
[1, 23500] loss: 7773390.210
[1, 23520] loss: 3733839.694
[1, 23540] loss: 1287728.522
[1, 23560] loss: 597776.080
[1, 23580] loss: 606078.862
[1, 23600] loss: 350313.773
[1, 23620] loss: 664627.342
[1, 23640] loss: 469076.917
[1, 23660] loss: 175065.866
[1, 23680] loss: 78660.733
[1, 23700] loss: 56483.314
[1, 23720] loss: 35769.290
[1, 23740] loss: 29931.260
[1, 23760] loss: 43147.126
[1, 23780] loss: 85289.265
[1, 23800] loss: 60937.036
[1, 23820] loss: 40518.833
[1, 23840] loss: 34940.716
[1, 23860] loss: 26491.378
[1, 23880] loss: 42113.695
[1, 23900] loss: 24465.267
[1, 23920] loss: 15387.505
[1, 23940] loss: 15889.343
[1, 23960] loss: 15108.824
[1, 23980] loss: 21072.424
[1, 24000] loss: 18446.934
[1, 24020] loss: 29718.931
[1, 24040] loss: 50636.862
[1, 24060] loss: 29705.373
[1, 24080] loss: 41691.923
[1, 24100] loss: 82629.490
[1, 24120] loss: 168701.801
[1, 24140] loss: 65563.833
[1, 24160] loss: 43076.023
[1, 24180] loss: 17233.723
[1, 24200] loss: 58299.077
[1, 24220] loss: 195596.624
[1, 24240] loss: 668589.763
[1, 24260] loss: 633183.467
[1, 24280] loss: 168406.231
[1, 24300] loss: 312706.701
[1, 24320] loss: 477651.089
[1, 24340] loss: 472898.776
[1, 24360] loss: 437912.698
[1, 24380] loss: 215620.585
[1, 24400] loss: 110757.816
[1, 24420] loss: 181127.709
[1, 24440] loss: 91139.463
[1, 24460] loss: 341909.375
[1, 24480] loss: 36068.645
[1, 24500] loss: 46872.862
[1, 24520] loss: 25610.137
[1, 24540] loss: 24662.908
[1, 24560] loss: 16802.279
[1, 24580] loss: 15983.751
[1, 24600] loss: 36207.715
[1, 24620] loss: 96087.129
[1, 24640] loss: 50757.524
[1, 24660] loss: 127742.798
[1, 24680] loss: 90790.012
[1, 24700] loss: 43619.411
[1, 24720] loss: 25645.543
[1, 24740] loss: 69228.598
[1, 24760] loss: 82369.599
[1, 24780] loss: 83372.773
[1, 24800] loss: 36544.251
[1, 24820] loss: 26352.194
[1, 24840] loss: 12035.114
[1, 24860] loss: 64970.406
[1, 24880] loss: 150114.677
[1, 24900] loss: 552862.890
[1, 24920] loss: 555148.103
[1, 24940] loss: 799493.795
[1, 24960] loss: 483942.117
[1, 24980] loss: 127125.121
[1, 25000] loss: 44832.377
[1, 25020] loss: 23363.262
[1, 25040] loss: 20015.551
[1, 25060] loss: 16399.145
[1, 25080] loss: 18677.112
[1, 25100] loss: 56390.330
[1, 25120] loss: 97848.421
[1, 25140] loss: 121837.819
[1, 25160] loss: 63181.738
[1, 25180] loss: 37563.571
[1, 25200] loss: 34483.811
[1, 25220] loss: 28421.678
[1, 25240] loss: 15954.566
[1, 25260] loss: 10109.102
[1, 25280] loss: 46882.917
[1, 25300] loss: 12023.628
[1, 25320] loss: 22550.941
[1, 25340] loss: 92076.220
[1, 25360] loss: 151793.788
[1, 25380] loss: 38787.806
[1, 25400] loss: 14793.547
[1, 25420] loss: 46994.138
[1, 25440] loss: 93999.031
[1, 25460] loss: 71986.748
[1, 25480] loss: 45677.933
[1, 25500] loss: 63893.464
[1, 25520] loss: 1042892.828
[1, 25540] loss: 2275278.257
[1, 25560] loss: 4475429.210
[1, 25580] loss: 1657855.205
[1, 25600] loss: 2342345.300
[1, 25620] loss: 1632932.490
[1, 25640] loss: 638508.247
[1, 25660] loss: 250513.241
[1, 25680] loss: 504243.114
[1, 25700] loss: 186757.614
[1, 25720] loss: 150723.398
[1, 25740] loss: 209188.836
[1, 25760] loss: 164449.080
[1, 25780] loss: 32721.289
[1, 25800] loss: 55098.447
[1, 25820] loss: 76538.082
[1, 25840] loss: 25202.979
[1, 25860] loss: 13458.176
[1, 25880] loss: 14540.722
[1, 25900] loss: 9615.369
[1, 25920] loss: 7889.499
[1, 25940] loss: 8923.943
[1, 25960] loss: 4016.882
[1, 25980] loss: 3024.475
[1, 26000] loss: 7150.238
[1, 26020] loss: 14165.622
[1, 26040] loss: 2657.734
[1, 26060] loss: 4931.959
[1, 26080] loss: 11952.856
[1, 26100] loss: 6588.884
[1, 26120] loss: 4296.694
[1, 26140] loss: 9106.696
[1, 26160] loss: 32249.751
[1, 26180] loss: 49196.295
[1, 26200] loss: 83418.855
[1, 26220] loss: 121057.406
[1, 26240] loss: 37340.737
[1, 26260] loss: 8773.251
[1, 26280] loss: 27118.070
[1, 26300] loss: 27659.628
[1, 26320] loss: 21497.749
[1, 26340] loss: 11232.128
[1, 26360] loss: 10088.353
[1, 26380] loss: 8261.199
[1, 26400] loss: 5896.562
[1, 26420] loss: 3720.921
[1, 26440] loss: 5160.473
[1, 26460] loss: 4690.795
[1, 26480] loss: 5039.128
[1, 26500] loss: 7072.766
[1, 26520] loss: 28299.077
[1, 26540] loss: 11737.952
[1, 26560] loss: 15197.253
[1, 26580] loss: 10112.843
[1, 26600] loss: 3377.153
[1, 26620] loss: 4351.208
[1, 26640] loss: 9779.521
[1, 26660] loss: 12185.980
[1, 26680] loss: 7812.823
[1, 26700] loss: 3474.497
[1, 26720] loss: 1784.672
[1, 26740] loss: 2243.977
[1, 26760] loss: 1840.839
[1, 26780] loss: 5264.162
[1, 26800] loss: 4583.032
[1, 26820] loss: 2425.186
[1, 26840] loss: 1936.819
[1, 26860] loss: 3850.455
[1, 26880] loss: 9480.313
[1, 26900] loss: 7179.598
[1, 26920] loss: 5432.696
[1, 26940] loss: 8738.744
[1, 26960] loss: 12626.709
[1, 26980] loss: 7580.600
[1, 27000] loss: 13500.748
[1, 27020] loss: 26006.908
[1, 27040] loss: 74603.467
[1, 27060] loss: 38630.815
[1, 27080] loss: 37502.312
[1, 27100] loss: 12582.859
[1, 27120] loss: 1429.590
[1, 27140] loss: 2452.171
[1, 27160] loss: 11502.723
[1, 27180] loss: 12475.424
[1, 27200] loss: 9461.835
[1, 27220] loss: 7541.151
[1, 27240] loss: 5395.631
[1, 27260] loss: 5482.331
[1, 27280] loss: 7605.414
[1, 27300] loss: 12987.516
[1, 27320] loss: 18394.857
[1, 27340] loss: 38437.557
[1, 27360] loss: 34047.237
[1, 27380] loss: 47518.840
[1, 27400] loss: 69523.140
[1, 27420] loss: 80192.301
[1, 27440] loss: 132356.326
[1, 27460] loss: 1966304.955
[1, 27480] loss: 3267022.297
[1, 27500] loss: 4895565.543
[1, 27520] loss: 5874349.439
[1, 27540] loss: 4506471.772
[1, 27560] loss: 1524630.375
[1, 27580] loss: 706246.413
[1, 27600] loss: 96051.049
[1, 27620] loss: 31480.943
[1, 27640] loss: 16885.693
[1, 27660] loss: 19148.410
[1, 27680] loss: 12572.237
[1, 27700] loss: 7187.791
[1, 27720] loss: 13428.615
[1, 27740] loss: 9139.427
[1, 27760] loss: 7191.648
[1, 27780] loss: 8412.768
[1, 27800] loss: 9481.817
[1, 27820] loss: 5242.101
[1, 27840] loss: 9571.315
[1, 27860] loss: 9384.693
[1, 27880] loss: 3969.565
[1, 27900] loss: 6960.318
[1, 27920] loss: 3332.984
[1, 27940] loss: 5426.338
[1, 27960] loss: 2092.774
[1, 27980] loss: 3016.983
[1, 28000] loss: 3070.743
[1, 28020] loss: 2347.099
[1, 28040] loss: 1914.577
[1, 28060] loss: 1823.628
[1, 28080] loss: 1673.715
[1, 28100] loss: 3340.711
[1, 28120] loss: 1990.640
[1, 28140] loss: 2279.206
[1, 28160] loss: 2316.711
[1, 28180] loss: 3001.914
[1, 28200] loss: 2215.813
[1, 28220] loss: 2080.605
[1, 28240] loss: 2167.377
[1, 28260] loss: 2186.107
[1, 28280] loss: 2476.199
[1, 28300] loss: 2314.565
[1, 28320] loss: 2520.528
[1, 28340] loss: 1882.635
[1, 28360] loss: 1139.454
[1, 28380] loss: 1582.829
[1, 28400] loss: 2228.946
[1, 28420] loss: 1807.149
[1, 28440] loss: 2550.374
[1, 28460] loss: 1974.778
[1, 28480] loss: 1858.712
[1, 28500] loss: 1679.990
[1, 28520] loss: 1282.585
[1, 28540] loss: 1331.376
[1, 28560] loss: 2533.261
[1, 28580] loss: 1249.649
[1, 28600] loss: 2443.697
[1, 28620] loss: 2304.865
[1, 28640] loss: 1567.923
[1, 28660] loss: 2514.033
[1, 28680] loss: 1518.543
[1, 28700] loss: 2155.364
[1, 28720] loss: 1051.074
[1, 28740] loss: 1206.602
[1, 28760] loss: 1979.407
[1, 28780] loss: 1336.951
[1, 28800] loss: 3047.560
[1, 28820] loss: 1189.107
[1, 28840] loss: 1641.072
[1, 28860] loss: 1320.292
[1, 28880] loss: 1829.197
[1, 28900] loss: 2363.782
[1, 28920] loss: 1339.989
[1, 28940] loss: 1427.315
[1, 28960] loss: 1964.280
[1, 28980] loss: 2307.850
[1, 29000] loss: 1172.204
[1, 29020] loss: 1439.774
[1, 29040] loss: 1343.168
[1, 29060] loss: 2532.445
[1, 29080] loss: 1679.173
[1, 29100] loss: 1352.496
[1, 29120] loss: 1086.159
[1, 29140] loss: 1432.105
[1, 29160] loss: 1397.244
[1, 29180] loss: 661.860
[1, 29200] loss: 783.584
[1, 29220] loss: 932.276
[1, 29240] loss: 1395.080
[1, 29260] loss: 1020.097
[1, 29280] loss: 726.250
[1, 29300] loss: 611.508
[1, 29320] loss: 1706.420
[1, 29340] loss: 1693.453
[1, 29360] loss: 1388.859
[1, 29380] loss: 1560.191
[1, 29400] loss: 1441.840
[1, 29420] loss: 1741.914
[1, 29440] loss: 3590.368
[1, 29460] loss: 989.494
[1, 29480] loss: 1043.074
[1, 29500] loss: 459.735
[1, 29520] loss: 1480.872
[1, 29540] loss: 1195.318
[1, 29560] loss: 607.050
[1, 29580] loss: 696.473
[1, 29600] loss: 1488.700
[1, 29620] loss: 2410.075
[1, 29640] loss: 878.068
[1, 29660] loss: 560.767
[1, 29680] loss: 1434.013
[1, 29700] loss: 968.236
[1, 29720] loss: 1167.385
[1, 29740] loss: 508.685
[1, 29760] loss: 485.586
[1, 29780] loss: 358.147
[1, 29800] loss: 696.082
[1, 29820] loss: 661.753
[1, 29840] loss: 451.066
[1, 29860] loss: 594.156
[1, 29880] loss: 714.218
[1, 29900] loss: 1821.424
[1, 29920] loss: 2859.818
[1, 29940] loss: 1897.381
[1, 29960] loss: 3453.901
[1, 29980] loss: 1751.854
[1, 30000] loss: 1514.267
[1, 30020] loss: 1316.304
[1, 30040] loss: 699.438
[1, 30060] loss: 2431.247
[1, 30080] loss: 1322.529
[1, 30100] loss: 525.128
[1, 30120] loss: 939.140
[1, 30140] loss: 579.719
[1, 30160] loss: 464.855
[1, 30180] loss: 380.854
[1, 30200] loss: 1090.243
[1, 30220] loss: 1186.655
[1, 30240] loss: 1031.470
[1, 30260] loss: 1513.140
[1, 30280] loss: 1159.766
[1, 30300] loss: 603.327
[1, 30320] loss: 674.111
[1, 30340] loss: 1252.957
[1, 30360] loss: 729.907
[1, 30380] loss: 2907.163
[1, 30400] loss: 3784.539
[1, 30420] loss: 5266.896
[2,    20] loss: 8317.536
[2,    40] loss: 2583.706
[2,    60] loss: 1810.353
[2,    80] loss: 423.653
[2,   100] loss: 437.325
[2,   120] loss: 1218.591
[2,   140] loss: 660.819
[2,   160] loss: 386.669
[2,   180] loss: 457.507
[2,   200] loss: 502.389
[2,   220] loss: 1381.509
[2,   240] loss: 2113.943
[2,   260] loss: 14819.141
[2,   280] loss: 1649.682
[2,   300] loss: 322.491
[2,   320] loss: 673.231
[2,   340] loss: 885.932
[2,   360] loss: 558.070
[2,   380] loss: 1139.116
[2,   400] loss: 450.594
[2,   420] loss: 475.101
[2,   440] loss: 400.274
[2,   460] loss: 709.502
[2,   480] loss: 1179.915
[2,   500] loss: 3825.571
[2,   520] loss: 2154.125
[2,   540] loss: 2058.614
[2,   560] loss: 10277.430
[2,   580] loss: 44325.653
[2,   600] loss: 16546.491
[2,   620] loss: 8879.036
[2,   640] loss: 4357.858
[2,   660] loss: 708.737
[2,   680] loss: 731.237
[2,   700] loss: 815.269
[2,   720] loss: 524.941
[2,   740] loss: 890.803
[2,   760] loss: 1348.504
[2,   780] loss: 846.584
[2,   800] loss: 591.160
[2,   820] loss: 4033.350
[2,   840] loss: 2666.504
[2,   860] loss: 1289.405
[2,   880] loss: 1075.306
[2,   900] loss: 2054.524
[2,   920] loss: 4117.423
[2,   940] loss: 1879.560
[2,   960] loss: 1321.150
[2,   980] loss: 656.278
[2,  1000] loss: 539.131
[2,  1020] loss: 909.081
[2,  1040] loss: 425.776
[2,  1060] loss: 362.398
[2,  1080] loss: 1623.169
[2,  1100] loss: 1850.978
[2,  1120] loss: 1080.722
[2,  1140] loss: 941.652
[2,  1160] loss: 1038.891
[2,  1180] loss: 285.583
[2,  1200] loss: 309.180
[2,  1220] loss: 239.914
[2,  1240] loss: 195.206
[2,  1260] loss: 352.572
[2,  1280] loss: 400.402
[2,  1300] loss: 441.721
[2,  1320] loss: 164.108
[2,  1340] loss: 378.840
[2,  1360] loss: 324.092
[2,  1380] loss: 304.220
[2,  1400] loss: 1096.619
[2,  1420] loss: 2245.404
[2,  1440] loss: 2624.212
[2,  1460] loss: 1195.389
[2,  1480] loss: 568.154
[2,  1500] loss: 157.061
[2,  1520] loss: 170.387
[2,  1540] loss: 220.179
[2,  1560] loss: 276.089
[2,  1580] loss: 464.516
[2,  1600] loss: 417.919
[2,  1620] loss: 246.067
[2,  1640] loss: 209.092
[2,  1660] loss: 101.684
[2,  1680] loss: 140.610
[2,  1700] loss: 512.804
[2,  1720] loss: 348.089
[2,  1740] loss: 556.565
[2,  1760] loss: 811.786
[2,  1780] loss: 298.882
[2,  1800] loss: 245.465
[2,  1820] loss: 227.944
[2,  1840] loss: 617.456
[2,  1860] loss: 876.039
[2,  1880] loss: 9658.394
[2,  1900] loss: 23447.268
[2,  1920] loss: 12349.095
[2,  1940] loss: 15047.404
[2,  1960] loss: 51569.309
[2,  1980] loss: 33767.455
[2,  2000] loss: 33425.429
[2,  2020] loss: 27709.349
[2,  2040] loss: 83152.650
[2,  2060] loss: 31459.951
[2,  2080] loss: 33018.273
[2,  2100] loss: 8543.338
[2,  2120] loss: 1531.611
[2,  2140] loss: 2441.622
[2,  2160] loss: 990.574
[2,  2180] loss: 816.559
[2,  2200] loss: 938.303
[2,  2220] loss: 1111.047
[2,  2240] loss: 583.653
[2,  2260] loss: 606.045
[2,  2280] loss: 578.449
[2,  2300] loss: 372.420
[2,  2320] loss: 189.645
[2,  2340] loss: 481.643
[2,  2360] loss: 401.781
[2,  2380] loss: 632.612
[2,  2400] loss: 545.671
[2,  2420] loss: 318.679
[2,  2440] loss: 299.115
[2,  2460] loss: 246.007
[2,  2480] loss: 133.344
[2,  2500] loss: 205.780
[2,  2520] loss: 169.584
[2,  2540] loss: 113.883
[2,  2560] loss: 788.669
[2,  2580] loss: 1478.230
[2,  2600] loss: 363.360
[2,  2620] loss: 297.439
[2,  2640] loss: 237.054
[2,  2660] loss: 130.050
[2,  2680] loss: 202.601
[2,  2700] loss: 142.736
[2,  2720] loss: 227.721
[2,  2740] loss: 220.353
[2,  2760] loss: 229.391
[2,  2780] loss: 846.690
[2,  2800] loss: 583.823
[2,  2820] loss: 191.195
[2,  2840] loss: 182.477
[2,  2860] loss: 112.396
[2,  2880] loss: 216.074
[2,  2900] loss: 188.131
[2,  2920] loss: 162.275
[2,  2940] loss: 68.594
[2,  2960] loss: 79.938
[2,  2980] loss: 312.930
[2,  3000] loss: 335.206
[2,  3020] loss: 243.141
[2,  3040] loss: 81.237
[2,  3060] loss: 118.243
[2,  3080] loss: 105.795
[2,  3100] loss: 182.017
[2,  3120] loss: 119.175
[2,  3140] loss: 130.082
[2,  3160] loss: 97.138
[2,  3180] loss: 86.754
[2,  3200] loss: 86.473
[2,  3220] loss: 66.262
[2,  3240] loss: 58.032
[2,  3260] loss: 233.819
[2,  3280] loss: 1423.551
[2,  3300] loss: 1041.983
[2,  3320] loss: 1575.370
[2,  3340] loss: 1360.519
[2,  3360] loss: 2149.838
[2,  3380] loss: 745.247
[2,  3400] loss: 2263.649
[2,  3420] loss: 491.250
[2,  3440] loss: 84.117
[2,  3460] loss: 543.766
[2,  3480] loss: 864.654
[2,  3500] loss: 2377.254
[2,  3520] loss: 1739.195
[2,  3540] loss: 360.571
[2,  3560] loss: 234.415
[2,  3580] loss: 1350.102
[2,  3600] loss: 4007.241
[2,  3620] loss: 1100.405
[2,  3640] loss: 1097.130
[2,  3660] loss: 590.983
[2,  3680] loss: 201.643
[2,  3700] loss: 281.010
[2,  3720] loss: 2351.086
[2,  3740] loss: 745.737
[2,  3760] loss: 1444.251
[2,  3780] loss: 1787.936
[2,  3800] loss: 3921.351
[2,  3820] loss: 1842.423
[2,  3840] loss: 1506.555
[2,  3860] loss: 1014.642
[2,  3880] loss: 1078.459
[2,  3900] loss: 431.794
[2,  3920] loss: 429.699
[2,  3940] loss: 155.926
[2,  3960] loss: 279.621
[2,  3980] loss: 439.519
[2,  4000] loss: 459.766
[2,  4020] loss: 200.137
[2,  4040] loss: 421.703
[2,  4060] loss: 149.027
[2,  4080] loss: 215.805
[2,  4100] loss: 250.341
[2,  4120] loss: 91.868
[2,  4140] loss: 151.769
[2,  4160] loss: 216.630
[2,  4180] loss: 295.050
[2,  4200] loss: 510.537
[2,  4220] loss: 101.138
[2,  4240] loss: 78.639
[2,  4260] loss: 77.767
[2,  4280] loss: 54.467
[2,  4300] loss: 83.193
[2,  4320] loss: 153.500
[2,  4340] loss: 95.083
[2,  4360] loss: 126.871
[2,  4380] loss: 494.850
[2,  4400] loss: 355.103
[2,  4420] loss: 673.939
[2,  4440] loss: 2092.503
[2,  4460] loss: 17684.911
[2,  4480] loss: 123338.281
[2,  4500] loss: 23406772.003
[2,  4520] loss: 88165878700.731
[2,  4540] loss: 215044817778.000
[2,  4560] loss: 687161206322.000
[2,  4580] loss: 2947194221528.600
[2,  4600] loss: 4970496848691.200
[2,  4620] loss: 399504973744.000
[2,  4640] loss: 472314151526.400
[2,  4660] loss: 75902651496.800
[2,  4680] loss: 27073633863.200
[2,  4700] loss: 2541793456.350
[2,  4720] loss: 354138269.162
[2,  4740] loss: 231331744.706
[2,  4760] loss: 181220735.048
[2,  4780] loss: 230297019.956
[2,  4800] loss: 200329685.228
[2,  4820] loss: 201014645.162
[2,  4840] loss: 350336860.950
[2,  4860] loss: 187477303.466
[2,  4880] loss: 322743666.205
[2,  4900] loss: 167613068.800
[2,  4920] loss: 221108977.625
[2,  4940] loss: 99145358.200
[2,  4960] loss: 84904596.531
[2,  4980] loss: 166877942.225
[2,  5000] loss: 214633874.533
[2,  5020] loss: 151941670.775
[2,  5040] loss: 116706249.015
[2,  5060] loss: 164257723.344
[2,  5080] loss: 155796956.499
[2,  5100] loss: 72420680.588
[2,  5120] loss: 145209686.465
[2,  5140] loss: 103938701.862
[2,  5160] loss: 84465839.371
[2,  5180] loss: 119929851.220
[2,  5200] loss: 62711606.800
[2,  5220] loss: 100399084.991
[2,  5240] loss: 99597260.867
[2,  5260] loss: 42192858.763
[2,  5280] loss: 99367989.388
[2,  5300] loss: 77620026.263
[2,  5320] loss: 51552837.179
[2,  5340] loss: 95285434.019
[2,  5360] loss: 95338617.055
[2,  5380] loss: 128762523.112
[2,  5400] loss: 62568170.121
[2,  5420] loss: 43940774.532
[2,  5440] loss: 59397493.655
[2,  5460] loss: 63384178.184
[2,  5480] loss: 102259054.218
[2,  5500] loss: 37811107.076
[2,  5520] loss: 64556991.862
[2,  5540] loss: 62320884.869
[2,  5560] loss: 48830668.688
[2,  5580] loss: 79516089.340
[2,  5600] loss: 38331393.033
[2,  5620] loss: 43590120.599
[2,  5640] loss: 65746968.654
[2,  5660] loss: 62100389.833
[2,  5680] loss: 65421509.207
[2,  5700] loss: 49898931.258
[2,  5720] loss: 69063951.091
[2,  5740] loss: 87042313.900
[2,  5760] loss: 32113920.715
[2,  5780] loss: 27042062.275
[2,  5800] loss: 72225581.013
[2,  5820] loss: 47758576.835
[2,  5840] loss: 55789165.004
[2,  5860] loss: 51814143.322
[2,  5880] loss: 65458690.073
[2,  5900] loss: 32818229.624
[2,  5920] loss: 22124535.217
[2,  5940] loss: 31110287.538
[2,  5960] loss: 35109735.916
[2,  5980] loss: 67400889.796
[2,  6000] loss: 67753091.727
[2,  6020] loss: 33106747.625
[2,  6040] loss: 40666132.987
[2,  6060] loss: 38331444.502
[2,  6080] loss: 42736274.209
[2,  6100] loss: 31825053.729
[2,  6120] loss: 26630333.868
[2,  6140] loss: 33365074.970
[2,  6160] loss: 26859683.053
[2,  6180] loss: 32954699.093
[2,  6200] loss: 82077006.634
[2,  6220] loss: 63267987.747
[2,  6240] loss: 37422556.991
[2,  6260] loss: 19676025.604
[2,  6280] loss: 48772426.624
[2,  6300] loss: 27837675.714
[2,  6320] loss: 34355828.885
[2,  6340] loss: 57248932.757
[2,  6360] loss: 32687795.878
[2,  6380] loss: 37360744.140
[2,  6400] loss: 15346333.967
[2,  6420] loss: 29965016.856
[2,  6440] loss: 42370178.905
[2,  6460] loss: 15724301.683
[2,  6480] loss: 35441930.392
[2,  6500] loss: 32567835.383
[2,  6520] loss: 30673706.319
[2,  6540] loss: 30695804.348
[2,  6560] loss: 34020288.143
[2,  6580] loss: 35856476.090
[2,  6600] loss: 22902978.763
[2,  6620] loss: 16401477.707
[2,  6640] loss: 22057725.143
[2,  6660] loss: 37021935.441
[2,  6680] loss: 27743621.973
[2,  6700] loss: 26232365.742
[2,  6720] loss: 39857714.452
[2,  6740] loss: 38077638.042
[2,  6760] loss: 40398915.701
[2,  6780] loss: 20978404.438
[2,  6800] loss: 19175698.916
[2,  6820] loss: 28548517.157
[2,  6840] loss: 19685831.751
[2,  6860] loss: 30526047.276
[2,  6880] loss: 11245794.037
[2,  6900] loss: 43260148.620
[2,  6920] loss: 37154949.734
[2,  6940] loss: 28749961.957
[2,  6960] loss: 11508359.261
[2,  6980] loss: 22837105.235
[2,  7000] loss: 34631826.225
[2,  7020] loss: 15823765.255
[2,  7040] loss: 27977693.652
[2,  7060] loss: 35695100.781
[2,  7080] loss: 23048871.894
[2,  7100] loss: 29227205.632
[2,  7120] loss: 24831987.634
[2,  7140] loss: 23606278.482
[2,  7160] loss: 12122140.730
[2,  7180] loss: 20530833.559
[2,  7200] loss: 17740636.677
[2,  7220] loss: 25963677.919
[2,  7240] loss: 19693086.019
[2,  7260] loss: 19896044.552
[2,  7280] loss: 19923224.976
[2,  7300] loss: 33839313.335
[2,  7320] loss: 31028399.712
[2,  7340] loss: 21012562.711
[2,  7360] loss: 19749254.357
[2,  7380] loss: 27381603.701
[2,  7400] loss: 16088067.199
[2,  7420] loss: 20577602.922
[2,  7440] loss: 23510033.874
[2,  7460] loss: 15675991.282
[2,  7480] loss: 30656787.586
[2,  7500] loss: 21826425.966
[2,  7520] loss: 19774935.039
[2,  7540] loss: 17196651.674
[2,  7560] loss: 21384331.175
[2,  7580] loss: 22207590.570
[2,  7600] loss: 19412384.395
[2,  7620] loss: 16091992.954
[2,  7640] loss: 11709799.381
[2,  7660] loss: 21128960.622
[2,  7680] loss: 29678958.752
[2,  7700] loss: 17355163.236
[2,  7720] loss: 16625283.786
[2,  7740] loss: 15804847.605
[2,  7760] loss: 24622717.175
[2,  7780] loss: 14248788.242
[2,  7800] loss: 22278782.981
[2,  7820] loss: 21565242.215
[2,  7840] loss: 25537693.293
[2,  7860] loss: 15850310.031
[2,  7880] loss: 7494881.904
[2,  7900] loss: 11395894.704
[2,  7920] loss: 15200927.482
[2,  7940] loss: 10024817.754
[2,  7960] loss: 20611548.484
[2,  7980] loss: 20161778.462
[2,  8000] loss: 16623364.753
[2,  8020] loss: 17585851.623
[2,  8040] loss: 8284216.995
[2,  8060] loss: 10373257.063
[2,  8080] loss: 11542773.994
[2,  8100] loss: 8832183.914
[2,  8120] loss: 11971610.458
[2,  8140] loss: 25055810.739
[2,  8160] loss: 14742938.664
[2,  8180] loss: 7442522.450
[2,  8200] loss: 16945032.105
[2,  8220] loss: 19320621.111
[2,  8240] loss: 11136125.222
[2,  8260] loss: 14519989.564
[2,  8280] loss: 17704036.293
[2,  8300] loss: 13737712.153
[2,  8320] loss: 10794775.271
[2,  8340] loss: 5932734.149
[2,  8360] loss: 8282561.922
[2,  8380] loss: 14358094.438
[2,  8400] loss: 16273208.919
[2,  8420] loss: 10674030.852
[2,  8440] loss: 14073874.663
[2,  8460] loss: 10147109.670
[2,  8480] loss: 9590193.026
[2,  8500] loss: 31098198.306
[2,  8520] loss: 12396752.292
[2,  8540] loss: 16505706.078
[2,  8560] loss: 9420386.802
[2,  8580] loss: 4928856.230
[2,  8600] loss: 18055850.535
[2,  8620] loss: 7745524.667
[2,  8640] loss: 6405944.146
[2,  8660] loss: 9467132.060
[2,  8680] loss: 6434263.475
[2,  8700] loss: 9823117.295
[2,  8720] loss: 5035161.484
[2,  8740] loss: 15419627.430
[2,  8760] loss: 12708295.499
[2,  8780] loss: 10964538.691
[2,  8800] loss: 13865449.260
[2,  8820] loss: 12752761.993
[2,  8840] loss: 7736477.157
[2,  8860] loss: 5348517.593
[2,  8880] loss: 9945327.904
[2,  8900] loss: 11682365.086
[2,  8920] loss: 8572846.188
[2,  8940] loss: 5209644.458
[2,  8960] loss: 10277939.210
[2,  8980] loss: 6186975.642
[2,  9000] loss: 4709551.147
[2,  9020] loss: 9822476.172
[2,  9040] loss: 11685027.544
[2,  9060] loss: 10012437.442
[2,  9080] loss: 10282793.437
[2,  9100] loss: 11382605.634
[2,  9120] loss: 9694616.892
[2,  9140] loss: 5235394.193
[2,  9160] loss: 10196542.596
[2,  9180] loss: 12117594.873
[2,  9200] loss: 4963739.544
[2,  9220] loss: 4555518.028
[2,  9240] loss: 5498056.029
[2,  9260] loss: 16048440.112
[2,  9280] loss: 11987193.714
[2,  9300] loss: 4433300.545
[2,  9320] loss: 3660784.292
[2,  9340] loss: 6831241.176
[2,  9360] loss: 9480750.630
[2,  9380] loss: 8231038.542
[2,  9400] loss: 9334661.384
[2,  9420] loss: 13578997.600
[2,  9440] loss: 6091912.237
[2,  9460] loss: 4743891.468
[2,  9480] loss: 6356993.884
[2,  9500] loss: 3664109.906
[2,  9520] loss: 2799327.043
[2,  9540] loss: 7199881.906
[2,  9560] loss: 3583369.035
[2,  9580] loss: 9973272.372
[2,  9600] loss: 4826129.239
[2,  9620] loss: 6707364.766
[2,  9640] loss: 5755570.232
[2,  9660] loss: 4018853.298
[2,  9680] loss: 4970525.933
[2,  9700] loss: 5498510.931
[2,  9720] loss: 3318007.754
[2,  9740] loss: 13611260.110
[2,  9760] loss: 12889021.139
[2,  9780] loss: 6928915.562
[2,  9800] loss: 14744726.487
[2,  9820] loss: 10706572.663
[2,  9840] loss: 9056918.283
[2,  9860] loss: 20343130.520
[2,  9880] loss: 8640603.058
[2,  9900] loss: 11315971.549
[2,  9920] loss: 7501217.244
[2,  9940] loss: 5178378.951
[2,  9960] loss: 5231590.236
[2,  9980] loss: 1137023.238
[2, 10000] loss: 8816992.849
[2, 10020] loss: 9242009.155
[2, 10040] loss: 19681510.738
[2, 10060] loss: 19793138.669
[2, 10080] loss: 14391926.755
[2, 10100] loss: 11485326.117
[2, 10120] loss: 16072950.253
[2, 10140] loss: 7031912.178
[2, 10160] loss: 7715201.788
[2, 10180] loss: 7336913.496
[2, 10200] loss: 9011456.491
[2, 10220] loss: 4895937.904
[2, 10240] loss: 5822003.680
[2, 10260] loss: 6616367.212
[2, 10280] loss: 3552386.036
[2, 10300] loss: 4509338.893
[2, 10320] loss: 4849249.637
[2, 10340] loss: 9487418.740
[2, 10360] loss: 3380395.461
[2, 10380] loss: 8935147.595
[2, 10400] loss: 5408390.566
[2, 10420] loss: 5555057.953
[2, 10440] loss: 4721448.513
[2, 10460] loss: 5255514.936
[2, 10480] loss: 5442604.504
[2, 10500] loss: 9837860.130
[2, 10520] loss: 6267223.992
[2, 10540] loss: 10291302.678
[2, 10560] loss: 13966235.043
[2, 10580] loss: 7836957.669
[2, 10600] loss: 8356018.506
[2, 10620] loss: 8975229.088
[2, 10640] loss: 6309888.315
[2, 10660] loss: 6208074.084
[2, 10680] loss: 5072435.594
[2, 10700] loss: 3420399.267
[2, 10720] loss: 6414655.287
[2, 10740] loss: 9003504.151
[2, 10760] loss: 10070347.521
[2, 10780] loss: 20190234.001
[2, 10800] loss: 32189741.642
[2, 10820] loss: 11415760.665
[2, 10840] loss: 8979354.100
[2, 10860] loss: 5500839.114
[2, 10880] loss: 5427852.484
[2, 10900] loss: 3429242.156
[2, 10920] loss: 11164614.226
[2, 10940] loss: 16382751.982
[2, 10960] loss: 4156185.806
[2, 10980] loss: 3685648.953
[2, 11000] loss: 2944716.156
[2, 11020] loss: 3441215.182
[2, 11040] loss: 5290946.875
[2, 11060] loss: 3073118.502
[2, 11080] loss: 6307107.052
[2, 11100] loss: 4637491.570
[2, 11120] loss: 4883683.761
[2, 11140] loss: 2411664.347
[2, 11160] loss: 5058372.918
[2, 11180] loss: 11708420.879
[2, 11200] loss: 6315396.981
[2, 11220] loss: 3995190.327
[2, 11240] loss: 3263691.426
[2, 11260] loss: 7361067.566
[2, 11280] loss: 3752416.003
[2, 11300] loss: 4161763.380
[2, 11320] loss: 5591679.842
[2, 11340] loss: 3465566.471
[2, 11360] loss: 2781891.988
[2, 11380] loss: 3957864.617
[2, 11400] loss: 3663994.963
[2, 11420] loss: 5390124.481
[2, 11440] loss: 8084597.657
[2, 11460] loss: 10893234.290
[2, 11480] loss: 11883351.226
[2, 11500] loss: 7883225.417
[2, 11520] loss: 28871802.438
[2, 11540] loss: 18580092.216
[2, 11560] loss: 18285382.966
[2, 11580] loss: 8083551.913
[2, 11600] loss: 6997698.918
[2, 11620] loss: 6348399.348
[2, 11640] loss: 8102389.608
[2, 11660] loss: 6459035.129
[2, 11680] loss: 9725627.565
[2, 11700] loss: 1681768.640
[2, 11720] loss: 4325939.711
[2, 11740] loss: 2767412.763
[2, 11760] loss: 2549134.549
[2, 11780] loss: 2639260.454
[2, 11800] loss: 2720861.091
[2, 11820] loss: 1576744.246
[2, 11840] loss: 1876583.389
[2, 11860] loss: 3085044.032
[2, 11880] loss: 3810658.348
[2, 11900] loss: 2252578.460
[2, 11920] loss: 2182765.910
[2, 11940] loss: 1314041.851
[2, 11960] loss: 3285170.733
[2, 11980] loss: 2486890.747
[2, 12000] loss: 3581464.421
[2, 12020] loss: 2499743.265
[2, 12040] loss: 3424108.201
[2, 12060] loss: 2227828.231
[2, 12080] loss: 3958018.518
[2, 12100] loss: 2085779.216
[2, 12120] loss: 3002161.943
[2, 12140] loss: 2517498.829
[2, 12160] loss: 1172949.386
[2, 12180] loss: 3579018.476
[2, 12200] loss: 1543958.928
[2, 12220] loss: 5580693.355
[2, 12240] loss: 4425645.023
[2, 12260] loss: 5149480.802
[2, 12280] loss: 1670116.973
[2, 12300] loss: 5176818.045
[2, 12320] loss: 1524750.565
[2, 12340] loss: 3359567.539
[2, 12360] loss: 6161673.985
[2, 12380] loss: 3005295.846
[2, 12400] loss: 5855765.997
[2, 12420] loss: 10554805.935
[2, 12440] loss: 18709922.312
[2, 12460] loss: 12084894.237
[2, 12480] loss: 16561244.084
[2, 12500] loss: 3798794.979
[2, 12520] loss: 7719906.971
[2, 12540] loss: 2063409.052
[2, 12560] loss: 2099466.306
[2, 12580] loss: 1774052.448
[2, 12600] loss: 1699916.797
[2, 12620] loss: 3567449.890
[2, 12640] loss: 2618600.602
[2, 12660] loss: 1567947.987
[2, 12680] loss: 847403.579
[2, 12700] loss: 838841.950
[2, 12720] loss: 1612444.170
[2, 12740] loss: 3131473.397
[2, 12760] loss: 1325213.738
[2, 12780] loss: 2653565.911
[2, 12800] loss: 3779087.492
[2, 12820] loss: 9253628.189
[2, 12840] loss: 26773049.462
[2, 12860] loss: 27580873.882
[2, 12880] loss: 18211668.014
[2, 12900] loss: 21453751.678
[2, 12920] loss: 25881399.321
[2, 12940] loss: 10600165.774
[2, 12960] loss: 2673608.004
[2, 12980] loss: 4013041.074
[2, 13000] loss: 2839574.750
[2, 13020] loss: 1604321.106
[2, 13040] loss: 1372404.212
[2, 13060] loss: 1148436.110
[2, 13080] loss: 1272567.021
[2, 13100] loss: 1667790.619
[2, 13120] loss: 3281975.330
[2, 13140] loss: 4879506.526
[2, 13160] loss: 4780582.496
[2, 13180] loss: 2439501.496
[2, 13200] loss: 791172.014
[2, 13220] loss: 1607188.538
[2, 13240] loss: 3385583.781
[2, 13260] loss: 1808074.500
[2, 13280] loss: 1944348.283
[2, 13300] loss: 1044145.276
[2, 13320] loss: 1248774.732
[2, 13340] loss: 3033465.291
[2, 13360] loss: 5196226.662
[2, 13380] loss: 3378789.863
[2, 13400] loss: 1899063.393
[2, 13420] loss: 860190.598
[2, 13440] loss: 2852177.807
[2, 13460] loss: 1271968.302
[2, 13480] loss: 2440150.167
[2, 13500] loss: 908515.735
[2, 13520] loss: 2145757.572
[2, 13540] loss: 1622584.624
[2, 13560] loss: 1824813.680
[2, 13580] loss: 1113070.531
[2, 13600] loss: 2221863.879
[2, 13620] loss: 1334671.713
[2, 13640] loss: 1081849.442
[2, 13660] loss: 1028472.060
[2, 13680] loss: 1310362.558
[2, 13700] loss: 1720988.193
[2, 13720] loss: 1006209.809
[2, 13740] loss: 1760497.346
[2, 13760] loss: 1407357.505
[2, 13780] loss: 1195780.683
[2, 13800] loss: 327997.751
[2, 13820] loss: 859704.442
[2, 13840] loss: 800091.078
[2, 13860] loss: 1064304.376
[2, 13880] loss: 828185.904
[2, 13900] loss: 622292.246
[2, 13920] loss: 1616388.261
[2, 13940] loss: 885969.567
[2, 13960] loss: 1957386.887
[2, 13980] loss: 1621836.677
[2, 14000] loss: 914572.645
[2, 14020] loss: 830869.122
[2, 14040] loss: 1309946.671
[2, 14060] loss: 1364036.987
[2, 14080] loss: 1010145.089
[2, 14100] loss: 891386.849
[2, 14120] loss: 981050.793
[2, 14140] loss: 347515.808
[2, 14160] loss: 955931.188
[2, 14180] loss: 780587.165
[2, 14200] loss: 1131370.624
[2, 14220] loss: 1126179.815
[2, 14240] loss: 442700.077
[2, 14260] loss: 901439.774
[2, 14280] loss: 905255.746
[2, 14300] loss: 2179804.789
[2, 14320] loss: 1027362.330
[2, 14340] loss: 2065744.096
[2, 14360] loss: 2318740.112
[2, 14380] loss: 2926286.161
[2, 14400] loss: 3976833.288
[2, 14420] loss: 2715536.574
[2, 14440] loss: 1632994.099
[2, 14460] loss: 1299238.534
[2, 14480] loss: 1158139.160
[2, 14500] loss: 1612894.030
[2, 14520] loss: 4360216.705
[2, 14540] loss: 3968550.790
[2, 14560] loss: 1138422.090
[2, 14580] loss: 2050338.444
[2, 14600] loss: 3617901.425
[2, 14620] loss: 1726476.961
[2, 14640] loss: 3413226.944
[2, 14660] loss: 2394703.757
[2, 14680] loss: 1616350.350
[2, 14700] loss: 1511418.893
[2, 14720] loss: 699892.448
[2, 14740] loss: 1528141.705
[2, 14760] loss: 863361.868
[2, 14780] loss: 526402.090
[2, 14800] loss: 593021.387
[2, 14820] loss: 377437.811
[2, 14840] loss: 1064682.821
[2, 14860] loss: 2184009.356
[2, 14880] loss: 1401760.864
[2, 14900] loss: 1166713.822
[2, 14920] loss: 2667421.800
[2, 14940] loss: 1777211.171
[2, 14960] loss: 2402600.183
[2, 14980] loss: 936934.247
[2, 15000] loss: 496886.727
[2, 15020] loss: 384879.847
[2, 15040] loss: 876484.819
[2, 15060] loss: 1709484.879
[2, 15080] loss: 1594666.202
[2, 15100] loss: 3565399.217
[2, 15120] loss: 3209409.159
[2, 15140] loss: 2055406.807
[2, 15160] loss: 3690842.022
[2, 15180] loss: 1528410.834
[2, 15200] loss: 895607.627
[2, 15220] loss: 937054.643
[2, 15240] loss: 679750.830
[2, 15260] loss: 1279262.484
[2, 15280] loss: 1113612.566
[2, 15300] loss: 380552.009
[2, 15320] loss: 627133.626
[2, 15340] loss: 671297.116
[2, 15360] loss: 409424.412
[2, 15380] loss: 404398.777
[2, 15400] loss: 525626.776
[2, 15420] loss: 514505.941
[2, 15440] loss: 718104.908
[2, 15460] loss: 680092.215
[2, 15480] loss: 444257.489
[2, 15500] loss: 820892.947
[2, 15520] loss: 927890.113
[2, 15540] loss: 1491189.227
[2, 15560] loss: 1424092.854
[2, 15580] loss: 1109712.945
[2, 15600] loss: 1649457.008
[2, 15620] loss: 3810714.312
[2, 15640] loss: 4799962.976
[2, 15660] loss: 9264940.390
[2, 15680] loss: 3282272.397
[2, 15700] loss: 1274805.855
[2, 15720] loss: 598417.494
[2, 15740] loss: 1299736.684
[2, 15760] loss: 1023220.044
[2, 15780] loss: 738741.341
[2, 15800] loss: 473753.630
[2, 15820] loss: 1139004.952
[2, 15840] loss: 648833.899
[2, 15860] loss: 643231.302
[2, 15880] loss: 1390466.735
[2, 15900] loss: 985404.962
[2, 15920] loss: 557436.550
[2, 15940] loss: 472602.745
[2, 15960] loss: 341067.497
[2, 15980] loss: 509835.736
[2, 16000] loss: 424004.658
[2, 16020] loss: 811888.028
[2, 16040] loss: 508664.056
[2, 16060] loss: 578396.461
[2, 16080] loss: 833290.054
[2, 16100] loss: 920961.430
[2, 16120] loss: 279183.869
[2, 16140] loss: 471369.771
[2, 16160] loss: 1001616.645
[2, 16180] loss: 316099.693
[2, 16200] loss: 214568.684
[2, 16220] loss: 263955.295
[2, 16240] loss: 255540.941
[2, 16260] loss: 231247.488
[2, 16280] loss: 233638.946
[2, 16300] loss: 176595.049
[2, 16320] loss: 323375.087
[2, 16340] loss: 245867.636
[2, 16360] loss: 106713.430
[2, 16380] loss: 286412.519
[2, 16400] loss: 947350.831
[2, 16420] loss: 451730.275
[2, 16440] loss: 1235630.950
[2, 16460] loss: 2071693.280
[2, 16480] loss: 2050501.400
[2, 16500] loss: 1640783.877
[2, 16520] loss: 2141879.249
[2, 16540] loss: 838715.224
[2, 16560] loss: 846414.936
[2, 16580] loss: 526811.636
[2, 16600] loss: 714619.902
[2, 16620] loss: 512726.262
[2, 16640] loss: 138437.878
[2, 16660] loss: 410975.622
[2, 16680] loss: 403162.955
[2, 16700] loss: 280529.788
[2, 16720] loss: 601460.799
[2, 16740] loss: 577034.814
[2, 16760] loss: 301554.691
[2, 16780] loss: 643405.975
[2, 16800] loss: 187889.471
[2, 16820] loss: 187387.534
[2, 16840] loss: 194182.704
[2, 16860] loss: 156788.022
[2, 16880] loss: 133087.354
[2, 16900] loss: 398716.053
[2, 16920] loss: 437960.993
[2, 16940] loss: 242856.875
[2, 16960] loss: 119375.348
[2, 16980] loss: 160024.941
[2, 17000] loss: 152189.097
[2, 17020] loss: 415815.883
[2, 17040] loss: 362580.491
[2, 17060] loss: 242200.555
[2, 17080] loss: 307407.679
[2, 17100] loss: 452033.796
[2, 17120] loss: 1480444.606
[2, 17140] loss: 1075229.615
[2, 17160] loss: 1649538.813
[2, 17180] loss: 1911795.684
[2, 17200] loss: 953304.171
[2, 17220] loss: 1501327.021
[2, 17240] loss: 434722.220
[2, 17260] loss: 246740.523
[2, 17280] loss: 88558.531
[2, 17300] loss: 152711.933
[2, 17320] loss: 201436.690
[2, 17340] loss: 223777.399
[2, 17360] loss: 130685.300
[2, 17380] loss: 130694.042
[2, 17400] loss: 152472.758
[2, 17420] loss: 143188.622
[2, 17440] loss: 126408.670
[2, 17460] loss: 648624.806
[2, 17480] loss: 536536.129
[2, 17500] loss: 184729.174
[2, 17520] loss: 248940.509
[2, 17540] loss: 172609.097
[2, 17560] loss: 105773.398
[2, 17580] loss: 74963.268
[2, 17600] loss: 136722.241
[2, 17620] loss: 335489.974
[2, 17640] loss: 644694.616
[2, 17660] loss: 881637.482
[2, 17680] loss: 2015780.485
[2, 17700] loss: 903577.419
[2, 17720] loss: 2081555.867
[2, 17740] loss: 2167547.166
[2, 17760] loss: 1575686.115
[2, 17780] loss: 1238277.564
[2, 17800] loss: 949514.817
[2, 17820] loss: 513403.881
[2, 17840] loss: 569063.370
[2, 17860] loss: 492152.378
[2, 17880] loss: 152690.345
[2, 17900] loss: 66392.477
[2, 17920] loss: 77021.169
[2, 17940] loss: 58307.552
[2, 17960] loss: 20373.279
[2, 17980] loss: 90833.657
[2, 18000] loss: 63054.999
[2, 18020] loss: 47898.231
[2, 18040] loss: 72666.569
[2, 18060] loss: 101371.027
[2, 18080] loss: 82598.291
[2, 18100] loss: 43201.655
[2, 18120] loss: 131193.399
[2, 18140] loss: 65808.894
[2, 18160] loss: 102903.453
[2, 18180] loss: 85824.656
[2, 18200] loss: 36230.089
[2, 18220] loss: 39604.340
[2, 18240] loss: 41558.850
[2, 18260] loss: 27719.365
[2, 18280] loss: 38945.593
[2, 18300] loss: 28712.430
[2, 18320] loss: 45289.884
[2, 18340] loss: 72942.458
[2, 18360] loss: 88990.733
[2, 18380] loss: 73796.545
[2, 18400] loss: 89548.692
[2, 18420] loss: 87864.291
[2, 18440] loss: 71353.373
[2, 18460] loss: 164826.219
[2, 18480] loss: 31853.345
[2, 18500] loss: 52652.700
[2, 18520] loss: 113989.440
[2, 18540] loss: 74733.113
[2, 18560] loss: 77186.613
[2, 18580] loss: 217220.079
[2, 18600] loss: 124116.177
[2, 18620] loss: 65037.302
[2, 18640] loss: 25822.033
[2, 18660] loss: 80481.907
[2, 18680] loss: 83987.003
[2, 18700] loss: 179313.978
[2, 18720] loss: 459289.647
[2, 18740] loss: 218096.595
[2, 18760] loss: 216210.233
[2, 18780] loss: 276569.411
[2, 18800] loss: 170024.463
[2, 18820] loss: 61472.264
[2, 18840] loss: 42933.014
[2, 18860] loss: 49961.905
[2, 18880] loss: 80486.835
[2, 18900] loss: 50565.156
[2, 18920] loss: 185577.114
[2, 18940] loss: 228517.707
[2, 18960] loss: 235780.986
[2, 18980] loss: 181950.367
[2, 19000] loss: 178912.896
[2, 19020] loss: 155751.989
[2, 19040] loss: 214253.146
[2, 19060] loss: 212416.346
[2, 19080] loss: 406921.721
[2, 19100] loss: 254757.059
[2, 19120] loss: 86510.880
[2, 19140] loss: 192384.136
[2, 19160] loss: 805105.722
[2, 19180] loss: 924165.732
[2, 19200] loss: 717119.112
[2, 19220] loss: 287461.014
[2, 19240] loss: 219125.043
[2, 19260] loss: 116531.730
[2, 19280] loss: 260803.397
[2, 19300] loss: 733929.786
[2, 19320] loss: 661643.201
[2, 19340] loss: 540880.545
[2, 19360] loss: 241047.056
[2, 19380] loss: 195789.062
[2, 19400] loss: 80797.724
[2, 19420] loss: 85725.076
[2, 19440] loss: 64163.391
[2, 19460] loss: 41853.618
[2, 19480] loss: 23674.640
[2, 19500] loss: 18648.231
[2, 19520] loss: 37065.441
[2, 19540] loss: 73850.830
[2, 19560] loss: 50734.368
[2, 19580] loss: 43364.537
[2, 19600] loss: 23822.809
[2, 19620] loss: 13759.503
[2, 19640] loss: 9179.168
[2, 19660] loss: 24531.079
[2, 19680] loss: 27695.927
[2, 19700] loss: 19517.872
[2, 19720] loss: 20888.318
[2, 19740] loss: 11648.927
[2, 19760] loss: 12567.917
[2, 19780] loss: 18790.716
[2, 19800] loss: 21254.131
[2, 19820] loss: 21095.578
[2, 19840] loss: 19790.015
[2, 19860] loss: 36419.027
[2, 19880] loss: 49719.449
[2, 19900] loss: 34051.648
[2, 19920] loss: 44036.301
[2, 19940] loss: 261740.949
[2, 19960] loss: 355946.655
[2, 19980] loss: 108653.168
[2, 20000] loss: 55201.195
[2, 20020] loss: 85875.505
[2, 20040] loss: 80657.216
[2, 20060] loss: 63095.889
[2, 20080] loss: 73253.978
[2, 20100] loss: 38289.900
[2, 20120] loss: 36534.235
[2, 20140] loss: 22830.305
[2, 20160] loss: 17527.061
[2, 20180] loss: 15718.676
[2, 20200] loss: 38833.641
[2, 20220] loss: 79674.779
[2, 20240] loss: 243736.591
[2, 20260] loss: 120741.607
[2, 20280] loss: 54170.702
[2, 20300] loss: 18410.676
[2, 20320] loss: 16531.190
[2, 20340] loss: 13950.776
[2, 20360] loss: 71836.994
[2, 20380] loss: 53898.886
[2, 20400] loss: 161138.426
[2, 20420] loss: 294732.507
[2, 20440] loss: 109903.131
[2, 20460] loss: 87284.251
[2, 20480] loss: 44491.753
[2, 20500] loss: 124085.187
[2, 20520] loss: 59852.440
[2, 20540] loss: 17633.857
[2, 20560] loss: 23585.042
[2, 20580] loss: 26343.648
[2, 20600] loss: 14218.516
[2, 20620] loss: 20044.238
[2, 20640] loss: 6868.123
[2, 20660] loss: 28996.768
[2, 20680] loss: 13403.707
[2, 20700] loss: 9854.057
[2, 20720] loss: 8410.892
[2, 20740] loss: 9422.570
[2, 20760] loss: 7555.470
[2, 20780] loss: 13455.040
[2, 20800] loss: 8996.874
[2, 20820] loss: 15046.495
[2, 20840] loss: 17406.649
[2, 20860] loss: 34010.314
[2, 20880] loss: 26304.397
[2, 20900] loss: 38838.554
[2, 20920] loss: 54802.414
[2, 20940] loss: 60294.666
[2, 20960] loss: 176118.930
[2, 20980] loss: 50210.833
[2, 21000] loss: 93550.016
[2, 21020] loss: 59005.272
[2, 21040] loss: 69416.750
[2, 21060] loss: 27598.299
[2, 21080] loss: 90632.062
[2, 21100] loss: 100042.871
[2, 21120] loss: 88696.131
[2, 21140] loss: 166036.085
[2, 21160] loss: 406051.078
[2, 21180] loss: 990911.610
[2, 21200] loss: 1286641.381
[2, 21220] loss: 11285609.553
[2, 21240] loss: 728407571005.130
[2, 21260] loss: 3378447900942.400
[2, 21280] loss: 6792038574636.800
[2, 21300] loss: 1645847068758.400
[2, 21320] loss: 341740655191.900
[2, 21340] loss: 25430662423.200
[2, 21360] loss: 16400191334.800
[2, 21380] loss: 7608983956.450
[2, 21400] loss: 4449152830.606
[2, 21420] loss: 2377330434.400
[2, 21440] loss: 3162768773.287
[2, 21460] loss: 2150261326.106
[2, 21480] loss: 1115097576.800
[2, 21500] loss: 746252793.906
[2, 21520] loss: 1065777408.772
[2, 21540] loss: 1101493938.015
[2, 21560] loss: 723443589.400
[2, 21580] loss: 955997985.100
[2, 21600] loss: 983263924.400
[2, 21620] loss: 660407555.788
[2, 21640] loss: 1294391633.600
[2, 21660] loss: 375752069.969
[2, 21680] loss: 626768755.500
[2, 21700] loss: 1161794538.500
[2, 21720] loss: 238652940.444
[2, 21740] loss: 455370461.000
[2, 21760] loss: 508683286.913
[2, 21780] loss: 447683818.725
[2, 21800] loss: 481832895.200
[2, 21820] loss: 503810898.131
[2, 21840] loss: 748238100.914
[2, 21860] loss: 667904279.394
[2, 21880] loss: 339704994.434
[2, 21900] loss: 518648795.328
[2, 21920] loss: 259769595.678
[2, 21940] loss: 547976773.100
[2, 21960] loss: 304404965.750
[2, 21980] loss: 87976408.422
[2, 22000] loss: 213426311.575
[2, 22020] loss: 374413677.758
[2, 22040] loss: 345238047.200
[2, 22060] loss: 230204662.171
[2, 22080] loss: 379841704.045
[2, 22100] loss: 300524725.362
[2, 22120] loss: 223467060.194
[2, 22140] loss: 317641282.883
[2, 22160] loss: 204038714.921
[2, 22180] loss: 302054795.863
[2, 22200] loss: 224531229.650
[2, 22220] loss: 175204607.912
[2, 22240] loss: 353341761.275
[2, 22260] loss: 146846297.180
[2, 22280] loss: 227212344.866
[2, 22300] loss: 148331852.970
[2, 22320] loss: 180107266.853
[2, 22340] loss: 94036960.675
[2, 22360] loss: 130251418.898
[2, 22380] loss: 110266266.975
[2, 22400] loss: 198121552.562
[2, 22420] loss: 248013549.300
[2, 22440] loss: 243793951.963
[2, 22460] loss: 194726160.135
[2, 22480] loss: 136810739.744
[2, 22500] loss: 214805470.864
[2, 22520] loss: 124827402.552
[2, 22540] loss: 115999734.989
[2, 22560] loss: 94827230.194
[2, 22580] loss: 83514513.588
[2, 22600] loss: 154641000.615
[2, 22620] loss: 98577806.073
[2, 22640] loss: 156094652.503
[2, 22660] loss: 181222279.003
[2, 22680] loss: 90367868.908
[2, 22700] loss: 81920019.800
[2, 22720] loss: 173679272.169
[2, 22740] loss: 370940835.050
[2, 22760] loss: 294788524.199
[2, 22780] loss: 88529243.504
[2, 22800] loss: 77557311.891
[2, 22820] loss: 202098506.444
[2, 22840] loss: 136326421.877
[2, 22860] loss: 153518420.106
[2, 22880] loss: 127168642.228
[2, 22900] loss: 70832531.835
[2, 22920] loss: 107765937.086
[2, 22940] loss: 130394841.142
[2, 22960] loss: 96594023.385
[2, 22980] loss: 69826981.480
[2, 23000] loss: 133615159.728
[2, 23020] loss: 88570370.088
[2, 23040] loss: 233285423.424
[2, 23060] loss: 80006807.325
[2, 23080] loss: 86272764.150
[2, 23100] loss: 77400691.749
[2, 23120] loss: 133882589.757
[2, 23140] loss: 78042913.963
[2, 23160] loss: 133246606.183
[2, 23180] loss: 147886442.375
[2, 23200] loss: 118619829.713
[2, 23220] loss: 91368266.382
[2, 23240] loss: 105553771.376
[2, 23260] loss: 108579574.303
[2, 23280] loss: 49126284.653
[2, 23300] loss: 64624090.250
[2, 23320] loss: 87472798.250
[2, 23340] loss: 52700365.516
[2, 23360] loss: 48154699.020
[2, 23380] loss: 94378452.360
[2, 23400] loss: 69312560.513
[2, 23420] loss: 55358824.844
[2, 23440] loss: 60185761.788
[2, 23460] loss: 46711796.048
[2, 23480] loss: 91725934.937
[2, 23500] loss: 83086564.391
[2, 23520] loss: 70402109.986
[2, 23540] loss: 85585243.089
[2, 23560] loss: 101874395.584
[2, 23580] loss: 74020343.536
[2, 23600] loss: 51622863.358
[2, 23620] loss: 61175441.561
[2, 23640] loss: 71157602.344
[2, 23660] loss: 91812513.408
[2, 23680] loss: 35273455.149
[2, 23700] loss: 43966076.219
[2, 23720] loss: 63554907.266
[2, 23740] loss: 91697265.899
[2, 23760] loss: 46130402.491
[2, 23780] loss: 92290149.027
[2, 23800] loss: 40019291.987
[2, 23820] loss: 37193418.245
[2, 23840] loss: 82187095.217
[2, 23860] loss: 67227495.269
[2, 23880] loss: 110109876.797
[2, 23900] loss: 150598961.333
[2, 23920] loss: 227462840.562
[2, 23940] loss: 122324134.756
[2, 23960] loss: 58985909.056
[2, 23980] loss: 41960946.976
[2, 24000] loss: 36286272.595
[2, 24020] loss: 92495439.873
[2, 24040] loss: 71124721.109
[2, 24060] loss: 49170059.263
[2, 24080] loss: 56311922.865
[2, 24100] loss: 44994554.413
[2, 24120] loss: 30963723.495
[2, 24140] loss: 74522895.781
[2, 24160] loss: 70564645.258
[2, 24180] loss: 67204253.888
[2, 24200] loss: 57455127.070
[2, 24220] loss: 24464436.227
[2, 24240] loss: 38212967.846
[2, 24260] loss: 38518303.726
[2, 24280] loss: 79838254.165
[2, 24300] loss: 40048319.750
[2, 24320] loss: 92647485.862
[2, 24340] loss: 104408939.881
[2, 24360] loss: 36625010.868
[2, 24380] loss: 52028857.170
[2, 24400] loss: 55372321.906
[2, 24420] loss: 42674935.397
[2, 24440] loss: 40010974.834
[2, 24460] loss: 34045039.675
[2, 24480] loss: 41368175.374
[2, 24500] loss: 29022103.312
[2, 24520] loss: 27217486.858
[2, 24540] loss: 52898952.571
[2, 24560] loss: 45943235.177
[2, 24580] loss: 25108864.201
[2, 24600] loss: 40086043.739
[2, 24620] loss: 28835730.675
[2, 24640] loss: 72641007.537
[2, 24660] loss: 62614768.150
[2, 24680] loss: 84916071.893
[2, 24700] loss: 52579597.595
[2, 24720] loss: 44015205.166
[2, 24740] loss: 39032361.723
[2, 24760] loss: 56205780.763
[2, 24780] loss: 59773654.525
[2, 24800] loss: 42002062.775
[2, 24820] loss: 35559927.665
[2, 24840] loss: 57200924.665
[2, 24860] loss: 86100269.506
[2, 24880] loss: 198664640.700
[2, 24900] loss: 223114336.713
[2, 24920] loss: 60666874.708
[2, 24940] loss: 31959346.306
[2, 24960] loss: 31655427.830
[2, 24980] loss: 61118184.052
[2, 25000] loss: 61725587.671
[2, 25020] loss: 55553934.681
[2, 25040] loss: 48923420.828
[2, 25060] loss: 66135541.880
[2, 25080] loss: 53152124.022
[2, 25100] loss: 30452097.748
[2, 25120] loss: 45260400.144
[2, 25140] loss: 49324773.975
[2, 25160] loss: 42423130.748
[2, 25180] loss: 73131548.233
[2, 25200] loss: 15638697.110
[2, 25220] loss: 16304315.892
[2, 25240] loss: 45714384.412
[2, 25260] loss: 16971837.177
[2, 25280] loss: 10311210.667
[2, 25300] loss: 66115632.426
[2, 25320] loss: 38641178.818
[2, 25340] loss: 62346825.061
[2, 25360] loss: 42708241.343
[2, 25380] loss: 40565327.566
[2, 25400] loss: 44516018.401
[2, 25420] loss: 305734085.281
[2, 25440] loss: 496588010.206
[2, 25460] loss: 189491696.451
[2, 25480] loss: 315243570.100
[2, 25500] loss: 392698411.600
[2, 25520] loss: 296681725.191
[2, 25540] loss: 68931787.381
[2, 25560] loss: 17901954.775
[2, 25580] loss: 59310467.283
[2, 25600] loss: 42590628.459
[2, 25620] loss: 37622005.027
[2, 25640] loss: 20134330.268
[2, 25660] loss: 28059302.591
[2, 25680] loss: 11492907.333
[2, 25700] loss: 14142406.116
[2, 25720] loss: 37470661.340
[2, 25740] loss: 18755044.078
[2, 25760] loss: 15498924.290
[2, 25780] loss: 8833600.965
[2, 25800] loss: 29282080.821
[2, 25820] loss: 17247796.719
[2, 25840] loss: 19102043.885
[2, 25860] loss: 27822797.508
[2, 25880] loss: 23365553.674
[2, 25900] loss: 18963433.104
[2, 25920] loss: 11085517.048
[2, 25940] loss: 23263966.875
[2, 25960] loss: 36806635.666
[2, 25980] loss: 20201951.705
[2, 26000] loss: 13423979.721
[2, 26020] loss: 18894435.434
[2, 26040] loss: 13220063.542
[2, 26060] loss: 11132757.177
[2, 26080] loss: 25923184.375
[2, 26100] loss: 21933817.239
[2, 26120] loss: 12630548.008
[2, 26140] loss: 17528941.792
[2, 26160] loss: 19134976.302
[2, 26180] loss: 34658011.394
[2, 26200] loss: 12780612.424
[2, 26220] loss: 11322367.471
[2, 26240] loss: 14882593.747
[2, 26260] loss: 9199404.584
[2, 26280] loss: 18218902.446
[2, 26300] loss: 15749230.327
[2, 26320] loss: 15586945.109
[2, 26340] loss: 8343905.894
[2, 26360] loss: 21397618.052
[2, 26380] loss: 10037367.970
[2, 26400] loss: 15529316.749
[2, 26420] loss: 13069530.624
[2, 26440] loss: 16263342.795
[2, 26460] loss: 13998152.200
[2, 26480] loss: 17384885.941
[2, 26500] loss: 10697821.062
[2, 26520] loss: 14707262.270
[2, 26540] loss: 7808669.791
[2, 26560] loss: 15542306.465
[2, 26580] loss: 10907978.181
[2, 26600] loss: 4205158.219
[2, 26620] loss: 6224556.206
[2, 26640] loss: 8985006.354
[2, 26660] loss: 7464894.620
[2, 26680] loss: 15296118.648
[2, 26700] loss: 17683151.779
[2, 26720] loss: 9536125.343
[2, 26740] loss: 17458976.295
[2, 26760] loss: 22201882.234
[2, 26780] loss: 33081317.300
[2, 26800] loss: 8468669.067
[2, 26820] loss: 6616818.799
[2, 26840] loss: 9831203.477
[2, 26860] loss: 3566039.399
[2, 26880] loss: 10395769.713
[2, 26900] loss: 17520040.903
[2, 26920] loss: 13717245.113
[2, 26940] loss: 10502888.232
[2, 26960] loss: 8403040.501
[2, 26980] loss: 8643396.744
[2, 27000] loss: 10926179.103
[2, 27020] loss: 10484584.123
[2, 27040] loss: 14772627.416
[2, 27060] loss: 10347466.012
[2, 27080] loss: 13608115.229
[2, 27100] loss: 15080696.630
[2, 27120] loss: 10217656.483
[2, 27140] loss: 12883464.158
[2, 27160] loss: 10214170.164
[2, 27180] loss: 11767129.380
[2, 27200] loss: 22071725.792
[2, 27220] loss: 53556094.455
[2, 27240] loss: 26970433.566
[2, 27260] loss: 38756398.554
[2, 27280] loss: 26279392.847
[2, 27300] loss: 17566290.652
[2, 27320] loss: 12508671.536
[2, 27340] loss: 6466389.966
[2, 27360] loss: 5010776.466
[2, 27380] loss: 14349141.908
[2, 27400] loss: 15268016.968
[2, 27420] loss: 5829823.467
[2, 27440] loss: 11534679.492
[2, 27460] loss: 9006975.352
[2, 27480] loss: 7316575.939
[2, 27500] loss: 4926654.345
[2, 27520] loss: 8483795.840
[2, 27540] loss: 27925068.055
[2, 27560] loss: 6981014.202
[2, 27580] loss: 1668195.118
[2, 27600] loss: 5502063.609
[2, 27620] loss: 8844588.852
[2, 27640] loss: 15096312.452
[2, 27660] loss: 17827051.327
[2, 27680] loss: 22126124.452
[2, 27700] loss: 67240123.495
[2, 27720] loss: 181811998.445
[2, 27740] loss: 205593988.920
[2, 27760] loss: 86656453.098
[2, 27780] loss: 22251128.223
[2, 27800] loss: 11922180.601
[2, 27820] loss: 2922995.939
[2, 27840] loss: 2997702.696
[2, 27860] loss: 8214108.624
[2, 27880] loss: 12290008.624
[2, 27900] loss: 9942976.736
[2, 27920] loss: 9264005.662
[2, 27940] loss: 8073728.584
[2, 27960] loss: 8303884.765
[2, 27980] loss: 10729501.646
[2, 28000] loss: 7265180.138
[2, 28020] loss: 4923341.378
[2, 28040] loss: 4239502.103
[2, 28060] loss: 13906838.324
[2, 28080] loss: 8297574.515
[2, 28100] loss: 4882385.881
[2, 28120] loss: 2033442.439
[2, 28140] loss: 3477528.586
[2, 28160] loss: 8408025.641
[2, 28180] loss: 6936452.573
[2, 28200] loss: 3292063.753
[2, 28220] loss: 6533161.858
[2, 28240] loss: 8253137.249
[2, 28260] loss: 2517920.442
[2, 28280] loss: 4589821.810
[2, 28300] loss: 5882164.687
[2, 28320] loss: 3804508.848
[2, 28340] loss: 4838526.160
[2, 28360] loss: 2608694.371
[2, 28380] loss: 4114988.117
[2, 28400] loss: 1847065.669
[2, 28420] loss: 2530926.484
[2, 28440] loss: 3100557.666
[2, 28460] loss: 1849403.691
[2, 28480] loss: 1961031.003
[2, 28500] loss: 3186653.896
[2, 28520] loss: 6123790.854
[2, 28540] loss: 3501915.089
[2, 28560] loss: 3933318.487
[2, 28580] loss: 4063733.777
[2, 28600] loss: 2654281.017
[2, 28620] loss: 3071868.119
[2, 28640] loss: 3186100.945
[2, 28660] loss: 1890474.224
[2, 28680] loss: 2503327.711
[2, 28700] loss: 1896791.612
[2, 28720] loss: 4332275.311
[2, 28740] loss: 5669427.178
[2, 28760] loss: 4210483.784
[2, 28780] loss: 2207530.117
[2, 28800] loss: 4038179.890
[2, 28820] loss: 4968533.670
[2, 28840] loss: 2141804.270
[2, 28860] loss: 3550828.034
[2, 28880] loss: 3121291.760
[2, 28900] loss: 2632076.811
[2, 28920] loss: 4003997.154
[2, 28940] loss: 2429610.991
[2, 28960] loss: 1799027.190
[2, 28980] loss: 2519665.917
[2, 29000] loss: 3245745.409
[2, 29020] loss: 1384989.639
[2, 29040] loss: 2649539.209
[2, 29060] loss: 1737062.340
[2, 29080] loss: 1504663.411
[2, 29100] loss: 4421427.146
[2, 29120] loss: 2450479.714
[2, 29140] loss: 5912495.580
[2, 29160] loss: 2677923.118
[2, 29180] loss: 3788401.901
[2, 29200] loss: 6513926.829
[2, 29220] loss: 7710202.730
[2, 29240] loss: 2810461.646
[2, 29260] loss: 1463583.646
[2, 29280] loss: 1926726.045
[2, 29300] loss: 2859139.090
[2, 29320] loss: 13158173.716
[2, 29340] loss: 4871540.409
[2, 29360] loss: 2441276.656
[2, 29380] loss: 2277673.476
[2, 29400] loss: 2261187.668
[2, 29420] loss: 2225904.783
[2, 29440] loss: 2339527.113
[2, 29460] loss: 2427929.243
[2, 29480] loss: 2554929.949
[2, 29500] loss: 1314642.415
[2, 29520] loss: 745840.382
[2, 29540] loss: 900323.954
[2, 29560] loss: 1738043.824
[2, 29580] loss: 2264043.329
[2, 29600] loss: 7007670.189
[2, 29620] loss: 7782467.067
[2, 29640] loss: 4488410.201
[2, 29660] loss: 4010566.585
[2, 29680] loss: 3032250.932
[2, 29700] loss: 2103308.236
[2, 29720] loss: 1015659.640
[2, 29740] loss: 906765.444
[2, 29760] loss: 1764956.960
[2, 29780] loss: 1203664.811
[2, 29800] loss: 750557.329
[2, 29820] loss: 2709513.517
[2, 29840] loss: 1527241.131
[2, 29860] loss: 2525614.788
[2, 29880] loss: 2515827.482
[2, 29900] loss: 3313944.808
[2, 29920] loss: 3948087.800
[2, 29940] loss: 3209906.923
[2, 29960] loss: 7177726.827
[2, 29980] loss: 5698916.426
[2, 30000] loss: 3171648.336
[2, 30020] loss: 8120881.444
[2, 30040] loss: 5087988.751
[2, 30060] loss: 2243849.249
[2, 30080] loss: 1731024.098
[2, 30100] loss: 2265970.109
[2, 30120] loss: 1158856.607
[2, 30140] loss: 806440.366
[2, 30160] loss: 1420639.818
[2, 30180] loss: 1088213.858
[2, 30200] loss: 1407199.778
[2, 30220] loss: 1733054.556
[2, 30240] loss: 2696756.175
[2, 30260] loss: 2313662.785
[2, 30280] loss: 2526623.672
[2, 30300] loss: 4702139.924
[2, 30320] loss: 5089591.032
[2, 30340] loss: 1154536.119
[2, 30360] loss: 1267963.788
[2, 30380] loss: 1096332.092
[2, 30400] loss: 2276200.482
[2, 30420] loss: 3265358.427
[1,    20] loss: 46781799.033
[1,    40] loss: 27378847.524
[1,    60] loss: 19638424.957
[1,    80] loss: 15128910.753
[1,   100] loss: 12240817.987
[1,   120] loss: 10785525.873
[1,   140] loss: 10078447.895
[1,   160] loss: 8944582.160
[1,   180] loss: 8761062.916
[1,   200] loss: 9240577.533
[1,   220] loss: 9001625.428
[1,   240] loss: 8520648.357
[1,   260] loss: 8311614.940
[1,   280] loss: 8991564.944
[1,   300] loss: 9490005.192
[1,   320] loss: 10082845.995
[1,   340] loss: 10531897.305
[1,   360] loss: 11185276.625
[1,   380] loss: 11420751.447
[1,   400] loss: 11675447.299
[1,   420] loss: 11511041.778
[1,   440] loss: 11627642.858
[1,   460] loss: 11594183.703
[1,   480] loss: 11628495.968
[1,   500] loss: 11358264.043
[1,   520] loss: 11034735.953
[1,   540] loss: 10982277.512
[1,   560] loss: 11075863.445
[1,   580] loss: 11069931.696
[1,   600] loss: 11118068.221
[1,   620] loss: 10938482.387
[1,   640] loss: 10763059.110
[1,   660] loss: 10725149.399
[1,   680] loss: 10750395.402
[1,   700] loss: 10678021.922
[1,   720] loss: 10716927.386
[1,   740] loss: 10670819.647
[1,   760] loss: 10619283.823
[1,   780] loss: 10593429.511
[1,   800] loss: 10542443.149
[1,   820] loss: 10540160.521
[1,   840] loss: 10464531.216
[1,   860] loss: 10375330.452
[1,   880] loss: 10327117.158
[1,   900] loss: 10231899.562
[1,   920] loss: 10131533.043
[1,   940] loss: 10159359.283
[1,   960] loss: 10179036.416
[1,   980] loss: 10165016.828
[1,  1000] loss: 10115465.337
[1,  1020] loss: 10079719.409
[1,  1040] loss: 10008974.569
[1,  1060] loss: 9905447.557
[1,  1080] loss: 9786691.626
[1,  1100] loss: 9776586.729
[1,  1120] loss: 9830759.442
[1,  1140] loss: 9820371.465
[1,  1160] loss: 9789676.262
[1,  1180] loss: 9779159.266
[1,  1200] loss: 9795831.418
[1,  1220] loss: 9851892.670
[1,  1240] loss: 9881235.776
[1,  1260] loss: 9858121.587
[1,  1280] loss: 9816394.203
[1,  1300] loss: 9743283.695
[1,  1320] loss: 9681846.476
[1,  1340] loss: 9661631.284
[1,  1360] loss: 9646248.037
[1,  1380] loss: 9627721.821
[1,  1400] loss: 9609102.823
[1,  1420] loss: 9580313.923
[1,  1440] loss: 9529058.695
[1,  1460] loss: 9462716.216
[1,  1480] loss: 9396222.354
[1,  1500] loss: 9315879.026
[1,  1520] loss: 9232227.874
[1,  1540] loss: 9177487.041
[1,  1560] loss: 9144832.489
[1,  1580] loss: 9112704.285
[1,  1600] loss: 9066664.929
[1,  1620] loss: 9000405.176
[1,  1640] loss: 8923788.364
[1,  1660] loss: 8848497.897
[1,  1680] loss: 8762528.076
[1,  1700] loss: 8719384.313
[1,  1720] loss: 8692050.632
[1,  1740] loss: 8643121.172
[1,  1760] loss: 8601888.170
[1,  1780] loss: 8560738.816
[1,  1800] loss: 8510312.024
[1,  1820] loss: 8446249.958
[1,  1840] loss: 8379162.447
[1,  1860] loss: 8320598.136
[1,  1880] loss: 8278954.753
[1,  1900] loss: 8212101.975
[1,  1920] loss: 8145744.335
[1,  1940] loss: 8094348.365
[1,  1960] loss: 8043945.085
[1,  1980] loss: 7996418.434
[1,  2000] loss: 7917139.678
[1,  2020] loss: 7847603.275
[1,  2040] loss: 7783953.574
[1,  2060] loss: 7709768.518
[1,  2080] loss: 7636037.220
[1,  2100] loss: 7563672.255
[1,  2120] loss: 7495404.159
[1,  2140] loss: 7466168.059
[1,  2160] loss: 7471220.109
[1,  2180] loss: 7446799.836
[1,  2200] loss: 7425257.189
[1,  2220] loss: 7411806.792
[1,  2240] loss: 7355157.784
[1,  2260] loss: 7293277.528
[1,  2280] loss: 7280882.871
[1,  2300] loss: 7279195.878
[1,  2320] loss: 7228237.069
[1,  2340] loss: 7191244.514
[1,  2360] loss: 7156010.062
[1,  2380] loss: 7112833.393
[1,  2400] loss: 7075166.594
[1,  2420] loss: 7054548.507
[1,  2440] loss: 7000824.819
[1,  2460] loss: 6960793.600
[1,  2480] loss: 6953556.083
[1,  2500] loss: 6983481.016
[1,  2520] loss: 6996517.700
[1,  2540] loss: 7032662.281
[1,  2560] loss: 7121701.999
[1,  2580] loss: 7127510.076
[1,  2600] loss: 7104218.207
[1,  2620] loss: 7135479.023
[1,  2640] loss: 7185038.006
[1,  2660] loss: 7244448.546
[1,  2680] loss: 7220723.780
[1,  2700] loss: 7189497.398
[1,  2720] loss: 7165161.682
[1,  2740] loss: 7157228.131
[1,  2760] loss: 7125027.603
[1,  2780] loss: 7105068.204
[1,  2800] loss: 7071894.604
[1,  2820] loss: 7042088.138
[1,  2840] loss: 7034041.550
[1,  2860] loss: 7017765.641
[1,  2880] loss: 7019918.845
[1,  2900] loss: 7029148.085
[1,  2920] loss: 7033881.142
[1,  2940] loss: 7015097.961
[1,  2960] loss: 6972218.309
[1,  2980] loss: 6939341.334
[1,  3000] loss: 6898032.012
[1,  3020] loss: 6853306.710
[1,  3040] loss: 6810244.468
[1,  3060] loss: 6777883.336
[1,  3080] loss: 6738822.035
[1,  3100] loss: 6701871.392
[1,  3120] loss: 6664404.517
[1,  3140] loss: 6626378.289
[1,  3160] loss: 6596807.283
[1,  3180] loss: 6565611.614
[1,  3200] loss: 6531297.386
[1,  3220] loss: 6493562.105
[1,  3240] loss: 6458060.429
[1,  3260] loss: 6427746.071
[1,  3280] loss: 6407203.027
[1,  3300] loss: 6421103.104
[1,  3320] loss: 6410951.562
[1,  3340] loss: 6428687.876
[1,  3360] loss: 6488994.633
[2,    20] loss: 46781799.033
[2,    40] loss: 27378847.524
[2,    60] loss: 19638424.957
[2,    80] loss: 15128910.753
[2,   100] loss: 12240817.987
[2,   120] loss: 10785525.873
[2,   140] loss: 10078447.895
[2,   160] loss: 8944582.160
[2,   180] loss: 8761062.916
[2,   200] loss: 9240577.533
[2,   220] loss: 9001625.428
[2,   240] loss: 8520648.357
[2,   260] loss: 8311614.940
[2,   280] loss: 8991564.944
[2,   300] loss: 9490005.192
[2,   320] loss: 10082845.995
[2,   340] loss: 10531897.305
[2,   360] loss: 11185276.625
[2,   380] loss: 11420751.447
[2,   400] loss: 11675447.299
[2,   420] loss: 11511041.778
[2,   440] loss: 11627642.858
[2,   460] loss: 11594183.703
[2,   480] loss: 11628495.968
[2,   500] loss: 11358264.043
[2,   520] loss: 11034735.953
[2,   540] loss: 10982277.512
[2,   560] loss: 11075863.445
[2,   580] loss: 11069931.696
[2,   600] loss: 11118068.221
[2,   620] loss: 10938482.387
[2,   640] loss: 10763059.110
[2,   660] loss: 10725149.399
[2,   680] loss: 10750395.402
[2,   700] loss: 10678021.922
[2,   720] loss: 10716927.386
[2,   740] loss: 10670819.647
[2,   760] loss: 10619283.823
[2,   780] loss: 10593429.511
[2,   800] loss: 10542443.149
[2,   820] loss: 10540160.521
[2,   840] loss: 10464531.216
[2,   860] loss: 10375330.452
[2,   880] loss: 10327117.158
[2,   900] loss: 10231899.562
[2,   920] loss: 10131533.043
[2,   940] loss: 10159359.283
[2,   960] loss: 10179036.416
[2,   980] loss: 10165016.828
[2,  1000] loss: 10115465.337
[2,  1020] loss: 10079719.409
[2,  1040] loss: 10008974.569
[2,  1060] loss: 9905447.557
[2,  1080] loss: 9786691.626
[2,  1100] loss: 9776586.729
[2,  1120] loss: 9830759.442
[2,  1140] loss: 9820371.465
[2,  1160] loss: 9789676.262
[2,  1180] loss: 9779159.266
[2,  1200] loss: 9795831.418
[2,  1220] loss: 9851892.670
[2,  1240] loss: 9881235.776
[2,  1260] loss: 9858121.587
[2,  1280] loss: 9816394.203
[2,  1300] loss: 9743283.695
[2,  1320] loss: 9681846.476
[2,  1340] loss: 9661631.284
[2,  1360] loss: 9646248.037
[2,  1380] loss: 9627721.821
[2,  1400] loss: 9609102.823
[2,  1420] loss: 9580313.923
[2,  1440] loss: 9529058.695
[2,  1460] loss: 9462716.216
[2,  1480] loss: 9396222.354
[2,  1500] loss: 9315879.026
[2,  1520] loss: 9232227.874
[2,  1540] loss: 9177487.041
[2,  1560] loss: 9144832.489
[2,  1580] loss: 9112704.285
[2,  1600] loss: 9066664.929
[2,  1620] loss: 9000405.176
[2,  1640] loss: 8923788.364
[2,  1660] loss: 8848497.897
[2,  1680] loss: 8762528.076
[2,  1700] loss: 8719384.313
[2,  1720] loss: 8692050.632
[2,  1740] loss: 8643121.172
[2,  1760] loss: 8601888.170
[2,  1780] loss: 8560738.816
[2,  1800] loss: 8510312.024
[2,  1820] loss: 8446249.958
[2,  1840] loss: 8379162.447
[2,  1860] loss: 8320598.136
[2,  1880] loss: 8278954.753
[2,  1900] loss: 8212101.975
[2,  1920] loss: 8145744.335
[2,  1940] loss: 8094348.365
[2,  1960] loss: 8043945.085
[2,  1980] loss: 7996418.434
[2,  2000] loss: 7917139.678
[2,  2020] loss: 7847603.275
[2,  2040] loss: 7783953.574
[2,  2060] loss: 7709768.518
[2,  2080] loss: 7636037.220
[2,  2100] loss: 7563672.255
[2,  2120] loss: 7495404.159
[2,  2140] loss: 7466168.059
[2,  2160] loss: 7471220.109
[2,  2180] loss: 7446799.836
[2,  2200] loss: 7425257.189
[2,  2220] loss: 7411806.792
[2,  2240] loss: 7355157.784
[2,  2260] loss: 7293277.528
[2,  2280] loss: 7280882.871
[2,  2300] loss: 7279195.878
[2,  2320] loss: 7228237.069
[2,  2340] loss: 7191244.514
[2,  2360] loss: 7156010.062
[2,  2380] loss: 7112833.393
[2,  2400] loss: 7075166.594
[2,  2420] loss: 7054548.507
[2,  2440] loss: 7000824.819
[2,  2460] loss: 6960793.600
[2,  2480] loss: 6953556.083
[2,  2500] loss: 6983481.016
[2,  2520] loss: 6996517.700
[2,  2540] loss: 7032662.281
[2,  2560] loss: 7121701.999
[2,  2580] loss: 7127510.076
[2,  2600] loss: 7104218.207
[2,  2620] loss: 7135479.023
[2,  2640] loss: 7185038.006
[2,  2660] loss: 7244448.546
[2,  2680] loss: 7220723.780
[2,  2700] loss: 7189497.398
[2,  2720] loss: 7165161.682
[2,  2740] loss: 7157228.131
[2,  2760] loss: 7125027.603
[2,  2780] loss: 7105068.204
[2,  2800] loss: 7071894.604
[2,  2820] loss: 7042088.138
[2,  2840] loss: 7034041.550
[2,  2860] loss: 7017765.641
[2,  2880] loss: 7019918.845
[2,  2900] loss: 7029148.085
[2,  2920] loss: 7033881.142
[2,  2940] loss: 7015097.961
[2,  2960] loss: 6972218.309
[2,  2980] loss: 6939341.334
[2,  3000] loss: 6898032.012
[2,  3020] loss: 6853306.710
[2,  3040] loss: 6810244.468
[2,  3060] loss: 6777883.336
[2,  3080] loss: 6738822.035
[2,  3100] loss: 6701871.392
[2,  3120] loss: 6664404.517
[2,  3140] loss: 6626378.289
[2,  3160] loss: 6596807.283
[2,  3180] loss: 6565611.614
[2,  3200] loss: 6531297.386
[2,  3220] loss: 6493562.105
[2,  3240] loss: 6458060.429
[2,  3260] loss: 6427746.071
[2,  3280] loss: 6407203.027
[2,  3300] loss: 6421103.104
[2,  3320] loss: 6410951.562
[2,  3340] loss: 6428687.876
[2,  3360] loss: 6488994.633
