cuda:  7
color_space: YCbCr
batch_size: 1
num_epcochs: 2
learning_rate: 0.002
[1,    20] loss: 0.583
[1,    40] loss: 1.769
[1,    60] loss: 0.149
[1,    80] loss: 0.199
[1,   100] loss: 0.094
[1,   120] loss: 0.050
[1,   140] loss: 0.084
[1,   160] loss: 0.045
[1,   180] loss: 0.170
[1,   200] loss: 0.182
[1,   220] loss: 0.054
[1,   240] loss: 0.056
[1,   260] loss: 0.149
[1,   280] loss: 0.082
[1,   300] loss: 0.193
[1,   320] loss: 0.076
[1,   340] loss: 0.204
[1,   360] loss: 0.060
[1,   380] loss: 0.034
[1,   400] loss: 0.053
[1,   420] loss: 0.218
[1,   440] loss: 0.033
[1,   460] loss: 0.084
[1,   480] loss: 0.204
[1,   500] loss: 0.308
[1,   520] loss: 0.236
[1,   540] loss: 0.056
[1,   560] loss: 0.026
[1,   580] loss: 0.043
[1,   600] loss: 0.129
[1,   620] loss: 0.062
[1,   640] loss: 0.195
[1,   660] loss: 0.191
[1,   680] loss: 0.145
[1,   700] loss: 0.094
[1,   720] loss: 0.052
[1,   740] loss: 0.094
[1,   760] loss: 0.061
[1,   780] loss: 0.041
[1,   800] loss: 0.013
[1,   820] loss: 0.057
[1,   840] loss: 0.139
[1,   860] loss: 0.026
[1,   880] loss: 0.073
[1,   900] loss: 0.110
[1,   920] loss: 0.028
[1,   940] loss: 0.092
[1,   960] loss: 0.027
[1,   980] loss: 0.041
[1,  1000] loss: 0.095
[1,  1020] loss: 0.060
[1,  1040] loss: 0.100
[1,  1060] loss: 0.094
[1,  1080] loss: 0.155
[1,  1100] loss: 0.032
[1,  1120] loss: 0.161
[1,  1140] loss: 0.147
[1,  1160] loss: 0.084
[1,  1180] loss: 0.282
[1,  1200] loss: 0.129
[1,  1220] loss: 0.210
[1,  1240] loss: 0.050
[1,  1260] loss: 0.020
[1,  1280] loss: 0.034
[1,  1300] loss: 0.068
[1,  1320] loss: 0.023
[1,  1340] loss: 0.029
[1,  1360] loss: 0.032
[1,  1380] loss: 0.027
[1,  1400] loss: 0.063
[1,  1420] loss: 0.021
[1,  1440] loss: 0.050
[1,  1460] loss: 0.057
[1,  1480] loss: 0.037
[1,  1500] loss: 0.040
[1,  1520] loss: 0.051
[1,  1540] loss: 0.063
[1,  1560] loss: 0.077
[1,  1580] loss: 0.069
[1,  1600] loss: 0.049
[1,  1620] loss: 0.054
[1,  1640] loss: 0.166
[1,  1660] loss: 0.083
[1,  1680] loss: 0.105
[1,  1700] loss: 0.090
[1,  1720] loss: 0.111
[1,  1740] loss: 0.104
[1,  1760] loss: 0.069
[1,  1780] loss: 0.040
[1,  1800] loss: 0.089
[1,  1820] loss: 0.058
[1,  1840] loss: 0.096
[1,  1860] loss: 0.063
[1,  1880] loss: 0.031
[1,  1900] loss: 0.077
[1,  1920] loss: 0.050
[1,  1940] loss: 0.121
[1,  1960] loss: 0.044
[1,  1980] loss: 0.196
[1,  2000] loss: 0.033
[1,  2020] loss: 0.074
[1,  2040] loss: 0.113
[1,  2060] loss: 0.325
[1,  2080] loss: 5547752.231
[1,  2100] loss: 12343879573.168
[1,  2120] loss: 46854255534.106
[1,  2140] loss: 2761932386.188
[1,  2160] loss: 79115635709.475
[1,  2180] loss: 3428882422.000
[1,  2200] loss: 14197902054.400
[1,  2220] loss: 4361162756.300
[1,  2240] loss: 554679664.809
[1,  2260] loss: 50187224.419
[1,  2280] loss: 15414910.771
[1,  2300] loss: 9858971.943
[1,  2320] loss: 7173586.061
[1,  2340] loss: 13851880.473
[1,  2360] loss: 7786034.149
[1,  2380] loss: 10469005.048
[1,  2400] loss: 7158898.835
[1,  2420] loss: 11003666.832
[1,  2440] loss: 5063837.110
[1,  2460] loss: 4679929.630
[1,  2480] loss: 3887003.616
[1,  2500] loss: 5902742.512
[1,  2520] loss: 5098888.759
[1,  2540] loss: 5176646.384
[1,  2560] loss: 5279220.766
[1,  2580] loss: 3083588.568
[1,  2600] loss: 6028567.734
[1,  2620] loss: 5744365.295
[1,  2640] loss: 2768846.446
[1,  2660] loss: 3064997.195
[1,  2680] loss: 1709858.383
[1,  2700] loss: 3693823.290
[1,  2720] loss: 2175187.054
[1,  2740] loss: 2741292.758
[1,  2760] loss: 2127772.817
[1,  2780] loss: 1464198.465
[1,  2800] loss: 1848220.214
[1,  2820] loss: 1964614.512
[1,  2840] loss: 1498946.407
[1,  2860] loss: 1913007.236
[1,  2880] loss: 2405543.516
[1,  2900] loss: 1717985.556
[1,  2920] loss: 2148456.369
[1,  2940] loss: 2862917.712
[1,  2960] loss: 1697807.867
[1,  2980] loss: 1102738.974
[1,  3000] loss: 1505765.962
[1,  3020] loss: 3225794.374
[1,  3040] loss: 999171.854
[1,  3060] loss: 1853970.652
[1,  3080] loss: 1179831.783
[1,  3100] loss: 952406.498
[1,  3120] loss: 1084975.127
[1,  3140] loss: 848219.645
[1,  3160] loss: 1157690.037
[1,  3180] loss: 1209184.314
[1,  3200] loss: 1779276.710
[1,  3220] loss: 1280365.386
[1,  3240] loss: 780215.264
[1,  3260] loss: 992530.419
[1,  3280] loss: 794612.675
[1,  3300] loss: 536070.167
[1,  3320] loss: 1123289.552
[1,  3340] loss: 883054.137
[1,  3360] loss: 726349.939
[1,  3380] loss: 502160.295
[1,  3400] loss: 750588.381
[1,  3420] loss: 671964.249
[1,  3440] loss: 638215.474
[1,  3460] loss: 640554.242
[1,  3480] loss: 899793.553
[1,  3500] loss: 798754.335
[1,  3520] loss: 669556.761
[1,  3540] loss: 509522.310
[1,  3560] loss: 830158.062
[1,  3580] loss: 714549.325
[1,  3600] loss: 624545.117
[1,  3620] loss: 952492.203
[1,  3640] loss: 1003789.741
[1,  3660] loss: 961490.528
[1,  3680] loss: 723078.542
[1,  3700] loss: 408647.887
[1,  3720] loss: 439652.130
[1,  3740] loss: 868438.848
[1,  3760] loss: 683406.838
[1,  3780] loss: 414657.318
[1,  3800] loss: 497162.243
[1,  3820] loss: 452882.299
[1,  3840] loss: 628768.610
[1,  3860] loss: 568568.298
[1,  3880] loss: 473926.805
[1,  3900] loss: 610862.604
[1,  3920] loss: 634866.718
[1,  3940] loss: 497853.402
[1,  3960] loss: 573295.433
[1,  3980] loss: 497793.466
[1,  4000] loss: 212442.210
[1,  4020] loss: 252787.010
[1,  4040] loss: 344044.690
[1,  4060] loss: 414431.275
[1,  4080] loss: 423954.970
[1,  4100] loss: 341754.957
[1,  4120] loss: 279022.247
[1,  4140] loss: 470438.765
[1,  4160] loss: 373969.105
[1,  4180] loss: 347011.216
[1,  4200] loss: 421680.315
[1,  4220] loss: 292974.880
[1,  4240] loss: 519943.176
[1,  4260] loss: 287043.814
[1,  4280] loss: 455774.535
[1,  4300] loss: 228853.744
[1,  4320] loss: 317772.790
[1,  4340] loss: 362822.692
[1,  4360] loss: 723655.341
[1,  4380] loss: 380814.130
[1,  4400] loss: 239690.241
[1,  4420] loss: 438811.643
[1,  4440] loss: 210390.576
[1,  4460] loss: 451484.368
[1,  4480] loss: 297407.900
[1,  4500] loss: 386659.851
[1,  4520] loss: 318446.876
[1,  4540] loss: 124143.990
[1,  4560] loss: 508260.920
[1,  4580] loss: 610037.191
[1,  4600] loss: 277693.106
[1,  4620] loss: 331774.793
[1,  4640] loss: 433310.503
[1,  4660] loss: 375843.847
[1,  4680] loss: 373343.223
[1,  4700] loss: 276914.699
[1,  4720] loss: 373268.071
[1,  4740] loss: 158398.778
[1,  4760] loss: 207716.695
[1,  4780] loss: 228370.283
[1,  4800] loss: 245339.462
[1,  4820] loss: 278522.449
[1,  4840] loss: 229094.293
[1,  4860] loss: 278080.487
[1,  4880] loss: 222163.802
[1,  4900] loss: 284889.916
[1,  4920] loss: 244478.550
[1,  4940] loss: 198856.851
[1,  4960] loss: 118855.801
[1,  4980] loss: 262714.718
[1,  5000] loss: 155300.574
[1,  5020] loss: 226508.601
[1,  5040] loss: 187660.995
[1,  5060] loss: 147343.968
[1,  5080] loss: 180266.542
[1,  5100] loss: 179407.706
[1,  5120] loss: 302531.028
[1,  5140] loss: 218966.991
[1,  5160] loss: 223045.164
[1,  5180] loss: 241549.465
[1,  5200] loss: 223662.033
[1,  5220] loss: 134144.245
[1,  5240] loss: 270047.758
[1,  5260] loss: 165260.275
[1,  5280] loss: 159009.334
[1,  5300] loss: 189792.523
[1,  5320] loss: 178065.548
[1,  5340] loss: 163781.982
[1,  5360] loss: 252976.877
[1,  5380] loss: 197908.989
[1,  5400] loss: 180200.059
[1,  5420] loss: 119631.854
[1,  5440] loss: 185595.627
[1,  5460] loss: 165305.269
[1,  5480] loss: 178584.881
[1,  5500] loss: 208548.873
[1,  5520] loss: 110617.329
[1,  5540] loss: 93817.105
[1,  5560] loss: 120362.144
[1,  5580] loss: 119886.860
[1,  5600] loss: 196071.510
[1,  5620] loss: 92511.262
[1,  5640] loss: 152029.342
[1,  5660] loss: 159580.511
[1,  5680] loss: 69399.599
[1,  5700] loss: 186548.772
[1,  5720] loss: 190290.723
[1,  5740] loss: 205664.259
[1,  5760] loss: 73866.727
[1,  5780] loss: 80910.859
[1,  5800] loss: 163030.659
[1,  5820] loss: 110933.304
[1,  5840] loss: 175926.892
[1,  5860] loss: 170233.626
[1,  5880] loss: 111656.119
[1,  5900] loss: 67616.182
[1,  5920] loss: 139218.165
[1,  5940] loss: 89713.382
[1,  5960] loss: 111671.609
[1,  5980] loss: 76254.028
[1,  6000] loss: 45036.498
[1,  6020] loss: 50722.457
[1,  6040] loss: 57015.927
[1,  6060] loss: 122177.980
[1,  6080] loss: 76812.874
[1,  6100] loss: 184138.840
[1,  6120] loss: 129876.656
[1,  6140] loss: 115266.465
[1,  6160] loss: 113891.068
[1,  6180] loss: 97073.417
[1,  6200] loss: 66569.963
[1,  6220] loss: 92052.481
[1,  6240] loss: 74805.207
[1,  6260] loss: 73863.166
[1,  6280] loss: 87737.829
[1,  6300] loss: 85152.538
[1,  6320] loss: 28659.862
[1,  6340] loss: 98506.189
[1,  6360] loss: 76774.170
[1,  6380] loss: 98190.001
[1,  6400] loss: 68320.635
[1,  6420] loss: 81569.027
[1,  6440] loss: 64738.235
[1,  6460] loss: 50941.819
[1,  6480] loss: 33950.390
[1,  6500] loss: 70132.096
[1,  6520] loss: 64353.246
[1,  6540] loss: 95810.663
[1,  6560] loss: 102018.261
[1,  6580] loss: 71854.900
[1,  6600] loss: 125113.797
[1,  6620] loss: 40280.609
[1,  6640] loss: 113788.767
[1,  6660] loss: 137719.429
[1,  6680] loss: 46301.551
[1,  6700] loss: 97791.784
[1,  6720] loss: 35387.549
[1,  6740] loss: 119780.042
[1,  6760] loss: 77245.566
[1,  6780] loss: 83003.950
[1,  6800] loss: 57347.606
[1,  6820] loss: 81270.567
[1,  6840] loss: 54459.245
[1,  6860] loss: 82232.978
[1,  6880] loss: 112258.382
[1,  6900] loss: 112931.358
[1,  6920] loss: 122646.748
[1,  6940] loss: 126477.112
[1,  6960] loss: 42090.873
[1,  6980] loss: 77765.003
[1,  7000] loss: 47965.931
[1,  7020] loss: 72275.919
[1,  7040] loss: 229065.744
[1,  7060] loss: 113272.145
[1,  7080] loss: 84076.267
[1,  7100] loss: 59563.553
[1,  7120] loss: 28393.120
[1,  7140] loss: 58924.997
[1,  7160] loss: 189512.105
[1,  7180] loss: 475255.539
[1,  7200] loss: 111604.408
[1,  7220] loss: 45433.816
[1,  7240] loss: 81372.775
[1,  7260] loss: 71990.998
[1,  7280] loss: 39704.844
[1,  7300] loss: 40567.712
[1,  7320] loss: 69353.067
[1,  7340] loss: 56841.461
[1,  7360] loss: 78448.327
[1,  7380] loss: 151315.587
[1,  7400] loss: 69558.110
[1,  7420] loss: 38117.088
[1,  7440] loss: 126068.405
[1,  7460] loss: 68567.385
[1,  7480] loss: 83635.746
[1,  7500] loss: 146728.291
[1,  7520] loss: 181735.845
[1,  7540] loss: 130552.972
[1,  7560] loss: 93027.299
[1,  7580] loss: 83428.688
[1,  7600] loss: 34367.147
[1,  7620] loss: 55275.173
[1,  7640] loss: 67650.511
[1,  7660] loss: 124172.808
[1,  7680] loss: 38259.525
[1,  7700] loss: 60009.551
[1,  7720] loss: 59555.487
[1,  7740] loss: 78565.646
[1,  7760] loss: 24202.938
[1,  7780] loss: 25643.862
[1,  7800] loss: 49947.970
[1,  7820] loss: 52673.102
[1,  7840] loss: 40217.284
[1,  7860] loss: 34620.983
[1,  7880] loss: 39485.949
[1,  7900] loss: 18643.716
[1,  7920] loss: 32916.758
[1,  7940] loss: 28185.399
[1,  7960] loss: 50456.749
[1,  7980] loss: 58649.632
[1,  8000] loss: 54183.710
[1,  8020] loss: 112717.586
[1,  8040] loss: 148579.665
[1,  8060] loss: 248636.426
[1,  8080] loss: 324297.348
[1,  8100] loss: 2757603.310
[1,  8120] loss: 994013.542
[1,  8140] loss: 481796.773
[1,  8160] loss: 90635.836
[1,  8180] loss: 57099.320
[1,  8200] loss: 69758.458
[1,  8220] loss: 44488.688
[1,  8240] loss: 202752.164
[1,  8260] loss: 193479.209
[1,  8280] loss: 86229.731
[1,  8300] loss: 114288.591
[1,  8320] loss: 101876.693
[1,  8340] loss: 42374.975
[1,  8360] loss: 76179.191
[1,  8380] loss: 48796.662
[1,  8400] loss: 55457.807
[1,  8420] loss: 43695.856
[1,  8440] loss: 59442.799
[1,  8460] loss: 54140.114
[1,  8480] loss: 65845.893
[1,  8500] loss: 86386.815
[1,  8520] loss: 81976.143
[1,  8540] loss: 49540.323
[1,  8560] loss: 13594.699
[1,  8580] loss: 13237.805
[1,  8600] loss: 28700.018
[1,  8620] loss: 37960.547
[1,  8640] loss: 53622.146
[1,  8660] loss: 62744.589
[1,  8680] loss: 66899.172
[1,  8700] loss: 49022.866
[1,  8720] loss: 33940.729
[1,  8740] loss: 29006.533
[1,  8760] loss: 28590.183
[1,  8780] loss: 51122.712
[1,  8800] loss: 12503.885
[1,  8820] loss: 28504.487
[1,  8840] loss: 24850.327
[1,  8860] loss: 33741.931
[1,  8880] loss: 129198.693
[1,  8900] loss: 61003.085
[1,  8920] loss: 108982.833
[1,  8940] loss: 292689.391
[1,  8960] loss: 192082.372
[1,  8980] loss: 20509.902
[1,  9000] loss: 54458.738
[1,  9020] loss: 140295.045
[1,  9040] loss: 517727.158
[1,  9060] loss: 250733.253
[1,  9080] loss: 168124.201
[1,  9100] loss: 64762.538
[1,  9120] loss: 20172.031
[1,  9140] loss: 16330.858
[1,  9160] loss: 49463.657
[1,  9180] loss: 36741.625
[1,  9200] loss: 46892.993
[1,  9220] loss: 60717.922
[1,  9240] loss: 27824.347
[1,  9260] loss: 22522.362
[1,  9280] loss: 21062.808
[1,  9300] loss: 26248.201
[1,  9320] loss: 26006.445
[1,  9340] loss: 25011.018
[1,  9360] loss: 19464.836
[1,  9380] loss: 29207.942
[1,  9400] loss: 15600.555
[1,  9420] loss: 15276.427
[1,  9440] loss: 17231.971
[1,  9460] loss: 96141.320
[1,  9480] loss: 253682.207
[1,  9500] loss: 76810.023
[1,  9520] loss: 416737.679
[1,  9540] loss: 952831.855
[1,  9560] loss: 508336.648
[1,  9580] loss: 1618785.021
[1,  9600] loss: 1355934.799
[1,  9620] loss: 553998.235
[1,  9640] loss: 232297.812
[1,  9660] loss: 489766.207
[1,  9680] loss: 55670.726
[1,  9700] loss: 18670.863
[1,  9720] loss: 19686.359
[1,  9740] loss: 10868.956
[1,  9760] loss: 8684.366
[1,  9780] loss: 7786.817
[1,  9800] loss: 4969.677
[1,  9820] loss: 8595.006
[1,  9840] loss: 12905.733
[1,  9860] loss: 44977.411
[1,  9880] loss: 10751.104
[1,  9900] loss: 8631.193
[1,  9920] loss: 8818.054
[1,  9940] loss: 16880.293
[1,  9960] loss: 11814.520
[1,  9980] loss: 6512.792
[1, 10000] loss: 16717.875
[1, 10020] loss: 6418.139
[1, 10040] loss: 16441.200
[1, 10060] loss: 25776.541
[1, 10080] loss: 30735.344
[1, 10100] loss: 75989.546
[1, 10120] loss: 67049.853
[1, 10140] loss: 77503.118
[1, 10160] loss: 111040.533
[1, 10180] loss: 50821.869
[1, 10200] loss: 39472.199
[1, 10220] loss: 160329.689
[1, 10240] loss: 83036.665
[1, 10260] loss: 16468.821
[1, 10280] loss: 13152.084
[1, 10300] loss: 21283.670
[1, 10320] loss: 25118.132
[1, 10340] loss: 8365.289
[1, 10360] loss: 14988.202
[1, 10380] loss: 18853.748
[1, 10400] loss: 35942.814
[1, 10420] loss: 15294.014
[1, 10440] loss: 4973.881
[1, 10460] loss: 7636.164
[1, 10480] loss: 23020.224
[1, 10500] loss: 23464.332
[1, 10520] loss: 15906.583
[1, 10540] loss: 10544.718
[1, 10560] loss: 16068.371
[1, 10580] loss: 13672.146
[1, 10600] loss: 12075.205
[1, 10620] loss: 19718.196
[1, 10640] loss: 19770.070
[1, 10660] loss: 93449.423
[1, 10680] loss: 82997.826
[1, 10700] loss: 41500.452
[1, 10720] loss: 72942.236
[1, 10740] loss: 53679.854
[1, 10760] loss: 69861.718
[1, 10780] loss: 48945.836
[1, 10800] loss: 90129.128
[1, 10820] loss: 153742.840
[1, 10840] loss: 97527.451
[1, 10860] loss: 33990.943
[1, 10880] loss: 27853.095
[1, 10900] loss: 15525.100
[1, 10920] loss: 10791.576
[1, 10940] loss: 8560.762
[1, 10960] loss: 36050.269
[1, 10980] loss: 15556.562
[1, 11000] loss: 21631.639
[1, 11020] loss: 11378.724
[1, 11040] loss: 8422.607
[1, 11060] loss: 46726.505
[1, 11080] loss: 37343.374
[1, 11100] loss: 23658.839
[1, 11120] loss: 95601.245
[1, 11140] loss: 30012.933
[1, 11160] loss: 9835.505
[1, 11180] loss: 4182.719
[1, 11200] loss: 20894.831
[1, 11220] loss: 22051.560
[1, 11240] loss: 66922.387
[1, 11260] loss: 44897.815
[1, 11280] loss: 24042.034
[1, 11300] loss: 89668.343
[1, 11320] loss: 62149.763
[1, 11340] loss: 90401.167
[1, 11360] loss: 584638.829
[1, 11380] loss: 831338.350
[1, 11400] loss: 600035.406
[1, 11420] loss: 186185.225
[1, 11440] loss: 78880.242
[1, 11460] loss: 64128.715
[1, 11480] loss: 67182.420
[1, 11500] loss: 38740.360
[1, 11520] loss: 24145.717
[1, 11540] loss: 9353.110
[1, 11560] loss: 5245.854
[1, 11580] loss: 2395.439
[1, 11600] loss: 6752.932
[1, 11620] loss: 6608.836
[1, 11640] loss: 4422.451
[1, 11660] loss: 2705.273
[1, 11680] loss: 5295.669
[1, 11700] loss: 7442.115
[1, 11720] loss: 1642.916
[1, 11740] loss: 1635.160
[1, 11760] loss: 5133.457
[1, 11780] loss: 7863.903
[1, 11800] loss: 6454.258
[1, 11820] loss: 27788.253
[1, 11840] loss: 16589.136
[1, 11860] loss: 21639.420
[1, 11880] loss: 12704.249
[1, 11900] loss: 4288.027
[1, 11920] loss: 5983.314
[1, 11940] loss: 1407.950
[1, 11960] loss: 3181.639
[1, 11980] loss: 5765.195
[1, 12000] loss: 5084.066
[1, 12020] loss: 2016.446
[1, 12040] loss: 2137.901
[1, 12060] loss: 6505.660
[1, 12080] loss: 1614.387
[1, 12100] loss: 3011.309
[1, 12120] loss: 6550.808
[1, 12140] loss: 15677.017
[1, 12160] loss: 21385.167
[1, 12180] loss: 23369.337
[1, 12200] loss: 11785.654
[1, 12220] loss: 4002.792
[1, 12240] loss: 5364.934
[1, 12260] loss: 30345.854
[1, 12280] loss: 10937.166
[1, 12300] loss: 10216.539
[1, 12320] loss: 16847.327
[1, 12340] loss: 14731.573
[1, 12360] loss: 5141.081
[1, 12380] loss: 50454.251
[1, 12400] loss: 128812.115
[1, 12420] loss: 48486.746
[1, 12440] loss: 31445.262
[1, 12460] loss: 7328.447
[1, 12480] loss: 2928.530
[1, 12500] loss: 7221.823
[1, 12520] loss: 2515.957
[1, 12540] loss: 17948.302
[1, 12560] loss: 13540.291
[1, 12580] loss: 18694.587
[1, 12600] loss: 2456.435
[1, 12620] loss: 2626.047
[1, 12640] loss: 1436.232
[1, 12660] loss: 2383.437
[1, 12680] loss: 1903.098
[1, 12700] loss: 3889.735
[1, 12720] loss: 8044.317
[1, 12740] loss: 2280.611
[1, 12760] loss: 1089.788
[1, 12780] loss: 1598.285
[1, 12800] loss: 1531.104
[1, 12820] loss: 1397.962
[1, 12840] loss: 2145.393
[1, 12860] loss: 2461.412
[1, 12880] loss: 2179.314
[1, 12900] loss: 2200.239
[1, 12920] loss: 3044.138
[1, 12940] loss: 3825.163
[1, 12960] loss: 26862.673
[1, 12980] loss: 37151.833
[1, 13000] loss: 218179.983
[1, 13020] loss: 955967.918
[1, 13040] loss: 91052.318
[1, 13060] loss: 26872.432
[1, 13080] loss: 7813.100
[1, 13100] loss: 16371.731
[1, 13120] loss: 3532.767
[1, 13140] loss: 1794.905
[1, 13160] loss: 1699.181
[1, 13180] loss: 3301.846
[1, 13200] loss: 1362.453
[1, 13220] loss: 1863.059
[1, 13240] loss: 4278.565
[1, 13260] loss: 2126.525
[1, 13280] loss: 999.876
[1, 13300] loss: 1557.231
[1, 13320] loss: 1661.693
[1, 13340] loss: 1488.233
[1, 13360] loss: 768.440
[1, 13380] loss: 1727.917
[1, 13400] loss: 6490.886
[1, 13420] loss: 18473.978
[1, 13440] loss: 10290.165
[1, 13460] loss: 20921.641
[1, 13480] loss: 33473.132
[1, 13500] loss: 83781.132
[1, 13520] loss: 17763.521
[1, 13540] loss: 4906.767
[1, 13560] loss: 1262.884
[1, 13580] loss: 1778.369
[1, 13600] loss: 1993.834
[1, 13620] loss: 1130.645
[1, 13640] loss: 2248.333
[1, 13660] loss: 1044.144
[1, 13680] loss: 1949.872
[1, 13700] loss: 2035.228
[1, 13720] loss: 2399.822
[1, 13740] loss: 2465.207
[1, 13760] loss: 2418.583
[1, 13780] loss: 1241.874
[1, 13800] loss: 1177.714
[1, 13820] loss: 2044.003
[1, 13840] loss: 1399.920
[1, 13860] loss: 1624.539
[1, 13880] loss: 1893.102
[1, 13900] loss: 560.463
[1, 13920] loss: 889.656
[1, 13940] loss: 349.522
[1, 13960] loss: 1083.651
[1, 13980] loss: 1641.117
[1, 14000] loss: 1825.231
[1, 14020] loss: 731.275
[1, 14040] loss: 1188.677
[1, 14060] loss: 490.626
[1, 14080] loss: 1126.621
[1, 14100] loss: 1809.274
[1, 14120] loss: 1868.695
[1, 14140] loss: 2224.782
[1, 14160] loss: 1594.729
[1, 14180] loss: 799.109
[1, 14200] loss: 547.589
[1, 14220] loss: 690.460
[1, 14240] loss: 1024.953
[1, 14260] loss: 1503.049
[1, 14280] loss: 936.313
[1, 14300] loss: 1497.979
[1, 14320] loss: 1369.090
[1, 14340] loss: 900.707
[1, 14360] loss: 1024.144
[1, 14380] loss: 640.422
[1, 14400] loss: 1134.197
[1, 14420] loss: 1058.895
[1, 14440] loss: 858.333
[1, 14460] loss: 550.136
[1, 14480] loss: 2543.554
[1, 14500] loss: 839.379
[1, 14520] loss: 665.661
[1, 14540] loss: 951.346
[1, 14560] loss: 911.460
[1, 14580] loss: 1257.083
[1, 14600] loss: 4422.881
[1, 14620] loss: 2006.611
[1, 14640] loss: 1719.713
[1, 14660] loss: 851.507
[1, 14680] loss: 797.428
[1, 14700] loss: 1297.745
[1, 14720] loss: 2597.781
[1, 14740] loss: 3404.068
[1, 14760] loss: 6506.317
[1, 14780] loss: 3306.789
[1, 14800] loss: 9158.506
[1, 14820] loss: 10163.731
[1, 14840] loss: 6231.497
[1, 14860] loss: 8159.959
[1, 14880] loss: 2154.385
[1, 14900] loss: 5251.918
[1, 14920] loss: 13173.430
[1, 14940] loss: 33326.716
[1, 14960] loss: 33617.169
[1, 14980] loss: 43910.718
[1, 15000] loss: 24521.046
[1, 15020] loss: 16748.784
[1, 15040] loss: 3179.439
[1, 15060] loss: 441.263
[1, 15080] loss: 286.707
[1, 15100] loss: 937.803
[1, 15120] loss: 410.237
[1, 15140] loss: 331.301
[1, 15160] loss: 1463.766
[1, 15180] loss: 12848.848
[1, 15200] loss: 4057.333
[1, 15220] loss: 1168.970
[1, 15240] loss: 889.574
[1, 15260] loss: 565.612
[1, 15280] loss: 562.065
[1, 15300] loss: 1089.855
[1, 15320] loss: 1135.471
[1, 15340] loss: 357.954
[1, 15360] loss: 254.910
[1, 15380] loss: 757.051
[1, 15400] loss: 433.866
[1, 15420] loss: 371.213
[1, 15440] loss: 666.900
[1, 15460] loss: 649.598
[1, 15480] loss: 662.604
[1, 15500] loss: 831.194
[1, 15520] loss: 612.786
[1, 15540] loss: 890.732
[1, 15560] loss: 2004.422
[1, 15580] loss: 829.766
[1, 15600] loss: 1143.390
[1, 15620] loss: 832.892
[1, 15640] loss: 1031.830
[1, 15660] loss: 308.665
[1, 15680] loss: 277.837
[1, 15700] loss: 272.526
[1, 15720] loss: 364.901
[1, 15740] loss: 663.128
[1, 15760] loss: 1249.184
[1, 15780] loss: 956.458
[1, 15800] loss: 1362.079
[1, 15820] loss: 982.656
[1, 15840] loss: 1735.364
[1, 15860] loss: 466.456
[1, 15880] loss: 370.342
[1, 15900] loss: 448.434
[1, 15920] loss: 6027.200
[1, 15940] loss: 25560.415
[1, 15960] loss: 89681.668
[1, 15980] loss: 6114.947
[1, 16000] loss: 11498.315
[1, 16020] loss: 30332.123
[1, 16040] loss: 3369.379
[1, 16060] loss: 1455.454
[1, 16080] loss: 437.525
[1, 16100] loss: 474.978
[1, 16120] loss: 302.907
[1, 16140] loss: 336.380
[1, 16160] loss: 3853.798
[1, 16180] loss: 1187.164
[1, 16200] loss: 504.339
[1, 16220] loss: 428.393
[1, 16240] loss: 1004.966
[1, 16260] loss: 1060.133
[1, 16280] loss: 251.160
[1, 16300] loss: 644.062
[1, 16320] loss: 368.663
[1, 16340] loss: 581.058
[1, 16360] loss: 320.260
[1, 16380] loss: 388.131
[1, 16400] loss: 180.098
[1, 16420] loss: 320.668
[1, 16440] loss: 1117.528
[1, 16460] loss: 557.927
[1, 16480] loss: 666.347
[1, 16500] loss: 848.778
[1, 16520] loss: 384.183
[1, 16540] loss: 114.664
[1, 16560] loss: 123.830
[1, 16580] loss: 664.094
[1, 16600] loss: 170.620
[1, 16620] loss: 140.898
[1, 16640] loss: 1156.277
[1, 16660] loss: 2191.057
[1, 16680] loss: 1565.367
[1, 16700] loss: 659.221
[1, 16720] loss: 835.418
[1, 16740] loss: 2134.384
[1, 16760] loss: 5869.990
[1, 16780] loss: 3239.669
[1, 16800] loss: 14332.820
[1, 16820] loss: 11727.609
[1, 16840] loss: 4650.685
[1, 16860] loss: 1446.782
[1, 16880] loss: 2885.089
[1, 16900] loss: 9646.405
[1, 16920] loss: 19566.276
[1, 16940] loss: 37188.743
[1, 16960] loss: 624152.307
[1, 16980] loss: 12250264.842
[1, 17000] loss: 175913508.826
[1, 17020] loss: 9471305674.378
[1, 17040] loss: 4811043235.158
[1, 17060] loss: 286304587.852
[1, 17080] loss: 15220811.236
[1, 17100] loss: 3129125.098
[1, 17120] loss: 726942.525
[1, 17140] loss: 1315017.140
[1, 17160] loss: 743685.722
[1, 17180] loss: 1627201.067
[1, 17200] loss: 1043809.836
[1, 17220] loss: 591189.083
[1, 17240] loss: 802879.786
[1, 17260] loss: 460819.055
[1, 17280] loss: 272130.367
[1, 17300] loss: 365932.302
[1, 17320] loss: 358659.019
[1, 17340] loss: 172200.518
[1, 17360] loss: 151145.989
[1, 17380] loss: 131815.136
[1, 17400] loss: 406770.861
[1, 17420] loss: 108874.718
[1, 17440] loss: 188369.017
[1, 17460] loss: 439746.815
[1, 17480] loss: 302414.516
[1, 17500] loss: 158679.939
[1, 17520] loss: 132535.351
[1, 17540] loss: 124772.275
[1, 17560] loss: 195924.256
[1, 17580] loss: 162136.646
[1, 17600] loss: 203906.312
[1, 17620] loss: 136888.457
[1, 17640] loss: 90130.708
[1, 17660] loss: 146814.945
[1, 17680] loss: 191754.072
[1, 17700] loss: 110257.399
[1, 17720] loss: 102176.664
[1, 17740] loss: 115199.814
[1, 17760] loss: 74950.246
[1, 17780] loss: 103204.512
[1, 17800] loss: 105122.266
[1, 17820] loss: 66620.109
[1, 17840] loss: 50134.474
[1, 17860] loss: 91510.641
[1, 17880] loss: 80544.878
[1, 17900] loss: 62229.022
[1, 17920] loss: 65170.179
[1, 17940] loss: 101158.974
[1, 17960] loss: 80673.153
[1, 17980] loss: 63687.174
[1, 18000] loss: 63239.307
[1, 18020] loss: 41889.952
[1, 18040] loss: 66402.661
[1, 18060] loss: 47364.267
[1, 18080] loss: 58826.791
[1, 18100] loss: 65109.928
[1, 18120] loss: 41462.875
[1, 18140] loss: 46140.946
[1, 18160] loss: 46676.696
[1, 18180] loss: 61427.006
[1, 18200] loss: 45897.945
[1, 18220] loss: 49990.824
[1, 18240] loss: 38860.099
[1, 18260] loss: 55661.831
[1, 18280] loss: 47330.751
[1, 18300] loss: 43125.109
[1, 18320] loss: 42986.373
[1, 18340] loss: 49670.236
[1, 18360] loss: 30939.525
[1, 18380] loss: 45055.934
[1, 18400] loss: 53219.497
[1, 18420] loss: 46076.209
[1, 18440] loss: 32137.279
[1, 18460] loss: 39421.666
[1, 18480] loss: 41049.146
[1, 18500] loss: 37716.671
[1, 18520] loss: 17618.655
[1, 18540] loss: 33466.793
[1, 18560] loss: 26996.707
[1, 18580] loss: 43530.868
[1, 18600] loss: 36166.972
[1, 18620] loss: 24165.506
[1, 18640] loss: 41027.370
[1, 18660] loss: 22360.046
[1, 18680] loss: 27550.259
[1, 18700] loss: 38439.651
[1, 18720] loss: 30715.534
[1, 18740] loss: 32609.435
[1, 18760] loss: 37835.379
[1, 18780] loss: 19749.656
[1, 18800] loss: 27613.075
[1, 18820] loss: 34246.118
[1, 18840] loss: 10871.529
[1, 18860] loss: 19872.998
[1, 18880] loss: 44452.963
[1, 18900] loss: 15405.849
[1, 18920] loss: 25683.710
[1, 18940] loss: 25830.140
[1, 18960] loss: 34114.126
[1, 18980] loss: 18775.817
[1, 19000] loss: 26717.934
[1, 19020] loss: 41026.964
[1, 19040] loss: 29098.966
[1, 19060] loss: 14085.326
[1, 19080] loss: 20785.548
[1, 19100] loss: 27382.236
[1, 19120] loss: 31199.873
[1, 19140] loss: 18988.104
[1, 19160] loss: 14574.541
[1, 19180] loss: 44503.445
[1, 19200] loss: 26432.664
[1, 19220] loss: 23595.808
[1, 19240] loss: 23993.580
[1, 19260] loss: 22723.201
[1, 19280] loss: 15523.523
[1, 19300] loss: 10553.380
[1, 19320] loss: 17419.366
[1, 19340] loss: 17289.377
[1, 19360] loss: 19507.636
[1, 19380] loss: 11636.670
[1, 19400] loss: 11873.219
[1, 19420] loss: 13967.320
[1, 19440] loss: 25319.158
[1, 19460] loss: 23710.580
[1, 19480] loss: 18200.329
[1, 19500] loss: 18940.671
[1, 19520] loss: 12361.861
[1, 19540] loss: 42186.954
[1, 19560] loss: 48608.461
[1, 19580] loss: 23307.597
[1, 19600] loss: 32964.303
[1, 19620] loss: 26352.467
[1, 19640] loss: 26636.087
[1, 19660] loss: 13467.797
[1, 19680] loss: 15133.756
[1, 19700] loss: 16057.685
[1, 19720] loss: 18027.726
[1, 19740] loss: 14149.978
[1, 19760] loss: 11989.170
[1, 19780] loss: 12001.236
[1, 19800] loss: 12171.381
[1, 19820] loss: 17930.941
[1, 19840] loss: 7965.295
[1, 19860] loss: 26026.404
[1, 19880] loss: 23105.782
[1, 19900] loss: 10554.983
[1, 19920] loss: 24391.030
[1, 19940] loss: 25854.594
[1, 19960] loss: 18364.181
[1, 19980] loss: 13604.462
[1, 20000] loss: 11616.765
[1, 20020] loss: 10635.482
[1, 20040] loss: 13897.845
[1, 20060] loss: 17285.064
[1, 20080] loss: 26543.386
[1, 20100] loss: 25610.437
[1, 20120] loss: 21867.435
[1, 20140] loss: 16952.896
[1, 20160] loss: 8356.860
[1, 20180] loss: 13182.385
[1, 20200] loss: 8431.693
[1, 20220] loss: 10627.807
[1, 20240] loss: 24474.452
[1, 20260] loss: 12584.255
[1, 20280] loss: 15637.156
[1, 20300] loss: 12209.239
[1, 20320] loss: 13506.507
[1, 20340] loss: 7375.777
[1, 20360] loss: 11676.093
[1, 20380] loss: 9174.032
[1, 20400] loss: 12003.276
[1, 20420] loss: 23020.865
[1, 20440] loss: 24128.486
[1, 20460] loss: 20462.886
[1, 20480] loss: 16637.342
[1, 20500] loss: 5823.462
[1, 20520] loss: 10938.913
[1, 20540] loss: 11735.353
[1, 20560] loss: 7992.989
[1, 20580] loss: 9588.501
[1, 20600] loss: 27326.838
[1, 20620] loss: 12684.770
[1, 20640] loss: 11161.914
[1, 20660] loss: 20703.164
[1, 20680] loss: 11821.795
[1, 20700] loss: 12455.572
[1, 20720] loss: 18826.357
[1, 20740] loss: 9267.570
[1, 20760] loss: 11318.798
[1, 20780] loss: 11531.044
[1, 20800] loss: 17408.272
[1, 20820] loss: 7717.527
[1, 20840] loss: 10726.579
[1, 20860] loss: 9661.191
[1, 20880] loss: 21741.528
[1, 20900] loss: 18587.365
[1, 20920] loss: 13676.124
[1, 20940] loss: 12029.103
[1, 20960] loss: 7761.715
[1, 20980] loss: 12857.192
[1, 21000] loss: 17304.276
[1, 21020] loss: 5777.957
[1, 21040] loss: 4184.107
[1, 21060] loss: 7824.645
[1, 21080] loss: 9220.066
[1, 21100] loss: 3259.185
[1, 21120] loss: 5347.799
[1, 21140] loss: 10217.202
[1, 21160] loss: 11513.295
[1, 21180] loss: 29020.236
[1, 21200] loss: 18570.018
[1, 21220] loss: 3832.137
[1, 21240] loss: 4489.638
[1, 21260] loss: 7178.786
[1, 21280] loss: 4910.286
[1, 21300] loss: 7326.932
[1, 21320] loss: 7942.848
[1, 21340] loss: 6561.840
[1, 21360] loss: 14073.735
[1, 21380] loss: 24869.283
[1, 21400] loss: 7977.065
[1, 21420] loss: 7910.825
[1, 21440] loss: 16867.376
[1, 21460] loss: 6196.908
[1, 21480] loss: 9650.198
[1, 21500] loss: 20341.935
[1, 21520] loss: 14591.393
[1, 21540] loss: 13753.439
[1, 21560] loss: 20573.596
[1, 21580] loss: 24268.371
[1, 21600] loss: 16789.946
[1, 21620] loss: 7929.245
[1, 21640] loss: 6929.335
[1, 21660] loss: 5641.257
[1, 21680] loss: 10084.745
[1, 21700] loss: 10168.996
[1, 21720] loss: 6239.298
[1, 21740] loss: 7521.451
[1, 21760] loss: 6350.086
[1, 21780] loss: 11089.044
[1, 21800] loss: 7358.883
[1, 21820] loss: 4901.870
[1, 21840] loss: 4769.012
[1, 21860] loss: 5377.440
[1, 21880] loss: 12506.778
[1, 21900] loss: 7716.901
[1, 21920] loss: 6917.494
[1, 21940] loss: 10396.767
[1, 21960] loss: 10200.827
[1, 21980] loss: 6899.601
[1, 22000] loss: 4660.841
[1, 22020] loss: 4025.558
[1, 22040] loss: 9491.062
[1, 22060] loss: 8444.632
[1, 22080] loss: 11439.882
[1, 22100] loss: 9750.107
[1, 22120] loss: 5041.865
[1, 22140] loss: 6538.560
[1, 22160] loss: 15129.169
[1, 22180] loss: 8087.483
[1, 22200] loss: 4989.491
[1, 22220] loss: 5331.969
[1, 22240] loss: 13040.613
[1, 22260] loss: 28653.824
[1, 22280] loss: 12697.702
[1, 22300] loss: 16878.950
[1, 22320] loss: 22146.885
[1, 22340] loss: 16078.435
[1, 22360] loss: 6233.027
[1, 22380] loss: 6953.791
[1, 22400] loss: 9295.130
[1, 22420] loss: 13362.454
[1, 22440] loss: 26518.004
[1, 22460] loss: 7861.519
[1, 22480] loss: 3211.296
[1, 22500] loss: 9595.454
[1, 22520] loss: 3591.141
[1, 22540] loss: 8051.461
[1, 22560] loss: 9164.963
[1, 22580] loss: 11259.488
[1, 22600] loss: 6006.329
[1, 22620] loss: 11953.117
[1, 22640] loss: 11129.151
[1, 22660] loss: 9018.670
[1, 22680] loss: 12875.838
[1, 22700] loss: 37860.250
[1, 22720] loss: 18971.493
[1, 22740] loss: 16529.006
[1, 22760] loss: 4929.392
[1, 22780] loss: 4863.292
[1, 22800] loss: 7691.000
[1, 22820] loss: 5662.557
[1, 22840] loss: 9006.847
[1, 22860] loss: 7079.190
[1, 22880] loss: 5879.205
[1, 22900] loss: 11163.138
[1, 22920] loss: 11013.729
[1, 22940] loss: 11684.023
[1, 22960] loss: 16412.561
[1, 22980] loss: 35373.475
[1, 23000] loss: 51171.793
[1, 23020] loss: 16409.509
[1, 23040] loss: 18273.124
[1, 23060] loss: 29532.119
[1, 23080] loss: 35148.138
[1, 23100] loss: 8639.613
[1, 23120] loss: 8509.943
[1, 23140] loss: 12593.825
[1, 23160] loss: 6333.777
[1, 23180] loss: 15281.523
[1, 23200] loss: 14406.952
[1, 23220] loss: 18148.459
[1, 23240] loss: 14358.050
[1, 23260] loss: 27777.789
[1, 23280] loss: 18905.439
[1, 23300] loss: 9750.805
[1, 23320] loss: 13335.571
[1, 23340] loss: 7800.967
[1, 23360] loss: 3854.541
[1, 23380] loss: 9107.063
[1, 23400] loss: 5506.618
[1, 23420] loss: 5924.797
[1, 23440] loss: 3618.282
[1, 23460] loss: 10027.211
[1, 23480] loss: 20190.015
[1, 23500] loss: 21922.225
[1, 23520] loss: 16404.158
[1, 23540] loss: 8471.622
[1, 23560] loss: 5937.154
[1, 23580] loss: 5947.905
[1, 23600] loss: 9783.789
[1, 23620] loss: 19470.735
[1, 23640] loss: 9455.412
[1, 23660] loss: 9097.427
[1, 23680] loss: 8318.816
[1, 23700] loss: 5214.802
[1, 23720] loss: 4691.919
[1, 23740] loss: 2194.758
[1, 23760] loss: 4106.894
[1, 23780] loss: 5423.553
[1, 23800] loss: 8752.106
[1, 23820] loss: 6689.875
[1, 23840] loss: 7730.949
[1, 23860] loss: 4051.794
[1, 23880] loss: 8936.284
[1, 23900] loss: 3733.426
[1, 23920] loss: 2568.165
[1, 23940] loss: 4337.146
[1, 23960] loss: 6856.403
[1, 23980] loss: 4292.472
[1, 24000] loss: 7538.296
[1, 24020] loss: 15894.327
[1, 24040] loss: 17219.763
[1, 24060] loss: 13032.959
[1, 24080] loss: 23276.915
[1, 24100] loss: 10444.476
[1, 24120] loss: 9621.614
[1, 24140] loss: 5022.606
[1, 24160] loss: 6038.105
[1, 24180] loss: 3809.295
[1, 24200] loss: 12309.664
[1, 24220] loss: 10664.961
[1, 24240] loss: 12234.557
[1, 24260] loss: 9181.733
[1, 24280] loss: 5198.115
[1, 24300] loss: 5392.669
[1, 24320] loss: 4305.979
[1, 24340] loss: 3913.993
[1, 24360] loss: 2667.136
[1, 24380] loss: 2179.450
[1, 24400] loss: 1183.822
[1, 24420] loss: 2879.561
[1, 24440] loss: 1938.478
[1, 24460] loss: 2820.512
[1, 24480] loss: 3085.259
[1, 24500] loss: 7317.815
[1, 24520] loss: 3210.023
[1, 24540] loss: 4686.804
[1, 24560] loss: 2504.176
[1, 24580] loss: 2631.565
[1, 24600] loss: 9831.149
[1, 24620] loss: 24420.601
[1, 24640] loss: 73252.894
[1, 24660] loss: 38377.160
[1, 24680] loss: 21582.974
[1, 24700] loss: 31591.710
[1, 24720] loss: 23227.805
[1, 24740] loss: 9565.259
[1, 24760] loss: 6009.399
[1, 24780] loss: 9969.111
[1, 24800] loss: 12258.245
[1, 24820] loss: 30902.149
[1, 24840] loss: 33935.636
[1, 24860] loss: 17411.679
[1, 24880] loss: 17392.961
[1, 24900] loss: 8370.193
[1, 24920] loss: 21296.962
[1, 24940] loss: 10784.971
[1, 24960] loss: 18526.164
[1, 24980] loss: 9283.224
[1, 25000] loss: 3859.684
[1, 25020] loss: 2225.960
[1, 25040] loss: 2993.868
[1, 25060] loss: 1569.822
[1, 25080] loss: 1698.618
[1, 25100] loss: 1262.329
[1, 25120] loss: 1435.715
[1, 25140] loss: 1530.280
[1, 25160] loss: 1183.736
[1, 25180] loss: 883.711
[1, 25200] loss: 2109.351
[1, 25220] loss: 1450.271
[1, 25240] loss: 745.005
[1, 25260] loss: 1344.404
[1, 25280] loss: 1368.508
[1, 25300] loss: 1803.004
[1, 25320] loss: 1618.028
[1, 25340] loss: 2283.818
[1, 25360] loss: 1147.105
[1, 25380] loss: 706.377
[1, 25400] loss: 1023.694
[1, 25420] loss: 1656.764
[1, 25440] loss: 2371.274
[1, 25460] loss: 8320.456
[1, 25480] loss: 14476.704
[1, 25500] loss: 4311.620
[1, 25520] loss: 1585.465
[1, 25540] loss: 2487.797
[1, 25560] loss: 1364.154
[1, 25580] loss: 1620.837
[1, 25600] loss: 2909.520
[1, 25620] loss: 2203.338
[1, 25640] loss: 1589.929
[1, 25660] loss: 501.825
[1, 25680] loss: 590.382
[1, 25700] loss: 1019.193
[1, 25720] loss: 1058.664
[1, 25740] loss: 1251.122
[1, 25760] loss: 1041.072
[1, 25780] loss: 488.915
[1, 25800] loss: 1691.293
[1, 25820] loss: 1824.665
[1, 25840] loss: 1459.904
[1, 25860] loss: 919.139
[1, 25880] loss: 1903.694
[1, 25900] loss: 3085.267
[1, 25920] loss: 1744.161
[1, 25940] loss: 2651.847
[1, 25960] loss: 3175.622
[1, 25980] loss: 9966.760
[1, 26000] loss: 3813.549
[1, 26020] loss: 8481.419
[1, 26040] loss: 6684.089
[1, 26060] loss: 5063.360
[1, 26080] loss: 4221.423
[1, 26100] loss: 2120.249
[1, 26120] loss: 2238.095
[1, 26140] loss: 2066.517
[1, 26160] loss: 611.827
[1, 26180] loss: 478.846
[1, 26200] loss: 267.741
[1, 26220] loss: 770.943
[1, 26240] loss: 743.883
[1, 26260] loss: 810.522
[1, 26280] loss: 1786.773
[1, 26300] loss: 1256.706
[1, 26320] loss: 683.244
[1, 26340] loss: 508.081
[1, 26360] loss: 680.467
[1, 26380] loss: 475.610
[1, 26400] loss: 472.570
[1, 26420] loss: 397.327
[1, 26440] loss: 232.393
[1, 26460] loss: 685.344
[1, 26480] loss: 1031.721
[1, 26500] loss: 702.345
[1, 26520] loss: 754.637
[1, 26540] loss: 221.456
[1, 26560] loss: 403.703
[1, 26580] loss: 574.986
[1, 26600] loss: 531.614
[1, 26620] loss: 290.616
[1, 26640] loss: 428.497
[1, 26660] loss: 371.896
[1, 26680] loss: 1615.961
[1, 26700] loss: 1199.649
[1, 26720] loss: 1592.251
[1, 26740] loss: 3167.354
[1, 26760] loss: 4746.164
[1, 26780] loss: 2267.073
[1, 26800] loss: 1198.740
[1, 26820] loss: 9050.520
[1, 26840] loss: 8925.579
[1, 26860] loss: 14223.562
[1, 26880] loss: 10667.515
[1, 26900] loss: 2238.285
[1, 26920] loss: 3108.642
[1, 26940] loss: 3413.223
[1, 26960] loss: 5417.281
[1, 26980] loss: 3059.385
[1, 27000] loss: 8487.546
[1, 27020] loss: 3535.352
[1, 27040] loss: 3807.647
[1, 27060] loss: 10389.067
[1, 27080] loss: 24094.967
[1, 27100] loss: 6854.913
[1, 27120] loss: 5634.888
[1, 27140] loss: 4074.271
[1, 27160] loss: 3672.524
[1, 27180] loss: 1928.112
[1, 27200] loss: 879.941
[1, 27220] loss: 482.507
[1, 27240] loss: 1230.652
[1, 27260] loss: 858.493
[1, 27280] loss: 361.180
[1, 27300] loss: 504.132
[1, 27320] loss: 969.625
[1, 27340] loss: 3408.430
[1, 27360] loss: 8115.107
[1, 27380] loss: 3242.611
[1, 27400] loss: 9691.008
[1, 27420] loss: 8279.910
[1, 27440] loss: 4679.467
[1, 27460] loss: 2286.241
[1, 27480] loss: 1070.137
[1, 27500] loss: 887.354
[1, 27520] loss: 583.614
[1, 27540] loss: 1196.525
[1, 27560] loss: 943.429
[1, 27580] loss: 2182.718
[1, 27600] loss: 3239.698
[1, 27620] loss: 2371.449
[1, 27640] loss: 2166.174
[1, 27660] loss: 3719.938
[1, 27680] loss: 8034.517
[1, 27700] loss: 9239.820
[1, 27720] loss: 5877.887
[1, 27740] loss: 2912.836
[1, 27760] loss: 750.845
[1, 27780] loss: 1296.601
[1, 27800] loss: 3723.728
[1, 27820] loss: 2700.419
[1, 27840] loss: 6457.226
[1, 27860] loss: 1793.781
[1, 27880] loss: 1901.277
[1, 27900] loss: 1452.995
[1, 27920] loss: 1727.936
[1, 27940] loss: 2044.789
[1, 27960] loss: 716.784
[1, 27980] loss: 827.135
[1, 28000] loss: 829.772
[1, 28020] loss: 297.594
[1, 28040] loss: 62.515
[1, 28060] loss: 187.074
[1, 28080] loss: 219.736
[1, 28100] loss: 444.345
[1, 28120] loss: 333.362
[1, 28140] loss: 523.272
[1, 28160] loss: 662.168
[1, 28180] loss: 749.776
[1, 28200] loss: 1274.978
[1, 28220] loss: 793.605
[1, 28240] loss: 983.279
[1, 28260] loss: 1058.496
[1, 28280] loss: 520.151
[1, 28300] loss: 233.499
[1, 28320] loss: 302.483
[1, 28340] loss: 374.823
[1, 28360] loss: 1387.221
[1, 28380] loss: 452.779
[1, 28400] loss: 457.008
[1, 28420] loss: 366.813
[1, 28440] loss: 201.224
[1, 28460] loss: 80.442
[1, 28480] loss: 45.972
[1, 28500] loss: 92.605
[1, 28520] loss: 169.680
[1, 28540] loss: 134.045
[1, 28560] loss: 395.329
[1, 28580] loss: 523.993
[1, 28600] loss: 669.498
[1, 28620] loss: 154.413
[1, 28640] loss: 273.741
[1, 28660] loss: 955.101
[1, 28680] loss: 922.842
[1, 28700] loss: 2093.549
[1, 28720] loss: 3924.563
[1, 28740] loss: 3096.874
[1, 28760] loss: 2065.454
[1, 28780] loss: 1197.249
[1, 28800] loss: 766.573
[1, 28820] loss: 1739.671
[1, 28840] loss: 1412.960
[1, 28860] loss: 14669.008
[1, 28880] loss: 32279.239
[1, 28900] loss: 17620.066
[1, 28920] loss: 5011.874
[1, 28940] loss: 5323.922
[1, 28960] loss: 5447.222
[1, 28980] loss: 12563.440
[1, 29000] loss: 2404.224
[1, 29020] loss: 1415.757
[1, 29040] loss: 346.289
[1, 29060] loss: 391.568
[1, 29080] loss: 517.761
[1, 29100] loss: 109.312
[1, 29120] loss: 224.990
[1, 29140] loss: 111.042
[1, 29160] loss: 36.044
[1, 29180] loss: 62.029
[1, 29200] loss: 105.986
[1, 29220] loss: 69.992
[1, 29240] loss: 26.670
[1, 29260] loss: 80.637
[1, 29280] loss: 165.042
[1, 29300] loss: 159.208
[1, 29320] loss: 155.697
[1, 29340] loss: 91.898
[1, 29360] loss: 295.151
[1, 29380] loss: 175.800
[1, 29400] loss: 54.667
[1, 29420] loss: 70.867
[1, 29440] loss: 84.499
[1, 29460] loss: 96.769
[1, 29480] loss: 35.533
[1, 29500] loss: 20.292
[1, 29520] loss: 31.393
[1, 29540] loss: 58.942
[1, 29560] loss: 50.078
[1, 29580] loss: 58.323
[1, 29600] loss: 53.752
[1, 29620] loss: 23.071
[1, 29640] loss: 21.445
[1, 29660] loss: 25.915
[1, 29680] loss: 18.832
[1, 29700] loss: 30.947
[1, 29720] loss: 11.675
[1, 29740] loss: 27.949
[1, 29760] loss: 91.920
[1, 29780] loss: 41.208
[1, 29800] loss: 30.813
[1, 29820] loss: 96.703
[1, 29840] loss: 109.820
[1, 29860] loss: 52.656
[1, 29880] loss: 35.815
[1, 29900] loss: 32.114
[1, 29920] loss: 28.625
[1, 29940] loss: 30.292
[1, 29960] loss: 21.442
[1, 29980] loss: 102.136
[1, 30000] loss: 155.687
[1, 30020] loss: 219.429
[1, 30040] loss: 223.491
[1, 30060] loss: 350.669
[1, 30080] loss: 398.678
[1, 30100] loss: 152.194
[1, 30120] loss: 214.463
[1, 30140] loss: 94.934
[1, 30160] loss: 183.769
[1, 30180] loss: 101.058
[1, 30200] loss: 63.987
[1, 30220] loss: 72.347
[1, 30240] loss: 62.265
[1, 30260] loss: 64.646
[1, 30280] loss: 33.417
[1, 30300] loss: 67.320
[1, 30320] loss: 37.037
[1, 30340] loss: 92.070
[1, 30360] loss: 72.045
[1, 30380] loss: 103.999
[1, 30400] loss: 69.387
[1, 30420] loss: 19.061
[2,    20] loss: 130.400
[2,    40] loss: 26.420
[2,    60] loss: 84.792
[2,    80] loss: 160.366
[2,   100] loss: 121.241
[2,   120] loss: 81.336
[2,   140] loss: 48.022
[2,   160] loss: 45.877
[2,   180] loss: 112.718
[2,   200] loss: 54.480
[2,   220] loss: 128.469
[2,   240] loss: 273.014
[2,   260] loss: 594.393
[2,   280] loss: 2503.245
[2,   300] loss: 2743.433
[2,   320] loss: 4404.179
[2,   340] loss: 3773.065
[2,   360] loss: 3188.737
[2,   380] loss: 2637.833
[2,   400] loss: 2124.270
[2,   420] loss: 826.120
[2,   440] loss: 1482.986
[2,   460] loss: 691.971
[2,   480] loss: 115.998
[2,   500] loss: 56.732
[2,   520] loss: 45.385
[2,   540] loss: 140.527
[2,   560] loss: 327.985
[2,   580] loss: 118.282
[2,   600] loss: 204.012
[2,   620] loss: 24.649
[2,   640] loss: 26.364
[2,   660] loss: 36.211
[2,   680] loss: 23.598
[2,   700] loss: 47.809
[2,   720] loss: 61.849
[2,   740] loss: 95.895
[2,   760] loss: 31.656
[2,   780] loss: 13.003
[2,   800] loss: 39.943
[2,   820] loss: 34.318
[2,   840] loss: 21.621
[2,   860] loss: 15.798
[2,   880] loss: 12.722
[2,   900] loss: 42.781
[2,   920] loss: 13.283
[2,   940] loss: 4.335
[2,   960] loss: 11.159
[2,   980] loss: 33.308
[2,  1000] loss: 35.961
[2,  1020] loss: 22.360
[2,  1040] loss: 23.541
[2,  1060] loss: 50.808
[2,  1080] loss: 37.465
[2,  1100] loss: 115.807
[2,  1120] loss: 145.186
[2,  1140] loss: 54.465
[2,  1160] loss: 49.220
[2,  1180] loss: 54.860
[2,  1200] loss: 18.340
[2,  1220] loss: 19.455
[2,  1240] loss: 22.637
[2,  1260] loss: 29.813
[2,  1280] loss: 21.379
[2,  1300] loss: 7.679
[2,  1320] loss: 14.885
[2,  1340] loss: 27.601
[2,  1360] loss: 69.959
[2,  1380] loss: 148.676
[2,  1400] loss: 66.754
[2,  1420] loss: 33.695
[2,  1440] loss: 500.280
[2,  1460] loss: 601.644
[2,  1480] loss: 498.139
[2,  1500] loss: 1399.298
[2,  1520] loss: 2907.901
[2,  1540] loss: 2225.743
[2,  1560] loss: 6876.578
[2,  1580] loss: 9345.863
[2,  1600] loss: 6626.022
[2,  1620] loss: 3145.742
[2,  1640] loss: 2567.813
[2,  1660] loss: 1074.957
[2,  1680] loss: 741.244
[2,  1700] loss: 750.857
[2,  1720] loss: 711.046
[2,  1740] loss: 174.956
[2,  1760] loss: 336.322
[2,  1780] loss: 107.595
[2,  1800] loss: 170.076
[2,  1820] loss: 206.177
[2,  1840] loss: 49.800
[2,  1860] loss: 28.538
[2,  1880] loss: 31.593
[2,  1900] loss: 13.793
[2,  1920] loss: 15.239
[2,  1940] loss: 16.038
[2,  1960] loss: 19.594
[2,  1980] loss: 14.262
[2,  2000] loss: 8.760
[2,  2020] loss: 7.375
[2,  2040] loss: 11.023
[2,  2060] loss: 11.930
[2,  2080] loss: 8.608
[2,  2100] loss: 8.114
[2,  2120] loss: 9.741
[2,  2140] loss: 6.730
[2,  2160] loss: 7.010
[2,  2180] loss: 12.183
[2,  2200] loss: 53.272
[2,  2220] loss: 28.424
[2,  2240] loss: 49.528
[2,  2260] loss: 50.217
[2,  2280] loss: 23.604
[2,  2300] loss: 12.379
[2,  2320] loss: 7.015
[2,  2340] loss: 10.566
[2,  2360] loss: 6.403
[2,  2380] loss: 3.558
[2,  2400] loss: 6.483
[2,  2420] loss: 4.851
[2,  2440] loss: 3.768
[2,  2460] loss: 9.005
[2,  2480] loss: 2.187
[2,  2500] loss: 3.362
[2,  2520] loss: 4.980
[2,  2540] loss: 9.076
[2,  2560] loss: 17.676
[2,  2580] loss: 16.440
[2,  2600] loss: 22.975
[2,  2620] loss: 19.976
[2,  2640] loss: 14.412
[2,  2660] loss: 8.582
[2,  2680] loss: 8.094
[2,  2700] loss: 4.559
[2,  2720] loss: 2.926
[2,  2740] loss: 7.764
[2,  2760] loss: 2.934
[2,  2780] loss: 8.445
[2,  2800] loss: 6.036
[2,  2820] loss: 8.593
[2,  2840] loss: 10.520
[2,  2860] loss: 15.126
[2,  2880] loss: 10.318
[2,  2900] loss: 18.725
[2,  2920] loss: 13.148
[2,  2940] loss: 10.434
[2,  2960] loss: 2.648
[2,  2980] loss: 2.736
[2,  3000] loss: 2.601
[2,  3020] loss: 3.695
[2,  3040] loss: 3.525
[2,  3060] loss: 5.664
[2,  3080] loss: 11.695
[2,  3100] loss: 13.100
[2,  3120] loss: 13.472
[2,  3140] loss: 18.631
[2,  3160] loss: 50.857
[2,  3180] loss: 46.392
[2,  3200] loss: 31.378
[2,  3220] loss: 90.333
[2,  3240] loss: 64.665
[2,  3260] loss: 84.316
[2,  3280] loss: 94.194
[2,  3300] loss: 27.851
[2,  3320] loss: 18.937
[2,  3340] loss: 14.230
[2,  3360] loss: 10.844
[2,  3380] loss: 18.463
[2,  3400] loss: 34.179
[2,  3420] loss: 27.297
[2,  3440] loss: 20.074
[2,  3460] loss: 13.582
[2,  3480] loss: 32.290
[2,  3500] loss: 156.880
[2,  3520] loss: 145.398
[2,  3540] loss: 147.780
[2,  3560] loss: 769.631
[2,  3580] loss: 358.545
[2,  3600] loss: 2839.449
[2,  3620] loss: 15512072321.686
[2,  3640] loss: 2355325239.688
[2,  3660] loss: 2353715576.088
[2,  3680] loss: 512960151.113
[2,  3700] loss: 39346997.073
[2,  3720] loss: 9578530.009
[2,  3740] loss: 2779327.898
[2,  3760] loss: 1012421.609
[2,  3780] loss: 454667.235
[2,  3800] loss: 342192.170
[2,  3820] loss: 410273.280
[2,  3840] loss: 623956.136
[2,  3860] loss: 451025.909
[2,  3880] loss: 336666.803
[2,  3900] loss: 154530.851
[2,  3920] loss: 223864.427
[2,  3940] loss: 171450.144
[2,  3960] loss: 221320.963
[2,  3980] loss: 231645.613
[2,  4000] loss: 383468.116
[2,  4020] loss: 292987.731
[2,  4040] loss: 361477.894
[2,  4060] loss: 178899.874
[2,  4080] loss: 256284.508
[2,  4100] loss: 190352.062
[2,  4120] loss: 181276.693
[2,  4140] loss: 147713.843
[2,  4160] loss: 198661.237
[2,  4180] loss: 129081.646
[2,  4200] loss: 118555.161
[2,  4220] loss: 121710.944
[2,  4240] loss: 133740.620
[2,  4260] loss: 184503.293
[2,  4280] loss: 107147.609
[2,  4300] loss: 127805.104
[2,  4320] loss: 201830.640
[2,  4340] loss: 68336.247
[2,  4360] loss: 91071.504
[2,  4380] loss: 101007.494
[2,  4400] loss: 164616.845
[2,  4420] loss: 126313.229
[2,  4440] loss: 143152.051
[2,  4460] loss: 112446.716
[2,  4480] loss: 140934.235
[2,  4500] loss: 162200.673
[2,  4520] loss: 129211.341
[2,  4540] loss: 126848.153
[2,  4560] loss: 64890.535
[2,  4580] loss: 63377.740
[2,  4600] loss: 87904.852
[2,  4620] loss: 96159.219
[2,  4640] loss: 148439.741
[2,  4660] loss: 121815.818
[2,  4680] loss: 137398.252
[2,  4700] loss: 50160.665
[2,  4720] loss: 111694.613
[2,  4740] loss: 50709.719
[2,  4760] loss: 121993.575
[2,  4780] loss: 125696.047
[2,  4800] loss: 102091.166
[2,  4820] loss: 70324.501
[2,  4840] loss: 118459.471
[2,  4860] loss: 50833.908
[2,  4880] loss: 83652.886
[2,  4900] loss: 79813.058
[2,  4920] loss: 82509.018
[2,  4940] loss: 48563.541
[2,  4960] loss: 46121.283
[2,  4980] loss: 59274.884
[2,  5000] loss: 80468.885
[2,  5020] loss: 63707.784
[2,  5040] loss: 69721.059
[2,  5060] loss: 45829.026
[2,  5080] loss: 61883.027
[2,  5100] loss: 72014.120
[2,  5120] loss: 47748.530
[2,  5140] loss: 50363.013
[2,  5160] loss: 58796.540
[2,  5180] loss: 78178.245
[2,  5200] loss: 70485.922
[2,  5220] loss: 39183.789
[2,  5240] loss: 58296.638
[2,  5260] loss: 50156.063
[2,  5280] loss: 48691.915
[2,  5300] loss: 57163.546
[2,  5320] loss: 93302.912
[2,  5340] loss: 65604.536
[2,  5360] loss: 55714.973
[2,  5380] loss: 25755.630
[2,  5400] loss: 50110.779
[2,  5420] loss: 98057.842
[2,  5440] loss: 38444.926
[2,  5460] loss: 75730.536
[2,  5480] loss: 56454.545
[2,  5500] loss: 36525.086
[2,  5520] loss: 79848.646
[2,  5540] loss: 53930.218
[2,  5560] loss: 34373.341
[2,  5580] loss: 49995.316
[2,  5600] loss: 37291.200
[2,  5620] loss: 22176.060
[2,  5640] loss: 37692.693
[2,  5660] loss: 41541.765
[2,  5680] loss: 16437.344
[2,  5700] loss: 33011.716
[2,  5720] loss: 42572.282
[2,  5740] loss: 26093.719
[2,  5760] loss: 29686.799
[2,  5780] loss: 27915.896
[2,  5800] loss: 27231.714
[2,  5820] loss: 19210.789
[2,  5840] loss: 33689.825
[2,  5860] loss: 38868.450
[2,  5880] loss: 37469.498
[2,  5900] loss: 44634.922
[2,  5920] loss: 32949.264
[2,  5940] loss: 15286.477
[2,  5960] loss: 36678.713
[2,  5980] loss: 51098.727
[2,  6000] loss: 16458.441
[2,  6020] loss: 32676.579
[2,  6040] loss: 32764.480
[2,  6060] loss: 27743.555
[2,  6080] loss: 45871.891
[2,  6100] loss: 57146.762
[2,  6120] loss: 22712.310
[2,  6140] loss: 36235.338
[2,  6160] loss: 22227.350
[2,  6180] loss: 28762.580
[2,  6200] loss: 41965.174
[2,  6220] loss: 10957.497
[2,  6240] loss: 40595.894
[2,  6260] loss: 31638.947
[2,  6280] loss: 9333.784
[2,  6300] loss: 19822.072
[2,  6320] loss: 17438.778
[2,  6340] loss: 17736.946
[2,  6360] loss: 21081.355
[2,  6380] loss: 21744.617
[2,  6400] loss: 11420.363
[2,  6420] loss: 30927.227
[2,  6440] loss: 23580.822
[2,  6460] loss: 11267.255
[2,  6480] loss: 14380.978
[2,  6500] loss: 5026.524
[2,  6520] loss: 13248.019
[2,  6540] loss: 22433.028
[2,  6560] loss: 20995.269
[2,  6580] loss: 9283.252
[2,  6600] loss: 18527.277
[2,  6620] loss: 14723.376
[2,  6640] loss: 37114.618
[2,  6660] loss: 24424.074
[2,  6680] loss: 21609.157
[2,  6700] loss: 13232.227
[2,  6720] loss: 7925.250
[2,  6740] loss: 15099.464
[2,  6760] loss: 20616.724
[2,  6780] loss: 25906.525
[2,  6800] loss: 14176.821
[2,  6820] loss: 12975.649
[2,  6840] loss: 19012.707
[2,  6860] loss: 30602.289
[2,  6880] loss: 22176.784
[2,  6900] loss: 18272.182
[2,  6920] loss: 16878.718
[2,  6940] loss: 14401.519
[2,  6960] loss: 13767.039
[2,  6980] loss: 18586.718
[2,  7000] loss: 30236.379
[2,  7020] loss: 12866.254
[2,  7040] loss: 8673.734
[2,  7060] loss: 12086.246
[2,  7080] loss: 22871.513
[2,  7100] loss: 12702.777
[2,  7120] loss: 10383.029
[2,  7140] loss: 16173.105
[2,  7160] loss: 12596.250
[2,  7180] loss: 10233.474
[2,  7200] loss: 18022.068
[2,  7220] loss: 9161.974
[2,  7240] loss: 20839.894
[2,  7260] loss: 10300.120
[2,  7280] loss: 16054.748
[2,  7300] loss: 17448.111
[2,  7320] loss: 6340.017
[2,  7340] loss: 11361.470
[2,  7360] loss: 10567.189
[2,  7380] loss: 9138.106
[2,  7400] loss: 12714.539
[2,  7420] loss: 14005.765
[2,  7440] loss: 20792.147
[2,  7460] loss: 8296.382
[2,  7480] loss: 6157.756
[2,  7500] loss: 11612.336
[2,  7520] loss: 8618.269
[2,  7540] loss: 7593.148
[2,  7560] loss: 6945.330
[2,  7580] loss: 8050.510
[2,  7600] loss: 8456.956
[2,  7620] loss: 4688.370
[2,  7640] loss: 5023.925
[2,  7660] loss: 8139.234
[2,  7680] loss: 6200.638
[2,  7700] loss: 6174.735
[2,  7720] loss: 11250.973
[2,  7740] loss: 3356.969
[2,  7760] loss: 7199.019
[2,  7780] loss: 5720.782
[2,  7800] loss: 12640.483
[2,  7820] loss: 4238.023
[2,  7840] loss: 11465.143
[2,  7860] loss: 5110.653
[2,  7880] loss: 5882.547
[2,  7900] loss: 9417.628
[2,  7920] loss: 8825.681
[2,  7940] loss: 6553.689
[2,  7960] loss: 5280.286
[2,  7980] loss: 4407.495
[2,  8000] loss: 3121.221
[2,  8020] loss: 5416.128
[2,  8040] loss: 7051.365
[2,  8060] loss: 3336.921
[2,  8080] loss: 5894.262
[2,  8100] loss: 5329.035
[2,  8120] loss: 6014.156
[2,  8140] loss: 10836.355
[2,  8160] loss: 5839.487
[2,  8180] loss: 5300.472
[2,  8200] loss: 5188.695
[2,  8220] loss: 2514.419
[2,  8240] loss: 5444.672
[2,  8260] loss: 5406.752
[2,  8280] loss: 5529.642
[2,  8300] loss: 5538.486
[2,  8320] loss: 5782.433
[2,  8340] loss: 4972.410
[2,  8360] loss: 3017.360
[2,  8380] loss: 14123.299
[2,  8400] loss: 16927.047
[2,  8420] loss: 5656.324
[2,  8440] loss: 7222.557
[2,  8460] loss: 4943.673
[2,  8480] loss: 4391.450
[2,  8500] loss: 5423.729
[2,  8520] loss: 8187.694
[2,  8540] loss: 3835.796
[2,  8560] loss: 2253.118
[2,  8580] loss: 6304.873
[2,  8600] loss: 6110.246
[2,  8620] loss: 3642.370
[2,  8640] loss: 4922.468
[2,  8660] loss: 7116.506
[2,  8680] loss: 10909.606
[2,  8700] loss: 5312.838
[2,  8720] loss: 4719.855
[2,  8740] loss: 4936.162
[2,  8760] loss: 4786.727
[2,  8780] loss: 3962.366
[2,  8800] loss: 8614.839
[2,  8820] loss: 3770.990
[2,  8840] loss: 2617.042
[2,  8860] loss: 3665.045
[2,  8880] loss: 4402.480
[2,  8900] loss: 2499.665
[2,  8920] loss: 4522.348
[2,  8940] loss: 5700.172
[2,  8960] loss: 15535.219
[2,  8980] loss: 4081.553
[2,  9000] loss: 4960.366
[2,  9020] loss: 11636.659
[2,  9040] loss: 2434.896
[2,  9060] loss: 2290.215
[2,  9080] loss: 5344.806
[2,  9100] loss: 3188.172
[2,  9120] loss: 2805.868
[2,  9140] loss: 5158.711
[2,  9160] loss: 2440.208
[2,  9180] loss: 2399.665
[2,  9200] loss: 2782.106
[2,  9220] loss: 2281.123
[2,  9240] loss: 2758.510
[2,  9260] loss: 2733.242
[2,  9280] loss: 3137.455
[2,  9300] loss: 1904.501
[2,  9320] loss: 1355.325
[2,  9340] loss: 2742.701
[2,  9360] loss: 2268.893
[2,  9380] loss: 2412.881
[2,  9400] loss: 5524.976
[2,  9420] loss: 7881.772
[2,  9440] loss: 4827.978
[2,  9460] loss: 1875.411
[2,  9480] loss: 1844.377
[2,  9500] loss: 1696.226
[2,  9520] loss: 2998.363
[2,  9540] loss: 2299.041
[2,  9560] loss: 4832.682
[2,  9580] loss: 1858.183
[2,  9600] loss: 3263.771
[2,  9620] loss: 2879.785
[2,  9640] loss: 2909.544
[2,  9660] loss: 4267.539
[2,  9680] loss: 1853.396
[2,  9700] loss: 3947.821
[2,  9720] loss: 4170.555
[2,  9740] loss: 2674.611
[2,  9760] loss: 2661.033
[2,  9780] loss: 876.556
[2,  9800] loss: 1654.310
[2,  9820] loss: 1258.721
[2,  9840] loss: 2063.689
[2,  9860] loss: 2041.267
[2,  9880] loss: 6362.301
[2,  9900] loss: 3150.092
[2,  9920] loss: 4153.865
[2,  9940] loss: 1274.673
[2,  9960] loss: 1081.669
[2,  9980] loss: 2059.635
[2, 10000] loss: 2245.475
[2, 10020] loss: 1758.116
[2, 10040] loss: 1860.873
[2, 10060] loss: 2359.510
[2, 10080] loss: 1167.335
[2, 10100] loss: 1503.261
[2, 10120] loss: 3086.591
[2, 10140] loss: 1251.192
[2, 10160] loss: 2288.694
[2, 10180] loss: 1719.963
[2, 10200] loss: 4315.159
[2, 10220] loss: 1348.526
[2, 10240] loss: 1692.828
[2, 10260] loss: 823.537
[2, 10280] loss: 1292.196
[2, 10300] loss: 2119.352
[2, 10320] loss: 1193.881
[2, 10340] loss: 1615.884
[2, 10360] loss: 2163.714
[2, 10380] loss: 2621.970
[2, 10400] loss: 2097.596
[2, 10420] loss: 3652.178
[2, 10440] loss: 1185.151
[2, 10460] loss: 840.776
[2, 10480] loss: 3304.863
[2, 10500] loss: 1661.331
[2, 10520] loss: 1640.632
[2, 10540] loss: 1624.629
[2, 10560] loss: 5945.006
[2, 10580] loss: 872.968
[2, 10600] loss: 845.370
[2, 10620] loss: 1279.340
[2, 10640] loss: 2717.316
[2, 10660] loss: 2690.538
[2, 10680] loss: 1156.420
[2, 10700] loss: 1247.569
[2, 10720] loss: 869.875
[2, 10740] loss: 1618.328
[2, 10760] loss: 701.698
[2, 10780] loss: 1263.957
[2, 10800] loss: 1926.900
[2, 10820] loss: 2008.148
[2, 10840] loss: 897.819
[2, 10860] loss: 896.888
[2, 10880] loss: 814.283
[2, 10900] loss: 1864.926
[2, 10920] loss: 1559.946
[2, 10940] loss: 971.136
[2, 10960] loss: 1345.203
[2, 10980] loss: 2332.244
[2, 11000] loss: 2197.667
[2, 11020] loss: 889.966
[2, 11040] loss: 351.243
[2, 11060] loss: 900.548
[2, 11080] loss: 513.930
[2, 11100] loss: 638.300
[2, 11120] loss: 990.533
[2, 11140] loss: 1065.712
[2, 11160] loss: 1566.431
[2, 11180] loss: 2199.344
[2, 11200] loss: 1674.175
[2, 11220] loss: 727.573
[2, 11240] loss: 1276.140
[2, 11260] loss: 649.163
[2, 11280] loss: 554.320
[2, 11300] loss: 561.357
[2, 11320] loss: 541.940
[2, 11340] loss: 344.131
[2, 11360] loss: 480.150
[2, 11380] loss: 821.881
[2, 11400] loss: 936.956
[2, 11420] loss: 1060.009
[2, 11440] loss: 1059.106
[2, 11460] loss: 653.941
[2, 11480] loss: 664.252
[2, 11500] loss: 2193.888
[2, 11520] loss: 946.299
[2, 11540] loss: 1339.093
[2, 11560] loss: 1788.288
[2, 11580] loss: 639.006
[2, 11600] loss: 499.337
[2, 11620] loss: 884.156
[2, 11640] loss: 1443.136
[2, 11660] loss: 2488.533
[2, 11680] loss: 1174.677
[2, 11700] loss: 1502.476
[2, 11720] loss: 695.527
[2, 11740] loss: 961.562
[2, 11760] loss: 1226.867
[2, 11780] loss: 2292.605
[2, 11800] loss: 1488.541
[2, 11820] loss: 1719.374
[2, 11840] loss: 1473.679
[2, 11860] loss: 637.508
[2, 11880] loss: 667.052
[2, 11900] loss: 1961.903
[2, 11920] loss: 798.641
[2, 11940] loss: 878.029
[2, 11960] loss: 654.802
[2, 11980] loss: 328.142
[2, 12000] loss: 859.555
[2, 12020] loss: 530.546
[2, 12040] loss: 526.381
[2, 12060] loss: 658.635
[2, 12080] loss: 989.219
[2, 12100] loss: 732.072
[2, 12120] loss: 595.908
[2, 12140] loss: 748.054
[2, 12160] loss: 367.314
[2, 12180] loss: 340.032
[2, 12200] loss: 392.961
[2, 12220] loss: 703.802
[2, 12240] loss: 513.903
[2, 12260] loss: 506.511
[2, 12280] loss: 488.093
[2, 12300] loss: 284.176
[2, 12320] loss: 823.327
[2, 12340] loss: 681.606
[2, 12360] loss: 291.355
[2, 12380] loss: 369.366
[2, 12400] loss: 477.520
[2, 12420] loss: 507.932
[2, 12440] loss: 424.482
[2, 12460] loss: 443.712
[2, 12480] loss: 506.035
[2, 12500] loss: 214.596
[2, 12520] loss: 283.561
[2, 12540] loss: 423.126
[2, 12560] loss: 381.261
[2, 12580] loss: 714.014
[2, 12600] loss: 485.728
[2, 12620] loss: 428.337
[2, 12640] loss: 602.902
[2, 12660] loss: 719.444
[2, 12680] loss: 553.174
[2, 12700] loss: 351.741
[2, 12720] loss: 779.710
[2, 12740] loss: 1177.733
[2, 12760] loss: 380.892
[2, 12780] loss: 413.793
[2, 12800] loss: 258.174
[2, 12820] loss: 445.364
[2, 12840] loss: 163.556
[2, 12860] loss: 534.142
[2, 12880] loss: 459.827
[2, 12900] loss: 366.401
[2, 12920] loss: 522.541
[2, 12940] loss: 316.413
[2, 12960] loss: 287.690
[2, 12980] loss: 661.515
[2, 13000] loss: 660.027
[2, 13020] loss: 1504.479
[2, 13040] loss: 785.350
[2, 13060] loss: 170.110
[2, 13080] loss: 559.456
[2, 13100] loss: 202.852
[2, 13120] loss: 257.642
[2, 13140] loss: 326.426
[2, 13160] loss: 178.726
[2, 13180] loss: 349.157
[2, 13200] loss: 1522.792
[2, 13220] loss: 288.827
[2, 13240] loss: 324.145
[2, 13260] loss: 322.521
[2, 13280] loss: 586.470
[2, 13300] loss: 329.108
[2, 13320] loss: 147.249
[2, 13340] loss: 271.364
[2, 13360] loss: 283.110
[2, 13380] loss: 174.530
[2, 13400] loss: 361.737
[2, 13420] loss: 602.338
[2, 13440] loss: 308.769
[2, 13460] loss: 189.883
[2, 13480] loss: 319.109
[2, 13500] loss: 245.367
[2, 13520] loss: 362.191
[2, 13540] loss: 553.084
[2, 13560] loss: 130.599
[2, 13580] loss: 102.865
[2, 13600] loss: 157.128
[2, 13620] loss: 174.420
[2, 13640] loss: 174.376
[2, 13660] loss: 281.050
[2, 13680] loss: 406.791
[2, 13700] loss: 364.918
[2, 13720] loss: 395.160
[2, 13740] loss: 771.284
[2, 13760] loss: 475.678
[2, 13780] loss: 86.941
[2, 13800] loss: 115.615
[2, 13820] loss: 271.681
[2, 13840] loss: 106.644
[2, 13860] loss: 80.686
[2, 13880] loss: 125.281
[2, 13900] loss: 280.359
[2, 13920] loss: 219.541
[2, 13940] loss: 324.102
[2, 13960] loss: 379.923
[2, 13980] loss: 86.875
[2, 14000] loss: 47.311
[2, 14020] loss: 53.352
[2, 14040] loss: 220.739
[2, 14060] loss: 115.323
[2, 14080] loss: 444.735
[2, 14100] loss: 238.532
[2, 14120] loss: 165.426
[2, 14140] loss: 207.935
[2, 14160] loss: 174.853
[2, 14180] loss: 132.947
[2, 14200] loss: 166.109
[2, 14220] loss: 137.138
[2, 14240] loss: 121.754
[2, 14260] loss: 173.234
[2, 14280] loss: 85.133
[2, 14300] loss: 113.140
[2, 14320] loss: 240.022
[2, 14340] loss: 263.601
[2, 14360] loss: 191.956
[2, 14380] loss: 167.244
[2, 14400] loss: 112.840
[2, 14420] loss: 263.404
[2, 14440] loss: 127.878
[2, 14460] loss: 69.795
[2, 14480] loss: 202.343
[2, 14500] loss: 102.213
[2, 14520] loss: 55.265
[2, 14540] loss: 71.033
[2, 14560] loss: 175.203
[2, 14580] loss: 81.774
[2, 14600] loss: 45.066
[2, 14620] loss: 85.922
[2, 14640] loss: 103.899
[2, 14660] loss: 116.765
[2, 14680] loss: 135.957
[2, 14700] loss: 998.709
[2, 14720] loss: 648.897
[2, 14740] loss: 304.304
[2, 14760] loss: 227.439
[2, 14780] loss: 92.150
[2, 14800] loss: 98.228
[2, 14820] loss: 44.718
[2, 14840] loss: 72.508
[2, 14860] loss: 106.261
[2, 14880] loss: 195.564
[2, 14900] loss: 153.943
[2, 14920] loss: 127.959
[2, 14940] loss: 85.711
[2, 14960] loss: 133.883
[2, 14980] loss: 146.068
[2, 15000] loss: 77.617
[2, 15020] loss: 112.976
[2, 15040] loss: 135.645
[2, 15060] loss: 50.098
[2, 15080] loss: 18.601
[2, 15100] loss: 277.606
[2, 15120] loss: 97.034
[2, 15140] loss: 61.819
[2, 15160] loss: 67.359
[2, 15180] loss: 116.272
[2, 15200] loss: 132.664
[2, 15220] loss: 176.240
[2, 15240] loss: 136.470
[2, 15260] loss: 33.708
[2, 15280] loss: 88.766
[2, 15300] loss: 73.405
[2, 15320] loss: 41.644
[2, 15340] loss: 55.124
[2, 15360] loss: 118.044
[2, 15380] loss: 126.309
[2, 15400] loss: 122.079
[2, 15420] loss: 72.133
[2, 15440] loss: 116.138
[2, 15460] loss: 43.601
[2, 15480] loss: 19.044
[2, 15500] loss: 44.872
[2, 15520] loss: 30.469
[2, 15540] loss: 26.370
[2, 15560] loss: 76.223
[2, 15580] loss: 93.675
[2, 15600] loss: 24.158
[2, 15620] loss: 34.630
[2, 15640] loss: 35.436
[2, 15660] loss: 83.562
[2, 15680] loss: 106.755
[2, 15700] loss: 46.466
[2, 15720] loss: 42.494
[2, 15740] loss: 29.586
[2, 15760] loss: 76.970
[2, 15780] loss: 99.935
[2, 15800] loss: 148.079
[2, 15820] loss: 59.297
[2, 15840] loss: 70.993
[2, 15860] loss: 107.162
[2, 15880] loss: 47.973
[2, 15900] loss: 58.974
[2, 15920] loss: 61.609
[2, 15940] loss: 62.942
[2, 15960] loss: 120.529
[2, 15980] loss: 120.122
[2, 16000] loss: 111.783
[2, 16020] loss: 111.690
[2, 16040] loss: 86.949
[2, 16060] loss: 208.952
[2, 16080] loss: 83.965
[2, 16100] loss: 41.337
[2, 16120] loss: 34.553
[2, 16140] loss: 34.898
[2, 16160] loss: 35.052
[2, 16180] loss: 51.607
[2, 16200] loss: 79.772
[2, 16220] loss: 174.302
[2, 16240] loss: 229.615
[2, 16260] loss: 208.951
[2, 16280] loss: 340.481
[2, 16300] loss: 118.877
[2, 16320] loss: 71.472
[2, 16340] loss: 60.814
[2, 16360] loss: 53.323
[2, 16380] loss: 49.997
[2, 16400] loss: 38.132
[2, 16420] loss: 71.956
[2, 16440] loss: 33.681
[2, 16460] loss: 117.083
[2, 16480] loss: 160.928
[2, 16500] loss: 745.439
[2, 16520] loss: 932.673
[2, 16540] loss: 723.870
[2, 16560] loss: 157.860
[2, 16580] loss: 331.305
[2, 16600] loss: 211.431
[2, 16620] loss: 138.163
[2, 16640] loss: 179.029
[2, 16660] loss: 46.349
[2, 16680] loss: 55.134
[2, 16700] loss: 113.317
[2, 16720] loss: 104.581
[2, 16740] loss: 70.693
[2, 16760] loss: 42.029
[2, 16780] loss: 116.116
[2, 16800] loss: 54.131
[2, 16820] loss: 165.207
[2, 16840] loss: 2578.315
[2, 16860] loss: 3644.467
[2, 16880] loss: 3034.317
[2, 16900] loss: 660.438
[2, 16920] loss: 491.067
[2, 16940] loss: 586.250
[2, 16960] loss: 1104.405
[2, 16980] loss: 1942.885
[2, 17000] loss: 1693.393
[2, 17020] loss: 613.435
[2, 17040] loss: 551.601
[2, 17060] loss: 804.694
[2, 17080] loss: 247.639
[2, 17100] loss: 246.993
[2, 17120] loss: 419.485
[2, 17140] loss: 637.015
[2, 17160] loss: 121.899
[2, 17180] loss: 104.261
[2, 17200] loss: 98.139
[2, 17220] loss: 238.173
[2, 17240] loss: 94.335
[2, 17260] loss: 43.303
[2, 17280] loss: 32.088
[2, 17300] loss: 37.793
[2, 17320] loss: 60.820
[2, 17340] loss: 69.401
[2, 17360] loss: 61.328
[2, 17380] loss: 212.216
[2, 17400] loss: 76.423
[2, 17420] loss: 21.946
[2, 17440] loss: 20.777
[2, 17460] loss: 14.260
[2, 17480] loss: 27.956
[2, 17500] loss: 30.096
[2, 17520] loss: 12.378
[2, 17540] loss: 12.516
[2, 17560] loss: 15.133
[2, 17580] loss: 11.038
[2, 17600] loss: 38.438
[2, 17620] loss: 24.381
[2, 17640] loss: 24.764
[2, 17660] loss: 30.481
[2, 17680] loss: 10.018
[2, 17700] loss: 23.366
[2, 17720] loss: 31.073
[2, 17740] loss: 56.357
[2, 17760] loss: 40.409
[2, 17780] loss: 26.943
[2, 17800] loss: 46.544
[2, 17820] loss: 30.770
[2, 17840] loss: 62.298
[2, 17860] loss: 325.875
[2, 17880] loss: 2747.083
[2, 17900] loss: 1346.946
[2, 17920] loss: 554.017
[2, 17940] loss: 2276.710
[2, 17960] loss: 75177.459
[2, 17980] loss: 64932645583.347
[2, 18000] loss: 290923899438.400
[2, 18020] loss: 34469534479.900
[2, 18040] loss: 2054069872.000
[2, 18060] loss: 133303026.849
[2, 18080] loss: 30437785.035
[2, 18100] loss: 26061917.792
[2, 18120] loss: 7538323.337
[2, 18140] loss: 6347952.954
[2, 18160] loss: 12872507.002
[2, 18180] loss: 10839113.194
[2, 18200] loss: 17643789.568
[2, 18220] loss: 9456634.805
[2, 18240] loss: 8181446.658
[2, 18260] loss: 2956504.198
[2, 18280] loss: 4198500.911
[2, 18300] loss: 4745539.616
[2, 18320] loss: 3502942.299
[2, 18340] loss: 9200649.600
[2, 18360] loss: 2936891.672
[2, 18380] loss: 3248349.057
[2, 18400] loss: 4534460.646
[2, 18420] loss: 2774268.771
[2, 18440] loss: 3881464.606
[2, 18460] loss: 3620771.439
[2, 18480] loss: 3029116.756
[2, 18500] loss: 3474771.733
[2, 18520] loss: 2837895.303
[2, 18540] loss: 2892397.819
[2, 18560] loss: 1622701.329
[2, 18580] loss: 1825403.170
[2, 18600] loss: 1296165.587
[2, 18620] loss: 1797263.202
[2, 18640] loss: 1315998.230
[2, 18660] loss: 1302486.597
[2, 18680] loss: 2288929.924
[2, 18700] loss: 1502992.984
[2, 18720] loss: 2581011.695
[2, 18740] loss: 1490972.810
[2, 18760] loss: 910654.420
[2, 18780] loss: 2122901.534
[2, 18800] loss: 2279981.946
[2, 18820] loss: 2330772.605
[2, 18840] loss: 1488491.664
[2, 18860] loss: 710415.646
[2, 18880] loss: 3113223.931
[2, 18900] loss: 1721697.292
[2, 18920] loss: 1661091.664
[2, 18940] loss: 814493.768
[2, 18960] loss: 1261172.859
[2, 18980] loss: 864856.136
[2, 19000] loss: 2257134.125
[2, 19020] loss: 1513413.417
[2, 19040] loss: 1333791.848
[2, 19060] loss: 2754959.026
[2, 19080] loss: 1543638.875
[2, 19100] loss: 1087183.641
[2, 19120] loss: 1629948.232
[2, 19140] loss: 1776761.518
[2, 19160] loss: 1377899.554
[2, 19180] loss: 1461628.986
[2, 19200] loss: 2034838.721
[2, 19220] loss: 964102.117
[2, 19240] loss: 1007360.916
[2, 19260] loss: 887636.331
[2, 19280] loss: 956301.772
[2, 19300] loss: 568976.876
[2, 19320] loss: 468155.536
[2, 19340] loss: 739293.798
[2, 19360] loss: 2154647.529
[2, 19380] loss: 1897251.844
[2, 19400] loss: 1526089.665
[2, 19420] loss: 1122963.824
[2, 19440] loss: 1110429.718
[2, 19460] loss: 1516161.615
[2, 19480] loss: 745572.707
[2, 19500] loss: 954297.930
[2, 19520] loss: 1317327.373
[2, 19540] loss: 1338713.491
[2, 19560] loss: 2015448.512
[2, 19580] loss: 992525.573
[2, 19600] loss: 1288206.438
[2, 19620] loss: 659915.380
[2, 19640] loss: 671288.514
[2, 19660] loss: 1209531.822
[2, 19680] loss: 1016067.328
[2, 19700] loss: 582753.018
[2, 19720] loss: 517238.553
[2, 19740] loss: 1631655.204
[2, 19760] loss: 775941.997
[2, 19780] loss: 1541284.201
[2, 19800] loss: 1232823.772
[2, 19820] loss: 583020.786
[2, 19840] loss: 687254.953
[2, 19860] loss: 858198.733
[2, 19880] loss: 643765.098
[2, 19900] loss: 1350645.066
[2, 19920] loss: 586724.806
[2, 19940] loss: 911063.817
[2, 19960] loss: 1023256.708
[2, 19980] loss: 709907.475
[2, 20000] loss: 698843.151
[2, 20020] loss: 1633396.713
[2, 20040] loss: 803644.815
[2, 20060] loss: 888518.267
[2, 20080] loss: 422516.653
[2, 20100] loss: 1460277.241
[2, 20120] loss: 558605.719
[2, 20140] loss: 1647664.432
[2, 20160] loss: 818026.671
[2, 20180] loss: 514411.906
[2, 20200] loss: 443817.045
[2, 20220] loss: 1257498.727
[2, 20240] loss: 606149.790
[2, 20260] loss: 562901.227
[2, 20280] loss: 587006.197
[2, 20300] loss: 400524.438
[2, 20320] loss: 953712.051
[2, 20340] loss: 488246.228
[2, 20360] loss: 1138383.634
[2, 20380] loss: 1602167.465
[2, 20400] loss: 355900.937
[2, 20420] loss: 295288.104
[2, 20440] loss: 675392.506
[2, 20460] loss: 538118.456
[2, 20480] loss: 741762.510
[2, 20500] loss: 777239.176
[2, 20520] loss: 724156.374
[2, 20540] loss: 1497303.113
[2, 20560] loss: 602623.191
[2, 20580] loss: 1262259.686
[2, 20600] loss: 463578.949
[2, 20620] loss: 1046127.086
[2, 20640] loss: 728498.286
[2, 20660] loss: 467346.119
[2, 20680] loss: 426566.475
[2, 20700] loss: 718941.321
[2, 20720] loss: 483500.768
[2, 20740] loss: 368059.845
[2, 20760] loss: 436293.113
[2, 20780] loss: 601686.928
[2, 20800] loss: 659513.515
[2, 20820] loss: 753601.997
[2, 20840] loss: 346684.756
[2, 20860] loss: 476751.636
[2, 20880] loss: 387372.314
[2, 20900] loss: 449493.952
[2, 20920] loss: 573545.758
[2, 20940] loss: 394005.219
[2, 20960] loss: 290813.753
[2, 20980] loss: 456342.721
[2, 21000] loss: 417630.598
[2, 21020] loss: 395692.112
[2, 21040] loss: 813422.806
[2, 21060] loss: 426484.470
[2, 21080] loss: 330856.698
[2, 21100] loss: 305397.825
[2, 21120] loss: 321203.592
[2, 21140] loss: 827311.964
[2, 21160] loss: 374015.616
[2, 21180] loss: 514542.390
[2, 21200] loss: 964307.794
[2, 21220] loss: 697864.574
[2, 21240] loss: 763615.601
[2, 21260] loss: 233386.666
[2, 21280] loss: 470919.772
[2, 21300] loss: 439247.723
[2, 21320] loss: 558334.174
[2, 21340] loss: 203858.652
[2, 21360] loss: 262248.251
[2, 21380] loss: 107670.644
[2, 21400] loss: 562734.270
[2, 21420] loss: 332744.923
[2, 21440] loss: 232416.617
[2, 21460] loss: 703316.693
[2, 21480] loss: 176084.029
[2, 21500] loss: 243801.922
[2, 21520] loss: 1018793.631
[2, 21540] loss: 701613.780
[2, 21560] loss: 363382.477
[2, 21580] loss: 381726.313
[2, 21600] loss: 385339.675
[2, 21620] loss: 479270.926
[2, 21640] loss: 454035.244
[2, 21660] loss: 322382.735
[2, 21680] loss: 334173.039
[2, 21700] loss: 283852.779
[2, 21720] loss: 306333.726
[2, 21740] loss: 111460.964
[2, 21760] loss: 356573.442
[2, 21780] loss: 378962.876
[2, 21800] loss: 377285.148
[2, 21820] loss: 526953.059
[2, 21840] loss: 523121.620
[2, 21860] loss: 465202.729
[2, 21880] loss: 310922.930
[2, 21900] loss: 452716.315
[2, 21920] loss: 283198.039
[2, 21940] loss: 440308.415
[2, 21960] loss: 429024.651
[2, 21980] loss: 481191.816
[2, 22000] loss: 271264.668
[2, 22020] loss: 247984.372
[2, 22040] loss: 302481.157
[2, 22060] loss: 692108.568
[2, 22080] loss: 620784.197
[2, 22100] loss: 362412.188
[2, 22120] loss: 240640.221
[2, 22140] loss: 259672.440
[2, 22160] loss: 252422.563
[2, 22180] loss: 158081.739
[2, 22200] loss: 208426.143
[2, 22220] loss: 259066.770
[2, 22240] loss: 619041.581
[2, 22260] loss: 347563.552
[2, 22280] loss: 257025.918
[2, 22300] loss: 244075.677
[2, 22320] loss: 223354.564
[2, 22340] loss: 537150.204
[2, 22360] loss: 631962.884
[2, 22380] loss: 284144.091
[2, 22400] loss: 352761.957
[2, 22420] loss: 453467.657
[2, 22440] loss: 325098.802
[2, 22460] loss: 216667.843
[2, 22480] loss: 197333.692
[2, 22500] loss: 266078.100
[2, 22520] loss: 117358.779
[2, 22540] loss: 78083.255
[2, 22560] loss: 418475.067
[2, 22580] loss: 244533.574
[2, 22600] loss: 205721.650
[2, 22620] loss: 137263.120
[2, 22640] loss: 229777.984
[2, 22660] loss: 205779.945
[2, 22680] loss: 276309.536
[2, 22700] loss: 591476.011
[2, 22720] loss: 285580.803
[2, 22740] loss: 264067.021
[2, 22760] loss: 172374.589
[2, 22780] loss: 245654.151
[2, 22800] loss: 172919.075
[2, 22820] loss: 246444.035
[2, 22840] loss: 119343.638
[2, 22860] loss: 188046.943
[2, 22880] loss: 326299.531
[2, 22900] loss: 126781.185
[2, 22920] loss: 183123.520
[2, 22940] loss: 147093.118
[2, 22960] loss: 141969.447
[2, 22980] loss: 165577.588
[2, 23000] loss: 190546.112
[2, 23020] loss: 137523.980
[2, 23040] loss: 116195.423
[2, 23060] loss: 143379.369
[2, 23080] loss: 254594.219
[2, 23100] loss: 137790.020
[2, 23120] loss: 88405.403
[2, 23140] loss: 82025.414
[2, 23160] loss: 141776.961
[2, 23180] loss: 97394.201
[2, 23200] loss: 80449.732
[2, 23220] loss: 115593.158
[2, 23240] loss: 90219.860
[2, 23260] loss: 97287.203
[2, 23280] loss: 136546.142
[2, 23300] loss: 138575.679
[2, 23320] loss: 69648.535
[2, 23340] loss: 279576.000
[2, 23360] loss: 106926.345
[2, 23380] loss: 107364.942
[2, 23400] loss: 73171.571
[2, 23420] loss: 120618.393
[2, 23440] loss: 110087.322
[2, 23460] loss: 96862.239
[2, 23480] loss: 119909.601
[2, 23500] loss: 103768.514
[2, 23520] loss: 104893.899
[2, 23540] loss: 128567.278
[2, 23560] loss: 188829.910
[2, 23580] loss: 139470.564
[2, 23600] loss: 178324.514
[2, 23620] loss: 172953.661
[2, 23640] loss: 201561.357
[2, 23660] loss: 227914.516
[2, 23680] loss: 148287.403
[2, 23700] loss: 62089.923
[2, 23720] loss: 100466.730
[2, 23740] loss: 115827.682
[2, 23760] loss: 270662.808
[2, 23780] loss: 127344.836
[2, 23800] loss: 40725.556
[2, 23820] loss: 37906.056
[2, 23840] loss: 106255.329
[2, 23860] loss: 105347.064
[2, 23880] loss: 94488.532
[2, 23900] loss: 93235.531
[2, 23920] loss: 127213.485
[2, 23940] loss: 88642.112
[2, 23960] loss: 126289.094
[2, 23980] loss: 78739.385
[2, 24000] loss: 76718.477
[2, 24020] loss: 60405.382
[2, 24040] loss: 65901.740
[2, 24060] loss: 79976.752
[2, 24080] loss: 96687.538
[2, 24100] loss: 61008.689
[2, 24120] loss: 51456.668
[2, 24140] loss: 52487.572
[2, 24160] loss: 62481.916
[2, 24180] loss: 85462.298
[2, 24200] loss: 28685.934
[2, 24220] loss: 24235.640
[2, 24240] loss: 48603.216
[2, 24260] loss: 54304.920
[2, 24280] loss: 45314.141
[2, 24300] loss: 104964.713
[2, 24320] loss: 72498.736
[2, 24340] loss: 47960.299
[2, 24360] loss: 111098.408
[2, 24380] loss: 60721.770
[2, 24400] loss: 44549.180
[2, 24420] loss: 56582.005
[2, 24440] loss: 74004.244
[2, 24460] loss: 194809.689
[2, 24480] loss: 133127.988
[2, 24500] loss: 75430.274
[2, 24520] loss: 45144.545
[2, 24540] loss: 100440.152
[2, 24560] loss: 82568.219
[2, 24580] loss: 74378.725
[2, 24600] loss: 72362.773
[2, 24620] loss: 79074.564
[2, 24640] loss: 98391.969
[2, 24660] loss: 73277.932
[2, 24680] loss: 15124.834
[2, 24700] loss: 56466.154
[2, 24720] loss: 56593.093
[2, 24740] loss: 49220.081
[2, 24760] loss: 60448.640
[2, 24780] loss: 114613.711
[2, 24800] loss: 49664.958
[2, 24820] loss: 66425.244
[2, 24840] loss: 77056.858
[2, 24860] loss: 85451.793
[2, 24880] loss: 26451.747
[2, 24900] loss: 73370.788
[2, 24920] loss: 45366.005
[2, 24940] loss: 91210.231
[2, 24960] loss: 169933.321
[2, 24980] loss: 81143.775
[2, 25000] loss: 57407.999
[2, 25020] loss: 68904.533
[2, 25040] loss: 39726.731
[2, 25060] loss: 34849.882
[2, 25080] loss: 54829.377
[2, 25100] loss: 26970.780
[2, 25120] loss: 55730.923
[2, 25140] loss: 35189.149
[2, 25160] loss: 45257.994
[2, 25180] loss: 106002.287
[2, 25200] loss: 63043.793
[2, 25220] loss: 57627.878
[2, 25240] loss: 50883.374
[2, 25260] loss: 59143.648
[2, 25280] loss: 35369.934
[2, 25300] loss: 39276.182
[2, 25320] loss: 46826.981
[2, 25340] loss: 49873.455
[2, 25360] loss: 44650.827
[2, 25380] loss: 191365.144
[2, 25400] loss: 71306.398
[2, 25420] loss: 249600.389
[2, 25440] loss: 135537.390
[2, 25460] loss: 132848.296
[2, 25480] loss: 67847.529
[2, 25500] loss: 121615.548
[2, 25520] loss: 77387.166
[2, 25540] loss: 57529.459
[2, 25560] loss: 43140.491
[2, 25580] loss: 56532.739
[2, 25600] loss: 33189.053
[2, 25620] loss: 43455.749
[2, 25640] loss: 54945.626
[2, 25660] loss: 29065.702
[2, 25680] loss: 23899.605
[2, 25700] loss: 33820.098
[2, 25720] loss: 161215.156
[2, 25740] loss: 129325.943
[2, 25760] loss: 128598.882
[2, 25780] loss: 60987.458
[2, 25800] loss: 90758.942
[2, 25820] loss: 59992.394
[2, 25840] loss: 69484.572
[2, 25860] loss: 56377.393
[2, 25880] loss: 36514.751
[2, 25900] loss: 39155.540
[2, 25920] loss: 44218.395
[2, 25940] loss: 55704.754
[2, 25960] loss: 60793.409
[2, 25980] loss: 28850.024
[2, 26000] loss: 47372.788
[2, 26020] loss: 40493.990
[2, 26040] loss: 81984.575
[2, 26060] loss: 43283.239
[2, 26080] loss: 33601.236
[2, 26100] loss: 35633.396
[2, 26120] loss: 38872.342
[2, 26140] loss: 40573.599
[2, 26160] loss: 42224.650
[2, 26180] loss: 27430.055
[2, 26200] loss: 32820.515
[2, 26220] loss: 43581.794
[2, 26240] loss: 24407.641
[2, 26260] loss: 38515.098
[2, 26280] loss: 81167.614
[2, 26300] loss: 53577.774
[2, 26320] loss: 43732.132
[2, 26340] loss: 39660.034
[2, 26360] loss: 26511.251
[2, 26380] loss: 81542.093
[2, 26400] loss: 14705.208
[2, 26420] loss: 29758.879
[2, 26440] loss: 30806.885
[2, 26460] loss: 37772.077
[2, 26480] loss: 41191.811
[2, 26500] loss: 26696.133
[2, 26520] loss: 36781.925
[2, 26540] loss: 46912.304
[2, 26560] loss: 124499.189
[2, 26580] loss: 117257.376
[2, 26600] loss: 37064.229
[2, 26620] loss: 33989.111
[2, 26640] loss: 178672.966
[2, 26660] loss: 225227.277
[2, 26680] loss: 76181.041
[2, 26700] loss: 44735.694
[2, 26720] loss: 27935.767
[2, 26740] loss: 50741.182
[2, 26760] loss: 106236.237
[2, 26780] loss: 39557.028
[2, 26800] loss: 24772.995
[2, 26820] loss: 28416.146
[2, 26840] loss: 8506.442
[2, 26860] loss: 31526.186
[2, 26880] loss: 23195.422
[2, 26900] loss: 72989.673
[2, 26920] loss: 188705.762
[2, 26940] loss: 158567.981
[2, 26960] loss: 31189.065
[2, 26980] loss: 40770.713
[2, 27000] loss: 73162.570
[2, 27020] loss: 29782.507
[2, 27040] loss: 28957.906
[2, 27060] loss: 7003.217
[2, 27080] loss: 23212.577
[2, 27100] loss: 35363.102
[2, 27120] loss: 28810.287
[2, 27140] loss: 32004.392
[2, 27160] loss: 19628.951
[2, 27180] loss: 61658.979
[2, 27200] loss: 67470.230
[2, 27220] loss: 18627.639
[2, 27240] loss: 18033.527
[2, 27260] loss: 26001.388
[2, 27280] loss: 104162.659
[2, 27300] loss: 98775.315
[2, 27320] loss: 166934.528
[2, 27340] loss: 156982.340
[2, 27360] loss: 87233.828
[2, 27380] loss: 27466.351
[2, 27400] loss: 28484.980
[2, 27420] loss: 43908.354
[2, 27440] loss: 30743.748
[2, 27460] loss: 66419.298
[2, 27480] loss: 89193.750
[2, 27500] loss: 49806.203
[2, 27520] loss: 62556.216
[2, 27540] loss: 125072.017
[2, 27560] loss: 40496.408
[2, 27580] loss: 28735.868
[2, 27600] loss: 51585.738
[2, 27620] loss: 21845.454
[2, 27640] loss: 32707.325
[2, 27660] loss: 74369.536
[2, 27680] loss: 38197.868
[2, 27700] loss: 28150.841
[2, 27720] loss: 10450.342
[2, 27740] loss: 9628.146
[2, 27760] loss: 43998.160
[2, 27780] loss: 37309.996
[2, 27800] loss: 123148.942
[2, 27820] loss: 91575.479
[2, 27840] loss: 771840.959
[2, 27860] loss: 61539.439
[2, 27880] loss: 43629.622
[2, 27900] loss: 85052.911
[2, 27920] loss: 66767.518
[2, 27940] loss: 568010.754
[2, 27960] loss: 1302937.153
[2, 27980] loss: 3718249.850
[2, 28000] loss: 7215641.509
[2, 28020] loss: 2411957585.383
[2, 28040] loss: 6785261039.475
[2, 28060] loss: 194542904.573
[2, 28080] loss: 34651479.871
[2, 28100] loss: 2714890.144
[2, 28120] loss: 1605787.767
[2, 28140] loss: 1365230.662
[2, 28160] loss: 1462171.109
[2, 28180] loss: 1053080.222
[2, 28200] loss: 1447630.302
[2, 28220] loss: 1042612.804
[2, 28240] loss: 788395.400
[2, 28260] loss: 2353406.399
[2, 28280] loss: 832917.546
[2, 28300] loss: 769151.176
[2, 28320] loss: 898607.839
[2, 28340] loss: 1502701.438
[2, 28360] loss: 412657.618
[2, 28380] loss: 518437.560
[2, 28400] loss: 1025431.175
[2, 28420] loss: 452394.705
[2, 28440] loss: 795259.935
[2, 28460] loss: 1052412.622
[2, 28480] loss: 694433.097
[2, 28500] loss: 545822.381
[2, 28520] loss: 236315.911
[2, 28540] loss: 717827.372
[2, 28560] loss: 329462.722
[2, 28580] loss: 526929.632
[2, 28600] loss: 268269.389
[2, 28620] loss: 667857.885
[2, 28640] loss: 369064.889
[2, 28660] loss: 526057.263
[2, 28680] loss: 283790.369
[2, 28700] loss: 449628.116
[2, 28720] loss: 411648.150
[2, 28740] loss: 673027.463
[2, 28760] loss: 508533.013
[2, 28780] loss: 457129.595
[2, 28800] loss: 478815.365
[2, 28820] loss: 239529.081
[2, 28840] loss: 406180.551
[2, 28860] loss: 251190.119
[2, 28880] loss: 267730.539
[2, 28900] loss: 251268.392
[2, 28920] loss: 217725.082
[2, 28940] loss: 326006.618
[2, 28960] loss: 219551.207
[2, 28980] loss: 202995.734
[2, 29000] loss: 227793.999
[2, 29020] loss: 211682.394
[2, 29040] loss: 262426.234
[2, 29060] loss: 339274.631
[2, 29080] loss: 274561.479
[2, 29100] loss: 228743.713
[2, 29120] loss: 189084.083
[2, 29140] loss: 132499.560
[2, 29160] loss: 267040.486
[2, 29180] loss: 207485.426
[2, 29200] loss: 212271.825
[2, 29220] loss: 168597.051
[2, 29240] loss: 100824.759
[2, 29260] loss: 180175.457
[2, 29280] loss: 137185.414
[2, 29300] loss: 110901.878
[2, 29320] loss: 130695.204
[2, 29340] loss: 130231.459
[2, 29360] loss: 93070.188
[2, 29380] loss: 172183.451
[2, 29400] loss: 125269.768
[2, 29420] loss: 108974.371
[2, 29440] loss: 111626.388
[2, 29460] loss: 111368.497
[2, 29480] loss: 102207.720
[2, 29500] loss: 89585.649
[2, 29520] loss: 83522.887
[2, 29540] loss: 112999.958
[2, 29560] loss: 174617.886
[2, 29580] loss: 156834.206
[2, 29600] loss: 134963.685
[2, 29620] loss: 133004.451
[2, 29640] loss: 137198.618
[2, 29660] loss: 99269.466
[2, 29680] loss: 185709.880
[2, 29700] loss: 139520.629
[2, 29720] loss: 104662.315
[2, 29740] loss: 112099.393
[2, 29760] loss: 97399.268
[2, 29780] loss: 66271.021
[2, 29800] loss: 116029.386
[2, 29820] loss: 42374.385
[2, 29840] loss: 67071.899
[2, 29860] loss: 69552.937
[2, 29880] loss: 66081.116
[2, 29900] loss: 120194.939
[2, 29920] loss: 96977.646
[2, 29940] loss: 84441.110
[2, 29960] loss: 38366.274
[2, 29980] loss: 44153.233
[2, 30000] loss: 78289.130
[2, 30020] loss: 108690.706
[2, 30040] loss: 61808.191
[2, 30060] loss: 70092.830
[2, 30080] loss: 136109.917
[2, 30100] loss: 74860.719
[2, 30120] loss: 77010.419
[2, 30140] loss: 52248.730
[2, 30160] loss: 58164.070
[2, 30180] loss: 44220.767
[2, 30200] loss: 55337.263
[2, 30220] loss: 106723.013
[2, 30240] loss: 64619.373
[2, 30260] loss: 62489.217
[2, 30280] loss: 49262.247
[2, 30300] loss: 61580.510
[2, 30320] loss: 46047.614
[2, 30340] loss: 63054.592
[2, 30360] loss: 62934.526
[2, 30380] loss: 52945.381
[2, 30400] loss: 74774.378
[2, 30420] loss: 88885.633
[1,    20] loss: 45146.154
[1,    40] loss: 30925.692
[1,    60] loss: 87964.373
[1,    80] loss: 90333.637
[1,   100] loss: 74994.925
[1,   120] loss: 84295.163
[1,   140] loss: 74013.736
[1,   160] loss: 67013.679
[1,   180] loss: 64585.026
[1,   200] loss: 58890.598
[1,   220] loss: 58378.688
[1,   240] loss: 55514.922
[1,   260] loss: 51962.497
[1,   280] loss: 48867.621
[1,   300] loss: 45761.551
[1,   320] loss: 43627.068
[1,   340] loss: 41698.967
[1,   360] loss: 39490.276
[1,   380] loss: 38213.660
[1,   400] loss: 37351.481
[1,   420] loss: 36889.763
[1,   440] loss: 37949.921
[1,   460] loss: 37307.132
[1,   480] loss: 41106.943
[1,   500] loss: 45659.112
[1,   520] loss: 46549.883
[1,   540] loss: 45231.544
[1,   560] loss: 43700.937
[1,   580] loss: 42361.675
[1,   600] loss: 41844.032
[1,   620] loss: 41661.929
[1,   640] loss: 41057.780
[1,   660] loss: 43045.951
[1,   680] loss: 43447.829
[1,   700] loss: 43456.849
[1,   720] loss: 44044.336
[1,   740] loss: 44517.799
[1,   760] loss: 44774.117
[1,   780] loss: 44996.607
[1,   800] loss: 44968.421
[1,   820] loss: 44455.342
[1,   840] loss: 43774.285
[1,   860] loss: 42920.202
[1,   880] loss: 41956.440
[1,   900] loss: 41113.421
[1,   920] loss: 40884.232
[1,   940] loss: 40707.136
[1,   960] loss: 40069.011
[1,   980] loss: 40696.086
[1,  1000] loss: 42525.603
[1,  1020] loss: 43033.727
[1,  1040] loss: 43257.690
[1,  1060] loss: 43242.878
[1,  1080] loss: 42628.327
[1,  1100] loss: 42003.412
[1,  1120] loss: 41486.995
[1,  1140] loss: 40989.028
[1,  1160] loss: 40400.744
[1,  1180] loss: 40008.674
[1,  1200] loss: 39714.345
[1,  1220] loss: 39370.560
[1,  1240] loss: 38868.455
[1,  1260] loss: 38545.567
[1,  1280] loss: 38212.006
[1,  1300] loss: 38000.206
[1,  1320] loss: 38063.988
[1,  1340] loss: 37701.546
[1,  1360] loss: 37279.934
[1,  1380] loss: 36979.189
[1,  1400] loss: 36860.343
[1,  1420] loss: 36774.584
[1,  1440] loss: 36688.338
[1,  1460] loss: 36537.510
[1,  1480] loss: 36481.233
[1,  1500] loss: 36232.723
[1,  1520] loss: 35786.790
[1,  1540] loss: 35323.523
[1,  1560] loss: 34879.554
[1,  1580] loss: 34441.322
[1,  1600] loss: 34030.798
[1,  1620] loss: 33639.451
[1,  1640] loss: 33238.289
[1,  1660] loss: 32859.133
[1,  1680] loss: 33166.310
[1,  1700] loss: 33490.619
[1,  1720] loss: 33303.937
[1,  1740] loss: 33242.578
[1,  1760] loss: 33172.856
[1,  1780] loss: 32833.330
[1,  1800] loss: 32616.351
[1,  1820] loss: 32646.233
[1,  1840] loss: 32629.441
[1,  1860] loss: 32426.813
[1,  1880] loss: 32241.414
[1,  1900] loss: 32128.650
[1,  1920] loss: 32124.098
[1,  1940] loss: 32676.447
[1,  1960] loss: 32831.869
[1,  1980] loss: 32553.696
[1,  2000] loss: 32292.363
[1,  2020] loss: 32122.688
[1,  2040] loss: 31941.685
[1,  2060] loss: 32053.479
[1,  2080] loss: 31809.981
[1,  2100] loss: 32109.999
[1,  2120] loss: 32492.258
[1,  2140] loss: 33221.752
[1,  2160] loss: 33283.525
[1,  2180] loss: 33115.242
[1,  2200] loss: 32897.225
[1,  2220] loss: 32725.368
[1,  2240] loss: 32459.739
[1,  2260] loss: 32338.444
[1,  2280] loss: 32432.310
[1,  2300] loss: 32584.011
[1,  2320] loss: 32790.773
[1,  2340] loss: 34136.045
[1,  2360] loss: 33957.613
[1,  2380] loss: 34052.690
[1,  2400] loss: 34213.318
[1,  2420] loss: 34099.073
[1,  2440] loss: 33882.075
[1,  2460] loss: 33633.333
[1,  2480] loss: 33475.898
[1,  2500] loss: 33376.460
[1,  2520] loss: 33180.922
[1,  2540] loss: 32944.020
[1,  2560] loss: 32706.352
[1,  2580] loss: 32821.435
[1,  2600] loss: 32869.631
[1,  2620] loss: 32823.008
[1,  2640] loss: 32704.113
[1,  2660] loss: 32720.943
[1,  2680] loss: 33235.081
[1,  2700] loss: 33052.015
[1,  2720] loss: 32857.504
[1,  2740] loss: 32723.197
[1,  2760] loss: 33599.979
[1,  2780] loss: 36261.737
[1,  2800] loss: 38691.506
[1,  2820] loss: 38667.360
[1,  2840] loss: 38513.342
[1,  2860] loss: 38274.325
[1,  2880] loss: 38020.608
[1,  2900] loss: 37788.539
[1,  2920] loss: 37552.242
[1,  2940] loss: 37462.105
[1,  2960] loss: 38233.736
[1,  2980] loss: 38471.396
[1,  3000] loss: 38329.424
[1,  3020] loss: 38167.741
[1,  3040] loss: 37991.281
[1,  3060] loss: 38111.854
[1,  3080] loss: 38384.162
[1,  3100] loss: 38229.410
[1,  3120] loss: 38011.881
[1,  3140] loss: 38035.143
[1,  3160] loss: 38237.606
[1,  3180] loss: 38162.914
[1,  3200] loss: 37984.928
[1,  3220] loss: 37759.964
[1,  3240] loss: 37543.556
[1,  3260] loss: 37330.974
[1,  3280] loss: 37182.266
[1,  3300] loss: 37100.553
[1,  3320] loss: 37136.406
[1,  3340] loss: 37128.627
[1,  3360] loss: 37031.962
[2,    20] loss: 45146.154
[2,    40] loss: 30925.692
[2,    60] loss: 87964.373
[2,    80] loss: 90333.637
[2,   100] loss: 74994.925
[2,   120] loss: 84295.163
[2,   140] loss: 74013.736
[2,   160] loss: 67013.679
[2,   180] loss: 64585.026
[2,   200] loss: 58890.598
[2,   220] loss: 58378.688
[2,   240] loss: 55514.922
[2,   260] loss: 51962.497
[2,   280] loss: 48867.621
[2,   300] loss: 45761.551
[2,   320] loss: 43627.068
[2,   340] loss: 41698.967
[2,   360] loss: 39490.276
[2,   380] loss: 38213.660
[2,   400] loss: 37351.481
[2,   420] loss: 36889.763
[2,   440] loss: 37949.921
[2,   460] loss: 37307.132
[2,   480] loss: 41106.943
[2,   500] loss: 45659.112
[2,   520] loss: 46549.883
[2,   540] loss: 45231.544
[2,   560] loss: 43700.937
[2,   580] loss: 42361.675
[2,   600] loss: 41844.032
[2,   620] loss: 41661.929
[2,   640] loss: 41057.780
[2,   660] loss: 43045.951
[2,   680] loss: 43447.829
[2,   700] loss: 43456.849
[2,   720] loss: 44044.336
[2,   740] loss: 44517.799
[2,   760] loss: 44774.117
[2,   780] loss: 44996.607
[2,   800] loss: 44968.421
[2,   820] loss: 44455.342
[2,   840] loss: 43774.285
[2,   860] loss: 42920.202
[2,   880] loss: 41956.440
[2,   900] loss: 41113.421
[2,   920] loss: 40884.232
[2,   940] loss: 40707.136
[2,   960] loss: 40069.011
[2,   980] loss: 40696.086
[2,  1000] loss: 42525.603
[2,  1020] loss: 43033.727
[2,  1040] loss: 43257.690
[2,  1060] loss: 43242.878
[2,  1080] loss: 42628.327
[2,  1100] loss: 42003.412
[2,  1120] loss: 41486.995
[2,  1140] loss: 40989.028
[2,  1160] loss: 40400.744
[2,  1180] loss: 40008.674
[2,  1200] loss: 39714.345
[2,  1220] loss: 39370.560
[2,  1240] loss: 38868.455
[2,  1260] loss: 38545.567
[2,  1280] loss: 38212.006
[2,  1300] loss: 38000.206
[2,  1320] loss: 38063.988
[2,  1340] loss: 37701.546
[2,  1360] loss: 37279.934
[2,  1380] loss: 36979.189
[2,  1400] loss: 36860.343
[2,  1420] loss: 36774.584
[2,  1440] loss: 36688.338
[2,  1460] loss: 36537.510
[2,  1480] loss: 36481.233
[2,  1500] loss: 36232.723
[2,  1520] loss: 35786.790
[2,  1540] loss: 35323.523
[2,  1560] loss: 34879.554
[2,  1580] loss: 34441.322
[2,  1600] loss: 34030.798
[2,  1620] loss: 33639.451
[2,  1640] loss: 33238.289
[2,  1660] loss: 32859.133
[2,  1680] loss: 33166.310
[2,  1700] loss: 33490.619
[2,  1720] loss: 33303.937
[2,  1740] loss: 33242.578
[2,  1760] loss: 33172.856
[2,  1780] loss: 32833.330
[2,  1800] loss: 32616.351
[2,  1820] loss: 32646.233
[2,  1840] loss: 32629.441
[2,  1860] loss: 32426.813
[2,  1880] loss: 32241.414
[2,  1900] loss: 32128.650
[2,  1920] loss: 32124.098
[2,  1940] loss: 32676.447
[2,  1960] loss: 32831.869
[2,  1980] loss: 32553.696
[2,  2000] loss: 32292.363
[2,  2020] loss: 32122.688
[2,  2040] loss: 31941.685
[2,  2060] loss: 32053.479
[2,  2080] loss: 31809.981
[2,  2100] loss: 32109.999
[2,  2120] loss: 32492.258
[2,  2140] loss: 33221.752
[2,  2160] loss: 33283.525
[2,  2180] loss: 33115.242
[2,  2200] loss: 32897.225
[2,  2220] loss: 32725.368
[2,  2240] loss: 32459.739
[2,  2260] loss: 32338.444
[2,  2280] loss: 32432.310
[2,  2300] loss: 32584.011
[2,  2320] loss: 32790.773
[2,  2340] loss: 34136.045
[2,  2360] loss: 33957.613
[2,  2380] loss: 34052.690
[2,  2400] loss: 34213.318
[2,  2420] loss: 34099.073
[2,  2440] loss: 33882.075
[2,  2460] loss: 33633.333
[2,  2480] loss: 33475.898
[2,  2500] loss: 33376.460
[2,  2520] loss: 33180.922
[2,  2540] loss: 32944.020
[2,  2560] loss: 32706.352
[2,  2580] loss: 32821.435
[2,  2600] loss: 32869.631
[2,  2620] loss: 32823.008
[2,  2640] loss: 32704.113
[2,  2660] loss: 32720.943
[2,  2680] loss: 33235.081
[2,  2700] loss: 33052.015
[2,  2720] loss: 32857.504
[2,  2740] loss: 32723.197
[2,  2760] loss: 33599.979
[2,  2780] loss: 36261.737
[2,  2800] loss: 38691.506
[2,  2820] loss: 38667.360
[2,  2840] loss: 38513.342
[2,  2860] loss: 38274.325
[2,  2880] loss: 38020.608
[2,  2900] loss: 37788.539
[2,  2920] loss: 37552.242
[2,  2940] loss: 37462.105
[2,  2960] loss: 38233.736
[2,  2980] loss: 38471.396
[2,  3000] loss: 38329.424
[2,  3020] loss: 38167.741
[2,  3040] loss: 37991.281
[2,  3060] loss: 38111.854
[2,  3080] loss: 38384.162
[2,  3100] loss: 38229.410
[2,  3120] loss: 38011.881
[2,  3140] loss: 38035.143
[2,  3160] loss: 38237.606
[2,  3180] loss: 38162.914
[2,  3200] loss: 37984.928
[2,  3220] loss: 37759.964
[2,  3240] loss: 37543.556
[2,  3260] loss: 37330.974
[2,  3280] loss: 37182.266
[2,  3300] loss: 37100.553
[2,  3320] loss: 37136.406
[2,  3340] loss: 37128.627
[2,  3360] loss: 37031.962
