cuda:  6
color_space: YCbCr
batch_size: 1
num_epcochs: 2
learning_rate: 0.002
[1,    20] loss: 0.170
[1,    40] loss: 114.729
[1,    60] loss: 702.914
[1,    80] loss: 674.888
[1,   100] loss: 364.599
[1,   120] loss: 85.955
[1,   140] loss: 6.954
[1,   160] loss: 2.387
[1,   180] loss: 0.823
[1,   200] loss: 0.583
[1,   220] loss: 0.279
[1,   240] loss: 0.202
[1,   260] loss: 0.088
[1,   280] loss: 0.132
[1,   300] loss: 0.109
[1,   320] loss: 0.101
[1,   340] loss: 0.088
[1,   360] loss: 0.108
[1,   380] loss: 0.217
[1,   400] loss: 0.102
[1,   420] loss: 0.063
[1,   440] loss: 0.061
[1,   460] loss: 0.081
[1,   480] loss: 0.096
[1,   500] loss: 0.087
[1,   520] loss: 0.158
[1,   540] loss: 0.136
[1,   560] loss: 0.166
[1,   580] loss: 0.142
[1,   600] loss: 0.102
[1,   620] loss: 0.188
[1,   640] loss: 0.066
[1,   660] loss: 0.043
[1,   680] loss: 0.210
[1,   700] loss: 0.054
[1,   720] loss: 0.027
[1,   740] loss: 0.033
[1,   760] loss: 0.085
[1,   780] loss: 0.106
[1,   800] loss: 0.078
[1,   820] loss: 0.093
[1,   840] loss: 0.028
[1,   860] loss: 0.034
[1,   880] loss: 0.052
[1,   900] loss: 0.030
[1,   920] loss: 0.041
[1,   940] loss: 0.077
[1,   960] loss: 0.090
[1,   980] loss: 0.050
[1,  1000] loss: 0.040
[1,  1020] loss: 0.184
[1,  1040] loss: 0.030
[1,  1060] loss: 0.072
[1,  1080] loss: 0.035
[1,  1100] loss: 0.076
[1,  1120] loss: 0.040
[1,  1140] loss: 0.068
[1,  1160] loss: 0.098
[1,  1180] loss: 0.193
[1,  1200] loss: 0.089
[1,  1220] loss: 0.027
[1,  1240] loss: 0.079
[1,  1260] loss: 0.152
[1,  1280] loss: 0.015
[1,  1300] loss: 0.090
[1,  1320] loss: 0.066
[1,  1340] loss: 0.144
[1,  1360] loss: 0.022
[1,  1380] loss: 0.087
[1,  1400] loss: 0.183
[1,  1420] loss: 0.013
[1,  1440] loss: 0.040
[1,  1460] loss: 0.111
[1,  1480] loss: 0.036
[1,  1500] loss: 0.077
[1,  1520] loss: 0.080
[1,  1540] loss: 0.042
[1,  1560] loss: 0.205
[1,  1580] loss: 0.134
[1,  1600] loss: 0.206
[1,  1620] loss: 0.046
[1,  1640] loss: 0.139
[1,  1660] loss: 0.017
[1,  1680] loss: 0.303
[1,  1700] loss: 0.038
[1,  1720] loss: 0.094
[1,  1740] loss: 0.031
[1,  1760] loss: 0.042
[1,  1780] loss: 0.048
[1,  1800] loss: 0.199
[1,  1820] loss: 0.089
[1,  1840] loss: 0.020
[1,  1860] loss: 0.082
[1,  1880] loss: 0.087
[1,  1900] loss: 0.020
[1,  1920] loss: 0.024
[1,  1940] loss: 0.056
[1,  1960] loss: 0.057
[1,  1980] loss: 0.053
[1,  2000] loss: 0.030
[1,  2020] loss: 0.055
[1,  2040] loss: 0.099
[1,  2060] loss: 0.031
[1,  2080] loss: 0.280
[1,  2100] loss: 0.240
[1,  2120] loss: 0.041
[1,  2140] loss: 0.083
[1,  2160] loss: 0.051
[1,  2180] loss: 0.064
[1,  2200] loss: 0.039
[1,  2220] loss: 0.099
[1,  2240] loss: 0.036
[1,  2260] loss: 0.036
[1,  2280] loss: 0.037
[1,  2300] loss: 0.088
[1,  2320] loss: 0.072
[1,  2340] loss: 0.065
[1,  2360] loss: 0.092
[1,  2380] loss: 0.053
[1,  2400] loss: 0.046
[1,  2420] loss: 0.022
[1,  2440] loss: 0.047
[1,  2460] loss: 0.036
[1,  2480] loss: 0.155
[1,  2500] loss: 0.051
[1,  2520] loss: 0.023
[1,  2540] loss: 0.022
[1,  2560] loss: 0.179
[1,  2580] loss: 0.036
[1,  2600] loss: 0.068
[1,  2620] loss: 0.055
[1,  2640] loss: 0.030
[1,  2660] loss: 0.083
[1,  2680] loss: 0.048
[1,  2700] loss: 0.034
[1,  2720] loss: 0.105
[1,  2740] loss: 0.068
[1,  2760] loss: 0.141
[1,  2780] loss: 0.108
[1,  2800] loss: 0.127
[1,  2820] loss: 0.036
[1,  2840] loss: 0.033
[1,  2860] loss: 0.029
[1,  2880] loss: 0.090
[1,  2900] loss: 0.136
[1,  2920] loss: 0.051
[1,  2940] loss: 0.012
[1,  2960] loss: 0.065
[1,  2980] loss: 0.010
[1,  3000] loss: 0.095
[1,  3020] loss: 0.093
[1,  3040] loss: 0.019
[1,  3060] loss: 0.027
[1,  3080] loss: 0.060
[1,  3100] loss: 0.081
[1,  3120] loss: 0.071
[1,  3140] loss: 0.050
[1,  3160] loss: 0.104
[1,  3180] loss: 0.054
[1,  3200] loss: 0.029
[1,  3220] loss: 0.014
[1,  3240] loss: 0.074
[1,  3260] loss: 0.139
[1,  3280] loss: 0.098
[1,  3300] loss: 0.047
[1,  3320] loss: 0.011
[1,  3340] loss: 0.029
[1,  3360] loss: 0.117
[1,  3380] loss: 0.047
[1,  3400] loss: 0.056
[1,  3420] loss: 0.077
[1,  3440] loss: 0.016
[1,  3460] loss: 0.031
[1,  3480] loss: 0.208
[1,  3500] loss: 0.034
[1,  3520] loss: 0.067
[1,  3540] loss: 0.040
[1,  3560] loss: 0.048
[1,  3580] loss: 0.038
[1,  3600] loss: 0.177
[1,  3620] loss: 0.217
[1,  3640] loss: 0.062
[1,  3660] loss: 0.077
[1,  3680] loss: 0.039
[1,  3700] loss: 0.032
[1,  3720] loss: 0.168
[1,  3740] loss: 0.085
[1,  3760] loss: 0.038
[1,  3780] loss: 0.051
[1,  3800] loss: 0.025
[1,  3820] loss: 0.336
[1,  3840] loss: 0.039
[1,  3860] loss: 0.074
[1,  3880] loss: 0.095
[1,  3900] loss: 0.081
[1,  3920] loss: 0.037
[1,  3940] loss: 0.025
[1,  3960] loss: 0.091
[1,  3980] loss: 0.114
[1,  4000] loss: 0.059
[1,  4020] loss: 0.029
[1,  4040] loss: 0.017
[1,  4060] loss: 0.119
[1,  4080] loss: 0.016
[1,  4100] loss: 0.042
[1,  4120] loss: 0.030
[1,  4140] loss: 0.042
[1,  4160] loss: 0.031
[1,  4180] loss: 0.044
[1,  4200] loss: 0.023
[1,  4220] loss: 0.025
[1,  4240] loss: 0.195
[1,  4260] loss: 0.084
[1,  4280] loss: 0.021
[1,  4300] loss: 0.036
[1,  4320] loss: 0.024
[1,  4340] loss: 0.042
[1,  4360] loss: 0.019
[1,  4380] loss: 0.078
[1,  4400] loss: 0.023
[1,  4420] loss: 0.055
[1,  4440] loss: 0.092
[1,  4460] loss: 0.109
[1,  4480] loss: 0.160
[1,  4500] loss: 0.076
[1,  4520] loss: 0.098
[1,  4540] loss: 0.063
[1,  4560] loss: 0.054
[1,  4580] loss: 0.118
[1,  4600] loss: 0.089
[1,  4620] loss: 0.012
[1,  4640] loss: 0.282
[1,  4660] loss: 0.043
[1,  4680] loss: 0.051
[1,  4700] loss: 0.026
[1,  4720] loss: 0.185
[1,  4740] loss: 0.020
[1,  4760] loss: 0.078
[1,  4780] loss: 0.017
[1,  4800] loss: 0.081
[1,  4820] loss: 0.100
[1,  4840] loss: 0.168
[1,  4860] loss: 0.031
[1,  4880] loss: 0.055
[1,  4900] loss: 0.084
[1,  4920] loss: 0.036
[1,  4940] loss: 0.065
[1,  4960] loss: 0.021
[1,  4980] loss: 0.084
[1,  5000] loss: 0.048
[1,  5020] loss: 0.019
[1,  5040] loss: 0.075
[1,  5060] loss: 0.024
[1,  5080] loss: 0.051
[1,  5100] loss: 0.151
[1,  5120] loss: 0.020
[1,  5140] loss: 0.064
[1,  5160] loss: 0.155
[1,  5180] loss: 0.024
[1,  5200] loss: 0.021
[1,  5220] loss: 0.012
[1,  5240] loss: 0.054
[1,  5260] loss: 0.049
[1,  5280] loss: 0.020
[1,  5300] loss: 0.130
[1,  5320] loss: 0.281
[1,  5340] loss: 0.041
[1,  5360] loss: 0.158
[1,  5380] loss: 0.064
[1,  5400] loss: 0.025
[1,  5420] loss: 0.039
[1,  5440] loss: 0.123
[1,  5460] loss: 0.077
[1,  5480] loss: 0.084
[1,  5500] loss: 0.030
[1,  5520] loss: 0.098
[1,  5540] loss: 0.095
[1,  5560] loss: 0.028
[1,  5580] loss: 0.041
[1,  5600] loss: 0.150
[1,  5620] loss: 0.059
[1,  5640] loss: 0.018
[1,  5660] loss: 0.140
[1,  5680] loss: 0.042
[1,  5700] loss: 0.046
[1,  5720] loss: 0.168
[1,  5740] loss: 0.034
[1,  5760] loss: 0.054
[1,  5780] loss: 0.139
[1,  5800] loss: 0.016
[1,  5820] loss: 0.128
[1,  5840] loss: 0.055
[1,  5860] loss: 0.027
[1,  5880] loss: 0.108
[1,  5900] loss: 0.037
[1,  5920] loss: 0.177
[1,  5940] loss: 0.120
[1,  5960] loss: 0.043
[1,  5980] loss: 0.034
[1,  6000] loss: 0.037
[1,  6020] loss: 0.205
[1,  6040] loss: 0.035
[1,  6060] loss: 0.010
[1,  6080] loss: 0.058
[1,  6100] loss: 0.062
[1,  6120] loss: 0.023
[1,  6140] loss: 0.033
[1,  6160] loss: 0.023
[1,  6180] loss: 0.138
[1,  6200] loss: 0.034
[1,  6220] loss: 0.057
[1,  6240] loss: 0.030
[1,  6260] loss: 0.070
[1,  6280] loss: 0.053
[1,  6300] loss: 0.107
[1,  6320] loss: 0.024
[1,  6340] loss: 0.150
[1,  6360] loss: 0.035
[1,  6380] loss: 0.215
[1,  6400] loss: 0.036
[1,  6420] loss: 0.019
[1,  6440] loss: 0.011
[1,  6460] loss: 0.035
[1,  6480] loss: 0.089
[1,  6500] loss: 0.012
[1,  6520] loss: 0.093
[1,  6540] loss: 0.020
[1,  6560] loss: 0.028
[1,  6580] loss: 0.035
[1,  6600] loss: 0.024
[1,  6620] loss: 0.020
[1,  6640] loss: 0.029
[1,  6660] loss: 0.074
[1,  6680] loss: 0.028
[1,  6700] loss: 0.020
[1,  6720] loss: 0.117
[1,  6740] loss: 0.013
[1,  6760] loss: 0.015
[1,  6780] loss: 0.037
[1,  6800] loss: 0.013
[1,  6820] loss: 0.011
[1,  6840] loss: 0.052
[1,  6860] loss: 0.092
[1,  6880] loss: 0.062
[1,  6900] loss: 0.012
[1,  6920] loss: 0.079
[1,  6940] loss: 0.065
[1,  6960] loss: 0.022
[1,  6980] loss: 0.079
[1,  7000] loss: 0.047
[1,  7020] loss: 0.032
[1,  7040] loss: 0.045
[1,  7060] loss: 0.172
[1,  7080] loss: 0.062
[1,  7100] loss: 0.040
[1,  7120] loss: 0.045
[1,  7140] loss: 0.021
[1,  7160] loss: 0.185
[1,  7180] loss: 0.036
[1,  7200] loss: 0.012
[1,  7220] loss: 0.100
[1,  7240] loss: 0.018
[1,  7260] loss: 0.015
[1,  7280] loss: 0.126
[1,  7300] loss: 0.059
[1,  7320] loss: 0.066
[1,  7340] loss: 0.156
[1,  7360] loss: 0.124
[1,  7380] loss: 0.036
[1,  7400] loss: 0.095
[1,  7420] loss: 0.148
[1,  7440] loss: 0.173
[1,  7460] loss: 0.043
[1,  7480] loss: 0.050
[1,  7500] loss: 0.017
[1,  7520] loss: 0.021
[1,  7540] loss: 0.246
[1,  7560] loss: 0.032
[1,  7580] loss: 0.072
[1,  7600] loss: 0.013
[1,  7620] loss: 0.021
[1,  7640] loss: 0.027
[1,  7660] loss: 0.024
[1,  7680] loss: 0.068
[1,  7700] loss: 0.031
[1,  7720] loss: 0.020
[1,  7740] loss: 0.009
[1,  7760] loss: 0.100
[1,  7780] loss: 0.045
[1,  7800] loss: 0.039
[1,  7820] loss: 0.146
[1,  7840] loss: 0.028
[1,  7860] loss: 0.158
[1,  7880] loss: 0.037
[1,  7900] loss: 0.037
[1,  7920] loss: 0.014
[1,  7940] loss: 0.051
[1,  7960] loss: 0.030
[1,  7980] loss: 0.022
[1,  8000] loss: 0.033
[1,  8020] loss: 0.042
[1,  8040] loss: 0.059
[1,  8060] loss: 0.028
[1,  8080] loss: 0.077
[1,  8100] loss: 0.034
[1,  8120] loss: 0.017
[1,  8140] loss: 0.041
[1,  8160] loss: 0.081
[1,  8180] loss: 0.064
[1,  8200] loss: 0.019
[1,  8220] loss: 0.027
[1,  8240] loss: 0.074
[1,  8260] loss: 0.077
[1,  8280] loss: 0.043
[1,  8300] loss: 0.021
[1,  8320] loss: 0.053
[1,  8340] loss: 0.046
[1,  8360] loss: 0.124
[1,  8380] loss: 0.110
[1,  8400] loss: 0.158
[1,  8420] loss: 0.141
[1,  8440] loss: 0.038
[1,  8460] loss: 0.127
[1,  8480] loss: 0.151
[1,  8500] loss: 0.047
[1,  8520] loss: 0.158
[1,  8540] loss: 0.156
[1,  8560] loss: 0.040
[1,  8580] loss: 0.038
[1,  8600] loss: 0.053
[1,  8620] loss: 0.021
[1,  8640] loss: 0.048
[1,  8660] loss: 0.075
[1,  8680] loss: 0.018
[1,  8700] loss: 0.033
[1,  8720] loss: 0.018
[1,  8740] loss: 0.031
[1,  8760] loss: 0.107
[1,  8780] loss: 0.051
[1,  8800] loss: 0.081
[1,  8820] loss: 0.031
[1,  8840] loss: 0.074
[1,  8860] loss: 0.109
[1,  8880] loss: 0.037
[1,  8900] loss: 0.013
[1,  8920] loss: 0.055
[1,  8940] loss: 0.017
[1,  8960] loss: 0.017
[1,  8980] loss: 0.114
[1,  9000] loss: 0.163
[1,  9020] loss: 0.037
[1,  9040] loss: 0.033
[1,  9060] loss: 0.042
[1,  9080] loss: 0.193
[1,  9100] loss: 0.035
[1,  9120] loss: 0.032
[1,  9140] loss: 0.027
[1,  9160] loss: 0.028
[1,  9180] loss: 0.058
[1,  9200] loss: 0.143
[1,  9220] loss: 0.088
[1,  9240] loss: 0.173
[1,  9260] loss: 0.024
[1,  9280] loss: 0.208
[1,  9300] loss: 0.044
[1,  9320] loss: 0.070
[1,  9340] loss: 0.165
[1,  9360] loss: 0.106
[1,  9380] loss: 0.057
[1,  9400] loss: 0.040
[1,  9420] loss: 0.030
[1,  9440] loss: 0.017
[1,  9460] loss: 0.076
[1,  9480] loss: 0.068
[1,  9500] loss: 0.164
[1,  9520] loss: 0.071
[1,  9540] loss: 0.031
[1,  9560] loss: 0.055
[1,  9580] loss: 0.048
[1,  9600] loss: 0.029
[1,  9620] loss: 0.086
[1,  9640] loss: 0.052
[1,  9660] loss: 0.023
[1,  9680] loss: 0.079
[1,  9700] loss: 0.018
[1,  9720] loss: 0.157
[1,  9740] loss: 0.071
[1,  9760] loss: 0.297
[1,  9780] loss: 0.042
[1,  9800] loss: 0.053
[1,  9820] loss: 0.104
[1,  9840] loss: 0.036
[1,  9860] loss: 0.060
[1,  9880] loss: 0.055
[1,  9900] loss: 0.104
[1,  9920] loss: 0.024
[1,  9940] loss: 0.033
[1,  9960] loss: 0.080
[1,  9980] loss: 0.045
[1, 10000] loss: 0.057
[1, 10020] loss: 0.109
[1, 10040] loss: 0.053
[1, 10060] loss: 0.015
[1, 10080] loss: 0.188
[1, 10100] loss: 0.040
[1, 10120] loss: 0.231
[1, 10140] loss: 0.232
[1, 10160] loss: 0.168
[1, 10180] loss: 0.072
[1, 10200] loss: 0.053
[1, 10220] loss: 0.073
[1, 10240] loss: 0.031
[1, 10260] loss: 0.027
[1, 10280] loss: 0.039
[1, 10300] loss: 0.032
[1, 10320] loss: 0.047
[1, 10340] loss: 0.018
[1, 10360] loss: 0.050
[1, 10380] loss: 0.086
[1, 10400] loss: 0.028
[1, 10420] loss: 0.083
[1, 10440] loss: 0.026
[1, 10460] loss: 0.027
[1, 10480] loss: 0.039
[1, 10500] loss: 0.021
[1, 10520] loss: 0.038
[1, 10540] loss: 0.071
[1, 10560] loss: 0.029
[1, 10580] loss: 0.204
[1, 10600] loss: 0.034
[1, 10620] loss: 0.025
[1, 10640] loss: 0.053
[1, 10660] loss: 0.102
[1, 10680] loss: 0.042
[1, 10700] loss: 0.049
[1, 10720] loss: 0.102
[1, 10740] loss: 0.038
[1, 10760] loss: 0.103
[1, 10780] loss: 0.168
[1, 10800] loss: 0.047
[1, 10820] loss: 0.084
[1, 10840] loss: 0.076
[1, 10860] loss: 0.031
[1, 10880] loss: 0.037
[1, 10900] loss: 0.085
[1, 10920] loss: 0.047
[1, 10940] loss: 0.303
[1, 10960] loss: 0.095
[1, 10980] loss: 0.089
[1, 11000] loss: 0.027
[1, 11020] loss: 0.018
[1, 11040] loss: 0.088
[1, 11060] loss: 0.173
[1, 11080] loss: 0.257
[1, 11100] loss: 0.044
[1, 11120] loss: 0.166
[1, 11140] loss: 0.072
[1, 11160] loss: 0.022
[1, 11180] loss: 0.136
[1, 11200] loss: 0.045
[1, 11220] loss: 0.030
[1, 11240] loss: 0.210
[1, 11260] loss: 0.013
[1, 11280] loss: 0.073
[1, 11300] loss: 0.159
[1, 11320] loss: 0.038
[1, 11340] loss: 0.012
[1, 11360] loss: 0.059
[1, 11380] loss: 0.099
[1, 11400] loss: 0.045
[1, 11420] loss: 0.037
[1, 11440] loss: 0.040
[1, 11460] loss: 0.083
[1, 11480] loss: 0.103
[1, 11500] loss: 0.045
[1, 11520] loss: 0.073
[1, 11540] loss: 0.326
[1, 11560] loss: 0.067
[1, 11580] loss: 0.137
[1, 11600] loss: 0.096
[1, 11620] loss: 0.025
[1, 11640] loss: 0.099
[1, 11660] loss: 0.087
[1, 11680] loss: 0.059
[1, 11700] loss: 0.122
[1, 11720] loss: 0.200
[1, 11740] loss: 0.186
[1, 11760] loss: 0.187
[1, 11780] loss: 0.036
[1, 11800] loss: 0.039
[1, 11820] loss: 0.021
[1, 11840] loss: 0.055
[1, 11860] loss: 0.108
[1, 11880] loss: 0.052
[1, 11900] loss: 0.157
[1, 11920] loss: 0.072
[1, 11940] loss: 0.064
[1, 11960] loss: 0.234
[1, 11980] loss: 0.081
[1, 12000] loss: 0.137
[1, 12020] loss: 0.083
[1, 12040] loss: 0.102
[1, 12060] loss: 0.053
[1, 12080] loss: 0.037
[1, 12100] loss: 0.182
[1, 12120] loss: 0.095
[1, 12140] loss: 0.060
[1, 12160] loss: 0.044
[1, 12180] loss: 0.101
[1, 12200] loss: 0.049
[1, 12220] loss: 0.283
[1, 12240] loss: 0.038
[1, 12260] loss: 0.045
[1, 12280] loss: 0.056
[1, 12300] loss: 0.049
[1, 12320] loss: 0.225
[1, 12340] loss: 0.040
[1, 12360] loss: 0.118
[1, 12380] loss: 0.211
[1, 12400] loss: 0.040
[1, 12420] loss: 0.052
[1, 12440] loss: 0.048
[1, 12460] loss: 0.032
[1, 12480] loss: 0.046
[1, 12500] loss: 0.082
[1, 12520] loss: 0.062
[1, 12540] loss: 0.186
[1, 12560] loss: 0.047
[1, 12580] loss: 0.052
[1, 12600] loss: 0.085
[1, 12620] loss: 0.124
[1, 12640] loss: 0.060
[1, 12660] loss: 0.035
[1, 12680] loss: 0.097
[1, 12700] loss: 0.059
[1, 12720] loss: 0.037
[1, 12740] loss: 0.067
[1, 12760] loss: 0.107
[1, 12780] loss: 0.060
[1, 12800] loss: 0.025
[1, 12820] loss: 0.061
[1, 12840] loss: 0.037
[1, 12860] loss: 0.315
[1, 12880] loss: 0.069
[1, 12900] loss: 0.050
[1, 12920] loss: 0.131
[1, 12940] loss: 0.130
[1, 12960] loss: 0.030
[1, 12980] loss: 0.021
[1, 13000] loss: 0.149
[1, 13020] loss: 0.394
[1, 13040] loss: 0.048
[1, 13060] loss: 0.042
[1, 13080] loss: 0.098
[1, 13100] loss: 0.044
[1, 13120] loss: 0.042
[1, 13140] loss: 0.020
[1, 13160] loss: 0.102
[1, 13180] loss: 0.048
[1, 13200] loss: 0.182
[1, 13220] loss: 0.054
[1, 13240] loss: 0.122
[1, 13260] loss: 0.135
[1, 13280] loss: 0.120
[1, 13300] loss: 0.027
[1, 13320] loss: 0.032
[1, 13340] loss: 0.024
[1, 13360] loss: 0.243
[1, 13380] loss: 0.043
[1, 13400] loss: 0.036
[1, 13420] loss: 0.142
[1, 13440] loss: 0.043
[1, 13460] loss: 0.162
[1, 13480] loss: 0.052
[1, 13500] loss: 0.092
[1, 13520] loss: 0.059
[1, 13540] loss: 0.170
[1, 13560] loss: 0.166
[1, 13580] loss: 0.092
[1, 13600] loss: 0.055
[1, 13620] loss: 0.030
[1, 13640] loss: 0.099
[1, 13660] loss: 0.181
[1, 13680] loss: 0.026
[1, 13700] loss: 0.031
[1, 13720] loss: 0.060
[1, 13740] loss: 0.023
[1, 13760] loss: 0.041
[1, 13780] loss: 0.033
[1, 13800] loss: 0.041
[1, 13820] loss: 0.059
[1, 13840] loss: 0.008
[1, 13860] loss: 0.109
[1, 13880] loss: 0.071
[1, 13900] loss: 0.047
[1, 13920] loss: 0.177
[1, 13940] loss: 0.052
[1, 13960] loss: 0.035
[1, 13980] loss: 0.033
[1, 14000] loss: 0.093
[1, 14020] loss: 0.066
[1, 14040] loss: 0.129
[1, 14060] loss: 0.079
[1, 14080] loss: 0.245
[1, 14100] loss: 0.126
[1, 14120] loss: 0.110
[1, 14140] loss: 0.060
[1, 14160] loss: 0.142
[1, 14180] loss: 0.060
[1, 14200] loss: 0.099
[1, 14220] loss: 0.049
[1, 14240] loss: 0.124
[1, 14260] loss: 0.029
[1, 14280] loss: 0.148
[1, 14300] loss: 0.037
[1, 14320] loss: 0.098
[1, 14340] loss: 0.079
[1, 14360] loss: 0.027
[1, 14380] loss: 0.052
[1, 14400] loss: 0.039
[1, 14420] loss: 0.029
[1, 14440] loss: 0.021
[1, 14460] loss: 0.038
[1, 14480] loss: 0.166
[1, 14500] loss: 0.085
[1, 14520] loss: 0.059
[1, 14540] loss: 0.033
[1, 14560] loss: 0.074
[1, 14580] loss: 0.041
[1, 14600] loss: 0.167
[1, 14620] loss: 0.088
[1, 14640] loss: 0.199
[1, 14660] loss: 0.123
[1, 14680] loss: 0.050
[1, 14700] loss: 0.031
[1, 14720] loss: 0.130
[1, 14740] loss: 0.132
[1, 14760] loss: 0.531
[1, 14780] loss: 22037368221.406
[1, 14800] loss: 84761369291.000
[1, 14820] loss: 47752769355.200
[1, 14840] loss: 1818419221.588
[1, 14860] loss: 192117923.646
[1, 14880] loss: 31340462.468
[1, 14900] loss: 23934855.553
[1, 14920] loss: 25696744.733
[1, 14940] loss: 5328836.653
[1, 14960] loss: 12703668.509
[1, 14980] loss: 7594889.000
[1, 15000] loss: 9247245.007
[1, 15020] loss: 7865425.273
[1, 15040] loss: 6506741.779
[1, 15060] loss: 3062051.754
[1, 15080] loss: 1792181.577
[1, 15100] loss: 3776124.087
[1, 15120] loss: 1762834.337
[1, 15140] loss: 2557230.565
[1, 15160] loss: 1385257.683
[1, 15180] loss: 2199874.833
[1, 15200] loss: 713149.854
[1, 15220] loss: 1097965.838
[1, 15240] loss: 811607.166
[1, 15260] loss: 532066.192
[1, 15280] loss: 257455.185
[1, 15300] loss: 975239.809
[1, 15320] loss: 436798.256
[1, 15340] loss: 403798.870
[1, 15360] loss: 482851.909
[1, 15380] loss: 570814.027
[1, 15400] loss: 412588.414
[1, 15420] loss: 525191.665
[1, 15440] loss: 364697.861
[1, 15460] loss: 465148.468
[1, 15480] loss: 218267.703
[1, 15500] loss: 494093.927
[1, 15520] loss: 206158.103
[1, 15540] loss: 602589.531
[1, 15560] loss: 272576.473
[1, 15580] loss: 270340.408
[1, 15600] loss: 327737.341
[1, 15620] loss: 274138.778
[1, 15640] loss: 256680.572
[1, 15660] loss: 380024.175
[1, 15680] loss: 207386.017
[1, 15700] loss: 270559.745
[1, 15720] loss: 282371.722
[1, 15740] loss: 138973.048
[1, 15760] loss: 179157.677
[1, 15780] loss: 382444.968
[1, 15800] loss: 157542.892
[1, 15820] loss: 332327.041
[1, 15840] loss: 254924.891
[1, 15860] loss: 340884.851
[1, 15880] loss: 224830.115
[1, 15900] loss: 177797.685
[1, 15920] loss: 296540.181
[1, 15940] loss: 171895.275
[1, 15960] loss: 211437.403
[1, 15980] loss: 135656.076
[1, 16000] loss: 127303.902
[1, 16020] loss: 205111.664
[1, 16040] loss: 282447.730
[1, 16060] loss: 138955.724
[1, 16080] loss: 240041.020
[1, 16100] loss: 339665.908
[1, 16120] loss: 156975.721
[1, 16140] loss: 224089.456
[1, 16160] loss: 182342.552
[1, 16180] loss: 143900.505
[1, 16200] loss: 123889.343
[1, 16220] loss: 118875.801
[1, 16240] loss: 208359.228
[1, 16260] loss: 268365.196
[1, 16280] loss: 108207.546
[1, 16300] loss: 133176.420
[1, 16320] loss: 188419.437
[1, 16340] loss: 260387.361
[1, 16360] loss: 130004.573
[1, 16380] loss: 99607.751
[1, 16400] loss: 248157.086
[1, 16420] loss: 143881.877
[1, 16440] loss: 369631.197
[1, 16460] loss: 133602.252
[1, 16480] loss: 137527.307
[1, 16500] loss: 76028.094
[1, 16520] loss: 206939.731
[1, 16540] loss: 162172.178
[1, 16560] loss: 246295.015
[1, 16580] loss: 161256.363
[1, 16600] loss: 166595.105
[1, 16620] loss: 103821.870
[1, 16640] loss: 75908.231
[1, 16660] loss: 77350.278
[1, 16680] loss: 167863.660
[1, 16700] loss: 102128.118
[1, 16720] loss: 147353.850
[1, 16740] loss: 130632.476
[1, 16760] loss: 197278.766
[1, 16780] loss: 106145.685
[1, 16800] loss: 186099.273
[1, 16820] loss: 145476.390
[1, 16840] loss: 122352.853
[1, 16860] loss: 80718.040
[1, 16880] loss: 120034.589
[1, 16900] loss: 81630.659
[1, 16920] loss: 117177.190
[1, 16940] loss: 120046.348
[1, 16960] loss: 67351.800
[1, 16980] loss: 130913.554
[1, 17000] loss: 81842.990
[1, 17020] loss: 93052.117
[1, 17040] loss: 110710.879
[1, 17060] loss: 123976.141
[1, 17080] loss: 87835.031
[1, 17100] loss: 152474.142
[1, 17120] loss: 131314.548
[1, 17140] loss: 147226.624
[1, 17160] loss: 92878.881
[1, 17180] loss: 100117.101
[1, 17200] loss: 105677.677
[1, 17220] loss: 108333.086
[1, 17240] loss: 87144.625
[1, 17260] loss: 68348.309
[1, 17280] loss: 119206.846
[1, 17300] loss: 79228.802
[1, 17320] loss: 82600.757
[1, 17340] loss: 94806.681
[1, 17360] loss: 88722.475
[1, 17380] loss: 35134.985
[1, 17400] loss: 70405.482
[1, 17420] loss: 142721.358
[1, 17440] loss: 66440.817
[1, 17460] loss: 68744.351
[1, 17480] loss: 84557.504
[1, 17500] loss: 52531.106
[1, 17520] loss: 143324.241
[1, 17540] loss: 232574.236
[1, 17560] loss: 125803.468
[1, 17580] loss: 126553.467
[1, 17600] loss: 69026.599
[1, 17620] loss: 73282.494
[1, 17640] loss: 47108.468
[1, 17660] loss: 59158.108
[1, 17680] loss: 82037.098
[1, 17700] loss: 130622.184
[1, 17720] loss: 217616.279
[1, 17740] loss: 92918.093
[1, 17760] loss: 124479.755
[1, 17780] loss: 129130.503
[1, 17800] loss: 85191.309
[1, 17820] loss: 93931.445
[1, 17840] loss: 81817.513
[1, 17860] loss: 47713.022
[1, 17880] loss: 58664.565
[1, 17900] loss: 72548.258
[1, 17920] loss: 84053.170
[1, 17940] loss: 76693.704
[1, 17960] loss: 56892.872
[1, 17980] loss: 74187.105
[1, 18000] loss: 97834.598
[1, 18020] loss: 70449.938
[1, 18040] loss: 95801.628
[1, 18060] loss: 95643.152
[1, 18080] loss: 47731.750
[1, 18100] loss: 44198.579
[1, 18120] loss: 42474.914
[1, 18140] loss: 48025.463
[1, 18160] loss: 72568.024
[1, 18180] loss: 36110.392
[1, 18200] loss: 85033.517
[1, 18220] loss: 50629.996
[1, 18240] loss: 79271.563
[1, 18260] loss: 69062.807
[1, 18280] loss: 47765.606
[1, 18300] loss: 79898.119
[1, 18320] loss: 55388.976
[1, 18340] loss: 67525.269
[1, 18360] loss: 46931.130
[1, 18380] loss: 69456.543
[1, 18400] loss: 69212.654
[1, 18420] loss: 50264.680
[1, 18440] loss: 96348.367
[1, 18460] loss: 44951.307
[1, 18480] loss: 76168.313
[1, 18500] loss: 39486.903
[1, 18520] loss: 32652.124
[1, 18540] loss: 38018.378
[1, 18560] loss: 57659.281
[1, 18580] loss: 52165.616
[1, 18600] loss: 72338.973
[1, 18620] loss: 108678.502
[1, 18640] loss: 66611.868
[1, 18660] loss: 67629.787
[1, 18680] loss: 101927.050
[1, 18700] loss: 174083.216
[1, 18720] loss: 225073.021
[1, 18740] loss: 93954.482
[1, 18760] loss: 97762.751
[1, 18780] loss: 58248.031
[1, 18800] loss: 42237.883
[1, 18820] loss: 43520.373
[1, 18840] loss: 39816.988
[1, 18860] loss: 101325.724
[1, 18880] loss: 122366.064
[1, 18900] loss: 209551.414
[1, 18920] loss: 84391.946
[1, 18940] loss: 41545.229
[1, 18960] loss: 63750.707
[1, 18980] loss: 70664.307
[1, 19000] loss: 119170.766
[1, 19020] loss: 62641.785
[1, 19040] loss: 130634.406
[1, 19060] loss: 156809.417
[1, 19080] loss: 82257.238
[1, 19100] loss: 33269.909
[1, 19120] loss: 58783.070
[1, 19140] loss: 58306.204
[1, 19160] loss: 160035.407
[1, 19180] loss: 304473.115
[1, 19200] loss: 253671.908
[1, 19220] loss: 239548.374
[1, 19240] loss: 122624.192
[1, 19260] loss: 162197.641
[1, 19280] loss: 73719.079
[1, 19300] loss: 38683.717
[1, 19320] loss: 67318.597
[1, 19340] loss: 89532.676
[1, 19360] loss: 26891.711
[1, 19380] loss: 55055.557
[1, 19400] loss: 29502.889
[1, 19420] loss: 49408.830
[1, 19440] loss: 58084.968
[1, 19460] loss: 41045.548
[1, 19480] loss: 50707.069
[1, 19500] loss: 302063.834
[1, 19520] loss: 108319.484
[1, 19540] loss: 77628.891
[1, 19560] loss: 136345.627
[1, 19580] loss: 236990.826
[1, 19600] loss: 189252.535
[1, 19620] loss: 375200.096
[1, 19640] loss: 450286.887
[1, 19660] loss: 390753.948
[1, 19680] loss: 326474.936
[1, 19700] loss: 129011.688
[1, 19720] loss: 106070.809
[1, 19740] loss: 20799.691
[1, 19760] loss: 95140.249
[1, 19780] loss: 146095.904
[1, 19800] loss: 111639.892
[1, 19820] loss: 80698.955
[1, 19840] loss: 31158.024
[1, 19860] loss: 16549.664
[1, 19880] loss: 50327.463
[1, 19900] loss: 99070.373
[1, 19920] loss: 29948.197
[1, 19940] loss: 40832.389
[1, 19960] loss: 28897.272
[1, 19980] loss: 57290.955
[1, 20000] loss: 113579.670
[1, 20020] loss: 72865.989
[1, 20040] loss: 163030.791
[1, 20060] loss: 57076.887
[1, 20080] loss: 114448.024
[1, 20100] loss: 99239.296
[1, 20120] loss: 256744.921
[1, 20140] loss: 72671.855
[1, 20160] loss: 83302.401
[1, 20180] loss: 30276.001
[1, 20200] loss: 28030.646
[1, 20220] loss: 61206.676
[1, 20240] loss: 58790.341
[1, 20260] loss: 127455.529
[1, 20280] loss: 103254.055
[1, 20300] loss: 64707.772
[1, 20320] loss: 54384.036
[1, 20340] loss: 92442.974
[1, 20360] loss: 82566.387
[1, 20380] loss: 124856.161
[1, 20400] loss: 120472.172
[1, 20420] loss: 453235.600
[1, 20440] loss: 1111476.190
[1, 20460] loss: 647590.076
[1, 20480] loss: 449839.093
[1, 20500] loss: 193247.440
[1, 20520] loss: 35226.430
[1, 20540] loss: 85665.979
[1, 20560] loss: 202082.752
[1, 20580] loss: 177861.567
[1, 20600] loss: 161568.035
[1, 20620] loss: 126058.830
[1, 20640] loss: 41751.448
[1, 20660] loss: 63855.697
[1, 20680] loss: 22860.120
[1, 20700] loss: 44477.749
[1, 20720] loss: 47743.872
[1, 20740] loss: 31443.888
[1, 20760] loss: 94441.834
[1, 20780] loss: 96438.603
[1, 20800] loss: 786747.333
[1, 20820] loss: 1886062.503
[1, 20840] loss: 1133189.935
[1, 20860] loss: 1101578.028
[1, 20880] loss: 387652.591
[1, 20900] loss: 89611.394
[1, 20920] loss: 69396.445
[1, 20940] loss: 58862.582
[1, 20960] loss: 38401.867
[1, 20980] loss: 16112.262
[1, 21000] loss: 13578.633
[1, 21020] loss: 13688.229
[1, 21040] loss: 36648.535
[1, 21060] loss: 67629.617
[1, 21080] loss: 20070.748
[1, 21100] loss: 24994.064
[1, 21120] loss: 34007.523
[1, 21140] loss: 45466.751
[1, 21160] loss: 141808.003
[1, 21180] loss: 51566.602
[1, 21200] loss: 53157.794
[1, 21220] loss: 13448.393
[1, 21240] loss: 20251.493
[1, 21260] loss: 35297.011
[1, 21280] loss: 39466.708
[1, 21300] loss: 110250.557
[1, 21320] loss: 422608.572
[1, 21340] loss: 163054.315
[1, 21360] loss: 375363.526
[1, 21380] loss: 142829.698
[1, 21400] loss: 41418.188
[1, 21420] loss: 34111.306
[1, 21440] loss: 162333.384
[1, 21460] loss: 161504.636
[1, 21480] loss: 97279.821
[1, 21500] loss: 53724.703
[1, 21520] loss: 34777.826
[1, 21540] loss: 16515.438
[1, 21560] loss: 23397.105
[1, 21580] loss: 13376.074
[1, 21600] loss: 30766.111
[1, 21620] loss: 48604.917
[1, 21640] loss: 60557.739
[1, 21660] loss: 46190.056
[1, 21680] loss: 35878.135
[1, 21700] loss: 70329.544
[1, 21720] loss: 64064.100
[1, 21740] loss: 49281.203
[1, 21760] loss: 23757.850
[1, 21780] loss: 110278.046
[1, 21800] loss: 126459.156
[1, 21820] loss: 42473.063
[1, 21840] loss: 11359.578
[1, 21860] loss: 39885.919
[1, 21880] loss: 23101.990
[1, 21900] loss: 391795.147
[1, 21920] loss: 233401.676
[1, 21940] loss: 623670.379
[1, 21960] loss: 1337229.713
[1, 21980] loss: 703581.810
[1, 22000] loss: 276383.690
[1, 22020] loss: 55012.240
[1, 22040] loss: 26234.944
[1, 22060] loss: 18172.743
[1, 22080] loss: 15475.088
[1, 22100] loss: 8186.441
[1, 22120] loss: 6820.620
[1, 22140] loss: 9689.578
[1, 22160] loss: 20277.848
[1, 22180] loss: 61044.954
[1, 22200] loss: 28501.746
[1, 22220] loss: 10909.555
[1, 22240] loss: 62896.599
[1, 22260] loss: 30271.865
[1, 22280] loss: 18535.828
[1, 22300] loss: 11095.748
[1, 22320] loss: 7508.369
[1, 22340] loss: 12237.554
[1, 22360] loss: 16734.812
[1, 22380] loss: 12978.047
[1, 22400] loss: 36030.231
[1, 22420] loss: 30196.312
[1, 22440] loss: 165513.133
[1, 22460] loss: 362375.450
[1, 22480] loss: 456913.458
[1, 22500] loss: 163051.318
[1, 22520] loss: 415427.070
[1, 22540] loss: 49103.559
[1, 22560] loss: 31806.094
[1, 22580] loss: 49565.780
[1, 22600] loss: 22247.081
[1, 22620] loss: 22234.127
[1, 22640] loss: 27190.773
[1, 22660] loss: 65134.238
[1, 22680] loss: 13002.634
[1, 22700] loss: 22035.414
[1, 22720] loss: 14634.681
[1, 22740] loss: 17882.587
[1, 22760] loss: 13928.427
[1, 22780] loss: 26924.186
[1, 22800] loss: 33008.507
[1, 22820] loss: 22077.733
[1, 22840] loss: 15631.848
[1, 22860] loss: 16580.566
[1, 22880] loss: 12124.701
[1, 22900] loss: 6129.974
[1, 22920] loss: 6181.486
[1, 22940] loss: 11227.672
[1, 22960] loss: 9489.665
[1, 22980] loss: 11038.046
[1, 23000] loss: 10423.278
[1, 23020] loss: 7068.974
[1, 23040] loss: 47040.203
[1, 23060] loss: 21638.389
[1, 23080] loss: 18691.735
[1, 23100] loss: 14692.831
[1, 23120] loss: 17348.135
[1, 23140] loss: 11397.976
[1, 23160] loss: 8984.116
[1, 23180] loss: 10036.255
[1, 23200] loss: 10138.972
[1, 23220] loss: 27954.327
[1, 23240] loss: 11185.916
[1, 23260] loss: 6077.805
[1, 23280] loss: 2948.323
[1, 23300] loss: 4484.973
[1, 23320] loss: 3257.005
[1, 23340] loss: 3356.593
[1, 23360] loss: 18410.881
[1, 23380] loss: 32549.182
[1, 23400] loss: 25052.204
[1, 23420] loss: 37287.888
[1, 23440] loss: 11336.442
[1, 23460] loss: 3377.565
[1, 23480] loss: 2891.045
[1, 23500] loss: 8297.679
[1, 23520] loss: 3878.260
[1, 23540] loss: 2314.847
[1, 23560] loss: 3987.879
[1, 23580] loss: 51680.608
[1, 23600] loss: 356898.365
[1, 23620] loss: 1663307.944
[1, 23640] loss: 1604822.651
[1, 23660] loss: 621778.192
[1, 23680] loss: 601705.291
[1, 23700] loss: 227314.402
[1, 23720] loss: 187225.949
[1, 23740] loss: 308230.480
[1, 23760] loss: 370129.551
[1, 23780] loss: 463122.271
[1, 23800] loss: 85188.211
[1, 23820] loss: 185580.814
[1, 23840] loss: 62377.426
[1, 23860] loss: 16322.877
[1, 23880] loss: 11570.508
[1, 23900] loss: 7156.661
[1, 23920] loss: 4759.246
[1, 23940] loss: 9405.962
[1, 23960] loss: 5358.601
[1, 23980] loss: 3457.619
[1, 24000] loss: 1932.630
[1, 24020] loss: 1689.292
[1, 24040] loss: 1247.612
[1, 24060] loss: 2034.609
[1, 24080] loss: 1755.216
[1, 24100] loss: 1727.601
[1, 24120] loss: 2440.747
[1, 24140] loss: 1740.858
[1, 24160] loss: 7738.855
[1, 24180] loss: 9078.139
[1, 24200] loss: 5576.255
[1, 24220] loss: 8156.165
[1, 24240] loss: 4490.361
[1, 24260] loss: 3392.320
[1, 24280] loss: 3774.148
[1, 24300] loss: 2704.173
[1, 24320] loss: 3287.891
[1, 24340] loss: 4912.195
[1, 24360] loss: 6808.256
[1, 24380] loss: 5127.172
[1, 24400] loss: 5267.717
[1, 24420] loss: 4567.145
[1, 24440] loss: 7944.616
[1, 24460] loss: 1182.499
[1, 24480] loss: 339.997
[1, 24500] loss: 557.907
[1, 24520] loss: 730.231
[1, 24540] loss: 1366.969
[1, 24560] loss: 1924.746
[1, 24580] loss: 1168.336
[1, 24600] loss: 1590.901
[1, 24620] loss: 2953.474
[1, 24640] loss: 3597.684
[1, 24660] loss: 1423.701
[1, 24680] loss: 5700.282
[1, 24700] loss: 3409.807
[1, 24720] loss: 2481.076
[1, 24740] loss: 2753.784
[1, 24760] loss: 1248.693
[1, 24780] loss: 1352.246
[1, 24800] loss: 1077.848
[1, 24820] loss: 1713.619
[1, 24840] loss: 848.141
[1, 24860] loss: 740.977
[1, 24880] loss: 2036.763
[1, 24900] loss: 913.948
[1, 24920] loss: 992.826
[1, 24940] loss: 886.264
[1, 24960] loss: 906.506
[1, 24980] loss: 557.980
[1, 25000] loss: 618.732
[1, 25020] loss: 1750.134
[1, 25040] loss: 1583.857
[1, 25060] loss: 2840.642
[1, 25080] loss: 2130.191
[1, 25100] loss: 4345.941
[1, 25120] loss: 1460.817
[1, 25140] loss: 1549.070
[1, 25160] loss: 6218.989
[1, 25180] loss: 5113.011
[1, 25200] loss: 6128.805
[1, 25220] loss: 3205.560
[1, 25240] loss: 5624.727
[1, 25260] loss: 6361.940
[1, 25280] loss: 41559.042
[1, 25300] loss: 186436.060
[1, 25320] loss: 165018.949
[1, 25340] loss: 47644.895
[1, 25360] loss: 10285.944
[1, 25380] loss: 6224.751
[1, 25400] loss: 4189.830
[1, 25420] loss: 5563.445
[1, 25440] loss: 4211.195
[1, 25460] loss: 30891.009
[1, 25480] loss: 33903.199
[1, 25500] loss: 28854.401
[1, 25520] loss: 40485.874
[1, 25540] loss: 55597.998
[1, 25560] loss: 34169.814
[1, 25580] loss: 24435.871
[1, 25600] loss: 5855.889
[1, 25620] loss: 8840.191
[1, 25640] loss: 4936.371
[1, 25660] loss: 2052.109
[1, 25680] loss: 2664.523
[1, 25700] loss: 2756.537
[1, 25720] loss: 3771.289
[1, 25740] loss: 2843.498
[1, 25760] loss: 7116.786
[1, 25780] loss: 1668.337
[1, 25800] loss: 1140.145
[1, 25820] loss: 1727.056
[1, 25840] loss: 2099.521
[1, 25860] loss: 3099.601
[1, 25880] loss: 9028.115
[1, 25900] loss: 12309.467
[1, 25920] loss: 3542.700
[1, 25940] loss: 2503.412
[1, 25960] loss: 3502.106
[1, 25980] loss: 3257.905
[1, 26000] loss: 10924.460
[1, 26020] loss: 5906.339
[1, 26040] loss: 3803.368
[1, 26060] loss: 3711.519
[1, 26080] loss: 1262.755
[1, 26100] loss: 4236.215
[1, 26120] loss: 4149.634
[1, 26140] loss: 1735.045
[1, 26160] loss: 4414.329
[1, 26180] loss: 8332.079
[1, 26200] loss: 2422.205
[1, 26220] loss: 1414.726
[1, 26240] loss: 2800.816
[1, 26260] loss: 2061.559
[1, 26280] loss: 2718.298
[1, 26300] loss: 1864.825
[1, 26320] loss: 1836.423
[1, 26340] loss: 6062.845
[1, 26360] loss: 1220.800
[1, 26380] loss: 9316.342
[1, 26400] loss: 4022.896
[1, 26420] loss: 5194.413
[1, 26440] loss: 19445.345
[1, 26460] loss: 82561.606
[1, 26480] loss: 267814.765
[1, 26500] loss: 932326.142
[1, 26520] loss: 3861609.670
[1, 26540] loss: 3332086.396
[1, 26560] loss: 183208.507
[1, 26580] loss: 117911.439
[1, 26600] loss: 33494.864
[1, 26620] loss: 19180.936
[1, 26640] loss: 24071.492
[1, 26660] loss: 18252.354
[1, 26680] loss: 16038.985
[1, 26700] loss: 11426.053
[1, 26720] loss: 16051.259
[1, 26740] loss: 10890.906
[1, 26760] loss: 4330.088
[1, 26780] loss: 5540.299
[1, 26800] loss: 4434.816
[1, 26820] loss: 6087.166
[1, 26840] loss: 3671.203
[1, 26860] loss: 9422.427
[1, 26880] loss: 5260.449
[1, 26900] loss: 1650.527
[1, 26920] loss: 5750.670
[1, 26940] loss: 1749.491
[1, 26960] loss: 2965.140
[1, 26980] loss: 3922.661
[1, 27000] loss: 4054.845
[1, 27020] loss: 5681.632
[1, 27040] loss: 1866.122
[1, 27060] loss: 4351.480
[1, 27080] loss: 3341.091
[1, 27100] loss: 1616.367
[1, 27120] loss: 3537.660
[1, 27140] loss: 4842.169
[1, 27160] loss: 3855.376
[1, 27180] loss: 6251.178
[1, 27200] loss: 2931.408
[1, 27220] loss: 5354.374
[1, 27240] loss: 5237.409
[1, 27260] loss: 2197.211
[1, 27280] loss: 2908.535
[1, 27300] loss: 2538.515
[1, 27320] loss: 2974.881
[1, 27340] loss: 1063.436
[1, 27360] loss: 1392.342
[1, 27380] loss: 2098.798
[1, 27400] loss: 2259.062
[1, 27420] loss: 1189.007
[1, 27440] loss: 863.745
[1, 27460] loss: 1811.624
[1, 27480] loss: 1416.859
[1, 27500] loss: 1748.744
[1, 27520] loss: 1243.280
[1, 27540] loss: 1414.245
[1, 27560] loss: 2158.764
[1, 27580] loss: 777.384
[1, 27600] loss: 1201.196
[1, 27620] loss: 1112.914
[1, 27640] loss: 1173.766
[1, 27660] loss: 1494.139
[1, 27680] loss: 1243.148
[1, 27700] loss: 2142.891
[1, 27720] loss: 1151.137
[1, 27740] loss: 990.517
[1, 27760] loss: 1249.881
[1, 27780] loss: 1526.314
[1, 27800] loss: 1936.219
[1, 27820] loss: 1484.206
[1, 27840] loss: 1795.200
[1, 27860] loss: 1241.233
[1, 27880] loss: 1028.234
[1, 27900] loss: 445.558
[1, 27920] loss: 1304.563
[1, 27940] loss: 1417.016
[1, 27960] loss: 1039.849
[1, 27980] loss: 1169.216
[1, 28000] loss: 726.438
[1, 28020] loss: 738.944
[1, 28040] loss: 727.833
[1, 28060] loss: 1414.914
[1, 28080] loss: 1276.131
[1, 28100] loss: 1364.911
[1, 28120] loss: 1607.247
[1, 28140] loss: 1689.596
[1, 28160] loss: 851.422
[1, 28180] loss: 394.687
[1, 28200] loss: 1352.081
[1, 28220] loss: 1618.468
[1, 28240] loss: 1287.213
[1, 28260] loss: 882.615
[1, 28280] loss: 1102.130
[1, 28300] loss: 1511.975
[1, 28320] loss: 1761.479
[1, 28340] loss: 1218.637
[1, 28360] loss: 862.607
[1, 28380] loss: 863.727
[1, 28400] loss: 578.002
[1, 28420] loss: 475.169
[1, 28440] loss: 859.451
[1, 28460] loss: 810.587
[1, 28480] loss: 628.463
[1, 28500] loss: 1035.346
[1, 28520] loss: 1420.999
[1, 28540] loss: 791.356
[1, 28560] loss: 1351.358
[1, 28580] loss: 641.550
[1, 28600] loss: 281.234
[1, 28620] loss: 541.214
[1, 28640] loss: 838.747
[1, 28660] loss: 401.715
[1, 28680] loss: 334.174
[1, 28700] loss: 299.707
[1, 28720] loss: 240.639
[1, 28740] loss: 621.729
[1, 28760] loss: 496.577
[1, 28780] loss: 218.888
[1, 28800] loss: 171.645
[1, 28820] loss: 296.918
[1, 28840] loss: 469.080
[1, 28860] loss: 453.965
[1, 28880] loss: 141.229
[1, 28900] loss: 307.444
[1, 28920] loss: 525.674
[1, 28940] loss: 1124.463
[1, 28960] loss: 700.023
[1, 28980] loss: 668.212
[1, 29000] loss: 602.175
[1, 29020] loss: 549.991
[1, 29040] loss: 497.757
[1, 29060] loss: 672.442
[1, 29080] loss: 437.206
[1, 29100] loss: 333.219
[1, 29120] loss: 530.177
[1, 29140] loss: 281.912
[1, 29160] loss: 388.428
[1, 29180] loss: 435.997
[1, 29200] loss: 295.228
[1, 29220] loss: 122.188
[1, 29240] loss: 209.018
[1, 29260] loss: 966.590
[1, 29280] loss: 218.775
[1, 29300] loss: 175.601
[1, 29320] loss: 440.472
[1, 29340] loss: 139.403
[1, 29360] loss: 282.208
[1, 29380] loss: 415.083
[1, 29400] loss: 405.490
[1, 29420] loss: 673.259
[1, 29440] loss: 471.766
[1, 29460] loss: 213.602
[1, 29480] loss: 194.022
[1, 29500] loss: 181.820
[1, 29520] loss: 129.104
[1, 29540] loss: 283.559
[1, 29560] loss: 153.880
[1, 29580] loss: 250.064
[1, 29600] loss: 228.005
[1, 29620] loss: 142.822
[1, 29640] loss: 119.368
[1, 29660] loss: 55.479
[1, 29680] loss: 170.560
[1, 29700] loss: 268.565
[1, 29720] loss: 253.450
[1, 29740] loss: 215.910
[1, 29760] loss: 155.609
[1, 29780] loss: 241.637
[1, 29800] loss: 168.572
[1, 29820] loss: 234.710
[1, 29840] loss: 319.180
[1, 29860] loss: 477.998
[1, 29880] loss: 759.465
[1, 29900] loss: 588.009
[1, 29920] loss: 484.032
[1, 29940] loss: 392.244
[1, 29960] loss: 193.911
[1, 29980] loss: 132.751
[1, 30000] loss: 183.282
[1, 30020] loss: 253.662
[1, 30040] loss: 203.274
[1, 30060] loss: 181.324
[1, 30080] loss: 126.235
[1, 30100] loss: 76.884
[1, 30120] loss: 86.972
[1, 30140] loss: 59.118
[1, 30160] loss: 74.030
[1, 30180] loss: 181.494
[1, 30200] loss: 103.795
[1, 30220] loss: 107.792
[1, 30240] loss: 354.349
[1, 30260] loss: 128.451
[1, 30280] loss: 45.656
[1, 30300] loss: 138.114
[1, 30320] loss: 183.774
[1, 30340] loss: 68.528
[1, 30360] loss: 70.579
[1, 30380] loss: 156.118
[1, 30400] loss: 231.950
[1, 30420] loss: 156.233
[2,    20] loss: 74.505
[2,    40] loss: 81.801
[2,    60] loss: 95.462
[2,    80] loss: 77.317
[2,   100] loss: 134.188
[2,   120] loss: 476.545
[2,   140] loss: 354.929
[2,   160] loss: 48.704
[2,   180] loss: 176.538
[2,   200] loss: 74.046
[2,   220] loss: 193.074
[2,   240] loss: 214.929
[2,   260] loss: 286.128
[2,   280] loss: 1999.074
[2,   300] loss: 5185.769
[2,   320] loss: 2348.268
[2,   340] loss: 831.932
[2,   360] loss: 214.065
[2,   380] loss: 417.970
[2,   400] loss: 304.564
[2,   420] loss: 167.286
[2,   440] loss: 97.604
[2,   460] loss: 673.181
[2,   480] loss: 142.921
[2,   500] loss: 212.504
[2,   520] loss: 95.488
[2,   540] loss: 91.360
[2,   560] loss: 62.382
[2,   580] loss: 115.576
[2,   600] loss: 163.342
[2,   620] loss: 702.901
[2,   640] loss: 393.697
[2,   660] loss: 634.309
[2,   680] loss: 866.918
[2,   700] loss: 1480.824
[2,   720] loss: 887.111
[2,   740] loss: 845.656
[2,   760] loss: 142.772
[2,   780] loss: 111.716
[2,   800] loss: 193.298
[2,   820] loss: 79.962
[2,   840] loss: 117.641
[2,   860] loss: 320.371
[2,   880] loss: 1188.058
[2,   900] loss: 149.062
[2,   920] loss: 858.250
[2,   940] loss: 756.632
[2,   960] loss: 88.381
[2,   980] loss: 62.389
[2,  1000] loss: 86.461
[2,  1020] loss: 135.691
[2,  1040] loss: 58.219
[2,  1060] loss: 206.801
[2,  1080] loss: 39.675
[2,  1100] loss: 48.337
[2,  1120] loss: 73.319
[2,  1140] loss: 52.181
[2,  1160] loss: 138.867
[2,  1180] loss: 54.854
[2,  1200] loss: 104.911
[2,  1220] loss: 151.827
[2,  1240] loss: 72.951
[2,  1260] loss: 91.049
[2,  1280] loss: 308.139
[2,  1300] loss: 611.472
[2,  1320] loss: 1018.165
[2,  1340] loss: 851.191
[2,  1360] loss: 1142.452
[2,  1380] loss: 1327.680
[2,  1400] loss: 681.612
[2,  1420] loss: 1680.198
[2,  1440] loss: 1261.747
[2,  1460] loss: 363.311
[2,  1480] loss: 1024.583
[2,  1500] loss: 1889.784
[2,  1520] loss: 4597.589
[2,  1540] loss: 15417.714
[2,  1560] loss: 3442.262
[2,  1580] loss: 1783.466
[2,  1600] loss: 1083.852
[2,  1620] loss: 1839.631
[2,  1640] loss: 6832.440
[2,  1660] loss: 1804.825
[2,  1680] loss: 2035.907
[2,  1700] loss: 1528.145
[2,  1720] loss: 1428.122
[2,  1740] loss: 5829.926
[2,  1760] loss: 6912.963
[2,  1780] loss: 3791.977
[2,  1800] loss: 1280.322
[2,  1820] loss: 134.914
[2,  1840] loss: 219.805
[2,  1860] loss: 98.854
[2,  1880] loss: 51.171
[2,  1900] loss: 72.293
[2,  1920] loss: 71.163
[2,  1940] loss: 83.371
[2,  1960] loss: 94.132
[2,  1980] loss: 24.465
[2,  2000] loss: 47.019
[2,  2020] loss: 16.686
[2,  2040] loss: 23.817
[2,  2060] loss: 64.807
[2,  2080] loss: 57.096
[2,  2100] loss: 64.913
[2,  2120] loss: 27.531
[2,  2140] loss: 12.481
[2,  2160] loss: 29.237
[2,  2180] loss: 41.063
[2,  2200] loss: 26.421
[2,  2220] loss: 19.918
[2,  2240] loss: 18.040
[2,  2260] loss: 8.491
[2,  2280] loss: 13.590
[2,  2300] loss: 47.432
[2,  2320] loss: 71.339
[2,  2340] loss: 114.957
[2,  2360] loss: 201.553
[2,  2380] loss: 58.568
[2,  2400] loss: 37.054
[2,  2420] loss: 36.220
[2,  2440] loss: 41.779
[2,  2460] loss: 29.857
[2,  2480] loss: 25.917
[2,  2500] loss: 7.312
[2,  2520] loss: 15.558
[2,  2540] loss: 11.591
[2,  2560] loss: 14.687
[2,  2580] loss: 92.791
[2,  2600] loss: 102.393
[2,  2620] loss: 94.387
[2,  2640] loss: 83.938
[2,  2660] loss: 27.260
[2,  2680] loss: 28.891
[2,  2700] loss: 38.360
[2,  2720] loss: 24.154
[2,  2740] loss: 71.886
[2,  2760] loss: 69.882
[2,  2780] loss: 103.783
[2,  2800] loss: 38.068
[2,  2820] loss: 30.693
[2,  2840] loss: 130.950
[2,  2860] loss: 68.692
[2,  2880] loss: 43.547
[2,  2900] loss: 187.243
[2,  2920] loss: 101.366
[2,  2940] loss: 76.064
[2,  2960] loss: 238.304
[2,  2980] loss: 92.097
[2,  3000] loss: 60.018
[2,  3020] loss: 141.532
[2,  3040] loss: 280.555
[2,  3060] loss: 172.652
[2,  3080] loss: 18.297
[2,  3100] loss: 25.903
[2,  3120] loss: 20.132
[2,  3140] loss: 69.287
[2,  3160] loss: 106.883
[2,  3180] loss: 164.924
[2,  3200] loss: 143.284
[2,  3220] loss: 753.365
[2,  3240] loss: 3779.822
[2,  3260] loss: 13634.623
[2,  3280] loss: 97236.865
[2,  3300] loss: 12620462.083
[2,  3320] loss: 9338372968.609
[2,  3340] loss: 5120296051585.600
[2,  3360] loss: 14638853761587.199
[2,  3380] loss: 10201691785628.000
[2,  3400] loss: 503974002592.000
[2,  3420] loss: 59343458598.700
[2,  3440] loss: 9382321882.950
[2,  3460] loss: 4131920282.600
[2,  3480] loss: 2584507722.450
[2,  3500] loss: 1478081362.100
[2,  3520] loss: 1240933102.100
[2,  3540] loss: 666002893.100
[2,  3560] loss: 688301179.250
[2,  3580] loss: 1022009180.459
[2,  3600] loss: 965263920.347
[2,  3620] loss: 719585852.888
[2,  3640] loss: 610008898.500
[2,  3660] loss: 455537818.634
[2,  3680] loss: 488964092.000
[2,  3700] loss: 434823521.750
[2,  3720] loss: 285885365.575
[2,  3740] loss: 536937454.770
[2,  3760] loss: 786313247.825
[2,  3780] loss: 338061972.206
[2,  3800] loss: 380083502.041
[2,  3820] loss: 574928304.819
[2,  3840] loss: 294976144.050
[2,  3860] loss: 247176324.752
[2,  3880] loss: 216205588.075
[2,  3900] loss: 239974858.180
[2,  3920] loss: 220660702.522
[2,  3940] loss: 334051453.663
[2,  3960] loss: 225735222.849
[2,  3980] loss: 329354891.034
[2,  4000] loss: 349088453.526
[2,  4020] loss: 199185842.220
[2,  4040] loss: 235389381.525
[2,  4060] loss: 275463737.062
[2,  4080] loss: 140975135.839
[2,  4100] loss: 150226458.044
[2,  4120] loss: 262181905.775
[2,  4140] loss: 81517288.831
[2,  4160] loss: 116874973.953
[2,  4180] loss: 261747423.250
[2,  4200] loss: 330957600.300
[2,  4220] loss: 329990134.518
[2,  4240] loss: 115998421.207
[2,  4260] loss: 153976073.331
[2,  4280] loss: 53034131.279
[2,  4300] loss: 136575866.716
[2,  4320] loss: 160544538.131
[2,  4340] loss: 101651299.930
[2,  4360] loss: 124938417.534
[2,  4380] loss: 200882857.828
[2,  4400] loss: 215505487.588
[2,  4420] loss: 167569794.351
[2,  4440] loss: 78166157.144
[2,  4460] loss: 112650744.225
[2,  4480] loss: 110570756.111
[2,  4500] loss: 128506906.725
[2,  4520] loss: 118519039.241
[2,  4540] loss: 211233369.387
[2,  4560] loss: 117865557.631
[2,  4580] loss: 97907275.195
[2,  4600] loss: 54239082.390
[2,  4620] loss: 83904072.016
[2,  4640] loss: 104621824.469
[2,  4660] loss: 53719361.909
[2,  4680] loss: 77537078.392
[2,  4700] loss: 60596014.779
[2,  4720] loss: 221758484.303
[2,  4740] loss: 158377328.319
[2,  4760] loss: 41819006.403
[2,  4780] loss: 117759499.745
[2,  4800] loss: 69698652.225
[2,  4820] loss: 71118208.511
[2,  4840] loss: 130679639.119
[2,  4860] loss: 102805975.368
[2,  4880] loss: 84828613.703
[2,  4900] loss: 95959511.747
[2,  4920] loss: 74291207.885
[2,  4940] loss: 88701531.224
[2,  4960] loss: 37725172.295
[2,  4980] loss: 46435267.205
[2,  5000] loss: 92504921.372
[2,  5020] loss: 135144939.369
[2,  5040] loss: 124320974.168
[2,  5060] loss: 66997848.675
[2,  5080] loss: 41360471.918
[2,  5100] loss: 78377806.730
[2,  5120] loss: 43141274.257
[2,  5140] loss: 37567744.651
[2,  5160] loss: 59255190.531
[2,  5180] loss: 36118387.572
[2,  5200] loss: 71097598.791
[2,  5220] loss: 38334406.481
[2,  5240] loss: 59349675.427
[2,  5260] loss: 78373351.641
[2,  5280] loss: 62016494.678
[2,  5300] loss: 56583798.216
[2,  5320] loss: 25843777.255
[2,  5340] loss: 39544429.490
[2,  5360] loss: 63899022.210
[2,  5380] loss: 34790779.646
[2,  5400] loss: 23775648.876
[2,  5420] loss: 40609863.905
[2,  5440] loss: 50429179.661
[2,  5460] loss: 47530471.309
[2,  5480] loss: 46129161.319
[2,  5500] loss: 52548257.920
[2,  5520] loss: 30066864.864
[2,  5540] loss: 44170134.712
[2,  5560] loss: 52599726.429
[2,  5580] loss: 34302931.173
[2,  5600] loss: 35646068.600
[2,  5620] loss: 37977898.989
[2,  5640] loss: 12835153.386
[2,  5660] loss: 14366398.903
[2,  5680] loss: 24513341.336
[2,  5700] loss: 39309071.587
[2,  5720] loss: 34765168.747
[2,  5740] loss: 51141335.424
[2,  5760] loss: 38929960.402
[2,  5780] loss: 45559880.071
[2,  5800] loss: 31329855.585
[2,  5820] loss: 50943384.657
[2,  5840] loss: 25315229.935
[2,  5860] loss: 25469155.047
[2,  5880] loss: 17773571.849
[2,  5900] loss: 40207612.630
[2,  5920] loss: 54178219.271
[2,  5940] loss: 39553517.616
[2,  5960] loss: 31989645.703
[2,  5980] loss: 41273337.460
[2,  6000] loss: 30362775.299
[2,  6020] loss: 46806686.247
[2,  6040] loss: 53916226.475
[2,  6060] loss: 35167440.156
[2,  6080] loss: 31472526.084
[2,  6100] loss: 25364175.221
[2,  6120] loss: 28282689.820
[2,  6140] loss: 23819425.681
[2,  6160] loss: 25999230.020
[2,  6180] loss: 36908015.894
[2,  6200] loss: 10332321.557
[2,  6220] loss: 30455574.377
[2,  6240] loss: 27754543.236
[2,  6260] loss: 25221528.347
[2,  6280] loss: 35361783.113
[2,  6300] loss: 41829077.846
[2,  6320] loss: 23926463.839
[2,  6340] loss: 18510420.164
[2,  6360] loss: 32693663.713
[2,  6380] loss: 19371788.240
[2,  6400] loss: 18711689.779
[2,  6420] loss: 19692339.432
[2,  6440] loss: 23622546.002
[2,  6460] loss: 18257404.146
[2,  6480] loss: 25681631.507
[2,  6500] loss: 18655406.022
[2,  6520] loss: 31196305.815
[2,  6540] loss: 28105040.586
[2,  6560] loss: 24763493.913
[2,  6580] loss: 29490614.006
[2,  6600] loss: 29296029.000
[2,  6620] loss: 23968357.660
[2,  6640] loss: 16555596.505
[2,  6660] loss: 24477939.394
[2,  6680] loss: 13787482.862
[2,  6700] loss: 11002878.136
[2,  6720] loss: 18288014.187
[2,  6740] loss: 10501508.364
[2,  6760] loss: 17711434.426
[2,  6780] loss: 25365494.198
[2,  6800] loss: 10300739.540
[2,  6820] loss: 17642940.217
[2,  6840] loss: 14260456.527
[2,  6860] loss: 8474377.220
[2,  6880] loss: 13981095.607
[2,  6900] loss: 12527929.392
[2,  6920] loss: 15105580.493
[2,  6940] loss: 16122164.067
[2,  6960] loss: 8073065.929
[2,  6980] loss: 7703579.177
[2,  7000] loss: 19569007.195
[2,  7020] loss: 29853057.444
[2,  7040] loss: 15427675.851
[2,  7060] loss: 44748584.454
[2,  7080] loss: 33753925.548
[2,  7100] loss: 58063844.641
[2,  7120] loss: 88240575.817
[2,  7140] loss: 22013448.575
[2,  7160] loss: 20477862.030
[2,  7180] loss: 42964904.219
[2,  7200] loss: 15280193.103
[2,  7220] loss: 15861144.277
[2,  7240] loss: 11522004.019
[2,  7260] loss: 18428720.466
[2,  7280] loss: 15798766.610
[2,  7300] loss: 14578033.385
[2,  7320] loss: 7157966.715
[2,  7340] loss: 15214984.275
[2,  7360] loss: 14442360.725
[2,  7380] loss: 31321316.234
[2,  7400] loss: 24802510.658
[2,  7420] loss: 10775691.689
[2,  7440] loss: 21840140.604
[2,  7460] loss: 11961805.070
[2,  7480] loss: 16269459.754
[2,  7500] loss: 19806938.317
[2,  7520] loss: 17253090.726
[2,  7540] loss: 14845598.802
[2,  7560] loss: 7188444.295
[2,  7580] loss: 10930223.178
[2,  7600] loss: 10122169.262
[2,  7620] loss: 18115871.092
[2,  7640] loss: 9959228.863
[2,  7660] loss: 37857586.348
[2,  7680] loss: 53018151.409
[2,  7700] loss: 35502080.841
[2,  7720] loss: 34016085.865
[2,  7740] loss: 25009020.544
[2,  7760] loss: 28531589.653
[2,  7780] loss: 3341952.052
[2,  7800] loss: 7352453.397
[2,  7820] loss: 7057669.889
[2,  7840] loss: 30070975.098
[2,  7860] loss: 32711343.741
[2,  7880] loss: 23950966.394
[2,  7900] loss: 14323725.093
[2,  7920] loss: 23997011.200
[2,  7940] loss: 17586395.848
[2,  7960] loss: 29483942.373
[2,  7980] loss: 71541910.995
[2,  8000] loss: 81862969.494
[2,  8020] loss: 124386633.062
[2,  8040] loss: 114569653.620
[2,  8060] loss: 116784457.836
[2,  8080] loss: 226252357.337
[2,  8100] loss: 58013487.500
[2,  8120] loss: 53318245.769
[2,  8140] loss: 13095650.587
[2,  8160] loss: 19750126.506
[2,  8180] loss: 24442296.189
[2,  8200] loss: 9329488.170
[2,  8220] loss: 4943996.512
[2,  8240] loss: 8850117.711
[2,  8260] loss: 18788764.419
[2,  8280] loss: 32351829.302
[2,  8300] loss: 54546803.119
[2,  8320] loss: 27806433.387
[2,  8340] loss: 47913348.508
[2,  8360] loss: 21111804.609
[2,  8380] loss: 30975108.425
[2,  8400] loss: 217669613.921
[2,  8420] loss: 681970561.869
[2,  8440] loss: 264086323.056
[2,  8460] loss: 355345695.136
[2,  8480] loss: 2205872817.100
[2,  8500] loss: 2180291407.944
[2,  8520] loss: 856431728.392
[2,  8540] loss: 250200224.120
[2,  8560] loss: 72143548.025
[2,  8580] loss: 46705105.736
[2,  8600] loss: 19686431.937
[2,  8620] loss: 11005317.431
[2,  8640] loss: 5514544.695
[2,  8660] loss: 3050773.568
[2,  8680] loss: 7540693.529
[2,  8700] loss: 5541040.043
[2,  8720] loss: 8192491.154
[2,  8740] loss: 7166374.857
[2,  8760] loss: 4784346.729
[2,  8780] loss: 7567025.303
[2,  8800] loss: 5571768.592
[2,  8820] loss: 13086800.713
[2,  8840] loss: 6888921.184
[2,  8860] loss: 5478609.551
[2,  8880] loss: 11670958.838
[2,  8900] loss: 11597398.445
[2,  8920] loss: 50237131.908
[2,  8940] loss: 29805025.824
[2,  8960] loss: 92108041.372
[2,  8980] loss: 97514090.771
[2,  9000] loss: 36398724.385
[2,  9020] loss: 21106900.039
[2,  9040] loss: 6140352.247
[2,  9060] loss: 6077417.503
[2,  9080] loss: 4879784.825
[2,  9100] loss: 11739413.797
[2,  9120] loss: 16414015.884
[2,  9140] loss: 15096087.095
[2,  9160] loss: 9869241.506
[2,  9180] loss: 17555517.609
[2,  9200] loss: 8333031.407
[2,  9220] loss: 17080348.785
[2,  9240] loss: 13922977.923
[2,  9260] loss: 46857655.305
[2,  9280] loss: 54157318.122
[2,  9300] loss: 151820794.846
[2,  9320] loss: 187748018.839
[2,  9340] loss: 201068792.627
[2,  9360] loss: 86237354.881
[2,  9380] loss: 109546314.082
[2,  9400] loss: 106956126.703
[2,  9420] loss: 117923589.159
[2,  9440] loss: 43957492.581
[2,  9460] loss: 22174624.384
[2,  9480] loss: 32781924.820
[2,  9500] loss: 55532696.941
[2,  9520] loss: 53239929.802
[2,  9540] loss: 116643194.834
[2,  9560] loss: 37697169.034
[2,  9580] loss: 26189243.882
[2,  9600] loss: 16331603.524
[2,  9620] loss: 24959550.613
[2,  9640] loss: 28179709.431
[2,  9660] loss: 11904910.126
[2,  9680] loss: 8028399.114
[2,  9700] loss: 5571265.112
[2,  9720] loss: 2904638.535
[2,  9740] loss: 3403537.685
[2,  9760] loss: 6349941.579
[2,  9780] loss: 4163142.423
[2,  9800] loss: 5420513.630
[2,  9820] loss: 3756569.344
[2,  9840] loss: 5419713.667
[2,  9860] loss: 1809716.006
[2,  9880] loss: 1991780.210
[2,  9900] loss: 9905891.351
[2,  9920] loss: 37290455.569
[2,  9940] loss: 16157504.011
[2,  9960] loss: 9882017.286
[2,  9980] loss: 1796160.411
[2, 10000] loss: 1370960.524
[2, 10020] loss: 5531942.512
[2, 10040] loss: 6642187.336
[2, 10060] loss: 3593870.964
[2, 10080] loss: 7647668.249
[2, 10100] loss: 5467362.949
[2, 10120] loss: 3336443.357
[2, 10140] loss: 7863151.955
[2, 10160] loss: 10153837.772
[2, 10180] loss: 7122833.147
[2, 10200] loss: 3820566.969
[2, 10220] loss: 2689311.567
[2, 10240] loss: 1751518.847
[2, 10260] loss: 1807154.015
[2, 10280] loss: 2555564.743
[2, 10300] loss: 7928937.999
[2, 10320] loss: 29652728.138
[2, 10340] loss: 10520376.106
[2, 10360] loss: 6528508.573
[2, 10380] loss: 3223570.333
[2, 10400] loss: 1201011.322
[2, 10420] loss: 3233826.034
[2, 10440] loss: 1997914.527
[2, 10460] loss: 3224272.996
[2, 10480] loss: 2773258.125
[2, 10500] loss: 15708376.521
[2, 10520] loss: 11630931.071
[2, 10540] loss: 13423229.740
[2, 10560] loss: 6613777.962
[2, 10580] loss: 8468297.170
[2, 10600] loss: 34279397.290
[2, 10620] loss: 15467680.619
[2, 10640] loss: 8223592.064
[2, 10660] loss: 6172401.999
[2, 10680] loss: 27254283.896
[2, 10700] loss: 22191754.546
[2, 10720] loss: 21262147.442
[2, 10740] loss: 90459450.907
[2, 10760] loss: 533664994.582
[2, 10780] loss: 3678116279.625
[2, 10800] loss: 2454470551.200
[2, 10820] loss: 2144969255.800
[2, 10840] loss: 647331522.000
[2, 10860] loss: 167927072.946
[2, 10880] loss: 51995438.941
[2, 10900] loss: 44538561.754
[2, 10920] loss: 33089658.474
[2, 10940] loss: 4014515.459
[2, 10960] loss: 4574523.408
[2, 10980] loss: 5133381.809
[2, 11000] loss: 2824935.671
[2, 11020] loss: 1510360.706
[2, 11040] loss: 2478532.610
[2, 11060] loss: 3007498.708
[2, 11080] loss: 3240143.386
[2, 11100] loss: 1439493.992
[2, 11120] loss: 3309841.327
[2, 11140] loss: 5334181.854
[2, 11160] loss: 6244936.812
[2, 11180] loss: 9093068.791
[2, 11200] loss: 3307487.681
[2, 11220] loss: 1382046.736
[2, 11240] loss: 1156508.702
[2, 11260] loss: 1510055.391
[2, 11280] loss: 1619481.197
[2, 11300] loss: 891967.748
[2, 11320] loss: 1321318.952
[2, 11340] loss: 1097243.771
[2, 11360] loss: 748135.963
[2, 11380] loss: 769822.831
[2, 11400] loss: 1544059.512
[2, 11420] loss: 1208090.232
[2, 11440] loss: 1556131.232
[2, 11460] loss: 3737242.951
[2, 11480] loss: 869656.271
[2, 11500] loss: 783778.287
[2, 11520] loss: 952427.662
[2, 11540] loss: 987842.522
[2, 11560] loss: 576785.519
[2, 11580] loss: 1264679.667
[2, 11600] loss: 1046167.290
[2, 11620] loss: 1524732.447
[2, 11640] loss: 812404.957
[2, 11660] loss: 955633.986
[2, 11680] loss: 618667.160
[2, 11700] loss: 708308.133
[2, 11720] loss: 1368929.177
[2, 11740] loss: 626532.324
[2, 11760] loss: 987616.678
[2, 11780] loss: 1509320.482
[2, 11800] loss: 977683.364
[2, 11820] loss: 10183055.009
[2, 11840] loss: 16472497.897
[2, 11860] loss: 1730214.484
[2, 11880] loss: 1021251.680
[2, 11900] loss: 2907802.306
[2, 11920] loss: 8150719.715
[2, 11940] loss: 6725402.159
[2, 11960] loss: 10394496.471
[2, 11980] loss: 18375695.793
[2, 12000] loss: 5414110.548
[2, 12020] loss: 1646191.405
[2, 12040] loss: 1109557.391
[2, 12060] loss: 605560.675
[2, 12080] loss: 835704.569
[2, 12100] loss: 514333.746
[2, 12120] loss: 452422.238
[2, 12140] loss: 571855.927
[2, 12160] loss: 501153.643
[2, 12180] loss: 662376.025
[2, 12200] loss: 374399.477
[2, 12220] loss: 207648.348
[2, 12240] loss: 491291.545
[2, 12260] loss: 1628368.494
[2, 12280] loss: 1623371.938
[2, 12300] loss: 964424.412
[2, 12320] loss: 575154.325
[2, 12340] loss: 478017.583
[2, 12360] loss: 1187166.115
[2, 12380] loss: 1259270.772
[2, 12400] loss: 501057.689
[2, 12420] loss: 749688.400
[2, 12440] loss: 800077.034
[2, 12460] loss: 414326.840
[2, 12480] loss: 782124.718
[2, 12500] loss: 463520.465
[2, 12520] loss: 418730.389
[2, 12540] loss: 413738.048
[2, 12560] loss: 282121.565
[2, 12580] loss: 1693305.405
[2, 12600] loss: 792098.298
[2, 12620] loss: 693632.589
[2, 12640] loss: 1633877.177
[2, 12660] loss: 2415989.811
[2, 12680] loss: 1403020.459
[2, 12700] loss: 190969.593
[2, 12720] loss: 383113.398
[2, 12740] loss: 290059.384
[2, 12760] loss: 675036.533
[2, 12780] loss: 267714.268
[2, 12800] loss: 483576.794
[2, 12820] loss: 1135002.024
[2, 12840] loss: 534767.484
[2, 12860] loss: 1095695.608
[2, 12880] loss: 543876.923
[2, 12900] loss: 1764311.182
[2, 12920] loss: 514558.779
[2, 12940] loss: 872453.221
[2, 12960] loss: 384043.512
[2, 12980] loss: 401760.565
[2, 13000] loss: 688647.578
[2, 13020] loss: 1053299.836
[2, 13040] loss: 203138.637
[2, 13060] loss: 508009.395
[2, 13080] loss: 316786.071
[2, 13100] loss: 1408581.702
[2, 13120] loss: 2683548.733
[2, 13140] loss: 5810405.190
[2, 13160] loss: 6147493.548
[2, 13180] loss: 2627578.143
[2, 13200] loss: 11389448.485
[2, 13220] loss: 1015126.660
[2, 13240] loss: 287839.558
[2, 13260] loss: 581294.682
[2, 13280] loss: 1380700.820
[2, 13300] loss: 848192.515
[2, 13320] loss: 1632831.202
[2, 13340] loss: 946445.164
[2, 13360] loss: 749374.999
[2, 13380] loss: 509206.654
[2, 13400] loss: 509798.690
[2, 13420] loss: 372432.374
[2, 13440] loss: 470485.243
[2, 13460] loss: 566014.714
[2, 13480] loss: 1371583.056
[2, 13500] loss: 381121.300
[2, 13520] loss: 5407427.264
[2, 13540] loss: 5454658.265
[2, 13560] loss: 2963029.643
[2, 13580] loss: 1220042.533
[2, 13600] loss: 2606361.655
[2, 13620] loss: 3231704.532
[2, 13640] loss: 781454.895
[2, 13660] loss: 1961753.053
[2, 13680] loss: 469490.856
[2, 13700] loss: 134838.820
[2, 13720] loss: 204641.927
[2, 13740] loss: 461983.250
[2, 13760] loss: 469942.780
[2, 13780] loss: 2204709.979
[2, 13800] loss: 2244603.177
[2, 13820] loss: 4757422.657
[2, 13840] loss: 25859138.096
[2, 13860] loss: 21312025.120
[2, 13880] loss: 7750606.593
[2, 13900] loss: 4306813.766
[2, 13920] loss: 6770734.750
[2, 13940] loss: 9606528.738
[2, 13960] loss: 11120287.954
[2, 13980] loss: 5909994.735
[2, 14000] loss: 3071822.778
[2, 14020] loss: 2612823.968
[2, 14040] loss: 38260878.137
[2, 14060] loss: 152451179.152
[2, 14080] loss: 354190619.650
[2, 14100] loss: 342614950.952
[2, 14120] loss: 135805381.137
[2, 14140] loss: 115174476.401
[2, 14160] loss: 36885983.178
[2, 14180] loss: 20918053.278
[2, 14200] loss: 11020571.048
[2, 14220] loss: 3858241.352
[2, 14240] loss: 2658522.728
[2, 14260] loss: 2639642.070
[2, 14280] loss: 874351.754
[2, 14300] loss: 689521.837
[2, 14320] loss: 894904.831
[2, 14340] loss: 2882699.011
[2, 14360] loss: 1882349.058
[2, 14380] loss: 1036273.027
[2, 14400] loss: 1651271.461
[2, 14420] loss: 785936.222
[2, 14440] loss: 816380.780
[2, 14460] loss: 546805.690
[2, 14480] loss: 540532.639
[2, 14500] loss: 1614027.724
[2, 14520] loss: 2041497.605
[2, 14540] loss: 1736180.613
[2, 14560] loss: 1300255.236
[2, 14580] loss: 159925.077
[2, 14600] loss: 230072.785
[2, 14620] loss: 223313.752
[2, 14640] loss: 127815.926
[2, 14660] loss: 77339.792
[2, 14680] loss: 238383.697
[2, 14700] loss: 156715.817
[2, 14720] loss: 126348.954
[2, 14740] loss: 105018.084
[2, 14760] loss: 74542.653
[2, 14780] loss: 113447.235
[2, 14800] loss: 127880.414
[2, 14820] loss: 157776.491
[2, 14840] loss: 121888.171
[2, 14860] loss: 484081.717
[2, 14880] loss: 214563.663
[2, 14900] loss: 318966.913
[2, 14920] loss: 166372.108
[2, 14940] loss: 118320.938
[2, 14960] loss: 78585.199
[2, 14980] loss: 132081.950
[2, 15000] loss: 262858.697
[2, 15020] loss: 175173.300
[2, 15040] loss: 481598.649
[2, 15060] loss: 522268.517
[2, 15080] loss: 990212.568
[2, 15100] loss: 576751.709
[2, 15120] loss: 609482.374
[2, 15140] loss: 129891.779
[2, 15160] loss: 235619.393
[2, 15180] loss: 230386.267
[2, 15200] loss: 1142210.921
[2, 15220] loss: 732716.079
[2, 15240] loss: 514539.075
[2, 15260] loss: 646664.550
[2, 15280] loss: 174985.407
[2, 15300] loss: 879111.504
[2, 15320] loss: 3265586.647
[2, 15340] loss: 1644575.751
[2, 15360] loss: 281689.752
[2, 15380] loss: 339762.373
[2, 15400] loss: 183317.243
[2, 15420] loss: 97718.411
[2, 15440] loss: 134064.947
[2, 15460] loss: 301047.246
[2, 15480] loss: 337275.811
[2, 15500] loss: 127371.096
[2, 15520] loss: 204215.219
[2, 15540] loss: 65352.223
[2, 15560] loss: 59797.343
[2, 15580] loss: 70106.469
[2, 15600] loss: 57146.307
[2, 15620] loss: 108160.972
[2, 15640] loss: 99080.180
[2, 15660] loss: 178448.781
[2, 15680] loss: 182399.895
[2, 15700] loss: 122632.159
[2, 15720] loss: 54044.500
[2, 15740] loss: 39694.059
[2, 15760] loss: 141957.033
[2, 15780] loss: 115549.238
[2, 15800] loss: 164771.310
[2, 15820] loss: 85229.593
[2, 15840] loss: 91114.565
[2, 15860] loss: 442266.762
[2, 15880] loss: 1090011.816
[2, 15900] loss: 976568.285
[2, 15920] loss: 4988650.779
[2, 15940] loss: 2423414.704
[2, 15960] loss: 2172912.013
[2, 15980] loss: 3684771.212
[2, 16000] loss: 5169481.591
[2, 16020] loss: 721122.380
[2, 16040] loss: 1008201.406
[2, 16060] loss: 1970409.024
[2, 16080] loss: 154584.301
[2, 16100] loss: 105849.638
[2, 16120] loss: 105634.756
[2, 16140] loss: 97336.698
[2, 16160] loss: 182399.846
[2, 16180] loss: 369037.417
[2, 16200] loss: 351076.514
[2, 16220] loss: 75064.441
[2, 16240] loss: 90746.565
[2, 16260] loss: 75062.296
[2, 16280] loss: 97344.801
[2, 16300] loss: 52182.665
[2, 16320] loss: 75606.398
[2, 16340] loss: 290892.325
[2, 16360] loss: 3306935.889
[2, 16380] loss: 8019534.437
[2, 16400] loss: 3921460.208
[2, 16420] loss: 1865489.556
[2, 16440] loss: 343159.795
[2, 16460] loss: 295938.505
[2, 16480] loss: 116137.404
[2, 16500] loss: 65559.365
[2, 16520] loss: 240742.805
[2, 16540] loss: 220194.461
[2, 16560] loss: 110097.151
[2, 16580] loss: 103580.796
[2, 16600] loss: 160929.646
[2, 16620] loss: 58487.573
[2, 16640] loss: 94040.164
[2, 16660] loss: 116403.199
[2, 16680] loss: 96632.046
[2, 16700] loss: 55555.895
[2, 16720] loss: 94936.922
[2, 16740] loss: 54421.354
[2, 16760] loss: 500422.680
[2, 16780] loss: 587690.399
[2, 16800] loss: 1213970.583
[2, 16820] loss: 3394128.427
[2, 16840] loss: 4001767.036
[2, 16860] loss: 5295284.558
[2, 16880] loss: 2654637.398
[2, 16900] loss: 1963723.639
[2, 16920] loss: 1170659.380
[2, 16940] loss: 728037.154
[2, 16960] loss: 207654.265
[2, 16980] loss: 38492.999
[2, 17000] loss: 80461.835
[2, 17020] loss: 59325.384
[2, 17040] loss: 68140.428
[2, 17060] loss: 87048.283
[2, 17080] loss: 29528.853
[2, 17100] loss: 45595.619
[2, 17120] loss: 25795.211
[2, 17140] loss: 27992.569
[2, 17160] loss: 88025.218
[2, 17180] loss: 86358.739
[2, 17200] loss: 325295.227
[2, 17220] loss: 96919.625
[2, 17240] loss: 29940.629
[2, 17260] loss: 27030.059
[2, 17280] loss: 36292.922
[2, 17300] loss: 62055.250
[2, 17320] loss: 334348.103
[2, 17340] loss: 53210.522
[2, 17360] loss: 76697.684
[2, 17380] loss: 26951.672
[2, 17400] loss: 38007.233
[2, 17420] loss: 86474.753
[2, 17440] loss: 544313.824
[2, 17460] loss: 4354543.712
[2, 17480] loss: 1949479.443
[2, 17500] loss: 270235.663
[2, 17520] loss: 450569.263
[2, 17540] loss: 60224.835
[2, 17560] loss: 62010.207
[2, 17580] loss: 49877.485
[2, 17600] loss: 53710.329
[2, 17620] loss: 90717.851
[2, 17640] loss: 135752.265
[2, 17660] loss: 625100.384
[2, 17680] loss: 2950499.884
[2, 17700] loss: 493556.289
[2, 17720] loss: 755353.848
[2, 17740] loss: 663899.457
[2, 17760] loss: 1689796.510
[2, 17780] loss: 5593681.419
[2, 17800] loss: 1179583.764
[2, 17820] loss: 1212867.114
[2, 17840] loss: 11404050.541
[2, 17860] loss: 33231295.202
[2, 17880] loss: 59507044.682
[2, 17900] loss: 29838324.878
[2, 17920] loss: 22716870.891
[2, 17940] loss: 9508664.635
[2, 17960] loss: 28483337.425
[2, 17980] loss: 30637592.129
[2, 18000] loss: 13488955.947
[2, 18020] loss: 2127977.688
[2, 18040] loss: 560703.058
[2, 18060] loss: 438135.285
[2, 18080] loss: 119016.280
[2, 18100] loss: 102556.756
[2, 18120] loss: 95407.587
[2, 18140] loss: 97427.963
[2, 18160] loss: 106894.255
[2, 18180] loss: 99999.874
[2, 18200] loss: 49719.540
[2, 18220] loss: 53549.177
[2, 18240] loss: 58282.903
[2, 18260] loss: 34127.350
[2, 18280] loss: 27257.643
[2, 18300] loss: 60550.458
[2, 18320] loss: 65519.858
[2, 18340] loss: 85361.253
[2, 18360] loss: 29095.173
[2, 18380] loss: 27913.549
[2, 18400] loss: 59835.024
[2, 18420] loss: 16147.565
[2, 18440] loss: 27904.940
[2, 18460] loss: 46932.744
[2, 18480] loss: 54936.497
[2, 18500] loss: 60753.313
[2, 18520] loss: 31227.973
[2, 18540] loss: 21530.201
[2, 18560] loss: 28998.796
[2, 18580] loss: 27710.185
[2, 18600] loss: 27663.610
[2, 18620] loss: 27473.730
[2, 18640] loss: 17268.671
[2, 18660] loss: 37454.604
[2, 18680] loss: 29819.517
[2, 18700] loss: 29345.345
[2, 18720] loss: 22208.167
[2, 18740] loss: 13591.314
[2, 18760] loss: 41398.227
[2, 18780] loss: 22230.650
[2, 18800] loss: 21009.030
[2, 18820] loss: 17161.812
[2, 18840] loss: 23042.723
[2, 18860] loss: 20002.343
[2, 18880] loss: 20985.359
[2, 18900] loss: 30166.379
[2, 18920] loss: 45648.784
[2, 18940] loss: 15506.162
[2, 18960] loss: 34438.785
[2, 18980] loss: 11641.933
[2, 19000] loss: 27278.428
[2, 19020] loss: 45102.076
[2, 19040] loss: 14574.677
[2, 19060] loss: 24020.657
[2, 19080] loss: 11629.481
[2, 19100] loss: 7593.015
[2, 19120] loss: 19740.923
[2, 19140] loss: 10754.295
[2, 19160] loss: 15821.532
[2, 19180] loss: 33902.702
[2, 19200] loss: 14537.409
[2, 19220] loss: 5967.380
[2, 19240] loss: 8202.410
[2, 19260] loss: 11063.630
[2, 19280] loss: 11779.536
[2, 19300] loss: 18666.284
[2, 19320] loss: 44404.041
[2, 19340] loss: 15344.845
[2, 19360] loss: 14234.117
[2, 19380] loss: 11140.546
[2, 19400] loss: 10645.664
[2, 19420] loss: 11402.912
[2, 19440] loss: 18371.231
[2, 19460] loss: 7067.949
[2, 19480] loss: 11757.388
[2, 19500] loss: 15198.384
[2, 19520] loss: 20895.657
[2, 19540] loss: 6710.888
[2, 19560] loss: 5842.096
[2, 19580] loss: 6722.363
[2, 19600] loss: 6490.906
[2, 19620] loss: 9279.327
[2, 19640] loss: 13390.781
[2, 19660] loss: 17807.777
[2, 19680] loss: 15149.764
[2, 19700] loss: 12974.546
[2, 19720] loss: 22619.151
[2, 19740] loss: 14070.825
[2, 19760] loss: 14016.849
[2, 19780] loss: 8031.966
[2, 19800] loss: 14008.387
[2, 19820] loss: 13918.552
[2, 19840] loss: 17083.905
[2, 19860] loss: 9840.057
[2, 19880] loss: 3062.902
[2, 19900] loss: 7066.284
[2, 19920] loss: 12215.619
[2, 19940] loss: 12321.076
[2, 19960] loss: 7636.388
[2, 19980] loss: 7886.036
[2, 20000] loss: 10109.448
[2, 20020] loss: 20468.493
[2, 20040] loss: 8082.831
[2, 20060] loss: 7877.134
[2, 20080] loss: 8080.391
[2, 20100] loss: 15437.656
[2, 20120] loss: 11247.039
[2, 20140] loss: 7244.633
[2, 20160] loss: 4540.910
[2, 20180] loss: 13457.525
[2, 20200] loss: 6100.018
[2, 20220] loss: 12637.220
[2, 20240] loss: 5889.913
[2, 20260] loss: 22216.253
[2, 20280] loss: 5778.188
[2, 20300] loss: 9750.282
[2, 20320] loss: 3163.430
[2, 20340] loss: 5950.980
[2, 20360] loss: 4985.706
[2, 20380] loss: 4588.964
[2, 20400] loss: 12360.807
[2, 20420] loss: 11309.892
[2, 20440] loss: 8535.647
[2, 20460] loss: 8641.507
[2, 20480] loss: 5246.453
[2, 20500] loss: 8576.162
[2, 20520] loss: 20511.130
[2, 20540] loss: 14469.102
[2, 20560] loss: 6817.171
[2, 20580] loss: 9073.830
[2, 20600] loss: 14742.772
[2, 20620] loss: 5167.233
[2, 20640] loss: 6160.100
[2, 20660] loss: 6678.350
[2, 20680] loss: 11430.765
[2, 20700] loss: 6375.992
[2, 20720] loss: 9911.816
[2, 20740] loss: 19436.782
[2, 20760] loss: 15303.006
[2, 20780] loss: 5472.680
[2, 20800] loss: 4843.385
[2, 20820] loss: 7822.606
[2, 20840] loss: 9573.789
[2, 20860] loss: 7101.131
[2, 20880] loss: 11484.329
[2, 20900] loss: 8628.118
[2, 20920] loss: 7339.767
[2, 20940] loss: 12639.879
[2, 20960] loss: 3965.401
[2, 20980] loss: 2769.335
[2, 21000] loss: 10186.619
[2, 21020] loss: 11611.405
[2, 21040] loss: 7570.302
[2, 21060] loss: 9904.563
[2, 21080] loss: 9584.411
[2, 21100] loss: 12047.025
[2, 21120] loss: 5069.896
[2, 21140] loss: 9534.924
[2, 21160] loss: 12466.288
[2, 21180] loss: 9651.749
[2, 21200] loss: 4293.861
[2, 21220] loss: 4506.470
[2, 21240] loss: 4124.432
[2, 21260] loss: 4900.598
[2, 21280] loss: 11123.639
[2, 21300] loss: 61556.606
[2, 21320] loss: 161538.031
[2, 21340] loss: 258043.474
[2, 21360] loss: 127358.167
[2, 21380] loss: 61291.210
[2, 21400] loss: 29414.430
[2, 21420] loss: 12462.941
[2, 21440] loss: 4544.574
[2, 21460] loss: 5809.387
[2, 21480] loss: 7051.066
[2, 21500] loss: 4412.070
[2, 21520] loss: 5545.566
[2, 21540] loss: 5302.175
[2, 21560] loss: 4579.932
[2, 21580] loss: 5907.182
[2, 21600] loss: 5505.618
[2, 21620] loss: 5950.279
[2, 21640] loss: 4395.739
[2, 21660] loss: 4129.191
[2, 21680] loss: 2963.382
[2, 21700] loss: 3555.533
[2, 21720] loss: 2919.260
[2, 21740] loss: 1478.984
[2, 21760] loss: 3783.298
[2, 21780] loss: 2319.205
[2, 21800] loss: 1868.054
[2, 21820] loss: 5031.394
[2, 21840] loss: 1896.230
[2, 21860] loss: 3487.977
[2, 21880] loss: 4364.186
[2, 21900] loss: 2689.438
[2, 21920] loss: 4102.235
[2, 21940] loss: 3493.168
[2, 21960] loss: 5167.621
[2, 21980] loss: 982.453
[2, 22000] loss: 4366.122
[2, 22020] loss: 2835.435
[2, 22040] loss: 5989.644
[2, 22060] loss: 2768.620
[2, 22080] loss: 5078.733
[2, 22100] loss: 3033.992
[2, 22120] loss: 22761.543
[2, 22140] loss: 21236.051
[2, 22160] loss: 12353.844
[2, 22180] loss: 7430.844
[2, 22200] loss: 4020.643
[2, 22220] loss: 5785.949
[2, 22240] loss: 9334.058
[2, 22260] loss: 6726.915
[2, 22280] loss: 8585.847
[2, 22300] loss: 4973.811
[2, 22320] loss: 4027.502
[2, 22340] loss: 4177.698
[2, 22360] loss: 13896.789
[2, 22380] loss: 7253.452
[2, 22400] loss: 20822.193
[2, 22420] loss: 6568.049
[2, 22440] loss: 4451.106
[2, 22460] loss: 3550.703
[2, 22480] loss: 52238.853
[2, 22500] loss: 64893.759
[2, 22520] loss: 41203.070
[2, 22540] loss: 55081.815
[2, 22560] loss: 65438.422
[2, 22580] loss: 79628.878
[2, 22600] loss: 60303.237
[2, 22620] loss: 15135.750
[2, 22640] loss: 10307.921
[2, 22660] loss: 26312.009
[2, 22680] loss: 58258.242
[2, 22700] loss: 26993.836
[2, 22720] loss: 88472.182
[2, 22740] loss: 23556.636
[2, 22760] loss: 23022.199
[2, 22780] loss: 28051.362
[2, 22800] loss: 30440.018
[2, 22820] loss: 17974.887
[2, 22840] loss: 32497.980
[2, 22860] loss: 30986.776
[2, 22880] loss: 12771.563
[2, 22900] loss: 18499.395
[2, 22920] loss: 4079.831
[2, 22940] loss: 6537.571
[2, 22960] loss: 4135.826
[2, 22980] loss: 3124.522
[2, 23000] loss: 3505.976
[2, 23020] loss: 6993.594
[2, 23040] loss: 5724.502
[2, 23060] loss: 1478.081
[2, 23080] loss: 1150.107
[2, 23100] loss: 9556.551
[2, 23120] loss: 33231.761
[2, 23140] loss: 111594.705
[2, 23160] loss: 66242.979
[2, 23180] loss: 84609.169
[2, 23200] loss: 70269.272
[2, 23220] loss: 18592.405
[2, 23240] loss: 64808.952
[2, 23260] loss: 56752.123
[2, 23280] loss: 20675.706
[2, 23300] loss: 46796.766
[2, 23320] loss: 13966.693
[2, 23340] loss: 10268.168
[2, 23360] loss: 12762.574
[2, 23380] loss: 25734.958
[2, 23400] loss: 16180.507
[2, 23420] loss: 15922.661
[2, 23440] loss: 14866.704
[2, 23460] loss: 6688.629
[2, 23480] loss: 3452.356
[2, 23500] loss: 9573.185
[2, 23520] loss: 21315.821
[2, 23540] loss: 6854.754
[2, 23560] loss: 9619.587
[2, 23580] loss: 9091.869
[2, 23600] loss: 7276.214
[2, 23620] loss: 5175.216
[2, 23640] loss: 5643.283
[2, 23660] loss: 1899.046
[2, 23680] loss: 6544.268
[2, 23700] loss: 3725.018
[2, 23720] loss: 2613.573
[2, 23740] loss: 3045.655
[2, 23760] loss: 8536.727
[2, 23780] loss: 8423.126
[2, 23800] loss: 17895.766
[2, 23820] loss: 8926.490
[2, 23840] loss: 5324.672
[2, 23860] loss: 4097.321
[2, 23880] loss: 4585.911
[2, 23900] loss: 3728.198
[2, 23920] loss: 16061.784
[2, 23940] loss: 30073.378
[2, 23960] loss: 36836.493
[2, 23980] loss: 16462.952
[2, 24000] loss: 17791.790
[2, 24020] loss: 30756.504
[2, 24040] loss: 72632.345
[2, 24060] loss: 101304.798
[2, 24080] loss: 131015.825
[2, 24100] loss: 304383.463
[2, 24120] loss: 8174575.357
[2, 24140] loss: 346771454587.125
[2, 24160] loss: 2443615465808.200
[2, 24180] loss: 3493666847692.800
[2, 24200] loss: 915814154700.800
[2, 24220] loss: 2612090387251.200
[2, 24240] loss: 109718672697.600
[2, 24260] loss: 6221751489.350
[2, 24280] loss: 3771304301.814
[2, 24300] loss: 1292771164.400
[2, 24320] loss: 595303386.755
[2, 24340] loss: 482048270.898
[2, 24360] loss: 366669851.887
[2, 24380] loss: 216616494.756
[2, 24400] loss: 145397682.275
[2, 24420] loss: 156016302.150
[2, 24440] loss: 100701760.067
[2, 24460] loss: 61761392.309
[2, 24480] loss: 53432810.395
[2, 24500] loss: 123860410.638
[2, 24520] loss: 138014520.812
[2, 24540] loss: 41128027.736
[2, 24560] loss: 100572853.662
[2, 24580] loss: 128936232.581
[2, 24600] loss: 82834576.459
[2, 24620] loss: 81800723.325
[2, 24640] loss: 85601537.898
[2, 24660] loss: 82901380.662
[2, 24680] loss: 58357223.795
[2, 24700] loss: 69718956.579
[2, 24720] loss: 76218853.013
[2, 24740] loss: 30956418.896
[2, 24760] loss: 52518086.350
[2, 24780] loss: 57733279.925
[2, 24800] loss: 86384138.719
[2, 24820] loss: 47929917.390
[2, 24840] loss: 125387087.302
[2, 24860] loss: 50850439.275
[2, 24880] loss: 65654226.897
[2, 24900] loss: 33982945.114
[2, 24920] loss: 50315356.089
[2, 24940] loss: 50359493.979
[2, 24960] loss: 62725856.016
[2, 24980] loss: 49138119.146
[2, 25000] loss: 34219704.809
[2, 25020] loss: 43279703.660
[2, 25040] loss: 58335336.875
[2, 25060] loss: 17191258.292
[2, 25080] loss: 36460963.981
[2, 25100] loss: 60432941.928
[2, 25120] loss: 38835850.329
[2, 25140] loss: 39223339.610
[2, 25160] loss: 66323905.913
[2, 25180] loss: 50593996.775
[2, 25200] loss: 19551199.459
[2, 25220] loss: 34296815.667
[2, 25240] loss: 33883682.683
[2, 25260] loss: 33226579.881
[2, 25280] loss: 45003154.776
[2, 25300] loss: 41556666.413
[2, 25320] loss: 24855020.049
[2, 25340] loss: 46563716.919
[2, 25360] loss: 44280620.888
[2, 25380] loss: 35767135.525
[2, 25400] loss: 32295605.682
[2, 25420] loss: 34977521.855
[2, 25440] loss: 15560129.308
[2, 25460] loss: 36258677.777
[2, 25480] loss: 23667970.395
[2, 25500] loss: 41582435.168
[2, 25520] loss: 33992459.677
[2, 25540] loss: 37449370.496
[2, 25560] loss: 41213916.980
[2, 25580] loss: 33458655.282
[2, 25600] loss: 36524772.095
[2, 25620] loss: 29660258.781
[2, 25640] loss: 45327561.744
[2, 25660] loss: 33537290.380
[2, 25680] loss: 32280180.292
[2, 25700] loss: 24695452.804
[2, 25720] loss: 19866946.432
[2, 25740] loss: 37109890.656
[2, 25760] loss: 27417848.735
[2, 25780] loss: 36533327.094
[2, 25800] loss: 33207321.581
[2, 25820] loss: 9401187.485
[2, 25840] loss: 23754753.260
[2, 25860] loss: 22990845.100
[2, 25880] loss: 39169082.013
[2, 25900] loss: 29898340.448
[2, 25920] loss: 30995740.622
[2, 25940] loss: 24867766.308
[2, 25960] loss: 21936708.403
[2, 25980] loss: 20492668.186
[2, 26000] loss: 9229620.909
[2, 26020] loss: 25648575.188
[2, 26040] loss: 13933400.292
[2, 26060] loss: 18258073.084
[2, 26080] loss: 13263627.897
[2, 26100] loss: 33461238.779
[2, 26120] loss: 16569329.430
[2, 26140] loss: 33774495.341
[2, 26160] loss: 28766854.238
[2, 26180] loss: 23538889.457
[2, 26200] loss: 9233696.465
[2, 26220] loss: 20682274.723
[2, 26240] loss: 24021726.191
[2, 26260] loss: 10981710.451
[2, 26280] loss: 14914868.796
[2, 26300] loss: 20477814.548
[2, 26320] loss: 30195901.771
[2, 26340] loss: 15445529.622
[2, 26360] loss: 17659853.287
[2, 26380] loss: 13141201.452
[2, 26400] loss: 21782444.362
[2, 26420] loss: 26810552.480
[2, 26440] loss: 12063420.931
[2, 26460] loss: 12056499.976
[2, 26480] loss: 16714575.016
[2, 26500] loss: 17354523.726
[2, 26520] loss: 5387567.570
[2, 26540] loss: 13237592.213
[2, 26560] loss: 13904367.066
[2, 26580] loss: 10841316.056
[2, 26600] loss: 11240117.076
[2, 26620] loss: 12236641.305
[2, 26640] loss: 15852819.505
[2, 26660] loss: 20599754.729
[2, 26680] loss: 20540315.777
[2, 26700] loss: 18486669.480
[2, 26720] loss: 27183913.409
[2, 26740] loss: 17491210.117
[2, 26760] loss: 14853153.588
[2, 26780] loss: 11486997.815
[2, 26800] loss: 11232917.928
[2, 26820] loss: 15869850.244
[2, 26840] loss: 9456763.730
[2, 26860] loss: 10945906.620
[2, 26880] loss: 20355889.348
[2, 26900] loss: 13293117.852
[2, 26920] loss: 7756018.463
[2, 26940] loss: 16019872.957
[2, 26960] loss: 9471607.256
[2, 26980] loss: 11515079.692
[2, 27000] loss: 16120063.710
[2, 27020] loss: 11681933.149
[2, 27040] loss: 9086621.986
[2, 27060] loss: 6995966.605
[2, 27080] loss: 9628714.870
[2, 27100] loss: 11947238.630
[2, 27120] loss: 8140297.009
[2, 27140] loss: 6683066.670
[2, 27160] loss: 20851971.394
[2, 27180] loss: 12856801.865
[2, 27200] loss: 5792019.849
[2, 27220] loss: 9025576.039
[2, 27240] loss: 18824581.069
[2, 27260] loss: 11488728.506
[2, 27280] loss: 12630123.190
[2, 27300] loss: 8548751.907
[2, 27320] loss: 13921568.850
[2, 27340] loss: 10937737.852
[2, 27360] loss: 7045404.549
[2, 27380] loss: 11476130.110
[2, 27400] loss: 6921324.892
[2, 27420] loss: 9987801.478
[2, 27440] loss: 16081657.552
[2, 27460] loss: 6633763.339
[2, 27480] loss: 14341706.627
[2, 27500] loss: 10690647.086
[2, 27520] loss: 5155348.591
[2, 27540] loss: 8219411.538
[2, 27560] loss: 11525930.954
[2, 27580] loss: 6726603.832
[2, 27600] loss: 4932527.180
[2, 27620] loss: 12192786.130
[2, 27640] loss: 10031046.658
[2, 27660] loss: 3796710.472
[2, 27680] loss: 7029695.203
[2, 27700] loss: 11186859.403
[2, 27720] loss: 4762358.751
[2, 27740] loss: 10103682.350
[2, 27760] loss: 9779864.142
[2, 27780] loss: 13522628.300
[2, 27800] loss: 7630407.157
[2, 27820] loss: 8487133.501
[2, 27840] loss: 6933183.630
[2, 27860] loss: 8192547.510
[2, 27880] loss: 7471548.990
[2, 27900] loss: 8572802.720
[2, 27920] loss: 6407810.293
[2, 27940] loss: 11717242.466
[2, 27960] loss: 8336713.599
[2, 27980] loss: 8695392.640
[2, 28000] loss: 6462692.617
[2, 28020] loss: 13566251.421
[2, 28040] loss: 4376385.541
[2, 28060] loss: 13465457.004
[2, 28080] loss: 6864018.459
[2, 28100] loss: 6168509.160
[2, 28120] loss: 9632287.288
[2, 28140] loss: 7558351.759
[2, 28160] loss: 3667868.947
[2, 28180] loss: 8423815.526
[2, 28200] loss: 15821098.308
[2, 28220] loss: 5374026.166
[2, 28240] loss: 9313622.855
[2, 28260] loss: 5835745.396
[2, 28280] loss: 7235249.749
[2, 28300] loss: 6732301.301
[2, 28320] loss: 8241896.373
[2, 28340] loss: 9994976.509
[2, 28360] loss: 7326771.423
[2, 28380] loss: 4188831.959
[2, 28400] loss: 13720977.297
[2, 28420] loss: 8105610.217
[2, 28440] loss: 4927174.063
[2, 28460] loss: 4925907.729
[2, 28480] loss: 2246687.642
[2, 28500] loss: 6012476.517
[2, 28520] loss: 5590872.328
[2, 28540] loss: 5939877.296
[2, 28560] loss: 6159839.284
[2, 28580] loss: 3866948.917
[2, 28600] loss: 10390112.731
[2, 28620] loss: 6724552.869
[2, 28640] loss: 8598511.265
[2, 28660] loss: 9233766.729
[2, 28680] loss: 11469244.034
[2, 28700] loss: 7835846.856
[2, 28720] loss: 3739865.514
[2, 28740] loss: 4563088.133
[2, 28760] loss: 5672621.227
[2, 28780] loss: 4350150.793
[2, 28800] loss: 11329275.571
[2, 28820] loss: 4447574.104
[2, 28840] loss: 5338345.412
[2, 28860] loss: 3925704.039
[2, 28880] loss: 4919995.838
[2, 28900] loss: 4149377.993
[2, 28920] loss: 5779448.966
[2, 28940] loss: 4423963.852
[2, 28960] loss: 4121170.009
[2, 28980] loss: 4590719.840
[2, 29000] loss: 6852903.650
[2, 29020] loss: 5313715.372
[2, 29040] loss: 4964033.300
[2, 29060] loss: 3599466.972
[2, 29080] loss: 8646287.727
[2, 29100] loss: 4565352.223
[2, 29120] loss: 4657086.914
[2, 29140] loss: 5161505.653
[2, 29160] loss: 2968766.091
[2, 29180] loss: 4476844.693
[2, 29200] loss: 3412529.249
[2, 29220] loss: 4813174.878
[2, 29240] loss: 6288710.812
[2, 29260] loss: 4003034.801
[2, 29280] loss: 6874448.174
[2, 29300] loss: 5117184.920
[2, 29320] loss: 3835728.244
[2, 29340] loss: 5564752.347
[2, 29360] loss: 4923010.275
[2, 29380] loss: 6682058.935
[2, 29400] loss: 3374787.786
[2, 29420] loss: 7152955.126
[2, 29440] loss: 4909362.884
[2, 29460] loss: 3513144.558
[2, 29480] loss: 5409317.174
[2, 29500] loss: 2131731.025
[2, 29520] loss: 8004053.128
[2, 29540] loss: 3183984.033
[2, 29560] loss: 3743327.102
[2, 29580] loss: 3391041.194
[2, 29600] loss: 4310391.217
[2, 29620] loss: 6616478.066
[2, 29640] loss: 2168022.412
[2, 29660] loss: 3025852.264
[2, 29680] loss: 5069051.086
[2, 29700] loss: 5793254.294
[2, 29720] loss: 3854343.271
[2, 29740] loss: 4352575.020
[2, 29760] loss: 2924615.946
[2, 29780] loss: 3477667.907
[2, 29800] loss: 3915118.891
[2, 29820] loss: 2426626.301
[2, 29840] loss: 5449621.185
[2, 29860] loss: 2996091.398
[2, 29880] loss: 3536102.103
[2, 29900] loss: 2582471.097
[2, 29920] loss: 1751259.104
[2, 29940] loss: 3214363.858
[2, 29960] loss: 3138038.182
[2, 29980] loss: 2236312.192
[2, 30000] loss: 2057666.888
[2, 30020] loss: 2529029.841
[2, 30040] loss: 1608234.120
[2, 30060] loss: 2884617.434
[2, 30080] loss: 2976774.305
[2, 30100] loss: 1465411.199
[2, 30120] loss: 4444995.308
[2, 30140] loss: 2370006.115
[2, 30160] loss: 4186506.982
[2, 30180] loss: 5495829.168
[2, 30200] loss: 5345680.244
[2, 30220] loss: 2497927.314
[2, 30240] loss: 2786790.530
[2, 30260] loss: 2744971.836
[2, 30280] loss: 4783642.237
[2, 30300] loss: 4594995.302
[2, 30320] loss: 2479397.923
[2, 30340] loss: 3275414.286
[2, 30360] loss: 3569923.338
[2, 30380] loss: 3025151.798
[2, 30400] loss: 2678643.730
[2, 30420] loss: 3165378.518
[1,    20] loss: 7610630.714
[1,    40] loss: 7224115.137
[1,    60] loss: 8838316.302
[1,    80] loss: 7873656.004
[1,   100] loss: 6641489.426
[1,   120] loss: 6389738.976
[1,   140] loss: 6085652.224
[1,   160] loss: 7795588.202
[1,   180] loss: 8085334.403
[1,   200] loss: 7410452.287
[1,   220] loss: 7515362.847
[1,   240] loss: 8266537.373
[1,   260] loss: 9151866.491
[1,   280] loss: 8511587.553
[1,   300] loss: 7948755.746
[1,   320] loss: 7477472.390
[1,   340] loss: 7042938.317
[1,   360] loss: 6655860.786
[1,   380] loss: 6327114.316
[1,   400] loss: 6068593.160
[1,   420] loss: 5810153.431
[1,   440] loss: 5564157.161
[1,   460] loss: 5335043.918
[1,   480] loss: 5131315.486
[1,   500] loss: 4932818.492
[1,   520] loss: 4767509.086
[1,   540] loss: 4601015.919
[1,   560] loss: 4467990.215
[1,   580] loss: 4473353.147
[1,   600] loss: 4528732.415
[1,   620] loss: 4519876.784
[1,   640] loss: 4418753.160
[1,   660] loss: 4296325.745
[1,   680] loss: 4207472.013
[1,   700] loss: 4125307.725
[1,   720] loss: 4015608.163
[1,   740] loss: 3914245.005
[1,   760] loss: 3818200.706
[1,   780] loss: 3720297.322
[1,   800] loss: 3629272.710
[1,   820] loss: 3578711.482
[1,   840] loss: 3500453.109
[1,   860] loss: 3435351.422
[1,   880] loss: 3436951.931
[1,   900] loss: 3386178.516
[1,   920] loss: 3322585.366
[1,   940] loss: 3273326.908
[1,   960] loss: 3228066.986
[1,   980] loss: 3179017.241
[1,  1000] loss: 3121034.722
[1,  1020] loss: 3061688.698
[1,  1040] loss: 3012009.917
[1,  1060] loss: 2996923.726
[1,  1080] loss: 2963971.771
[1,  1100] loss: 2913141.177
[1,  1120] loss: 2861562.731
[1,  1140] loss: 2814479.655
[1,  1160] loss: 2777078.376
[1,  1180] loss: 2743992.824
[1,  1200] loss: 2702026.966
[1,  1220] loss: 2659694.286
[1,  1240] loss: 2620769.337
[1,  1260] loss: 2583320.956
[1,  1280] loss: 2546512.776
[1,  1300] loss: 2510183.888
[1,  1320] loss: 2487051.682
[1,  1340] loss: 2450915.838
[1,  1360] loss: 2415936.700
[1,  1380] loss: 2382058.531
[1,  1400] loss: 2348884.666
[1,  1420] loss: 2315820.929
[1,  1440] loss: 2283696.727
[1,  1460] loss: 2252418.949
[1,  1480] loss: 2222080.746
[1,  1500] loss: 2193969.399
[1,  1520] loss: 2171189.727
[1,  1540] loss: 2151965.001
[1,  1560] loss: 2132186.437
[1,  1580] loss: 2108220.743
[1,  1600] loss: 2083576.592
[1,  1620] loss: 2060045.584
[1,  1640] loss: 2041718.097
[1,  1660] loss: 2021619.148
[1,  1680] loss: 2020816.053
[1,  1700] loss: 2025961.494
[1,  1720] loss: 2021883.334
[1,  1740] loss: 2032853.607
[1,  1760] loss: 2027509.638
[1,  1780] loss: 2010184.673
[1,  1800] loss: 1988308.684
[1,  1820] loss: 1968057.169
[1,  1840] loss: 1948657.412
[1,  1860] loss: 1938619.541
[1,  1880] loss: 1938887.071
[1,  1900] loss: 1929319.751
[1,  1920] loss: 1921974.999
[1,  1940] loss: 1913380.399
[1,  1960] loss: 1919967.343
[1,  1980] loss: 1941411.825
[1,  2000] loss: 1947106.922
[1,  2020] loss: 1929102.103
[1,  2040] loss: 1923302.318
[1,  2060] loss: 1928669.383
[1,  2080] loss: 1931461.817
[1,  2100] loss: 1934916.107
[1,  2120] loss: 1946793.747
[1,  2140] loss: 1946006.364
[1,  2160] loss: 1961761.043
[1,  2180] loss: 1956776.693
[1,  2200] loss: 1943652.220
[1,  2220] loss: 1930474.472
[1,  2240] loss: 1914226.626
[1,  2260] loss: 1899709.305
[1,  2280] loss: 1888755.586
[1,  2300] loss: 1911828.982
[1,  2320] loss: 1905258.875
[1,  2340] loss: 1896597.458
[1,  2360] loss: 1951080.972
[1,  2380] loss: 1957719.400
[1,  2400] loss: 1978899.702
[1,  2420] loss: 2014635.843
[1,  2440] loss: 2033001.384
[1,  2460] loss: 2026279.362
[1,  2480] loss: 2020524.332
[1,  2500] loss: 2039200.792
[1,  2520] loss: 2080334.362
[1,  2540] loss: 2121744.306
[1,  2560] loss: 2131337.021
[1,  2580] loss: 2129357.423
[1,  2600] loss: 2117089.505
[1,  2620] loss: 2102989.464
[1,  2640] loss: 2087829.938
[1,  2660] loss: 2074679.688
[1,  2680] loss: 2066872.060
[1,  2700] loss: 2073183.177
[1,  2720] loss: 2100659.050
[1,  2740] loss: 2117934.627
[1,  2760] loss: 2127368.123
[1,  2780] loss: 2162398.994
[1,  2800] loss: 2224416.547
[1,  2820] loss: 2212578.643
[1,  2840] loss: 2201988.631
[1,  2860] loss: 2207897.190
[1,  2880] loss: 2194476.964
[1,  2900] loss: 2181031.960
[1,  2920] loss: 2170393.565
[1,  2940] loss: 2182013.487
[1,  2960] loss: 2205302.114
[1,  2980] loss: 2197525.168
[1,  3000] loss: 2215215.835
[1,  3020] loss: 2211440.467
[1,  3040] loss: 2198443.737
[1,  3060] loss: 2188667.557
[1,  3080] loss: 2181288.724
[1,  3100] loss: 2172596.046
[1,  3120] loss: 2173923.261
[1,  3140] loss: 2172062.631
[1,  3160] loss: 2190340.559
[1,  3180] loss: 2210673.667
[1,  3200] loss: 2224626.935
[1,  3220] loss: 2237714.474
[1,  3240] loss: 2254421.835
[1,  3260] loss: 2257234.376
[1,  3280] loss: 2244207.073
[1,  3300] loss: 2271623.309
[1,  3320] loss: 2345240.595
[1,  3340] loss: 2407087.348
[1,  3360] loss: 2431623.293
[2,    20] loss: 7610630.714
[2,    40] loss: 7224115.137
[2,    60] loss: 8838316.302
[2,    80] loss: 7873656.004
[2,   100] loss: 6641489.426
[2,   120] loss: 6389738.976
[2,   140] loss: 6085652.224
[2,   160] loss: 7795588.202
[2,   180] loss: 8085334.403
[2,   200] loss: 7410452.287
[2,   220] loss: 7515362.847
[2,   240] loss: 8266537.373
[2,   260] loss: 9151866.491
[2,   280] loss: 8511587.553
[2,   300] loss: 7948755.746
[2,   320] loss: 7477472.390
[2,   340] loss: 7042938.317
[2,   360] loss: 6655860.786
[2,   380] loss: 6327114.316
[2,   400] loss: 6068593.160
[2,   420] loss: 5810153.431
[2,   440] loss: 5564157.161
[2,   460] loss: 5335043.918
[2,   480] loss: 5131315.486
[2,   500] loss: 4932818.492
[2,   520] loss: 4767509.086
[2,   540] loss: 4601015.919
[2,   560] loss: 4467990.215
[2,   580] loss: 4473353.147
[2,   600] loss: 4528732.415
[2,   620] loss: 4519876.784
[2,   640] loss: 4418753.160
[2,   660] loss: 4296325.745
[2,   680] loss: 4207472.013
[2,   700] loss: 4125307.725
[2,   720] loss: 4015608.163
[2,   740] loss: 3914245.005
[2,   760] loss: 3818200.706
[2,   780] loss: 3720297.322
[2,   800] loss: 3629272.710
[2,   820] loss: 3578711.482
[2,   840] loss: 3500453.109
[2,   860] loss: 3435351.422
[2,   880] loss: 3436951.931
[2,   900] loss: 3386178.516
[2,   920] loss: 3322585.366
[2,   940] loss: 3273326.908
[2,   960] loss: 3228066.986
[2,   980] loss: 3179017.241
[2,  1000] loss: 3121034.722
[2,  1020] loss: 3061688.698
[2,  1040] loss: 3012009.917
[2,  1060] loss: 2996923.726
[2,  1080] loss: 2963971.771
[2,  1100] loss: 2913141.177
[2,  1120] loss: 2861562.731
[2,  1140] loss: 2814479.655
[2,  1160] loss: 2777078.376
[2,  1180] loss: 2743992.824
[2,  1200] loss: 2702026.966
[2,  1220] loss: 2659694.286
[2,  1240] loss: 2620769.337
[2,  1260] loss: 2583320.956
[2,  1280] loss: 2546512.776
[2,  1300] loss: 2510183.888
[2,  1320] loss: 2487051.682
[2,  1340] loss: 2450915.838
[2,  1360] loss: 2415936.700
[2,  1380] loss: 2382058.531
[2,  1400] loss: 2348884.666
[2,  1420] loss: 2315820.929
[2,  1440] loss: 2283696.727
[2,  1460] loss: 2252418.949
[2,  1480] loss: 2222080.746
[2,  1500] loss: 2193969.399
[2,  1520] loss: 2171189.727
[2,  1540] loss: 2151965.001
[2,  1560] loss: 2132186.437
[2,  1580] loss: 2108220.743
[2,  1600] loss: 2083576.592
[2,  1620] loss: 2060045.584
[2,  1640] loss: 2041718.097
[2,  1660] loss: 2021619.148
[2,  1680] loss: 2020816.053
[2,  1700] loss: 2025961.494
[2,  1720] loss: 2021883.334
[2,  1740] loss: 2032853.607
[2,  1760] loss: 2027509.638
[2,  1780] loss: 2010184.673
[2,  1800] loss: 1988308.684
[2,  1820] loss: 1968057.169
[2,  1840] loss: 1948657.412
[2,  1860] loss: 1938619.541
[2,  1880] loss: 1938887.071
[2,  1900] loss: 1929319.751
[2,  1920] loss: 1921974.999
[2,  1940] loss: 1913380.399
[2,  1960] loss: 1919967.343
[2,  1980] loss: 1941411.825
[2,  2000] loss: 1947106.922
[2,  2020] loss: 1929102.103
[2,  2040] loss: 1923302.318
[2,  2060] loss: 1928669.383
[2,  2080] loss: 1931461.817
[2,  2100] loss: 1934916.107
[2,  2120] loss: 1946793.747
[2,  2140] loss: 1946006.364
[2,  2160] loss: 1961761.043
[2,  2180] loss: 1956776.693
[2,  2200] loss: 1943652.220
[2,  2220] loss: 1930474.472
[2,  2240] loss: 1914226.626
[2,  2260] loss: 1899709.305
[2,  2280] loss: 1888755.586
[2,  2300] loss: 1911828.982
[2,  2320] loss: 1905258.875
[2,  2340] loss: 1896597.458
[2,  2360] loss: 1951080.972
[2,  2380] loss: 1957719.400
[2,  2400] loss: 1978899.702
[2,  2420] loss: 2014635.843
[2,  2440] loss: 2033001.384
[2,  2460] loss: 2026279.362
[2,  2480] loss: 2020524.332
[2,  2500] loss: 2039200.792
[2,  2520] loss: 2080334.362
[2,  2540] loss: 2121744.306
[2,  2560] loss: 2131337.021
[2,  2580] loss: 2129357.423
[2,  2600] loss: 2117089.505
[2,  2620] loss: 2102989.464
[2,  2640] loss: 2087829.938
[2,  2660] loss: 2074679.688
[2,  2680] loss: 2066872.060
[2,  2700] loss: 2073183.177
[2,  2720] loss: 2100659.050
[2,  2740] loss: 2117934.627
[2,  2760] loss: 2127368.123
[2,  2780] loss: 2162398.994
[2,  2800] loss: 2224416.547
[2,  2820] loss: 2212578.643
[2,  2840] loss: 2201988.631
[2,  2860] loss: 2207897.190
[2,  2880] loss: 2194476.964
[2,  2900] loss: 2181031.960
[2,  2920] loss: 2170393.565
[2,  2940] loss: 2182013.487
[2,  2960] loss: 2205302.114
[2,  2980] loss: 2197525.168
[2,  3000] loss: 2215215.835
[2,  3020] loss: 2211440.467
[2,  3040] loss: 2198443.737
[2,  3060] loss: 2188667.557
[2,  3080] loss: 2181288.724
[2,  3100] loss: 2172596.046
[2,  3120] loss: 2173923.261
[2,  3140] loss: 2172062.631
[2,  3160] loss: 2190340.559
[2,  3180] loss: 2210673.667
[2,  3200] loss: 2224626.935
[2,  3220] loss: 2237714.474
[2,  3240] loss: 2254421.835
[2,  3260] loss: 2257234.376
[2,  3280] loss: 2244207.073
[2,  3300] loss: 2271623.309
[2,  3320] loss: 2345240.595
[2,  3340] loss: 2407087.348
[2,  3360] loss: 2431623.293
