cuda:  5
color_space: YCbCr
batch_size: 1
num_epcochs: 2
learning_rate: 0.002
[1,    20] loss: 0.534
[1,    40] loss: 17.683
[1,    60] loss: 10.842
[1,    80] loss: 0.804
[1,   100] loss: 0.086
[1,   120] loss: 0.076
[1,   140] loss: 0.080
[1,   160] loss: 0.128
[1,   180] loss: 0.126
[1,   200] loss: 0.029
[1,   220] loss: 0.032
[1,   240] loss: 0.088
[1,   260] loss: 0.069
[1,   280] loss: 0.052
[1,   300] loss: 0.074
[1,   320] loss: 0.052
[1,   340] loss: 0.030
[1,   360] loss: 0.043
[1,   380] loss: 0.050
[1,   400] loss: 0.026
[1,   420] loss: 0.072
[1,   440] loss: 0.055
[1,   460] loss: 0.094
[1,   480] loss: 0.104
[1,   500] loss: 0.037
[1,   520] loss: 0.035
[1,   540] loss: 0.127
[1,   560] loss: 0.007
[1,   580] loss: 0.025
[1,   600] loss: 0.082
[1,   620] loss: 0.104
[1,   640] loss: 0.221
[1,   660] loss: 0.027
[1,   680] loss: 0.026
[1,   700] loss: 0.048
[1,   720] loss: 0.188
[1,   740] loss: 0.063
[1,   760] loss: 0.061
[1,   780] loss: 0.081
[1,   800] loss: 0.056
[1,   820] loss: 0.185
[1,   840] loss: 0.056
[1,   860] loss: 0.024
[1,   880] loss: 0.016
[1,   900] loss: 0.061
[1,   920] loss: 0.079
[1,   940] loss: 0.068
[1,   960] loss: 0.103
[1,   980] loss: 0.075
[1,  1000] loss: 0.072
[1,  1020] loss: 0.073
[1,  1040] loss: 0.051
[1,  1060] loss: 0.034
[1,  1080] loss: 0.040
[1,  1100] loss: 0.052
[1,  1120] loss: 0.046
[1,  1140] loss: 0.034
[1,  1160] loss: 0.054
[1,  1180] loss: 0.058
[1,  1200] loss: 0.033
[1,  1220] loss: 0.067
[1,  1240] loss: 0.053
[1,  1260] loss: 0.027
[1,  1280] loss: 0.034
[1,  1300] loss: 0.008
[1,  1320] loss: 0.021
[1,  1340] loss: 0.246
[1,  1360] loss: 0.104
[1,  1380] loss: 0.143
[1,  1400] loss: 0.045
[1,  1420] loss: 0.151
[1,  1440] loss: 0.081
[1,  1460] loss: 0.059
[1,  1480] loss: 0.098
[1,  1500] loss: 0.033
[1,  1520] loss: 0.024
[1,  1540] loss: 0.032
[1,  1560] loss: 0.144
[1,  1580] loss: 0.024
[1,  1600] loss: 0.090
[1,  1620] loss: 0.034
[1,  1640] loss: 0.121
[1,  1660] loss: 0.051
[1,  1680] loss: 0.018
[1,  1700] loss: 0.090
[1,  1720] loss: 0.127
[1,  1740] loss: 0.034
[1,  1760] loss: 0.028
[1,  1780] loss: 0.083
[1,  1800] loss: 0.077
[1,  1820] loss: 0.179
[1,  1840] loss: 0.026
[1,  1860] loss: 0.028
[1,  1880] loss: 0.033
[1,  1900] loss: 0.051
[1,  1920] loss: 0.033
[1,  1940] loss: 0.174
[1,  1960] loss: 0.066
[1,  1980] loss: 0.058
[1,  2000] loss: 0.104
[1,  2020] loss: 0.105
[1,  2040] loss: 0.091
[1,  2060] loss: 0.042
[1,  2080] loss: 0.060
[1,  2100] loss: 0.046
[1,  2120] loss: 0.061
[1,  2140] loss: 0.024
[1,  2160] loss: 0.036
[1,  2180] loss: 0.029
[1,  2200] loss: 0.019
[1,  2220] loss: 0.017
[1,  2240] loss: 0.055
[1,  2260] loss: 0.184
[1,  2280] loss: 0.036
[1,  2300] loss: 0.012
[1,  2320] loss: 0.083
[1,  2340] loss: 0.017
[1,  2360] loss: 0.055
[1,  2380] loss: 0.052
[1,  2400] loss: 0.037
[1,  2420] loss: 0.031
[1,  2440] loss: 0.083
[1,  2460] loss: 0.029
[1,  2480] loss: 0.047
[1,  2500] loss: 0.027
[1,  2520] loss: 0.012
[1,  2540] loss: 0.109
[1,  2560] loss: 0.070
[1,  2580] loss: 0.093
[1,  2600] loss: 0.091
[1,  2620] loss: 0.093
[1,  2640] loss: 0.109
[1,  2660] loss: 0.023
[1,  2680] loss: 0.073
[1,  2700] loss: 0.071
[1,  2720] loss: 0.066
[1,  2740] loss: 0.018
[1,  2760] loss: 0.038
[1,  2780] loss: 0.123
[1,  2800] loss: 0.121
[1,  2820] loss: 0.190
[1,  2840] loss: 0.192
[1,  2860] loss: 0.060
[1,  2880] loss: 0.391
[1,  2900] loss: 0.063
[1,  2920] loss: 0.015
[1,  2940] loss: 0.023
[1,  2960] loss: 0.022
[1,  2980] loss: 0.019
[1,  3000] loss: 0.039
[1,  3020] loss: 0.031
[1,  3040] loss: 0.064
[1,  3060] loss: 0.030
[1,  3080] loss: 0.033
[1,  3100] loss: 0.222
[1,  3120] loss: 0.036
[1,  3140] loss: 0.107
[1,  3160] loss: 0.123
[1,  3180] loss: 0.045
[1,  3200] loss: 0.032
[1,  3220] loss: 0.070
[1,  3240] loss: 0.046
[1,  3260] loss: 0.100
[1,  3280] loss: 0.073
[1,  3300] loss: 0.021
[1,  3320] loss: 0.003
[1,  3340] loss: 0.043
[1,  3360] loss: 0.081
[1,  3380] loss: 0.037
[1,  3400] loss: 0.056
[1,  3420] loss: 0.090
[1,  3440] loss: 0.078
[1,  3460] loss: 0.104
[1,  3480] loss: 0.024
[1,  3500] loss: 0.036
[1,  3520] loss: 0.029
[1,  3540] loss: 0.041
[1,  3560] loss: 0.019
[1,  3580] loss: 0.058
[1,  3600] loss: 0.015
[1,  3620] loss: 0.031
[1,  3640] loss: 0.029
[1,  3660] loss: 0.242
[1,  3680] loss: 0.070
[1,  3700] loss: 0.147
[1,  3720] loss: 0.057
[1,  3740] loss: 0.043
[1,  3760] loss: 0.047
[1,  3780] loss: 0.044
[1,  3800] loss: 0.050
[1,  3820] loss: 0.059
[1,  3840] loss: 0.270
[1,  3860] loss: 0.046
[1,  3880] loss: 0.067
[1,  3900] loss: 0.064
[1,  3920] loss: 0.024
[1,  3940] loss: 0.099
[1,  3960] loss: 0.031
[1,  3980] loss: 0.149
[1,  4000] loss: 0.009
[1,  4020] loss: 0.028
[1,  4040] loss: 0.088
[1,  4060] loss: 0.024
[1,  4080] loss: 0.050
[1,  4100] loss: 0.128
[1,  4120] loss: 0.099
[1,  4140] loss: 0.030
[1,  4160] loss: 0.030
[1,  4180] loss: 0.150
[1,  4200] loss: 0.017
[1,  4220] loss: 0.079
[1,  4240] loss: 0.104
[1,  4260] loss: 0.188
[1,  4280] loss: 0.022
[1,  4300] loss: 0.042
[1,  4320] loss: 0.093
[1,  4340] loss: 0.024
[1,  4360] loss: 0.055
[1,  4380] loss: 0.231
[1,  4400] loss: 0.033
[1,  4420] loss: 0.053
[1,  4440] loss: 0.023
[1,  4460] loss: 0.031
[1,  4480] loss: 0.082
[1,  4500] loss: 0.063
[1,  4520] loss: 0.057
[1,  4540] loss: 0.060
[1,  4560] loss: 0.078
[1,  4580] loss: 0.130
[1,  4600] loss: 0.215
[1,  4620] loss: 0.045
[1,  4640] loss: 0.040
[1,  4660] loss: 0.191
[1,  4680] loss: 0.076
[1,  4700] loss: 0.124
[1,  4720] loss: 0.048
[1,  4740] loss: 0.084
[1,  4760] loss: 0.031
[1,  4780] loss: 0.135
[1,  4800] loss: 0.030
[1,  4820] loss: 0.065
[1,  4840] loss: 0.068
[1,  4860] loss: 0.060
[1,  4880] loss: 0.079
[1,  4900] loss: 0.055
[1,  4920] loss: 0.068
[1,  4940] loss: 0.037
[1,  4960] loss: 0.045
[1,  4980] loss: 0.018
[1,  5000] loss: 0.300
[1,  5020] loss: 0.152
[1,  5040] loss: 0.065
[1,  5060] loss: 0.082
[1,  5080] loss: 0.040
[1,  5100] loss: 0.109
[1,  5120] loss: 0.066
[1,  5140] loss: 0.280
[1,  5160] loss: 0.112
[1,  5180] loss: 0.103
[1,  5200] loss: 0.035
[1,  5220] loss: 0.061
[1,  5240] loss: 0.042
[1,  5260] loss: 0.041
[1,  5280] loss: 0.042
[1,  5300] loss: 0.192
[1,  5320] loss: 0.085
[1,  5340] loss: 0.136
[1,  5360] loss: 0.029
[1,  5380] loss: 0.068
[1,  5400] loss: 0.069
[1,  5420] loss: 0.027
[1,  5440] loss: 0.028
[1,  5460] loss: 0.034
[1,  5480] loss: 0.087
[1,  5500] loss: 0.087
[1,  5520] loss: 0.051
[1,  5540] loss: 0.095
[1,  5560] loss: 0.041
[1,  5580] loss: 0.178
[1,  5600] loss: 0.017
[1,  5620] loss: 0.026
[1,  5640] loss: 0.069
[1,  5660] loss: 0.072
[1,  5680] loss: 0.042
[1,  5700] loss: 0.193
[1,  5720] loss: 0.049
[1,  5740] loss: 0.097
[1,  5760] loss: 0.024
[1,  5780] loss: 0.208
[1,  5800] loss: 0.149
[1,  5820] loss: 0.032
[1,  5840] loss: 0.066
[1,  5860] loss: 0.025
[1,  5880] loss: 0.081
[1,  5900] loss: 0.046
[1,  5920] loss: 0.050
[1,  5940] loss: 0.149
[1,  5960] loss: 0.070
[1,  5980] loss: 0.053
[1,  6000] loss: 0.315
[1,  6020] loss: 0.044
[1,  6040] loss: 0.161
[1,  6060] loss: 0.048
[1,  6080] loss: 0.076
[1,  6100] loss: 0.094
[1,  6120] loss: 0.047
[1,  6140] loss: 0.126
[1,  6160] loss: 0.173
[1,  6180] loss: 0.032
[1,  6200] loss: 0.202
[1,  6220] loss: 0.126
[1,  6240] loss: 0.024
[1,  6260] loss: 0.034
[1,  6280] loss: 0.087
[1,  6300] loss: 0.127
[1,  6320] loss: 0.062
[1,  6340] loss: 0.013
[1,  6360] loss: 0.041
[1,  6380] loss: 0.205
[1,  6400] loss: 0.011
[1,  6420] loss: 0.088
[1,  6440] loss: 0.042
[1,  6460] loss: 0.044
[1,  6480] loss: 0.189
[1,  6500] loss: 0.059
[1,  6520] loss: 0.019
[1,  6540] loss: 0.179
[1,  6560] loss: 0.215
[1,  6580] loss: 0.108
[1,  6600] loss: 0.054
[1,  6620] loss: 0.054
[1,  6640] loss: 0.035
[1,  6660] loss: 0.080
[1,  6680] loss: 0.057
[1,  6700] loss: 0.048
[1,  6720] loss: 0.150
[1,  6740] loss: 0.025
[1,  6760] loss: 0.044
[1,  6780] loss: 0.014
[1,  6800] loss: 0.049
[1,  6820] loss: 0.044
[1,  6840] loss: 0.116
[1,  6860] loss: 0.006
[1,  6880] loss: 0.030
[1,  6900] loss: 0.035
[1,  6920] loss: 0.038
[1,  6940] loss: 0.101
[1,  6960] loss: 0.012
[1,  6980] loss: 0.043
[1,  7000] loss: 0.102
[1,  7020] loss: 0.153
[1,  7040] loss: 0.053
[1,  7060] loss: 0.187
[1,  7080] loss: 0.118
[1,  7100] loss: 0.185
[1,  7120] loss: 0.028
[1,  7140] loss: 0.007
[1,  7160] loss: 0.049
[1,  7180] loss: 0.057
[1,  7200] loss: 0.040
[1,  7220] loss: 0.085
[1,  7240] loss: 0.155
[1,  7260] loss: 54096.166
[1,  7280] loss: 220470078.806
[1,  7300] loss: 2480283589.293
[1,  7320] loss: 15942904056.300
[1,  7340] loss: 1653568505.650
[1,  7360] loss: 3484246366.300
[1,  7380] loss: 315304069.503
[1,  7400] loss: 18266285.255
[1,  7420] loss: 2576159.863
[1,  7440] loss: 1995469.873
[1,  7460] loss: 990927.872
[1,  7480] loss: 705016.645
[1,  7500] loss: 1316359.115
[1,  7520] loss: 1606504.143
[1,  7540] loss: 1188346.797
[1,  7560] loss: 917837.092
[1,  7580] loss: 1295290.078
[1,  7600] loss: 719390.031
[1,  7620] loss: 1030565.673
[1,  7640] loss: 1158136.272
[1,  7660] loss: 626976.872
[1,  7680] loss: 813403.968
[1,  7700] loss: 1096907.177
[1,  7720] loss: 468230.357
[1,  7740] loss: 476429.569
[1,  7760] loss: 905775.344
[1,  7780] loss: 488300.507
[1,  7800] loss: 315551.596
[1,  7820] loss: 809596.592
[1,  7840] loss: 540654.230
[1,  7860] loss: 296152.087
[1,  7880] loss: 552410.388
[1,  7900] loss: 481190.373
[1,  7920] loss: 584695.585
[1,  7940] loss: 491230.280
[1,  7960] loss: 555774.711
[1,  7980] loss: 276146.895
[1,  8000] loss: 154390.132
[1,  8020] loss: 521516.629
[1,  8040] loss: 373583.235
[1,  8060] loss: 344081.028
[1,  8080] loss: 299050.267
[1,  8100] loss: 432635.840
[1,  8120] loss: 481568.252
[1,  8140] loss: 367220.523
[1,  8160] loss: 151383.372
[1,  8180] loss: 341411.006
[1,  8200] loss: 375022.296
[1,  8220] loss: 423554.147
[1,  8240] loss: 343552.093
[1,  8260] loss: 606673.639
[1,  8280] loss: 196549.441
[1,  8300] loss: 298081.737
[1,  8320] loss: 187474.386
[1,  8340] loss: 265273.876
[1,  8360] loss: 243453.848
[1,  8380] loss: 285557.744
[1,  8400] loss: 300828.402
[1,  8420] loss: 281979.400
[1,  8440] loss: 257907.248
[1,  8460] loss: 477406.507
[1,  8480] loss: 289657.419
[1,  8500] loss: 281402.364
[1,  8520] loss: 127758.793
[1,  8540] loss: 182684.588
[1,  8560] loss: 171613.986
[1,  8580] loss: 289002.903
[1,  8600] loss: 127522.919
[1,  8620] loss: 240442.530
[1,  8640] loss: 335418.053
[1,  8660] loss: 351348.554
[1,  8680] loss: 238492.891
[1,  8700] loss: 207136.604
[1,  8720] loss: 151837.939
[1,  8740] loss: 114950.067
[1,  8760] loss: 155901.885
[1,  8780] loss: 132121.225
[1,  8800] loss: 67658.603
[1,  8820] loss: 178485.955
[1,  8840] loss: 149644.440
[1,  8860] loss: 152844.590
[1,  8880] loss: 171416.855
[1,  8900] loss: 89947.006
[1,  8920] loss: 159116.310
[1,  8940] loss: 229652.584
[1,  8960] loss: 82586.492
[1,  8980] loss: 150748.133
[1,  9000] loss: 161105.251
[1,  9020] loss: 81721.585
[1,  9040] loss: 148293.641
[1,  9060] loss: 129160.364
[1,  9080] loss: 101304.737
[1,  9100] loss: 55589.933
[1,  9120] loss: 78725.776
[1,  9140] loss: 139457.594
[1,  9160] loss: 127948.288
[1,  9180] loss: 64811.075
[1,  9200] loss: 99489.915
[1,  9220] loss: 100808.093
[1,  9240] loss: 86054.944
[1,  9260] loss: 107676.628
[1,  9280] loss: 81391.556
[1,  9300] loss: 51684.333
[1,  9320] loss: 67613.577
[1,  9340] loss: 71290.438
[1,  9360] loss: 77874.307
[1,  9380] loss: 70867.208
[1,  9400] loss: 72925.483
[1,  9420] loss: 133899.504
[1,  9440] loss: 92382.747
[1,  9460] loss: 95897.810
[1,  9480] loss: 49147.281
[1,  9500] loss: 119854.591
[1,  9520] loss: 120542.091
[1,  9540] loss: 57847.594
[1,  9560] loss: 83673.078
[1,  9580] loss: 171142.246
[1,  9600] loss: 71546.860
[1,  9620] loss: 59605.219
[1,  9640] loss: 70206.383
[1,  9660] loss: 81517.864
[1,  9680] loss: 49320.265
[1,  9700] loss: 56115.558
[1,  9720] loss: 61306.244
[1,  9740] loss: 69755.835
[1,  9760] loss: 51679.863
[1,  9780] loss: 89309.588
[1,  9800] loss: 46271.769
[1,  9820] loss: 57529.413
[1,  9840] loss: 42019.292
[1,  9860] loss: 81339.827
[1,  9880] loss: 63337.816
[1,  9900] loss: 35360.692
[1,  9920] loss: 34631.111
[1,  9940] loss: 69719.966
[1,  9960] loss: 40647.128
[1,  9980] loss: 42957.300
[1, 10000] loss: 72118.687
[1, 10020] loss: 31771.916
[1, 10040] loss: 40571.772
[1, 10060] loss: 67376.439
[1, 10080] loss: 59353.286
[1, 10100] loss: 23104.463
[1, 10120] loss: 114072.978
[1, 10140] loss: 108037.449
[1, 10160] loss: 69455.156
[1, 10180] loss: 29851.762
[1, 10200] loss: 32412.558
[1, 10220] loss: 28126.979
[1, 10240] loss: 26471.672
[1, 10260] loss: 36655.542
[1, 10280] loss: 50458.555
[1, 10300] loss: 21804.463
[1, 10320] loss: 23487.443
[1, 10340] loss: 23638.831
[1, 10360] loss: 39448.484
[1, 10380] loss: 35948.145
[1, 10400] loss: 38557.179
[1, 10420] loss: 52351.385
[1, 10440] loss: 26407.963
[1, 10460] loss: 20711.871
[1, 10480] loss: 47384.566
[1, 10500] loss: 50901.215
[1, 10520] loss: 91457.757
[1, 10540] loss: 31397.255
[1, 10560] loss: 26148.317
[1, 10580] loss: 33692.169
[1, 10600] loss: 37697.301
[1, 10620] loss: 47879.637
[1, 10640] loss: 28072.112
[1, 10660] loss: 21499.034
[1, 10680] loss: 31705.872
[1, 10700] loss: 36028.485
[1, 10720] loss: 34698.601
[1, 10740] loss: 19076.293
[1, 10760] loss: 25484.534
[1, 10780] loss: 27380.718
[1, 10800] loss: 25926.607
[1, 10820] loss: 26009.309
[1, 10840] loss: 23751.381
[1, 10860] loss: 30188.725
[1, 10880] loss: 33329.077
[1, 10900] loss: 11878.302
[1, 10920] loss: 17220.724
[1, 10940] loss: 12271.014
[1, 10960] loss: 24713.920
[1, 10980] loss: 10078.065
[1, 11000] loss: 18607.585
[1, 11020] loss: 18526.920
[1, 11040] loss: 29631.574
[1, 11060] loss: 17644.152
[1, 11080] loss: 25892.331
[1, 11100] loss: 26756.674
[1, 11120] loss: 13381.414
[1, 11140] loss: 22049.896
[1, 11160] loss: 18794.214
[1, 11180] loss: 23139.682
[1, 11200] loss: 44824.567
[1, 11220] loss: 16761.349
[1, 11240] loss: 18751.337
[1, 11260] loss: 18271.939
[1, 11280] loss: 24596.824
[1, 11300] loss: 18211.388
[1, 11320] loss: 42070.694
[1, 11340] loss: 19737.821
[1, 11360] loss: 20591.865
[1, 11380] loss: 9843.726
[1, 11400] loss: 23505.719
[1, 11420] loss: 17245.506
[1, 11440] loss: 18383.415
[1, 11460] loss: 13984.462
[1, 11480] loss: 11782.576
[1, 11500] loss: 7504.274
[1, 11520] loss: 13846.020
[1, 11540] loss: 10172.815
[1, 11560] loss: 7919.800
[1, 11580] loss: 11480.844
[1, 11600] loss: 8560.102
[1, 11620] loss: 8461.437
[1, 11640] loss: 15840.665
[1, 11660] loss: 18333.344
[1, 11680] loss: 4802.941
[1, 11700] loss: 12950.388
[1, 11720] loss: 24748.405
[1, 11740] loss: 24358.895
[1, 11760] loss: 11804.647
[1, 11780] loss: 11051.575
[1, 11800] loss: 16632.598
[1, 11820] loss: 5841.369
[1, 11840] loss: 16032.154
[1, 11860] loss: 15845.794
[1, 11880] loss: 14633.303
[1, 11900] loss: 11058.067
[1, 11920] loss: 5734.793
[1, 11940] loss: 9607.309
[1, 11960] loss: 19336.534
[1, 11980] loss: 12990.363
[1, 12000] loss: 16223.215
[1, 12020] loss: 10328.770
[1, 12040] loss: 7779.550
[1, 12060] loss: 14276.936
[1, 12080] loss: 12268.252
[1, 12100] loss: 5485.644
[1, 12120] loss: 8533.191
[1, 12140] loss: 7045.329
[1, 12160] loss: 9275.253
[1, 12180] loss: 9520.136
[1, 12200] loss: 6764.237
[1, 12220] loss: 11185.294
[1, 12240] loss: 10302.930
[1, 12260] loss: 20955.209
[1, 12280] loss: 12783.504
[1, 12300] loss: 11104.255
[1, 12320] loss: 7479.432
[1, 12340] loss: 11261.103
[1, 12360] loss: 12029.413
[1, 12380] loss: 5706.578
[1, 12400] loss: 12643.635
[1, 12420] loss: 4799.938
[1, 12440] loss: 10877.415
[1, 12460] loss: 9370.864
[1, 12480] loss: 9160.581
[1, 12500] loss: 9705.817
[1, 12520] loss: 5235.326
[1, 12540] loss: 10971.862
[1, 12560] loss: 15292.207
[1, 12580] loss: 8105.952
[1, 12600] loss: 5492.506
[1, 12620] loss: 5442.195
[1, 12640] loss: 4388.948
[1, 12660] loss: 7219.064
[1, 12680] loss: 7318.664
[1, 12700] loss: 7122.123
[1, 12720] loss: 6282.812
[1, 12740] loss: 8185.180
[1, 12760] loss: 10686.987
[1, 12780] loss: 5228.177
[1, 12800] loss: 8093.257
[1, 12820] loss: 10207.170
[1, 12840] loss: 12846.459
[1, 12860] loss: 6348.020
[1, 12880] loss: 8133.922
[1, 12900] loss: 6356.253
[1, 12920] loss: 7120.776
[1, 12940] loss: 3320.584
[1, 12960] loss: 7364.699
[1, 12980] loss: 2691.495
[1, 13000] loss: 4601.598
[1, 13020] loss: 6730.901
[1, 13040] loss: 4837.904
[1, 13060] loss: 7534.923
[1, 13080] loss: 7993.454
[1, 13100] loss: 7110.066
[1, 13120] loss: 6503.045
[1, 13140] loss: 3642.794
[1, 13160] loss: 4095.165
[1, 13180] loss: 6863.838
[1, 13200] loss: 2848.437
[1, 13220] loss: 3275.914
[1, 13240] loss: 7405.613
[1, 13260] loss: 3645.307
[1, 13280] loss: 4420.469
[1, 13300] loss: 7138.102
[1, 13320] loss: 4216.143
[1, 13340] loss: 1954.040
[1, 13360] loss: 6182.398
[1, 13380] loss: 5111.911
[1, 13400] loss: 8133.850
[1, 13420] loss: 10565.593
[1, 13440] loss: 7377.781
[1, 13460] loss: 4284.848
[1, 13480] loss: 3718.704
[1, 13500] loss: 4102.040
[1, 13520] loss: 5447.115
[1, 13540] loss: 3193.009
[1, 13560] loss: 5639.355
[1, 13580] loss: 3596.341
[1, 13600] loss: 7169.383
[1, 13620] loss: 4446.694
[1, 13640] loss: 4532.614
[1, 13660] loss: 4178.232
[1, 13680] loss: 6997.921
[1, 13700] loss: 6681.258
[1, 13720] loss: 6184.555
[1, 13740] loss: 4826.441
[1, 13760] loss: 3967.392
[1, 13780] loss: 3025.419
[1, 13800] loss: 5564.273
[1, 13820] loss: 1973.766
[1, 13840] loss: 5301.267
[1, 13860] loss: 3498.682
[1, 13880] loss: 5253.259
[1, 13900] loss: 2489.571
[1, 13920] loss: 6826.378
[1, 13940] loss: 5228.445
[1, 13960] loss: 7205.517
[1, 13980] loss: 6387.220
[1, 14000] loss: 2391.479
[1, 14020] loss: 3402.939
[1, 14040] loss: 3176.787
[1, 14060] loss: 2474.453
[1, 14080] loss: 3128.409
[1, 14100] loss: 2520.539
[1, 14120] loss: 3424.942
[1, 14140] loss: 5834.229
[1, 14160] loss: 2343.796
[1, 14180] loss: 7951.494
[1, 14200] loss: 4269.884
[1, 14220] loss: 4778.929
[1, 14240] loss: 5671.608
[1, 14260] loss: 3678.961
[1, 14280] loss: 2516.076
[1, 14300] loss: 2347.079
[1, 14320] loss: 2214.370
[1, 14340] loss: 4857.772
[1, 14360] loss: 4130.841
[1, 14380] loss: 2293.397
[1, 14400] loss: 4302.685
[1, 14420] loss: 5160.392
[1, 14440] loss: 3942.691
[1, 14460] loss: 6649.996
[1, 14480] loss: 2979.961
[1, 14500] loss: 5666.600
[1, 14520] loss: 5357.291
[1, 14540] loss: 2972.215
[1, 14560] loss: 3604.703
[1, 14580] loss: 3104.958
[1, 14600] loss: 3515.989
[1, 14620] loss: 6604.356
[1, 14640] loss: 5867.532
[1, 14660] loss: 982.591
[1, 14680] loss: 1507.194
[1, 14700] loss: 3417.282
[1, 14720] loss: 3707.231
[1, 14740] loss: 5568.947
[1, 14760] loss: 2125.445
[1, 14780] loss: 3730.995
[1, 14800] loss: 2755.796
[1, 14820] loss: 3444.519
[1, 14840] loss: 2430.052
[1, 14860] loss: 2346.091
[1, 14880] loss: 3688.131
[1, 14900] loss: 1773.323
[1, 14920] loss: 1591.174
[1, 14940] loss: 3655.480
[1, 14960] loss: 7024.835
[1, 14980] loss: 6004.953
[1, 15000] loss: 1383.382
[1, 15020] loss: 2704.272
[1, 15040] loss: 3147.969
[1, 15060] loss: 3249.878
[1, 15080] loss: 3200.356
[1, 15100] loss: 1504.841
[1, 15120] loss: 3305.211
[1, 15140] loss: 1666.947
[1, 15160] loss: 3428.523
[1, 15180] loss: 2713.384
[1, 15200] loss: 2339.181
[1, 15220] loss: 1761.734
[1, 15240] loss: 3227.349
[1, 15260] loss: 4641.196
[1, 15280] loss: 3355.735
[1, 15300] loss: 3110.687
[1, 15320] loss: 1715.025
[1, 15340] loss: 1269.925
[1, 15360] loss: 899.892
[1, 15380] loss: 2330.284
[1, 15400] loss: 3990.481
[1, 15420] loss: 2990.011
[1, 15440] loss: 3392.211
[1, 15460] loss: 2074.506
[1, 15480] loss: 1206.410
[1, 15500] loss: 1399.798
[1, 15520] loss: 1693.293
[1, 15540] loss: 2189.946
[1, 15560] loss: 2608.421
[1, 15580] loss: 1659.455
[1, 15600] loss: 2826.671
[1, 15620] loss: 2647.076
[1, 15640] loss: 4897.152
[1, 15660] loss: 1229.226
[1, 15680] loss: 2167.970
[1, 15700] loss: 2679.619
[1, 15720] loss: 1948.930
[1, 15740] loss: 2648.116
[1, 15760] loss: 4901.731
[1, 15780] loss: 3067.475
[1, 15800] loss: 2607.115
[1, 15820] loss: 3356.853
[1, 15840] loss: 2097.069
[1, 15860] loss: 1986.761
[1, 15880] loss: 2774.872
[1, 15900] loss: 2261.392
[1, 15920] loss: 2519.175
[1, 15940] loss: 2568.787
[1, 15960] loss: 1773.963
[1, 15980] loss: 1462.282
[1, 16000] loss: 947.529
[1, 16020] loss: 1887.743
[1, 16040] loss: 2156.772
[1, 16060] loss: 1664.758
[1, 16080] loss: 1745.380
[1, 16100] loss: 1694.256
[1, 16120] loss: 1373.222
[1, 16140] loss: 1544.302
[1, 16160] loss: 2569.776
[1, 16180] loss: 1524.688
[1, 16200] loss: 2179.878
[1, 16220] loss: 4823.503
[1, 16240] loss: 1323.625
[1, 16260] loss: 1482.910
[1, 16280] loss: 1711.315
[1, 16300] loss: 2152.230
[1, 16320] loss: 793.707
[1, 16340] loss: 441.877
[1, 16360] loss: 1064.078
[1, 16380] loss: 1160.929
[1, 16400] loss: 1173.929
[1, 16420] loss: 2236.668
[1, 16440] loss: 3600.400
[1, 16460] loss: 3206.621
[1, 16480] loss: 3309.480
[1, 16500] loss: 1943.968
[1, 16520] loss: 1422.622
[1, 16540] loss: 1219.879
[1, 16560] loss: 2349.480
[1, 16580] loss: 656.694
[1, 16600] loss: 889.840
[1, 16620] loss: 339.994
[1, 16640] loss: 1037.876
[1, 16660] loss: 1174.292
[1, 16680] loss: 1020.884
[1, 16700] loss: 1040.501
[1, 16720] loss: 1283.902
[1, 16740] loss: 808.655
[1, 16760] loss: 1261.804
[1, 16780] loss: 1422.425
[1, 16800] loss: 1431.986
[1, 16820] loss: 900.003
[1, 16840] loss: 2550.768
[1, 16860] loss: 1787.765
[1, 16880] loss: 2545.209
[1, 16900] loss: 333.829
[1, 16920] loss: 2017.018
[1, 16940] loss: 851.792
[1, 16960] loss: 1330.003
[1, 16980] loss: 1198.867
[1, 17000] loss: 1419.023
[1, 17020] loss: 3051.630
[1, 17040] loss: 2191.664
[1, 17060] loss: 1338.035
[1, 17080] loss: 1628.075
[1, 17100] loss: 5967.332
[1, 17120] loss: 4579.451
[1, 17140] loss: 2125.424
[1, 17160] loss: 1264.187
[1, 17180] loss: 2670.366
[1, 17200] loss: 923.202
[1, 17220] loss: 412.136
[1, 17240] loss: 1539.789
[1, 17260] loss: 418.207
[1, 17280] loss: 958.420
[1, 17300] loss: 1250.196
[1, 17320] loss: 1448.807
[1, 17340] loss: 1976.568
[1, 17360] loss: 893.102
[1, 17380] loss: 495.327
[1, 17400] loss: 583.930
[1, 17420] loss: 730.562
[1, 17440] loss: 897.532
[1, 17460] loss: 1383.246
[1, 17480] loss: 1364.408
[1, 17500] loss: 1320.084
[1, 17520] loss: 1413.624
[1, 17540] loss: 1360.117
[1, 17560] loss: 2125.414
[1, 17580] loss: 4209.925
[1, 17600] loss: 1786.546
[1, 17620] loss: 3485.672
[1, 17640] loss: 3199.710
[1, 17660] loss: 2872.076
[1, 17680] loss: 2307.854
[1, 17700] loss: 1788.572
[1, 17720] loss: 700.089
[1, 17740] loss: 1374.805
[1, 17760] loss: 707.529
[1, 17780] loss: 726.950
[1, 17800] loss: 1417.375
[1, 17820] loss: 1878.322
[1, 17840] loss: 1318.853
[1, 17860] loss: 1076.127
[1, 17880] loss: 416.015
[1, 17900] loss: 880.205
[1, 17920] loss: 1312.693
[1, 17940] loss: 1230.057
[1, 17960] loss: 664.709
[1, 17980] loss: 1058.025
[1, 18000] loss: 3341.360
[1, 18020] loss: 1037.028
[1, 18040] loss: 877.955
[1, 18060] loss: 504.342
[1, 18080] loss: 567.654
[1, 18100] loss: 775.908
[1, 18120] loss: 885.974
[1, 18140] loss: 695.893
[1, 18160] loss: 862.904
[1, 18180] loss: 1635.705
[1, 18200] loss: 594.383
[1, 18220] loss: 1171.562
[1, 18240] loss: 1048.901
[1, 18260] loss: 921.981
[1, 18280] loss: 613.760
[1, 18300] loss: 605.670
[1, 18320] loss: 1161.331
[1, 18340] loss: 801.713
[1, 18360] loss: 800.806
[1, 18380] loss: 3139.880
[1, 18400] loss: 925.714
[1, 18420] loss: 473.407
[1, 18440] loss: 578.849
[1, 18460] loss: 772.670
[1, 18480] loss: 681.477
[1, 18500] loss: 717.710
[1, 18520] loss: 621.740
[1, 18540] loss: 552.954
[1, 18560] loss: 402.348
[1, 18580] loss: 610.552
[1, 18600] loss: 912.382
[1, 18620] loss: 457.444
[1, 18640] loss: 286.671
[1, 18660] loss: 489.422
[1, 18680] loss: 294.364
[1, 18700] loss: 368.893
[1, 18720] loss: 1110.876
[1, 18740] loss: 350.125
[1, 18760] loss: 497.726
[1, 18780] loss: 331.712
[1, 18800] loss: 1121.908
[1, 18820] loss: 568.474
[1, 18840] loss: 489.483
[1, 18860] loss: 447.723
[1, 18880] loss: 245.861
[1, 18900] loss: 276.105
[1, 18920] loss: 509.018
[1, 18940] loss: 1411.974
[1, 18960] loss: 1140.378
[1, 18980] loss: 1938.803
[1, 19000] loss: 192.821
[1, 19020] loss: 501.899
[1, 19040] loss: 521.768
[1, 19060] loss: 798.439
[1, 19080] loss: 350.075
[1, 19100] loss: 460.834
[1, 19120] loss: 260.591
[1, 19140] loss: 511.979
[1, 19160] loss: 204.771
[1, 19180] loss: 1273.489
[1, 19200] loss: 3978.084
[1, 19220] loss: 757.622
[1, 19240] loss: 1881.647
[1, 19260] loss: 1762.396
[1, 19280] loss: 494.853
[1, 19300] loss: 958.227
[1, 19320] loss: 518.358
[1, 19340] loss: 910.990
[1, 19360] loss: 392.988
[1, 19380] loss: 467.721
[1, 19400] loss: 380.794
[1, 19420] loss: 520.681
[1, 19440] loss: 758.997
[1, 19460] loss: 750.625
[1, 19480] loss: 365.128
[1, 19500] loss: 368.903
[1, 19520] loss: 1181.257
[1, 19540] loss: 704.510
[1, 19560] loss: 537.449
[1, 19580] loss: 388.764
[1, 19600] loss: 710.711
[1, 19620] loss: 645.235
[1, 19640] loss: 233.832
[1, 19660] loss: 316.327
[1, 19680] loss: 279.126
[1, 19700] loss: 421.957
[1, 19720] loss: 208.702
[1, 19740] loss: 132.770
[1, 19760] loss: 167.855
[1, 19780] loss: 654.406
[1, 19800] loss: 458.322
[1, 19820] loss: 324.527
[1, 19840] loss: 203.341
[1, 19860] loss: 243.296
[1, 19880] loss: 222.502
[1, 19900] loss: 462.621
[1, 19920] loss: 279.927
[1, 19940] loss: 422.817
[1, 19960] loss: 273.193
[1, 19980] loss: 601.577
[1, 20000] loss: 372.386
[1, 20020] loss: 1732.880
[1, 20040] loss: 1401.150
[1, 20060] loss: 387.461
[1, 20080] loss: 265.450
[1, 20100] loss: 317.011
[1, 20120] loss: 51.530
[1, 20140] loss: 82.524
[1, 20160] loss: 158.130
[1, 20180] loss: 112.910
[1, 20200] loss: 539.512
[1, 20220] loss: 613.620
[1, 20240] loss: 377.367
[1, 20260] loss: 275.591
[1, 20280] loss: 1251.776
[1, 20300] loss: 848.586
[1, 20320] loss: 588.940
[1, 20340] loss: 1033.525
[1, 20360] loss: 210.700
[1, 20380] loss: 75.901
[1, 20400] loss: 345.276
[1, 20420] loss: 347.183
[1, 20440] loss: 1267.369
[1, 20460] loss: 2689.055
[1, 20480] loss: 3589.729
[1, 20500] loss: 458.065
[1, 20520] loss: 324.551
[1, 20540] loss: 500.884
[1, 20560] loss: 396.915
[1, 20580] loss: 193.790
[1, 20600] loss: 273.917
[1, 20620] loss: 114.830
[1, 20640] loss: 53.648
[1, 20660] loss: 173.218
[1, 20680] loss: 187.129
[1, 20700] loss: 206.557
[1, 20720] loss: 334.954
[1, 20740] loss: 329.406
[1, 20760] loss: 257.262
[1, 20780] loss: 151.435
[1, 20800] loss: 128.074
[1, 20820] loss: 184.926
[1, 20840] loss: 475.821
[1, 20860] loss: 346.632
[1, 20880] loss: 354.254
[1, 20900] loss: 1825.197
[1, 20920] loss: 3131.392
[1, 20940] loss: 3501.300
[1, 20960] loss: 379.232
[1, 20980] loss: 330.778
[1, 21000] loss: 1494.375
[1, 21020] loss: 2000.358
[1, 21040] loss: 8815.882
[1, 21060] loss: 13559.310
[1, 21080] loss: 10948.449
[1, 21100] loss: 8036.928
[1, 21120] loss: 1082.074
[1, 21140] loss: 1653.355
[1, 21160] loss: 751.421
[1, 21180] loss: 489.833
[1, 21200] loss: 157.085
[1, 21220] loss: 87.586
[1, 21240] loss: 161.334
[1, 21260] loss: 158.290
[1, 21280] loss: 197.505
[1, 21300] loss: 124.783
[1, 21320] loss: 150.666
[1, 21340] loss: 37.373
[1, 21360] loss: 36.497
[1, 21380] loss: 89.839
[1, 21400] loss: 89.831
[1, 21420] loss: 88.437
[1, 21440] loss: 152.347
[1, 21460] loss: 206.834
[1, 21480] loss: 116.941
[1, 21500] loss: 59.374
[1, 21520] loss: 48.039
[1, 21540] loss: 51.519
[1, 21560] loss: 59.354
[1, 21580] loss: 60.769
[1, 21600] loss: 26.703
[1, 21620] loss: 27.318
[1, 21640] loss: 33.748
[1, 21660] loss: 11.393
[1, 21680] loss: 27.076
[1, 21700] loss: 29.966
[1, 21720] loss: 24.481
[1, 21740] loss: 44.057
[1, 21760] loss: 38.878
[1, 21780] loss: 34.929
[1, 21800] loss: 43.045
[1, 21820] loss: 36.079
[1, 21840] loss: 54.953
[1, 21860] loss: 25.381
[1, 21880] loss: 33.083
[1, 21900] loss: 43.594
[1, 21920] loss: 70.890
[1, 21940] loss: 21.822
[1, 21960] loss: 20.140
[1, 21980] loss: 20.741
[1, 22000] loss: 46.069
[1, 22020] loss: 65.734
[1, 22040] loss: 54.874
[1, 22060] loss: 112.579
[1, 22080] loss: 114.786
[1, 22100] loss: 79.745
[1, 22120] loss: 152.263
[1, 22140] loss: 280.344
[1, 22160] loss: 154.474
[1, 22180] loss: 72.786
[1, 22200] loss: 158.658
[1, 22220] loss: 193.467
[1, 22240] loss: 157.649
[1, 22260] loss: 71.405
[1, 22280] loss: 143.122
[1, 22300] loss: 378.395
[1, 22320] loss: 43.703
[1, 22340] loss: 32.568
[1, 22360] loss: 117.614
[1, 22380] loss: 27.505
[1, 22400] loss: 62.916
[1, 22420] loss: 81.691
[1, 22440] loss: 110.888
[1, 22460] loss: 65.482
[1, 22480] loss: 47.236
[1, 22500] loss: 53.435
[1, 22520] loss: 216.283
[1, 22540] loss: 119.787
[1, 22560] loss: 73.492
[1, 22580] loss: 41.263
[1, 22600] loss: 32.451
[1, 22620] loss: 121.942
[1, 22640] loss: 104.061
[1, 22660] loss: 33.392
[1, 22680] loss: 59.491
[1, 22700] loss: 35.279
[1, 22720] loss: 47.579
[1, 22740] loss: 73.988
[1, 22760] loss: 42.859
[1, 22780] loss: 60.917
[1, 22800] loss: 69.781
[1, 22820] loss: 220.724
[1, 22840] loss: 439.185
[1, 22860] loss: 839.678
[1, 22880] loss: 360.004
[1, 22900] loss: 233.278
[1, 22920] loss: 102.446
[1, 22940] loss: 132.519
[1, 22960] loss: 36.020
[1, 22980] loss: 62.260
[1, 23000] loss: 56.982
[1, 23020] loss: 178.643
[1, 23040] loss: 429.460
[1, 23060] loss: 816.697
[1, 23080] loss: 1150.794
[1, 23100] loss: 405.185
[1, 23120] loss: 164.638
[1, 23140] loss: 65.768
[1, 23160] loss: 37.635
[1, 23180] loss: 23.417
[1, 23200] loss: 28.716
[1, 23220] loss: 36.180
[1, 23240] loss: 134.791
[1, 23260] loss: 127.530
[1, 23280] loss: 121.913
[1, 23300] loss: 114.580
[1, 23320] loss: 105.682
[1, 23340] loss: 28.031
[1, 23360] loss: 34.401
[1, 23380] loss: 28.224
[1, 23400] loss: 11.889
[1, 23420] loss: 20.817
[1, 23440] loss: 19.228
[1, 23460] loss: 10.290
[1, 23480] loss: 12.494
[1, 23500] loss: 15.687
[1, 23520] loss: 27.159
[1, 23540] loss: 22.667
[1, 23560] loss: 18.708
[1, 23580] loss: 49.965
[1, 23600] loss: 52.793
[1, 23620] loss: 34.467
[1, 23640] loss: 32.440
[1, 23660] loss: 53.568
[1, 23680] loss: 50.672
[1, 23700] loss: 34.292
[1, 23720] loss: 46.259
[1, 23740] loss: 76.640
[1, 23760] loss: 46.703
[1, 23780] loss: 53.741
[1, 23800] loss: 124.611
[1, 23820] loss: 142.483
[1, 23840] loss: 53.380
[1, 23860] loss: 44.201
[1, 23880] loss: 67.899
[1, 23900] loss: 24.288
[1, 23920] loss: 61.686
[1, 23940] loss: 79.397
[1, 23960] loss: 132.336
[1, 23980] loss: 552.085
[1, 24000] loss: 5113.607
[1, 24020] loss: 3446391576.815
[1, 24040] loss: 1411735841.900
[1, 24060] loss: 360411511.475
[1, 24080] loss: 103612196.745
[1, 24100] loss: 7483359.241
[1, 24120] loss: 1452469.469
[1, 24140] loss: 507627.095
[1, 24160] loss: 336178.080
[1, 24180] loss: 185793.330
[1, 24200] loss: 139380.140
[1, 24220] loss: 145327.297
[1, 24240] loss: 133233.221
[1, 24260] loss: 91735.159
[1, 24280] loss: 72673.909
[1, 24300] loss: 129295.256
[1, 24320] loss: 120760.310
[1, 24340] loss: 48301.463
[1, 24360] loss: 58597.335
[1, 24380] loss: 98195.991
[1, 24400] loss: 115232.848
[1, 24420] loss: 90287.421
[1, 24440] loss: 110796.785
[1, 24460] loss: 49154.144
[1, 24480] loss: 49927.295
[1, 24500] loss: 38506.426
[1, 24520] loss: 53801.252
[1, 24540] loss: 97944.949
[1, 24560] loss: 35519.119
[1, 24580] loss: 30510.920
[1, 24600] loss: 48873.614
[1, 24620] loss: 11416.571
[1, 24640] loss: 51436.271
[1, 24660] loss: 38627.832
[1, 24680] loss: 39368.864
[1, 24700] loss: 40716.042
[1, 24720] loss: 65655.957
[1, 24740] loss: 27028.439
[1, 24760] loss: 44412.340
[1, 24780] loss: 29457.814
[1, 24800] loss: 45219.055
[1, 24820] loss: 39598.598
[1, 24840] loss: 16231.833
[1, 24860] loss: 30830.109
[1, 24880] loss: 21400.366
[1, 24900] loss: 16223.279
[1, 24920] loss: 37444.158
[1, 24940] loss: 27581.587
[1, 24960] loss: 23017.891
[1, 24980] loss: 18238.802
[1, 25000] loss: 29847.361
[1, 25020] loss: 15125.213
[1, 25040] loss: 29363.420
[1, 25060] loss: 19392.456
[1, 25080] loss: 14291.539
[1, 25100] loss: 26865.199
[1, 25120] loss: 16730.579
[1, 25140] loss: 28264.929
[1, 25160] loss: 16052.848
[1, 25180] loss: 27193.437
[1, 25200] loss: 18171.142
[1, 25220] loss: 14406.419
[1, 25240] loss: 24508.395
[1, 25260] loss: 32123.875
[1, 25280] loss: 16742.491
[1, 25300] loss: 18501.249
[1, 25320] loss: 18469.444
[1, 25340] loss: 9561.300
[1, 25360] loss: 12475.537
[1, 25380] loss: 11137.689
[1, 25400] loss: 19625.520
[1, 25420] loss: 11204.159
[1, 25440] loss: 15927.733
[1, 25460] loss: 12822.183
[1, 25480] loss: 9257.645
[1, 25500] loss: 12551.066
[1, 25520] loss: 27453.156
[1, 25540] loss: 17315.414
[1, 25560] loss: 13479.844
[1, 25580] loss: 13927.564
[1, 25600] loss: 14325.773
[1, 25620] loss: 13619.936
[1, 25640] loss: 10544.982
[1, 25660] loss: 15364.777
[1, 25680] loss: 12239.964
[1, 25700] loss: 14259.754
[1, 25720] loss: 9427.474
[1, 25740] loss: 8663.740
[1, 25760] loss: 2318.298
[1, 25780] loss: 10134.708
[1, 25800] loss: 16199.069
[1, 25820] loss: 11186.664
[1, 25840] loss: 18251.408
[1, 25860] loss: 11170.265
[1, 25880] loss: 10230.918
[1, 25900] loss: 7452.647
[1, 25920] loss: 8168.421
[1, 25940] loss: 17666.157
[1, 25960] loss: 5829.189
[1, 25980] loss: 12717.372
[1, 26000] loss: 21992.078
[1, 26020] loss: 9079.629
[1, 26040] loss: 15846.424
[1, 26060] loss: 6485.675
[1, 26080] loss: 11738.334
[1, 26100] loss: 16907.510
[1, 26120] loss: 9657.428
[1, 26140] loss: 5355.665
[1, 26160] loss: 12318.676
[1, 26180] loss: 8052.381
[1, 26200] loss: 5440.770
[1, 26220] loss: 7226.141
[1, 26240] loss: 6129.587
[1, 26260] loss: 6087.343
[1, 26280] loss: 5395.248
[1, 26300] loss: 4923.899
[1, 26320] loss: 12608.691
[1, 26340] loss: 6760.991
[1, 26360] loss: 7708.044
[1, 26380] loss: 10745.892
[1, 26400] loss: 4221.376
[1, 26420] loss: 5633.286
[1, 26440] loss: 7925.118
[1, 26460] loss: 3517.377
[1, 26480] loss: 4307.881
[1, 26500] loss: 5878.058
[1, 26520] loss: 5095.559
[1, 26540] loss: 4757.959
[1, 26560] loss: 6190.100
[1, 26580] loss: 6144.373
[1, 26600] loss: 4387.556
[1, 26620] loss: 7029.674
[1, 26640] loss: 5671.180
[1, 26660] loss: 10620.960
[1, 26680] loss: 6740.708
[1, 26700] loss: 5574.847
[1, 26720] loss: 6280.745
[1, 26740] loss: 5367.122
[1, 26760] loss: 3584.384
[1, 26780] loss: 5260.302
[1, 26800] loss: 4978.138
[1, 26820] loss: 2651.200
[1, 26840] loss: 2402.237
[1, 26860] loss: 7786.611
[1, 26880] loss: 5848.334
[1, 26900] loss: 6514.360
[1, 26920] loss: 2802.589
[1, 26940] loss: 5742.540
[1, 26960] loss: 3544.013
[1, 26980] loss: 4032.723
[1, 27000] loss: 2510.737
[1, 27020] loss: 5478.310
[1, 27040] loss: 2351.972
[1, 27060] loss: 5430.936
[1, 27080] loss: 7645.354
[1, 27100] loss: 4869.603
[1, 27120] loss: 4085.529
[1, 27140] loss: 3284.778
[1, 27160] loss: 5125.084
[1, 27180] loss: 5556.707
[1, 27200] loss: 6697.498
[1, 27220] loss: 2116.909
[1, 27240] loss: 2079.110
[1, 27260] loss: 2559.367
[1, 27280] loss: 4369.844
[1, 27300] loss: 2826.250
[1, 27320] loss: 7181.627
[1, 27340] loss: 1575.838
[1, 27360] loss: 1465.842
[1, 27380] loss: 2213.540
[1, 27400] loss: 2499.040
[1, 27420] loss: 3592.572
[1, 27440] loss: 3616.754
[1, 27460] loss: 2547.055
[1, 27480] loss: 2283.379
[1, 27500] loss: 2337.991
[1, 27520] loss: 3793.320
[1, 27540] loss: 1964.097
[1, 27560] loss: 3315.231
[1, 27580] loss: 2536.098
[1, 27600] loss: 3515.227
[1, 27620] loss: 2947.943
[1, 27640] loss: 3084.084
[1, 27660] loss: 1870.260
[1, 27680] loss: 2669.067
[1, 27700] loss: 2176.915
[1, 27720] loss: 944.217
[1, 27740] loss: 2218.757
[1, 27760] loss: 1290.103
[1, 27780] loss: 1367.128
[1, 27800] loss: 697.184
[1, 27820] loss: 3278.737
[1, 27840] loss: 2311.562
[1, 27860] loss: 3833.269
[1, 27880] loss: 2740.070
[1, 27900] loss: 1414.630
[1, 27920] loss: 1479.300
[1, 27940] loss: 2854.828
[1, 27960] loss: 2348.445
[1, 27980] loss: 1474.995
[1, 28000] loss: 1295.561
[1, 28020] loss: 1656.735
[1, 28040] loss: 1237.031
[1, 28060] loss: 1274.177
[1, 28080] loss: 2347.691
[1, 28100] loss: 586.249
[1, 28120] loss: 2026.743
[1, 28140] loss: 1316.084
[1, 28160] loss: 1659.800
[1, 28180] loss: 1210.289
[1, 28200] loss: 1968.153
[1, 28220] loss: 2115.803
[1, 28240] loss: 3437.205
[1, 28260] loss: 1933.883
[1, 28280] loss: 1479.628
[1, 28300] loss: 1289.416
[1, 28320] loss: 1701.324
[1, 28340] loss: 2049.038
[1, 28360] loss: 1350.132
[1, 28380] loss: 812.903
[1, 28400] loss: 1394.288
[1, 28420] loss: 1120.131
[1, 28440] loss: 1300.520
[1, 28460] loss: 1054.330
[1, 28480] loss: 1530.234
[1, 28500] loss: 1008.676
[1, 28520] loss: 1231.619
[1, 28540] loss: 974.301
[1, 28560] loss: 1143.192
[1, 28580] loss: 1284.762
[1, 28600] loss: 1095.963
[1, 28620] loss: 735.319
[1, 28640] loss: 1397.511
[1, 28660] loss: 1193.656
[1, 28680] loss: 453.628
[1, 28700] loss: 916.810
[1, 28720] loss: 584.390
[1, 28740] loss: 983.886
[1, 28760] loss: 837.527
[1, 28780] loss: 641.470
[1, 28800] loss: 689.277
[1, 28820] loss: 624.994
[1, 28840] loss: 1059.252
[1, 28860] loss: 1065.607
[1, 28880] loss: 684.118
[1, 28900] loss: 1071.933
[1, 28920] loss: 931.399
[1, 28940] loss: 785.189
[1, 28960] loss: 384.181
[1, 28980] loss: 767.397
[1, 29000] loss: 874.599
[1, 29020] loss: 810.202
[1, 29040] loss: 952.511
[1, 29060] loss: 734.623
[1, 29080] loss: 828.568
[1, 29100] loss: 391.932
[1, 29120] loss: 1101.137
[1, 29140] loss: 377.567
[1, 29160] loss: 414.819
[1, 29180] loss: 665.811
[1, 29200] loss: 992.571
[1, 29220] loss: 568.191
[1, 29240] loss: 762.259
[1, 29260] loss: 709.054
[1, 29280] loss: 366.558
[1, 29300] loss: 330.992
[1, 29320] loss: 840.666
[1, 29340] loss: 1121.337
[1, 29360] loss: 767.678
[1, 29380] loss: 1018.070
[1, 29400] loss: 456.681
[1, 29420] loss: 434.734
[1, 29440] loss: 297.686
[1, 29460] loss: 299.707
[1, 29480] loss: 329.924
[1, 29500] loss: 308.551
[1, 29520] loss: 707.805
[1, 29540] loss: 966.436
[1, 29560] loss: 880.618
[1, 29580] loss: 437.733
[1, 29600] loss: 931.116
[1, 29620] loss: 782.365
[1, 29640] loss: 708.915
[1, 29660] loss: 643.492
[1, 29680] loss: 375.588
[1, 29700] loss: 394.740
[1, 29720] loss: 512.907
[1, 29740] loss: 416.995
[1, 29760] loss: 632.668
[1, 29780] loss: 468.257
[1, 29800] loss: 659.189
[1, 29820] loss: 424.764
[1, 29840] loss: 558.286
[1, 29860] loss: 479.828
[1, 29880] loss: 210.225
[1, 29900] loss: 425.536
[1, 29920] loss: 498.342
[1, 29940] loss: 407.109
[1, 29960] loss: 739.602
[1, 29980] loss: 423.442
[1, 30000] loss: 419.934
[1, 30020] loss: 609.898
[1, 30040] loss: 343.198
[1, 30060] loss: 312.813
[1, 30080] loss: 324.349
[1, 30100] loss: 281.044
[1, 30120] loss: 214.644
[1, 30140] loss: 336.225
[1, 30160] loss: 555.031
[1, 30180] loss: 253.236
[1, 30200] loss: 273.400
[1, 30220] loss: 300.571
[1, 30240] loss: 445.167
[1, 30260] loss: 415.474
[1, 30280] loss: 433.065
[1, 30300] loss: 573.622
[1, 30320] loss: 464.520
[1, 30340] loss: 444.914
[1, 30360] loss: 423.296
[1, 30380] loss: 457.370
[1, 30400] loss: 711.695
[1, 30420] loss: 357.739
[2,    20] loss: 397.573
[2,    40] loss: 260.749
[2,    60] loss: 143.631
[2,    80] loss: 400.685
[2,   100] loss: 653.186
[2,   120] loss: 213.153
[2,   140] loss: 448.864
[2,   160] loss: 270.829
[2,   180] loss: 353.152
[2,   200] loss: 193.570
[2,   220] loss: 174.541
[2,   240] loss: 278.008
[2,   260] loss: 527.886
[2,   280] loss: 323.482
[2,   300] loss: 472.174
[2,   320] loss: 580.287
[2,   340] loss: 181.703
[2,   360] loss: 331.054
[2,   380] loss: 167.395
[2,   400] loss: 196.775
[2,   420] loss: 447.241
[2,   440] loss: 502.679
[2,   460] loss: 511.209
[2,   480] loss: 415.401
[2,   500] loss: 272.369
[2,   520] loss: 362.312
[2,   540] loss: 456.464
[2,   560] loss: 401.581
[2,   580] loss: 276.482
[2,   600] loss: 371.370
[2,   620] loss: 408.994
[2,   640] loss: 246.778
[2,   660] loss: 512.264
[2,   680] loss: 539.532
[2,   700] loss: 497.816
[2,   720] loss: 668.695
[2,   740] loss: 594.102
[2,   760] loss: 266.089
[2,   780] loss: 257.966
[2,   800] loss: 337.896
[2,   820] loss: 249.277
[2,   840] loss: 285.787
[2,   860] loss: 111.768
[2,   880] loss: 299.068
[2,   900] loss: 297.865
[2,   920] loss: 266.205
[2,   940] loss: 502.047
[2,   960] loss: 430.397
[2,   980] loss: 268.968
[2,  1000] loss: 409.338
[2,  1020] loss: 488.376
[2,  1040] loss: 515.899
[2,  1060] loss: 795.370
[2,  1080] loss: 172.703
[2,  1100] loss: 235.222
[2,  1120] loss: 139.445
[2,  1140] loss: 225.539
[2,  1160] loss: 541.444
[2,  1180] loss: 305.656
[2,  1200] loss: 231.861
[2,  1220] loss: 268.645
[2,  1240] loss: 250.819
[2,  1260] loss: 391.370
[2,  1280] loss: 283.592
[2,  1300] loss: 303.132
[2,  1320] loss: 232.864
[2,  1340] loss: 335.449
[2,  1360] loss: 569.194
[2,  1380] loss: 252.045
[2,  1400] loss: 203.382
[2,  1420] loss: 278.111
[2,  1440] loss: 75.112
[2,  1460] loss: 107.792
[2,  1480] loss: 261.121
[2,  1500] loss: 761.837
[2,  1520] loss: 1161.711
[2,  1540] loss: 310.983
[2,  1560] loss: 189.812
[2,  1580] loss: 440.470
[2,  1600] loss: 363.582
[2,  1620] loss: 465.709
[2,  1640] loss: 348.317
[2,  1660] loss: 281.614
[2,  1680] loss: 569.910
[2,  1700] loss: 350.527
[2,  1720] loss: 237.531
[2,  1740] loss: 172.419
[2,  1760] loss: 418.697
[2,  1780] loss: 279.497
[2,  1800] loss: 147.459
[2,  1820] loss: 552.682
[2,  1840] loss: 262.179
[2,  1860] loss: 294.431
[2,  1880] loss: 504.821
[2,  1900] loss: 188.481
[2,  1920] loss: 320.300
[2,  1940] loss: 120.854
[2,  1960] loss: 400.043
[2,  1980] loss: 273.954
[2,  2000] loss: 224.755
[2,  2020] loss: 930.971
[2,  2040] loss: 622.656
[2,  2060] loss: 438.290
[2,  2080] loss: 439.154
[2,  2100] loss: 316.433
[2,  2120] loss: 417.504
[2,  2140] loss: 340.429
[2,  2160] loss: 470.103
[2,  2180] loss: 237.780
[2,  2200] loss: 282.188
[2,  2220] loss: 228.297
[2,  2240] loss: 245.260
[2,  2260] loss: 449.432
[2,  2280] loss: 204.587
[2,  2300] loss: 170.171
[2,  2320] loss: 343.078
[2,  2340] loss: 633.087
[2,  2360] loss: 708.667
[2,  2380] loss: 626.344
[2,  2400] loss: 559.902
[2,  2420] loss: 542.526
[2,  2440] loss: 661.072
[2,  2460] loss: 487.635
[2,  2480] loss: 162.014
[2,  2500] loss: 146.232
[2,  2520] loss: 310.814
[2,  2540] loss: 247.204
[2,  2560] loss: 256.956
[2,  2580] loss: 267.543
[2,  2600] loss: 197.854
[2,  2620] loss: 293.627
[2,  2640] loss: 234.189
[2,  2660] loss: 142.556
[2,  2680] loss: 204.906
[2,  2700] loss: 142.968
[2,  2720] loss: 78.984
[2,  2740] loss: 184.894
[2,  2760] loss: 228.883
[2,  2780] loss: 136.212
[2,  2800] loss: 70.561
[2,  2820] loss: 348.121
[2,  2840] loss: 440.332
[2,  2860] loss: 199.326
[2,  2880] loss: 241.798
[2,  2900] loss: 247.865
[2,  2920] loss: 361.288
[2,  2940] loss: 527.017
[2,  2960] loss: 404.833
[2,  2980] loss: 219.386
[2,  3000] loss: 563.146
[2,  3020] loss: 400.576
[2,  3040] loss: 161.581
[2,  3060] loss: 114.073
[2,  3080] loss: 317.611
[2,  3100] loss: 141.940
[2,  3120] loss: 125.866
[2,  3140] loss: 118.720
[2,  3160] loss: 139.790
[2,  3180] loss: 119.768
[2,  3200] loss: 195.420
[2,  3220] loss: 120.675
[2,  3240] loss: 205.269
[2,  3260] loss: 196.474
[2,  3280] loss: 250.331
[2,  3300] loss: 156.616
[2,  3320] loss: 99.504
[2,  3340] loss: 150.124
[2,  3360] loss: 146.074
[2,  3380] loss: 241.063
[2,  3400] loss: 156.988
[2,  3420] loss: 151.323
[2,  3440] loss: 155.703
[2,  3460] loss: 173.990
[2,  3480] loss: 191.622
[2,  3500] loss: 240.238
[2,  3520] loss: 508.601
[2,  3540] loss: 329.988
[2,  3560] loss: 187.545
[2,  3580] loss: 120.951
[2,  3600] loss: 85.944
[2,  3620] loss: 169.701
[2,  3640] loss: 415.271
[2,  3660] loss: 110.877
[2,  3680] loss: 285.326
[2,  3700] loss: 363.405
[2,  3720] loss: 1149.683
[2,  3740] loss: 2089.752
[2,  3760] loss: 1100.739
[2,  3780] loss: 339.210
[2,  3800] loss: 179.816
[2,  3820] loss: 161.534
[2,  3840] loss: 52.325
[2,  3860] loss: 182.679
[2,  3880] loss: 242.074
[2,  3900] loss: 207.199
[2,  3920] loss: 338.256
[2,  3940] loss: 304.036
[2,  3960] loss: 445.421
[2,  3980] loss: 326.273
[2,  4000] loss: 87.831
[2,  4020] loss: 220.340
[2,  4040] loss: 79.575
[2,  4060] loss: 75.840
[2,  4080] loss: 135.934
[2,  4100] loss: 330.742
[2,  4120] loss: 211.550
[2,  4140] loss: 182.560
[2,  4160] loss: 145.286
[2,  4180] loss: 475.748
[2,  4200] loss: 250.849
[2,  4220] loss: 146.995
[2,  4240] loss: 186.434
[2,  4260] loss: 195.342
[2,  4280] loss: 224.406
[2,  4300] loss: 481.995
[2,  4320] loss: 115.361
[2,  4340] loss: 248.703
[2,  4360] loss: 144.652
[2,  4380] loss: 861.406
[2,  4400] loss: 575.356
[2,  4420] loss: 1428.079
[2,  4440] loss: 1615.005
[2,  4460] loss: 1094.818
[2,  4480] loss: 1390.277
[2,  4500] loss: 546.898
[2,  4520] loss: 749.160
[2,  4540] loss: 439.938
[2,  4560] loss: 204.571
[2,  4580] loss: 254.535
[2,  4600] loss: 108.997
[2,  4620] loss: 191.163
[2,  4640] loss: 333.443
[2,  4660] loss: 164.153
[2,  4680] loss: 61.644
[2,  4700] loss: 150.890
[2,  4720] loss: 158.084
[2,  4740] loss: 73.194
[2,  4760] loss: 50.259
[2,  4780] loss: 326.280
[2,  4800] loss: 159.342
[2,  4820] loss: 129.780
[2,  4840] loss: 517.867
[2,  4860] loss: 408.387
[2,  4880] loss: 601.995
[2,  4900] loss: 240.722
[2,  4920] loss: 64.572
[2,  4940] loss: 150.025
[2,  4960] loss: 230.678
[2,  4980] loss: 99.394
[2,  5000] loss: 69.612
[2,  5020] loss: 110.262
[2,  5040] loss: 74.257
[2,  5060] loss: 94.093
[2,  5080] loss: 1432.353
[2,  5100] loss: 401.577
[2,  5120] loss: 246.975
[2,  5140] loss: 182.749
[2,  5160] loss: 834.508
[2,  5180] loss: 374.789
[2,  5200] loss: 1161.273
[2,  5220] loss: 4869.474
[2,  5240] loss: 5114.497
[2,  5260] loss: 4537.925
[2,  5280] loss: 2054.927
[2,  5300] loss: 1969.740
[2,  5320] loss: 127.073
[2,  5340] loss: 131.468
[2,  5360] loss: 79.898
[2,  5380] loss: 72.200
[2,  5400] loss: 78.691
[2,  5420] loss: 44.217
[2,  5440] loss: 90.825
[2,  5460] loss: 73.078
[2,  5480] loss: 20.617
[2,  5500] loss: 33.067
[2,  5520] loss: 45.143
[2,  5540] loss: 38.152
[2,  5560] loss: 48.741
[2,  5580] loss: 98.739
[2,  5600] loss: 106.722
[2,  5620] loss: 59.583
[2,  5640] loss: 76.593
[2,  5660] loss: 62.796
[2,  5680] loss: 53.050
[2,  5700] loss: 42.828
[2,  5720] loss: 37.812
[2,  5740] loss: 34.371
[2,  5760] loss: 80.341
[2,  5780] loss: 64.758
[2,  5800] loss: 43.078
[2,  5820] loss: 31.429
[2,  5840] loss: 57.707
[2,  5860] loss: 36.444
[2,  5880] loss: 50.401
[2,  5900] loss: 30.426
[2,  5920] loss: 64.577
[2,  5940] loss: 40.532
[2,  5960] loss: 76.916
[2,  5980] loss: 180.595
[2,  6000] loss: 181.121
[2,  6020] loss: 27.305
[2,  6040] loss: 47.571
[2,  6060] loss: 116.335
[2,  6080] loss: 154.743
[2,  6100] loss: 81.211
[2,  6120] loss: 61.973
[2,  6140] loss: 32.716
[2,  6160] loss: 35.595
[2,  6180] loss: 106.367
[2,  6200] loss: 83.022
[2,  6220] loss: 84.437
[2,  6240] loss: 47.794
[2,  6260] loss: 134.102
[2,  6280] loss: 307.176
[2,  6300] loss: 1349.380
[2,  6320] loss: 879.039
[2,  6340] loss: 721.814
[2,  6360] loss: 599.104
[2,  6380] loss: 342.028
[2,  6400] loss: 695.347
[2,  6420] loss: 357.471
[2,  6440] loss: 57.194
[2,  6460] loss: 55.640
[2,  6480] loss: 39.088
[2,  6500] loss: 30.622
[2,  6520] loss: 58.213
[2,  6540] loss: 21.062
[2,  6560] loss: 22.669
[2,  6580] loss: 38.801
[2,  6600] loss: 96.450
[2,  6620] loss: 236.116
[2,  6640] loss: 271.739
[2,  6660] loss: 54.243
[2,  6680] loss: 134.478
[2,  6700] loss: 276.012
[2,  6720] loss: 277.733
[2,  6740] loss: 133.674
[2,  6760] loss: 158.321
[2,  6780] loss: 81.922
[2,  6800] loss: 76.603
[2,  6820] loss: 109.575
[2,  6840] loss: 98.531
[2,  6860] loss: 34.000
[2,  6880] loss: 17.865
[2,  6900] loss: 47.357
[2,  6920] loss: 46.580
[2,  6940] loss: 129.441
[2,  6960] loss: 130.442
[2,  6980] loss: 121.966
[2,  7000] loss: 169.804
[2,  7020] loss: 197.081
[2,  7040] loss: 200.224
[2,  7060] loss: 172.005
[2,  7080] loss: 78.610
[2,  7100] loss: 69.525
[2,  7120] loss: 40.518
[2,  7140] loss: 118.115
[2,  7160] loss: 164.867
[2,  7180] loss: 103.029
[2,  7200] loss: 27.260
[2,  7220] loss: 31.445
[2,  7240] loss: 34.369
[2,  7260] loss: 27.487
[2,  7280] loss: 11.384
[2,  7300] loss: 9.369
[2,  7320] loss: 8.453
[2,  7340] loss: 50.061
[2,  7360] loss: 118.964
[2,  7380] loss: 785.480
[2,  7400] loss: 945.028
[2,  7420] loss: 3023.129
[2,  7440] loss: 934.155
[2,  7460] loss: 695.635
[2,  7480] loss: 123.237
[2,  7500] loss: 81.898
[2,  7520] loss: 25.841
[2,  7540] loss: 25.406
[2,  7560] loss: 41.144
[2,  7580] loss: 41.376
[2,  7600] loss: 15.945
[2,  7620] loss: 89.286
[2,  7640] loss: 47.443
[2,  7660] loss: 34.095
[2,  7680] loss: 27.204
[2,  7700] loss: 96.237
[2,  7720] loss: 576.199
[2,  7740] loss: 318.770
[2,  7760] loss: 310.024
[2,  7780] loss: 190.826
[2,  7800] loss: 75.579
[2,  7820] loss: 44.166
[2,  7840] loss: 25.832
[2,  7860] loss: 19.699
[2,  7880] loss: 23.893
[2,  7900] loss: 30.912
[2,  7920] loss: 34.790
[2,  7940] loss: 18.818
[2,  7960] loss: 13.226
[2,  7980] loss: 18.375
[2,  8000] loss: 22.439
[2,  8020] loss: 15.791
[2,  8040] loss: 31.884
[2,  8060] loss: 7.223
[2,  8080] loss: 6.100
[2,  8100] loss: 52.774
[2,  8120] loss: 105.689
[2,  8140] loss: 245.620
[2,  8160] loss: 124.977
[2,  8180] loss: 61.170
[2,  8200] loss: 37.223
[2,  8220] loss: 69.288
[2,  8240] loss: 20.835
[2,  8260] loss: 14.481
[2,  8280] loss: 26.922
[2,  8300] loss: 22.966
[2,  8320] loss: 19.591
[2,  8340] loss: 10.328
[2,  8360] loss: 12.642
[2,  8380] loss: 23.939
[2,  8400] loss: 19.624
[2,  8420] loss: 13.282
[2,  8440] loss: 24.442
[2,  8460] loss: 47.159
[2,  8480] loss: 71.049
[2,  8500] loss: 78.569
[2,  8520] loss: 19.955
[2,  8540] loss: 10.600
[2,  8560] loss: 20.314
[2,  8580] loss: 11.402
[2,  8600] loss: 26.762
[2,  8620] loss: 10.823
[2,  8640] loss: 11.057
[2,  8660] loss: 14.957
[2,  8680] loss: 8.415
[2,  8700] loss: 4.762
[2,  8720] loss: 4.643
[2,  8740] loss: 6.583
[2,  8760] loss: 6.405
[2,  8780] loss: 5.826
[2,  8800] loss: 42.750
[2,  8820] loss: 13.495
[2,  8840] loss: 30.044
[2,  8860] loss: 30.286
[2,  8880] loss: 43.350
[2,  8900] loss: 23.483
[2,  8920] loss: 12.015
[2,  8940] loss: 14.264
[2,  8960] loss: 9.189
[2,  8980] loss: 7.896
[2,  9000] loss: 13.599
[2,  9020] loss: 22.205
[2,  9040] loss: 29.290
[2,  9060] loss: 42.171
[2,  9080] loss: 174.045
[2,  9100] loss: 74.283
[2,  9120] loss: 29.830
[2,  9140] loss: 31.103
[2,  9160] loss: 87.838
[2,  9180] loss: 52.952
[2,  9200] loss: 62.668
[2,  9220] loss: 54.003
[2,  9240] loss: 61.769
[2,  9260] loss: 20.386
[2,  9280] loss: 28.728
[2,  9300] loss: 31.833
[2,  9320] loss: 8.986
[2,  9340] loss: 13.288
[2,  9360] loss: 45.768
[2,  9380] loss: 14.186
[2,  9400] loss: 18.948
[2,  9420] loss: 6.629
[2,  9440] loss: 11.966
[2,  9460] loss: 13.298
[2,  9480] loss: 9.806
[2,  9500] loss: 25.802
[2,  9520] loss: 73.557
[2,  9540] loss: 39.632
[2,  9560] loss: 46.012
[2,  9580] loss: 13.349
[2,  9600] loss: 9.881
[2,  9620] loss: 9.228
[2,  9640] loss: 11.182
[2,  9660] loss: 14.194
[2,  9680] loss: 28.294
[2,  9700] loss: 8.251
[2,  9720] loss: 7.746
[2,  9740] loss: 6.699
[2,  9760] loss: 22.591
[2,  9780] loss: 11.136
[2,  9800] loss: 130.363
[2,  9820] loss: 904.055
[2,  9840] loss: 694.029
[2,  9860] loss: 293.646
[2,  9880] loss: 95.291
[2,  9900] loss: 163.172
[2,  9920] loss: 83.411
[2,  9940] loss: 167.606
[2,  9960] loss: 173.809
[2,  9980] loss: 159.871
[2, 10000] loss: 163.854
[2, 10020] loss: 109.312
[2, 10040] loss: 68.420
[2, 10060] loss: 21.395
[2, 10080] loss: 23.412
[2, 10100] loss: 11.273
[2, 10120] loss: 15.280
[2, 10140] loss: 9.780
[2, 10160] loss: 13.442
[2, 10180] loss: 7.826
[2, 10200] loss: 7.394
[2, 10220] loss: 16.581
[2, 10240] loss: 5.827
[2, 10260] loss: 6.953
[2, 10280] loss: 16.744
[2, 10300] loss: 12.972
[2, 10320] loss: 7.078
[2, 10340] loss: 6.523
[2, 10360] loss: 6.641
[2, 10380] loss: 3.604
[2, 10400] loss: 3.351
[2, 10420] loss: 4.577
[2, 10440] loss: 2.645
[2, 10460] loss: 2.632
[2, 10480] loss: 12.451
[2, 10500] loss: 16.134
[2, 10520] loss: 33.030
[2, 10540] loss: 55.459
[2, 10560] loss: 42.435
[2, 10580] loss: 19.053
[2, 10600] loss: 4.976
[2, 10620] loss: 3.489
[2, 10640] loss: 2.274
[2, 10660] loss: 3.159
[2, 10680] loss: 12.866
[2, 10700] loss: 14.092
[2, 10720] loss: 45.754
[2, 10740] loss: 187.892
[2, 10760] loss: 86.403
[2, 10780] loss: 37.541
[2, 10800] loss: 132.192
[2, 10820] loss: 89.006
[2, 10840] loss: 18.458
[2, 10860] loss: 5.575
[2, 10880] loss: 2.201
[2, 10900] loss: 3.158
[2, 10920] loss: 3.633
[2, 10940] loss: 1.931
[2, 10960] loss: 2.842
[2, 10980] loss: 1.873
[2, 11000] loss: 2.100
[2, 11020] loss: 1.767
[2, 11040] loss: 1.781
[2, 11060] loss: 2.108
[2, 11080] loss: 1.793
[2, 11100] loss: 2.410
[2, 11120] loss: 2.724
[2, 11140] loss: 0.944
[2, 11160] loss: 0.966
[2, 11180] loss: 1.094
[2, 11200] loss: 3.671
[2, 11220] loss: 3.893
[2, 11240] loss: 2.625
[2, 11260] loss: 5.310
[2, 11280] loss: 4.952
[2, 11300] loss: 1.735
[2, 11320] loss: 1.047
[2, 11340] loss: 1.716
[2, 11360] loss: 1.668
[2, 11380] loss: 1.912
[2, 11400] loss: 2.551
[2, 11420] loss: 3.105
[2, 11440] loss: 1.602
[2, 11460] loss: 1.256
[2, 11480] loss: 1.578
[2, 11500] loss: 2.385
[2, 11520] loss: 2.844
[2, 11540] loss: 1.730
[2, 11560] loss: 1.932
[2, 11580] loss: 1.802
[2, 11600] loss: 8.474
[2, 11620] loss: 5.714
[2, 11640] loss: 1.918
[2, 11660] loss: 1.128
[2, 11680] loss: 3.509
[2, 11700] loss: 2.432
[2, 11720] loss: 1.707
[2, 11740] loss: 3.709
[2, 11760] loss: 6.967
[2, 11780] loss: 3.683
[2, 11800] loss: 2.161
[2, 11820] loss: 5.225
[2, 11840] loss: 2.642
[2, 11860] loss: 3.413
[2, 11880] loss: 12.839
[2, 11900] loss: 12.104
[2, 11920] loss: 9.391
[2, 11940] loss: 7.173
[2, 11960] loss: 8.820
[2, 11980] loss: 5.064
[2, 12000] loss: 11.609
[2, 12020] loss: 34.993
[2, 12040] loss: 13.239
[2, 12060] loss: 23.572
[2, 12080] loss: 36.699
[2, 12100] loss: 49.369
[2, 12120] loss: 51.677
[2, 12140] loss: 60.796
[2, 12160] loss: 36.447
[2, 12180] loss: 16.766
[2, 12200] loss: 4.312
[2, 12220] loss: 13.090
[2, 12240] loss: 3.366
[2, 12260] loss: 2.864
[2, 12280] loss: 3.946
[2, 12300] loss: 1.261
[2, 12320] loss: 2.318
[2, 12340] loss: 2.783
[2, 12360] loss: 1.024
[2, 12380] loss: 1.332
[2, 12400] loss: 3.309
[2, 12420] loss: 1.801
[2, 12440] loss: 1.468
[2, 12460] loss: 1.018
[2, 12480] loss: 0.945
[2, 12500] loss: 1.162
[2, 12520] loss: 4.609
[2, 12540] loss: 3.483
[2, 12560] loss: 5.948
[2, 12580] loss: 5.836
[2, 12600] loss: 4.565
[2, 12620] loss: 2.344
[2, 12640] loss: 1.416
[2, 12660] loss: 1.083
[2, 12680] loss: 0.937
[2, 12700] loss: 1.259
[2, 12720] loss: 5.423
[2, 12740] loss: 1.521
[2, 12760] loss: 1.259
[2, 12780] loss: 0.912
[2, 12800] loss: 1.702
[2, 12820] loss: 3.396
[2, 12840] loss: 4.699
[2, 12860] loss: 3.569
[2, 12880] loss: 1.830
[2, 12900] loss: 57.466
[2, 12920] loss: 148.580
[2, 12940] loss: 98.401
[2, 12960] loss: 99.141
[2, 12980] loss: 94.817
[2, 13000] loss: 304.183
[2, 13020] loss: 19992960.509
[2, 13040] loss: 1546146465.087
[2, 13060] loss: 246863394.268
[2, 13080] loss: 103745728.656
[2, 13100] loss: 11669098.101
[2, 13120] loss: 1761986.805
[2, 13140] loss: 374568.302
[2, 13160] loss: 97096.937
[2, 13180] loss: 26634.849
[2, 13200] loss: 24454.117
[2, 13220] loss: 23934.310
[2, 13240] loss: 26284.985
[2, 13260] loss: 25541.871
[2, 13280] loss: 29213.193
[2, 13300] loss: 19545.402
[2, 13320] loss: 23143.265
[2, 13340] loss: 23185.403
[2, 13360] loss: 17126.892
[2, 13380] loss: 17907.928
[2, 13400] loss: 12171.891
[2, 13420] loss: 15901.822
[2, 13440] loss: 28298.636
[2, 13460] loss: 17911.196
[2, 13480] loss: 32056.216
[2, 13500] loss: 31678.936
[2, 13520] loss: 17873.542
[2, 13540] loss: 13883.231
[2, 13560] loss: 21028.193
[2, 13580] loss: 17643.811
[2, 13600] loss: 9815.429
[2, 13620] loss: 14733.433
[2, 13640] loss: 14549.998
[2, 13660] loss: 8793.373
[2, 13680] loss: 15896.305
[2, 13700] loss: 12022.527
[2, 13720] loss: 9688.609
[2, 13740] loss: 25980.916
[2, 13760] loss: 24135.738
[2, 13780] loss: 10519.148
[2, 13800] loss: 12533.199
[2, 13820] loss: 14345.021
[2, 13840] loss: 14141.958
[2, 13860] loss: 11350.566
[2, 13880] loss: 12259.285
[2, 13900] loss: 15132.471
[2, 13920] loss: 9069.011
[2, 13940] loss: 11301.081
[2, 13960] loss: 7819.157
[2, 13980] loss: 4754.056
[2, 14000] loss: 12106.690
[2, 14020] loss: 12457.973
[2, 14040] loss: 2749.077
[2, 14060] loss: 8491.935
[2, 14080] loss: 8483.114
[2, 14100] loss: 6964.130
[2, 14120] loss: 8990.616
[2, 14140] loss: 9727.794
[2, 14160] loss: 7278.615
[2, 14180] loss: 5859.908
[2, 14200] loss: 10584.945
[2, 14220] loss: 12288.637
[2, 14240] loss: 12439.551
[2, 14260] loss: 12838.109
[2, 14280] loss: 7575.583
[2, 14300] loss: 7013.477
[2, 14320] loss: 7572.305
[2, 14340] loss: 15867.040
[2, 14360] loss: 6145.741
[2, 14380] loss: 8823.546
[2, 14400] loss: 5412.609
[2, 14420] loss: 10228.529
[2, 14440] loss: 4974.990
[2, 14460] loss: 10832.392
[2, 14480] loss: 10104.703
[2, 14500] loss: 6896.259
[2, 14520] loss: 8191.498
[2, 14540] loss: 4700.720
[2, 14560] loss: 4771.459
[2, 14580] loss: 6153.894
[2, 14600] loss: 7001.082
[2, 14620] loss: 12291.418
[2, 14640] loss: 6643.083
[2, 14660] loss: 4939.523
[2, 14680] loss: 6500.149
[2, 14700] loss: 3424.498
[2, 14720] loss: 5306.253
[2, 14740] loss: 4031.635
[2, 14760] loss: 5237.494
[2, 14780] loss: 6594.862
[2, 14800] loss: 5811.659
[2, 14820] loss: 8273.838
[2, 14840] loss: 5376.025
[2, 14860] loss: 5041.715
[2, 14880] loss: 5121.859
[2, 14900] loss: 3412.735
[2, 14920] loss: 7569.885
[2, 14940] loss: 3244.155
[2, 14960] loss: 4422.550
[2, 14980] loss: 6213.461
[2, 15000] loss: 2694.492
[2, 15020] loss: 4385.824
[2, 15040] loss: 7347.139
[2, 15060] loss: 2460.714
[2, 15080] loss: 6296.279
[2, 15100] loss: 5968.565
[2, 15120] loss: 4278.564
[2, 15140] loss: 3811.342
[2, 15160] loss: 3262.389
[2, 15180] loss: 3962.505
[2, 15200] loss: 5526.068
[2, 15220] loss: 5315.706
[2, 15240] loss: 2974.311
[2, 15260] loss: 4651.276
[2, 15280] loss: 3694.121
[2, 15300] loss: 2755.149
[2, 15320] loss: 2759.793
[2, 15340] loss: 3171.822
[2, 15360] loss: 6944.324
[2, 15380] loss: 6680.996
[2, 15400] loss: 3776.848
[2, 15420] loss: 3540.931
[2, 15440] loss: 2272.323
[2, 15460] loss: 4490.586
[2, 15480] loss: 2944.817
[2, 15500] loss: 1866.029
[2, 15520] loss: 3191.974
[2, 15540] loss: 5123.779
[2, 15560] loss: 4483.373
[2, 15580] loss: 2490.987
[2, 15600] loss: 3657.208
[2, 15620] loss: 3412.455
[2, 15640] loss: 3580.752
[2, 15660] loss: 3040.280
[2, 15680] loss: 4985.948
[2, 15700] loss: 5569.218
[2, 15720] loss: 3755.833
[2, 15740] loss: 4595.584
[2, 15760] loss: 4270.956
[2, 15780] loss: 2124.117
[2, 15800] loss: 2027.543
[2, 15820] loss: 2142.944
[2, 15840] loss: 3303.711
[2, 15860] loss: 2356.910
[2, 15880] loss: 2912.096
[2, 15900] loss: 1854.991
[2, 15920] loss: 2690.534
[2, 15940] loss: 2819.104
[2, 15960] loss: 3588.298
[2, 15980] loss: 2736.394
[2, 16000] loss: 2211.271
[2, 16020] loss: 2012.005
[2, 16040] loss: 3138.164
[2, 16060] loss: 3215.589
[2, 16080] loss: 2318.055
[2, 16100] loss: 3057.794
[2, 16120] loss: 2740.811
[2, 16140] loss: 2560.531
[2, 16160] loss: 2120.744
[2, 16180] loss: 4104.426
[2, 16200] loss: 2085.858
[2, 16220] loss: 3555.339
[2, 16240] loss: 1122.625
[2, 16260] loss: 2172.247
[2, 16280] loss: 2343.099
[2, 16300] loss: 1541.620
[2, 16320] loss: 1581.803
[2, 16340] loss: 2179.087
[2, 16360] loss: 1798.157
[2, 16380] loss: 3352.975
[2, 16400] loss: 2425.048
[2, 16420] loss: 2997.362
[2, 16440] loss: 1177.794
[2, 16460] loss: 4094.901
[2, 16480] loss: 4314.493
[2, 16500] loss: 1640.751
[2, 16520] loss: 2632.270
[2, 16540] loss: 1222.361
[2, 16560] loss: 1304.200
[2, 16580] loss: 1053.339
[2, 16600] loss: 1545.364
[2, 16620] loss: 2263.174
[2, 16640] loss: 665.344
[2, 16660] loss: 1849.318
[2, 16680] loss: 1450.386
[2, 16700] loss: 1432.998
[2, 16720] loss: 1969.551
[2, 16740] loss: 1436.473
[2, 16760] loss: 2076.690
[2, 16780] loss: 1605.910
[2, 16800] loss: 1290.876
[2, 16820] loss: 1223.294
[2, 16840] loss: 3506.515
[2, 16860] loss: 2746.814
[2, 16880] loss: 2050.690
[2, 16900] loss: 2183.185
[2, 16920] loss: 3128.371
[2, 16940] loss: 1477.097
[2, 16960] loss: 911.109
[2, 16980] loss: 1087.517
[2, 17000] loss: 1476.786
[2, 17020] loss: 1088.765
[2, 17040] loss: 1644.745
[2, 17060] loss: 1759.602
[2, 17080] loss: 1339.847
[2, 17100] loss: 1176.807
[2, 17120] loss: 1669.769
[2, 17140] loss: 2293.914
[2, 17160] loss: 1744.485
[2, 17180] loss: 1630.153
[2, 17200] loss: 212.938
[2, 17220] loss: 487.661
[2, 17240] loss: 749.309
[2, 17260] loss: 1625.869
[2, 17280] loss: 1924.474
[2, 17300] loss: 849.323
[2, 17320] loss: 1701.421
[2, 17340] loss: 703.024
[2, 17360] loss: 1282.262
[2, 17380] loss: 1804.295
[2, 17400] loss: 687.012
[2, 17420] loss: 551.545
[2, 17440] loss: 525.799
[2, 17460] loss: 1128.910
[2, 17480] loss: 2303.859
[2, 17500] loss: 1978.117
[2, 17520] loss: 1189.325
[2, 17540] loss: 1357.141
[2, 17560] loss: 1067.338
[2, 17580] loss: 497.236
[2, 17600] loss: 1238.808
[2, 17620] loss: 1101.924
[2, 17640] loss: 1846.887
[2, 17660] loss: 395.201
[2, 17680] loss: 2163.765
[2, 17700] loss: 1176.496
[2, 17720] loss: 909.949
[2, 17740] loss: 643.383
[2, 17760] loss: 578.394
[2, 17780] loss: 898.012
[2, 17800] loss: 1202.895
[2, 17820] loss: 1585.529
[2, 17840] loss: 1178.059
[2, 17860] loss: 808.812
[2, 17880] loss: 1151.397
[2, 17900] loss: 1399.476
[2, 17920] loss: 1314.426
[2, 17940] loss: 938.438
[2, 17960] loss: 508.504
[2, 17980] loss: 739.186
[2, 18000] loss: 444.933
[2, 18020] loss: 534.020
[2, 18040] loss: 570.435
[2, 18060] loss: 1023.709
[2, 18080] loss: 1573.580
[2, 18100] loss: 824.896
[2, 18120] loss: 484.503
[2, 18140] loss: 1152.977
[2, 18160] loss: 2029.983
[2, 18180] loss: 944.235
[2, 18200] loss: 602.230
[2, 18220] loss: 950.609
[2, 18240] loss: 632.459
[2, 18260] loss: 1466.575
[2, 18280] loss: 952.789
[2, 18300] loss: 648.705
[2, 18320] loss: 1342.724
[2, 18340] loss: 1614.224
[2, 18360] loss: 2032.599
[2, 18380] loss: 738.557
[2, 18400] loss: 427.792
[2, 18420] loss: 629.613
[2, 18440] loss: 789.023
[2, 18460] loss: 525.811
[2, 18480] loss: 1232.082
[2, 18500] loss: 493.497
[2, 18520] loss: 356.042
[2, 18540] loss: 873.120
[2, 18560] loss: 1066.365
[2, 18580] loss: 868.166
[2, 18600] loss: 969.597
[2, 18620] loss: 539.125
[2, 18640] loss: 341.089
[2, 18660] loss: 956.407
[2, 18680] loss: 1039.770
[2, 18700] loss: 193.231
[2, 18720] loss: 485.710
[2, 18740] loss: 319.223
[2, 18760] loss: 586.020
[2, 18780] loss: 614.977
[2, 18800] loss: 559.446
[2, 18820] loss: 394.715
[2, 18840] loss: 522.603
[2, 18860] loss: 996.278
[2, 18880] loss: 800.848
[2, 18900] loss: 606.465
[2, 18920] loss: 727.752
[2, 18940] loss: 543.709
[2, 18960] loss: 252.569
[2, 18980] loss: 523.536
[2, 19000] loss: 451.254
[2, 19020] loss: 3146.989
[2, 19040] loss: 1101.704
[2, 19060] loss: 257.460
[2, 19080] loss: 337.398
[2, 19100] loss: 400.963
[2, 19120] loss: 755.917
[2, 19140] loss: 848.592
[2, 19160] loss: 359.774
[2, 19180] loss: 336.822
[2, 19200] loss: 312.850
[2, 19220] loss: 270.615
[2, 19240] loss: 1061.667
[2, 19260] loss: 455.355
[2, 19280] loss: 475.814
[2, 19300] loss: 267.125
[2, 19320] loss: 657.571
[2, 19340] loss: 349.153
[2, 19360] loss: 843.209
[2, 19380] loss: 3659.988
[2, 19400] loss: 501.292
[2, 19420] loss: 340.254
[2, 19440] loss: 283.328
[2, 19460] loss: 561.671
[2, 19480] loss: 2733.791
[2, 19500] loss: 1200.736
[2, 19520] loss: 2033.224
[2, 19540] loss: 936.506
[2, 19560] loss: 1035.112
[2, 19580] loss: 182.313
[2, 19600] loss: 382.554
[2, 19620] loss: 186.678
[2, 19640] loss: 248.275
[2, 19660] loss: 300.350
[2, 19680] loss: 837.783
[2, 19700] loss: 2248.261
[2, 19720] loss: 9442.983
[2, 19740] loss: 5784.842
[2, 19760] loss: 1931.814
[2, 19780] loss: 2001.726
[2, 19800] loss: 1739.680
[2, 19820] loss: 346.475
[2, 19840] loss: 389.233
[2, 19860] loss: 615.942
[2, 19880] loss: 185.332
[2, 19900] loss: 277.937
[2, 19920] loss: 347.999
[2, 19940] loss: 378.303
[2, 19960] loss: 410.904
[2, 19980] loss: 150.011
[2, 20000] loss: 271.416
[2, 20020] loss: 297.725
[2, 20040] loss: 75.594
[2, 20060] loss: 88.068
[2, 20080] loss: 305.616
[2, 20100] loss: 446.812
[2, 20120] loss: 321.410
[2, 20140] loss: 609.692
[2, 20160] loss: 289.935
[2, 20180] loss: 332.035
[2, 20200] loss: 560.490
[2, 20220] loss: 519.555
[2, 20240] loss: 636.105
[2, 20260] loss: 483.083
[2, 20280] loss: 201.480
[2, 20300] loss: 229.489
[2, 20320] loss: 312.165
[2, 20340] loss: 195.000
[2, 20360] loss: 366.331
[2, 20380] loss: 410.563
[2, 20400] loss: 496.959
[2, 20420] loss: 348.507
[2, 20440] loss: 168.127
[2, 20460] loss: 150.059
[2, 20480] loss: 339.727
[2, 20500] loss: 367.193
[2, 20520] loss: 145.106
[2, 20540] loss: 225.885
[2, 20560] loss: 183.045
[2, 20580] loss: 100.819
[2, 20600] loss: 273.098
[2, 20620] loss: 297.108
[2, 20640] loss: 364.937
[2, 20660] loss: 450.058
[2, 20680] loss: 212.922
[2, 20700] loss: 307.839
[2, 20720] loss: 381.195
[2, 20740] loss: 112.068
[2, 20760] loss: 193.948
[2, 20780] loss: 101.676
[2, 20800] loss: 355.026
[2, 20820] loss: 1613.981
[2, 20840] loss: 987.095
[2, 20860] loss: 567.811
[2, 20880] loss: 627.406
[2, 20900] loss: 625.535
[2, 20920] loss: 3327.589
[2, 20940] loss: 3497.501
[2, 20960] loss: 3708.708
[2, 20980] loss: 295.169
[2, 21000] loss: 261.622
[2, 21020] loss: 452.987
[2, 21040] loss: 205.023
[2, 21060] loss: 505.727
[2, 21080] loss: 251.375
[2, 21100] loss: 216.297
[2, 21120] loss: 102.728
[2, 21140] loss: 150.530
[2, 21160] loss: 190.270
[2, 21180] loss: 127.306
[2, 21200] loss: 503.304
[2, 21220] loss: 498.262
[2, 21240] loss: 494.480
[2, 21260] loss: 212.257
[2, 21280] loss: 227.038
[2, 21300] loss: 182.345
[2, 21320] loss: 1436.785
[2, 21340] loss: 926.620
[2, 21360] loss: 1921.886
[2, 21380] loss: 1765.639
[2, 21400] loss: 4119.109
[2, 21420] loss: 1722.528
[2, 21440] loss: 1170.181
[2, 21460] loss: 175.376
[2, 21480] loss: 64.486
[2, 21500] loss: 63.642
[2, 21520] loss: 53.932
[2, 21540] loss: 25.928
[2, 21560] loss: 55.000
[2, 21580] loss: 27.256
[2, 21600] loss: 49.344
[2, 21620] loss: 55.895
[2, 21640] loss: 45.274
[2, 21660] loss: 97.487
[2, 21680] loss: 90.433
[2, 21700] loss: 33.253
[2, 21720] loss: 60.127
[2, 21740] loss: 18.745
[2, 21760] loss: 90.538
[2, 21780] loss: 107.600
[2, 21800] loss: 51.712
[2, 21820] loss: 43.316
[2, 21840] loss: 45.256
[2, 21860] loss: 67.383
[2, 21880] loss: 80.176
[2, 21900] loss: 229.439
[2, 21920] loss: 803.077
[2, 21940] loss: 860.447
[2, 21960] loss: 408.599
[2, 21980] loss: 63.580
[2, 22000] loss: 112.481
[2, 22020] loss: 88.872
[2, 22040] loss: 31.949
[2, 22060] loss: 33.378
[2, 22080] loss: 38.361
[2, 22100] loss: 70.119
[2, 22120] loss: 70.408
[2, 22140] loss: 57.660
[2, 22160] loss: 63.705
[2, 22180] loss: 35.662
[2, 22200] loss: 84.261
[2, 22220] loss: 109.607
[2, 22240] loss: 111.397
[2, 22260] loss: 29.049
[2, 22280] loss: 82.554
[2, 22300] loss: 37.834
[2, 22320] loss: 20.978
[2, 22340] loss: 34.184
[2, 22360] loss: 37.109
[2, 22380] loss: 29.269
[2, 22400] loss: 93.382
[2, 22420] loss: 49.735
[2, 22440] loss: 16.229
[2, 22460] loss: 89.149
[2, 22480] loss: 130.796
[2, 22500] loss: 74.747
[2, 22520] loss: 102.969
[2, 22540] loss: 77.380
[2, 22560] loss: 11.269
[2, 22580] loss: 55.518
[2, 22600] loss: 115.147
[2, 22620] loss: 153.133
[2, 22640] loss: 414.361
[2, 22660] loss: 278.829
[2, 22680] loss: 151.185
[2, 22700] loss: 123.115
[2, 22720] loss: 142.043
[2, 22740] loss: 356.875
[2, 22760] loss: 243.278
[2, 22780] loss: 91.948
[2, 22800] loss: 405.896
[2, 22820] loss: 288.544
[2, 22840] loss: 294.889
[2, 22860] loss: 991.241
[2, 22880] loss: 5824.929
[2, 22900] loss: 7072.204
[2, 22920] loss: 2281.984
[2, 22940] loss: 1070.333
[2, 22960] loss: 2513.434
[2, 22980] loss: 861.612
[2, 23000] loss: 282.549
[2, 23020] loss: 238.587
[2, 23040] loss: 111.607
[2, 23060] loss: 20.030
[2, 23080] loss: 18.499
[2, 23100] loss: 45.391
[2, 23120] loss: 17.236
[2, 23140] loss: 12.053
[2, 23160] loss: 10.553
[2, 23180] loss: 9.494
[2, 23200] loss: 7.474
[2, 23220] loss: 6.315
[2, 23240] loss: 27.044
[2, 23260] loss: 17.270
[2, 23280] loss: 9.379
[2, 23300] loss: 7.894
[2, 23320] loss: 8.138
[2, 23340] loss: 16.238
[2, 23360] loss: 18.263
[2, 23380] loss: 27.498
[2, 23400] loss: 9.267
[2, 23420] loss: 3.334
[2, 23440] loss: 3.757
[2, 23460] loss: 13.879
[2, 23480] loss: 6.959
[2, 23500] loss: 6.194
[2, 23520] loss: 5.385
[2, 23540] loss: 16.941
[2, 23560] loss: 14.617
[2, 23580] loss: 23.597
[2, 23600] loss: 6.190
[2, 23620] loss: 11.072
[2, 23640] loss: 13.408
[2, 23660] loss: 6.226
[2, 23680] loss: 4.467
[2, 23700] loss: 2.466
[2, 23720] loss: 14.921
[2, 23740] loss: 26.391
[2, 23760] loss: 24.967
[2, 23780] loss: 20.200
[2, 23800] loss: 16.583
[2, 23820] loss: 9.637
[2, 23840] loss: 10.469
[2, 23860] loss: 15.881
[2, 23880] loss: 14.093
[2, 23900] loss: 9.031
[2, 23920] loss: 10.809
[2, 23940] loss: 8.448
[2, 23960] loss: 10.003
[2, 23980] loss: 42.530
[2, 24000] loss: 100.100
[2, 24020] loss: 49.189
[2, 24040] loss: 27.652
[2, 24060] loss: 22.618
[2, 24080] loss: 11.467
[2, 24100] loss: 5.316
[2, 24120] loss: 3.554
[2, 24140] loss: 3.640
[2, 24160] loss: 6.215
[2, 24180] loss: 14.044
[2, 24200] loss: 11.470
[2, 24220] loss: 11.022
[2, 24240] loss: 15.702
[2, 24260] loss: 24.994
[2, 24280] loss: 24.507
[2, 24300] loss: 9.495
[2, 24320] loss: 11.741
[2, 24340] loss: 31.252
[2, 24360] loss: 35.999
[2, 24380] loss: 15.283
[2, 24400] loss: 11.964
[2, 24420] loss: 29.024
[2, 24440] loss: 62.866
[2, 24460] loss: 94.798
[2, 24480] loss: 295.599
[2, 24500] loss: 95.964
[2, 24520] loss: 118.476
[2, 24540] loss: 695.995
[2, 24560] loss: 327.016
[2, 24580] loss: 420.751
[2, 24600] loss: 176.310
[2, 24620] loss: 162.975
[2, 24640] loss: 245.649
[2, 24660] loss: 75.072
[2, 24680] loss: 77.422
[2, 24700] loss: 65.683
[2, 24720] loss: 40.554
[2, 24740] loss: 59.182
[2, 24760] loss: 34.182
[2, 24780] loss: 15.484
[2, 24800] loss: 10.572
[2, 24820] loss: 6.654
[2, 24840] loss: 4.727
[2, 24860] loss: 5.595
[2, 24880] loss: 5.107
[2, 24900] loss: 5.345
[2, 24920] loss: 9.934
[2, 24940] loss: 5.304
[2, 24960] loss: 9.968
[2, 24980] loss: 10.568
[2, 25000] loss: 10.282
[2, 25020] loss: 3.781
[2, 25040] loss: 17.032
[2, 25060] loss: 23.070
[2, 25080] loss: 58.633
[2, 25100] loss: 21.273
[2, 25120] loss: 5.268
[2, 25140] loss: 2.579
[2, 25160] loss: 7.468
[2, 25180] loss: 5.719
[2, 25200] loss: 5.084
[2, 25220] loss: 4.199
[2, 25240] loss: 4.582
[2, 25260] loss: 16.957
[2, 25280] loss: 8.422
[2, 25300] loss: 10.939
[2, 25320] loss: 16.004
[2, 25340] loss: 6.006
[2, 25360] loss: 22.394
[2, 25380] loss: 180.047
[2, 25400] loss: 194.933
[2, 25420] loss: 142.929
[2, 25440] loss: 96.214
[2, 25460] loss: 344.626
[2, 25480] loss: 741.707
[2, 25500] loss: 426.685
[2, 25520] loss: 425.124
[2, 25540] loss: 288.735
[2, 25560] loss: 75.346
[2, 25580] loss: 69.877
[2, 25600] loss: 15.881
[2, 25620] loss: 46.243
[2, 25640] loss: 43.274
[2, 25660] loss: 240.092
[2, 25680] loss: 4189.053
[2, 25700] loss: 29606.324
[2, 25720] loss: 380979654.945
[2, 25740] loss: 4389447630.610
[2, 25760] loss: 10522205311.472
[2, 25780] loss: 1659707028.900
[2, 25800] loss: 103770000.220
[2, 25820] loss: 34497162.404
[2, 25840] loss: 11270604.344
[2, 25860] loss: 5208792.047
[2, 25880] loss: 3133347.397
[2, 25900] loss: 3000455.327
[2, 25920] loss: 3592127.164
[2, 25940] loss: 1689555.681
[2, 25960] loss: 1141436.944
[2, 25980] loss: 1618593.518
[2, 26000] loss: 622546.465
[2, 26020] loss: 1235421.241
[2, 26040] loss: 930949.184
[2, 26060] loss: 1317455.330
[2, 26080] loss: 485955.714
[2, 26100] loss: 514097.222
[2, 26120] loss: 406375.872
[2, 26140] loss: 853065.210
[2, 26160] loss: 328175.395
[2, 26180] loss: 774438.186
[2, 26200] loss: 467939.369
[2, 26220] loss: 479069.618
[2, 26240] loss: 248420.088
[2, 26260] loss: 283790.292
[2, 26280] loss: 448645.753
[2, 26300] loss: 318675.666
[2, 26320] loss: 297252.400
[2, 26340] loss: 444990.416
[2, 26360] loss: 258806.131
[2, 26380] loss: 181849.183
[2, 26400] loss: 204318.250
[2, 26420] loss: 202054.447
[2, 26440] loss: 162024.507
[2, 26460] loss: 248212.208
[2, 26480] loss: 214528.325
[2, 26500] loss: 194139.628
[2, 26520] loss: 292126.752
[2, 26540] loss: 97514.570
[2, 26560] loss: 156696.196
[2, 26580] loss: 297055.161
[2, 26600] loss: 149478.388
[2, 26620] loss: 129050.158
[2, 26640] loss: 72442.274
[2, 26660] loss: 110949.912
[2, 26680] loss: 92625.677
[2, 26700] loss: 78003.135
[2, 26720] loss: 154107.578
[2, 26740] loss: 146475.792
[2, 26760] loss: 88804.179
[2, 26780] loss: 70274.800
[2, 26800] loss: 235387.799
[2, 26820] loss: 90859.658
[2, 26840] loss: 95163.247
[2, 26860] loss: 63234.400
[2, 26880] loss: 64189.198
[2, 26900] loss: 44158.104
[2, 26920] loss: 91530.763
[2, 26940] loss: 145200.053
[2, 26960] loss: 70412.759
[2, 26980] loss: 82178.904
[2, 27000] loss: 150004.040
[2, 27020] loss: 120524.600
[2, 27040] loss: 58533.839
[2, 27060] loss: 49828.402
[2, 27080] loss: 78771.661
[2, 27100] loss: 114287.059
[2, 27120] loss: 78482.412
[2, 27140] loss: 86243.230
[2, 27160] loss: 42870.597
[2, 27180] loss: 45503.426
[2, 27200] loss: 87190.258
[2, 27220] loss: 70605.938
[2, 27240] loss: 85058.261
[2, 27260] loss: 77156.984
[2, 27280] loss: 34619.255
[2, 27300] loss: 101284.259
[2, 27320] loss: 39974.452
[2, 27340] loss: 56978.395
[2, 27360] loss: 59928.487
[2, 27380] loss: 42274.162
[2, 27400] loss: 73396.514
[2, 27420] loss: 36928.133
[2, 27440] loss: 54728.481
[2, 27460] loss: 29950.260
[2, 27480] loss: 76060.657
[2, 27500] loss: 25461.221
[2, 27520] loss: 37852.031
[2, 27540] loss: 23037.873
[2, 27560] loss: 54529.343
[2, 27580] loss: 47000.424
[2, 27600] loss: 47636.160
[2, 27620] loss: 38981.236
[2, 27640] loss: 24251.178
[2, 27660] loss: 29087.602
[2, 27680] loss: 31198.166
[2, 27700] loss: 42140.712
[2, 27720] loss: 12257.745
[2, 27740] loss: 37016.738
[2, 27760] loss: 35470.124
[2, 27780] loss: 71680.028
[2, 27800] loss: 68468.083
[2, 27820] loss: 41956.910
[2, 27840] loss: 30283.915
[2, 27860] loss: 17385.267
[2, 27880] loss: 29350.661
[2, 27900] loss: 21351.943
[2, 27920] loss: 33479.905
[2, 27940] loss: 32999.949
[2, 27960] loss: 46018.047
[2, 27980] loss: 34556.534
[2, 28000] loss: 34568.457
[2, 28020] loss: 24391.612
[2, 28040] loss: 39176.346
[2, 28060] loss: 31833.558
[2, 28080] loss: 18838.958
[2, 28100] loss: 38603.315
[2, 28120] loss: 16619.377
[2, 28140] loss: 33315.813
[2, 28160] loss: 15676.723
[2, 28180] loss: 16999.652
[2, 28200] loss: 33311.178
[2, 28220] loss: 31860.749
[2, 28240] loss: 25317.002
[2, 28260] loss: 52030.592
[2, 28280] loss: 21376.082
[2, 28300] loss: 14269.788
[2, 28320] loss: 22215.607
[2, 28340] loss: 14281.621
[2, 28360] loss: 20839.902
[2, 28380] loss: 20019.398
[2, 28400] loss: 23046.543
[2, 28420] loss: 12263.579
[2, 28440] loss: 34594.863
[2, 28460] loss: 24257.211
[2, 28480] loss: 22397.197
[2, 28500] loss: 13872.564
[2, 28520] loss: 24921.415
[2, 28540] loss: 11704.753
[2, 28560] loss: 21559.318
[2, 28580] loss: 21874.387
[2, 28600] loss: 6948.028
[2, 28620] loss: 17046.024
[2, 28640] loss: 13355.994
[2, 28660] loss: 14557.480
[2, 28680] loss: 20889.204
[2, 28700] loss: 24884.601
[2, 28720] loss: 6121.289
[2, 28740] loss: 8886.831
[2, 28760] loss: 14285.409
[2, 28780] loss: 20501.569
[2, 28800] loss: 11639.648
[2, 28820] loss: 10810.836
[2, 28840] loss: 13020.742
[2, 28860] loss: 14441.868
[2, 28880] loss: 14191.149
[2, 28900] loss: 16984.899
[2, 28920] loss: 15090.239
[2, 28940] loss: 18101.790
[2, 28960] loss: 17785.119
[2, 28980] loss: 14764.669
[2, 29000] loss: 16585.470
[2, 29020] loss: 29038.606
[2, 29040] loss: 11402.746
[2, 29060] loss: 14973.174
[2, 29080] loss: 9816.187
[2, 29100] loss: 5950.182
[2, 29120] loss: 9382.158
[2, 29140] loss: 11267.350
[2, 29160] loss: 6030.804
[2, 29180] loss: 12560.877
[2, 29200] loss: 12688.373
[2, 29220] loss: 11009.155
[2, 29240] loss: 15192.266
[2, 29260] loss: 5205.399
[2, 29280] loss: 9026.691
[2, 29300] loss: 11389.284
[2, 29320] loss: 9328.512
[2, 29340] loss: 9711.104
[2, 29360] loss: 6500.576
[2, 29380] loss: 3749.084
[2, 29400] loss: 6332.058
[2, 29420] loss: 7385.545
[2, 29440] loss: 4150.740
[2, 29460] loss: 14269.422
[2, 29480] loss: 14491.474
[2, 29500] loss: 5456.930
[2, 29520] loss: 5849.833
[2, 29540] loss: 5857.260
[2, 29560] loss: 12857.019
[2, 29580] loss: 8768.633
[2, 29600] loss: 7887.340
[2, 29620] loss: 7853.634
[2, 29640] loss: 10374.820
[2, 29660] loss: 4303.896
[2, 29680] loss: 11841.349
[2, 29700] loss: 2912.561
[2, 29720] loss: 7143.186
[2, 29740] loss: 5446.733
[2, 29760] loss: 5822.881
[2, 29780] loss: 7343.556
[2, 29800] loss: 6042.044
[2, 29820] loss: 7070.853
[2, 29840] loss: 10605.312
[2, 29860] loss: 8239.603
[2, 29880] loss: 7435.382
[2, 29900] loss: 7045.310
[2, 29920] loss: 5058.595
[2, 29940] loss: 4161.863
[2, 29960] loss: 5798.096
[2, 29980] loss: 12084.300
[2, 30000] loss: 6749.984
[2, 30020] loss: 2710.486
[2, 30040] loss: 4714.342
[2, 30060] loss: 2252.158
[2, 30080] loss: 7246.532
[2, 30100] loss: 7953.876
[2, 30120] loss: 3549.499
[2, 30140] loss: 7478.575
[2, 30160] loss: 5801.062
[2, 30180] loss: 6963.676
[2, 30200] loss: 4276.549
[2, 30220] loss: 6568.722
[2, 30240] loss: 8857.695
[2, 30260] loss: 4689.127
[2, 30280] loss: 3999.407
[2, 30300] loss: 3705.745
[2, 30320] loss: 5194.488
[2, 30340] loss: 5900.526
[2, 30360] loss: 4780.012
[2, 30380] loss: 5831.969
[2, 30400] loss: 3240.332
[2, 30420] loss: 4717.280
[1,    20] loss: 871.253
[1,    40] loss: 2926.321
[1,    60] loss: 3531.512
[1,    80] loss: 3165.696
[1,   100] loss: 2838.408
[1,   120] loss: 2951.197
[1,   140] loss: 3030.285
[1,   160] loss: 3277.697
[1,   180] loss: 4617.241
[1,   200] loss: 5347.712
[1,   220] loss: 5011.658
[1,   240] loss: 4811.904
[1,   260] loss: 4664.879
[1,   280] loss: 4598.336
[1,   300] loss: 4608.018
[1,   320] loss: 4607.458
[1,   340] loss: 4799.892
[1,   360] loss: 4844.466
[1,   380] loss: 4911.973
[1,   400] loss: 4734.711
[1,   420] loss: 4535.504
[1,   440] loss: 4401.281
[1,   460] loss: 4390.532
[1,   480] loss: 4561.762
[1,   500] loss: 4778.237
[1,   520] loss: 5200.195
[1,   540] loss: 5573.839
[1,   560] loss: 5709.769
[1,   580] loss: 5594.558
[1,   600] loss: 5439.172
[1,   620] loss: 5270.945
[1,   640] loss: 5215.419
[1,   660] loss: 5181.170
[1,   680] loss: 5181.684
[1,   700] loss: 5127.138
[1,   720] loss: 5128.771
[1,   740] loss: 5068.061
[1,   760] loss: 5000.365
[1,   780] loss: 4947.755
[1,   800] loss: 4865.651
[1,   820] loss: 4832.292
[1,   840] loss: 4763.857
[1,   860] loss: 4694.132
[1,   880] loss: 4658.490
[1,   900] loss: 4574.005
[1,   920] loss: 4478.661
[1,   940] loss: 4402.558
[1,   960] loss: 4332.547
[1,   980] loss: 4255.722
[1,  1000] loss: 4176.062
[1,  1020] loss: 4106.174
[1,  1040] loss: 4045.769
[1,  1060] loss: 3976.726
[1,  1080] loss: 3904.595
[1,  1100] loss: 3836.231
[1,  1120] loss: 3772.484
[1,  1140] loss: 3714.889
[1,  1160] loss: 3662.097
[1,  1180] loss: 3623.789
[1,  1200] loss: 3597.612
[1,  1220] loss: 3580.785
[1,  1240] loss: 3569.976
[1,  1260] loss: 3531.371
[1,  1280] loss: 3509.015
[1,  1300] loss: 3499.333
[1,  1320] loss: 3449.550
[1,  1340] loss: 3406.205
[1,  1360] loss: 3366.305
[1,  1380] loss: 3331.073
[1,  1400] loss: 3313.922
[1,  1420] loss: 3308.539
[1,  1440] loss: 3343.229
[1,  1460] loss: 3403.560
[1,  1480] loss: 3435.434
[1,  1500] loss: 3500.972
[1,  1520] loss: 3586.071
[1,  1540] loss: 3664.194
[1,  1560] loss: 3705.358
[1,  1580] loss: 3716.343
[1,  1600] loss: 3713.437
[1,  1620] loss: 3703.877
[1,  1640] loss: 3697.153
[1,  1660] loss: 3682.765
[1,  1680] loss: 3640.796
[1,  1700] loss: 3602.262
[1,  1720] loss: 3568.029
[1,  1740] loss: 3530.287
[1,  1760] loss: 3495.327
[1,  1780] loss: 3458.975
[1,  1800] loss: 3431.083
[1,  1820] loss: 3406.597
[1,  1840] loss: 3380.655
[1,  1860] loss: 3373.122
[1,  1880] loss: 3369.608
[1,  1900] loss: 3367.193
[1,  1920] loss: 3382.277
[1,  1940] loss: 3468.638
[1,  1960] loss: 3512.385
[1,  1980] loss: 3506.292
[1,  2000] loss: 3479.079
[1,  2020] loss: 3511.351
[1,  2040] loss: 3592.325
[1,  2060] loss: 3656.020
[1,  2080] loss: 3656.379
[1,  2100] loss: 3692.420
[1,  2120] loss: 3836.204
[1,  2140] loss: 3939.376
[1,  2160] loss: 3907.413
[1,  2180] loss: 3890.932
[1,  2200] loss: 3921.726
[1,  2220] loss: 3966.389
[1,  2240] loss: 4004.382
[1,  2260] loss: 4025.722
[1,  2280] loss: 4060.557
[1,  2300] loss: 4089.149
[1,  2320] loss: 4071.660
[1,  2340] loss: 4051.153
[1,  2360] loss: 4052.388
[1,  2380] loss: 4110.049
[1,  2400] loss: 4099.369
[1,  2420] loss: 4072.543
[1,  2440] loss: 4041.752
[1,  2460] loss: 4045.293
[1,  2480] loss: 4080.219
[1,  2500] loss: 4114.917
[1,  2520] loss: 4145.143
[1,  2540] loss: 4155.526
[1,  2560] loss: 4128.919
[1,  2580] loss: 4117.230
[1,  2600] loss: 4153.986
[1,  2620] loss: 4197.010
[1,  2640] loss: 4237.537
[1,  2660] loss: 4265.644
[1,  2680] loss: 4248.662
[1,  2700] loss: 4234.419
[1,  2720] loss: 4243.833
[1,  2740] loss: 4232.203
[1,  2760] loss: 4210.316
[1,  2780] loss: 4185.098
[1,  2800] loss: 4156.824
[1,  2820] loss: 4128.204
[1,  2840] loss: 4105.915
[1,  2860] loss: 4108.613
[1,  2880] loss: 4129.413
[1,  2900] loss: 4157.059
[1,  2920] loss: 4185.510
[1,  2940] loss: 4187.127
[1,  2960] loss: 4162.714
[1,  2980] loss: 4140.312
[1,  3000] loss: 4125.957
[1,  3020] loss: 4105.045
[1,  3040] loss: 4078.728
[1,  3060] loss: 4063.268
[1,  3080] loss: 4066.508
[1,  3100] loss: 4058.336
[1,  3120] loss: 4058.276
[1,  3140] loss: 4046.080
[1,  3160] loss: 4026.934
[1,  3180] loss: 4004.181
[1,  3200] loss: 3983.057
[1,  3220] loss: 3964.525
[1,  3240] loss: 3942.350
[1,  3260] loss: 3922.087
[1,  3280] loss: 3925.564
[1,  3300] loss: 3924.066
[1,  3320] loss: 3902.549
[1,  3340] loss: 3880.165
[1,  3360] loss: 3858.439
[2,    20] loss: 871.253
[2,    40] loss: 2926.321
[2,    60] loss: 3531.512
[2,    80] loss: 3165.696
[2,   100] loss: 2838.408
[2,   120] loss: 2951.197
[2,   140] loss: 3030.285
[2,   160] loss: 3277.697
[2,   180] loss: 4617.241
[2,   200] loss: 5347.712
[2,   220] loss: 5011.658
[2,   240] loss: 4811.904
[2,   260] loss: 4664.879
[2,   280] loss: 4598.336
[2,   300] loss: 4608.018
[2,   320] loss: 4607.458
[2,   340] loss: 4799.892
[2,   360] loss: 4844.466
[2,   380] loss: 4911.973
[2,   400] loss: 4734.711
[2,   420] loss: 4535.504
[2,   440] loss: 4401.281
[2,   460] loss: 4390.532
[2,   480] loss: 4561.762
[2,   500] loss: 4778.237
[2,   520] loss: 5200.195
[2,   540] loss: 5573.839
[2,   560] loss: 5709.769
[2,   580] loss: 5594.558
[2,   600] loss: 5439.172
[2,   620] loss: 5270.945
[2,   640] loss: 5215.419
[2,   660] loss: 5181.170
[2,   680] loss: 5181.684
[2,   700] loss: 5127.138
[2,   720] loss: 5128.771
[2,   740] loss: 5068.061
[2,   760] loss: 5000.365
[2,   780] loss: 4947.755
[2,   800] loss: 4865.651
[2,   820] loss: 4832.292
[2,   840] loss: 4763.857
[2,   860] loss: 4694.132
[2,   880] loss: 4658.490
[2,   900] loss: 4574.005
[2,   920] loss: 4478.661
[2,   940] loss: 4402.558
[2,   960] loss: 4332.547
[2,   980] loss: 4255.722
[2,  1000] loss: 4176.062
[2,  1020] loss: 4106.174
[2,  1040] loss: 4045.769
[2,  1060] loss: 3976.726
[2,  1080] loss: 3904.595
[2,  1100] loss: 3836.231
[2,  1120] loss: 3772.484
[2,  1140] loss: 3714.889
[2,  1160] loss: 3662.097
[2,  1180] loss: 3623.789
[2,  1200] loss: 3597.612
[2,  1220] loss: 3580.785
[2,  1240] loss: 3569.976
[2,  1260] loss: 3531.371
[2,  1280] loss: 3509.015
[2,  1300] loss: 3499.333
[2,  1320] loss: 3449.550
[2,  1340] loss: 3406.205
[2,  1360] loss: 3366.305
[2,  1380] loss: 3331.073
[2,  1400] loss: 3313.922
[2,  1420] loss: 3308.539
[2,  1440] loss: 3343.229
[2,  1460] loss: 3403.560
[2,  1480] loss: 3435.434
[2,  1500] loss: 3500.972
[2,  1520] loss: 3586.071
[2,  1540] loss: 3664.194
[2,  1560] loss: 3705.358
[2,  1580] loss: 3716.343
[2,  1600] loss: 3713.437
[2,  1620] loss: 3703.877
[2,  1640] loss: 3697.153
[2,  1660] loss: 3682.765
[2,  1680] loss: 3640.796
[2,  1700] loss: 3602.262
[2,  1720] loss: 3568.029
[2,  1740] loss: 3530.287
[2,  1760] loss: 3495.327
[2,  1780] loss: 3458.975
[2,  1800] loss: 3431.083
[2,  1820] loss: 3406.597
[2,  1840] loss: 3380.655
[2,  1860] loss: 3373.122
[2,  1880] loss: 3369.608
[2,  1900] loss: 3367.193
[2,  1920] loss: 3382.277
[2,  1940] loss: 3468.638
[2,  1960] loss: 3512.385
[2,  1980] loss: 3506.292
[2,  2000] loss: 3479.079
[2,  2020] loss: 3511.351
[2,  2040] loss: 3592.325
[2,  2060] loss: 3656.020
[2,  2080] loss: 3656.379
[2,  2100] loss: 3692.420
[2,  2120] loss: 3836.204
[2,  2140] loss: 3939.376
[2,  2160] loss: 3907.413
[2,  2180] loss: 3890.932
[2,  2200] loss: 3921.726
[2,  2220] loss: 3966.389
[2,  2240] loss: 4004.382
[2,  2260] loss: 4025.722
[2,  2280] loss: 4060.557
[2,  2300] loss: 4089.149
[2,  2320] loss: 4071.660
[2,  2340] loss: 4051.153
[2,  2360] loss: 4052.388
[2,  2380] loss: 4110.049
[2,  2400] loss: 4099.369
[2,  2420] loss: 4072.543
[2,  2440] loss: 4041.752
[2,  2460] loss: 4045.293
[2,  2480] loss: 4080.219
[2,  2500] loss: 4114.917
[2,  2520] loss: 4145.143
[2,  2540] loss: 4155.526
[2,  2560] loss: 4128.919
[2,  2580] loss: 4117.230
[2,  2600] loss: 4153.986
[2,  2620] loss: 4197.010
[2,  2640] loss: 4237.537
[2,  2660] loss: 4265.644
[2,  2680] loss: 4248.662
[2,  2700] loss: 4234.419
[2,  2720] loss: 4243.833
[2,  2740] loss: 4232.203
[2,  2760] loss: 4210.316
[2,  2780] loss: 4185.098
[2,  2800] loss: 4156.824
[2,  2820] loss: 4128.204
[2,  2840] loss: 4105.915
[2,  2860] loss: 4108.613
[2,  2880] loss: 4129.413
[2,  2900] loss: 4157.059
[2,  2920] loss: 4185.510
[2,  2940] loss: 4187.127
[2,  2960] loss: 4162.714
[2,  2980] loss: 4140.312
[2,  3000] loss: 4125.957
[2,  3020] loss: 4105.045
[2,  3040] loss: 4078.728
[2,  3060] loss: 4063.268
[2,  3080] loss: 4066.508
[2,  3100] loss: 4058.336
[2,  3120] loss: 4058.276
[2,  3140] loss: 4046.080
[2,  3160] loss: 4026.934
[2,  3180] loss: 4004.181
[2,  3200] loss: 3983.057
[2,  3220] loss: 3964.525
[2,  3240] loss: 3942.350
[2,  3260] loss: 3922.087
[2,  3280] loss: 3925.564
[2,  3300] loss: 3924.066
[2,  3320] loss: 3902.549
[2,  3340] loss: 3880.165
[2,  3360] loss: 3858.439
