cuda:  1
color_space: YCbCr
batch_size: 1
num_epcochs: 2
learning_rate: 0.003
[1,    20] loss: 26.488
[1,    40] loss: 13.210
[1,    60] loss: 1.531
[1,    80] loss: 0.106
[1,   100] loss: 0.049
[1,   120] loss: 0.105
[1,   140] loss: 0.123
[1,   160] loss: 0.030
[1,   180] loss: 0.042
[1,   200] loss: 0.048
[1,   220] loss: 0.232
[1,   240] loss: 0.126
[1,   260] loss: 0.025
[1,   280] loss: 0.145
[1,   300] loss: 0.064
[1,   320] loss: 0.009
[1,   340] loss: 0.278
[1,   360] loss: 0.120
[1,   380] loss: 0.028
[1,   400] loss: 0.201
[1,   420] loss: 0.270
[1,   440] loss: 0.096
[1,   460] loss: 0.045
[1,   480] loss: 0.093
[1,   500] loss: 0.117
[1,   520] loss: 0.066
[1,   540] loss: 0.036
[1,   560] loss: 0.122
[1,   580] loss: 0.026
[1,   600] loss: 0.053
[1,   620] loss: 0.119
[1,   640] loss: 0.030
[1,   660] loss: 0.186
[1,   680] loss: 0.095
[1,   700] loss: 0.040
[1,   720] loss: 0.035
[1,   740] loss: 0.078
[1,   760] loss: 0.101
[1,   780] loss: 0.102
[1,   800] loss: 0.204
[1,   820] loss: 0.214
[1,   840] loss: 0.333
[1,   860] loss: 0.043
[1,   880] loss: 0.115
[1,   900] loss: 0.037
[1,   920] loss: 0.021
[1,   940] loss: 0.038
[1,   960] loss: 0.031
[1,   980] loss: 0.111
[1,  1000] loss: 0.029
[1,  1020] loss: 0.067
[1,  1040] loss: 0.026
[1,  1060] loss: 0.048
[1,  1080] loss: 0.025
[1,  1100] loss: 0.069
[1,  1120] loss: 0.037
[1,  1140] loss: 0.093
[1,  1160] loss: 0.142
[1,  1180] loss: 0.049
[1,  1200] loss: 0.165
[1,  1220] loss: 0.240
[1,  1240] loss: 0.031
[1,  1260] loss: 0.140
[1,  1280] loss: 0.170
[1,  1300] loss: 0.072
[1,  1320] loss: 0.016
[1,  1340] loss: 0.024
[1,  1360] loss: 0.104
[1,  1380] loss: 0.056
[1,  1400] loss: 0.066
[1,  1420] loss: 0.126
[1,  1440] loss: 0.168
[1,  1460] loss: 0.148
[1,  1480] loss: 0.050
[1,  1500] loss: 0.046
[1,  1520] loss: 0.033
[1,  1540] loss: 0.046
[1,  1560] loss: 0.202
[1,  1580] loss: 0.077
[1,  1600] loss: 0.052
[1,  1620] loss: 0.107
[1,  1640] loss: 0.035
[1,  1660] loss: 0.072
[1,  1680] loss: 0.139
[1,  1700] loss: 0.107
[1,  1720] loss: 0.101
[1,  1740] loss: 0.031
[1,  1760] loss: 0.019
[1,  1780] loss: 0.017
[1,  1800] loss: 0.195
[1,  1820] loss: 0.037
[1,  1840] loss: 0.100
[1,  1860] loss: 0.227
[1,  1880] loss: 0.056
[1,  1900] loss: 0.042
[1,  1920] loss: 0.017
[1,  1940] loss: 0.022
[1,  1960] loss: 0.038
[1,  1980] loss: 0.093
[1,  2000] loss: 0.020
[1,  2020] loss: 0.018
[1,  2040] loss: 0.054
[1,  2060] loss: 0.030
[1,  2080] loss: 0.041
[1,  2100] loss: 0.020
[1,  2120] loss: 0.045
[1,  2140] loss: 0.061
[1,  2160] loss: 0.020
[1,  2180] loss: 0.076
[1,  2200] loss: 0.044
[1,  2220] loss: 0.057
[1,  2240] loss: 0.022
[1,  2260] loss: 0.025
[1,  2280] loss: 0.091
[1,  2300] loss: 0.091
[1,  2320] loss: 0.089
[1,  2340] loss: 0.249
[1,  2360] loss: 0.017
[1,  2380] loss: 0.024
[1,  2400] loss: 0.127
[1,  2420] loss: 0.028
[1,  2440] loss: 0.033
[1,  2460] loss: 0.091
[1,  2480] loss: 0.130
[1,  2500] loss: 0.058
[1,  2520] loss: 0.025
[1,  2540] loss: 0.041
[1,  2560] loss: 0.107
[1,  2580] loss: 0.055
[1,  2600] loss: 0.046
[1,  2620] loss: 0.067
[1,  2640] loss: 0.060
[1,  2660] loss: 0.074
[1,  2680] loss: 0.031
[1,  2700] loss: 0.053
[1,  2720] loss: 0.049
[1,  2740] loss: 0.049
[1,  2760] loss: 0.037
[1,  2780] loss: 0.172
[1,  2800] loss: 0.070
[1,  2820] loss: 0.055
[1,  2840] loss: 0.025
[1,  2860] loss: 0.043
[1,  2880] loss: 0.106
[1,  2900] loss: 0.088
[1,  2920] loss: 0.035
[1,  2940] loss: 0.032
[1,  2960] loss: 0.137
[1,  2980] loss: 0.017
[1,  3000] loss: 0.015
[1,  3020] loss: 0.037
[1,  3040] loss: 0.028
[1,  3060] loss: 0.073
[1,  3080] loss: 0.024
[1,  3100] loss: 0.159
[1,  3120] loss: 0.080
[1,  3140] loss: 0.029
[1,  3160] loss: 0.055
[1,  3180] loss: 0.051
[1,  3200] loss: 0.121
[1,  3220] loss: 0.110
[1,  3240] loss: 0.123
[1,  3260] loss: 0.055
[1,  3280] loss: 0.024
[1,  3300] loss: 0.099
[1,  3320] loss: 0.048
[1,  3340] loss: 0.157
[1,  3360] loss: 0.088
[1,  3380] loss: 0.144
[1,  3400] loss: 0.058
[1,  3420] loss: 0.033
[1,  3440] loss: 0.066
[1,  3460] loss: 0.225
[1,  3480] loss: 0.067
[1,  3500] loss: 0.065
[1,  3520] loss: 0.016
[1,  3540] loss: 0.039
[1,  3560] loss: 0.073
[1,  3580] loss: 0.084
[1,  3600] loss: 0.104
[1,  3620] loss: 0.285
[1,  3640] loss: 0.025
[1,  3660] loss: 0.024
[1,  3680] loss: 0.061
[1,  3700] loss: 0.037
[1,  3720] loss: 0.027
[1,  3740] loss: 0.114
[1,  3760] loss: 0.030
[1,  3780] loss: 0.065
[1,  3800] loss: 0.022
[1,  3820] loss: 0.104
[1,  3840] loss: 0.028
[1,  3860] loss: 0.049
[1,  3880] loss: 0.069
[1,  3900] loss: 0.109
[1,  3920] loss: 0.180
[1,  3940] loss: 0.047
[1,  3960] loss: 0.085
[1,  3980] loss: 0.105
[1,  4000] loss: 0.028
[1,  4020] loss: 0.015
[1,  4040] loss: 0.128
[1,  4060] loss: 0.045
[1,  4080] loss: 0.059
[1,  4100] loss: 0.038
[1,  4120] loss: 0.255
[1,  4140] loss: 0.071
[1,  4160] loss: 0.096
[1,  4180] loss: 0.075
[1,  4200] loss: 0.059
[1,  4220] loss: 0.005
[1,  4240] loss: 0.026
[1,  4260] loss: 0.023
[1,  4280] loss: 0.102
[1,  4300] loss: 0.029
[1,  4320] loss: 0.314
[1,  4340] loss: 0.064
[1,  4360] loss: 0.141
[1,  4380] loss: 0.034
[1,  4400] loss: 0.040
[1,  4420] loss: 0.041
[1,  4440] loss: 0.079
[1,  4460] loss: 0.048
[1,  4480] loss: 0.022
[1,  4500] loss: 0.091
[1,  4520] loss: 0.055
[1,  4540] loss: 0.035
[1,  4560] loss: 0.163
[1,  4580] loss: 0.270
[1,  4600] loss: 0.071
[1,  4620] loss: 0.071
[1,  4640] loss: 0.055
[1,  4660] loss: 0.040
[1,  4680] loss: 0.095
[1,  4700] loss: 0.075
[1,  4720] loss: 0.013
[1,  4740] loss: 0.087
[1,  4760] loss: 0.188
[1,  4780] loss: 0.059
[1,  4800] loss: 0.057
[1,  4820] loss: 0.032
[1,  4840] loss: 0.189
[1,  4860] loss: 0.021
[1,  4880] loss: 0.134
[1,  4900] loss: 0.028
[1,  4920] loss: 0.180
[1,  4940] loss: 0.067
[1,  4960] loss: 0.030
[1,  4980] loss: 0.054
[1,  5000] loss: 0.069
[1,  5020] loss: 0.064
[1,  5040] loss: 0.039
[1,  5060] loss: 0.040
[1,  5080] loss: 0.296
[1,  5100] loss: 0.234
[1,  5120] loss: 1102644931.351
[1,  5140] loss: 351654983494666.750
[1,  5160] loss: 840864355493990.375
[1,  5180] loss: 59216360833024.000
[1,  5200] loss: 3863019180710.400
[1,  5220] loss: 1662808057753.600
[1,  5240] loss: 617426914396.800
[1,  5260] loss: 119320594739.200
[1,  5280] loss: 218250879347.200
[1,  5300] loss: 125590952854.400
[1,  5320] loss: 70565600326.600
[1,  5340] loss: 67457961812.275
[1,  5360] loss: 24708102277.500
[1,  5380] loss: 26846237970.400
[1,  5400] loss: 33689615532.800
[1,  5420] loss: 28361800025.819
[1,  5440] loss: 33192433416.200
[1,  5460] loss: 21133268535.600
[1,  5480] loss: 27987587556.600
[1,  5500] loss: 44987731356.800
[1,  5520] loss: 9187024786.644
[1,  5540] loss: 65459427067.039
[1,  5560] loss: 19842635825.600
[1,  5580] loss: 27610846511.100
[1,  5600] loss: 13684070135.285
[1,  5620] loss: 18356893916.498
[1,  5640] loss: 18859678008.062
[1,  5660] loss: 11967843326.300
[1,  5680] loss: 14341013861.094
[1,  5700] loss: 20521100312.800
[1,  5720] loss: 15810767644.100
[1,  5740] loss: 17919190529.994
[1,  5760] loss: 8207695913.744
[1,  5780] loss: 23584173431.450
[1,  5800] loss: 18283540372.000
[1,  5820] loss: 21300285156.400
[1,  5840] loss: 11153704791.300
[1,  5860] loss: 12999709816.600
[1,  5880] loss: 8004698480.702
[1,  5900] loss: 10010165329.828
[1,  5920] loss: 5681497576.587
[1,  5940] loss: 12241118239.700
[1,  5960] loss: 4672188538.275
[1,  5980] loss: 8618566327.100
[1,  6000] loss: 8461056622.400
[1,  6020] loss: 4595228636.900
[1,  6040] loss: 9901479407.725
[1,  6060] loss: 7216598538.700
[1,  6080] loss: 8677018137.575
[1,  6100] loss: 6485654430.600
[1,  6120] loss: 2265076961.250
[1,  6140] loss: 1914014892.400
[1,  6160] loss: 2176363956.894
[1,  6180] loss: 3577122283.737
[1,  6200] loss: 2844085276.075
[1,  6220] loss: 4962589019.883
[1,  6240] loss: 10611731564.100
[1,  6260] loss: 4852719739.275
[1,  6280] loss: 2166183061.875
[1,  6300] loss: 5158720323.625
[1,  6320] loss: 6984356018.300
[1,  6340] loss: 6844625025.375
[1,  6360] loss: 3390558408.000
[1,  6380] loss: 1933465334.225
[1,  6400] loss: 1773802148.358
[1,  6420] loss: 2519492167.750
[1,  6440] loss: 5976446985.200
[1,  6460] loss: 1374933447.800
[1,  6480] loss: 3277254798.550
[1,  6500] loss: 12523537209.850
[1,  6520] loss: 2326890732.719
[1,  6540] loss: 3562714897.675
[1,  6560] loss: 4127709165.600
[1,  6580] loss: 2251479225.125
[1,  6600] loss: 4180631414.775
[1,  6620] loss: 3672453079.984
[1,  6640] loss: 1405303072.032
[1,  6660] loss: 2801268135.785
[1,  6680] loss: 14721333882.200
[1,  6700] loss: 19460285995.600
[1,  6720] loss: 2613687560.300
[1,  6740] loss: 1637705442.900
[1,  6760] loss: 1276404983.256
[1,  6780] loss: 1134303461.487
[1,  6800] loss: 1634545925.994
[1,  6820] loss: 3982917780.370
[1,  6840] loss: 1792298810.000
[1,  6860] loss: 2363286167.205
[1,  6880] loss: 3442229344.150
[1,  6900] loss: 722953971.038
[1,  6920] loss: 622501507.466
[1,  6940] loss: 751189548.391
[1,  6960] loss: 3234270874.100
[1,  6980] loss: 1528848126.536
[1,  7000] loss: 1492032080.273
[1,  7020] loss: 32736135192.100
[1,  7040] loss: 13903204499.900
[1,  7060] loss: 44169062731.955
[1,  7080] loss: 15370682601.200
[1,  7100] loss: 31414504122.225
[1,  7120] loss: 22011776518.400
[1,  7140] loss: 941018853.950
[1,  7160] loss: 408860295.312
[1,  7180] loss: 1199625239.500
[1,  7200] loss: 396034877.491
[1,  7220] loss: 888048089.816
[1,  7240] loss: 826405205.959
[1,  7260] loss: 359158699.898
[1,  7280] loss: 462785189.602
[1,  7300] loss: 1792367407.375
[1,  7320] loss: 454619614.581
[1,  7340] loss: 406169570.400
[1,  7360] loss: 1537284823.516
[1,  7380] loss: 748061672.700
[1,  7400] loss: 873383394.325
[1,  7420] loss: 1106329332.103
[1,  7440] loss: 1327482390.925
[1,  7460] loss: 2755042466.112
[1,  7480] loss: 354050078.889
[1,  7500] loss: 1393333367.869
[1,  7520] loss: 538607336.956
[1,  7540] loss: 335188728.084
[1,  7560] loss: 465408790.047
[1,  7580] loss: 1022155880.469
[1,  7600] loss: 1844908667.925
[1,  7620] loss: 1989240245.794
[1,  7640] loss: 516390289.806
[1,  7660] loss: 291745650.812
[1,  7680] loss: 667217316.888
[1,  7700] loss: 134760181.353
[1,  7720] loss: 209165013.066
[1,  7740] loss: 461206342.837
[1,  7760] loss: 9908716337.600
[1,  7780] loss: 921256074.342
[1,  7800] loss: 540069913.075
[1,  7820] loss: 410940989.938
[1,  7840] loss: 523624100.113
[1,  7860] loss: 630184380.350
[1,  7880] loss: 6261455228.400
[1,  7900] loss: 6422033239.200
[1,  7920] loss: 3964187929.815
[1,  7940] loss: 454556241.637
[1,  7960] loss: 2257183505.875
[1,  7980] loss: 2397566263.650
[1,  8000] loss: 888525877.862
[1,  8020] loss: 933408432.189
[1,  8040] loss: 671367193.400
[1,  8060] loss: 259372234.100
[1,  8080] loss: 453985554.028
[1,  8100] loss: 310405639.922
[1,  8120] loss: 299153456.697
[1,  8140] loss: 341200642.475
[1,  8160] loss: 523069456.722
[1,  8180] loss: 777262645.653
[1,  8200] loss: 574299972.013
[1,  8220] loss: 120165744.356
[1,  8240] loss: 280658191.977
[1,  8260] loss: 136782136.562
[1,  8280] loss: 167612010.705
[1,  8300] loss: 265260717.050
[1,  8320] loss: 294816072.500
[1,  8340] loss: 299525080.408
[1,  8360] loss: 216328348.401
[1,  8380] loss: 291335457.887
[1,  8400] loss: 221456642.491
[1,  8420] loss: 456397743.391
[1,  8440] loss: 211756728.145
[1,  8460] loss: 1194363000.650
[1,  8480] loss: 200455542.857
[1,  8500] loss: 449486781.370
[1,  8520] loss: 605045381.158
[1,  8540] loss: 746700707.700
[1,  8560] loss: 270088667.856
[1,  8580] loss: 214289212.842
[1,  8600] loss: 224742970.004
[1,  8620] loss: 406759284.650
[1,  8640] loss: 1074223060.025
[1,  8660] loss: 430060807.723
[1,  8680] loss: 368517460.434
[1,  8700] loss: 247548678.963
[1,  8720] loss: 1351214292.100
[1,  8740] loss: 607809641.197
[1,  8760] loss: 566732984.659
[1,  8780] loss: 151403538.829
[1,  8800] loss: 401530093.589
[1,  8820] loss: 367585796.711
[1,  8840] loss: 247342562.615
[1,  8860] loss: 364435699.599
[1,  8880] loss: 129961575.519
[1,  8900] loss: 294199756.212
[1,  8920] loss: 313715318.822
[1,  8940] loss: 226802654.402
[1,  8960] loss: 155167067.930
[1,  8980] loss: 151791592.480
[1,  9000] loss: 141566507.863
[1,  9020] loss: 335528657.771
[1,  9040] loss: 270335382.062
[1,  9060] loss: 147327354.428
[1,  9080] loss: 277628885.511
[1,  9100] loss: 1262718933.542
[1,  9120] loss: 3548653602.525
[1,  9140] loss: 8339018051.256
[1,  9160] loss: 2868862566.850
[1,  9180] loss: 560109584.033
[1,  9200] loss: 1920991351.150
[1,  9220] loss: 464815304.123
[1,  9240] loss: 309778239.675
[1,  9260] loss: 218191546.302
[1,  9280] loss: 746770832.105
[1,  9300] loss: 1852626181.338
[1,  9320] loss: 5187596139.800
[1,  9340] loss: 487042651.250
[1,  9360] loss: 627209670.816
[1,  9380] loss: 238313052.742
[1,  9400] loss: 924334502.728
[1,  9420] loss: 434895205.075
[1,  9440] loss: 81867475.050
[1,  9460] loss: 193299594.635
[1,  9480] loss: 266509940.105
[1,  9500] loss: 2665198303.769
[1,  9520] loss: 7224172062.250
[1,  9540] loss: 2216679019.088
[1,  9560] loss: 18932872762.431
[1,  9580] loss: 24450027243.400
[1,  9600] loss: 41016770829.863
[1,  9620] loss: 9316535119.463
[1,  9640] loss: 2623601707.600
[1,  9660] loss: 1289500690.022
[1,  9680] loss: 1862078843.756
[1,  9700] loss: 1691223967.211
[1,  9720] loss: 4186529906.700
[1,  9740] loss: 12587752192.393
[1,  9760] loss: 2130815276.450
[1,  9780] loss: 1983661879.675
[1,  9800] loss: 3263647076.675
[1,  9820] loss: 736112731.774
[1,  9840] loss: 1021609309.962
[1,  9860] loss: 2223188669.400
[1,  9880] loss: 4059931525.107
[1,  9900] loss: 21692093721.502
[1,  9920] loss: 9829052458.019
[1,  9940] loss: 1072221216.575
[1,  9960] loss: 644661618.603
[1,  9980] loss: 306695340.753
[1, 10000] loss: 324267563.530
[1, 10020] loss: 420001064.545
[1, 10040] loss: 160902545.074
[1, 10060] loss: 213213014.289
[1, 10080] loss: 185008440.787
[1, 10100] loss: 70136667.893
[1, 10120] loss: 102598872.708
[1, 10140] loss: 154782579.011
[1, 10160] loss: 1370429546.797
[1, 10180] loss: 46169829122.225
[1, 10200] loss: 9099594207.600
[1, 10220] loss: 379363028760.000
[1, 10240] loss: 423390733279.600
[1, 10260] loss: 100178744157.600
[1, 10280] loss: 5439774713.906
[1, 10300] loss: 2006112393.106
[1, 10320] loss: 2643040679.800
[1, 10340] loss: 2290134598.688
[1, 10360] loss: 875023820.794
[1, 10380] loss: 791818370.900
[1, 10400] loss: 269309460.121
[1, 10420] loss: 910956774.544
[1, 10440] loss: 336926612.322
[1, 10460] loss: 407603018.393
[1, 10480] loss: 1482770019.194
[1, 10500] loss: 473240235.766
[1, 10520] loss: 289071857.460
[1, 10540] loss: 338543151.990
[1, 10560] loss: 414094737.425
[1, 10580] loss: 203583221.510
[1, 10600] loss: 257495566.137
[1, 10620] loss: 246214542.719
[1, 10640] loss: 67733844.859
[1, 10660] loss: 96596713.465
[1, 10680] loss: 259809513.877
[1, 10700] loss: 215314073.184
[1, 10720] loss: 332517557.781
[1, 10740] loss: 146321669.953
[1, 10760] loss: 106427771.725
[1, 10780] loss: 111287249.120
[1, 10800] loss: 81642977.324
[1, 10820] loss: 565764299.975
[1, 10840] loss: 595995754.453
[1, 10860] loss: 78485348.647
[1, 10880] loss: 58897208.263
[1, 10900] loss: 147746243.294
[1, 10920] loss: 73795905.897
[1, 10940] loss: 68122387.391
[1, 10960] loss: 63358453.283
[1, 10980] loss: 131277834.416
[1, 11000] loss: 33182753.462
[1, 11020] loss: 49049917.101
[1, 11040] loss: 89847603.150
[1, 11060] loss: 56423874.567
[1, 11080] loss: 54426647.876
[1, 11100] loss: 28672521.287
[1, 11120] loss: 66885429.238
[1, 11140] loss: 144069245.909
[1, 11160] loss: 124171868.089
[1, 11180] loss: 47685686.014
[1, 11200] loss: 122272510.010
[1, 11220] loss: 121553008.811
[1, 11240] loss: 41392294.150
[1, 11260] loss: 68440141.407
[1, 11280] loss: 80284025.679
[1, 11300] loss: 43216525.540
[1, 11320] loss: 66104227.347
[1, 11340] loss: 124752140.031
[1, 11360] loss: 67277705.243
[1, 11380] loss: 91920067.650
[1, 11400] loss: 45831819.598
[1, 11420] loss: 62707025.794
[1, 11440] loss: 50041475.767
[1, 11460] loss: 41294840.708
[1, 11480] loss: 45065310.478
[1, 11500] loss: 62107817.538
[1, 11520] loss: 63323347.258
[1, 11540] loss: 48446281.244
[1, 11560] loss: 492721201.147
[1, 11580] loss: 624297609.962
[1, 11600] loss: 356787626.575
[1, 11620] loss: 389818302.624
[1, 11640] loss: 150523232.165
[1, 11660] loss: 92972686.340
[1, 11680] loss: 63196758.291
[1, 11700] loss: 72085537.422
[1, 11720] loss: 27509621.233
[1, 11740] loss: 70459140.595
[1, 11760] loss: 29105381.056
[1, 11780] loss: 44405516.825
[1, 11800] loss: 92833201.331
[1, 11820] loss: 36986779.337
[1, 11840] loss: 72747981.922
[1, 11860] loss: 39304935.993
[1, 11880] loss: 61158390.642
[1, 11900] loss: 33651913.026
[1, 11920] loss: 39102351.319
[1, 11940] loss: 77256311.675
[1, 11960] loss: 33182858.089
[1, 11980] loss: 43664328.337
[1, 12000] loss: 48625416.384
[1, 12020] loss: 82399313.821
[1, 12040] loss: 74146568.309
[1, 12060] loss: 28335071.348
[1, 12080] loss: 48111621.395
[1, 12100] loss: 82346870.067
[1, 12120] loss: 94006154.228
[1, 12140] loss: 128538917.095
[1, 12160] loss: 74000492.084
[1, 12180] loss: 90952034.958
[1, 12200] loss: 117110964.359
[1, 12220] loss: 72938920.234
[1, 12240] loss: 103382215.213
[1, 12260] loss: 54099329.883
[1, 12280] loss: 549638741.420
[1, 12300] loss: 406910423.764
[1, 12320] loss: 380557234.934
[1, 12340] loss: 169087348.722
[1, 12360] loss: 42553595.393
[1, 12380] loss: 48143133.172
[1, 12400] loss: 85753080.493
[1, 12420] loss: 104991445.143
[1, 12440] loss: 49367263.212
[1, 12460] loss: 37448712.731
[1, 12480] loss: 28616416.104
[1, 12500] loss: 51970671.362
[1, 12520] loss: 79521181.425
[1, 12540] loss: 91089309.008
[1, 12560] loss: 42511955.715
[1, 12580] loss: 52553974.932
[1, 12600] loss: 43950322.834
[1, 12620] loss: 135695451.779
[1, 12640] loss: 41925270.193
[1, 12660] loss: 15313461.370
[1, 12680] loss: 15145813.863
[1, 12700] loss: 22243895.453
[1, 12720] loss: 21708821.386
[1, 12740] loss: 40707093.004
[1, 12760] loss: 45408110.850
[1, 12780] loss: 32749639.902
[1, 12800] loss: 24867939.166
[1, 12820] loss: 104491536.981
[1, 12840] loss: 763689978.241
[1, 12860] loss: 836272850.752
[1, 12880] loss: 146133366.895
[1, 12900] loss: 61837249.922
[1, 12920] loss: 64686349.231
[1, 12940] loss: 62035449.343
[1, 12960] loss: 61044129.521
[1, 12980] loss: 299003552.116
[1, 13000] loss: 47681717.222
[1, 13020] loss: 4068057329.100
[1, 13040] loss: 493382822.750
[1, 13060] loss: 660575669.987
[1, 13080] loss: 87684489.546
[1, 13100] loss: 21210648.329
[1, 13120] loss: 48606820.875
[1, 13140] loss: 90961585.890
[1, 13160] loss: 88463711.862
[1, 13180] loss: 61660273.790
[1, 13200] loss: 38572744.820
[1, 13220] loss: 122964999.425
[1, 13240] loss: 287458755.741
[1, 13260] loss: 104665980.586
[1, 13280] loss: 37979436.844
[1, 13300] loss: 27829264.958
[1, 13320] loss: 36662563.797
[1, 13340] loss: 33619818.223
[1, 13360] loss: 30022084.771
[1, 13380] loss: 19061846.579
[1, 13400] loss: 26205648.197
[1, 13420] loss: 35810952.816
[1, 13440] loss: 43013442.923
[1, 13460] loss: 25773412.022
[1, 13480] loss: 31258524.369
[1, 13500] loss: 11316607.345
[1, 13520] loss: 23708161.115
[1, 13540] loss: 12058051.691
[1, 13560] loss: 525048771.138
[1, 13580] loss: 210603221.244
[1, 13600] loss: 43849620.000
[1, 13620] loss: 16403697.150
[1, 13640] loss: 15980257.533
[1, 13660] loss: 24489597.083
[1, 13680] loss: 105144170.458
[1, 13700] loss: 52299306.669
[1, 13720] loss: 50213268.534
[1, 13740] loss: 64930278.440
[1, 13760] loss: 75683592.504
[1, 13780] loss: 19250839.017
[1, 13800] loss: 18383425.895
[1, 13820] loss: 52433974.110
[1, 13840] loss: 18585178.871
[1, 13860] loss: 10562079.077
[1, 13880] loss: 10796738.435
[1, 13900] loss: 26661607.681
[1, 13920] loss: 69100654.537
[1, 13940] loss: 34810309.779
[1, 13960] loss: 13559496.934
[1, 13980] loss: 57848615.328
[1, 14000] loss: 84800271.660
[1, 14020] loss: 35668333.343
[1, 14040] loss: 42539472.948
[1, 14060] loss: 248436384.062
[1, 14080] loss: 84417829.317
[1, 14100] loss: 31848713.728
[1, 14120] loss: 38518214.941
[1, 14140] loss: 29121737.445
[1, 14160] loss: 52786026.685
[1, 14180] loss: 32761116.481
[1, 14200] loss: 11760723.082
[1, 14220] loss: 14817758.761
[1, 14240] loss: 12742598.179
[1, 14260] loss: 8129443.227
[1, 14280] loss: 16511573.206
[1, 14300] loss: 8901547.206
[1, 14320] loss: 46571797.210
[1, 14340] loss: 55682693.140
[1, 14360] loss: 27560019.437
[1, 14380] loss: 23848848.735
[1, 14400] loss: 37066069.984
[1, 14420] loss: 21212386.253
[1, 14440] loss: 18296796.621
[1, 14460] loss: 17080547.693
[1, 14480] loss: 28993658.352
[1, 14500] loss: 30773668.957
[1, 14520] loss: 54160549.962
[1, 14540] loss: 22175480.313
[1, 14560] loss: 18665756.396
[1, 14580] loss: 13450546.585
[1, 14600] loss: 8698006.257
[1, 14620] loss: 12451536.630
[1, 14640] loss: 17107789.219
[1, 14660] loss: 68693523.931
[1, 14680] loss: 26248415.008
[1, 14700] loss: 19697760.312
[1, 14720] loss: 57115286.442
[1, 14740] loss: 97109839.890
[1, 14760] loss: 8809690.816
[1, 14780] loss: 9107240.497
[1, 14800] loss: 9991165.814
[1, 14820] loss: 4790743.708
[1, 14840] loss: 20506343.133
[1, 14860] loss: 8710529.458
[1, 14880] loss: 20070115.679
[1, 14900] loss: 4813963.040
[1, 14920] loss: 20528475.702
[1, 14940] loss: 48923749.231
[1, 14960] loss: 27135683.018
[1, 14980] loss: 20412605.900
[1, 15000] loss: 22401064.275
[1, 15020] loss: 41536171.553
[1, 15040] loss: 49185034.934
[1, 15060] loss: 12678592.344
[1, 15080] loss: 12654556.705
[1, 15100] loss: 21516952.344
[1, 15120] loss: 17425537.950
[1, 15140] loss: 19165111.204
[1, 15160] loss: 25474136.241
[1, 15180] loss: 9700440.243
[1, 15200] loss: 70949511.137
[1, 15220] loss: 119765377.487
[1, 15240] loss: 1084146611.581
[1, 15260] loss: 3548942724.400
[1, 15280] loss: 3409540348.977
[1, 15300] loss: 583227190.357
[1, 15320] loss: 1199393812.003
[1, 15340] loss: 235103513.287
[1, 15360] loss: 138822774.356
[1, 15380] loss: 66829890.283
[1, 15400] loss: 26011593.579
[1, 15420] loss: 19221531.956
[1, 15440] loss: 6795299.069
[1, 15460] loss: 13284406.221
[1, 15480] loss: 14148183.325
[1, 15500] loss: 11444304.244
[1, 15520] loss: 13153149.060
[1, 15540] loss: 57786301.993
[1, 15560] loss: 24356756.645
[1, 15580] loss: 68992813.376
[1, 15600] loss: 20637262.175
[1, 15620] loss: 101160421.068
[1, 15640] loss: 44081632.777
[1, 15660] loss: 39586367.884
[1, 15680] loss: 6273868.891
[1, 15700] loss: 12024171.654
[1, 15720] loss: 4275874.936
[1, 15740] loss: 2673831.732
[1, 15760] loss: 7547841.051
[1, 15780] loss: 5581418.598
[1, 15800] loss: 16217141.069
[1, 15820] loss: 12097145.740
[1, 15840] loss: 5476398.238
[1, 15860] loss: 5927376.302
[1, 15880] loss: 3731662.269
[1, 15900] loss: 2746767.162
[1, 15920] loss: 10012145.568
[1, 15940] loss: 20252747.181
[1, 15960] loss: 10096426.079
[1, 15980] loss: 4601103.186
[1, 16000] loss: 5312978.058
[1, 16020] loss: 5206015.142
[1, 16040] loss: 5714520.040
[1, 16060] loss: 5298587.112
[1, 16080] loss: 5780641.634
[1, 16100] loss: 4730875.721
[1, 16120] loss: 3346555.363
[1, 16140] loss: 8910233.279
[1, 16160] loss: 14012229.088
[1, 16180] loss: 11241446.238
[1, 16200] loss: 10492459.282
[1, 16220] loss: 25739618.669
[1, 16240] loss: 10784553.487
[1, 16260] loss: 8248013.784
[1, 16280] loss: 2568065.109
[1, 16300] loss: 2354347.068
[1, 16320] loss: 4384134.158
[1, 16340] loss: 8943046.752
[1, 16360] loss: 9523103.713
[1, 16380] loss: 12558931.622
[1, 16400] loss: 9339326.739
[1, 16420] loss: 90303488.301
[1, 16440] loss: 997133069.244
[1, 16460] loss: 16240637245.394
[1, 16480] loss: 21894394420.000
[1, 16500] loss: 1014856051.868
[1, 16520] loss: 1823821200.479
[1, 16540] loss: 439072301.636
[1, 16560] loss: 420382297.431
[1, 16580] loss: 141869041.343
[1, 16600] loss: 122268746.375
[1, 16620] loss: 46089496.045
[1, 16640] loss: 75045163.275
[1, 16660] loss: 30829127.022
[1, 16680] loss: 24261762.826
[1, 16700] loss: 22457270.869
[1, 16720] loss: 45256851.941
[1, 16740] loss: 104294330.716
[1, 16760] loss: 47983683.373
[1, 16780] loss: 15723254.785
[1, 16800] loss: 12992340.684
[1, 16820] loss: 21284765.700
[1, 16840] loss: 11383597.533
[1, 16860] loss: 7542726.616
[1, 16880] loss: 15589399.589
[1, 16900] loss: 6038705.866
[1, 16920] loss: 4631096.941
[1, 16940] loss: 5792133.571
[1, 16960] loss: 4609704.031
[1, 16980] loss: 2156633.855
[1, 17000] loss: 6445989.394
[1, 17020] loss: 7808799.634
[1, 17040] loss: 9039522.102
[1, 17060] loss: 5378790.356
[1, 17080] loss: 6855469.229
[1, 17100] loss: 9806132.570
[1, 17120] loss: 25529050.003
[1, 17140] loss: 8157606.175
[1, 17160] loss: 4535582.535
[1, 17180] loss: 3480295.905
[1, 17200] loss: 3457782.385
[1, 17220] loss: 3842426.958
[1, 17240] loss: 5011966.596
[1, 17260] loss: 10926126.613
[1, 17280] loss: 41011962.424
[1, 17300] loss: 107046608.463
[1, 17320] loss: 15084228.078
[1, 17340] loss: 23267994.531
[1, 17360] loss: 14011158.062
[1, 17380] loss: 7417635.273
[1, 17400] loss: 2865074.285
[1, 17420] loss: 2000129.193
[1, 17440] loss: 2997487.801
[1, 17460] loss: 778150.845
[1, 17480] loss: 1979891.025
[1, 17500] loss: 2786687.582
[1, 17520] loss: 1577693.426
[1, 17540] loss: 2598155.210
[1, 17560] loss: 1126294.989
[1, 17580] loss: 1667244.187
[1, 17600] loss: 1153851.798
[1, 17620] loss: 1795802.847
[1, 17640] loss: 2141271.202
[1, 17660] loss: 1548495.647
[1, 17680] loss: 1431516.820
[1, 17700] loss: 2285240.956
[1, 17720] loss: 2003556.240
[1, 17740] loss: 890110.786
[1, 17760] loss: 1270862.106
[1, 17780] loss: 600571.515
[1, 17800] loss: 2253090.351
[1, 17820] loss: 2611906.771
[1, 17840] loss: 2140917.072
[1, 17860] loss: 4291297.646
[1, 17880] loss: 3146198.144
[1, 17900] loss: 4814995.011
[1, 17920] loss: 5475982.500
[1, 17940] loss: 4815515.824
[1, 17960] loss: 3882160.882
[1, 17980] loss: 2435280.160
[1, 18000] loss: 1571137.763
[1, 18020] loss: 1831469.448
[1, 18040] loss: 1177594.012
[1, 18060] loss: 1243286.968
[1, 18080] loss: 2342180.840
[1, 18100] loss: 1188834.645
[1, 18120] loss: 1565918.844
[1, 18140] loss: 1087857.015
[1, 18160] loss: 1078167.936
[1, 18180] loss: 1114434.096
[1, 18200] loss: 863276.205
[1, 18220] loss: 1230346.834
[1, 18240] loss: 1486997.555
[1, 18260] loss: 1689216.703
[1, 18280] loss: 4489242.306
[1, 18300] loss: 3426300.226
[1, 18320] loss: 4706339.584
[1, 18340] loss: 5547403.764
[1, 18360] loss: 935448.924
[1, 18380] loss: 1169052.884
[1, 18400] loss: 1002118.306
[1, 18420] loss: 2221214.211
[1, 18440] loss: 5103901.147
[1, 18460] loss: 2215757.401
[1, 18480] loss: 656223.812
[1, 18500] loss: 1831443.403
[1, 18520] loss: 5611131.882
[1, 18540] loss: 7103175.132
[1, 18560] loss: 5104123.589
[1, 18580] loss: 7393557.369
[1, 18600] loss: 2985307.708
[1, 18620] loss: 1426395.533
[1, 18640] loss: 2998826.498
[1, 18660] loss: 3464041.163
[1, 18680] loss: 1290875.262
[1, 18700] loss: 3303788.646
[1, 18720] loss: 1274656.343
[1, 18740] loss: 803901.140
[1, 18760] loss: 1215260.795
[1, 18780] loss: 1253590.569
[1, 18800] loss: 1520050.432
[1, 18820] loss: 1186607.755
[1, 18840] loss: 477304.223
[1, 18860] loss: 635238.127
[1, 18880] loss: 1617357.492
[1, 18900] loss: 1363593.178
[1, 18920] loss: 753947.697
[1, 18940] loss: 1194658.424
[1, 18960] loss: 15362053.519
[1, 18980] loss: 3990800.429
[1, 19000] loss: 1311398.345
[1, 19020] loss: 2518956.190
[1, 19040] loss: 2405231.167
[1, 19060] loss: 731439.634
[1, 19080] loss: 2175897.986
[1, 19100] loss: 1988077.528
[1, 19120] loss: 1938251.841
[1, 19140] loss: 3284885.588
[1, 19160] loss: 3863922.183
[1, 19180] loss: 15365249.526
[1, 19200] loss: 31178785.446
[1, 19220] loss: 23251901.031
[1, 19240] loss: 10313423.297
[1, 19260] loss: 16475375.526
[1, 19280] loss: 40338580.296
[1, 19300] loss: 7710267.614
[1, 19320] loss: 2164319.031
[1, 19340] loss: 2405674.258
[1, 19360] loss: 2407821.402
[1, 19380] loss: 1983562.245
[1, 19400] loss: 1486406.619
[1, 19420] loss: 5290722.932
[1, 19440] loss: 42386074.213
[1, 19460] loss: 23235123.143
[1, 19480] loss: 12238714.323
[1, 19500] loss: 14752565.431
[1, 19520] loss: 22589604.014
[1, 19540] loss: 81163301.150
[1, 19560] loss: 94611272.869
[1, 19580] loss: 68911485.445
[1, 19600] loss: 177714233.592
[1, 19620] loss: 31617268.267
[1, 19640] loss: 44877656.816
[1, 19660] loss: 22424131.018
[1, 19680] loss: 7509257.623
[1, 19700] loss: 43722712.414
[1, 19720] loss: 107153256.573
[1, 19740] loss: 69963468.759
[1, 19760] loss: 111491595.540
[1, 19780] loss: 77433655.013
[1, 19800] loss: 14592336.935
[1, 19820] loss: 9647467.421
[1, 19840] loss: 14124331.072
[1, 19860] loss: 6411172.765
[1, 19880] loss: 3936586.627
[1, 19900] loss: 8350830.802
[1, 19920] loss: 2218775.761
[1, 19940] loss: 1666179.317
[1, 19960] loss: 4776154.511
[1, 19980] loss: 5700773.503
[1, 20000] loss: 5542042.806
[1, 20020] loss: 16931327.589
[1, 20040] loss: 23094423.972
[1, 20060] loss: 5379326.052
[1, 20080] loss: 3497877.957
[1, 20100] loss: 4707055.689
[1, 20120] loss: 4263328.495
[1, 20140] loss: 5168880.426
[1, 20160] loss: 1541963.810
[1, 20180] loss: 600196.102
[1, 20200] loss: 4006112.047
[1, 20220] loss: 6495148.605
[1, 20240] loss: 2012417.721
[1, 20260] loss: 5054992.580
[1, 20280] loss: 1459352.750
[1, 20300] loss: 1534521.286
[1, 20320] loss: 1394828.618
[1, 20340] loss: 1047426.513
[1, 20360] loss: 227811653.311
[1, 20380] loss: 1791141991.611
[1, 20400] loss: 245054721525261.594
[1, 20420] loss: 3223493170521702.500
[1, 20440] loss: 68876131814604.797
[1, 20460] loss: 9936002438758.400
[1, 20480] loss: 1295928198758.400
[1, 20500] loss: 1642909081895.400
[1, 20520] loss: 888870881702.400
[1, 20540] loss: 361720972953.600
[1, 20560] loss: 269424009728.000
[1, 20580] loss: 238507188697.600
[1, 20600] loss: 159598669464.400
[1, 20620] loss: 88508498415.155
[1, 20640] loss: 68825231303.200
[1, 20660] loss: 158991073780.800
[1, 20680] loss: 35514795467.550
[1, 20700] loss: 23356330336.400
[1, 20720] loss: 41971343283.800
[1, 20740] loss: 55430915580.800
[1, 20760] loss: 35451076127.587
[1, 20780] loss: 47252823800.000
[1, 20800] loss: 72656464417.700
[1, 20820] loss: 50812308249.200
[1, 20840] loss: 25850394433.800
[1, 20860] loss: 45313789184.000
[1, 20880] loss: 20971232141.650
[1, 20900] loss: 44820297648.200
[1, 20920] loss: 22440546056.594
[1, 20940] loss: 32550409767.000
[1, 20960] loss: 15423028389.600
[1, 20980] loss: 26081333980.800
[1, 21000] loss: 14932088491.771
[1, 21020] loss: 22493564604.650
[1, 21040] loss: 55822259056.000
[1, 21060] loss: 37066341564.800
[1, 21080] loss: 13971138623.450
[1, 21100] loss: 9952701943.200
[1, 21120] loss: 24052209366.681
[1, 21140] loss: 13383540102.800
[1, 21160] loss: 12965276569.600
[1, 21180] loss: 13709107949.000
[1, 21200] loss: 14328321346.800
[1, 21220] loss: 13805207347.200
[1, 21240] loss: 12631404532.800
[1, 21260] loss: 11512156901.600
[1, 21280] loss: 10470210480.675
[1, 21300] loss: 14410104853.650
[1, 21320] loss: 7698193377.425
[1, 21340] loss: 18224838321.169
[1, 21360] loss: 7617578235.000
[1, 21380] loss: 10774487684.400
[1, 21400] loss: 22361051414.400
[1, 21420] loss: 8839938820.400
[1, 21440] loss: 6570944036.000
[1, 21460] loss: 6640615907.200
[1, 21480] loss: 9651633044.300
[1, 21500] loss: 7347411750.818
[1, 21520] loss: 7937398139.500
[1, 21540] loss: 5975529944.900
[1, 21560] loss: 7774264373.950
[1, 21580] loss: 4734294391.600
[1, 21600] loss: 17896559182.800
[1, 21620] loss: 24327404500.800
[1, 21640] loss: 12208816918.200
[1, 21660] loss: 6284083517.200
[1, 21680] loss: 2653869292.600
[1, 21700] loss: 5857803715.200
[1, 21720] loss: 2296951200.131
[1, 21740] loss: 2281688735.336
[1, 21760] loss: 3790301190.025
[1, 21780] loss: 2281807224.359
[1, 21800] loss: 1338605933.450
[1, 21820] loss: 3743968236.350
[1, 21840] loss: 3827039637.637
[1, 21860] loss: 3925847508.400
[1, 21880] loss: 1917494883.250
[1, 21900] loss: 1888462219.600
[1, 21920] loss: 2917372843.762
[1, 21940] loss: 4455228584.000
[1, 21960] loss: 6246184597.900
[1, 21980] loss: 3760812154.875
[1, 22000] loss: 3523410158.400
[1, 22020] loss: 5008373362.000
[1, 22040] loss: 2680258212.762
[1, 22060] loss: 3211859226.250
[1, 22080] loss: 2164769873.325
[1, 22100] loss: 1663076140.000
[1, 22120] loss: 1172814653.536
[1, 22140] loss: 1785951849.850
[1, 22160] loss: 2461835877.062
[1, 22180] loss: 1775582840.730
[1, 22200] loss: 1055376666.844
[1, 22220] loss: 6142290511.487
[1, 22240] loss: 881981997.368
[1, 22260] loss: 1218562564.869
[1, 22280] loss: 1960958589.800
[1, 22300] loss: 1371160889.100
[1, 22320] loss: 3004373611.200
[1, 22340] loss: 2477119887.200
[1, 22360] loss: 2644219718.488
[1, 22380] loss: 1610203309.018
[1, 22400] loss: 1071890226.500
[1, 22420] loss: 1357915343.175
[1, 22440] loss: 1292040454.531
[1, 22460] loss: 2340126087.950
[1, 22480] loss: 3144368162.000
[1, 22500] loss: 2290176074.800
[1, 22520] loss: 1045769384.350
[1, 22540] loss: 3252261718.200
[1, 22560] loss: 4445625158.661
[1, 22580] loss: 2020716838.500
[1, 22600] loss: 1312213047.725
[1, 22620] loss: 2980965592.500
[1, 22640] loss: 1059993818.650
[1, 22660] loss: 1574805633.013
[1, 22680] loss: 2248069586.800
[1, 22700] loss: 3983070747.077
[1, 22720] loss: 2502990883.400
[1, 22740] loss: 547101151.380
[1, 22760] loss: 1185954129.300
[1, 22780] loss: 663139927.474
[1, 22800] loss: 1935007588.950
[1, 22820] loss: 2016273834.325
[1, 22840] loss: 1107863457.669
[1, 22860] loss: 2977472025.672
[1, 22880] loss: 4183263034.000
[1, 22900] loss: 3511054707.480
[1, 22920] loss: 981824300.350
[1, 22940] loss: 1089779791.431
[1, 22960] loss: 528128246.009
[1, 22980] loss: 1359459391.301
[1, 23000] loss: 1039550707.588
[1, 23020] loss: 2330723650.200
[1, 23040] loss: 1530579513.644
[1, 23060] loss: 1084923673.600
[1, 23080] loss: 1723663748.912
[1, 23100] loss: 2018334338.400
[1, 23120] loss: 3849412966.100
[1, 23140] loss: 1064537770.160
[1, 23160] loss: 1612958988.206
[1, 23180] loss: 717022211.700
[1, 23200] loss: 2033425880.312
[1, 23220] loss: 3226909778.800
[1, 23240] loss: 4371313076.200
[1, 23260] loss: 3212698604.000
[1, 23280] loss: 4818389125.800
[1, 23300] loss: 5737720500.600
[1, 23320] loss: 1849200314.650
[1, 23340] loss: 610474193.414
[1, 23360] loss: 1119544696.156
[1, 23380] loss: 2501095396.400
[1, 23400] loss: 3378868842.200
[1, 23420] loss: 2447067121.200
[1, 23440] loss: 977265328.809
[1, 23460] loss: 1313069792.200
[1, 23480] loss: 1256102674.000
[1, 23500] loss: 3306117279.912
[1, 23520] loss: 2142415700.950
[1, 23540] loss: 1057290149.775
[1, 23560] loss: 1801965274.934
[1, 23580] loss: 2557075886.000
[1, 23600] loss: 1115964926.263
[1, 23620] loss: 981724972.681
[1, 23640] loss: 1984176947.750
[1, 23660] loss: 2122508674.575
[1, 23680] loss: 2270347477.800
[1, 23700] loss: 966433171.547
[1, 23720] loss: 5033795028.800
[1, 23740] loss: 3757360797.900
[1, 23760] loss: 1084694540.281
[1, 23780] loss: 868638642.464
[1, 23800] loss: 1455768595.234
[1, 23820] loss: 1130707018.141
[1, 23840] loss: 6224782984.900
[1, 23860] loss: 8363765109.800
[1, 23880] loss: 3145559037.562
[1, 23900] loss: 2449864437.056
[1, 23920] loss: 4839850135.300
[1, 23940] loss: 6216411295.600
[1, 23960] loss: 5722369176.800
[1, 23980] loss: 2035901181.000
[1, 24000] loss: 4505506103.300
[1, 24020] loss: 4562490723.800
[1, 24040] loss: 1356822347.312
[1, 24060] loss: 2428154819.150
[1, 24080] loss: 1068962964.752
[1, 24100] loss: 1206197419.425
[1, 24120] loss: 696306791.200
[1, 24140] loss: 689802785.213
[1, 24160] loss: 1988961646.775
[1, 24180] loss: 2113826020.600
[1, 24200] loss: 3038773771.200
[1, 24220] loss: 6598902899.700
[1, 24240] loss: 1077616899.638
[1, 24260] loss: 6442379603.950
[1, 24280] loss: 8959501554.400
[1, 24300] loss: 1879552332.800
[1, 24320] loss: 1646352323.925
[1, 24340] loss: 3184718052.500
[1, 24360] loss: 5250332721.875
[1, 24380] loss: 4221583684.400
[1, 24400] loss: 2626551518.831
[1, 24420] loss: 2236712060.863
[1, 24440] loss: 3490151938.438
[1, 24460] loss: 1198701584.400
[1, 24480] loss: 4247435817.991
[1, 24500] loss: 2651153332.113
[1, 24520] loss: 2453948541.250
[1, 24540] loss: 2913387998.857
[1, 24560] loss: 1512744118.563
[1, 24580] loss: 5142649470.600
[1, 24600] loss: 5116939338.579
[1, 24620] loss: 10251108201.600
[1, 24640] loss: 6779299227.200
[1, 24660] loss: 3937487296.395
[1, 24680] loss: 10289147605.400
[1, 24700] loss: 6189700279.600
[1, 24720] loss: 12827328318.800
[1, 24740] loss: 21668298857.600
[1, 24760] loss: 39469682498.000
[1, 24780] loss: 4125687807.247
[1, 24800] loss: 2030335528.275
[1, 24820] loss: 1266503448.600
[1, 24840] loss: 1380383145.800
[1, 24860] loss: 4213023874.650
[1, 24880] loss: 4014160290.400
[1, 24900] loss: 1622454285.691
[1, 24920] loss: 766603542.482
[1, 24940] loss: 3576915817.900
[1, 24960] loss: 5218665213.200
[1, 24980] loss: 1377209844.731
[1, 25000] loss: 2489715776.363
[1, 25020] loss: 4970182850.278
[1, 25040] loss: 8621149929.850
[1, 25060] loss: 2475528895.637
[1, 25080] loss: 6148236602.998
[1, 25100] loss: 8594377815.312
[1, 25120] loss: 20557288766.800
[1, 25140] loss: 19086447909.750
[1, 25160] loss: 83217798547.419
[1, 25180] loss: 97078032115.200
[1, 25200] loss: 90952694853.600
[1, 25220] loss: 30792268304.600
[1, 25240] loss: 18891910220.800
[1, 25260] loss: 3969442174.617
[1, 25280] loss: 8098971014.456
[1, 25300] loss: 9867008049.600
[1, 25320] loss: 11944450041.600
[1, 25340] loss: 21887451461.950
[1, 25360] loss: 11711825428.675
[1, 25380] loss: 1759417445.575
[1, 25400] loss: 1422917242.350
[1, 25420] loss: 5381125123.000
[1, 25440] loss: 5786923226.400
[1, 25460] loss: 13182526568.950
[1, 25480] loss: 4053419862.600
[1, 25500] loss: 4114531101.651
[1, 25520] loss: 3328482977.410
[1, 25540] loss: 1571157447.409
[1, 25560] loss: 1383241837.425
[1, 25580] loss: 5848012124.000
[1, 25600] loss: 5175614593.075
[1, 25620] loss: 2763808410.600
[1, 25640] loss: 3641175742.100
[1, 25660] loss: 2215675748.002
[1, 25680] loss: 59501313038.000
[1, 25700] loss: 61686059195.200
[1, 25720] loss: 14224552681.300
[1, 25740] loss: 17311941167.700
[1, 25760] loss: 34570799333.041
[1, 25780] loss: 13873915052.400
[1, 25800] loss: 30645155774.400
[1, 25820] loss: 18546829035.275
[1, 25840] loss: 16537683657.200
[1, 25860] loss: 29946125161.200
[1, 25880] loss: 167614541619.200
[1, 25900] loss: 70576535975.270
[1, 25920] loss: 184211602894.800
[1, 25940] loss: 136624866892.800
[1, 25960] loss: 32479216412.800
[1, 25980] loss: 16343248685.000
[1, 26000] loss: 12917138419.200
[1, 26020] loss: 7182087443.938
[1, 26040] loss: 3165218714.069
[1, 26060] loss: 879222994.259
[1, 26080] loss: 413982041.700
[1, 26100] loss: 392218874.488
[1, 26120] loss: 305952032.920
[1, 26140] loss: 671994622.995
[1, 26160] loss: 504205694.137
[1, 26180] loss: 171920290.475
[1, 26200] loss: 405360162.312
[1, 26220] loss: 236887234.027
[1, 26240] loss: 528225537.000
[1, 26260] loss: 626061388.750
[1, 26280] loss: 1167704627.300
[1, 26300] loss: 571675471.130
[1, 26320] loss: 180096453.773
[1, 26340] loss: 204826894.000
[1, 26360] loss: 257158535.942
[1, 26380] loss: 685772574.575
[1, 26400] loss: 251216060.373
[1, 26420] loss: 359257999.678
[1, 26440] loss: 344452236.401
[1, 26460] loss: 227314947.775
[1, 26480] loss: 322763844.110
[1, 26500] loss: 279056646.268
[1, 26520] loss: 233720550.006
[1, 26540] loss: 68943243.000
[1, 26560] loss: 593215967.800
[1, 26580] loss: 257563920.475
[1, 26600] loss: 188733920.803
[1, 26620] loss: 116744226.970
[1, 26640] loss: 82198678.875
[1, 26660] loss: 213606473.092
[1, 26680] loss: 260643013.800
[1, 26700] loss: 810546511.525
[1, 26720] loss: 442526814.425
[1, 26740] loss: 409407402.842
[1, 26760] loss: 1238849842.225
[1, 26780] loss: 669458239.305
[1, 26800] loss: 553800120.150
[1, 26820] loss: 714060811.030
[1, 26840] loss: 84230119.323
[1, 26860] loss: 146762491.539
[1, 26880] loss: 148256112.181
[1, 26900] loss: 371796496.284
[1, 26920] loss: 194271915.844
[1, 26940] loss: 66454532.000
[1, 26960] loss: 191099010.700
[1, 26980] loss: 250829541.887
[1, 27000] loss: 111405755.555
[1, 27020] loss: 133879674.914
[1, 27040] loss: 123769260.704
[1, 27060] loss: 523672395.279
[1, 27080] loss: 117390781.084
[1, 27100] loss: 159191891.775
[1, 27120] loss: 152679766.777
[1, 27140] loss: 158084135.019
[1, 27160] loss: 160657242.834
[1, 27180] loss: 162908297.875
[1, 27200] loss: 328901247.288
[1, 27220] loss: 248806895.505
[1, 27240] loss: 796639289.700
[1, 27260] loss: 186041841.728
[1, 27280] loss: 237219225.219
[1, 27300] loss: 269055128.661
[1, 27320] loss: 590828097.586
[1, 27340] loss: 377060612.450
[1, 27360] loss: 209290288.644
[1, 27380] loss: 762780887.425
[1, 27400] loss: 442467467.663
[1, 27420] loss: 397017186.800
[1, 27440] loss: 463073785.204
[1, 27460] loss: 1633311749.300
[1, 27480] loss: 3494558028.131
[1, 27500] loss: 2659488413.973
[1, 27520] loss: 4039527856.338
[1, 27540] loss: 1091875875.550
[1, 27560] loss: 1423149784.431
[1, 27580] loss: 314970258.038
[1, 27600] loss: 177798835.456
[1, 27620] loss: 365401965.831
[1, 27640] loss: 421899832.223
[1, 27660] loss: 356189747.469
[1, 27680] loss: 1055633596.275
[1, 27700] loss: 2750838185.050
[1, 27720] loss: 2004179918.845
[1, 27740] loss: 419886223.288
[1, 27760] loss: 626038318.748
[1, 27780] loss: 443130220.762
[1, 27800] loss: 134005508.476
[1, 27820] loss: 261453345.651
[1, 27840] loss: 1601726219.425
[1, 27860] loss: 2595583407.125
[1, 27880] loss: 11634277397.987
[1, 27900] loss: 7428782616.800
[1, 27920] loss: 15629992384.800
[1, 27940] loss: 44226232544.000
[1, 27960] loss: 107072435772.800
[1, 27980] loss: 34399261922.400
[1, 28000] loss: 90737115241.600
[1, 28020] loss: 30961255979.200
[1, 28040] loss: 6056463695.350
[1, 28060] loss: 2382202474.500
[1, 28080] loss: 1218691456.400
[1, 28100] loss: 792672226.506
[1, 28120] loss: 189239274.922
[1, 28140] loss: 97969860.440
[1, 28160] loss: 446963916.455
[1, 28180] loss: 322095721.500
[1, 28200] loss: 255027491.806
[1, 28220] loss: 203105915.650
[1, 28240] loss: 119154574.287
[1, 28260] loss: 80581342.953
[1, 28280] loss: 43413629.578
[1, 28300] loss: 97948383.848
[1, 28320] loss: 81358294.591
[1, 28340] loss: 127712599.547
[1, 28360] loss: 127751242.650
[1, 28380] loss: 57256294.685
[1, 28400] loss: 84792965.588
[1, 28420] loss: 19580957.822
[1, 28440] loss: 98978183.417
[1, 28460] loss: 161166692.051
[1, 28480] loss: 102594420.203
[1, 28500] loss: 86038159.262
[1, 28520] loss: 83472387.743
[1, 28540] loss: 107626781.067
[1, 28560] loss: 78358059.547
[1, 28580] loss: 87568645.438
[1, 28600] loss: 136764003.648
[1, 28620] loss: 30237179.480
[1, 28640] loss: 91062683.258
[1, 28660] loss: 94229036.045
[1, 28680] loss: 55291135.102
[1, 28700] loss: 34226388.472
[1, 28720] loss: 29193746.953
[1, 28740] loss: 52359113.441
[1, 28760] loss: 67037940.235
[1, 28780] loss: 94304516.957
[1, 28800] loss: 135897530.862
[1, 28820] loss: 65253451.938
[1, 28840] loss: 87096480.438
[1, 28860] loss: 74860020.993
[1, 28880] loss: 34027297.934
[1, 28900] loss: 64610575.719
[1, 28920] loss: 62622626.124
[1, 28940] loss: 81132296.513
[1, 28960] loss: 86626382.925
[1, 28980] loss: 289917663.421
[1, 29000] loss: 171677884.156
[1, 29020] loss: 114207780.400
[1, 29040] loss: 54562219.956
[1, 29060] loss: 36268948.134
[1, 29080] loss: 51890576.370
[1, 29100] loss: 193799535.463
[1, 29120] loss: 87328493.844
[1, 29140] loss: 71970544.569
[1, 29160] loss: 189689643.381
[1, 29180] loss: 191917595.000
[1, 29200] loss: 101940489.174
[1, 29220] loss: 191224694.181
[1, 29240] loss: 100790236.619
[1, 29260] loss: 80145182.605
[1, 29280] loss: 190210133.392
[1, 29300] loss: 133669503.447
[1, 29320] loss: 44016448.054
[1, 29340] loss: 103829279.816
[1, 29360] loss: 233698383.456
[1, 29380] loss: 137166059.059
[1, 29400] loss: 152950566.133
[1, 29420] loss: 94781289.678
[1, 29440] loss: 67944265.203
[1, 29460] loss: 254666918.213
[1, 29480] loss: 326683209.453
[1, 29500] loss: 533087143.575
[1, 29520] loss: 118894492.384
[1, 29540] loss: 304559764.775
[1, 29560] loss: 137285726.588
[1, 29580] loss: 125968367.234
[1, 29600] loss: 236334502.387
[1, 29620] loss: 386211999.216
[1, 29640] loss: 197280391.647
[1, 29660] loss: 67692726.750
[1, 29680] loss: 114178190.519
[1, 29700] loss: 325387185.509
[1, 29720] loss: 414154182.119
[1, 29740] loss: 761549725.400
[1, 29760] loss: 359473746.450
[1, 29780] loss: 77734340.200
[1, 29800] loss: 108689750.982
[1, 29820] loss: 107968408.164
[1, 29840] loss: 222464200.994
[1, 29860] loss: 665381345.000
[1, 29880] loss: 562063715.417
[1, 29900] loss: 1266465770.566
[1, 29920] loss: 4088788824.037
[1, 29940] loss: 1889792234.312
[1, 29960] loss: 1426718256.200
[1, 29980] loss: 496135379.681
[1, 30000] loss: 110616217.744
[1, 30020] loss: 145489704.673
[1, 30040] loss: 56557277.931
[1, 30060] loss: 53830694.666
[1, 30080] loss: 93851335.285
[1, 30100] loss: 138867616.562
[1, 30120] loss: 201860749.000
[1, 30140] loss: 83898923.914
[1, 30160] loss: 534874273.852
[1, 30180] loss: 202606354.356
[1, 30200] loss: 170089063.650
[1, 30220] loss: 475107920.225
[1, 30240] loss: 445435445.441
[1, 30260] loss: 139957139.375
[1, 30280] loss: 217725507.550
[1, 30300] loss: 2328829581.338
[1, 30320] loss: 16658541510.225
[1, 30340] loss: 16313657558.400
[1, 30360] loss: 18649547427.200
[1, 30380] loss: 8623951998.703
[1, 30400] loss: 1097144290.175
[1, 30420] loss: 1640485121.993
[2,    20] loss: 598175541.524
[2,    40] loss: 1639379338.251
[2,    60] loss: 603369906.809
[2,    80] loss: 456017000.700
[2,   100] loss: 536482782.272
[2,   120] loss: 28702319.310
[2,   140] loss: 44726097.345
[2,   160] loss: 13162200.271
[2,   180] loss: 36434809.224
[2,   200] loss: 26546861.150
[2,   220] loss: 14842157.448
[2,   240] loss: 18284068.679
[2,   260] loss: 10472655.148
[2,   280] loss: 26648563.447
[2,   300] loss: 13105537.157
[2,   320] loss: 19739182.060
[2,   340] loss: 18269449.923
[2,   360] loss: 41271206.831
[2,   380] loss: 14044119.378
[2,   400] loss: 14781754.362
[2,   420] loss: 31648881.911
[2,   440] loss: 18105659.221
[2,   460] loss: 8031966.265
[2,   480] loss: 3131882.893
[2,   500] loss: 6852416.208
[2,   520] loss: 14630742.937
[2,   540] loss: 64400949.628
[2,   560] loss: 41016872.309
[2,   580] loss: 72851847.486
[2,   600] loss: 130564417.881
[2,   620] loss: 298853237.984
[2,   640] loss: 275998068.697
[2,   660] loss: 214905305.350
[2,   680] loss: 77171616.472
[2,   700] loss: 33529763.830
[2,   720] loss: 35364727.684
[2,   740] loss: 571804772.158
[2,   760] loss: 1967423289.881
[2,   780] loss: 1494020092.271
[2,   800] loss: 5336108773.200
[2,   820] loss: 983457213.564
[2,   840] loss: 2025715382.400
[2,   860] loss: 1603761328.400
[2,   880] loss: 2422511955.578
[2,   900] loss: 1690691479.550
[2,   920] loss: 619560642.878
[2,   940] loss: 371377896.191
[2,   960] loss: 721075762.013
[2,   980] loss: 205632674.600
[2,  1000] loss: 96495661.237
[2,  1020] loss: 57054378.981
[2,  1040] loss: 35297544.845
[2,  1060] loss: 59251267.925
[2,  1080] loss: 11508032.540
[2,  1100] loss: 22707662.577
[2,  1120] loss: 7231108.273
[2,  1140] loss: 9330215.374
[2,  1160] loss: 34704867.785
[2,  1180] loss: 65018709.055
[2,  1200] loss: 34869832.923
[2,  1220] loss: 40166467.977
[2,  1240] loss: 15374174.896
[2,  1260] loss: 42981961.591
[2,  1280] loss: 235622324.400
[2,  1300] loss: 346838321.413
[2,  1320] loss: 192925877.589
[2,  1340] loss: 864350970.686
[2,  1360] loss: 3303398134.962
[2,  1380] loss: 5991971494.895
[2,  1400] loss: 5723987800.050
[2,  1420] loss: 9039293642.800
[2,  1440] loss: 9895286714.275
[2,  1460] loss: 16691909707.600
[2,  1480] loss: 4525603636.444
[2,  1500] loss: 2685411223.550
[2,  1520] loss: 7087358087.600
[2,  1540] loss: 39912183473.000
[2,  1560] loss: 28024453931.400
[2,  1580] loss: 38134950163.200
[2,  1600] loss: 15732832239.288
[2,  1620] loss: 17865588782.800
[2,  1640] loss: 13314544864.000
[2,  1660] loss: 2271224508.567
[2,  1680] loss: 329965552.360
[2,  1700] loss: 63900322.193
[2,  1720] loss: 48042737.945
[2,  1740] loss: 21169516.899
[2,  1760] loss: 12361813.298
[2,  1780] loss: 18553664.115
[2,  1800] loss: 13740980.818
[2,  1820] loss: 8308048.644
[2,  1840] loss: 7372685.615
[2,  1860] loss: 6000335.442
[2,  1880] loss: 6176144.797
[2,  1900] loss: 3881741.390
[2,  1920] loss: 5195454.443
[2,  1940] loss: 6752463.939
[2,  1960] loss: 4643987.333
[2,  1980] loss: 3207904.974
[2,  2000] loss: 2068201.129
[2,  2020] loss: 2334864.232
[2,  2040] loss: 3850175.327
[2,  2060] loss: 4122000.274
[2,  2080] loss: 5427312.596
[2,  2100] loss: 7590687.386
[2,  2120] loss: 2342752.105
[2,  2140] loss: 4872632.349
[2,  2160] loss: 4455634.345
[2,  2180] loss: 2868450.573
[2,  2200] loss: 11384448.604
[2,  2220] loss: 2943612.849
[2,  2240] loss: 1745320.464
[2,  2260] loss: 2946147.323
[2,  2280] loss: 2440944.685
[2,  2300] loss: 5320469.273
[2,  2320] loss: 4669549.653
[2,  2340] loss: 3097607.936
[2,  2360] loss: 2283400.196
[2,  2380] loss: 2872134.222
[2,  2400] loss: 1813980.970
[2,  2420] loss: 3317186.959
[2,  2440] loss: 2704031.318
[2,  2460] loss: 5374102.655
[2,  2480] loss: 3350098.859
[2,  2500] loss: 2436535.427
[2,  2520] loss: 858195.963
[2,  2540] loss: 1451871.240
[2,  2560] loss: 2929359.853
[2,  2580] loss: 2822371.503
[2,  2600] loss: 1702132.078
[2,  2620] loss: 1958682.746
[2,  2640] loss: 1994218.448
[2,  2660] loss: 1747814.792
[2,  2680] loss: 1878772.058
[2,  2700] loss: 1463098.284
[2,  2720] loss: 1318915.043
[2,  2740] loss: 2774574.220
[2,  2760] loss: 1338544.962
[2,  2780] loss: 3205978.161
[2,  2800] loss: 1537850.954
[2,  2820] loss: 1773622.583
[2,  2840] loss: 1752378.992
[2,  2860] loss: 2795291.241
[2,  2880] loss: 2284383.520
[2,  2900] loss: 1208480.615
[2,  2920] loss: 1992191.645
[2,  2940] loss: 1782524.357
[2,  2960] loss: 2292740.996
[2,  2980] loss: 3062669.508
[2,  3000] loss: 1732147.197
[2,  3020] loss: 2091032.382
[2,  3040] loss: 2351640.853
[2,  3060] loss: 2042575.751
[2,  3080] loss: 1559285.508
[2,  3100] loss: 1063438.434
[2,  3120] loss: 1581535.512
[2,  3140] loss: 1605545.852
[2,  3160] loss: 710424.485
[2,  3180] loss: 1379507.221
[2,  3200] loss: 1103086.967
[2,  3220] loss: 1429782.062
[2,  3240] loss: 800562.036
[2,  3260] loss: 1596466.354
[2,  3280] loss: 2374262.336
[2,  3300] loss: 1010192.845
[2,  3320] loss: 1117522.237
[2,  3340] loss: 1339790.340
[2,  3360] loss: 758513.901
[2,  3380] loss: 831413.447
[2,  3400] loss: 1239291.558
[2,  3420] loss: 615129.375
[2,  3440] loss: 604818.312
[2,  3460] loss: 1015299.371
[2,  3480] loss: 1121640.967
[2,  3500] loss: 570445.151
[2,  3520] loss: 1095142.938
[2,  3540] loss: 1138482.614
[2,  3560] loss: 633426.636
[2,  3580] loss: 1118800.114
[2,  3600] loss: 1639723.275
[2,  3620] loss: 1142435.043
[2,  3640] loss: 423887.787
[2,  3660] loss: 997911.759
[2,  3680] loss: 981811.848
[2,  3700] loss: 1317907.862
[2,  3720] loss: 1188257.797
[2,  3740] loss: 890704.559
[2,  3760] loss: 949144.490
[2,  3780] loss: 982186.635
[2,  3800] loss: 784011.918
[2,  3820] loss: 477067.090
[2,  3840] loss: 559806.343
[2,  3860] loss: 950740.592
[2,  3880] loss: 639249.597
[2,  3900] loss: 1118436.826
[2,  3920] loss: 582221.552
[2,  3940] loss: 910588.662
[2,  3960] loss: 1173820.844
[2,  3980] loss: 624861.095
[2,  4000] loss: 2305996.391
[2,  4020] loss: 801892.016
[2,  4040] loss: 1174426.622
[2,  4060] loss: 1133379.199
[2,  4080] loss: 1260865.608
[2,  4100] loss: 3021821.044
[2,  4120] loss: 3082251.900
[2,  4140] loss: 1861294.803
[2,  4160] loss: 2223943.562
[2,  4180] loss: 748051.390
[2,  4200] loss: 583952.820
[2,  4220] loss: 533104.192
[2,  4240] loss: 601346.152
[2,  4260] loss: 1041633.433
[2,  4280] loss: 1257424.411
[2,  4300] loss: 1187152.836
[2,  4320] loss: 2625645.910
[2,  4340] loss: 1619792.580
[2,  4360] loss: 787368.594
[2,  4380] loss: 231026.866
[2,  4400] loss: 659822.003
[2,  4420] loss: 803286.448
[2,  4440] loss: 475595.838
[2,  4460] loss: 762187.253
[2,  4480] loss: 1032621.496
[2,  4500] loss: 1492016.656
[2,  4520] loss: 391794.804
[2,  4540] loss: 625471.309
[2,  4560] loss: 1473705.170
[2,  4580] loss: 821935.789
[2,  4600] loss: 668842.114
[2,  4620] loss: 1129188.677
[2,  4640] loss: 612792.419
[2,  4660] loss: 702225.104
[2,  4680] loss: 1158833.627
[2,  4700] loss: 696794.863
[2,  4720] loss: 1169499.091
[2,  4740] loss: 1918578.818
[2,  4760] loss: 1074488.896
[2,  4780] loss: 949160.217
[2,  4800] loss: 1515269.404
[2,  4820] loss: 558413.687
[2,  4840] loss: 404478.978
[2,  4860] loss: 771616.629
[2,  4880] loss: 860035.511
[2,  4900] loss: 508551.199
[2,  4920] loss: 755140.188
[2,  4940] loss: 570696.502
[2,  4960] loss: 884140.901
[2,  4980] loss: 1687047.878
[2,  5000] loss: 2557048.707
[2,  5020] loss: 1627168.553
[2,  5040] loss: 1987054.544
[2,  5060] loss: 2011284.462
[2,  5080] loss: 1606240.445
[2,  5100] loss: 1796737.478
[2,  5120] loss: 1524371.663
[2,  5140] loss: 1369804.132
[2,  5160] loss: 3382597.998
[2,  5180] loss: 973677.610
[2,  5200] loss: 445306.728
[2,  5220] loss: 639001.204
[2,  5240] loss: 668211.256
[2,  5260] loss: 772032.875
[2,  5280] loss: 3595682.076
[2,  5300] loss: 4332236.098
[2,  5320] loss: 6258478.927
[2,  5340] loss: 1722498.379
[2,  5360] loss: 587944.578
[2,  5380] loss: 1144346.153
[2,  5400] loss: 1734132.090
[2,  5420] loss: 505408.635
[2,  5440] loss: 1287477.680
[2,  5460] loss: 378798.323
[2,  5480] loss: 1017479.652
[2,  5500] loss: 2976787.117
[2,  5520] loss: 2261126.866
[2,  5540] loss: 1516284.305
[2,  5560] loss: 5591122.965
[2,  5580] loss: 15865722.370
[2,  5600] loss: 8045576.583
[2,  5620] loss: 2862957.151
[2,  5640] loss: 13548871.586
[2,  5660] loss: 37479085.815
[2,  5680] loss: 157724627.925
[2,  5700] loss: 226853757.676
[2,  5720] loss: 186883879.176
[2,  5740] loss: 496828539.363
[2,  5760] loss: 2540147040.250
[2,  5780] loss: 409955639.900
[2,  5800] loss: 1145271196.688
[2,  5820] loss: 608102755.508
[2,  5840] loss: 253360133.390
[2,  5860] loss: 62403520.937
[2,  5880] loss: 45941451.950
[2,  5900] loss: 30233650.777
[2,  5920] loss: 18294610.335
[2,  5940] loss: 6217440.257
[2,  5960] loss: 5434944.083
[2,  5980] loss: 2394604.833
[2,  6000] loss: 2279006.527
[2,  6020] loss: 2368568.737
[2,  6040] loss: 1823647.711
[2,  6060] loss: 1782550.267
[2,  6080] loss: 1685151.322
[2,  6100] loss: 1702520.511
[2,  6120] loss: 4554636.533
[2,  6140] loss: 1518096.789
[2,  6160] loss: 2191486.136
[2,  6180] loss: 3622792.546
[2,  6200] loss: 1212234.730
[2,  6220] loss: 530319.317
[2,  6240] loss: 446930.798
[2,  6260] loss: 4681121.806
[2,  6280] loss: 5972526.246
[2,  6300] loss: 1935162.689
[2,  6320] loss: 2060273.003
[2,  6340] loss: 1071879.156
[2,  6360] loss: 646683.818
[2,  6380] loss: 530064.013
[2,  6400] loss: 723023.316
[2,  6420] loss: 347402.101
[2,  6440] loss: 420357.248
[2,  6460] loss: 1221891.863
[2,  6480] loss: 1704932.719
[2,  6500] loss: 1094844.992
[2,  6520] loss: 4350806.857
[2,  6540] loss: 4597761.426
[2,  6560] loss: 1723177.913
[2,  6580] loss: 2643738.030
[2,  6600] loss: 6276560.204
[2,  6620] loss: 5454752.878
[2,  6640] loss: 4789394.481
[2,  6660] loss: 12159261.842
[2,  6680] loss: 12740684.284
[2,  6700] loss: 45184657.271
[2,  6720] loss: 84467790.491
[2,  6740] loss: 21622529.761
[2,  6760] loss: 9675166.779
[2,  6780] loss: 28672944.632
[2,  6800] loss: 6096608.094
[2,  6820] loss: 3194703.509
[2,  6840] loss: 1459648.931
[2,  6860] loss: 479827.672
[2,  6880] loss: 275509.479
[2,  6900] loss: 255410.744
[2,  6920] loss: 189962.559
[2,  6940] loss: 178098.800
[2,  6960] loss: 261639.075
[2,  6980] loss: 309677.078
[2,  7000] loss: 328918.508
[2,  7020] loss: 415896.097
[2,  7040] loss: 548288.738
[2,  7060] loss: 295124.284
[2,  7080] loss: 220615.110
[2,  7100] loss: 1420702.894
[2,  7120] loss: 1096469.702
[2,  7140] loss: 1395772.549
[2,  7160] loss: 1040125.550
[2,  7180] loss: 834081.160
[2,  7200] loss: 536457.124
[2,  7220] loss: 354523.423
[2,  7240] loss: 231725.069
[2,  7260] loss: 103199.879
[2,  7280] loss: 164385.203
[2,  7300] loss: 161534.954
[2,  7320] loss: 195745.317
[2,  7340] loss: 124477.127
[2,  7360] loss: 70434.705
[2,  7380] loss: 54674.540
[2,  7400] loss: 219337.763
[2,  7420] loss: 108946.330
[2,  7440] loss: 236056.242
[2,  7460] loss: 124878.072
[2,  7480] loss: 145139.311
[2,  7500] loss: 175913.801
[2,  7520] loss: 191790.778
[2,  7540] loss: 130040.578
[2,  7560] loss: 115265.120
[2,  7580] loss: 51690.803
[2,  7600] loss: 80016.805
[2,  7620] loss: 78174.274
[2,  7640] loss: 2681945.261
[2,  7660] loss: 2565597.925
[2,  7680] loss: 6702424.662
[2,  7700] loss: 38587276.930
[2,  7720] loss: 32984930.074
[2,  7740] loss: 45791519.344
[2,  7760] loss: 162672577.058
[2,  7780] loss: 204273325.197
[2,  7800] loss: 268660048.540
[2,  7820] loss: 1509434865.040
[2,  7840] loss: 509124179825452.812
[2,  7860] loss: 106429858033049.594
[2,  7880] loss: 16715865328947.199
[2,  7900] loss: 2290907439308.800
[2,  7920] loss: 198547862828.800
[2,  7940] loss: 105959172521.600
[2,  7960] loss: 32158032662.900
[2,  7980] loss: 26085388610.822
[2,  8000] loss: 21636621376.200
[2,  8020] loss: 23465206563.500
[2,  8040] loss: 13468947172.800
[2,  8060] loss: 19372852147.699
[2,  8080] loss: 9881910646.400
[2,  8100] loss: 14087583545.950
[2,  8120] loss: 9933835365.666
[2,  8140] loss: 8352756280.000
[2,  8160] loss: 6145926777.178
[2,  8180] loss: 8765407774.013
[2,  8200] loss: 9685526257.300
[2,  8220] loss: 6640505898.987
[2,  8240] loss: 3848488735.975
[2,  8260] loss: 3947879651.000
[2,  8280] loss: 6363669874.800
[2,  8300] loss: 5071804497.613
[2,  8320] loss: 9851349324.800
[2,  8340] loss: 3998302805.205
[2,  8360] loss: 3266945810.000
[2,  8380] loss: 4008670779.950
[2,  8400] loss: 8372614488.781
[2,  8420] loss: 3570928019.000
[2,  8440] loss: 3837068963.350
[2,  8460] loss: 1565434979.300
[2,  8480] loss: 4329600153.988
[2,  8500] loss: 2621227819.100
[2,  8520] loss: 4677339762.150
[2,  8540] loss: 2662946960.075
[2,  8560] loss: 3369191283.659
[2,  8580] loss: 3746059047.600
[2,  8600] loss: 3403541701.000
[2,  8620] loss: 2985897160.450
[2,  8640] loss: 3082609818.600
[2,  8660] loss: 1998162736.702
[2,  8680] loss: 3549209688.120
[2,  8700] loss: 2360750677.600
[2,  8720] loss: 3746379492.756
[2,  8740] loss: 4270704094.450
[2,  8760] loss: 2506158617.500
[2,  8780] loss: 2632355874.000
[2,  8800] loss: 2688279449.000
[2,  8820] loss: 1160619564.350
[2,  8840] loss: 2410829311.972
[2,  8860] loss: 1748310505.612
[2,  8880] loss: 2066552533.400
[2,  8900] loss: 2601925722.700
[2,  8920] loss: 2382412372.240
[2,  8940] loss: 1555543526.925
[2,  8960] loss: 1991901526.500
[2,  8980] loss: 1865844177.537
[2,  9000] loss: 3064337803.178
[2,  9020] loss: 2311457779.027
[2,  9040] loss: 569619705.681
[2,  9060] loss: 1855170502.825
[2,  9080] loss: 1500885820.700
[2,  9100] loss: 2999859410.100
[2,  9120] loss: 1687998986.500
[2,  9140] loss: 2615324377.780
[2,  9160] loss: 2398450930.100
[2,  9180] loss: 1593145382.281
[2,  9200] loss: 3261315098.649
[2,  9220] loss: 2009365638.200
[2,  9240] loss: 2182898217.125
[2,  9260] loss: 896560770.941
[2,  9280] loss: 1149347133.925
[2,  9300] loss: 1103461685.963
[2,  9320] loss: 1704754898.438
[2,  9340] loss: 1060828685.025
[2,  9360] loss: 926434979.638
[2,  9380] loss: 1215489842.312
[2,  9400] loss: 1256525270.481
[2,  9420] loss: 1360387803.314
[2,  9440] loss: 1311073505.400
[2,  9460] loss: 1494233061.875
[2,  9480] loss: 1263983980.000
[2,  9500] loss: 860246715.225
[2,  9520] loss: 989217702.525
[2,  9540] loss: 1474665773.050
[2,  9560] loss: 903747968.409
[2,  9580] loss: 1605397473.700
[2,  9600] loss: 1011811343.675
[2,  9620] loss: 766838235.496
[2,  9640] loss: 1171256567.931
[2,  9660] loss: 779312226.531
[2,  9680] loss: 849009500.002
[2,  9700] loss: 608248795.237
[2,  9720] loss: 1070165364.987
[2,  9740] loss: 738022255.741
[2,  9760] loss: 811160060.115
[2,  9780] loss: 1094815606.260
[2,  9800] loss: 1022531825.023
[2,  9820] loss: 824771326.740
[2,  9840] loss: 635904049.000
[2,  9860] loss: 1093448672.200
[2,  9880] loss: 636445966.562
[2,  9900] loss: 608693844.575
[2,  9920] loss: 716080497.700
[2,  9940] loss: 861063713.600
[2,  9960] loss: 1509248081.675
[2,  9980] loss: 484969908.850
[2, 10000] loss: 539749124.998
[2, 10020] loss: 833103970.809
[2, 10040] loss: 659013416.950
[2, 10060] loss: 961246195.938
[2, 10080] loss: 734198162.451
[2, 10100] loss: 914859791.819
[2, 10120] loss: 791728270.346
[2, 10140] loss: 584835279.666
[2, 10160] loss: 498244498.401
[2, 10180] loss: 982308240.435
[2, 10200] loss: 1033008188.000
[2, 10220] loss: 962870634.712
[2, 10240] loss: 1193501582.550
[2, 10260] loss: 404038503.419
[2, 10280] loss: 395846985.000
[2, 10300] loss: 827444047.478
[2, 10320] loss: 565920938.823
[2, 10340] loss: 907983127.650
[2, 10360] loss: 516132487.450
[2, 10380] loss: 809633294.050
[2, 10400] loss: 765521324.469
[2, 10420] loss: 655662398.078
[2, 10440] loss: 819648459.550
[2, 10460] loss: 659775747.694
[2, 10480] loss: 303773184.181
[2, 10500] loss: 954343138.662
[2, 10520] loss: 527198268.778
[2, 10540] loss: 816926959.883
[2, 10560] loss: 397534766.619
[2, 10580] loss: 537767706.941
[2, 10600] loss: 669892646.591
[2, 10620] loss: 445240480.041
[2, 10640] loss: 393293540.625
[2, 10660] loss: 782042522.850
[2, 10680] loss: 730735879.100
[2, 10700] loss: 797409494.931
[2, 10720] loss: 701047432.988
[2, 10740] loss: 774610868.719
[2, 10760] loss: 836759231.381
[2, 10780] loss: 523785975.871
[2, 10800] loss: 511209399.922
[2, 10820] loss: 887331521.069
[2, 10840] loss: 658564951.642
[2, 10860] loss: 659901570.032
[2, 10880] loss: 343735980.712
[2, 10900] loss: 218744340.075
[2, 10920] loss: 325385309.511
[2, 10940] loss: 261716423.214
[2, 10960] loss: 492265771.150
[2, 10980] loss: 562773813.619
[2, 11000] loss: 320735380.150
[2, 11020] loss: 404090236.378
[2, 11040] loss: 316644653.800
[2, 11060] loss: 582621405.622
[2, 11080] loss: 276175499.933
[2, 11100] loss: 371448236.456
[2, 11120] loss: 838862519.600
[2, 11140] loss: 322917805.241
[2, 11160] loss: 558664468.725
[2, 11180] loss: 523852461.529
[2, 11200] loss: 705094431.917
[2, 11220] loss: 509411134.097
[2, 11240] loss: 307930612.114
[2, 11260] loss: 324494057.012
[2, 11280] loss: 505416870.350
[2, 11300] loss: 226975226.784
[2, 11320] loss: 268326775.450
[2, 11340] loss: 265864199.700
[2, 11360] loss: 338988267.622
[2, 11380] loss: 270829453.950
[2, 11400] loss: 341179970.224
[2, 11420] loss: 324469542.137
[2, 11440] loss: 202496956.872
[2, 11460] loss: 283379640.375
[2, 11480] loss: 413899998.900
[2, 11500] loss: 357395803.494
[2, 11520] loss: 540627619.531
[2, 11540] loss: 347984971.255
[2, 11560] loss: 851086147.575
[2, 11580] loss: 446226708.775
[2, 11600] loss: 424289268.400
[2, 11620] loss: 284960523.333
[2, 11640] loss: 500405763.312
[2, 11660] loss: 424926973.451
[2, 11680] loss: 294965145.177
[2, 11700] loss: 291411030.694
[2, 11720] loss: 241449339.653
[2, 11740] loss: 169624799.056
[2, 11760] loss: 352902652.559
[2, 11780] loss: 407696395.681
[2, 11800] loss: 126558313.112
[2, 11820] loss: 188266114.731
[2, 11840] loss: 229523201.783
[2, 11860] loss: 233211714.012
[2, 11880] loss: 217611789.881
[2, 11900] loss: 145221934.825
[2, 11920] loss: 173531295.249
[2, 11940] loss: 232191698.391
[2, 11960] loss: 187375275.699
[2, 11980] loss: 245912863.694
[2, 12000] loss: 138784431.201
[2, 12020] loss: 255578545.864
[2, 12040] loss: 163202986.388
[2, 12060] loss: 241964052.157
[2, 12080] loss: 196464991.750
[2, 12100] loss: 249488577.713
[2, 12120] loss: 243760949.751
[2, 12140] loss: 212704317.400
[2, 12160] loss: 231027268.800
[2, 12180] loss: 245626467.137
[2, 12200] loss: 192594485.015
[2, 12220] loss: 159838718.037
[2, 12240] loss: 88346719.433
[2, 12260] loss: 181855485.531
[2, 12280] loss: 131358891.845
[2, 12300] loss: 70826920.997
[2, 12320] loss: 296707301.390
[2, 12340] loss: 91966348.745
[2, 12360] loss: 183325751.553
[2, 12380] loss: 167799763.914
[2, 12400] loss: 222019629.603
[2, 12420] loss: 197555895.494
[2, 12440] loss: 149940479.634
[2, 12460] loss: 202209445.853
[2, 12480] loss: 232930181.838
[2, 12500] loss: 142870731.308
[2, 12520] loss: 142107221.318
[2, 12540] loss: 83856871.524
[2, 12560] loss: 223135396.947
[2, 12580] loss: 182538932.970
[2, 12600] loss: 83741561.123
[2, 12620] loss: 142098743.198
[2, 12640] loss: 180059896.125
[2, 12660] loss: 179635032.953
[2, 12680] loss: 87357749.338
[2, 12700] loss: 197222392.842
[2, 12720] loss: 148974494.095
[2, 12740] loss: 136719284.816
[2, 12760] loss: 122926890.241
[2, 12780] loss: 118907351.889
[2, 12800] loss: 203317108.000
[2, 12820] loss: 94511144.075
[2, 12840] loss: 138976204.405
[2, 12860] loss: 112008477.351
[2, 12880] loss: 66157077.749
[2, 12900] loss: 130388544.225
[2, 12920] loss: 140073118.782
[2, 12940] loss: 105644717.753
[2, 12960] loss: 125758445.128
[2, 12980] loss: 66478890.541
[2, 13000] loss: 119524377.744
[2, 13020] loss: 45432123.087
[2, 13040] loss: 131359413.984
[2, 13060] loss: 106915954.812
[2, 13080] loss: 162074864.950
[2, 13100] loss: 111453124.306
[2, 13120] loss: 43902710.449
[2, 13140] loss: 95658503.868
[2, 13160] loss: 64333709.513
[2, 13180] loss: 91379031.541
[2, 13200] loss: 218235310.745
[2, 13220] loss: 120141609.980
[2, 13240] loss: 63057174.975
[2, 13260] loss: 90607711.727
[2, 13280] loss: 105197254.307
[2, 13300] loss: 56292509.166
[2, 13320] loss: 35504247.437
[2, 13340] loss: 89306047.925
[2, 13360] loss: 55346003.991
[2, 13380] loss: 96437281.250
[2, 13400] loss: 28039461.812
[2, 13420] loss: 68983285.870
[2, 13440] loss: 58925754.025
[2, 13460] loss: 77731116.837
[2, 13480] loss: 70497274.933
[2, 13500] loss: 68738205.319
[2, 13520] loss: 116524007.748
[2, 13540] loss: 71120651.361
[2, 13560] loss: 45918093.802
[2, 13580] loss: 53429610.305
[2, 13600] loss: 61002103.725
[2, 13620] loss: 77287394.984
[2, 13640] loss: 57126787.638
[2, 13660] loss: 79312216.319
[2, 13680] loss: 70313353.434
[2, 13700] loss: 85799836.859
[2, 13720] loss: 41322434.987
[2, 13740] loss: 48426698.413
[2, 13760] loss: 48156868.646
[2, 13780] loss: 50012736.449
[2, 13800] loss: 44546566.634
[2, 13820] loss: 74405041.267
[2, 13840] loss: 45928131.055
[2, 13860] loss: 43964734.861
[2, 13880] loss: 54033526.961
[2, 13900] loss: 19157563.941
[2, 13920] loss: 47111810.319
[2, 13940] loss: 63750034.970
[2, 13960] loss: 65067214.866
[2, 13980] loss: 38085547.544
[2, 14000] loss: 67118714.617
[2, 14020] loss: 22334455.948
[2, 14040] loss: 31465887.716
[2, 14060] loss: 46015104.177
[2, 14080] loss: 49109709.202
[2, 14100] loss: 54571652.848
[2, 14120] loss: 37065719.057
[2, 14140] loss: 23655361.138
[2, 14160] loss: 36270874.775
[2, 14180] loss: 63851742.772
[2, 14200] loss: 40949868.190
[2, 14220] loss: 43736027.111
[2, 14240] loss: 38411847.663
[2, 14260] loss: 26813254.065
[2, 14280] loss: 42591451.512
[2, 14300] loss: 34909870.050
[2, 14320] loss: 13836352.407
[2, 14340] loss: 21256729.850
[2, 14360] loss: 29582120.055
[2, 14380] loss: 38442579.141
[2, 14400] loss: 30805799.027
[2, 14420] loss: 30129317.619
[2, 14440] loss: 21230400.289
[2, 14460] loss: 12349396.471
[2, 14480] loss: 28297332.130
[2, 14500] loss: 29505875.607
[2, 14520] loss: 25446418.913
[2, 14540] loss: 39540960.644
[2, 14560] loss: 18552500.129
[2, 14580] loss: 20048071.201
[2, 14600] loss: 17316991.313
[2, 14620] loss: 28980627.258
[2, 14640] loss: 6108796.340
[2, 14660] loss: 11617314.323
[2, 14680] loss: 11920747.091
[2, 14700] loss: 10196416.099
[2, 14720] loss: 17073713.863
[2, 14740] loss: 17518443.731
[2, 14760] loss: 12940154.680
[2, 14780] loss: 9789097.358
[2, 14800] loss: 21148364.628
[2, 14820] loss: 6386441.016
[2, 14840] loss: 11123990.004
[2, 14860] loss: 11107998.461
[2, 14880] loss: 14838335.777
[2, 14900] loss: 30095881.778
[2, 14920] loss: 16314763.693
[2, 14940] loss: 14089246.376
[2, 14960] loss: 25209251.553
[2, 14980] loss: 26126232.057
[2, 15000] loss: 7202848.201
[2, 15020] loss: 17205377.244
[2, 15040] loss: 10139586.451
[2, 15060] loss: 12285676.599
[2, 15080] loss: 11989931.011
[2, 15100] loss: 5833008.818
[2, 15120] loss: 13882968.130
[2, 15140] loss: 9228720.153
[2, 15160] loss: 7445640.570
[2, 15180] loss: 15864332.471
[2, 15200] loss: 8758792.610
[2, 15220] loss: 10184283.321
[2, 15240] loss: 15519996.172
[2, 15260] loss: 5724156.200
[2, 15280] loss: 5814316.632
[2, 15300] loss: 10788670.489
[2, 15320] loss: 7354277.271
[2, 15340] loss: 10841819.882
[2, 15360] loss: 6196611.884
[2, 15380] loss: 4888784.511
[2, 15400] loss: 11486209.200
[2, 15420] loss: 11303764.586
[2, 15440] loss: 8569820.695
[2, 15460] loss: 5159515.354
[2, 15480] loss: 4031938.558
[2, 15500] loss: 7288127.950
[2, 15520] loss: 9712150.260
[2, 15540] loss: 5158329.164
[2, 15560] loss: 5750809.481
[2, 15580] loss: 4580483.910
[2, 15600] loss: 4371519.179
[2, 15620] loss: 3298105.728
[2, 15640] loss: 4579842.536
[2, 15660] loss: 4330222.607
[2, 15680] loss: 10243350.773
[2, 15700] loss: 2253960.818
[2, 15720] loss: 2984816.519
[2, 15740] loss: 2346933.289
[2, 15760] loss: 2133376.505
[2, 15780] loss: 3893909.025
[2, 15800] loss: 2502339.021
[2, 15820] loss: 5363144.720
[2, 15840] loss: 2617189.044
[2, 15860] loss: 1193333.733
[2, 15880] loss: 5192279.384
[2, 15900] loss: 3646137.689
[2, 15920] loss: 2807949.775
[2, 15940] loss: 2695908.728
[2, 15960] loss: 3803769.493
[2, 15980] loss: 1260623.046
[2, 16000] loss: 5188761.070
[2, 16020] loss: 2136653.245
[2, 16040] loss: 1992286.103
[2, 16060] loss: 3654010.314
[2, 16080] loss: 943293.627
[2, 16100] loss: 1394944.901
[2, 16120] loss: 1834403.586
[2, 16140] loss: 1774975.008
[2, 16160] loss: 994282.041
[2, 16180] loss: 1055388.786
[2, 16200] loss: 1714009.234
[2, 16220] loss: 1271937.123
[2, 16240] loss: 988571.438
[2, 16260] loss: 379522.301
[2, 16280] loss: 937732.097
[2, 16300] loss: 866965.359
[2, 16320] loss: 949416.928
[2, 16340] loss: 1472260.851
[2, 16360] loss: 1235285.121
[2, 16380] loss: 1685832.730
[2, 16400] loss: 1481391.826
[2, 16420] loss: 1093408.728
[2, 16440] loss: 1164367.627
[2, 16460] loss: 2155812.459
[2, 16480] loss: 1383658.273
[2, 16500] loss: 610443.601
[2, 16520] loss: 485278.937
[2, 16540] loss: 719060.779
[2, 16560] loss: 1238080.488
[2, 16580] loss: 1050079.058
[2, 16600] loss: 359665.418
[2, 16620] loss: 247506.396
[2, 16640] loss: 368052.510
[2, 16660] loss: 202696.216
[2, 16680] loss: 299400.827
[2, 16700] loss: 228502.977
[2, 16720] loss: 400489.127
[2, 16740] loss: 1020689.085
[2, 16760] loss: 413873.554
[2, 16780] loss: 348017.586
[2, 16800] loss: 108079.752
[2, 16820] loss: 234798.164
[2, 16840] loss: 98010.471
[2, 16860] loss: 273521.565
[2, 16880] loss: 524677.091
[2, 16900] loss: 270292.310
[2, 16920] loss: 125302.284
[2, 16940] loss: 142893.571
[2, 16960] loss: 155851.848
[2, 16980] loss: 168014.220
[2, 17000] loss: 165355.851
[2, 17020] loss: 102104.810
[2, 17040] loss: 109555.578
[2, 17060] loss: 121245.932
[2, 17080] loss: 59597.107
[2, 17100] loss: 95667.569
[2, 17120] loss: 95623.805
[2, 17140] loss: 75552.417
[2, 17160] loss: 43983.422
[2, 17180] loss: 62871.196
[2, 17200] loss: 197752.081
[2, 17220] loss: 132770.276
[2, 17240] loss: 91916.475
[2, 17260] loss: 39529.270
[2, 17280] loss: 55571.407
[2, 17300] loss: 42394.635
[2, 17320] loss: 30912.263
[2, 17340] loss: 111197.182
[2, 17360] loss: 105690.595
[2, 17380] loss: 35500.044
[2, 17400] loss: 82515.888
[2, 17420] loss: 44728.566
[2, 17440] loss: 33866.128
[2, 17460] loss: 19303.073
[2, 17480] loss: 35545.508
[2, 17500] loss: 45084.922
[2, 17520] loss: 35506.996
[2, 17540] loss: 44797.767
[2, 17560] loss: 61985.925
[2, 17580] loss: 38395.419
[2, 17600] loss: 37126.976
[2, 17620] loss: 41570.268
[2, 17640] loss: 11493.344
[2, 17660] loss: 7694.336
[2, 17680] loss: 5260.523
[2, 17700] loss: 1862.082
[2, 17720] loss: 7179.609
[2, 17740] loss: 7096.095
[2, 17760] loss: 3181.146
[2, 17780] loss: 1173.888
[2, 17800] loss: 2608.522
[2, 17820] loss: 3390.998
[2, 17840] loss: 1954.328
[2, 17860] loss: 2767.802
[2, 17880] loss: 2910.486
[2, 17900] loss: 1617.941
[2, 17920] loss: 1578.541
[2, 17940] loss: 1281.746
[2, 17960] loss: 775.440
[2, 17980] loss: 1326.451
[2, 18000] loss: 655.344
[2, 18020] loss: 478.481
[2, 18040] loss: 115.129
[2, 18060] loss: 236.925
[2, 18080] loss: 653.035
[2, 18100] loss: 528.287
[2, 18120] loss: 236.069
[2, 18140] loss: 646.325
[2, 18160] loss: 592.169
[2, 18180] loss: 910.176
[2, 18200] loss: 1410.841
[2, 18220] loss: 3117.311
[2, 18240] loss: 921.837
[2, 18260] loss: 96.216
[2, 18280] loss: 268.619
[2, 18300] loss: 176.359
[2, 18320] loss: 21.634
[2, 18340] loss: 33.276
[2, 18360] loss: 47.050
[2, 18380] loss: 62.884
[2, 18400] loss: 57.464
[2, 18420] loss: 57.449
[2, 18440] loss: 42.854
[2, 18460] loss: 42.739
[2, 18480] loss: 57.553
[2, 18500] loss: 103.765
[2, 18520] loss: 68.314
[2, 18540] loss: 331.010
[2, 18560] loss: 266.082
[2, 18580] loss: 218.339
[2, 18600] loss: 173.885
[2, 18620] loss: 51.117
[2, 18640] loss: 63.739
[2, 18660] loss: 77.712
[2, 18680] loss: 46.348
[2, 18700] loss: 18.794
[2, 18720] loss: 43.838
[2, 18740] loss: 18.706
[2, 18760] loss: 16.307
[2, 18780] loss: 2.953
[2, 18800] loss: 1.494
[2, 18820] loss: 0.703
[2, 18840] loss: 0.956
[2, 18860] loss: 0.760
[2, 18880] loss: 1.615
[2, 18900] loss: 4.045
[2, 18920] loss: 2.871
[2, 18940] loss: 7.341
[2, 18960] loss: 0.667
[2, 18980] loss: 0.494
[2, 19000] loss: 0.548
[2, 19020] loss: 0.578
[2, 19040] loss: 4.246
[2, 19060] loss: 1.495
[2, 19080] loss: 0.711
[2, 19100] loss: 0.465
[2, 19120] loss: 0.589
[2, 19140] loss: 0.196
[2, 19160] loss: 0.781
[2, 19180] loss: 1.846
[2, 19200] loss: 0.630
[2, 19220] loss: 0.520
[2, 19240] loss: 1.239
[2, 19260] loss: 0.177
[2, 19280] loss: 1.093
[2, 19300] loss: 1.804
[2, 19320] loss: 0.474
[2, 19340] loss: 0.419
[2, 19360] loss: 1.166
[2, 19380] loss: 0.413
[2, 19400] loss: 0.198
[2, 19420] loss: 0.450
[2, 19440] loss: 1.818
[2, 19460] loss: 2.035
[2, 19480] loss: 0.463
[2, 19500] loss: 0.829
[2, 19520] loss: 1.076
[2, 19540] loss: 1.567
[2, 19560] loss: 1.587
[2, 19580] loss: 3.309
[2, 19600] loss: 6.745
[2, 19620] loss: 12.946
[2, 19640] loss: 1.050
[2, 19660] loss: 3.187
[2, 19680] loss: 2.029
[2, 19700] loss: 2.362
[2, 19720] loss: 0.936
[2, 19740] loss: 2.095
[2, 19760] loss: 8.073
[2, 19780] loss: 9.305
[2, 19800] loss: 45.648
[2, 19820] loss: 44.437
[2, 19840] loss: 159.445
[2, 19860] loss: 424.587
[2, 19880] loss: 571.691
[2, 19900] loss: 233.446
[2, 19920] loss: 138.340
[2, 19940] loss: 94.995
[2, 19960] loss: 129.529
[2, 19980] loss: 365.655
[2, 20000] loss: 146.612
[2, 20020] loss: 61.642
[2, 20040] loss: 51.227
[2, 20060] loss: 61.926
[2, 20080] loss: 30.866
[2, 20100] loss: 89.425
[2, 20120] loss: 211.309
[2, 20140] loss: 672.190
[2, 20160] loss: 1875.794
[2, 20180] loss: 2987.610
[2, 20200] loss: 25495.174
[2, 20220] loss: 18075.793
[2, 20240] loss: 72287.902
[2, 20260] loss: 465598.132
[2, 20280] loss: 192506.987
[2, 20300] loss: 933928.422
[2, 20320] loss: 2541402.475
[2, 20340] loss: 9876734.520
[2, 20360] loss: 15352113.055
[2, 20380] loss: 201349518.438
[2, 20400] loss: 121868397.644
[2, 20420] loss: 49078754.689
[2, 20440] loss: 31183653.430
[2, 20460] loss: 18088820.968
[2, 20480] loss: 4819942.610
[2, 20500] loss: 1003428.665
[2, 20520] loss: 504423.576
[2, 20540] loss: 719206.876
[2, 20560] loss: 318844.646
[2, 20580] loss: 361636.322
[2, 20600] loss: 760404.418
[2, 20620] loss: 797117.514
[2, 20640] loss: 1909590.477
[2, 20660] loss: 760693.193
[2, 20680] loss: 1170086.952
[2, 20700] loss: 452715.544
[2, 20720] loss: 40229.141
[2, 20740] loss: 24808.637
[2, 20760] loss: 58421.974
[2, 20780] loss: 69229.316
[2, 20800] loss: 172002.212
[2, 20820] loss: 154337.483
[2, 20840] loss: 48868.687
[2, 20860] loss: 19264.668
[2, 20880] loss: 88939.484
[2, 20900] loss: 7064.219
[2, 20920] loss: 2446.754
[2, 20940] loss: 735.512
[2, 20960] loss: 547.618
[2, 20980] loss: 786.822
[2, 21000] loss: 637.393
[2, 21020] loss: 1584.096
[2, 21040] loss: 3484.241
[2, 21060] loss: 1480.250
[2, 21080] loss: 9838.233
[2, 21100] loss: 27085.389
[2, 21120] loss: 8351.734
[2, 21140] loss: 9905.715
[2, 21160] loss: 63827.077
[2, 21180] loss: 149946.206
[2, 21200] loss: 64197.875
[2, 21220] loss: 109942.015
[2, 21240] loss: 800335.274
[2, 21260] loss: 424533.088
[2, 21280] loss: 415513.444
[2, 21300] loss: 396405.107
[2, 21320] loss: 146297.343
[2, 21340] loss: 115384.288
[2, 21360] loss: 262815.448
[2, 21380] loss: 424800.714
[2, 21400] loss: 1765426.962
[2, 21420] loss: 8986872.354
[2, 21440] loss: 30467501.855
[2, 21460] loss: 609500317.444
[2, 21480] loss: 420670757.950
[2, 21500] loss: 65977940.404
[2, 21520] loss: 28125410.776
[2, 21540] loss: 17536239.606
[2, 21560] loss: 1175515.514
[2, 21580] loss: 3784062.137
[2, 21600] loss: 2455405.096
[2, 21620] loss: 2228537.346
[2, 21640] loss: 1664309.399
[2, 21660] loss: 555009.947
[2, 21680] loss: 477327.684
[2, 21700] loss: 667114.439
[2, 21720] loss: 350067.805
[2, 21740] loss: 50336.426
[2, 21760] loss: 78473.238
[2, 21780] loss: 39329.483
[2, 21800] loss: 28072.296
[2, 21820] loss: 6565.741
[2, 21840] loss: 5834.886
[2, 21860] loss: 2441.947
[2, 21880] loss: 1140.311
[2, 21900] loss: 446.742
[2, 21920] loss: 794.030
[2, 21940] loss: 643.501
[2, 21960] loss: 474.455
[2, 21980] loss: 355.928
[2, 22000] loss: 178.904
[2, 22020] loss: 56.184
[2, 22040] loss: 66.329
[2, 22060] loss: 36.290
[2, 22080] loss: 7.941
[2, 22100] loss: 0.572
[2, 22120] loss: 0.315
[2, 22140] loss: 0.601
[2, 22160] loss: 0.800
[2, 22180] loss: 1.884
[2, 22200] loss: 1.308
[2, 22220] loss: 0.327
[2, 22240] loss: 0.666
[2, 22260] loss: 0.579
[2, 22280] loss: 0.487
[2, 22300] loss: 0.199
[2, 22320] loss: 0.246
[2, 22340] loss: 0.104
[2, 22360] loss: 0.239
[2, 22380] loss: 0.090
[2, 22400] loss: 0.426
[2, 22420] loss: 0.331
[2, 22440] loss: 0.205
[2, 22460] loss: 0.348
[2, 22480] loss: 0.559
[2, 22500] loss: 0.457
[2, 22520] loss: 0.186
[2, 22540] loss: 0.212
[2, 22560] loss: 0.072
[2, 22580] loss: 0.355
[2, 22600] loss: 0.220
[2, 22620] loss: 0.381
[2, 22640] loss: 0.512
[2, 22660] loss: 0.471
[2, 22680] loss: 0.648
[2, 22700] loss: 1.152
[2, 22720] loss: 0.965
[2, 22740] loss: 1.763
[2, 22760] loss: 3.467
[2, 22780] loss: 2.001
[2, 22800] loss: 0.572
[2, 22820] loss: 0.847
[2, 22840] loss: 0.937
[2, 22860] loss: 2.356
[2, 22880] loss: 1.237
[2, 22900] loss: 0.405
[2, 22920] loss: 0.677
[2, 22940] loss: 0.276
[2, 22960] loss: 0.384
[2, 22980] loss: 0.366
[2, 23000] loss: 0.599
[2, 23020] loss: 0.369
[2, 23040] loss: 2.663
[2, 23060] loss: 2.841
[2, 23080] loss: 3.591
[2, 23100] loss: 3.821
[2, 23120] loss: 8.816
[2, 23140] loss: 11.878
[2, 23160] loss: 1.736
[2, 23180] loss: 9.489
[2, 23200] loss: 2.539
[2, 23220] loss: 4.959
[2, 23240] loss: 0.513
[2, 23260] loss: 1.339
[2, 23280] loss: 0.823
[2, 23300] loss: 1.394
[2, 23320] loss: 2.004
[2, 23340] loss: 2.478
[2, 23360] loss: 2.048
[2, 23380] loss: 0.918
[2, 23400] loss: 2.196
[2, 23420] loss: 4.222
[2, 23440] loss: 12.240
[2, 23460] loss: 244.865
[2, 23480] loss: 928.760
[2, 23500] loss: 185.446
[2, 23520] loss: 388.294
[2, 23540] loss: 333.495
[2, 23560] loss: 183.906
[2, 23580] loss: 416.087
[2, 23600] loss: 281.777
[2, 23620] loss: 40.786
[2, 23640] loss: 15.361
[2, 23660] loss: 12.350
[2, 23680] loss: 3.769
[2, 23700] loss: 2.476
[2, 23720] loss: 2.916
[2, 23740] loss: 5.222
[2, 23760] loss: 5.005
[2, 23780] loss: 10.019
[2, 23800] loss: 19.963
[2, 23820] loss: 9.702
[2, 23840] loss: 15.844
[2, 23860] loss: 8.345
[2, 23880] loss: 7.906
[2, 23900] loss: 12.958
[2, 23920] loss: 65.474
[2, 23940] loss: 55.834
[2, 23960] loss: 24.247
[2, 23980] loss: 16.729
[2, 24000] loss: 99.428
[2, 24020] loss: 106.201
[2, 24040] loss: 219.264
[2, 24060] loss: 505.835
[2, 24080] loss: 10154.027
[2, 24100] loss: 31672.249
[2, 24120] loss: 436648.578
[2, 24140] loss: 1315695.725
[2, 24160] loss: 1156343.472
[2, 24180] loss: 767423.420
[2, 24200] loss: 2010728.301
[2, 24220] loss: 1445563.681
[2, 24240] loss: 7338986.517
[2, 24260] loss: 26349817.722
[2, 24280] loss: 44101049.462
[2, 24300] loss: 53954148.381
[2, 24320] loss: 51788938.106
[2, 24340] loss: 10277341.151
[2, 24360] loss: 5652979.425
[2, 24380] loss: 5760291.354
[2, 24400] loss: 6056095.396
[2, 24420] loss: 2487565.955
[2, 24440] loss: 1097513.743
[2, 24460] loss: 989280.206
[2, 24480] loss: 388748.697
[2, 24500] loss: 129437.005
[2, 24520] loss: 164885.664
[2, 24540] loss: 14294.583
[2, 24560] loss: 11396.106
[2, 24580] loss: 28220.042
[2, 24600] loss: 13986.612
[2, 24620] loss: 8069.202
[2, 24640] loss: 3799.596
[2, 24660] loss: 3757.420
[2, 24680] loss: 2793.571
[2, 24700] loss: 447.855
[2, 24720] loss: 276.403
[2, 24740] loss: 21.068
[2, 24760] loss: 19.652
[2, 24780] loss: 7.502
[2, 24800] loss: 4.795
[2, 24820] loss: 1.457
[2, 24840] loss: 6.604
[2, 24860] loss: 3.511
[2, 24880] loss: 0.587
[2, 24900] loss: 0.343
[2, 24920] loss: 0.085
[2, 24940] loss: 0.190
[2, 24960] loss: 0.356
[2, 24980] loss: 0.124
[2, 25000] loss: 0.100
[2, 25020] loss: 0.143
[2, 25040] loss: 0.885
[2, 25060] loss: 0.526
[2, 25080] loss: 1.258
[2, 25100] loss: 0.618
[2, 25120] loss: 0.525
[2, 25140] loss: 1.657
[2, 25160] loss: 0.780
[2, 25180] loss: 0.551
[2, 25200] loss: 0.469
[2, 25220] loss: 0.497
[2, 25240] loss: 0.424
[2, 25260] loss: 1.311
[2, 25280] loss: 0.279
[2, 25300] loss: 0.147
[2, 25320] loss: 0.447
[2, 25340] loss: 0.292
[2, 25360] loss: 0.147
[2, 25380] loss: 0.118
[2, 25400] loss: 0.658
[2, 25420] loss: 1.023
[2, 25440] loss: 0.374
[2, 25460] loss: 0.225
[2, 25480] loss: 0.168
[2, 25500] loss: 0.376
[2, 25520] loss: 0.471
[2, 25540] loss: 1.232
[2, 25560] loss: 1.816
[2, 25580] loss: 6.119
[2, 25600] loss: 3.897
[2, 25620] loss: 15.944
[2, 25640] loss: 5.161
[2, 25660] loss: 0.291
[2, 25680] loss: 0.247
[2, 25700] loss: 0.295
[2, 25720] loss: 0.596
[2, 25740] loss: 1.434
[2, 25760] loss: 2.287
[2, 25780] loss: 3.737
[2, 25800] loss: 5.437
[2, 25820] loss: 4.604
[2, 25840] loss: 1.138
[2, 25860] loss: 0.866
[2, 25880] loss: 1.285
[2, 25900] loss: 3.535
[2, 25920] loss: 10.252
[2, 25940] loss: 46.967
[2, 25960] loss: 67.836
[2, 25980] loss: 32.116
[2, 26000] loss: 34.610
[2, 26020] loss: 23.317
[2, 26040] loss: 28.866
[2, 26060] loss: 16.979
[2, 26080] loss: 4.600
[2, 26100] loss: 4.528
[2, 26120] loss: 0.564
[2, 26140] loss: 6.261
[2, 26160] loss: 10.907
[2, 26180] loss: 7.404
[2, 26200] loss: 17.523
[2, 26220] loss: 53.189
[2, 26240] loss: 94.813
[2, 26260] loss: 61.207
[2, 26280] loss: 713.247
[2, 26300] loss: 14840.947
[2, 26320] loss: 23737.988
[2, 26340] loss: 52625.170
[2, 26360] loss: 254338.291
[2, 26380] loss: 412721.907
[2, 26400] loss: 529476.652
[2, 26420] loss: 185979.578
[2, 26440] loss: 68725.434
[2, 26460] loss: 48873.095
[2, 26480] loss: 630587.423
[2, 26500] loss: 2753207.695
[2, 26520] loss: 4646927808569.912
[2, 26540] loss: 152701302217267.188
[2, 26560] loss: 38785543838105.602
[2, 26580] loss: 11746708557977.600
[2, 26600] loss: 334624834629.600
[2, 26620] loss: 14225486608.300
[2, 26640] loss: 8474305585.200
[2, 26660] loss: 4514131140.050
[2, 26680] loss: 4954969755.300
[2, 26700] loss: 7777986175.200
[2, 26720] loss: 2475658294.000
[2, 26740] loss: 2407429847.156
[2, 26760] loss: 1022404173.836
[2, 26780] loss: 2268971612.300
[2, 26800] loss: 884135862.400
[2, 26820] loss: 2381618917.500
[2, 26840] loss: 2177099269.050
[2, 26860] loss: 1167265233.856
[2, 26880] loss: 2469705068.640
[2, 26900] loss: 1528584223.931
[2, 26920] loss: 1898758204.192
[2, 26940] loss: 1848265054.450
[2, 26960] loss: 1301041220.394
[2, 26980] loss: 2071379475.500
[2, 27000] loss: 1361407370.628
[2, 27020] loss: 1166306232.590
[2, 27040] loss: 930764924.200
[2, 27060] loss: 511108937.200
[2, 27080] loss: 818146355.288
[2, 27100] loss: 1019842913.487
[2, 27120] loss: 677497281.700
[2, 27140] loss: 556104580.075
[2, 27160] loss: 636166699.500
[2, 27180] loss: 771416473.806
[2, 27200] loss: 983225751.316
[2, 27220] loss: 814589380.650
[2, 27240] loss: 888849374.081
[2, 27260] loss: 328750681.325
[2, 27280] loss: 259537592.006
[2, 27300] loss: 441035097.425
[2, 27320] loss: 620650271.200
[2, 27340] loss: 417748871.863
[2, 27360] loss: 308265747.561
[2, 27380] loss: 274943090.374
[2, 27400] loss: 286921691.413
[2, 27420] loss: 303428087.811
[2, 27440] loss: 423517968.012
[2, 27460] loss: 451286984.600
[2, 27480] loss: 126620397.925
[2, 27500] loss: 226350038.355
[2, 27520] loss: 624823648.481
[2, 27540] loss: 317574108.125
[2, 27560] loss: 244227044.489
[2, 27580] loss: 205037255.586
[2, 27600] loss: 401244323.295
[2, 27620] loss: 230905154.638
[2, 27640] loss: 176571547.269
[2, 27660] loss: 310810950.100
[2, 27680] loss: 194781256.222
[2, 27700] loss: 203172887.562
[2, 27720] loss: 289815497.255
[2, 27740] loss: 328155859.144
[2, 27760] loss: 441479750.000
[2, 27780] loss: 128345554.400
[2, 27800] loss: 219042659.300
[2, 27820] loss: 205706680.800
[2, 27840] loss: 411129862.100
[2, 27860] loss: 412850809.266
[2, 27880] loss: 284032425.719
[2, 27900] loss: 206390464.938
[2, 27920] loss: 327538273.215
[2, 27940] loss: 277176604.075
[2, 27960] loss: 169856965.519
[2, 27980] loss: 118395492.158
[2, 28000] loss: 172820786.685
[2, 28020] loss: 298021138.275
[2, 28040] loss: 135339757.970
[2, 28060] loss: 159881670.806
[2, 28080] loss: 143555304.338
[2, 28100] loss: 162016043.247
[2, 28120] loss: 221685892.419
[2, 28140] loss: 204233885.579
[2, 28160] loss: 270667110.100
[2, 28180] loss: 329989902.687
[2, 28200] loss: 214327537.118
[2, 28220] loss: 68119277.322
[2, 28240] loss: 139407792.258
[2, 28260] loss: 186443508.850
[2, 28280] loss: 99322391.551
[2, 28300] loss: 166577649.175
[2, 28320] loss: 122152674.237
[2, 28340] loss: 164295066.100
[2, 28360] loss: 184599191.709
[2, 28380] loss: 178960777.150
[2, 28400] loss: 138647910.438
[2, 28420] loss: 120253684.148
[2, 28440] loss: 220362198.912
[2, 28460] loss: 97485593.801
[2, 28480] loss: 158248668.492
[2, 28500] loss: 143804131.630
[2, 28520] loss: 134550375.116
[2, 28540] loss: 87086617.880
[2, 28560] loss: 135156411.584
[2, 28580] loss: 104428569.750
[2, 28600] loss: 208262436.598
[2, 28620] loss: 164029239.425
[2, 28640] loss: 150978612.235
[2, 28660] loss: 78231653.725
[2, 28680] loss: 52023369.478
[2, 28700] loss: 167333344.387
[2, 28720] loss: 220490562.100
[2, 28740] loss: 224214329.341
[2, 28760] loss: 191759021.173
[2, 28780] loss: 100264029.429
[2, 28800] loss: 90093589.757
[2, 28820] loss: 157533961.730
[2, 28840] loss: 164605567.261
[2, 28860] loss: 174590636.644
[2, 28880] loss: 159873466.100
[2, 28900] loss: 265142328.428
[2, 28920] loss: 71410567.037
[2, 28940] loss: 74103113.772
[2, 28960] loss: 133670746.150
[2, 28980] loss: 100505578.031
[2, 29000] loss: 265768130.057
[2, 29020] loss: 334998139.650
[2, 29040] loss: 174957088.022
[2, 29060] loss: 158287396.570
[2, 29080] loss: 178398413.950
[2, 29100] loss: 72317447.739
[2, 29120] loss: 83802911.689
[2, 29140] loss: 281559141.300
[2, 29160] loss: 175297660.073
[2, 29180] loss: 141992187.250
[2, 29200] loss: 257613339.720
[2, 29220] loss: 278054808.829
[2, 29240] loss: 183772482.369
[2, 29260] loss: 90392176.536
[2, 29280] loss: 73017687.231
[2, 29300] loss: 173371857.339
[2, 29320] loss: 70078548.291
[2, 29340] loss: 66970958.388
[2, 29360] loss: 87068356.402
[2, 29380] loss: 94944100.130
[2, 29400] loss: 162379321.384
[2, 29420] loss: 111744251.550
[2, 29440] loss: 170107778.638
[2, 29460] loss: 94700527.945
[2, 29480] loss: 173886226.441
[2, 29500] loss: 142604972.912
[2, 29520] loss: 101949224.497
[2, 29540] loss: 189383617.984
[2, 29560] loss: 401513819.166
[2, 29580] loss: 226704804.713
[2, 29600] loss: 78619831.891
[2, 29620] loss: 82008291.915
[2, 29640] loss: 61063665.520
[2, 29660] loss: 108056649.449
[2, 29680] loss: 96439069.927
[2, 29700] loss: 130418836.777
[2, 29720] loss: 155148799.370
[2, 29740] loss: 182935911.798
[2, 29760] loss: 73102284.418
[2, 29780] loss: 100088379.606
[2, 29800] loss: 78776517.891
[2, 29820] loss: 88142213.081
[2, 29840] loss: 93917413.744
[2, 29860] loss: 66646398.993
[2, 29880] loss: 81191324.837
[2, 29900] loss: 95639676.906
[2, 29920] loss: 161611504.506
[2, 29940] loss: 84734255.159
[2, 29960] loss: 102527755.850
[2, 29980] loss: 77258497.876
[2, 30000] loss: 63786437.756
[2, 30020] loss: 50027587.437
[2, 30040] loss: 57476364.450
[2, 30060] loss: 130063523.036
[2, 30080] loss: 153840096.826
[2, 30100] loss: 163113243.486
[2, 30120] loss: 64146932.435
[2, 30140] loss: 98410994.236
[2, 30160] loss: 83166360.812
[2, 30180] loss: 64739177.205
[2, 30200] loss: 122348328.484
[2, 30220] loss: 66729601.025
[2, 30240] loss: 141859511.000
[2, 30260] loss: 74029211.658
[2, 30280] loss: 183307809.281
[2, 30300] loss: 117197675.150
[2, 30320] loss: 444741778.856
[2, 30340] loss: 540649091.160
[2, 30360] loss: 280202434.306
[2, 30380] loss: 454054053.425
[2, 30400] loss: 446647204.938
[2, 30420] loss: 236434255.675
[1,    20] loss: 2892075098.947
[1,    40] loss: 1921315487.179
[1,    60] loss: 1431613330.441
[1,    80] loss: 1192127754.937
[1,   100] loss: 1155612502.949
[1,   120] loss: 1073975776.538
[1,   140] loss: 1073581662.388
[1,   160] loss: 1075304164.629
[1,   180] loss: 1056041196.156
[1,   200] loss: 1074516213.548
[1,   220] loss: 1120624279.233
[1,   240] loss: 1095295625.506
[1,   260] loss: 1058831546.317
[1,   280] loss: 1015281066.896
[1,   300] loss: 978442710.154
[1,   320] loss: 950451653.918
[1,   340] loss: 924453855.245
[1,   360] loss: 899163739.008
[1,   380] loss: 873438777.836
[1,   400] loss: 850398183.779
[1,   420] loss: 830863177.088
[1,   440] loss: 813040623.162
[1,   460] loss: 794706434.440
[1,   480] loss: 774163755.357
[1,   500] loss: 757250242.309
[1,   520] loss: 744663948.886
[1,   540] loss: 733247337.440
[1,   560] loss: 718910673.059
[1,   580] loss: 704175983.337
[1,   600] loss: 692603536.053
[1,   620] loss: 680789730.533
[1,   640] loss: 680754407.311
[1,   660] loss: 673629493.026
[1,   680] loss: 682825658.910
[1,   700] loss: 690646459.880
[1,   720] loss: 692693931.082
[1,   740] loss: 690573785.808
[1,   760] loss: 689801938.972
[1,   780] loss: 689277038.254
[1,   800] loss: 688839630.658
[1,   820] loss: 692683467.722
[1,   840] loss: 693319557.492
[1,   860] loss: 695691605.383
[1,   880] loss: 703553624.683
[1,   900] loss: 705646153.895
[1,   920] loss: 706742980.596
[1,   940] loss: 703158713.423
[1,   960] loss: 698948497.752
[1,   980] loss: 696242070.194
[1,  1000] loss: 695794459.900
[1,  1020] loss: 696899063.553
[1,  1040] loss: 696780114.449
[1,  1060] loss: 698162119.041
[1,  1080] loss: 701834636.248
[1,  1100] loss: 709239223.177
[1,  1120] loss: 717342194.130
[1,  1140] loss: 723232158.820
[1,  1160] loss: 728205548.148
[1,  1180] loss: 730883167.891
[1,  1200] loss: 732341863.686
[1,  1220] loss: 734309053.874
[1,  1240] loss: 737047459.409
[1,  1260] loss: 739401512.693
[1,  1280] loss: 740605618.464
[1,  1300] loss: 743958183.932
[1,  1320] loss: 749645235.797
[1,  1340] loss: 749811102.088
[1,  1360] loss: 748411999.717
[1,  1380] loss: 746829413.941
[1,  1400] loss: 745062336.297
[1,  1420] loss: 743604580.646
[1,  1440] loss: 742853924.492
[1,  1460] loss: 742238671.989
[1,  1480] loss: 740691354.461
[1,  1500] loss: 739781472.769
[1,  1520] loss: 739062062.747
[1,  1540] loss: 737568444.320
[1,  1560] loss: 734816280.385
[1,  1580] loss: 730889194.680
[1,  1600] loss: 726416629.453
[1,  1620] loss: 723277193.468
[1,  1640] loss: 720786103.722
[1,  1660] loss: 718814778.483
[1,  1680] loss: 718349155.068
[1,  1700] loss: 719387739.838
[1,  1720] loss: 719870542.222
[1,  1740] loss: 718892301.525
[1,  1760] loss: 719708718.226
[1,  1780] loss: 718666057.264
[1,  1800] loss: 718156039.916
[1,  1820] loss: 717645121.143
[1,  1840] loss: 718928303.661
[1,  1860] loss: 716364223.776
[1,  1880] loss: 709955769.816
[1,  1900] loss: 703361642.130
[1,  1920] loss: 697004431.239
[1,  1940] loss: 690772322.651
[1,  1960] loss: 684682713.117
[1,  1980] loss: 679348509.819
[1,  2000] loss: 675580325.685
[1,  2020] loss: 670416332.198
[1,  2040] loss: 664942648.492
[1,  2060] loss: 659538059.868
[1,  2080] loss: 654453443.938
[1,  2100] loss: 649306312.524
[1,  2120] loss: 644797601.727
[1,  2140] loss: 645454531.970
[1,  2160] loss: 647269463.794
[1,  2180] loss: 648893812.154
[1,  2200] loss: 649543521.664
[1,  2220] loss: 650012607.126
[1,  2240] loss: 653241898.467
[1,  2260] loss: 658411543.279
[1,  2280] loss: 658954707.396
[1,  2300] loss: 659776700.567
[1,  2320] loss: 658286512.033
[1,  2340] loss: 656075794.957
[1,  2360] loss: 659031125.835
[1,  2380] loss: 658323384.140
[1,  2400] loss: 655657808.435
[1,  2420] loss: 653827728.696
[1,  2440] loss: 653295496.858
[1,  2460] loss: 653245940.042
[1,  2480] loss: 652033138.667
[1,  2500] loss: 650013548.102
[1,  2520] loss: 647577571.686
[1,  2540] loss: 645184780.466
[1,  2560] loss: 642374126.363
[1,  2580] loss: 641490098.483
[1,  2600] loss: 641650675.892
[1,  2620] loss: 640873928.964
[1,  2640] loss: 639951138.505
[1,  2660] loss: 639797173.285
[1,  2680] loss: 642225719.801
[1,  2700] loss: 642381500.225
[1,  2720] loss: 641226142.595
[1,  2740] loss: 640796092.234
[1,  2760] loss: 643046238.894
[1,  2780] loss: 643984069.753
[1,  2800] loss: 646426656.922
[1,  2820] loss: 650990455.709
[1,  2840] loss: 651036504.928
[1,  2860] loss: 651207004.761
[1,  2880] loss: 651821623.904
[1,  2900] loss: 651794669.297
[1,  2920] loss: 651898568.656
[1,  2940] loss: 651980166.921
[1,  2960] loss: 652132794.513
[1,  2980] loss: 650812458.534
[1,  3000] loss: 652651093.699
[1,  3020] loss: 656319441.125
[1,  3040] loss: 657505924.313
[1,  3060] loss: 656194755.710
[1,  3080] loss: 653415395.239
[1,  3100] loss: 650469439.692
[1,  3120] loss: 647662318.129
[1,  3140] loss: 644693358.656
[1,  3160] loss: 641199993.266
[1,  3180] loss: 637671232.448
[1,  3200] loss: 634190519.292
[1,  3220] loss: 630795305.297
[1,  3240] loss: 627692000.971
[1,  3260] loss: 627632783.403
[1,  3280] loss: 627493882.171
[1,  3300] loss: 625584745.993
[1,  3320] loss: 625466107.403
[1,  3340] loss: 624623720.350
[1,  3360] loss: 622900755.141
[2,    20] loss: 2892075098.947
[2,    40] loss: 1921315487.179
[2,    60] loss: 1431613330.441
[2,    80] loss: 1192127754.937
[2,   100] loss: 1155612502.949
[2,   120] loss: 1073975776.538
[2,   140] loss: 1073581662.388
[2,   160] loss: 1075304164.629
[2,   180] loss: 1056041196.156
[2,   200] loss: 1074516213.548
[2,   220] loss: 1120624279.233
[2,   240] loss: 1095295625.506
[2,   260] loss: 1058831546.317
[2,   280] loss: 1015281066.896
[2,   300] loss: 978442710.154
[2,   320] loss: 950451653.918
[2,   340] loss: 924453855.245
[2,   360] loss: 899163739.008
[2,   380] loss: 873438777.836
[2,   400] loss: 850398183.779
[2,   420] loss: 830863177.088
[2,   440] loss: 813040623.162
[2,   460] loss: 794706434.440
[2,   480] loss: 774163755.357
[2,   500] loss: 757250242.309
[2,   520] loss: 744663948.886
[2,   540] loss: 733247337.440
[2,   560] loss: 718910673.059
[2,   580] loss: 704175983.337
[2,   600] loss: 692603536.053
[2,   620] loss: 680789730.533
[2,   640] loss: 680754407.311
[2,   660] loss: 673629493.026
[2,   680] loss: 682825658.910
[2,   700] loss: 690646459.880
[2,   720] loss: 692693931.082
[2,   740] loss: 690573785.808
[2,   760] loss: 689801938.972
[2,   780] loss: 689277038.254
[2,   800] loss: 688839630.658
[2,   820] loss: 692683467.722
[2,   840] loss: 693319557.492
[2,   860] loss: 695691605.383
[2,   880] loss: 703553624.683
[2,   900] loss: 705646153.895
[2,   920] loss: 706742980.596
[2,   940] loss: 703158713.423
[2,   960] loss: 698948497.752
[2,   980] loss: 696242070.194
[2,  1000] loss: 695794459.900
[2,  1020] loss: 696899063.553
[2,  1040] loss: 696780114.449
[2,  1060] loss: 698162119.041
[2,  1080] loss: 701834636.248
[2,  1100] loss: 709239223.177
[2,  1120] loss: 717342194.130
[2,  1140] loss: 723232158.820
[2,  1160] loss: 728205548.148
[2,  1180] loss: 730883167.891
[2,  1200] loss: 732341863.686
[2,  1220] loss: 734309053.874
[2,  1240] loss: 737047459.409
[2,  1260] loss: 739401512.693
[2,  1280] loss: 740605618.464
[2,  1300] loss: 743958183.932
[2,  1320] loss: 749645235.797
[2,  1340] loss: 749811102.088
[2,  1360] loss: 748411999.717
[2,  1380] loss: 746829413.941
[2,  1400] loss: 745062336.297
[2,  1420] loss: 743604580.646
[2,  1440] loss: 742853924.492
[2,  1460] loss: 742238671.989
[2,  1480] loss: 740691354.461
[2,  1500] loss: 739781472.769
[2,  1520] loss: 739062062.747
[2,  1540] loss: 737568444.320
[2,  1560] loss: 734816280.385
[2,  1580] loss: 730889194.680
[2,  1600] loss: 726416629.453
[2,  1620] loss: 723277193.468
[2,  1640] loss: 720786103.722
[2,  1660] loss: 718814778.483
[2,  1680] loss: 718349155.068
[2,  1700] loss: 719387739.838
[2,  1720] loss: 719870542.222
[2,  1740] loss: 718892301.525
[2,  1760] loss: 719708718.226
[2,  1780] loss: 718666057.264
[2,  1800] loss: 718156039.916
[2,  1820] loss: 717645121.143
[2,  1840] loss: 718928303.661
[2,  1860] loss: 716364223.776
[2,  1880] loss: 709955769.816
[2,  1900] loss: 703361642.130
[2,  1920] loss: 697004431.239
[2,  1940] loss: 690772322.651
[2,  1960] loss: 684682713.117
[2,  1980] loss: 679348509.819
[2,  2000] loss: 675580325.685
[2,  2020] loss: 670416332.198
[2,  2040] loss: 664942648.492
[2,  2060] loss: 659538059.868
[2,  2080] loss: 654453443.938
[2,  2100] loss: 649306312.524
[2,  2120] loss: 644797601.727
[2,  2140] loss: 645454531.970
[2,  2160] loss: 647269463.794
[2,  2180] loss: 648893812.154
[2,  2200] loss: 649543521.664
[2,  2220] loss: 650012607.126
[2,  2240] loss: 653241898.467
[2,  2260] loss: 658411543.279
[2,  2280] loss: 658954707.396
[2,  2300] loss: 659776700.567
[2,  2320] loss: 658286512.033
[2,  2340] loss: 656075794.957
[2,  2360] loss: 659031125.835
[2,  2380] loss: 658323384.140
[2,  2400] loss: 655657808.435
[2,  2420] loss: 653827728.696
[2,  2440] loss: 653295496.858
[2,  2460] loss: 653245940.042
[2,  2480] loss: 652033138.667
[2,  2500] loss: 650013548.102
[2,  2520] loss: 647577571.686
[2,  2540] loss: 645184780.466
[2,  2560] loss: 642374126.363
[2,  2580] loss: 641490098.483
[2,  2600] loss: 641650675.892
[2,  2620] loss: 640873928.964
[2,  2640] loss: 639951138.505
[2,  2660] loss: 639797173.285
[2,  2680] loss: 642225719.801
[2,  2700] loss: 642381500.225
[2,  2720] loss: 641226142.595
[2,  2740] loss: 640796092.234
[2,  2760] loss: 643046238.894
[2,  2780] loss: 643984069.753
[2,  2800] loss: 646426656.922
[2,  2820] loss: 650990455.709
[2,  2840] loss: 651036504.928
[2,  2860] loss: 651207004.761
[2,  2880] loss: 651821623.904
[2,  2900] loss: 651794669.297
[2,  2920] loss: 651898568.656
[2,  2940] loss: 651980166.921
[2,  2960] loss: 652132794.513
[2,  2980] loss: 650812458.534
[2,  3000] loss: 652651093.699
[2,  3020] loss: 656319441.125
[2,  3040] loss: 657505924.313
[2,  3060] loss: 656194755.710
[2,  3080] loss: 653415395.239
[2,  3100] loss: 650469439.692
[2,  3120] loss: 647662318.129
[2,  3140] loss: 644693358.656
[2,  3160] loss: 641199993.266
[2,  3180] loss: 637671232.448
[2,  3200] loss: 634190519.292
[2,  3220] loss: 630795305.297
[2,  3240] loss: 627692000.971
[2,  3260] loss: 627632783.403
[2,  3280] loss: 627493882.171
[2,  3300] loss: 625584745.993
[2,  3320] loss: 625466107.403
[2,  3340] loss: 624623720.350
[2,  3360] loss: 622900755.141
