cuda:  3
color_space: YCbCr
batch_size: 1
num_epcochs: 2
learning_rate: 0.003
[1,    20] loss: 109.038
[1,    40] loss: 35.983
[1,    60] loss: 444.491
[1,    80] loss: 2496.484
[1,   100] loss: 9842.677
[1,   120] loss: 6440.959
[1,   140] loss: 722.469
[1,   160] loss: 24.166
[1,   180] loss: 10.839
[1,   200] loss: 3.723
[1,   220] loss: 4.724
[1,   240] loss: 1.721
[1,   260] loss: 1.220
[1,   280] loss: 1.439
[1,   300] loss: 1.980
[1,   320] loss: 0.642
[1,   340] loss: 1.188
[1,   360] loss: 0.906
[1,   380] loss: 0.468
[1,   400] loss: 0.491
[1,   420] loss: 0.334
[1,   440] loss: 0.202
[1,   460] loss: 0.508
[1,   480] loss: 0.384
[1,   500] loss: 0.361
[1,   520] loss: 0.406
[1,   540] loss: 0.323
[1,   560] loss: 0.252
[1,   580] loss: 0.305
[1,   600] loss: 0.288
[1,   620] loss: 0.289
[1,   640] loss: 0.253
[1,   660] loss: 0.251
[1,   680] loss: 0.175
[1,   700] loss: 0.379
[1,   720] loss: 0.107
[1,   740] loss: 0.036
[1,   760] loss: 0.192
[1,   780] loss: 0.233
[1,   800] loss: 0.191
[1,   820] loss: 0.150
[1,   840] loss: 0.287
[1,   860] loss: 0.130
[1,   880] loss: 0.290
[1,   900] loss: 0.143
[1,   920] loss: 0.195
[1,   940] loss: 0.141
[1,   960] loss: 0.070
[1,   980] loss: 0.183
[1,  1000] loss: 0.151
[1,  1020] loss: 0.101
[1,  1040] loss: 0.122
[1,  1060] loss: 0.291
[1,  1080] loss: 0.073
[1,  1100] loss: 0.103
[1,  1120] loss: 0.158
[1,  1140] loss: 0.180
[1,  1160] loss: 0.175
[1,  1180] loss: 0.100
[1,  1200] loss: 0.155
[1,  1220] loss: 0.133
[1,  1240] loss: 0.114
[1,  1260] loss: 0.088
[1,  1280] loss: 0.214
[1,  1300] loss: 0.141
[1,  1320] loss: 0.066
[1,  1340] loss: 0.110
[1,  1360] loss: 0.095
[1,  1380] loss: 0.088
[1,  1400] loss: 0.067
[1,  1420] loss: 0.071
[1,  1440] loss: 0.085
[1,  1460] loss: 0.164
[1,  1480] loss: 0.240
[1,  1500] loss: 0.145
[1,  1520] loss: 0.101
[1,  1540] loss: 0.250
[1,  1560] loss: 0.146
[1,  1580] loss: 0.102
[1,  1600] loss: 0.065
[1,  1620] loss: 0.052
[1,  1640] loss: 0.602
[1,  1660] loss: 0.110
[1,  1680] loss: 0.070
[1,  1700] loss: 0.082
[1,  1720] loss: 0.266
[1,  1740] loss: 0.108
[1,  1760] loss: 0.242
[1,  1780] loss: 0.189
[1,  1800] loss: 0.393
[1,  1820] loss: 0.125
[1,  1840] loss: 0.057
[1,  1860] loss: 0.082
[1,  1880] loss: 0.177
[1,  1900] loss: 0.071
[1,  1920] loss: 0.130
[1,  1940] loss: 0.517
[1,  1960] loss: 0.149
[1,  1980] loss: 0.121
[1,  2000] loss: 0.283
[1,  2020] loss: 0.135
[1,  2040] loss: 0.103
[1,  2060] loss: 0.188
[1,  2080] loss: 0.107
[1,  2100] loss: 0.164
[1,  2120] loss: 0.054
[1,  2140] loss: 0.155
[1,  2160] loss: 0.075
[1,  2180] loss: 0.187
[1,  2200] loss: 0.255
[1,  2220] loss: 0.098
[1,  2240] loss: 0.221
[1,  2260] loss: 0.152
[1,  2280] loss: 0.138
[1,  2300] loss: 0.088
[1,  2320] loss: 0.161
[1,  2340] loss: 0.123
[1,  2360] loss: 0.178
[1,  2380] loss: 0.158
[1,  2400] loss: 0.082
[1,  2420] loss: 0.060
[1,  2440] loss: 0.143
[1,  2460] loss: 0.136
[1,  2480] loss: 0.365
[1,  2500] loss: 0.131
[1,  2520] loss: 0.399
[1,  2540] loss: 0.188
[1,  2560] loss: 0.079
[1,  2580] loss: 0.078
[1,  2600] loss: 0.083
[1,  2620] loss: 0.162
[1,  2640] loss: 0.043
[1,  2660] loss: 0.120
[1,  2680] loss: 0.066
[1,  2700] loss: 0.030
[1,  2720] loss: 0.085
[1,  2740] loss: 0.174
[1,  2760] loss: 0.063
[1,  2780] loss: 0.167
[1,  2800] loss: 0.101
[1,  2820] loss: 0.119
[1,  2840] loss: 0.054
[1,  2860] loss: 0.201
[1,  2880] loss: 0.186
[1,  2900] loss: 0.036
[1,  2920] loss: 0.050
[1,  2940] loss: 0.159
[1,  2960] loss: 0.257
[1,  2980] loss: 0.201
[1,  3000] loss: 0.142
[1,  3020] loss: 0.125
[1,  3040] loss: 0.109
[1,  3060] loss: 0.105
[1,  3080] loss: 0.152
[1,  3100] loss: 0.224
[1,  3120] loss: 0.299
[1,  3140] loss: 0.227
[1,  3160] loss: 0.260
[1,  3180] loss: 0.241
[1,  3200] loss: 0.153
[1,  3220] loss: 0.137
[1,  3240] loss: 0.183
[1,  3260] loss: 0.097
[1,  3280] loss: 0.073
[1,  3300] loss: 0.296
[1,  3320] loss: 0.094
[1,  3340] loss: 0.053
[1,  3360] loss: 0.155
[1,  3380] loss: 0.066
[1,  3400] loss: 0.035
[1,  3420] loss: 0.177
[1,  3440] loss: 0.216
[1,  3460] loss: 0.097
[1,  3480] loss: 0.154
[1,  3500] loss: 0.111
[1,  3520] loss: 0.070
[1,  3540] loss: 0.147
[1,  3560] loss: 0.256
[1,  3580] loss: 0.185
[1,  3600] loss: 0.108
[1,  3620] loss: 0.446
[1,  3640] loss: 0.216
[1,  3660] loss: 0.326
[1,  3680] loss: 0.319
[1,  3700] loss: 0.042
[1,  3720] loss: 0.353
[1,  3740] loss: 0.410
[1,  3760] loss: 0.148
[1,  3780] loss: 0.096
[1,  3800] loss: 0.045
[1,  3820] loss: 0.075
[1,  3840] loss: 0.013
[1,  3860] loss: 0.187
[1,  3880] loss: 0.121
[1,  3900] loss: 0.071
[1,  3920] loss: 0.051
[1,  3940] loss: 0.063
[1,  3960] loss: 0.241
[1,  3980] loss: 0.097
[1,  4000] loss: 0.149
[1,  4020] loss: 0.079
[1,  4040] loss: 0.247
[1,  4060] loss: 0.105
[1,  4080] loss: 0.231
[1,  4100] loss: 0.179
[1,  4120] loss: 0.164
[1,  4140] loss: 0.118
[1,  4160] loss: 0.063
[1,  4180] loss: 0.109
[1,  4200] loss: 0.042
[1,  4220] loss: 0.095
[1,  4240] loss: 0.220
[1,  4260] loss: 0.079
[1,  4280] loss: 0.208
[1,  4300] loss: 0.325
[1,  4320] loss: 0.098
[1,  4340] loss: 0.087
[1,  4360] loss: 0.334
[1,  4380] loss: 0.176
[1,  4400] loss: 0.050
[1,  4420] loss: 0.062
[1,  4440] loss: 0.053
[1,  4460] loss: 0.079
[1,  4480] loss: 0.039
[1,  4500] loss: 0.067
[1,  4520] loss: 0.166
[1,  4540] loss: 0.132
[1,  4560] loss: 0.246
[1,  4580] loss: 0.094
[1,  4600] loss: 0.227
[1,  4620] loss: 0.176
[1,  4640] loss: 0.248
[1,  4660] loss: 0.062
[1,  4680] loss: 0.035
[1,  4700] loss: 0.399
[1,  4720] loss: 0.219
[1,  4740] loss: 0.156
[1,  4760] loss: 0.086
[1,  4780] loss: 0.068
[1,  4800] loss: 0.042
[1,  4820] loss: 0.027
[1,  4840] loss: 0.053
[1,  4860] loss: 0.027
[1,  4880] loss: 0.069
[1,  4900] loss: 0.085
[1,  4920] loss: 0.118
[1,  4940] loss: 0.051
[1,  4960] loss: 0.187
[1,  4980] loss: 0.107
[1,  5000] loss: 0.060
[1,  5020] loss: 0.087
[1,  5040] loss: 0.096
[1,  5060] loss: 0.143
[1,  5080] loss: 0.078
[1,  5100] loss: 0.126
[1,  5120] loss: 0.070
[1,  5140] loss: 0.032
[1,  5160] loss: 0.061
[1,  5180] loss: 0.080
[1,  5200] loss: 0.266
[1,  5220] loss: 0.164
[1,  5240] loss: 0.080
[1,  5260] loss: 0.047
[1,  5280] loss: 0.056
[1,  5300] loss: 0.031
[1,  5320] loss: 0.178
[1,  5340] loss: 0.299
[1,  5360] loss: 0.157
[1,  5380] loss: 0.079
[1,  5400] loss: 0.112
[1,  5420] loss: 0.291
[1,  5440] loss: 0.135
[1,  5460] loss: 0.335
[1,  5480] loss: 0.035
[1,  5500] loss: 0.058
[1,  5520] loss: 0.044
[1,  5540] loss: 0.061
[1,  5560] loss: 0.169
[1,  5580] loss: 0.148
[1,  5600] loss: 0.059
[1,  5620] loss: 0.207
[1,  5640] loss: 0.223
[1,  5660] loss: 0.157
[1,  5680] loss: 0.127
[1,  5700] loss: 0.152
[1,  5720] loss: 0.123
[1,  5740] loss: 0.132
[1,  5760] loss: 0.076
[1,  5780] loss: 0.038
[1,  5800] loss: 0.053
[1,  5820] loss: 0.114
[1,  5840] loss: 0.079
[1,  5860] loss: 0.165
[1,  5880] loss: 0.051
[1,  5900] loss: 0.089
[1,  5920] loss: 0.066
[1,  5940] loss: 0.155
[1,  5960] loss: 0.117
[1,  5980] loss: 0.060
[1,  6000] loss: 0.044
[1,  6020] loss: 0.064
[1,  6040] loss: 0.106
[1,  6060] loss: 0.122
[1,  6080] loss: 0.271
[1,  6100] loss: 0.091
[1,  6120] loss: 0.032
[1,  6140] loss: 0.088
[1,  6160] loss: 0.039
[1,  6180] loss: 0.134
[1,  6200] loss: 0.031
[1,  6220] loss: 0.049
[1,  6240] loss: 0.182
[1,  6260] loss: 0.218
[1,  6280] loss: 0.076
[1,  6300] loss: 0.111
[1,  6320] loss: 0.050
[1,  6340] loss: 0.101
[1,  6360] loss: 0.091
[1,  6380] loss: 0.022
[1,  6400] loss: 0.022
[1,  6420] loss: 0.184
[1,  6440] loss: 0.143
[1,  6460] loss: 0.034
[1,  6480] loss: 0.079
[1,  6500] loss: 0.064
[1,  6520] loss: 0.076
[1,  6540] loss: 0.062
[1,  6560] loss: 0.035
[1,  6580] loss: 0.053
[1,  6600] loss: 0.354
[1,  6620] loss: 0.076
[1,  6640] loss: 0.187
[1,  6660] loss: 0.098
[1,  6680] loss: 0.036
[1,  6700] loss: 0.084
[1,  6720] loss: 0.034
[1,  6740] loss: 0.046
[1,  6760] loss: 0.059
[1,  6780] loss: 0.070
[1,  6800] loss: 0.079
[1,  6820] loss: 0.104
[1,  6840] loss: 0.048
[1,  6860] loss: 0.124
[1,  6880] loss: 0.090
[1,  6900] loss: 0.154
[1,  6920] loss: 0.106
[1,  6940] loss: 0.068
[1,  6960] loss: 0.102
[1,  6980] loss: 0.063
[1,  7000] loss: 0.045
[1,  7020] loss: 0.044
[1,  7040] loss: 0.027
[1,  7060] loss: 0.017
[1,  7080] loss: 0.075
[1,  7100] loss: 0.138
[1,  7120] loss: 0.125
[1,  7140] loss: 0.124
[1,  7160] loss: 0.036
[1,  7180] loss: 0.053
[1,  7200] loss: 0.042
[1,  7220] loss: 0.053
[1,  7240] loss: 0.034
[1,  7260] loss: 0.045
[1,  7280] loss: 0.124
[1,  7300] loss: 0.042
[1,  7320] loss: 0.121
[1,  7340] loss: 0.025
[1,  7360] loss: 0.094
[1,  7380] loss: 0.036
[1,  7400] loss: 0.026
[1,  7420] loss: 0.109
[1,  7440] loss: 0.033
[1,  7460] loss: 0.061
[1,  7480] loss: 0.108
[1,  7500] loss: 0.051
[1,  7520] loss: 0.029
[1,  7540] loss: 0.131
[1,  7560] loss: 0.041
[1,  7580] loss: 0.106
[1,  7600] loss: 0.089
[1,  7620] loss: 0.047
[1,  7640] loss: 0.054
[1,  7660] loss: 0.048
[1,  7680] loss: 0.078
[1,  7700] loss: 0.327
[1,  7720] loss: 0.101
[1,  7740] loss: 0.033
[1,  7760] loss: 0.135
[1,  7780] loss: 0.031
[1,  7800] loss: 0.061
[1,  7820] loss: 0.459
[1,  7840] loss: 0.078
[1,  7860] loss: 0.048
[1,  7880] loss: 0.090
[1,  7900] loss: 0.101
[1,  7920] loss: 0.104
[1,  7940] loss: 0.110
[1,  7960] loss: 0.054
[1,  7980] loss: 0.273
[1,  8000] loss: 0.170
[1,  8020] loss: 0.092
[1,  8040] loss: 0.046
[1,  8060] loss: 0.076
[1,  8080] loss: 0.053
[1,  8100] loss: 0.069
[1,  8120] loss: 0.057
[1,  8140] loss: 0.188
[1,  8160] loss: 0.053
[1,  8180] loss: 0.079
[1,  8200] loss: 0.062
[1,  8220] loss: 0.046
[1,  8240] loss: 0.045
[1,  8260] loss: 0.032
[1,  8280] loss: 0.137
[1,  8300] loss: 0.047
[1,  8320] loss: 0.093
[1,  8340] loss: 0.023
[1,  8360] loss: 0.046
[1,  8380] loss: 0.045
[1,  8400] loss: 0.042
[1,  8420] loss: 0.223
[1,  8440] loss: 0.101
[1,  8460] loss: 0.024
[1,  8480] loss: 0.143
[1,  8500] loss: 0.034
[1,  8520] loss: 0.045
[1,  8540] loss: 0.051
[1,  8560] loss: 0.075
[1,  8580] loss: 0.180
[1,  8600] loss: 0.098
[1,  8620] loss: 0.037
[1,  8640] loss: 0.034
[1,  8660] loss: 0.043
[1,  8680] loss: 0.216
[1,  8700] loss: 0.223
[1,  8720] loss: 0.349
[1,  8740] loss: 0.073
[1,  8760] loss: 0.080
[1,  8780] loss: 0.144
[1,  8800] loss: 0.040
[1,  8820] loss: 0.058
[1,  8840] loss: 0.032
[1,  8860] loss: 0.018
[1,  8880] loss: 0.159
[1,  8900] loss: 0.054
[1,  8920] loss: 0.149
[1,  8940] loss: 0.060
[1,  8960] loss: 0.111
[1,  8980] loss: 0.094
[1,  9000] loss: 0.033
[1,  9020] loss: 0.026
[1,  9040] loss: 0.068
[1,  9060] loss: 0.063
[1,  9080] loss: 0.031
[1,  9100] loss: 0.048
[1,  9120] loss: 0.227
[1,  9140] loss: 0.070
[1,  9160] loss: 0.176
[1,  9180] loss: 0.047
[1,  9200] loss: 0.099
[1,  9220] loss: 0.037
[1,  9240] loss: 0.146
[1,  9260] loss: 0.175
[1,  9280] loss: 0.077
[1,  9300] loss: 0.040
[1,  9320] loss: 0.039
[1,  9340] loss: 0.153
[1,  9360] loss: 0.028
[1,  9380] loss: 0.129
[1,  9400] loss: 0.086
[1,  9420] loss: 0.087
[1,  9440] loss: 0.087
[1,  9460] loss: 0.045
[1,  9480] loss: 0.086
[1,  9500] loss: 0.047
[1,  9520] loss: 0.011
[1,  9540] loss: 0.095
[1,  9560] loss: 0.082
[1,  9580] loss: 0.032
[1,  9600] loss: 0.043
[1,  9620] loss: 0.071
[1,  9640] loss: 0.097
[1,  9660] loss: 0.041
[1,  9680] loss: 0.019
[1,  9700] loss: 0.021
[1,  9720] loss: 0.035
[1,  9740] loss: 0.043
[1,  9760] loss: 0.029
[1,  9780] loss: 0.032
[1,  9800] loss: 0.036
[1,  9820] loss: 0.039
[1,  9840] loss: 0.026
[1,  9860] loss: 0.011
[1,  9880] loss: 0.053
[1,  9900] loss: 0.111
[1,  9920] loss: 0.020
[1,  9940] loss: 0.051
[1,  9960] loss: 0.030
[1,  9980] loss: 0.048
[1, 10000] loss: 0.172
[1, 10020] loss: 0.031
[1, 10040] loss: 0.187
[1, 10060] loss: 0.067
[1, 10080] loss: 0.033
[1, 10100] loss: 0.040
[1, 10120] loss: 0.045
[1, 10140] loss: 0.056
[1, 10160] loss: 0.041
[1, 10180] loss: 0.022
[1, 10200] loss: 0.096
[1, 10220] loss: 0.029
[1, 10240] loss: 0.070
[1, 10260] loss: 0.023
[1, 10280] loss: 0.139
[1, 10300] loss: 0.324
[1, 10320] loss: 0.160
[1, 10340] loss: 0.036
[1, 10360] loss: 0.085
[1, 10380] loss: 0.183
[1, 10400] loss: 0.119
[1, 10420] loss: 0.068
[1, 10440] loss: 0.033
[1, 10460] loss: 0.049
[1, 10480] loss: 0.071
[1, 10500] loss: 0.079
[1, 10520] loss: 0.047
[1, 10540] loss: 0.044
[1, 10560] loss: 0.099
[1, 10580] loss: 0.109
[1, 10600] loss: 0.033
[1, 10620] loss: 0.036
[1, 10640] loss: 0.036
[1, 10660] loss: 0.220
[1, 10680] loss: 0.056
[1, 10700] loss: 0.037
[1, 10720] loss: 0.055
[1, 10740] loss: 0.120
[1, 10760] loss: 0.043
[1, 10780] loss: 0.023
[1, 10800] loss: 0.215
[1, 10820] loss: 0.248
[1, 10840] loss: 0.121
[1, 10860] loss: 0.096
[1, 10880] loss: 0.064
[1, 10900] loss: 0.089
[1, 10920] loss: 0.035
[1, 10940] loss: 0.090
[1, 10960] loss: 0.017
[1, 10980] loss: 0.048
[1, 11000] loss: 0.123
[1, 11020] loss: 0.088
[1, 11040] loss: 0.014
[1, 11060] loss: 0.147
[1, 11080] loss: 0.046
[1, 11100] loss: 0.030
[1, 11120] loss: 0.073
[1, 11140] loss: 0.044
[1, 11160] loss: 0.096
[1, 11180] loss: 0.074
[1, 11200] loss: 0.014
[1, 11220] loss: 0.018
[1, 11240] loss: 0.018
[1, 11260] loss: 0.185
[1, 11280] loss: 0.042
[1, 11300] loss: 0.079
[1, 11320] loss: 0.037
[1, 11340] loss: 0.055
[1, 11360] loss: 0.073
[1, 11380] loss: 0.018
[1, 11400] loss: 0.093
[1, 11420] loss: 0.089
[1, 11440] loss: 0.021
[1, 11460] loss: 0.010
[1, 11480] loss: 0.020
[1, 11500] loss: 0.086
[1, 11520] loss: 0.021
[1, 11540] loss: 0.075
[1, 11560] loss: 0.029
[1, 11580] loss: 0.026
[1, 11600] loss: 0.086
[1, 11620] loss: 0.031
[1, 11640] loss: 0.020
[1, 11660] loss: 0.030
[1, 11680] loss: 0.105
[1, 11700] loss: 0.049
[1, 11720] loss: 0.011
[1, 11740] loss: 0.028
[1, 11760] loss: 0.095
[1, 11780] loss: 0.103
[1, 11800] loss: 0.140
[1, 11820] loss: 0.171
[1, 11840] loss: 0.118
[1, 11860] loss: 0.078
[1, 11880] loss: 0.079
[1, 11900] loss: 0.056
[1, 11920] loss: 0.083
[1, 11940] loss: 0.160
[1, 11960] loss: 0.052
[1, 11980] loss: 0.304
[1, 12000] loss: 0.173
[1, 12020] loss: 0.065
[1, 12040] loss: 0.092
[1, 12060] loss: 0.277
[1, 12080] loss: 0.061
[1, 12100] loss: 0.043
[1, 12120] loss: 0.035
[1, 12140] loss: 0.014
[1, 12160] loss: 0.080
[1, 12180] loss: 0.061
[1, 12200] loss: 0.021
[1, 12220] loss: 0.031
[1, 12240] loss: 0.032
[1, 12260] loss: 0.043
[1, 12280] loss: 0.369
[1, 12300] loss: 0.163
[1, 12320] loss: 0.082
[1, 12340] loss: 0.090
[1, 12360] loss: 0.018
[1, 12380] loss: 0.038
[1, 12400] loss: 0.202
[1, 12420] loss: 0.031
[1, 12440] loss: 0.012
[1, 12460] loss: 0.012
[1, 12480] loss: 0.050
[1, 12500] loss: 0.024
[1, 12520] loss: 0.027
[1, 12540] loss: 0.123
[1, 12560] loss: 0.046
[1, 12580] loss: 0.022
[1, 12600] loss: 0.143
[1, 12620] loss: 0.105
[1, 12640] loss: 0.025
[1, 12660] loss: 0.058
[1, 12680] loss: 0.100
[1, 12700] loss: 0.066
[1, 12720] loss: 0.117
[1, 12740] loss: 0.052
[1, 12760] loss: 0.153
[1, 12780] loss: 0.064
[1, 12800] loss: 0.121
[1, 12820] loss: 0.146
[1, 12840] loss: 0.032
[1, 12860] loss: 0.030
[1, 12880] loss: 0.179
[1, 12900] loss: 0.016
[1, 12920] loss: 0.033
[1, 12940] loss: 0.013
[1, 12960] loss: 0.076
[1, 12980] loss: 0.092
[1, 13000] loss: 0.055
[1, 13020] loss: 0.037
[1, 13040] loss: 0.012
[1, 13060] loss: 0.004
[1, 13080] loss: 0.034
[1, 13100] loss: 0.053
[1, 13120] loss: 0.039
[1, 13140] loss: 0.046
[1, 13160] loss: 0.106
[1, 13180] loss: 0.047
[1, 13200] loss: 0.070
[1, 13220] loss: 0.215
[1, 13240] loss: 0.016
[1, 13260] loss: 0.102
[1, 13280] loss: 0.123
[1, 13300] loss: 0.047
[1, 13320] loss: 0.104
[1, 13340] loss: 0.050
[1, 13360] loss: 0.076
[1, 13380] loss: 0.125
[1, 13400] loss: 0.125
[1, 13420] loss: 0.038
[1, 13440] loss: 0.029
[1, 13460] loss: 0.158
[1, 13480] loss: 0.060
[1, 13500] loss: 0.130
[1, 13520] loss: 0.023
[1, 13540] loss: 0.020
[1, 13560] loss: 0.189
[1, 13580] loss: 0.043
[1, 13600] loss: 0.208
[1, 13620] loss: 0.008
[1, 13640] loss: 0.053
[1, 13660] loss: 0.052
[1, 13680] loss: 0.036
[1, 13700] loss: 0.037
[1, 13720] loss: 0.032
[1, 13740] loss: 0.188
[1, 13760] loss: 0.230
[1, 13780] loss: 0.082
[1, 13800] loss: 0.058
[1, 13820] loss: 0.126
[1, 13840] loss: 0.047
[1, 13860] loss: 0.011
[1, 13880] loss: 0.022
[1, 13900] loss: 0.016
[1, 13920] loss: 0.073
[1, 13940] loss: 0.030
[1, 13960] loss: 0.029
[1, 13980] loss: 0.017
[1, 14000] loss: 0.045
[1, 14020] loss: 0.017
[1, 14040] loss: 0.114
[1, 14060] loss: 0.082
[1, 14080] loss: 0.043
[1, 14100] loss: 0.040
[1, 14120] loss: 0.310
[1, 14140] loss: 0.031
[1, 14160] loss: 0.052
[1, 14180] loss: 0.025
[1, 14200] loss: 0.076
[1, 14220] loss: 0.034
[1, 14240] loss: 0.034
[1, 14260] loss: 0.050
[1, 14280] loss: 0.021
[1, 14300] loss: 0.077
[1, 14320] loss: 0.015
[1, 14340] loss: 0.026
[1, 14360] loss: 0.088
[1, 14380] loss: 0.033
[1, 14400] loss: 0.019
[1, 14420] loss: 0.027
[1, 14440] loss: 0.081
[1, 14460] loss: 0.051
[1, 14480] loss: 0.102
[1, 14500] loss: 0.027
[1, 14520] loss: 0.058
[1, 14540] loss: 0.066
[1, 14560] loss: 0.217
[1, 14580] loss: 0.095
[1, 14600] loss: 0.022
[1, 14620] loss: 0.174
[1, 14640] loss: 0.041
[1, 14660] loss: 0.215
[1, 14680] loss: 0.045
[1, 14700] loss: 0.028
[1, 14720] loss: 0.109
[1, 14740] loss: 0.088
[1, 14760] loss: 0.110
[1, 14780] loss: 0.034
[1, 14800] loss: 0.054
[1, 14820] loss: 0.029
[1, 14840] loss: 0.039
[1, 14860] loss: 0.185
[1, 14880] loss: 0.018
[1, 14900] loss: 0.075
[1, 14920] loss: 0.083
[1, 14940] loss: 0.115
[1, 14960] loss: 0.039
[1, 14980] loss: 0.107
[1, 15000] loss: 0.041
[1, 15020] loss: 0.106
[1, 15040] loss: 0.063
[1, 15060] loss: 0.126
[1, 15080] loss: 0.136
[1, 15100] loss: 0.154
[1, 15120] loss: 0.037
[1, 15140] loss: 0.008
[1, 15160] loss: 0.188
[1, 15180] loss: 0.197
[1, 15200] loss: 0.100
[1, 15220] loss: 0.160
[1, 15240] loss: 0.068
[1, 15260] loss: 0.050
[1, 15280] loss: 0.180
[1, 15300] loss: 0.042
[1, 15320] loss: 0.063
[1, 15340] loss: 0.111
[1, 15360] loss: 0.086
[1, 15380] loss: 0.038
[1, 15400] loss: 0.043
[1, 15420] loss: 0.045
[1, 15440] loss: 0.054
[1, 15460] loss: 0.067
[1, 15480] loss: 0.061
[1, 15500] loss: 0.061
[1, 15520] loss: 0.112
[1, 15540] loss: 0.055
[1, 15560] loss: 0.065
[1, 15580] loss: 0.104
[1, 15600] loss: 0.042
[1, 15620] loss: 0.023
[1, 15640] loss: 0.100
[1, 15660] loss: 0.067
[1, 15680] loss: 0.208
[1, 15700] loss: 0.266
[1, 15720] loss: 0.080
[1, 15740] loss: 0.232
[1, 15760] loss: 0.027
[1, 15780] loss: 0.067
[1, 15800] loss: 0.068
[1, 15820] loss: 0.056
[1, 15840] loss: 0.263
[1, 15860] loss: 0.165
[1, 15880] loss: 0.104
[1, 15900] loss: 0.119
[1, 15920] loss: 0.127
[1, 15940] loss: 0.034
[1, 15960] loss: 0.148
[1, 15980] loss: 0.060
[1, 16000] loss: 0.130
[1, 16020] loss: 0.053
[1, 16040] loss: 0.070
[1, 16060] loss: 0.016
[1, 16080] loss: 0.029
[1, 16100] loss: 0.032
[1, 16120] loss: 0.040
[1, 16140] loss: 0.046
[1, 16160] loss: 0.016
[1, 16180] loss: 0.096
[1, 16200] loss: 0.034
[1, 16220] loss: 0.013
[1, 16240] loss: 0.131
[1, 16260] loss: 0.013
[1, 16280] loss: 0.136
[1, 16300] loss: 0.095
[1, 16320] loss: 0.053
[1, 16340] loss: 0.112
[1, 16360] loss: 0.103
[1, 16380] loss: 0.061
[1, 16400] loss: 0.052
[1, 16420] loss: 0.006
[1, 16440] loss: 0.113
[1, 16460] loss: 0.073
[1, 16480] loss: 0.089
[1, 16500] loss: 0.025
[1, 16520] loss: 0.095
[1, 16540] loss: 0.050
[1, 16560] loss: 0.059
[1, 16580] loss: 0.043
[1, 16600] loss: 0.020
[1, 16620] loss: 0.029
[1, 16640] loss: 0.073
[1, 16660] loss: 0.018
[1, 16680] loss: 0.025
[1, 16700] loss: 0.091
[1, 16720] loss: 0.060
[1, 16740] loss: 0.054
[1, 16760] loss: 0.088
[1, 16780] loss: 0.041
[1, 16800] loss: 0.023
[1, 16820] loss: 0.049
[1, 16840] loss: 0.016
[1, 16860] loss: 0.119
[1, 16880] loss: 0.016
[1, 16900] loss: 0.037
[1, 16920] loss: 0.065
[1, 16940] loss: 0.059
[1, 16960] loss: 0.041
[1, 16980] loss: 0.042
[1, 17000] loss: 0.086
[1, 17020] loss: 0.022
[1, 17040] loss: 0.024
[1, 17060] loss: 0.136
[1, 17080] loss: 0.061
[1, 17100] loss: 0.050
[1, 17120] loss: 0.032
[1, 17140] loss: 0.051
[1, 17160] loss: 0.262
[1, 17180] loss: 0.205
[1, 17200] loss: 0.129
[1, 17220] loss: 0.074
[1, 17240] loss: 0.034
[1, 17260] loss: 0.158
[1, 17280] loss: 0.071
[1, 17300] loss: 0.194
[1, 17320] loss: 0.016
[1, 17340] loss: 0.025
[1, 17360] loss: 0.099
[1, 17380] loss: 0.102
[1, 17400] loss: 0.154
[1, 17420] loss: 0.028
[1, 17440] loss: 0.037
[1, 17460] loss: 0.060
[1, 17480] loss: 0.103
[1, 17500] loss: 0.041
[1, 17520] loss: 0.085
[1, 17540] loss: 0.045
[1, 17560] loss: 0.039
[1, 17580] loss: 0.040
[1, 17600] loss: 0.018
[1, 17620] loss: 0.079
[1, 17640] loss: 0.309
[1, 17660] loss: 0.029
[1, 17680] loss: 0.038
[1, 17700] loss: 0.066
[1, 17720] loss: 0.314
[1, 17740] loss: 0.056
[1, 17760] loss: 0.021
[1, 17780] loss: 0.044
[1, 17800] loss: 0.074
[1, 17820] loss: 0.038
[1, 17840] loss: 0.084
[1, 17860] loss: 0.040
[1, 17880] loss: 0.100
[1, 17900] loss: 0.015
[1, 17920] loss: 0.045
[1, 17940] loss: 0.069
[1, 17960] loss: 0.014
[1, 17980] loss: 0.081
[1, 18000] loss: 0.056
[1, 18020] loss: 0.050
[1, 18040] loss: 0.046
[1, 18060] loss: 0.112
[1, 18080] loss: 0.049
[1, 18100] loss: 0.047
[1, 18120] loss: 0.028
[1, 18140] loss: 0.151
[1, 18160] loss: 0.058
[1, 18180] loss: 0.031
[1, 18200] loss: 0.212
[1, 18220] loss: 0.035
[1, 18240] loss: 0.023
[1, 18260] loss: 0.073
[1, 18280] loss: 0.013
[1, 18300] loss: 0.064
[1, 18320] loss: 0.050
[1, 18340] loss: 0.050
[1, 18360] loss: 0.025
[1, 18380] loss: 0.021
[1, 18400] loss: 0.049
[1, 18420] loss: 0.037
[1, 18440] loss: 0.065
[1, 18460] loss: 0.060
[1, 18480] loss: 0.015
[1, 18500] loss: 0.034
[1, 18520] loss: 0.008
[1, 18540] loss: 0.216
[1, 18560] loss: 0.127
[1, 18580] loss: 0.095
[1, 18600] loss: 0.030
[1, 18620] loss: 0.088
[1, 18640] loss: 0.012
[1, 18660] loss: 0.063
[1, 18680] loss: 0.081
[1, 18700] loss: 0.048
[1, 18720] loss: 0.148
[1, 18740] loss: 0.058
[1, 18760] loss: 0.098
[1, 18780] loss: 0.099
[1, 18800] loss: 0.183
[1, 18820] loss: 0.082
[1, 18840] loss: 0.041
[1, 18860] loss: 0.034
[1, 18880] loss: 0.052
[1, 18900] loss: 0.012
[1, 18920] loss: 0.060
[1, 18940] loss: 0.341
[1, 18960] loss: 0.073
[1, 18980] loss: 0.061
[1, 19000] loss: 0.189
[1, 19020] loss: 0.072
[1, 19040] loss: 0.035
[1, 19060] loss: 0.102
[1, 19080] loss: 0.081
[1, 19100] loss: 0.079
[1, 19120] loss: 0.062
[1, 19140] loss: 0.201
[1, 19160] loss: 0.008
[1, 19180] loss: 0.085
[1, 19200] loss: 0.016
[1, 19220] loss: 0.051
[1, 19240] loss: 0.057
[1, 19260] loss: 0.049
[1, 19280] loss: 0.046
[1, 19300] loss: 0.091
[1, 19320] loss: 0.087
[1, 19340] loss: 0.036
[1, 19360] loss: 0.054
[1, 19380] loss: 0.069
[1, 19400] loss: 0.098
[1, 19420] loss: 0.023
[1, 19440] loss: 0.173
[1, 19460] loss: 0.025
[1, 19480] loss: 0.029
[1, 19500] loss: 0.019
[1, 19520] loss: 0.040
[1, 19540] loss: 0.062
[1, 19560] loss: 0.075
[1, 19580] loss: 0.100
[1, 19600] loss: 0.048
[1, 19620] loss: 0.054
[1, 19640] loss: 0.066
[1, 19660] loss: 0.033
[1, 19680] loss: 0.105
[1, 19700] loss: 0.048
[1, 19720] loss: 0.036
[1, 19740] loss: 0.102
[1, 19760] loss: 0.025
[1, 19780] loss: 0.023
[1, 19800] loss: 0.188
[1, 19820] loss: 10258647986.869
[1, 19840] loss: 690021836160.000
[1, 19860] loss: 4104037957307.200
[1, 19880] loss: 2510713320569.600
[1, 19900] loss: 26640778718.600
[1, 19920] loss: 10236815089.587
[1, 19940] loss: 2579026427.800
[1, 19960] loss: 658187476.212
[1, 19980] loss: 853452490.450
[1, 20000] loss: 760147914.337
[1, 20020] loss: 677343493.044
[1, 20040] loss: 341002277.897
[1, 20060] loss: 355482698.655
[1, 20080] loss: 150994418.429
[1, 20100] loss: 282283468.948
[1, 20120] loss: 266320945.750
[1, 20140] loss: 154974601.043
[1, 20160] loss: 207111571.819
[1, 20180] loss: 128081711.600
[1, 20200] loss: 173305703.683
[1, 20220] loss: 89432634.134
[1, 20240] loss: 117128006.130
[1, 20260] loss: 89718793.622
[1, 20280] loss: 107309547.199
[1, 20300] loss: 177186143.779
[1, 20320] loss: 79985019.462
[1, 20340] loss: 94241604.602
[1, 20360] loss: 114654132.025
[1, 20380] loss: 79786994.204
[1, 20400] loss: 66964583.438
[1, 20420] loss: 56166281.997
[1, 20440] loss: 40802857.879
[1, 20460] loss: 22162199.316
[1, 20480] loss: 33277888.858
[1, 20500] loss: 44393033.252
[1, 20520] loss: 64532552.460
[1, 20540] loss: 38635964.137
[1, 20560] loss: 37330454.118
[1, 20580] loss: 40830076.315
[1, 20600] loss: 33447496.705
[1, 20620] loss: 30316433.593
[1, 20640] loss: 31036374.173
[1, 20660] loss: 30068258.987
[1, 20680] loss: 13105262.395
[1, 20700] loss: 26552601.855
[1, 20720] loss: 29112019.295
[1, 20740] loss: 32401289.905
[1, 20760] loss: 28428818.619
[1, 20780] loss: 34471310.320
[1, 20800] loss: 32222226.253
[1, 20820] loss: 25085958.227
[1, 20840] loss: 31127495.178
[1, 20860] loss: 22240946.991
[1, 20880] loss: 17917282.639
[1, 20900] loss: 21702128.656
[1, 20920] loss: 25705584.220
[1, 20940] loss: 39711396.997
[1, 20960] loss: 15233619.196
[1, 20980] loss: 13698942.764
[1, 21000] loss: 18299836.896
[1, 21020] loss: 20129894.509
[1, 21040] loss: 18187174.591
[1, 21060] loss: 15040756.188
[1, 21080] loss: 18434895.892
[1, 21100] loss: 16260617.314
[1, 21120] loss: 15408290.592
[1, 21140] loss: 7271231.151
[1, 21160] loss: 11749015.291
[1, 21180] loss: 26370191.608
[1, 21200] loss: 17817324.914
[1, 21220] loss: 21554924.212
[1, 21240] loss: 18649063.578
[1, 21260] loss: 20801689.831
[1, 21280] loss: 12047908.136
[1, 21300] loss: 18842498.962
[1, 21320] loss: 36925229.198
[1, 21340] loss: 11526327.119
[1, 21360] loss: 17370330.365
[1, 21380] loss: 17837181.321
[1, 21400] loss: 14917679.320
[1, 21420] loss: 12048449.411
[1, 21440] loss: 16265567.235
[1, 21460] loss: 14401268.400
[1, 21480] loss: 22263487.835
[1, 21500] loss: 17262158.249
[1, 21520] loss: 12246895.892
[1, 21540] loss: 15980792.945
[1, 21560] loss: 19809549.170
[1, 21580] loss: 14677619.548
[1, 21600] loss: 26390686.891
[1, 21620] loss: 9423234.116
[1, 21640] loss: 14705023.980
[1, 21660] loss: 12432775.343
[1, 21680] loss: 10106858.502
[1, 21700] loss: 15176655.802
[1, 21720] loss: 18166723.723
[1, 21740] loss: 9797334.439
[1, 21760] loss: 8361077.444
[1, 21780] loss: 27659167.341
[1, 21800] loss: 9015926.244
[1, 21820] loss: 14184729.053
[1, 21840] loss: 12480625.155
[1, 21860] loss: 27918964.417
[1, 21880] loss: 10354485.648
[1, 21900] loss: 17007709.956
[1, 21920] loss: 19231844.057
[1, 21940] loss: 19269005.418
[1, 21960] loss: 13919682.352
[1, 21980] loss: 21369821.854
[1, 22000] loss: 9050593.824
[1, 22020] loss: 26320791.375
[1, 22040] loss: 13908727.547
[1, 22060] loss: 9156592.634
[1, 22080] loss: 13199288.929
[1, 22100] loss: 39759967.135
[1, 22120] loss: 40237144.633
[1, 22140] loss: 25266709.177
[1, 22160] loss: 26621167.365
[1, 22180] loss: 10228263.404
[1, 22200] loss: 10027115.773
[1, 22220] loss: 11886039.220
[1, 22240] loss: 39175497.148
[1, 22260] loss: 57392948.417
[1, 22280] loss: 16031066.707
[1, 22300] loss: 8140751.460
[1, 22320] loss: 11719798.006
[1, 22340] loss: 18030962.747
[1, 22360] loss: 8029380.878
[1, 22380] loss: 9304810.122
[1, 22400] loss: 9031977.238
[1, 22420] loss: 11487944.891
[1, 22440] loss: 26146390.135
[1, 22460] loss: 6216770.035
[1, 22480] loss: 9218049.941
[1, 22500] loss: 15163349.788
[1, 22520] loss: 12829250.317
[1, 22540] loss: 6808860.140
[1, 22560] loss: 6652326.804
[1, 22580] loss: 11071934.892
[1, 22600] loss: 5736872.648
[1, 22620] loss: 6763755.604
[1, 22640] loss: 7494351.847
[1, 22660] loss: 13083947.312
[1, 22680] loss: 8953965.409
[1, 22700] loss: 8672800.512
[1, 22720] loss: 9444608.651
[1, 22740] loss: 8266667.497
[1, 22760] loss: 7829105.277
[1, 22780] loss: 4686813.141
[1, 22800] loss: 7697875.102
[1, 22820] loss: 7046827.169
[1, 22840] loss: 17272889.876
[1, 22860] loss: 10377726.236
[1, 22880] loss: 10412468.808
[1, 22900] loss: 10670150.395
[1, 22920] loss: 9792381.264
[1, 22940] loss: 14785025.782
[1, 22960] loss: 32031085.080
[1, 22980] loss: 22048630.784
[1, 23000] loss: 11022112.684
[1, 23020] loss: 7490284.382
[1, 23040] loss: 7968231.960
[1, 23060] loss: 15478334.634
[1, 23080] loss: 9314423.602
[1, 23100] loss: 14074631.643
[1, 23120] loss: 5810097.802
[1, 23140] loss: 9764187.809
[1, 23160] loss: 10648018.426
[1, 23180] loss: 19546488.720
[1, 23200] loss: 9888906.521
[1, 23220] loss: 9513743.856
[1, 23240] loss: 13694017.404
[1, 23260] loss: 8069378.071
[1, 23280] loss: 6054207.683
[1, 23300] loss: 3064795.930
[1, 23320] loss: 8299693.974
[1, 23340] loss: 8426418.153
[1, 23360] loss: 5371270.955
[1, 23380] loss: 6410056.254
[1, 23400] loss: 7610652.689
[1, 23420] loss: 14188423.001
[1, 23440] loss: 5086487.577
[1, 23460] loss: 3217878.848
[1, 23480] loss: 6156080.878
[1, 23500] loss: 15913609.767
[1, 23520] loss: 8728303.199
[1, 23540] loss: 12408877.230
[1, 23560] loss: 4517952.673
[1, 23580] loss: 8382978.314
[1, 23600] loss: 4044968.514
[1, 23620] loss: 5053866.793
[1, 23640] loss: 42943926.735
[1, 23660] loss: 12955295.634
[1, 23680] loss: 24670015.477
[1, 23700] loss: 6460212.419
[1, 23720] loss: 2263941.398
[1, 23740] loss: 3692724.209
[1, 23760] loss: 6355657.186
[1, 23780] loss: 4985590.325
[1, 23800] loss: 1862661.960
[1, 23820] loss: 4939836.101
[1, 23840] loss: 4731580.620
[1, 23860] loss: 4420421.850
[1, 23880] loss: 10130511.353
[1, 23900] loss: 9183242.927
[1, 23920] loss: 4804796.722
[1, 23940] loss: 7550472.807
[1, 23960] loss: 11487893.975
[1, 23980] loss: 4712970.915
[1, 24000] loss: 5527616.345
[1, 24020] loss: 13602152.897
[1, 24040] loss: 6040901.222
[1, 24060] loss: 10216042.096
[1, 24080] loss: 10311081.438
[1, 24100] loss: 9625056.175
[1, 24120] loss: 9161264.230
[1, 24140] loss: 5493482.224
[1, 24160] loss: 21420481.521
[1, 24180] loss: 11870873.974
[1, 24200] loss: 5461789.205
[1, 24220] loss: 4592943.460
[1, 24240] loss: 2872534.617
[1, 24260] loss: 13568780.326
[1, 24280] loss: 9088434.545
[1, 24300] loss: 8613602.920
[1, 24320] loss: 7245631.810
[1, 24340] loss: 5862213.015
[1, 24360] loss: 3453766.007
[1, 24380] loss: 4236850.028
[1, 24400] loss: 6992362.701
[1, 24420] loss: 4291787.008
[1, 24440] loss: 3004409.714
[1, 24460] loss: 3738302.023
[1, 24480] loss: 3348557.321
[1, 24500] loss: 4043226.856
[1, 24520] loss: 3566723.283
[1, 24540] loss: 2584093.225
[1, 24560] loss: 5125138.922
[1, 24580] loss: 2683737.375
[1, 24600] loss: 2255807.922
[1, 24620] loss: 5884849.728
[1, 24640] loss: 6630477.438
[1, 24660] loss: 5271403.989
[1, 24680] loss: 5874574.830
[1, 24700] loss: 17314833.665
[1, 24720] loss: 4944719.461
[1, 24740] loss: 3085340.779
[1, 24760] loss: 2191877.292
[1, 24780] loss: 17702712.544
[1, 24800] loss: 6002962.150
[1, 24820] loss: 5597472.568
[1, 24840] loss: 3231835.487
[1, 24860] loss: 7258953.944
[1, 24880] loss: 14780478.551
[1, 24900] loss: 3504499.341
[1, 24920] loss: 1164270.271
[1, 24940] loss: 3536666.855
[1, 24960] loss: 10602901.188
[1, 24980] loss: 15633297.985
[1, 25000] loss: 14263963.221
[1, 25020] loss: 9100201.742
[1, 25040] loss: 6442103.509
[1, 25060] loss: 4433306.945
[1, 25080] loss: 9145424.334
[1, 25100] loss: 18355061.272
[1, 25120] loss: 26683892.184
[1, 25140] loss: 23145895.232
[1, 25160] loss: 6749266.036
[1, 25180] loss: 4257427.010
[1, 25200] loss: 3745650.523
[1, 25220] loss: 6437942.322
[1, 25240] loss: 3970036.302
[1, 25260] loss: 6376475.934
[1, 25280] loss: 4505758.787
[1, 25300] loss: 4990825.986
[1, 25320] loss: 9683226.379
[1, 25340] loss: 3838982.121
[1, 25360] loss: 3036197.389
[1, 25380] loss: 3466165.323
[1, 25400] loss: 9941346.233
[1, 25420] loss: 6215991.616
[1, 25440] loss: 6975891.641
[1, 25460] loss: 4532971.014
[1, 25480] loss: 12841277.408
[1, 25500] loss: 2215636.216
[1, 25520] loss: 8893437.253
[1, 25540] loss: 5427372.886
[1, 25560] loss: 2459145.037
[1, 25580] loss: 6515669.806
[1, 25600] loss: 10196570.213
[1, 25620] loss: 2414916.837
[1, 25640] loss: 1579469.761
[1, 25660] loss: 3117624.070
[1, 25680] loss: 2653398.431
[1, 25700] loss: 4773523.412
[1, 25720] loss: 3565173.622
[1, 25740] loss: 3146382.150
[1, 25760] loss: 11457896.232
[1, 25780] loss: 4955471.395
[1, 25800] loss: 10404132.622
[1, 25820] loss: 3784793.386
[1, 25840] loss: 4636424.218
[1, 25860] loss: 5231853.671
[1, 25880] loss: 7794497.788
[1, 25900] loss: 14133359.006
[1, 25920] loss: 974786.436
[1, 25940] loss: 1809277.484
[1, 25960] loss: 1187475.484
[1, 25980] loss: 3163461.053
[1, 26000] loss: 3590413.914
[1, 26020] loss: 4789753.165
[1, 26040] loss: 12939226.729
[1, 26060] loss: 19227232.831
[1, 26080] loss: 10761260.249
[1, 26100] loss: 7033339.252
[1, 26120] loss: 2321569.576
[1, 26140] loss: 3982686.997
[1, 26160] loss: 3690087.520
[1, 26180] loss: 7889409.352
[1, 26200] loss: 4837970.831
[1, 26220] loss: 2104424.799
[1, 26240] loss: 5226061.894
[1, 26260] loss: 6014961.156
[1, 26280] loss: 6301368.834
[1, 26300] loss: 3644209.888
[1, 26320] loss: 2478268.035
[1, 26340] loss: 3551119.660
[1, 26360] loss: 1111524.521
[1, 26380] loss: 1588194.100
[1, 26400] loss: 2702446.860
[1, 26420] loss: 4611004.475
[1, 26440] loss: 4340029.833
[1, 26460] loss: 6787113.363
[1, 26480] loss: 4095587.413
[1, 26500] loss: 9175297.744
[1, 26520] loss: 8602027.430
[1, 26540] loss: 6535218.936
[1, 26560] loss: 1718042.077
[1, 26580] loss: 3134650.836
[1, 26600] loss: 1809534.517
[1, 26620] loss: 3698373.679
[1, 26640] loss: 5725426.644
[1, 26660] loss: 5861312.595
[1, 26680] loss: 6020313.743
[1, 26700] loss: 2181664.266
[1, 26720] loss: 646646.322
[1, 26740] loss: 3950462.527
[1, 26760] loss: 3458548.952
[1, 26780] loss: 2273203.032
[1, 26800] loss: 3808182.768
[1, 26820] loss: 4159121.548
[1, 26840] loss: 1349241.430
[1, 26860] loss: 2663658.242
[1, 26880] loss: 1606402.736
[1, 26900] loss: 1476995.749
[1, 26920] loss: 2329226.538
[1, 26940] loss: 2056021.210
[1, 26960] loss: 2424247.738
[1, 26980] loss: 4227899.885
[1, 27000] loss: 4127782.903
[1, 27020] loss: 2153502.958
[1, 27040] loss: 496044.987
[1, 27060] loss: 919187.702
[1, 27080] loss: 942328.961
[1, 27100] loss: 2894220.967
[1, 27120] loss: 2245071.285
[1, 27140] loss: 932477.083
[1, 27160] loss: 1039326.917
[1, 27180] loss: 1237686.045
[1, 27200] loss: 2173064.994
[1, 27220] loss: 3721383.112
[1, 27240] loss: 6693779.148
[1, 27260] loss: 1157336.063
[1, 27280] loss: 1051644.516
[1, 27300] loss: 481620.088
[1, 27320] loss: 1848467.695
[1, 27340] loss: 1123353.316
[1, 27360] loss: 2514299.093
[1, 27380] loss: 1299558.776
[1, 27400] loss: 688181.686
[1, 27420] loss: 2901490.799
[1, 27440] loss: 687741.671
[1, 27460] loss: 1302868.607
[1, 27480] loss: 2990931.430
[1, 27500] loss: 838431.446
[1, 27520] loss: 1357258.510
[1, 27540] loss: 300931.918
[1, 27560] loss: 600083.206
[1, 27580] loss: 1119919.651
[1, 27600] loss: 574684.760
[1, 27620] loss: 511198.003
[1, 27640] loss: 1546274.635
[1, 27660] loss: 762555.693
[1, 27680] loss: 1283230.642
[1, 27700] loss: 2797461.630
[1, 27720] loss: 591131.861
[1, 27740] loss: 1415371.888
[1, 27760] loss: 1084916.054
[1, 27780] loss: 473422.398
[1, 27800] loss: 1132073.843
[1, 27820] loss: 521307.068
[1, 27840] loss: 1783560.796
[1, 27860] loss: 1152483.488
[1, 27880] loss: 4749799.549
[1, 27900] loss: 7237837.691
[1, 27920] loss: 10933550.486
[1, 27940] loss: 21012123.152
[1, 27960] loss: 1937302.951
[1, 27980] loss: 1284357.015
[1, 28000] loss: 1022346.787
[1, 28020] loss: 1115024.694
[1, 28040] loss: 921791.154
[1, 28060] loss: 1059457.297
[1, 28080] loss: 705302.853
[1, 28100] loss: 1669959.379
[1, 28120] loss: 930636.443
[1, 28140] loss: 676212.143
[1, 28160] loss: 282578.905
[1, 28180] loss: 396561.025
[1, 28200] loss: 302975.284
[1, 28220] loss: 205742.871
[1, 28240] loss: 356666.308
[1, 28260] loss: 2153314.471
[1, 28280] loss: 3673925.129
[1, 28300] loss: 1776028.627
[1, 28320] loss: 10899796.544
[1, 28340] loss: 6079475.641
[1, 28360] loss: 1629921.653
[1, 28380] loss: 1778704.213
[1, 28400] loss: 1197818.253
[1, 28420] loss: 1449796.155
[1, 28440] loss: 1563475.444
[1, 28460] loss: 2183399.677
[1, 28480] loss: 1773274.777
[1, 28500] loss: 1767449.248
[1, 28520] loss: 679483.311
[1, 28540] loss: 564149.640
[1, 28560] loss: 574478.040
[1, 28580] loss: 575929.373
[1, 28600] loss: 1025069.402
[1, 28620] loss: 1279826.401
[1, 28640] loss: 262611.679
[1, 28660] loss: 476255.459
[1, 28680] loss: 181871.129
[1, 28700] loss: 127243.083
[1, 28720] loss: 673916.412
[1, 28740] loss: 1208969.288
[1, 28760] loss: 460658.689
[1, 28780] loss: 329098.893
[1, 28800] loss: 129655.003
[1, 28820] loss: 314052.956
[1, 28840] loss: 525517.379
[1, 28860] loss: 529411.012
[1, 28880] loss: 3384231.437
[1, 28900] loss: 2632269.036
[1, 28920] loss: 3295352.048
[1, 28940] loss: 3638264.707
[1, 28960] loss: 2202020.178
[1, 28980] loss: 700201.830
[1, 29000] loss: 362273.935
[1, 29020] loss: 1068742.006
[1, 29040] loss: 1292614.887
[1, 29060] loss: 1930989.228
[1, 29080] loss: 4648507.574
[1, 29100] loss: 4461418.997
[1, 29120] loss: 603036.557
[1, 29140] loss: 170535.076
[1, 29160] loss: 737947.211
[1, 29180] loss: 536138.291
[1, 29200] loss: 534134.500
[1, 29220] loss: 223101.534
[1, 29240] loss: 322389.142
[1, 29260] loss: 591535.832
[1, 29280] loss: 1297190.027
[1, 29300] loss: 2502853.300
[1, 29320] loss: 1898455.934
[1, 29340] loss: 837920.302
[1, 29360] loss: 583567.263
[1, 29380] loss: 546284.022
[1, 29400] loss: 294966.530
[1, 29420] loss: 355650.444
[1, 29440] loss: 161523.425
[1, 29460] loss: 595537.256
[1, 29480] loss: 4717074.824
[1, 29500] loss: 3098844.856
[1, 29520] loss: 1405002.761
[1, 29540] loss: 1394538.784
[1, 29560] loss: 687477.402
[1, 29580] loss: 257794.421
[1, 29600] loss: 526297.979
[1, 29620] loss: 904334.334
[1, 29640] loss: 640026.212
[1, 29660] loss: 440387.891
[1, 29680] loss: 951564.175
[1, 29700] loss: 358256.761
[1, 29720] loss: 390081.970
[1, 29740] loss: 484049.798
[1, 29760] loss: 398725.695
[1, 29780] loss: 60622.800
[1, 29800] loss: 160783.469
[1, 29820] loss: 151789.379
[1, 29840] loss: 345308.000
[1, 29860] loss: 274490.448
[1, 29880] loss: 844549.440
[1, 29900] loss: 896513.657
[1, 29920] loss: 695334.472
[1, 29940] loss: 141326.798
[1, 29960] loss: 94750.043
[1, 29980] loss: 131094.425
[1, 30000] loss: 73177.742
[1, 30020] loss: 70340.999
[1, 30040] loss: 191492.821
[1, 30060] loss: 206129.429
[1, 30080] loss: 255619.782
[1, 30100] loss: 436553.804
[1, 30120] loss: 323985.829
[1, 30140] loss: 1292391.206
[1, 30160] loss: 1405404.838
[1, 30180] loss: 1051922.173
[1, 30200] loss: 561879.099
[1, 30220] loss: 1493436.051
[1, 30240] loss: 6347183.588
[1, 30260] loss: 2124658.852
[1, 30280] loss: 1113075.824
[1, 30300] loss: 1682100.113
[1, 30320] loss: 1143810.850
[1, 30340] loss: 1313380.923
[1, 30360] loss: 466366.344
[1, 30380] loss: 436294.427
[1, 30400] loss: 203688.258
[1, 30420] loss: 175842.972
[2,    20] loss: 123241.130
[2,    40] loss: 78183.524
[2,    60] loss: 121865.048
[2,    80] loss: 219798.020
[2,   100] loss: 43174.525
[2,   120] loss: 48988.541
[2,   140] loss: 16081.347
[2,   160] loss: 18937.046
[2,   180] loss: 47630.796
[2,   200] loss: 200029.881
[2,   220] loss: 157351.763
[2,   240] loss: 217661.626
[2,   260] loss: 719754.919
[2,   280] loss: 726301.086
[2,   300] loss: 894773.942
[2,   320] loss: 1416692.890
[2,   340] loss: 1636165.054
[2,   360] loss: 816737.241
[2,   380] loss: 354474.297
[2,   400] loss: 160426.941
[2,   420] loss: 434184.174
[2,   440] loss: 143146.699
[2,   460] loss: 282511.747
[2,   480] loss: 918747.286
[2,   500] loss: 448735.390
[2,   520] loss: 210197.392
[2,   540] loss: 252015.106
[2,   560] loss: 324917.861
[2,   580] loss: 306556.349
[2,   600] loss: 157681.804
[2,   620] loss: 265882.445
[2,   640] loss: 755396.286
[2,   660] loss: 1850218.689
[2,   680] loss: 708935.080
[2,   700] loss: 222236.899
[2,   720] loss: 137874.146
[2,   740] loss: 37643.145
[2,   760] loss: 204228.937
[2,   780] loss: 83446.909
[2,   800] loss: 49031.057
[2,   820] loss: 72776.512
[2,   840] loss: 161530.594
[2,   860] loss: 529659.848
[2,   880] loss: 1649068.672
[2,   900] loss: 1759119.131
[2,   920] loss: 3439108.462
[2,   940] loss: 7020156.805
[2,   960] loss: 1316823.799
[2,   980] loss: 784105.668
[2,  1000] loss: 452587.683
[2,  1020] loss: 183078.162
[2,  1040] loss: 294892.884
[2,  1060] loss: 231016.367
[2,  1080] loss: 106742.903
[2,  1100] loss: 20611.089
[2,  1120] loss: 38560.787
[2,  1140] loss: 70439.362
[2,  1160] loss: 29861.790
[2,  1180] loss: 20474.288
[2,  1200] loss: 16410.871
[2,  1220] loss: 20807.239
[2,  1240] loss: 47418.943
[2,  1260] loss: 32583.226
[2,  1280] loss: 17901.651
[2,  1300] loss: 8081.750
[2,  1320] loss: 14399.533
[2,  1340] loss: 33804.641
[2,  1360] loss: 19789.068
[2,  1380] loss: 23616.765
[2,  1400] loss: 67980.384
[2,  1420] loss: 71545.166
[2,  1440] loss: 78506.707
[2,  1460] loss: 18221.267
[2,  1480] loss: 12379.382
[2,  1500] loss: 63534.568
[2,  1520] loss: 119148.638
[2,  1540] loss: 69122.884
[2,  1560] loss: 42109.311
[2,  1580] loss: 91605.643
[2,  1600] loss: 135266.473
[2,  1620] loss: 214410.812
[2,  1640] loss: 140250.125
[2,  1660] loss: 196821.939
[2,  1680] loss: 70866.743
[2,  1700] loss: 43312.783
[2,  1720] loss: 50013.395
[2,  1740] loss: 137650.797
[2,  1760] loss: 81948.436
[2,  1780] loss: 26453.369
[2,  1800] loss: 20168.222
[2,  1820] loss: 41378.133
[2,  1840] loss: 96491.795
[2,  1860] loss: 26032.101
[2,  1880] loss: 19725.870
[2,  1900] loss: 51402.677
[2,  1920] loss: 113100.305
[2,  1940] loss: 113004.479
[2,  1960] loss: 370145.406
[2,  1980] loss: 235320.761
[2,  2000] loss: 274743.432
[2,  2020] loss: 53442.424
[2,  2040] loss: 48438.235
[2,  2060] loss: 23130.213
[2,  2080] loss: 84919.276
[2,  2100] loss: 133796.668
[2,  2120] loss: 71201.839
[2,  2140] loss: 86088.582
[2,  2160] loss: 143144.600
[2,  2180] loss: 88585.822
[2,  2200] loss: 164836.765
[2,  2220] loss: 40757.647
[2,  2240] loss: 51105.144
[2,  2260] loss: 45780.564
[2,  2280] loss: 34164.412
[2,  2300] loss: 68990.451
[2,  2320] loss: 75377.790
[2,  2340] loss: 162917.381
[2,  2360] loss: 52129.700
[2,  2380] loss: 93207.065
[2,  2400] loss: 28274.926
[2,  2420] loss: 17092.414
[2,  2440] loss: 23527.890
[2,  2460] loss: 44365.955
[2,  2480] loss: 7314.721
[2,  2500] loss: 10492.339
[2,  2520] loss: 35396.250
[2,  2540] loss: 49441.510
[2,  2560] loss: 113541.935
[2,  2580] loss: 374871.940
[2,  2600] loss: 882734.385
[2,  2620] loss: 469112.442
[2,  2640] loss: 368878.905
[2,  2660] loss: 140670.184
[2,  2680] loss: 204715.856
[2,  2700] loss: 112606.797
[2,  2720] loss: 71356.375
[2,  2740] loss: 54707.219
[2,  2760] loss: 179698.725
[2,  2780] loss: 29287.699
[2,  2800] loss: 31012.176
[2,  2820] loss: 128696.979
[2,  2840] loss: 279606.523
[2,  2860] loss: 68716.611
[2,  2880] loss: 71758.716
[2,  2900] loss: 301377.024
[2,  2920] loss: 58294.701
[2,  2940] loss: 106960.602
[2,  2960] loss: 54365.648
[2,  2980] loss: 28959.984
[2,  3000] loss: 34924.218
[2,  3020] loss: 20167.816
[2,  3040] loss: 49273.791
[2,  3060] loss: 126128.064
[2,  3080] loss: 179617.583
[2,  3100] loss: 94592.332
[2,  3120] loss: 91152.692
[2,  3140] loss: 182044.034
[2,  3160] loss: 266835.675
[2,  3180] loss: 218972.444
[2,  3200] loss: 401510.557
[2,  3220] loss: 258868.858
[2,  3240] loss: 237594.428
[2,  3260] loss: 118764.188
[2,  3280] loss: 6368.405
[2,  3300] loss: 37492.952
[2,  3320] loss: 42923.197
[2,  3340] loss: 47982.906
[2,  3360] loss: 35160.921
[2,  3380] loss: 8305.630
[2,  3400] loss: 16241.116
[2,  3420] loss: 12306.754
[2,  3440] loss: 5195.811
[2,  3460] loss: 3667.963
[2,  3480] loss: 3457.467
[2,  3500] loss: 7143.197
[2,  3520] loss: 60149.957
[2,  3540] loss: 83054.822
[2,  3560] loss: 45257.671
[2,  3580] loss: 32748.087
[2,  3600] loss: 25100.423
[2,  3620] loss: 25597.405
[2,  3640] loss: 43393.336
[2,  3660] loss: 22781.666
[2,  3680] loss: 38348.646
[2,  3700] loss: 169947.823
[2,  3720] loss: 219262.756
[2,  3740] loss: 125893.419
[2,  3760] loss: 78034.632
[2,  3780] loss: 348514.735
[2,  3800] loss: 130545.340
[2,  3820] loss: 117263.019
[2,  3840] loss: 434856.030
[2,  3860] loss: 244641.675
[2,  3880] loss: 151920.303
[2,  3900] loss: 419722.804
[2,  3920] loss: 552534.958
[2,  3940] loss: 1144783.361
[2,  3960] loss: 459633.815
[2,  3980] loss: 217708.735
[2,  4000] loss: 108484.035
[2,  4020] loss: 9000.650
[2,  4040] loss: 8745.448
[2,  4060] loss: 8298.530
[2,  4080] loss: 93992.267
[2,  4100] loss: 144111.480
[2,  4120] loss: 130922.714
[2,  4140] loss: 35158.806
[2,  4160] loss: 26968.947
[2,  4180] loss: 21885.008
[2,  4200] loss: 44425.073
[2,  4220] loss: 25480.620
[2,  4240] loss: 10209.066
[2,  4260] loss: 5055.267
[2,  4280] loss: 17125.599
[2,  4300] loss: 15007.266
[2,  4320] loss: 7111.875
[2,  4340] loss: 6727.333
[2,  4360] loss: 14238.218
[2,  4380] loss: 8020.123
[2,  4400] loss: 10461.010
[2,  4420] loss: 10084.601
[2,  4440] loss: 19055.895
[2,  4460] loss: 16628.748
[2,  4480] loss: 33461.377
[2,  4500] loss: 5477.935
[2,  4520] loss: 4112.083
[2,  4540] loss: 9043.209
[2,  4560] loss: 11600.018
[2,  4580] loss: 16730.643
[2,  4600] loss: 14311.261
[2,  4620] loss: 7555.299
[2,  4640] loss: 19799.708
[2,  4660] loss: 23749.524
[2,  4680] loss: 29028.204
[2,  4700] loss: 19290.119
[2,  4720] loss: 20427.066
[2,  4740] loss: 47788.265
[2,  4760] loss: 22890.004
[2,  4780] loss: 14598.098
[2,  4800] loss: 14331.679
[2,  4820] loss: 14344.644
[2,  4840] loss: 7194.540
[2,  4860] loss: 13453.701
[2,  4880] loss: 22067.742
[2,  4900] loss: 146031.551
[2,  4920] loss: 291337.667
[2,  4940] loss: 226640.362
[2,  4960] loss: 116474.076
[2,  4980] loss: 52582.804
[2,  5000] loss: 27423.746
[2,  5020] loss: 61941.168
[2,  5040] loss: 57851.208
[2,  5060] loss: 53036.026
[2,  5080] loss: 18601.732
[2,  5100] loss: 35160.979
[2,  5120] loss: 8622.676
[2,  5140] loss: 8818.890
[2,  5160] loss: 12079.676
[2,  5180] loss: 9031.004
[2,  5200] loss: 8518.488
[2,  5220] loss: 6875.593
[2,  5240] loss: 7007.038
[2,  5260] loss: 7318.522
[2,  5280] loss: 26218.666
[2,  5300] loss: 17419.720
[2,  5320] loss: 4977.632
[2,  5340] loss: 5780.024
[2,  5360] loss: 32149.512
[2,  5380] loss: 38705.893
[2,  5400] loss: 38848.409
[2,  5420] loss: 12723.542
[2,  5440] loss: 6336.773
[2,  5460] loss: 1544.004
[2,  5480] loss: 9679.129
[2,  5500] loss: 10237.351
[2,  5520] loss: 8452.561
[2,  5540] loss: 4560.212
[2,  5560] loss: 7691.333
[2,  5580] loss: 5108.162
[2,  5600] loss: 5290.883
[2,  5620] loss: 13314.010
[2,  5640] loss: 13445.710
[2,  5660] loss: 11019.173
[2,  5680] loss: 12624.326
[2,  5700] loss: 3941.582
[2,  5720] loss: 1464.342
[2,  5740] loss: 2905.819
[2,  5760] loss: 5600.004
[2,  5780] loss: 9190.626
[2,  5800] loss: 5014.831
[2,  5820] loss: 3239.520
[2,  5840] loss: 2468.020
[2,  5860] loss: 3304.566
[2,  5880] loss: 1017.512
[2,  5900] loss: 4622.244
[2,  5920] loss: 2434.352
[2,  5940] loss: 27334.711
[2,  5960] loss: 51819.387
[2,  5980] loss: 101754.750
[2,  6000] loss: 159114.525
[2,  6020] loss: 411647.000
[2,  6040] loss: 127153.286
[2,  6060] loss: 25050.807
[2,  6080] loss: 53090.500
[2,  6100] loss: 98127.195
[2,  6120] loss: 64161.738
[2,  6140] loss: 48475.432
[2,  6160] loss: 19899.377
[2,  6180] loss: 18068.218
[2,  6200] loss: 16969.403
[2,  6220] loss: 18020.262
[2,  6240] loss: 15861.401
[2,  6260] loss: 8551.951
[2,  6280] loss: 4286.327
[2,  6300] loss: 5702.130
[2,  6320] loss: 7223.785
[2,  6340] loss: 2802.277
[2,  6360] loss: 3115.298
[2,  6380] loss: 2908.779
[2,  6400] loss: 1471.857
[2,  6420] loss: 1985.152
[2,  6440] loss: 474.428
[2,  6460] loss: 1529.982
[2,  6480] loss: 2589.162
[2,  6500] loss: 2159.345
[2,  6520] loss: 1481.123
[2,  6540] loss: 513.443
[2,  6560] loss: 3576.660
[2,  6580] loss: 4816.755
[2,  6600] loss: 7020.488
[2,  6620] loss: 9602.702
[2,  6640] loss: 6023.217
[2,  6660] loss: 6612.454
[2,  6680] loss: 2982.588
[2,  6700] loss: 555.267
[2,  6720] loss: 750.934
[2,  6740] loss: 909.062
[2,  6760] loss: 3359.774
[2,  6780] loss: 2677.414
[2,  6800] loss: 1698.870
[2,  6820] loss: 2085.501
[2,  6840] loss: 2023.949
[2,  6860] loss: 3809.891
[2,  6880] loss: 1883.502
[2,  6900] loss: 779.020
[2,  6920] loss: 913.780
[2,  6940] loss: 8320.761
[2,  6960] loss: 1536.646
[2,  6980] loss: 2727.006
[2,  7000] loss: 923.261
[2,  7020] loss: 1721.722
[2,  7040] loss: 750.017
[2,  7060] loss: 5921.914
[2,  7080] loss: 6193.366
[2,  7100] loss: 2907.508
[2,  7120] loss: 5516.670
[2,  7140] loss: 766.117
[2,  7160] loss: 3123.932
[2,  7180] loss: 7037.266
[2,  7200] loss: 4928.514
[2,  7220] loss: 4130.295
[2,  7240] loss: 3633.055
[2,  7260] loss: 2887.038
[2,  7280] loss: 1676.224
[2,  7300] loss: 10839.585
[2,  7320] loss: 58269.632
[2,  7340] loss: 21998.764
[2,  7360] loss: 32097.218
[2,  7380] loss: 37819.522
[2,  7400] loss: 10450.371
[2,  7420] loss: 8839.888
[2,  7440] loss: 2140.808
[2,  7460] loss: 1106.076
[2,  7480] loss: 862.302
[2,  7500] loss: 684.224
[2,  7520] loss: 2151.218
[2,  7540] loss: 6342.984
[2,  7560] loss: 30332.340
[2,  7580] loss: 34050.348
[2,  7600] loss: 11733.310
[2,  7620] loss: 4332.391
[2,  7640] loss: 28832.531
[2,  7660] loss: 112591.102
[2,  7680] loss: 70514.750
[2,  7700] loss: 17250.949
[2,  7720] loss: 7030.395
[2,  7740] loss: 1176.717
[2,  7760] loss: 392.605
[2,  7780] loss: 341.464
[2,  7800] loss: 2510.860
[2,  7820] loss: 2418.590
[2,  7840] loss: 1004.108
[2,  7860] loss: 983.909
[2,  7880] loss: 541.980
[2,  7900] loss: 237.365
[2,  7920] loss: 403.113
[2,  7940] loss: 703.014
[2,  7960] loss: 377.455
[2,  7980] loss: 896.207
[2,  8000] loss: 1167.009
[2,  8020] loss: 571.949
[2,  8040] loss: 2323.902
[2,  8060] loss: 3013.751
[2,  8080] loss: 1262.882
[2,  8100] loss: 3140.057
[2,  8120] loss: 9083.614
[2,  8140] loss: 3731.330
[2,  8160] loss: 3377.468
[2,  8180] loss: 550.611
[2,  8200] loss: 1175.195
[2,  8220] loss: 1424.007
[2,  8240] loss: 1285.451
[2,  8260] loss: 320.173
[2,  8280] loss: 3855.645
[2,  8300] loss: 1107.844
[2,  8320] loss: 2556.117
[2,  8340] loss: 3009.089
[2,  8360] loss: 29653.928
[2,  8380] loss: 13399.593
[2,  8400] loss: 7246.255
[2,  8420] loss: 7228.492
[2,  8440] loss: 4612.733
[2,  8460] loss: 4061.741
[2,  8480] loss: 3146.753
[2,  8500] loss: 1198.338
[2,  8520] loss: 1255.335
[2,  8540] loss: 2478.268
[2,  8560] loss: 929.785
[2,  8580] loss: 1485.295
[2,  8600] loss: 343.006
[2,  8620] loss: 377.173
[2,  8640] loss: 261.939
[2,  8660] loss: 461.870
[2,  8680] loss: 204.697
[2,  8700] loss: 356.548
[2,  8720] loss: 175.813
[2,  8740] loss: 648.069
[2,  8760] loss: 1177.304
[2,  8780] loss: 204.843
[2,  8800] loss: 632.855
[2,  8820] loss: 797.544
[2,  8840] loss: 488.794
[2,  8860] loss: 361.910
[2,  8880] loss: 249.251
[2,  8900] loss: 393.233
[2,  8920] loss: 313.702
[2,  8940] loss: 1382.123
[2,  8960] loss: 2425.508
[2,  8980] loss: 2638.968
[2,  9000] loss: 1641.886
[2,  9020] loss: 926.306
[2,  9040] loss: 618.302
[2,  9060] loss: 566.132
[2,  9080] loss: 859.392
[2,  9100] loss: 985.338
[2,  9120] loss: 668.535
[2,  9140] loss: 160.180
[2,  9160] loss: 485.241
[2,  9180] loss: 285.867
[2,  9200] loss: 1235.033
[2,  9220] loss: 521.448
[2,  9240] loss: 477.484
[2,  9260] loss: 156.854
[2,  9280] loss: 870.575
[2,  9300] loss: 498.417
[2,  9320] loss: 288.969
[2,  9340] loss: 252.543
[2,  9360] loss: 315.796
[2,  9380] loss: 129.131
[2,  9400] loss: 298.630
[2,  9420] loss: 423.651
[2,  9440] loss: 145.373
[2,  9460] loss: 245.677
[2,  9480] loss: 166.903
[2,  9500] loss: 511.529
[2,  9520] loss: 414.112
[2,  9540] loss: 466.677
[2,  9560] loss: 517.640
[2,  9580] loss: 154.632
[2,  9600] loss: 765.991
[2,  9620] loss: 246.207
[2,  9640] loss: 354.217
[2,  9660] loss: 251.931
[2,  9680] loss: 536.250
[2,  9700] loss: 3541.325
[2,  9720] loss: 3168.772
[2,  9740] loss: 1538.278
[2,  9760] loss: 880.519
[2,  9780] loss: 378.010
[2,  9800] loss: 681.542
[2,  9820] loss: 1958.051
[2,  9840] loss: 2059.848
[2,  9860] loss: 4957.756
[2,  9880] loss: 11990.544
[2,  9900] loss: 9957.368
[2,  9920] loss: 9123.069
[2,  9940] loss: 13921.033
[2,  9960] loss: 14889.799
[2,  9980] loss: 3135.487
[2, 10000] loss: 6912.370
[2, 10020] loss: 3673.328
[2, 10040] loss: 1199.841
[2, 10060] loss: 221.865
[2, 10080] loss: 245.071
[2, 10100] loss: 244.885
[2, 10120] loss: 113.451
[2, 10140] loss: 111.965
[2, 10160] loss: 29.578
[2, 10180] loss: 105.100
[2, 10200] loss: 83.480
[2, 10220] loss: 411.181
[2, 10240] loss: 144.964
[2, 10260] loss: 38.287
[2, 10280] loss: 37.921
[2, 10300] loss: 42.490
[2, 10320] loss: 21.850
[2, 10340] loss: 22.871
[2, 10360] loss: 176.219
[2, 10380] loss: 188.484
[2, 10400] loss: 72.242
[2, 10420] loss: 390.527
[2, 10440] loss: 416.706
[2, 10460] loss: 165.948
[2, 10480] loss: 129.207
[2, 10500] loss: 177.326
[2, 10520] loss: 497.859
[2, 10540] loss: 175.434
[2, 10560] loss: 212.721
[2, 10580] loss: 118.708
[2, 10600] loss: 249.191
[2, 10620] loss: 47.152
[2, 10640] loss: 29.882
[2, 10660] loss: 141.330
[2, 10680] loss: 136.858
[2, 10700] loss: 39.907
[2, 10720] loss: 33.236
[2, 10740] loss: 18.458
[2, 10760] loss: 28.377
[2, 10780] loss: 9.370
[2, 10800] loss: 13.125
[2, 10820] loss: 116.733
[2, 10840] loss: 58.928
[2, 10860] loss: 171.359
[2, 10880] loss: 132.406
[2, 10900] loss: 94.277
[2, 10920] loss: 219.057
[2, 10940] loss: 143.256
[2, 10960] loss: 58.623
[2, 10980] loss: 185.704
[2, 11000] loss: 243.985
[2, 11020] loss: 175.168
[2, 11040] loss: 175.399
[2, 11060] loss: 198.907
[2, 11080] loss: 96.811
[2, 11100] loss: 90.948
[2, 11120] loss: 128.209
[2, 11140] loss: 327.443
[2, 11160] loss: 95.678
[2, 11180] loss: 77.671
[2, 11200] loss: 62.119
[2, 11220] loss: 72.420
[2, 11240] loss: 67.977
[2, 11260] loss: 72.394
[2, 11280] loss: 118.594
[2, 11300] loss: 65.926
[2, 11320] loss: 42.459
[2, 11340] loss: 46.788
[2, 11360] loss: 58.409
[2, 11380] loss: 12.348
[2, 11400] loss: 16.956
[2, 11420] loss: 27.255
[2, 11440] loss: 81.675
[2, 11460] loss: 95.885
[2, 11480] loss: 41.494
[2, 11500] loss: 65.463
[2, 11520] loss: 29.557
[2, 11540] loss: 74.655
[2, 11560] loss: 50.281
[2, 11580] loss: 108.886
[2, 11600] loss: 49.808
[2, 11620] loss: 44.895
[2, 11640] loss: 127.332
[2, 11660] loss: 323.713
[2, 11680] loss: 126.850
[2, 11700] loss: 68.284
[2, 11720] loss: 171.201
[2, 11740] loss: 140.762
[2, 11760] loss: 440.350
[2, 11780] loss: 544.485
[2, 11800] loss: 108.005
[2, 11820] loss: 52.295
[2, 11840] loss: 90.227
[2, 11860] loss: 330.683
[2, 11880] loss: 295.959
[2, 11900] loss: 64.807
[2, 11920] loss: 74.942
[2, 11940] loss: 13.514
[2, 11960] loss: 52.387
[2, 11980] loss: 38.802
[2, 12000] loss: 74.042
[2, 12020] loss: 51.119
[2, 12040] loss: 94.685
[2, 12060] loss: 73.759
[2, 12080] loss: 73.294
[2, 12100] loss: 235.295
[2, 12120] loss: 74.795
[2, 12140] loss: 35.877
[2, 12160] loss: 76.184
[2, 12180] loss: 50.291
[2, 12200] loss: 64.853
[2, 12220] loss: 184.349
[2, 12240] loss: 851.269
[2, 12260] loss: 209.861
[2, 12280] loss: 246.269
[2, 12300] loss: 275.826
[2, 12320] loss: 458.419
[2, 12340] loss: 544.121
[2, 12360] loss: 1301.162
[2, 12380] loss: 1128.768
[2, 12400] loss: 1573.609
[2, 12420] loss: 2514.138
[2, 12440] loss: 1667.153
[2, 12460] loss: 2675.973
[2, 12480] loss: 12006.386
[2, 12500] loss: 95665083755.313
[2, 12520] loss: 173545912796.800
[2, 12540] loss: 107037613645.200
[2, 12560] loss: 8169259443.069
[2, 12580] loss: 806494632.300
[2, 12600] loss: 74807679.235
[2, 12620] loss: 45729310.566
[2, 12640] loss: 58268945.856
[2, 12660] loss: 51689483.083
[2, 12680] loss: 24897342.719
[2, 12700] loss: 16473495.595
[2, 12720] loss: 17924175.958
[2, 12740] loss: 18821411.470
[2, 12760] loss: 28861223.121
[2, 12780] loss: 30039694.645
[2, 12800] loss: 18757558.618
[2, 12820] loss: 14026026.948
[2, 12840] loss: 24801795.514
[2, 12860] loss: 22865442.284
[2, 12880] loss: 12624392.078
[2, 12900] loss: 20727997.795
[2, 12920] loss: 25453210.658
[2, 12940] loss: 9551565.431
[2, 12960] loss: 14859028.578
[2, 12980] loss: 13538702.818
[2, 13000] loss: 9680557.030
[2, 13020] loss: 12543025.981
[2, 13040] loss: 8209354.484
[2, 13060] loss: 13966101.632
[2, 13080] loss: 14446406.153
[2, 13100] loss: 8804590.067
[2, 13120] loss: 6218471.725
[2, 13140] loss: 4946310.477
[2, 13160] loss: 8609607.162
[2, 13180] loss: 7417427.731
[2, 13200] loss: 13489457.264
[2, 13220] loss: 3986603.132
[2, 13240] loss: 7981731.280
[2, 13260] loss: 5038970.110
[2, 13280] loss: 5530706.314
[2, 13300] loss: 4568889.843
[2, 13320] loss: 6474992.006
[2, 13340] loss: 4889273.638
[2, 13360] loss: 6642973.725
[2, 13380] loss: 5598309.669
[2, 13400] loss: 5370970.625
[2, 13420] loss: 4557082.131
[2, 13440] loss: 3456264.576
[2, 13460] loss: 7978097.803
[2, 13480] loss: 5912474.818
[2, 13500] loss: 3683743.842
[2, 13520] loss: 3476270.778
[2, 13540] loss: 3405882.206
[2, 13560] loss: 4658615.892
[2, 13580] loss: 2600239.982
[2, 13600] loss: 5033100.425
[2, 13620] loss: 4949433.766
[2, 13640] loss: 4186251.044
[2, 13660] loss: 6433648.391
[2, 13680] loss: 4278826.541
[2, 13700] loss: 2557792.963
[2, 13720] loss: 3934909.526
[2, 13740] loss: 4719279.439
[2, 13760] loss: 2003260.619
[2, 13780] loss: 1627660.324
[2, 13800] loss: 2384050.868
[2, 13820] loss: 3392386.285
[2, 13840] loss: 2708478.304
[2, 13860] loss: 3382118.080
[2, 13880] loss: 5756502.633
[2, 13900] loss: 4340549.222
[2, 13920] loss: 1784732.759
[2, 13940] loss: 4766386.952
[2, 13960] loss: 2415630.038
[2, 13980] loss: 4333280.816
[2, 14000] loss: 1212840.468
[2, 14020] loss: 3074249.953
[2, 14040] loss: 2943067.098
[2, 14060] loss: 4305459.180
[2, 14080] loss: 2674559.802
[2, 14100] loss: 1903553.300
[2, 14120] loss: 3213893.612
[2, 14140] loss: 2216942.790
[2, 14160] loss: 2163834.065
[2, 14180] loss: 1597237.581
[2, 14200] loss: 1381106.125
[2, 14220] loss: 1828552.206
[2, 14240] loss: 3009359.865
[2, 14260] loss: 1896510.536
[2, 14280] loss: 1107305.365
[2, 14300] loss: 2041009.246
[2, 14320] loss: 2345051.394
[2, 14340] loss: 920892.811
[2, 14360] loss: 2973651.032
[2, 14380] loss: 2295676.643
[2, 14400] loss: 4075754.003
[2, 14420] loss: 3116594.622
[2, 14440] loss: 2325378.548
[2, 14460] loss: 2169899.090
[2, 14480] loss: 1360725.705
[2, 14500] loss: 1818315.965
[2, 14520] loss: 1095439.376
[2, 14540] loss: 1778135.725
[2, 14560] loss: 2280303.163
[2, 14580] loss: 889282.151
[2, 14600] loss: 2307816.024
[2, 14620] loss: 1304626.199
[2, 14640] loss: 1446655.696
[2, 14660] loss: 918376.849
[2, 14680] loss: 1487506.920
[2, 14700] loss: 2076590.653
[2, 14720] loss: 2236564.094
[2, 14740] loss: 1243042.517
[2, 14760] loss: 2204554.429
[2, 14780] loss: 3031356.819
[2, 14800] loss: 1707309.988
[2, 14820] loss: 960656.898
[2, 14840] loss: 1195884.213
[2, 14860] loss: 2025266.900
[2, 14880] loss: 1329209.064
[2, 14900] loss: 1374929.987
[2, 14920] loss: 1900817.601
[2, 14940] loss: 1405638.146
[2, 14960] loss: 1318048.606
[2, 14980] loss: 1187540.969
[2, 15000] loss: 949167.586
[2, 15020] loss: 641013.970
[2, 15040] loss: 1589785.508
[2, 15060] loss: 1167595.411
[2, 15080] loss: 1796481.371
[2, 15100] loss: 981841.369
[2, 15120] loss: 798507.533
[2, 15140] loss: 734180.770
[2, 15160] loss: 2392591.938
[2, 15180] loss: 1000015.563
[2, 15200] loss: 892492.534
[2, 15220] loss: 937469.071
[2, 15240] loss: 1063074.398
[2, 15260] loss: 1018940.958
[2, 15280] loss: 1282063.515
[2, 15300] loss: 945960.634
[2, 15320] loss: 803800.461
[2, 15340] loss: 795303.381
[2, 15360] loss: 1390514.648
[2, 15380] loss: 908741.672
[2, 15400] loss: 946853.025
[2, 15420] loss: 991096.451
[2, 15440] loss: 890444.281
[2, 15460] loss: 794502.457
[2, 15480] loss: 950151.041
[2, 15500] loss: 1650594.266
[2, 15520] loss: 705449.457
[2, 15540] loss: 933094.817
[2, 15560] loss: 1063330.777
[2, 15580] loss: 576480.052
[2, 15600] loss: 743448.014
[2, 15620] loss: 1180075.343
[2, 15640] loss: 1088702.498
[2, 15660] loss: 441484.053
[2, 15680] loss: 1089982.940
[2, 15700] loss: 638584.989
[2, 15720] loss: 979499.477
[2, 15740] loss: 916297.001
[2, 15760] loss: 1260805.795
[2, 15780] loss: 731044.363
[2, 15800] loss: 954021.147
[2, 15820] loss: 1408695.008
[2, 15840] loss: 950584.762
[2, 15860] loss: 426749.431
[2, 15880] loss: 1244072.251
[2, 15900] loss: 515138.990
[2, 15920] loss: 642235.197
[2, 15940] loss: 853991.484
[2, 15960] loss: 1496073.735
[2, 15980] loss: 727095.996
[2, 16000] loss: 768518.993
[2, 16020] loss: 281384.130
[2, 16040] loss: 854831.026
[2, 16060] loss: 444628.318
[2, 16080] loss: 665701.114
[2, 16100] loss: 1221606.447
[2, 16120] loss: 849996.533
[2, 16140] loss: 618085.077
[2, 16160] loss: 425301.982
[2, 16180] loss: 578950.016
[2, 16200] loss: 499342.636
[2, 16220] loss: 495574.774
[2, 16240] loss: 688426.504
[2, 16260] loss: 477174.526
[2, 16280] loss: 647110.808
[2, 16300] loss: 348161.216
[2, 16320] loss: 517496.651
[2, 16340] loss: 566775.440
[2, 16360] loss: 578101.450
[2, 16380] loss: 444440.504
[2, 16400] loss: 724243.664
[2, 16420] loss: 999953.342
[2, 16440] loss: 636826.891
[2, 16460] loss: 446102.376
[2, 16480] loss: 746327.627
[2, 16500] loss: 546853.548
[2, 16520] loss: 775942.440
[2, 16540] loss: 673256.439
[2, 16560] loss: 579871.992
[2, 16580] loss: 685256.287
[2, 16600] loss: 342785.141
[2, 16620] loss: 1109766.666
[2, 16640] loss: 803883.513
[2, 16660] loss: 898853.700
[2, 16680] loss: 393022.372
[2, 16700] loss: 387053.478
[2, 16720] loss: 402782.933
[2, 16740] loss: 783115.754
[2, 16760] loss: 467547.791
[2, 16780] loss: 624071.313
[2, 16800] loss: 279596.250
[2, 16820] loss: 646418.904
[2, 16840] loss: 215232.020
[2, 16860] loss: 243171.518
[2, 16880] loss: 259657.497
[2, 16900] loss: 323497.253
[2, 16920] loss: 380665.265
[2, 16940] loss: 266220.730
[2, 16960] loss: 289282.879
[2, 16980] loss: 408046.364
[2, 17000] loss: 285176.230
[2, 17020] loss: 199784.518
[2, 17040] loss: 146911.829
[2, 17060] loss: 142753.660
[2, 17080] loss: 528064.314
[2, 17100] loss: 339296.738
[2, 17120] loss: 489705.058
[2, 17140] loss: 388697.030
[2, 17160] loss: 439679.022
[2, 17180] loss: 283658.973
[2, 17200] loss: 208445.228
[2, 17220] loss: 116665.619
[2, 17240] loss: 265590.219
[2, 17260] loss: 243875.657
[2, 17280] loss: 528674.853
[2, 17300] loss: 385900.929
[2, 17320] loss: 412733.694
[2, 17340] loss: 659359.952
[2, 17360] loss: 202746.128
[2, 17380] loss: 426876.095
[2, 17400] loss: 347267.531
[2, 17420] loss: 241390.179
[2, 17440] loss: 359387.919
[2, 17460] loss: 362188.868
[2, 17480] loss: 221192.060
[2, 17500] loss: 218620.419
[2, 17520] loss: 653315.068
[2, 17540] loss: 342451.145
[2, 17560] loss: 215130.501
[2, 17580] loss: 318000.315
[2, 17600] loss: 281286.080
[2, 17620] loss: 242176.200
[2, 17640] loss: 105972.666
[2, 17660] loss: 99708.183
[2, 17680] loss: 112851.982
[2, 17700] loss: 273749.782
[2, 17720] loss: 266569.033
[2, 17740] loss: 302583.819
[2, 17760] loss: 91097.202
[2, 17780] loss: 125898.732
[2, 17800] loss: 255025.257
[2, 17820] loss: 352736.832
[2, 17840] loss: 492152.744
[2, 17860] loss: 100668.795
[2, 17880] loss: 172860.674
[2, 17900] loss: 234594.660
[2, 17920] loss: 217334.932
[2, 17940] loss: 319438.339
[2, 17960] loss: 252896.746
[2, 17980] loss: 160042.773
[2, 18000] loss: 97976.986
[2, 18020] loss: 195245.627
[2, 18040] loss: 186723.679
[2, 18060] loss: 241132.590
[2, 18080] loss: 214378.419
[2, 18100] loss: 147085.093
[2, 18120] loss: 370171.274
[2, 18140] loss: 84263.854
[2, 18160] loss: 293997.080
[2, 18180] loss: 170783.001
[2, 18200] loss: 223462.105
[2, 18220] loss: 120941.982
[2, 18240] loss: 154756.993
[2, 18260] loss: 107248.006
[2, 18280] loss: 126515.100
[2, 18300] loss: 212611.461
[2, 18320] loss: 201751.087
[2, 18340] loss: 158061.408
[2, 18360] loss: 91865.690
[2, 18380] loss: 148544.909
[2, 18400] loss: 105335.907
[2, 18420] loss: 151559.510
[2, 18440] loss: 126201.766
[2, 18460] loss: 164011.619
[2, 18480] loss: 210495.745
[2, 18500] loss: 162721.132
[2, 18520] loss: 278061.874
[2, 18540] loss: 159315.114
[2, 18560] loss: 56371.506
[2, 18580] loss: 114485.106
[2, 18600] loss: 141777.393
[2, 18620] loss: 161589.197
[2, 18640] loss: 82984.195
[2, 18660] loss: 311224.588
[2, 18680] loss: 264181.298
[2, 18700] loss: 189688.113
[2, 18720] loss: 126773.059
[2, 18740] loss: 153343.091
[2, 18760] loss: 133942.829
[2, 18780] loss: 285929.341
[2, 18800] loss: 151861.904
[2, 18820] loss: 157284.117
[2, 18840] loss: 110657.963
[2, 18860] loss: 350366.383
[2, 18880] loss: 510383.419
[2, 18900] loss: 345660.727
[2, 18920] loss: 328701.024
[2, 18940] loss: 155584.924
[2, 18960] loss: 45243.140
[2, 18980] loss: 124286.267
[2, 19000] loss: 156962.272
[2, 19020] loss: 212258.468
[2, 19040] loss: 116441.285
[2, 19060] loss: 96318.506
[2, 19080] loss: 106383.546
[2, 19100] loss: 74412.195
[2, 19120] loss: 74656.710
[2, 19140] loss: 102731.833
[2, 19160] loss: 94724.887
[2, 19180] loss: 146847.362
[2, 19200] loss: 72450.471
[2, 19220] loss: 85853.175
[2, 19240] loss: 188034.273
[2, 19260] loss: 271202.615
[2, 19280] loss: 235376.827
[2, 19300] loss: 93676.459
[2, 19320] loss: 40735.787
[2, 19340] loss: 327292.488
[2, 19360] loss: 198686.683
[2, 19380] loss: 142460.357
[2, 19400] loss: 150809.945
[2, 19420] loss: 121590.828
[2, 19440] loss: 109688.842
[2, 19460] loss: 132497.282
[2, 19480] loss: 59625.282
[2, 19500] loss: 163639.225
[2, 19520] loss: 114721.125
[2, 19540] loss: 128822.054
[2, 19560] loss: 82822.006
[2, 19580] loss: 71842.801
[2, 19600] loss: 43488.934
[2, 19620] loss: 87285.150
[2, 19640] loss: 103011.038
[2, 19660] loss: 149723.041
[2, 19680] loss: 78863.938
[2, 19700] loss: 122410.342
[2, 19720] loss: 104789.320
[2, 19740] loss: 110859.698
[2, 19760] loss: 128334.982
[2, 19780] loss: 145169.611
[2, 19800] loss: 151714.071
[2, 19820] loss: 132753.993
[2, 19840] loss: 172231.128
[2, 19860] loss: 272162.221
[2, 19880] loss: 92263.777
[2, 19900] loss: 182438.351
[2, 19920] loss: 92712.568
[2, 19940] loss: 210877.111
[2, 19960] loss: 79168.049
[2, 19980] loss: 131638.410
[2, 20000] loss: 83618.354
[2, 20020] loss: 60196.877
[2, 20040] loss: 115199.805
[2, 20060] loss: 113803.667
[2, 20080] loss: 154808.903
[2, 20100] loss: 81753.980
[2, 20120] loss: 92113.256
[2, 20140] loss: 46618.033
[2, 20160] loss: 65920.953
[2, 20180] loss: 77637.675
[2, 20200] loss: 152216.194
[2, 20220] loss: 169935.180
[2, 20240] loss: 184277.802
[2, 20260] loss: 133879.640
[2, 20280] loss: 73607.947
[2, 20300] loss: 43058.582
[2, 20320] loss: 74153.025
[2, 20340] loss: 96527.656
[2, 20360] loss: 77356.146
[2, 20380] loss: 58470.942
[2, 20400] loss: 50939.907
[2, 20420] loss: 45766.927
[2, 20440] loss: 95443.543
[2, 20460] loss: 99201.080
[2, 20480] loss: 107480.872
[2, 20500] loss: 69245.315
[2, 20520] loss: 71877.356
[2, 20540] loss: 64850.801
[2, 20560] loss: 51476.621
[2, 20580] loss: 76162.615
[2, 20600] loss: 122165.719
[2, 20620] loss: 158984.961
[2, 20640] loss: 48983.749
[2, 20660] loss: 55392.797
[2, 20680] loss: 35580.860
[2, 20700] loss: 81752.486
[2, 20720] loss: 62908.867
[2, 20740] loss: 35766.071
[2, 20760] loss: 129951.649
[2, 20780] loss: 146297.354
[2, 20800] loss: 86355.463
[2, 20820] loss: 72163.149
[2, 20840] loss: 62315.918
[2, 20860] loss: 41112.633
[2, 20880] loss: 209892.892
[2, 20900] loss: 95260.372
[2, 20920] loss: 45647.251
[2, 20940] loss: 68858.164
[2, 20960] loss: 63196.378
[2, 20980] loss: 81004.648
[2, 21000] loss: 72871.607
[2, 21020] loss: 154666.710
[2, 21040] loss: 62566.894
[2, 21060] loss: 49785.619
[2, 21080] loss: 96835.916
[2, 21100] loss: 80562.845
[2, 21120] loss: 120638.982
[2, 21140] loss: 58463.979
[2, 21160] loss: 47324.572
[2, 21180] loss: 58046.056
[2, 21200] loss: 135608.551
[2, 21220] loss: 73628.709
[2, 21240] loss: 136904.222
[2, 21260] loss: 108934.625
[2, 21280] loss: 129249.527
[2, 21300] loss: 36080.183
[2, 21320] loss: 86834.099
[2, 21340] loss: 40863.701
[2, 21360] loss: 63326.786
[2, 21380] loss: 60349.552
[2, 21400] loss: 21440.717
[2, 21420] loss: 65231.612
[2, 21440] loss: 96291.295
[2, 21460] loss: 101178.744
[2, 21480] loss: 32625.851
[2, 21500] loss: 38643.968
[2, 21520] loss: 65405.868
[2, 21540] loss: 70526.313
[2, 21560] loss: 40155.411
[2, 21580] loss: 48724.339
[2, 21600] loss: 48405.113
[2, 21620] loss: 22497.301
[2, 21640] loss: 24186.221
[2, 21660] loss: 28526.431
[2, 21680] loss: 43172.165
[2, 21700] loss: 74765.024
[2, 21720] loss: 33460.236
[2, 21740] loss: 50923.415
[2, 21760] loss: 50660.253
[2, 21780] loss: 69302.096
[2, 21800] loss: 38309.129
[2, 21820] loss: 101891.402
[2, 21840] loss: 77966.560
[2, 21860] loss: 75316.960
[2, 21880] loss: 77090.072
[2, 21900] loss: 37398.439
[2, 21920] loss: 26404.844
[2, 21940] loss: 33979.994
[2, 21960] loss: 39599.481
[2, 21980] loss: 25254.727
[2, 22000] loss: 54987.031
[2, 22020] loss: 65718.234
[2, 22040] loss: 35169.585
[2, 22060] loss: 25126.789
[2, 22080] loss: 44658.730
[2, 22100] loss: 40946.948
[2, 22120] loss: 33654.007
[2, 22140] loss: 24128.425
[2, 22160] loss: 61373.543
[2, 22180] loss: 97683.001
[2, 22200] loss: 62296.413
[2, 22220] loss: 102468.064
[2, 22240] loss: 126761.178
[2, 22260] loss: 90424.311
[2, 22280] loss: 31055.849
[2, 22300] loss: 24381.534
[2, 22320] loss: 35237.574
[2, 22340] loss: 48715.598
[2, 22360] loss: 47047.193
[2, 22380] loss: 11758.698
[2, 22400] loss: 53039.049
[2, 22420] loss: 79959.338
[2, 22440] loss: 68610.647
[2, 22460] loss: 42092.218
[2, 22480] loss: 81690.468
[2, 22500] loss: 11194.869
[2, 22520] loss: 22207.548
[2, 22540] loss: 50193.456
[2, 22560] loss: 105761.067
[2, 22580] loss: 41572.159
[2, 22600] loss: 44068.778
[2, 22620] loss: 39136.095
[2, 22640] loss: 28300.397
[2, 22660] loss: 21572.006
[2, 22680] loss: 15740.794
[2, 22700] loss: 16037.371
[2, 22720] loss: 45310.525
[2, 22740] loss: 17999.285
[2, 22760] loss: 25715.359
[2, 22780] loss: 11672.205
[2, 22800] loss: 12184.763
[2, 22820] loss: 27197.849
[2, 22840] loss: 108660.505
[2, 22860] loss: 60072.637
[2, 22880] loss: 41161.718
[2, 22900] loss: 45888.391
[2, 22920] loss: 40871.926
[2, 22940] loss: 45653.918
[2, 22960] loss: 16229.169
[2, 22980] loss: 11698.901
[2, 23000] loss: 12946.090
[2, 23020] loss: 25502.991
[2, 23040] loss: 15948.353
[2, 23060] loss: 23602.224
[2, 23080] loss: 12647.465
[2, 23100] loss: 15290.619
[2, 23120] loss: 27981.177
[2, 23140] loss: 35204.510
[2, 23160] loss: 34693.001
[2, 23180] loss: 49312.897
[2, 23200] loss: 30324.012
[2, 23220] loss: 13282.605
[2, 23240] loss: 23241.795
[2, 23260] loss: 23789.109
[2, 23280] loss: 22468.757
[2, 23300] loss: 10267.585
[2, 23320] loss: 10508.207
[2, 23340] loss: 14820.263
[2, 23360] loss: 14123.006
[2, 23380] loss: 20047.012
[2, 23400] loss: 16526.909
[2, 23420] loss: 10320.116
[2, 23440] loss: 7295.397
[2, 23460] loss: 12917.995
[2, 23480] loss: 24745.795
[2, 23500] loss: 20102.843
[2, 23520] loss: 11282.941
[2, 23540] loss: 10904.997
[2, 23560] loss: 16666.402
[2, 23580] loss: 12789.577
[2, 23600] loss: 8015.295
[2, 23620] loss: 13245.871
[2, 23640] loss: 11869.084
[2, 23660] loss: 10158.618
[2, 23680] loss: 16044.726
[2, 23700] loss: 8247.400
[2, 23720] loss: 12526.549
[2, 23740] loss: 13950.356
[2, 23760] loss: 6973.934
[2, 23780] loss: 6995.466
[2, 23800] loss: 14173.270
[2, 23820] loss: 13068.542
[2, 23840] loss: 20299.111
[2, 23860] loss: 9829.418
[2, 23880] loss: 6769.270
[2, 23900] loss: 18057.410
[2, 23920] loss: 11054.914
[2, 23940] loss: 11272.957
[2, 23960] loss: 7384.088
[2, 23980] loss: 8762.972
[2, 24000] loss: 14481.024
[2, 24020] loss: 20683.376
[2, 24040] loss: 33547.811
[2, 24060] loss: 28273.800
[2, 24080] loss: 12410.081
[2, 24100] loss: 8424.073
[2, 24120] loss: 32591.939
[2, 24140] loss: 26829.789
[2, 24160] loss: 14487.365
[2, 24180] loss: 21443.775
[2, 24200] loss: 12564.923
[2, 24220] loss: 4915.297
[2, 24240] loss: 9109.711
[2, 24260] loss: 17061.790
[2, 24280] loss: 14908.891
[2, 24300] loss: 13846.191
[2, 24320] loss: 11428.995
[2, 24340] loss: 9758.446
[2, 24360] loss: 7530.436
[2, 24380] loss: 16853.677
[2, 24400] loss: 19009.414
[2, 24420] loss: 11050.067
[2, 24440] loss: 11449.716
[2, 24460] loss: 27399.575
[2, 24480] loss: 16841.442
[2, 24500] loss: 12251.741
[2, 24520] loss: 9639.466
[2, 24540] loss: 11469.097
[2, 24560] loss: 8287.058
[2, 24580] loss: 18127.015
[2, 24600] loss: 9687.863
[2, 24620] loss: 15226.818
[2, 24640] loss: 24116.499
[2, 24660] loss: 29442.899
[2, 24680] loss: 23808.340
[2, 24700] loss: 27853.188
[2, 24720] loss: 31077.168
[2, 24740] loss: 14114.619
[2, 24760] loss: 7215.207
[2, 24780] loss: 16305.044
[2, 24800] loss: 6749.062
[2, 24820] loss: 6657.722
[2, 24840] loss: 9306.816
[2, 24860] loss: 7888.776
[2, 24880] loss: 9307.292
[2, 24900] loss: 8351.982
[2, 24920] loss: 10342.725
[2, 24940] loss: 8069.758
[2, 24960] loss: 8148.817
[2, 24980] loss: 11043.934
[2, 25000] loss: 9347.966
[2, 25020] loss: 3609.038
[2, 25040] loss: 7406.012
[2, 25060] loss: 10925.438
[2, 25080] loss: 5535.254
[2, 25100] loss: 6313.360
[2, 25120] loss: 5691.347
[2, 25140] loss: 10483.237
[2, 25160] loss: 14961.663
[2, 25180] loss: 15441.929
[2, 25200] loss: 24235.104
[2, 25220] loss: 6652.261
[2, 25240] loss: 18622.317
[2, 25260] loss: 72592.965
[2, 25280] loss: 49085.099
[2, 25300] loss: 10328.970
[2, 25320] loss: 6604.187
[2, 25340] loss: 20357.952
[2, 25360] loss: 13936.822
[2, 25380] loss: 18471.435
[2, 25400] loss: 12038.641
[2, 25420] loss: 12232.443
[2, 25440] loss: 9156.492
[2, 25460] loss: 4825.324
[2, 25480] loss: 2660.234
[2, 25500] loss: 5139.322
[2, 25520] loss: 9491.222
[2, 25540] loss: 5256.948
[2, 25560] loss: 3748.520
[2, 25580] loss: 4824.483
[2, 25600] loss: 5006.757
[2, 25620] loss: 5804.733
[2, 25640] loss: 7121.788
[2, 25660] loss: 3528.474
[2, 25680] loss: 5512.664
[2, 25700] loss: 6175.544
[2, 25720] loss: 10956.437
[2, 25740] loss: 5787.659
[2, 25760] loss: 2761.329
[2, 25780] loss: 3722.241
[2, 25800] loss: 4329.105
[2, 25820] loss: 5505.727
[2, 25840] loss: 6658.441
[2, 25860] loss: 4690.126
[2, 25880] loss: 4935.283
[2, 25900] loss: 9262.858
[2, 25920] loss: 8200.540
[2, 25940] loss: 5756.386
[2, 25960] loss: 16821.914
[2, 25980] loss: 13670.580
[2, 26000] loss: 3256.288
[2, 26020] loss: 12732.670
[2, 26040] loss: 22997.065
[2, 26060] loss: 4317.365
[2, 26080] loss: 10574.853
[2, 26100] loss: 5825.960
[2, 26120] loss: 4050.489
[2, 26140] loss: 2553.921
[2, 26160] loss: 4086.724
[2, 26180] loss: 4046.922
[2, 26200] loss: 3897.303
[2, 26220] loss: 1536.909
[2, 26240] loss: 3421.082
[2, 26260] loss: 4949.845
[2, 26280] loss: 4094.985
[2, 26300] loss: 10173.184
[2, 26320] loss: 10236.933
[2, 26340] loss: 19638.859
[2, 26360] loss: 39441.134
[2, 26380] loss: 23810.295
[2, 26400] loss: 32781.755
[2, 26420] loss: 21732.485
[2, 26440] loss: 13738.005
[2, 26460] loss: 14561.496
[2, 26480] loss: 41843.249
[2, 26500] loss: 87106.118
[2, 26520] loss: 90556.986
[2, 26540] loss: 62270.240
[2, 26560] loss: 65766.689
[2, 26580] loss: 93277.405
[2, 26600] loss: 106707.910
[2, 26620] loss: 173796.865
[2, 26640] loss: 79210.118
[2, 26660] loss: 39578.459
[2, 26680] loss: 11202.825
[2, 26700] loss: 5043.920
[2, 26720] loss: 4063.891
[2, 26740] loss: 2074.872
[2, 26760] loss: 4868.176
[2, 26780] loss: 3783.692
[2, 26800] loss: 3226.538
[2, 26820] loss: 2798.813
[2, 26840] loss: 1599.493
[2, 26860] loss: 1203.621
[2, 26880] loss: 2103.044
[2, 26900] loss: 1456.354
[2, 26920] loss: 1137.754
[2, 26940] loss: 1008.976
[2, 26960] loss: 1134.431
[2, 26980] loss: 1043.139
[2, 27000] loss: 1142.545
[2, 27020] loss: 1289.188
[2, 27040] loss: 1650.470
[2, 27060] loss: 1768.248
[2, 27080] loss: 1504.784
[2, 27100] loss: 2302.331
[2, 27120] loss: 1081.941
[2, 27140] loss: 1242.463
[2, 27160] loss: 1742.154
[2, 27180] loss: 2528.598
[2, 27200] loss: 2204.186
[2, 27220] loss: 2025.053
[2, 27240] loss: 1534.546
[2, 27260] loss: 531.835
[2, 27280] loss: 1330.559
[2, 27300] loss: 805.631
[2, 27320] loss: 944.719
[2, 27340] loss: 1350.043
[2, 27360] loss: 1390.436
[2, 27380] loss: 2455.134
[2, 27400] loss: 1536.870
[2, 27420] loss: 1230.667
[2, 27440] loss: 736.709
[2, 27460] loss: 503.766
[2, 27480] loss: 1852.630
[2, 27500] loss: 2146.164
[2, 27520] loss: 1935.334
[2, 27540] loss: 859.177
[2, 27560] loss: 1301.281
[2, 27580] loss: 856.708
[2, 27600] loss: 841.690
[2, 27620] loss: 768.369
[2, 27640] loss: 1345.464
[2, 27660] loss: 858.898
[2, 27680] loss: 729.812
[2, 27700] loss: 577.780
[2, 27720] loss: 669.948
[2, 27740] loss: 1317.716
[2, 27760] loss: 1270.893
[2, 27780] loss: 483.684
[2, 27800] loss: 845.421
[2, 27820] loss: 1045.954
[2, 27840] loss: 863.155
[2, 27860] loss: 1034.282
[2, 27880] loss: 740.885
[2, 27900] loss: 1349.917
[2, 27920] loss: 1431.163
[2, 27940] loss: 887.371
[2, 27960] loss: 1268.817
[2, 27980] loss: 1279.404
[2, 28000] loss: 845.972
[2, 28020] loss: 679.051
[2, 28040] loss: 657.988
[2, 28060] loss: 171.054
[2, 28080] loss: 374.775
[2, 28100] loss: 670.361
[2, 28120] loss: 810.173
[2, 28140] loss: 294.464
[2, 28160] loss: 1110.723
[2, 28180] loss: 1553.938
[2, 28200] loss: 855.540
[2, 28220] loss: 3199.350
[2, 28240] loss: 1317.338
[2, 28260] loss: 492.681
[2, 28280] loss: 954.535
[2, 28300] loss: 319.079
[2, 28320] loss: 310.700
[2, 28340] loss: 905.316
[2, 28360] loss: 913.895
[2, 28380] loss: 1241.276
[2, 28400] loss: 1233.510
[2, 28420] loss: 2067.918
[2, 28440] loss: 1764.354
[2, 28460] loss: 611.881
[2, 28480] loss: 649.589
[2, 28500] loss: 1502.784
[2, 28520] loss: 1059.558
[2, 28540] loss: 918.938
[2, 28560] loss: 878.998
[2, 28580] loss: 666.738
[2, 28600] loss: 628.720
[2, 28620] loss: 1602.414
[2, 28640] loss: 1387.277
[2, 28660] loss: 1798.510
[2, 28680] loss: 1554.402
[2, 28700] loss: 1123.120
[2, 28720] loss: 2333.379
[2, 28740] loss: 2297.554
[2, 28760] loss: 5948.332
[2, 28780] loss: 9201.272
[2, 28800] loss: 5620.332
[2, 28820] loss: 2108.993
[2, 28840] loss: 1931.312
[2, 28860] loss: 2290.726
[2, 28880] loss: 524.804
[2, 28900] loss: 625.262
[2, 28920] loss: 458.386
[2, 28940] loss: 252.443
[2, 28960] loss: 831.461
[2, 28980] loss: 1019.347
[2, 29000] loss: 1478.875
[2, 29020] loss: 1668.385
[2, 29040] loss: 1646.558
[2, 29060] loss: 998.779
[2, 29080] loss: 871.342
[2, 29100] loss: 412.125
[2, 29120] loss: 850.261
[2, 29140] loss: 277.273
[2, 29160] loss: 1222.961
[2, 29180] loss: 799.587
[2, 29200] loss: 1107.350
[2, 29220] loss: 1209.223
[2, 29240] loss: 1640.780
[2, 29260] loss: 1292.860
[2, 29280] loss: 2068.617
[2, 29300] loss: 1130.090
[2, 29320] loss: 642.078
[2, 29340] loss: 1038.561
[2, 29360] loss: 554.326
[2, 29380] loss: 1137.149
[2, 29400] loss: 1265.027
[2, 29420] loss: 2278.136
[2, 29440] loss: 4154.960
[2, 29460] loss: 6125.743
[2, 29480] loss: 19330535585.928
[2, 29500] loss: 5842786771601.125
[2, 29520] loss: 8010489445171.200
[2, 29540] loss: 1441217677580.000
[2, 29560] loss: 248640725780.891
[2, 29580] loss: 22795130382.118
[2, 29600] loss: 8582579638.625
[2, 29620] loss: 4180320882.037
[2, 29640] loss: 2941105116.625
[2, 29660] loss: 1336211139.025
[2, 29680] loss: 1018791185.391
[2, 29700] loss: 956741929.725
[2, 29720] loss: 921453231.389
[2, 29740] loss: 1240782560.770
[2, 29760] loss: 895409131.444
[2, 29780] loss: 971624777.100
[2, 29800] loss: 1031187186.466
[2, 29820] loss: 1424324829.138
[2, 29840] loss: 1403263912.223
[2, 29860] loss: 489312419.450
[2, 29880] loss: 557821369.551
[2, 29900] loss: 355717046.892
[2, 29920] loss: 441298468.400
[2, 29940] loss: 416617503.725
[2, 29960] loss: 515435407.095
[2, 29980] loss: 1517765845.089
[2, 30000] loss: 613921735.142
[2, 30020] loss: 491454829.925
[2, 30040] loss: 447378322.125
[2, 30060] loss: 321793206.781
[2, 30080] loss: 215629545.198
[2, 30100] loss: 362342680.306
[2, 30120] loss: 394499128.432
[2, 30140] loss: 219092796.151
[2, 30160] loss: 388996422.320
[2, 30180] loss: 399003684.781
[2, 30200] loss: 339280335.625
[2, 30220] loss: 189003783.159
[2, 30240] loss: 445071952.434
[2, 30260] loss: 121392477.978
[2, 30280] loss: 206972879.241
[2, 30300] loss: 293791739.488
[2, 30320] loss: 142829821.636
[2, 30340] loss: 141417996.775
[2, 30360] loss: 281109474.998
[2, 30380] loss: 145889388.256
[2, 30400] loss: 228300958.149
[2, 30420] loss: 192427811.716
[1,    20] loss: 1124682713.263
[1,    40] loss: 847815416.615
[1,    60] loss: 729006041.220
[1,    80] loss: 634042284.506
[1,   100] loss: 631916287.798
[1,   120] loss: 714897131.933
[1,   140] loss: 679373695.741
[1,   160] loss: 692329791.975
[1,   180] loss: 643578747.821
[1,   200] loss: 634826869.005
[1,   220] loss: 610138966.930
[1,   240] loss: 583600015.622
[1,   260] loss: 543646358.832
[1,   280] loss: 504845105.351
[1,   300] loss: 471235661.591
[1,   320] loss: 441807347.836
[1,   340] loss: 416185674.882
[1,   360] loss: 396009194.120
[1,   380] loss: 383197138.404
[1,   400] loss: 367948897.662
[1,   420] loss: 358072577.067
[1,   440] loss: 352205915.843
[1,   460] loss: 350590893.593
[1,   480] loss: 348142027.322
[1,   500] loss: 340732585.217
[1,   520] loss: 328374161.908
[1,   540] loss: 316315399.188
[1,   560] loss: 305090819.003
[1,   580] loss: 294586010.073
[1,   600] loss: 284842777.892
[1,   620] loss: 280043543.847
[1,   640] loss: 273893184.517
[1,   660] loss: 265746328.841
[1,   680] loss: 257953921.828
[1,   700] loss: 250769202.316
[1,   720] loss: 244001798.004
[1,   740] loss: 237522998.821
[1,   760] loss: 231656496.652
[1,   780] loss: 226202521.870
[1,   800] loss: 221431699.718
[1,   820] loss: 218086830.230
[1,   840] loss: 213962646.013
[1,   860] loss: 210085081.342
[1,   880] loss: 206482380.451
[1,   900] loss: 202188502.524
[1,   920] loss: 197965980.065
[1,   940] loss: 194004511.134
[1,   960] loss: 191162964.927
[1,   980] loss: 188298276.692
[1,  1000] loss: 184924402.974
[1,  1020] loss: 181466807.409
[1,  1040] loss: 177992726.659
[1,  1060] loss: 175042476.728
[1,  1080] loss: 172282950.388
[1,  1100] loss: 170387651.349
[1,  1120] loss: 167945562.294
[1,  1140] loss: 165662298.527
[1,  1160] loss: 163359588.561
[1,  1180] loss: 160795924.543
[1,  1200] loss: 158249675.725
[1,  1220] loss: 155962979.348
[1,  1240] loss: 153960294.474
[1,  1260] loss: 151679099.536
[1,  1280] loss: 149338346.139
[1,  1300] loss: 147205810.374
[1,  1320] loss: 146093762.805
[1,  1340] loss: 144285140.427
[1,  1360] loss: 142180784.545
[1,  1380] loss: 140125819.302
[1,  1400] loss: 138166009.066
[1,  1420] loss: 136265364.125
[1,  1440] loss: 134474624.391
[1,  1460] loss: 132776133.693
[1,  1480] loss: 131162721.542
[1,  1500] loss: 129588034.613
[1,  1520] loss: 127923386.582
[1,  1540] loss: 126271065.978
[1,  1560] loss: 124806143.106
[1,  1580] loss: 123304513.202
[1,  1600] loss: 121825509.988
[1,  1620] loss: 120376086.240
[1,  1640] loss: 118914668.354
[1,  1660] loss: 117936696.883
[1,  1680] loss: 124290270.704
[1,  1700] loss: 129405238.451
[1,  1720] loss: 132474927.861
[1,  1740] loss: 135264615.913
[1,  1760] loss: 136601082.548
[1,  1780] loss: 135698323.726
[1,  1800] loss: 134705348.217
[1,  1820] loss: 133249575.121
[1,  1840] loss: 132118765.220
[1,  1860] loss: 135450716.423
[1,  1880] loss: 135926988.810
[1,  1900] loss: 135745027.226
[1,  1920] loss: 135821733.698
[1,  1940] loss: 137009267.618
[1,  1960] loss: 139255000.367
[1,  1980] loss: 142491883.751
[1,  2000] loss: 143271377.524
[1,  2020] loss: 144025545.660
[1,  2040] loss: 146392736.447
[1,  2060] loss: 150849247.727
[1,  2080] loss: 152478708.702
[1,  2100] loss: 156830508.775
[1,  2120] loss: 164250109.236
[1,  2140] loss: 176087558.627
[1,  2160] loss: 177436464.622
[1,  2180] loss: 177005270.111
[1,  2200] loss: 175492826.320
[1,  2220] loss: 173934802.588
[1,  2240] loss: 172405787.497
[1,  2260] loss: 170923959.760
[1,  2280] loss: 169818857.557
[1,  2300] loss: 170460383.817
[1,  2320] loss: 172370641.689
[1,  2340] loss: 173545792.374
[1,  2360] loss: 174234440.188
[1,  2380] loss: 173248223.979
[1,  2400] loss: 172310207.311
[1,  2420] loss: 171346357.598
[1,  2440] loss: 170608775.453
[1,  2460] loss: 169527752.806
[1,  2480] loss: 168408849.177
[1,  2500] loss: 167134758.921
[1,  2520] loss: 165809854.469
[1,  2540] loss: 164517455.884
[1,  2560] loss: 163297663.902
[1,  2580] loss: 162328519.023
[1,  2600] loss: 161153312.369
[1,  2620] loss: 159953701.224
[1,  2640] loss: 158761039.433
[1,  2660] loss: 157577256.349
[1,  2680] loss: 156751089.527
[1,  2700] loss: 155619912.111
[1,  2720] loss: 154484856.836
[1,  2740] loss: 153387471.279
[1,  2760] loss: 152384358.152
[1,  2780] loss: 151424009.166
[1,  2800] loss: 150533564.912
[1,  2820] loss: 150397830.283
[1,  2840] loss: 149578530.853
[1,  2860] loss: 148622850.769
[1,  2880] loss: 147743599.445
[1,  2900] loss: 146748231.645
[1,  2920] loss: 145839924.552
[1,  2940] loss: 145228787.005
[1,  2960] loss: 144512859.425
[1,  2980] loss: 144541192.653
[1,  3000] loss: 145691581.594
[1,  3020] loss: 145239792.630
[1,  3040] loss: 144350291.504
[1,  3060] loss: 143506979.395
[1,  3080] loss: 142729758.630
[1,  3100] loss: 142475485.241
[1,  3120] loss: 142025895.945
[1,  3140] loss: 141626298.899
[1,  3160] loss: 141696413.694
[1,  3180] loss: 141375682.945
[1,  3200] loss: 140616008.163
[1,  3220] loss: 140371098.465
[1,  3240] loss: 139930369.295
[1,  3260] loss: 139227251.345
[1,  3280] loss: 138609469.082
[1,  3300] loss: 137825452.645
[1,  3320] loss: 137049488.621
[1,  3340] loss: 136295539.914
[1,  3360] loss: 135758385.056
[2,    20] loss: 1124682713.263
[2,    40] loss: 847815416.615
[2,    60] loss: 729006041.220
[2,    80] loss: 634042284.506
[2,   100] loss: 631916287.798
[2,   120] loss: 714897131.933
[2,   140] loss: 679373695.741
[2,   160] loss: 692329791.975
[2,   180] loss: 643578747.821
[2,   200] loss: 634826869.005
[2,   220] loss: 610138966.930
[2,   240] loss: 583600015.622
[2,   260] loss: 543646358.832
[2,   280] loss: 504845105.351
[2,   300] loss: 471235661.591
[2,   320] loss: 441807347.836
[2,   340] loss: 416185674.882
[2,   360] loss: 396009194.120
[2,   380] loss: 383197138.404
[2,   400] loss: 367948897.662
[2,   420] loss: 358072577.067
[2,   440] loss: 352205915.843
[2,   460] loss: 350590893.593
[2,   480] loss: 348142027.322
[2,   500] loss: 340732585.217
[2,   520] loss: 328374161.908
[2,   540] loss: 316315399.188
[2,   560] loss: 305090819.003
[2,   580] loss: 294586010.073
[2,   600] loss: 284842777.892
[2,   620] loss: 280043543.847
[2,   640] loss: 273893184.517
[2,   660] loss: 265746328.841
[2,   680] loss: 257953921.828
[2,   700] loss: 250769202.316
[2,   720] loss: 244001798.004
[2,   740] loss: 237522998.821
[2,   760] loss: 231656496.652
[2,   780] loss: 226202521.870
[2,   800] loss: 221431699.718
[2,   820] loss: 218086830.230
[2,   840] loss: 213962646.013
[2,   860] loss: 210085081.342
[2,   880] loss: 206482380.451
[2,   900] loss: 202188502.524
[2,   920] loss: 197965980.065
[2,   940] loss: 194004511.134
[2,   960] loss: 191162964.927
[2,   980] loss: 188298276.692
[2,  1000] loss: 184924402.974
[2,  1020] loss: 181466807.409
[2,  1040] loss: 177992726.659
[2,  1060] loss: 175042476.728
[2,  1080] loss: 172282950.388
[2,  1100] loss: 170387651.349
[2,  1120] loss: 167945562.294
[2,  1140] loss: 165662298.527
[2,  1160] loss: 163359588.561
[2,  1180] loss: 160795924.543
[2,  1200] loss: 158249675.725
[2,  1220] loss: 155962979.348
[2,  1240] loss: 153960294.474
[2,  1260] loss: 151679099.536
[2,  1280] loss: 149338346.139
[2,  1300] loss: 147205810.374
[2,  1320] loss: 146093762.805
[2,  1340] loss: 144285140.427
[2,  1360] loss: 142180784.545
[2,  1380] loss: 140125819.302
[2,  1400] loss: 138166009.066
[2,  1420] loss: 136265364.125
[2,  1440] loss: 134474624.391
[2,  1460] loss: 132776133.693
[2,  1480] loss: 131162721.542
[2,  1500] loss: 129588034.613
[2,  1520] loss: 127923386.582
[2,  1540] loss: 126271065.978
[2,  1560] loss: 124806143.106
[2,  1580] loss: 123304513.202
[2,  1600] loss: 121825509.988
[2,  1620] loss: 120376086.240
[2,  1640] loss: 118914668.354
[2,  1660] loss: 117936696.883
[2,  1680] loss: 124290270.704
[2,  1700] loss: 129405238.451
[2,  1720] loss: 132474927.861
[2,  1740] loss: 135264615.913
[2,  1760] loss: 136601082.548
[2,  1780] loss: 135698323.726
[2,  1800] loss: 134705348.217
[2,  1820] loss: 133249575.121
[2,  1840] loss: 132118765.220
[2,  1860] loss: 135450716.423
[2,  1880] loss: 135926988.810
[2,  1900] loss: 135745027.226
[2,  1920] loss: 135821733.698
[2,  1940] loss: 137009267.618
[2,  1960] loss: 139255000.367
[2,  1980] loss: 142491883.751
[2,  2000] loss: 143271377.524
[2,  2020] loss: 144025545.660
[2,  2040] loss: 146392736.447
[2,  2060] loss: 150849247.727
[2,  2080] loss: 152478708.702
[2,  2100] loss: 156830508.775
[2,  2120] loss: 164250109.236
[2,  2140] loss: 176087558.627
[2,  2160] loss: 177436464.622
[2,  2180] loss: 177005270.111
[2,  2200] loss: 175492826.320
[2,  2220] loss: 173934802.588
[2,  2240] loss: 172405787.497
[2,  2260] loss: 170923959.760
[2,  2280] loss: 169818857.557
[2,  2300] loss: 170460383.817
[2,  2320] loss: 172370641.689
[2,  2340] loss: 173545792.374
[2,  2360] loss: 174234440.188
[2,  2380] loss: 173248223.979
[2,  2400] loss: 172310207.311
[2,  2420] loss: 171346357.598
[2,  2440] loss: 170608775.453
[2,  2460] loss: 169527752.806
[2,  2480] loss: 168408849.177
[2,  2500] loss: 167134758.921
[2,  2520] loss: 165809854.469
[2,  2540] loss: 164517455.884
[2,  2560] loss: 163297663.902
[2,  2580] loss: 162328519.023
[2,  2600] loss: 161153312.369
[2,  2620] loss: 159953701.224
[2,  2640] loss: 158761039.433
[2,  2660] loss: 157577256.349
[2,  2680] loss: 156751089.527
[2,  2700] loss: 155619912.111
[2,  2720] loss: 154484856.836
[2,  2740] loss: 153387471.279
[2,  2760] loss: 152384358.152
[2,  2780] loss: 151424009.166
[2,  2800] loss: 150533564.912
[2,  2820] loss: 150397830.283
[2,  2840] loss: 149578530.853
[2,  2860] loss: 148622850.769
[2,  2880] loss: 147743599.445
[2,  2900] loss: 146748231.645
[2,  2920] loss: 145839924.552
[2,  2940] loss: 145228787.005
[2,  2960] loss: 144512859.425
[2,  2980] loss: 144541192.653
[2,  3000] loss: 145691581.594
[2,  3020] loss: 145239792.630
[2,  3040] loss: 144350291.504
[2,  3060] loss: 143506979.395
[2,  3080] loss: 142729758.630
[2,  3100] loss: 142475485.241
[2,  3120] loss: 142025895.945
[2,  3140] loss: 141626298.899
[2,  3160] loss: 141696413.694
[2,  3180] loss: 141375682.945
[2,  3200] loss: 140616008.163
[2,  3220] loss: 140371098.465
[2,  3240] loss: 139930369.295
[2,  3260] loss: 139227251.345
[2,  3280] loss: 138609469.082
[2,  3300] loss: 137825452.645
[2,  3320] loss: 137049488.621
[2,  3340] loss: 136295539.914
[2,  3360] loss: 135758385.056
