cuda:  1
color_space: YCbCr
batch_size: 5
num_epcochs: 1
learning_rate: 0.001
[1,    20] loss: 0.331
[1,    40] loss: 0.133
[1,    60] loss: 0.081
[1,    80] loss: 0.158
[1,   100] loss: 0.098
[1,   120] loss: 0.052
[1,   140] loss: 0.070
[1,   160] loss: 0.069
[1,   180] loss: 0.081
[1,   200] loss: 0.041
[1,   220] loss: 0.083
[1,   240] loss: 0.155
[1,   260] loss: 0.039
[1,   280] loss: 0.116
[1,   300] loss: 0.054
[1,   320] loss: 0.044
[1,   340] loss: 0.125
[1,   360] loss: 0.041
[1,   380] loss: 0.110
[1,   400] loss: 0.082
[1,   420] loss: 0.063
[1,   440] loss: 0.038
[1,   460] loss: 0.089
[1,   480] loss: 0.086
[1,   500] loss: 0.058
[1,   520] loss: 0.066
[1,   540] loss: 0.107
[1,   560] loss: 0.081
[1,   580] loss: 0.051
[1,   600] loss: 0.077
[1,   620] loss: 0.059
[1,   640] loss: 0.079
[1,   660] loss: 0.100
[1,   680] loss: 0.081
[1,   700] loss: 0.106
[1,   720] loss: 0.069
[1,   740] loss: 0.054
[1,   760] loss: 0.077
[1,   780] loss: 0.067
[1,   800] loss: 0.047
[1,   820] loss: 0.077
[1,   840] loss: 0.123
[1,   860] loss: 0.093
[1,   880] loss: 0.052
[1,   900] loss: 0.079
[1,   920] loss: 0.060
[1,   940] loss: 0.076
[1,   960] loss: 0.071
[1,   980] loss: 0.060
[1,  1000] loss: 0.069
[1,  1020] loss: 0.077
[1,  1040] loss: 0.118
[1,  1060] loss: 0.059
[1,  1080] loss: 0.105
[1,  1100] loss: 0.069
[1,  1120] loss: 0.069
[1,  1140] loss: 0.122
[1,  1160] loss: 0.092
[1,  1180] loss: 0.108
[1,  1200] loss: 0.050
[1,  1220] loss: 0.091
[1,  1240] loss: 0.054
[1,  1260] loss: 0.082
[1,  1280] loss: 0.081
[1,  1300] loss: 0.110
[1,  1320] loss: 0.104
[1,  1340] loss: 0.082
[1,  1360] loss: 0.082
[1,  1380] loss: 0.041
[1,  1400] loss: 0.101
[1,  1420] loss: 0.089
[1,  1440] loss: 0.065
[1,  1460] loss: 0.056
[1,  1480] loss: 0.074
[1,  1500] loss: 0.093
[1,  1520] loss: 0.071
[1,  1540] loss: 0.068
[1,  1560] loss: 0.082
[1,  1580] loss: 0.038
[1,  1600] loss: 0.066
[1,  1620] loss: 0.126
[1,  1640] loss: 0.086
[1,  1660] loss: 0.052
[1,  1680] loss: 0.074
[1,  1700] loss: 0.105
[1,  1720] loss: 0.043
[1,  1740] loss: 0.072
[1,  1760] loss: 0.080
[1,  1780] loss: 0.093
[1,  1800] loss: 0.083
[1,  1820] loss: 0.037
[1,  1840] loss: 0.058
[1,  1860] loss: 0.062
[1,  1880] loss: 0.136
[1,  1900] loss: 0.063
[1,  1920] loss: 0.078
[1,  1940] loss: 0.051
[1,  1960] loss: 0.061
[1,  1980] loss: 0.069
[1,  2000] loss: 0.055
[1,  2020] loss: 0.093
[1,  2040] loss: 0.068
[1,  2060] loss: 0.103
[1,  2080] loss: 0.061
[1,  2100] loss: 0.063
[1,  2120] loss: 0.089
[1,  2140] loss: 0.117
[1,  2160] loss: 0.073
[1,  2180] loss: 0.050
[1,  2200] loss: 0.120
[1,  2220] loss: 0.085
[1,  2240] loss: 0.069
[1,  2260] loss: 0.073
[1,  2280] loss: 0.091
[1,  2300] loss: 0.064
[1,  2320] loss: 0.165
[1,  2340] loss: 0.053
[1,  2360] loss: 0.066
[1,  2380] loss: 0.060
[1,  2400] loss: 0.098
[1,  2420] loss: 0.094
[1,  2440] loss: 0.073
[1,  2460] loss: 0.066
[1,  2480] loss: 0.052
[1,  2500] loss: 0.108
[1,  2520] loss: 0.078
[1,  2540] loss: 0.052
[1,  2560] loss: 0.069
[1,  2580] loss: 0.046
[1,  2600] loss: 0.091
[1,  2620] loss: 0.081
[1,  2640] loss: 1135.436
[1,  2660] loss: 2111191.428
[1,  2680] loss: 2018215.965
[1,  2700] loss: 68867.080
[1,  2720] loss: 1274.702
[1,  2740] loss: 803.642
[1,  2760] loss: 439.881
[1,  2780] loss: 338.124
[1,  2800] loss: 246.576
[1,  2820] loss: 166.137
[1,  2840] loss: 310.787
[1,  2860] loss: 142.381
[1,  2880] loss: 144.868
[1,  2900] loss: 225.021
[1,  2920] loss: 89.799
[1,  2940] loss: 75.408
[1,  2960] loss: 78.047
[1,  2980] loss: 82.806
[1,  3000] loss: 32.065
[1,  3020] loss: 52.943
[1,  3040] loss: 37.088
[1,  3060] loss: 47.810
[1,  3080] loss: 40.202
[1,  3100] loss: 39.015
[1,  3120] loss: 32.750
[1,  3140] loss: 33.607
[1,  3160] loss: 30.744
[1,  3180] loss: 33.004
[1,  3200] loss: 29.923
[1,  3220] loss: 19.665
[1,  3240] loss: 23.837
[1,  3260] loss: 26.350
[1,  3280] loss: 32.014
[1,  3300] loss: 28.631
[1,  3320] loss: 24.395
[1,  3340] loss: 18.203
[1,  3360] loss: 16.828
[1,  3380] loss: 15.116
[1,  3400] loss: 15.915
[1,  3420] loss: 18.166
[1,  3440] loss: 17.095
[1,  3460] loss: 11.958
[1,  3480] loss: 18.043
[1,  3500] loss: 10.765
[1,  3520] loss: 12.247
[1,  3540] loss: 15.759
[1,  3560] loss: 10.789
[1,  3580] loss: 18.023
[1,  3600] loss: 15.474
[1,  3620] loss: 13.153
[1,  3640] loss: 8.431
[1,  3660] loss: 10.680
[1,  3680] loss: 10.302
[1,  3700] loss: 12.030
[1,  3720] loss: 10.348
[1,  3740] loss: 7.421
[1,  3760] loss: 8.261
[1,  3780] loss: 8.179
[1,  3800] loss: 10.291
[1,  3820] loss: 7.578
[1,  3840] loss: 6.844
[1,  3860] loss: 7.525
[1,  3880] loss: 6.355
[1,  3900] loss: 7.413
[1,  3920] loss: 9.523
[1,  3940] loss: 10.535
[1,  3960] loss: 5.991
[1,  3980] loss: 6.230
[1,  4000] loss: 5.550
[1,  4020] loss: 4.937
[1,  4040] loss: 5.681
[1,  4060] loss: 5.572
[1,  4080] loss: 6.522
[1,  4100] loss: 6.549
[1,  4120] loss: 6.862
[1,  4140] loss: 4.320
[1,  4160] loss: 6.459
[1,  4180] loss: 5.596
[1,  4200] loss: 5.254
[1,  4220] loss: 6.970
[1,  4240] loss: 6.359
[1,  4260] loss: 5.922
[1,  4280] loss: 6.890
[1,  4300] loss: 5.398
[1,  4320] loss: 4.243
[1,  4340] loss: 3.547
[1,  4360] loss: 5.349
[1,  4380] loss: 5.875
[1,  4400] loss: 9.141
[1,  4420] loss: 5.921
[1,  4440] loss: 6.933
[1,  4460] loss: 9.608
[1,  4480] loss: 8.865
[1,  4500] loss: 6.909
[1,  4520] loss: 6.488
[1,  4540] loss: 4.836
[1,  4560] loss: 2.738
[1,  4580] loss: 2.764
[1,  4600] loss: 4.258
[1,  4620] loss: 4.839
[1,  4640] loss: 2.916
[1,  4660] loss: 4.028
[1,  4680] loss: 4.617
[1,  4700] loss: 2.792
[1,  4720] loss: 2.069
[1,  4740] loss: 3.867
[1,  4760] loss: 4.137
[1,  4780] loss: 14.385
[1,  4800] loss: 11.984
[1,  4820] loss: 4.523
[1,  4840] loss: 2.253
[1,  4860] loss: 2.253
[1,  4880] loss: 2.515
[1,  4900] loss: 2.926
[1,  4920] loss: 2.497
[1,  4940] loss: 3.445
[1,  4960] loss: 3.663
[1,  4980] loss: 2.570
[1,  5000] loss: 4.026
[1,  5020] loss: 4.002
[1,  5040] loss: 5.517
[1,  5060] loss: 2.527
[1,  5080] loss: 2.772
[1,  5100] loss: 2.314
[1,  5120] loss: 1.909
[1,  5140] loss: 2.732
[1,  5160] loss: 1.997
[1,  5180] loss: 1.955
[1,  5200] loss: 2.582
[1,  5220] loss: 2.698
[1,  5240] loss: 4.322
[1,  5260] loss: 2.280
[1,  5280] loss: 10.385
[1,  5300] loss: 9.189
[1,  5320] loss: 3.696
[1,  5340] loss: 7.898
[1,  5360] loss: 3.558
[1,  5380] loss: 1.921
[1,  5400] loss: 1.539
[1,  5420] loss: 3.159
[1,  5440] loss: 4.069
[1,  5460] loss: 3.471
[1,  5480] loss: 1.573
[1,  5500] loss: 1.624
[1,  5520] loss: 2.834
[1,  5540] loss: 1.199
[1,  5560] loss: 4.776
[1,  5580] loss: 6.508
[1,  5600] loss: 8.566
[1,  5620] loss: 6.844
[1,  5640] loss: 3.805
[1,  5660] loss: 7.123
[1,  5680] loss: 4.495
[1,  5700] loss: 1.752
[1,  5720] loss: 2.572
[1,  5740] loss: 1.721
[1,  5760] loss: 1.497
[1,  5780] loss: 2.153
[1,  5800] loss: 3.515
[1,  5820] loss: 4.598
[1,  5840] loss: 2.054
[1,  5860] loss: 3.999
[1,  5880] loss: 6.901
[1,  5900] loss: 3.562
[1,  5920] loss: 0.898
[1,  5940] loss: 1.516
[1,  5960] loss: 3.131
[1,  5980] loss: 2.740
[1,  6000] loss: 1.592
[1,  6020] loss: 19.282
[1,  6040] loss: 3.326
[1,  6060] loss: 1.778
[1,  6080] loss: 1.023
[1,    20] loss: 0.196
[1,    40] loss: 0.258
[1,    60] loss: 0.278
[1,    80] loss: 0.530
[1,   100] loss: 0.927
[1,   120] loss: 0.778
[1,   140] loss: 0.696
[1,   160] loss: 0.810
[1,   180] loss: 0.947
[1,   200] loss: 1.080
[1,   220] loss: 1.049
[1,   240] loss: 0.989
[1,   260] loss: 0.922
[1,   280] loss: 0.875
[1,   300] loss: 0.840
[1,   320] loss: 0.838
[1,   340] loss: 0.847
[1,   360] loss: 0.875
[1,   380] loss: 0.939
[1,   400] loss: 1.000
[1,   420] loss: 1.017
[1,   440] loss: 0.979
[1,   460] loss: 0.945
[1,   480] loss: 0.914
[1,   500] loss: 0.894
[1,   520] loss: 0.869
[1,   540] loss: 0.845
[1,   560] loss: 0.820
[1,   580] loss: 0.795
[1,   600] loss: 0.784
[1,   620] loss: 0.760
[1,   640] loss: 0.744
[1,   660] loss: 0.743
