cuda:  2
color_space: YCbCr
batch_size: 5
num_epcochs: 1
learning_rate: 0.001
[1,    20] loss: 0.146
[1,    40] loss: 0.105
[1,    60] loss: 0.043
[1,    80] loss: 0.057
[1,   100] loss: 0.044
[1,   120] loss: 0.068
[1,   140] loss: 0.090
[1,   160] loss: 0.096
[1,   180] loss: 0.112
[1,   200] loss: 0.069
[1,   220] loss: 0.079
[1,   240] loss: 0.078
[1,   260] loss: 0.151
[1,   280] loss: 0.103
[1,   300] loss: 0.286
[1,   320] loss: 0.228
[1,   340] loss: 0.168
[1,   360] loss: 0.091
[1,   380] loss: 0.058
[1,   400] loss: 0.063
[1,   420] loss: 0.062
[1,   440] loss: 0.057
[1,   460] loss: 0.065
[1,   480] loss: 0.081
[1,   500] loss: 0.076
[1,   520] loss: 0.055
[1,   540] loss: 0.072
[1,   560] loss: 0.115
[1,   580] loss: 0.083
[1,   600] loss: 0.061
[1,   620] loss: 0.054
[1,   640] loss: 0.053
[1,   660] loss: 0.098
[1,   680] loss: 0.071
[1,   700] loss: 0.066
[1,   720] loss: 0.065
[1,   740] loss: 0.080
[1,   760] loss: 0.057
[1,   780] loss: 0.027
[1,   800] loss: 0.086
[1,   820] loss: 0.053
[1,   840] loss: 0.068
[1,   860] loss: 0.070
[1,   880] loss: 0.041
[1,   900] loss: 0.053
[1,   920] loss: 0.027
[1,   940] loss: 0.064
[1,   960] loss: 0.035
[1,   980] loss: 0.085
[1,  1000] loss: 0.042
[1,  1020] loss: 0.083
[1,  1040] loss: 0.036
[1,  1060] loss: 0.061
[1,  1080] loss: 0.074
[1,  1100] loss: 0.127
[1,  1120] loss: 0.048
[1,  1140] loss: 0.056
[1,  1160] loss: 0.062
[1,  1180] loss: 0.040
[1,  1200] loss: 0.070
[1,  1220] loss: 0.066
[1,  1240] loss: 0.083
[1,  1260] loss: 0.052
[1,  1280] loss: 0.109
[1,  1300] loss: 0.097
[1,  1320] loss: 0.086
[1,  1340] loss: 0.042
[1,  1360] loss: 0.089
[1,  1380] loss: 0.077
[1,  1400] loss: 0.068
[1,  1420] loss: 0.128
[1,  1440] loss: 0.101
[1,  1460] loss: 0.094
[1,  1480] loss: 0.095
[1,  1500] loss: 0.090
[1,  1520] loss: 0.108
[1,  1540] loss: 0.124
[1,  1560] loss: 0.075
[1,  1580] loss: 0.095
[1,  1600] loss: 0.133
[1,  1620] loss: 0.112
[1,  1640] loss: 0.076
[1,  1660] loss: 0.099
[1,  1680] loss: 0.102
[1,  1700] loss: 0.165
[1,  1720] loss: 0.101
[1,  1740] loss: 0.114
[1,  1760] loss: 0.077
[1,  1780] loss: 0.073
[1,  1800] loss: 0.132
[1,  1820] loss: 0.055
[1,  1840] loss: 0.117
[1,  1860] loss: 0.060
[1,  1880] loss: 0.059
[1,  1900] loss: 0.066
[1,  1920] loss: 0.119
[1,  1940] loss: 0.033
[1,  1960] loss: 0.078
[1,  1980] loss: 0.093
[1,  2000] loss: 0.041
[1,  2020] loss: 0.065
[1,  2040] loss: 0.025
[1,  2060] loss: 0.086
[1,  2080] loss: 0.119
[1,  2100] loss: 0.093
[1,  2120] loss: 0.063
[1,  2140] loss: 0.098
[1,  2160] loss: 0.087
[1,  2180] loss: 0.075
[1,  2200] loss: 0.119
[1,  2220] loss: 0.149
[1,  2240] loss: 0.090
[1,  2260] loss: 0.081
[1,  2280] loss: 0.049
[1,  2300] loss: 0.101
[1,  2320] loss: 0.083
[1,  2340] loss: 0.072
[1,  2360] loss: 0.069
[1,  2380] loss: 0.036
[1,  2400] loss: 0.060
[1,  2420] loss: 0.047
[1,  2440] loss: 0.051
[1,  2460] loss: 0.079
[1,  2480] loss: 0.089
[1,  2500] loss: 0.055
[1,  2520] loss: 0.111
[1,  2540] loss: 0.073
[1,  2560] loss: 0.051
[1,  2580] loss: 0.062
[1,  2600] loss: 0.061
[1,  2620] loss: 0.104
[1,  2640] loss: 0.082
[1,  2660] loss: 0.060
[1,  2680] loss: 0.036
[1,  2700] loss: 0.042
[1,  2720] loss: 0.074
[1,  2740] loss: 0.067
[1,  2760] loss: 0.179
[1,  2780] loss: 0.083
[1,  2800] loss: 0.044
[1,  2820] loss: 0.071
[1,  2840] loss: 0.090
[1,  2860] loss: 0.082
[1,  2880] loss: 0.097
[1,  2900] loss: 0.052
[1,  2920] loss: 0.124
[1,  2940] loss: 0.082
[1,  2960] loss: 0.048
[1,  2980] loss: 0.045
[1,  3000] loss: 0.059
[1,  3020] loss: 0.088
[1,  3040] loss: 0.078
[1,  3060] loss: 0.051
[1,  3080] loss: 0.066
[1,  3100] loss: 0.054
[1,  3120] loss: 0.063
[1,  3140] loss: 0.076
[1,  3160] loss: 0.029
[1,  3180] loss: 0.029
[1,  3200] loss: 0.036
[1,  3220] loss: 0.079
[1,  3240] loss: 0.068
[1,  3260] loss: 0.070
[1,  3280] loss: 0.046
[1,  3300] loss: 0.134
[1,  3320] loss: 0.068
[1,  3340] loss: 0.119
[1,  3360] loss: 0.073
[1,  3380] loss: 0.116
[1,  3400] loss: 0.130
[1,  3420] loss: 0.126
[1,  3440] loss: 0.045
[1,  3460] loss: 0.093
[1,  3480] loss: 0.117
[1,  3500] loss: 0.083
[1,  3520] loss: 0.062
[1,  3540] loss: 0.066
[1,  3560] loss: 0.065
[1,  3580] loss: 0.086
[1,  3600] loss: 0.065
[1,  3620] loss: 0.073
[1,  3640] loss: 0.074
[1,  3660] loss: 0.098
[1,  3680] loss: 0.065
[1,  3700] loss: 0.043
[1,  3720] loss: 0.123
[1,  3740] loss: 0.172
[1,  3760] loss: 0.102
[1,  3780] loss: 0.080
[1,  3800] loss: 0.103
[1,  3820] loss: 0.040
[1,  3840] loss: 0.081
[1,  3860] loss: 0.070
[1,  3880] loss: 0.055
[1,  3900] loss: 0.127
[1,  3920] loss: 0.049
[1,  3940] loss: 0.045
[1,  3960] loss: 0.080
[1,  3980] loss: 0.087
[1,  4000] loss: 0.118
[1,  4020] loss: 3544.749
[1,  4040] loss: 788176.127
[1,  4060] loss: 137753.145
[1,  4080] loss: 53443.442
[1,  4100] loss: 1598.575
[1,  4120] loss: 503.605
[1,  4140] loss: 84.337
[1,  4160] loss: 48.509
[1,  4180] loss: 26.141
[1,  4200] loss: 24.515
[1,  4220] loss: 18.728
[1,  4240] loss: 15.228
[1,  4260] loss: 13.819
[1,  4280] loss: 12.535
[1,  4300] loss: 10.557
[1,  4320] loss: 13.895
[1,  4340] loss: 9.987
[1,  4360] loss: 7.746
[1,  4380] loss: 7.113
[1,  4400] loss: 9.548
[1,  4420] loss: 10.091
[1,  4440] loss: 7.266
[1,  4460] loss: 9.112
[1,  4480] loss: 5.790
[1,  4500] loss: 8.042
[1,  4520] loss: 8.072
[1,  4540] loss: 5.104
[1,  4560] loss: 5.170
[1,  4580] loss: 6.764
[1,  4600] loss: 5.071
[1,  4620] loss: 8.045
[1,  4640] loss: 4.453
[1,  4660] loss: 7.202
[1,  4680] loss: 6.883
[1,  4700] loss: 4.581
[1,  4720] loss: 5.199
[1,  4740] loss: 5.119
[1,  4760] loss: 4.480
[1,  4780] loss: 4.472
[1,  4800] loss: 4.605
[1,  4820] loss: 5.626
[1,  4840] loss: 4.480
[1,  4860] loss: 4.693
[1,  4880] loss: 5.096
[1,  4900] loss: 3.735
[1,  4920] loss: 4.577
[1,  4940] loss: 3.789
[1,  4960] loss: 4.163
[1,  4980] loss: 3.685
[1,  5000] loss: 4.191
[1,  5020] loss: 4.135
[1,  5040] loss: 3.219
[1,  5060] loss: 3.872
[1,  5080] loss: 2.921
[1,  5100] loss: 3.405
[1,  5120] loss: 3.547
[1,  5140] loss: 4.636
[1,  5160] loss: 3.403
[1,  5180] loss: 2.933
[1,  5200] loss: 3.477
[1,  5220] loss: 2.467
[1,  5240] loss: 2.935
[1,  5260] loss: 2.814
[1,  5280] loss: 3.115
[1,  5300] loss: 3.214
[1,  5320] loss: 2.960
[1,  5340] loss: 2.962
[1,  5360] loss: 3.212
[1,  5380] loss: 2.701
[1,  5400] loss: 2.877
[1,  5420] loss: 2.705
[1,  5440] loss: 2.329
[1,  5460] loss: 3.575
[1,  5480] loss: 2.805
[1,  5500] loss: 3.058
[1,  5520] loss: 2.769
[1,  5540] loss: 2.171
[1,  5560] loss: 3.123
[1,  5580] loss: 2.100
[1,  5600] loss: 2.146
[1,  5620] loss: 3.409
[1,  5640] loss: 2.347
[1,  5660] loss: 2.309
[1,  5680] loss: 1.929
[1,  5700] loss: 1.656
[1,  5720] loss: 1.933
[1,  5740] loss: 2.245
[1,  5760] loss: 2.823
[1,  5780] loss: 2.335
[1,  5800] loss: 1.627
[1,  5820] loss: 2.439
[1,  5840] loss: 1.957
[1,  5860] loss: 2.511
[1,  5880] loss: 2.404
[1,  5900] loss: 2.119
[1,  5920] loss: 2.475
[1,  5940] loss: 1.863
[1,  5960] loss: 2.390
[1,  5980] loss: 1.726
[1,  6000] loss: 1.977
[1,  6020] loss: 1.825
[1,  6040] loss: 2.100
[1,  6060] loss: 1.876
[1,  6080] loss: 1.920
[1,    20] loss: 1.801
[1,    40] loss: 3.016
[1,    60] loss: 2.207
[1,    80] loss: 1.895
[1,   100] loss: 1.756
[1,   120] loss: 1.638
[1,   140] loss: 1.497
[1,   160] loss: 1.442
[1,   180] loss: 1.327
[1,   200] loss: 1.457
[1,   220] loss: 1.730
[1,   240] loss: 1.603
[1,   260] loss: 1.735
[1,   280] loss: 1.786
[1,   300] loss: 1.818
[1,   320] loss: 1.863
[1,   340] loss: 1.840
[1,   360] loss: 1.789
[1,   380] loss: 1.778
[1,   400] loss: 1.732
[1,   420] loss: 1.657
[1,   440] loss: 1.633
[1,   460] loss: 1.591
[1,   480] loss: 1.553
[1,   500] loss: 1.532
[1,   520] loss: 1.516
[1,   540] loss: 1.545
[1,   560] loss: 1.525
[1,   580] loss: 1.516
[1,   600] loss: 1.495
[1,   620] loss: 1.459
[1,   640] loss: 1.434
[1,   660] loss: 1.449
