cuda:  0
color_space: YCbCr
batch_size: 5
num_epcochs: 1
learning_rate: 0.001
[1,    20] loss: 0.108
[1,    40] loss: 0.049
[1,    60] loss: 0.083
[1,    80] loss: 0.097
[1,   100] loss: 0.081
[1,   120] loss: 0.089
[1,   140] loss: 0.119
[1,   160] loss: 0.073
[1,   180] loss: 0.054
[1,   200] loss: 0.121
[1,   220] loss: 0.069
[1,   240] loss: 0.093
[1,   260] loss: 0.163
[1,   280] loss: 0.048
[1,   300] loss: 0.115
[1,   320] loss: 0.116
[1,   340] loss: 0.108
[1,   360] loss: 0.049
[1,   380] loss: 0.095
[1,   400] loss: 0.047
[1,   420] loss: 0.070
[1,   440] loss: 0.062
[1,   460] loss: 0.139
[1,   480] loss: 0.041
[1,   500] loss: 0.071
[1,   520] loss: 0.078
[1,   540] loss: 0.064
[1,   560] loss: 0.061
[1,   580] loss: 0.142
[1,   600] loss: 0.110
[1,   620] loss: 0.108
[1,   640] loss: 0.084
[1,   660] loss: 0.032
[1,   680] loss: 0.068
[1,   700] loss: 0.044
[1,   720] loss: 0.050
[1,   740] loss: 0.080
[1,   760] loss: 0.111
[1,   780] loss: 0.083
[1,   800] loss: 0.089
[1,   820] loss: 0.031
[1,   840] loss: 0.080
[1,   860] loss: 0.093
[1,   880] loss: 0.085
[1,   900] loss: 0.103
[1,   920] loss: 0.109
[1,   940] loss: 0.052
[1,   960] loss: 0.091
[1,   980] loss: 0.046
[1,  1000] loss: 0.138
[1,  1020] loss: 0.080
[1,  1040] loss: 0.138
[1,  1060] loss: 0.230
[1,  1080] loss: 2219.038
[1,  1100] loss: 18407.885
[1,  1120] loss: 64727.540
[1,  1140] loss: 11743.879
[1,  1160] loss: 433.922
[1,  1180] loss: 128.705
[1,  1200] loss: 12.607
[1,  1220] loss: 4.301
[1,  1240] loss: 3.754
[1,  1260] loss: 3.361
[1,  1280] loss: 2.092
[1,  1300] loss: 1.906
[1,  1320] loss: 1.614
[1,  1340] loss: 1.471
[1,  1360] loss: 1.598
[1,  1380] loss: 0.917
[1,  1400] loss: 0.990
[1,  1420] loss: 0.871
[1,  1440] loss: 0.763
[1,  1460] loss: 0.650
[1,  1480] loss: 0.529
[1,  1500] loss: 0.520
[1,  1520] loss: 0.659
[1,  1540] loss: 0.489
[1,  1560] loss: 0.399
[1,  1580] loss: 0.491
[1,  1600] loss: 0.337
[1,  1620] loss: 0.389
[1,  1640] loss: 0.476
[1,  1660] loss: 0.541
[1,  1680] loss: 0.432
[1,  1700] loss: 0.452
[1,  1720] loss: 0.459
[1,  1740] loss: 0.268
[1,  1760] loss: 0.262
[1,  1780] loss: 0.263
[1,  1800] loss: 0.362
[1,  1820] loss: 0.297
[1,  1840] loss: 0.226
[1,  1860] loss: 0.194
[1,  1880] loss: 0.252
[1,  1900] loss: 0.310
[1,  1920] loss: 0.232
[1,  1940] loss: 0.180
[1,  1960] loss: 0.270
[1,  1980] loss: 0.242
[1,  2000] loss: 0.284
[1,  2020] loss: 0.239
[1,  2040] loss: 0.486
[1,  2060] loss: 0.419
[1,  2080] loss: 0.313
[1,  2100] loss: 0.221
[1,  2120] loss: 0.193
[1,  2140] loss: 0.186
[1,  2160] loss: 0.322
[1,  2180] loss: 0.313
[1,  2200] loss: 0.205
[1,  2220] loss: 0.207
[1,  2240] loss: 0.220
[1,  2260] loss: 0.202
[1,  2280] loss: 0.489
[1,  2300] loss: 0.366
[1,  2320] loss: 0.309
[1,  2340] loss: 0.337
[1,  2360] loss: 0.177
[1,  2380] loss: 0.312
[1,  2400] loss: 0.287
[1,  2420] loss: 0.218
[1,  2440] loss: 0.131
[1,  2460] loss: 0.128
[1,  2480] loss: 0.118
[1,  2500] loss: 0.309
[1,  2520] loss: 0.161
[1,  2540] loss: 0.202
[1,  2560] loss: 0.476
[1,  2580] loss: 0.222
[1,  2600] loss: 0.292
[1,  2620] loss: 0.416
[1,  2640] loss: 0.169
[1,  2660] loss: 0.150
[1,  2680] loss: 0.254
[1,  2700] loss: 0.192
[1,  2720] loss: 0.185
[1,  2740] loss: 0.096
[1,  2760] loss: 0.215
[1,  2780] loss: 0.231
[1,  2800] loss: 0.182
[1,  2820] loss: 0.264
[1,  2840] loss: 0.326
[1,  2860] loss: 0.121
[1,  2880] loss: 0.201
[1,  2900] loss: 0.517
[1,  2920] loss: 0.279
[1,  2940] loss: 0.177
[1,  2960] loss: 0.143
[1,  2980] loss: 0.115
[1,  3000] loss: 0.285
[1,  3020] loss: 0.114
[1,  3040] loss: 0.163
[1,  3060] loss: 0.259
[1,  3080] loss: 0.136
[1,  3100] loss: 0.175
[1,  3120] loss: 0.135
[1,  3140] loss: 0.160
[1,  3160] loss: 0.328
[1,  3180] loss: 0.521
[1,  3200] loss: 0.715
[1,  3220] loss: 0.307
[1,  3240] loss: 0.560
[1,  3260] loss: 0.143
[1,  3280] loss: 0.151
[1,  3300] loss: 0.181
[1,  3320] loss: 0.141
[1,  3340] loss: 0.173
[1,  3360] loss: 0.122
[1,  3380] loss: 0.160
[1,  3400] loss: 0.203
[1,  3420] loss: 0.209
[1,  3440] loss: 0.333
[1,  3460] loss: 0.216
[1,  3480] loss: 0.178
[1,  3500] loss: 0.145
[1,  3520] loss: 0.245
[1,  3540] loss: 0.262
[1,  3560] loss: 0.524
[1,  3580] loss: 0.277
[1,  3600] loss: 0.364
[1,  3620] loss: 0.331
[1,  3640] loss: 0.461
[1,  3660] loss: 0.733
[1,  3680] loss: 0.663
[1,  3700] loss: 0.673
[1,  3720] loss: 0.249
[1,  3740] loss: 0.312
[1,  3760] loss: 0.245
[1,  3780] loss: 0.180
[1,  3800] loss: 0.160
[1,  3820] loss: 0.117
[1,  3840] loss: 0.735
[1,  3860] loss: 1.865
[1,  3880] loss: 1.509
[1,  3900] loss: 0.255
[1,  3920] loss: 0.206
[1,  3940] loss: 0.216
[1,  3960] loss: 0.362
[1,  3980] loss: 0.451
[1,  4000] loss: 0.418
[1,  4020] loss: 0.210
[1,  4040] loss: 0.671
[1,  4060] loss: 0.624
[1,  4080] loss: 0.583
[1,  4100] loss: 0.454
[1,  4120] loss: 0.447
[1,  4140] loss: 0.117
[1,  4160] loss: 0.323
[1,  4180] loss: 0.804
[1,  4200] loss: 1.150
[1,  4220] loss: 1.393
[1,  4240] loss: 1.415
[1,  4260] loss: 0.714
[1,  4280] loss: 0.462
[1,  4300] loss: 0.233
[1,  4320] loss: 0.269
[1,  4340] loss: 0.151
[1,  4360] loss: 0.176
[1,  4380] loss: 0.207
[1,  4400] loss: 0.293
[1,  4420] loss: 2.854
[1,  4440] loss: 14.587
[1,  4460] loss: 12.270
[1,  4480] loss: 3.095
[1,  4500] loss: 1.686
[1,  4520] loss: 0.509
[1,  4540] loss: 0.141
[1,  4560] loss: 0.111
[1,  4580] loss: 0.075
[1,  4600] loss: 0.183
[1,  4620] loss: 0.150
[1,  4640] loss: 0.071
[1,  4660] loss: 0.285
[1,  4680] loss: 0.227
[1,  4700] loss: 0.314
[1,  4720] loss: 0.182
[1,  4740] loss: 0.179
[1,  4760] loss: 1.112
[1,  4780] loss: 1.100
[1,  4800] loss: 0.378
[1,  4820] loss: 0.292
[1,  4840] loss: 0.518
[1,  4860] loss: 0.391
[1,  4880] loss: 0.275
[1,  4900] loss: 0.133
[1,  4920] loss: 0.130
[1,  4940] loss: 0.164
[1,  4960] loss: 0.101
[1,  4980] loss: 0.077
[1,  5000] loss: 0.071
[1,  5020] loss: 0.168
[1,  5040] loss: 0.097
[1,  5060] loss: 0.110
[1,  5080] loss: 0.100
[1,  5100] loss: 0.164
[1,  5120] loss: 0.107
[1,  5140] loss: 0.150
[1,  5160] loss: 0.192
[1,  5180] loss: 0.148
[1,  5200] loss: 0.100
[1,  5220] loss: 0.173
[1,  5240] loss: 0.178
[1,  5260] loss: 0.069
[1,  5280] loss: 0.076
[1,  5300] loss: 0.157
[1,  5320] loss: 0.251
[1,  5340] loss: 0.433
[1,  5360] loss: 0.375
[1,  5380] loss: 0.682
[1,  5400] loss: 0.417
[1,  5420] loss: 0.215
[1,  5440] loss: 0.199
[1,  5460] loss: 0.183
[1,  5480] loss: 0.181
[1,  5500] loss: 0.163
[1,  5520] loss: 0.329
[1,  5540] loss: 0.204
[1,  5560] loss: 0.497
[1,  5580] loss: 0.424
[1,  5600] loss: 0.255
[1,  5620] loss: 0.214
[1,  5640] loss: 0.192
[1,  5660] loss: 0.159
[1,  5680] loss: 0.144
[1,  5700] loss: 0.137
[1,  5720] loss: 0.210
[1,  5740] loss: 0.389
[1,  5760] loss: 0.190
[1,  5780] loss: 0.173
[1,  5800] loss: 0.096
[1,  5820] loss: 0.305
[1,  5840] loss: 0.319
[1,  5860] loss: 0.311
[1,  5880] loss: 0.268
[1,  5900] loss: 0.119
[1,  5920] loss: 0.207
[1,  5940] loss: 0.337
[1,  5960] loss: 0.311
[1,  5980] loss: 0.203
[1,  6000] loss: 0.311
[1,  6020] loss: 0.251
[1,  6040] loss: 0.218
[1,  6060] loss: 0.249
[1,  6080] loss: 0.223
[1,    20] loss: 0.089
[1,    40] loss: 0.072
[1,    60] loss: 0.075
[1,    80] loss: 0.109
[1,   100] loss: 0.102
[1,   120] loss: 0.089
[1,   140] loss: 0.081
[1,   160] loss: 0.072
[1,   180] loss: 0.065
[1,   200] loss: 0.060
[1,   220] loss: 0.056
[1,   240] loss: 0.053
[1,   260] loss: 0.049
[1,   280] loss: 0.047
[1,   300] loss: 0.045
[1,   320] loss: 0.043
[1,   340] loss: 0.040
[1,   360] loss: 0.038
[1,   380] loss: 0.037
[1,   400] loss: 0.036
[1,   420] loss: 0.035
[1,   440] loss: 0.034
[1,   460] loss: 0.033
[1,   480] loss: 0.033
[1,   500] loss: 0.031
[1,   520] loss: 0.031
[1,   540] loss: 0.031
[1,   560] loss: 0.031
[1,   580] loss: 0.031
[1,   600] loss: 0.031
[1,   620] loss: 0.032
[1,   640] loss: 0.032
[1,   660] loss: 0.033
