cuda:  7
color_space: YCbCr
batch_size: 5
num_epcochs: 1
learning_rate: 0.002
[1,    20] loss: 0.179
[1,    40] loss: 0.138
[1,    60] loss: 0.109
[1,    80] loss: 0.077
[1,   100] loss: 0.122
[1,   120] loss: 0.083
[1,   140] loss: 0.088
[1,   160] loss: 0.043
[1,   180] loss: 0.065
[1,   200] loss: 0.066
[1,   220] loss: 0.081
[1,   240] loss: 0.086
[1,   260] loss: 0.098
[1,   280] loss: 0.124
[1,   300] loss: 0.125
[1,   320] loss: 0.155
[1,   340] loss: 0.100
[1,   360] loss: 0.133
[1,   380] loss: 0.093
[1,   400] loss: 0.052
[1,   420] loss: 0.127
[1,   440] loss: 0.071
[1,   460] loss: 0.230
[1,   480] loss: 4806.857
[1,   500] loss: 167386.111
[1,   520] loss: 49965.981
[1,   540] loss: 4362.999
[1,   560] loss: 322.470
[1,   580] loss: 53.666
[1,   600] loss: 13.870
[1,   620] loss: 6.217
[1,   640] loss: 4.818
[1,   660] loss: 4.078
[1,   680] loss: 2.858
[1,   700] loss: 2.200
[1,   720] loss: 2.032
[1,   740] loss: 1.611
[1,   760] loss: 1.494
[1,   780] loss: 1.492
[1,   800] loss: 1.439
[1,   820] loss: 0.871
[1,   840] loss: 1.406
[1,   860] loss: 0.958
[1,   880] loss: 0.956
[1,   900] loss: 0.952
[1,   920] loss: 0.747
[1,   940] loss: 0.782
[1,   960] loss: 0.786
[1,   980] loss: 0.988
[1,  1000] loss: 0.819
[1,  1020] loss: 0.565
[1,  1040] loss: 0.564
[1,  1060] loss: 0.617
[1,  1080] loss: 0.625
[1,  1100] loss: 0.442
[1,  1120] loss: 0.467
[1,  1140] loss: 0.555
[1,  1160] loss: 0.661
[1,  1180] loss: 0.555
[1,  1200] loss: 0.463
[1,  1220] loss: 0.439
[1,  1240] loss: 0.420
[1,  1260] loss: 0.544
[1,  1280] loss: 0.448
[1,  1300] loss: 0.280
[1,  1320] loss: 0.371
[1,  1340] loss: 0.336
[1,  1360] loss: 0.295
[1,  1380] loss: 0.284
[1,  1400] loss: 0.221
[1,  1420] loss: 0.367
[1,  1440] loss: 0.290
[1,  1460] loss: 0.323
[1,  1480] loss: 0.258
[1,  1500] loss: 0.180
[1,  1520] loss: 0.218
[1,  1540] loss: 0.263
[1,  1560] loss: 0.211
[1,  1580] loss: 0.208
[1,  1600] loss: 0.248
[1,  1620] loss: 0.283
[1,  1640] loss: 0.259
[1,  1660] loss: 0.307
[1,  1680] loss: 0.314
[1,  1700] loss: 0.187
[1,  1720] loss: 0.227
[1,  1740] loss: 0.272
[1,  1760] loss: 0.295
[1,  1780] loss: 0.229
[1,  1800] loss: 0.191
[1,  1820] loss: 0.130
[1,  1840] loss: 0.156
[1,  1860] loss: 0.195
[1,  1880] loss: 0.219
[1,  1900] loss: 0.155
[1,  1920] loss: 0.172
[1,  1940] loss: 0.160
[1,  1960] loss: 0.165
[1,  1980] loss: 0.205
[1,  2000] loss: 0.198
[1,  2020] loss: 0.236
[1,  2040] loss: 0.167
[1,  2060] loss: 0.163
[1,  2080] loss: 0.216
[1,  2100] loss: 0.222
[1,  2120] loss: 0.164
[1,  2140] loss: 0.182
[1,  2160] loss: 0.144
[1,  2180] loss: 0.269
[1,  2200] loss: 0.147
[1,  2220] loss: 0.182
[1,  2240] loss: 0.110
[1,  2260] loss: 0.128
[1,  2280] loss: 0.186
[1,  2300] loss: 0.269
[1,  2320] loss: 0.242
[1,  2340] loss: 0.256
[1,  2360] loss: 0.133
[1,  2380] loss: 0.185
[1,  2400] loss: 0.268
[1,  2420] loss: 0.188
[1,  2440] loss: 0.286
[1,  2460] loss: 0.170
[1,  2480] loss: 0.160
[1,  2500] loss: 0.135
[1,  2520] loss: 0.147
[1,  2540] loss: 0.134
[1,  2560] loss: 0.134
[1,  2580] loss: 0.128
[1,  2600] loss: 0.175
[1,  2620] loss: 0.142
[1,  2640] loss: 0.117
[1,  2660] loss: 0.170
[1,  2680] loss: 0.374
[1,  2700] loss: 0.287
[1,  2720] loss: 0.263
[1,  2740] loss: 0.210
[1,  2760] loss: 0.100
[1,  2780] loss: 0.143
[1,  2800] loss: 0.104
[1,  2820] loss: 0.157
[1,  2840] loss: 0.265
[1,  2860] loss: 0.192
[1,  2880] loss: 0.299
[1,  2900] loss: 0.184
[1,  2920] loss: 0.163
[1,  2940] loss: 0.255
[1,  2960] loss: 0.199
[1,  2980] loss: 0.138
[1,  3000] loss: 0.220
[1,  3020] loss: 0.158
[1,  3040] loss: 0.148
[1,  3060] loss: 0.209
[1,  3080] loss: 0.099
[1,  3100] loss: 0.178
[1,  3120] loss: 0.125
[1,  3140] loss: 0.156
[1,  3160] loss: 0.133
[1,  3180] loss: 0.237
[1,  3200] loss: 0.142
[1,  3220] loss: 0.152
[1,  3240] loss: 0.218
[1,  3260] loss: 0.207
[1,  3280] loss: 0.224
[1,  3300] loss: 0.281
[1,  3320] loss: 0.203
[1,  3340] loss: 0.201
[1,  3360] loss: 0.378
[1,  3380] loss: 0.578
[1,  3400] loss: 0.430
[1,  3420] loss: 0.262
[1,  3440] loss: 0.288
[1,  3460] loss: 0.335
[1,  3480] loss: 0.230
[1,  3500] loss: 0.181
[1,  3520] loss: 0.167
[1,  3540] loss: 0.218
[1,  3560] loss: 0.156
[1,  3580] loss: 0.108
[1,  3600] loss: 0.107
[1,  3620] loss: 0.117
[1,  3640] loss: 0.078
[1,  3660] loss: 0.205
[1,  3680] loss: 0.135
[1,  3700] loss: 0.181
[1,  3720] loss: 0.132
[1,  3740] loss: 0.255
[1,  3760] loss: 0.129
[1,  3780] loss: 0.359
[1,  3800] loss: 0.278
[1,  3820] loss: 0.287
[1,  3840] loss: 0.544
[1,  3860] loss: 0.312
[1,  3880] loss: 0.318
[1,  3900] loss: 0.185
[1,  3920] loss: 0.258
[1,  3940] loss: 0.635
[1,  3960] loss: 0.408
[1,  3980] loss: 0.444
[1,  4000] loss: 1.371
[1,  4020] loss: 0.721
[1,  4040] loss: 0.826
[1,  4060] loss: 1.998
[1,  4080] loss: 3.656
[1,  4100] loss: 9.345
[1,  4120] loss: 14.787
[1,  4140] loss: 11.084
[1,  4160] loss: 2.296
[1,  4180] loss: 0.957
[1,  4200] loss: 1.236
[1,  4220] loss: 0.421
[1,  4240] loss: 0.344
[1,  4260] loss: 0.213
[1,  4280] loss: 0.166
[1,  4300] loss: 0.105
[1,  4320] loss: 0.107
[1,  4340] loss: 0.146
[1,  4360] loss: 0.307
[1,  4380] loss: 0.338
[1,  4400] loss: 0.203
[1,  4420] loss: 0.156
[1,  4440] loss: 0.278
[1,  4460] loss: 0.259
[1,  4480] loss: 0.128
[1,  4500] loss: 0.110
[1,  4520] loss: 0.158
[1,  4540] loss: 0.101
[1,  4560] loss: 0.095
[1,  4580] loss: 0.142
[1,  4600] loss: 0.088
[1,  4620] loss: 0.081
[1,  4640] loss: 0.178
[1,  4660] loss: 0.246
[1,  4680] loss: 0.162
[1,  4700] loss: 0.171
[1,  4720] loss: 0.136
[1,  4740] loss: 0.192
[1,  4760] loss: 0.476
[1,  4780] loss: 0.328
[1,  4800] loss: 0.170
[1,  4820] loss: 0.329
[1,  4840] loss: 0.484
[1,  4860] loss: 0.412
[1,  4880] loss: 0.207
[1,  4900] loss: 0.245
[1,  4920] loss: 0.147
[1,  4940] loss: 0.109
[1,  4960] loss: 0.162
[1,  4980] loss: 0.201
[1,  5000] loss: 1.128
[1,  5020] loss: 0.698
[1,  5040] loss: 0.298
[1,  5060] loss: 0.095
[1,  5080] loss: 0.211
[1,  5100] loss: 0.106
[1,  5120] loss: 0.084
[1,  5140] loss: 0.085
[1,  5160] loss: 0.150
[1,  5180] loss: 0.087
[1,  5200] loss: 0.105
[1,  5220] loss: 0.117
[1,  5240] loss: 0.201
[1,  5260] loss: 0.165
[1,  5280] loss: 0.197
[1,  5300] loss: 0.176
[1,  5320] loss: 0.169
[1,  5340] loss: 0.196
[1,  5360] loss: 0.299
[1,  5380] loss: 0.194
[1,  5400] loss: 0.367
[1,  5420] loss: 0.456
[1,  5440] loss: 0.489
[1,  5460] loss: 0.946
[1,  5480] loss: 0.199
[1,  5500] loss: 0.168
[1,  5520] loss: 0.120
[1,  5540] loss: 0.148
[1,  5560] loss: 0.186
[1,  5580] loss: 0.147
[1,  5600] loss: 0.329
[1,  5620] loss: 0.349
[1,  5640] loss: 0.162
[1,  5660] loss: 0.157
[1,  5680] loss: 0.107
[1,  5700] loss: 0.131
[1,  5720] loss: 0.186
[1,  5740] loss: 0.199
[1,  5760] loss: 0.090
[1,  5780] loss: 0.131
[1,  5800] loss: 0.162
[1,  5820] loss: 0.231
[1,  5840] loss: 0.213
[1,  5860] loss: 0.267
[1,  5880] loss: 0.172
[1,  5900] loss: 0.137
[1,  5920] loss: 0.220
[1,  5940] loss: 0.187
[1,  5960] loss: 0.488
[1,  5980] loss: 0.574
[1,  6000] loss: 0.405
[1,  6020] loss: 0.148
[1,  6040] loss: 0.198
[1,  6060] loss: 0.189
[1,  6080] loss: 0.425
[1,    20] loss: 0.029
[1,    40] loss: 0.021
[1,    60] loss: 0.022
[1,    80] loss: 0.021
[1,   100] loss: 0.019
[1,   120] loss: 0.029
[1,   140] loss: 0.066
[1,   160] loss: 0.084
[1,   180] loss: 0.095
[1,   200] loss: 0.105
[1,   220] loss: 0.126
[1,   240] loss: 0.134
[1,   260] loss: 0.146
[1,   280] loss: 0.159
[1,   300] loss: 0.162
[1,   320] loss: 0.162
[1,   340] loss: 0.163
[1,   360] loss: 0.164
[1,   380] loss: 0.174
[1,   400] loss: 0.183
[1,   420] loss: 0.198
[1,   440] loss: 0.198
[1,   460] loss: 0.193
[1,   480] loss: 0.186
[1,   500] loss: 0.181
[1,   520] loss: 0.187
[1,   540] loss: 0.188
[1,   560] loss: 0.189
[1,   580] loss: 0.190
[1,   600] loss: 0.187
[1,   620] loss: 0.181
[1,   640] loss: 0.177
[1,   660] loss: 0.172
