cuda:  6
color_space: YCbCr
batch_size: 5
num_epcochs: 1
learning_rate: 0.002
[1,    20] loss: 0.594
[1,    40] loss: 2.442
[1,    60] loss: 1.200
[1,    80] loss: 0.370
[1,   100] loss: 0.058
[1,   120] loss: 0.092
[1,   140] loss: 0.042
[1,   160] loss: 0.056
[1,   180] loss: 0.056
[1,   200] loss: 0.075
[1,   220] loss: 0.050
[1,   240] loss: 0.053
[1,   260] loss: 0.132
[1,   280] loss: 0.111
[1,   300] loss: 0.077
[1,   320] loss: 0.029
[1,   340] loss: 0.075
[1,   360] loss: 0.084
[1,   380] loss: 0.079
[1,   400] loss: 0.084
[1,   420] loss: 0.123
[1,   440] loss: 0.103
[1,   460] loss: 0.104
[1,   480] loss: 0.097
[1,   500] loss: 0.055
[1,   520] loss: 0.045
[1,   540] loss: 0.069
[1,   560] loss: 0.102
[1,   580] loss: 0.087
[1,   600] loss: 0.053
[1,   620] loss: 0.039
[1,   640] loss: 0.058
[1,   660] loss: 0.080
[1,   680] loss: 0.062
[1,   700] loss: 0.064
[1,   720] loss: 0.047
[1,   740] loss: 0.065
[1,   760] loss: 0.060
[1,   780] loss: 0.034
[1,   800] loss: 0.045
[1,   820] loss: 0.054
[1,   840] loss: 0.096
[1,   860] loss: 0.073
[1,   880] loss: 0.033
[1,   900] loss: 0.126
[1,   920] loss: 0.047
[1,   940] loss: 0.044
[1,   960] loss: 0.038
[1,   980] loss: 0.096
[1,  1000] loss: 0.048
[1,  1020] loss: 0.092
[1,  1040] loss: 0.064
[1,  1060] loss: 0.063
[1,  1080] loss: 0.081
[1,  1100] loss: 0.095
[1,  1120] loss: 0.024
[1,  1140] loss: 0.065
[1,  1160] loss: 0.090
[1,  1180] loss: 0.079
[1,  1200] loss: 0.112
[1,  1220] loss: 0.047
[1,  1240] loss: 0.095
[1,  1260] loss: 0.032
[1,  1280] loss: 0.054
[1,  1300] loss: 0.035
[1,  1320] loss: 0.083
[1,  1340] loss: 0.091
[1,  1360] loss: 0.034
[1,  1380] loss: 0.077
[1,  1400] loss: 0.131
[1,  1420] loss: 0.091
[1,  1440] loss: 0.065
[1,  1460] loss: 0.066
[1,  1480] loss: 0.087
[1,  1500] loss: 0.074
[1,  1520] loss: 0.050
[1,  1540] loss: 0.079
[1,  1560] loss: 0.052
[1,  1580] loss: 0.069
[1,  1600] loss: 0.059
[1,  1620] loss: 0.059
[1,  1640] loss: 0.071
[1,  1660] loss: 0.040
[1,  1680] loss: 0.050
[1,  1700] loss: 0.078
[1,  1720] loss: 0.066
[1,  1740] loss: 0.051
[1,  1760] loss: 0.074
[1,  1780] loss: 0.069
[1,  1800] loss: 0.038
[1,  1820] loss: 0.070
[1,  1840] loss: 0.038
[1,  1860] loss: 0.042
[1,  1880] loss: 0.107
[1,  1900] loss: 0.061
[1,  1920] loss: 0.055
[1,  1940] loss: 0.035
[1,  1960] loss: 0.046
[1,  1980] loss: 0.066
[1,  2000] loss: 0.034
[1,  2020] loss: 0.043
[1,  2040] loss: 0.064
[1,  2060] loss: 0.070
[1,  2080] loss: 0.057
[1,  2100] loss: 0.119
[1,  2120] loss: 0.072
[1,  2140] loss: 0.034
[1,  2160] loss: 0.131
[1,  2180] loss: 0.033
[1,  2200] loss: 0.051
[1,  2220] loss: 0.072
[1,  2240] loss: 0.050
[1,  2260] loss: 0.044
[1,  2280] loss: 0.060
[1,  2300] loss: 0.051
[1,  2320] loss: 0.055
[1,  2340] loss: 0.081
[1,  2360] loss: 0.078
[1,  2380] loss: 0.067
[1,  2400] loss: 0.081
[1,  2420] loss: 0.080
[1,  2440] loss: 0.063
[1,  2460] loss: 0.083
[1,  2480] loss: 0.075
[1,  2500] loss: 0.163
[1,  2520] loss: 0.098
[1,  2540] loss: 0.054
[1,  2560] loss: 0.084
[1,  2580] loss: 0.068
[1,  2600] loss: 0.065
[1,  2620] loss: 0.050
[1,  2640] loss: 0.035
[1,  2660] loss: 0.036
[1,  2680] loss: 0.101
[1,  2700] loss: 0.091
[1,  2720] loss: 0.025
[1,  2740] loss: 0.050
[1,  2760] loss: 0.079
[1,  2780] loss: 0.050
[1,  2800] loss: 0.041
[1,  2820] loss: 0.049
[1,  2840] loss: 0.059
[1,  2860] loss: 0.062
[1,  2880] loss: 0.038
[1,  2900] loss: 0.062
[1,  2920] loss: 0.040
[1,  2940] loss: 0.046
[1,  2960] loss: 0.087
[1,  2980] loss: 0.071
[1,  3000] loss: 0.038
[1,  3020] loss: 0.067
[1,  3040] loss: 0.057
[1,  3060] loss: 0.116
[1,  3080] loss: 0.114
[1,  3100] loss: 0.058
[1,  3120] loss: 0.037
[1,  3140] loss: 0.047
[1,  3160] loss: 0.075
[1,  3180] loss: 0.070
[1,  3200] loss: 0.036
[1,  3220] loss: 0.074
[1,  3240] loss: 0.058
[1,  3260] loss: 0.082
[1,  3280] loss: 0.063
[1,  3300] loss: 0.045
[1,  3320] loss: 0.036
[1,  3340] loss: 0.043
[1,  3360] loss: 0.053
[1,  3380] loss: 0.058
[1,  3400] loss: 0.048
[1,  3420] loss: 0.071
[1,  3440] loss: 0.055
[1,  3460] loss: 0.087
[1,  3480] loss: 0.131
[1,  3500] loss: 0.076
[1,  3520] loss: 0.057
[1,  3540] loss: 0.034
[1,  3560] loss: 0.101
[1,  3580] loss: 0.100
[1,  3600] loss: 0.065
[1,  3620] loss: 0.071
[1,  3640] loss: 0.080
[1,  3660] loss: 0.109
[1,  3680] loss: 0.074
[1,  3700] loss: 0.021
[1,  3720] loss: 0.070
[1,  3740] loss: 0.123
[1,  3760] loss: 0.058
[1,  3780] loss: 0.079
[1,  3800] loss: 0.134
[1,  3820] loss: 0.104
[1,  3840] loss: 0.076
[1,  3860] loss: 0.102
[1,  3880] loss: 0.114
[1,  3900] loss: 0.117
[1,  3920] loss: 0.064
[1,  3940] loss: 0.066
[1,  3960] loss: 0.068
[1,  3980] loss: 0.079
[1,  4000] loss: 0.091
[1,  4020] loss: 0.038
[1,  4040] loss: 0.075
[1,  4060] loss: 0.094
[1,  4080] loss: 0.031
[1,  4100] loss: 0.103
[1,  4120] loss: 0.043
[1,  4140] loss: 0.091
[1,  4160] loss: 0.066
[1,  4180] loss: 0.076
[1,  4200] loss: 0.053
[1,  4220] loss: 0.080
[1,  4240] loss: 0.084
[1,  4260] loss: 0.084
[1,  4280] loss: 0.097
[1,  4300] loss: 0.064
[1,  4320] loss: 0.056
[1,  4340] loss: 0.063
[1,  4360] loss: 0.060
[1,  4380] loss: 0.125
[1,  4400] loss: 0.039
[1,  4420] loss: 0.057
[1,  4440] loss: 0.062
[1,  4460] loss: 0.105
[1,  4480] loss: 0.084
[1,  4500] loss: 0.093
[1,  4520] loss: 0.082
[1,  4540] loss: 0.085
[1,  4560] loss: 0.050
[1,  4580] loss: 0.078
[1,  4600] loss: 0.069
[1,  4620] loss: 0.059
[1,  4640] loss: 0.026
[1,  4660] loss: 0.116
[1,  4680] loss: 0.108
[1,  4700] loss: 0.057
[1,  4720] loss: 0.057
[1,  4740] loss: 0.067
[1,  4760] loss: 0.107
[1,  4780] loss: 0.089
[1,  4800] loss: 0.042
[1,  4820] loss: 0.097
[1,  4840] loss: 0.113
[1,  4860] loss: 0.097
[1,  4880] loss: 0.085
[1,  4900] loss: 0.104
[1,  4920] loss: 0.068
[1,  4940] loss: 0.070
[1,  4960] loss: 0.107
[1,  4980] loss: 0.094
[1,  5000] loss: 0.050
[1,  5020] loss: 0.091
[1,  5040] loss: 0.057
[1,  5060] loss: 0.048
[1,  5080] loss: 0.088
[1,  5100] loss: 0.122
[1,  5120] loss: 0.081
[1,  5140] loss: 0.082
[1,  5160] loss: 0.048
[1,  5180] loss: 0.102
[1,  5200] loss: 0.094
[1,  5220] loss: 0.065
[1,  5240] loss: 0.071
[1,  5260] loss: 0.054
[1,  5280] loss: 0.127
[1,  5300] loss: 0.054
[1,  5320] loss: 0.051
[1,  5340] loss: 0.088
[1,  5360] loss: 0.059
[1,  5380] loss: 0.067
[1,  5400] loss: 0.123
[1,  5420] loss: 0.073
[1,  5440] loss: 0.058
[1,  5460] loss: 0.077
[1,  5480] loss: 0.057
[1,  5500] loss: 0.116
[1,  5520] loss: 0.069
[1,  5540] loss: 0.091
[1,  5560] loss: 0.052
[1,  5580] loss: 0.094
[1,  5600] loss: 2372712.215
[1,  5620] loss: 4527785257.188
[1,  5640] loss: 2701019277.850
[1,  5660] loss: 5304558009.600
[1,  5680] loss: 321435429.900
[1,  5700] loss: 11740106.262
[1,  5720] loss: 2884879.444
[1,  5740] loss: 1421425.775
[1,  5760] loss: 983637.565
[1,  5780] loss: 948085.311
[1,  5800] loss: 628801.255
[1,  5820] loss: 427640.832
[1,  5840] loss: 339902.199
[1,  5860] loss: 388370.727
[1,  5880] loss: 408728.874
[1,  5900] loss: 301930.905
[1,  5920] loss: 264040.723
[1,  5940] loss: 215220.212
[1,  5960] loss: 183472.611
[1,  5980] loss: 240108.422
[1,  6000] loss: 208846.097
[1,  6020] loss: 173689.461
[1,  6040] loss: 188135.918
[1,  6060] loss: 191345.554
[1,  6080] loss: 179255.337
[1,    20] loss: 303176.174
[1,    40] loss: 263167.108
[1,    60] loss: 333250.867
[1,    80] loss: 254524.329
[1,   100] loss: 208136.850
[1,   120] loss: 177875.600
[1,   140] loss: 189466.055
[1,   160] loss: 183924.886
[1,   180] loss: 172614.603
[1,   200] loss: 158342.017
[1,   220] loss: 174719.513
[1,   240] loss: 191174.263
[1,   260] loss: 178335.381
[1,   280] loss: 166412.222
[1,   300] loss: 156277.799
[1,   320] loss: 150511.520
[1,   340] loss: 144306.825
[1,   360] loss: 137245.621
[1,   380] loss: 145958.806
[1,   400] loss: 177565.359
[1,   420] loss: 197599.830
[1,   440] loss: 202311.012
[1,   460] loss: 204130.011
[1,   480] loss: 201803.926
[1,   500] loss: 197559.407
[1,   520] loss: 192396.553
[1,   540] loss: 191788.982
[1,   560] loss: 191682.104
[1,   580] loss: 193637.082
[1,   600] loss: 195774.412
[1,   620] loss: 190544.524
[1,   640] loss: 185522.162
[1,   660] loss: 184552.882
