cuda:  0
color_space: YCbCr
batch_size: 5
num_epcochs: 1
learning_rate: 0.003
[1,    20] loss: 7.926
[1,    40] loss: 2.650
[1,    60] loss: 0.514
[1,    80] loss: 0.089
[1,   100] loss: 0.091
[1,   120] loss: 0.084
[1,   140] loss: 0.076
[1,   160] loss: 0.066
[1,   180] loss: 0.121
[1,   200] loss: 0.159
[1,   220] loss: 0.076
[1,   240] loss: 0.056
[1,   260] loss: 0.084
[1,   280] loss: 0.109
[1,   300] loss: 0.072
[1,   320] loss: 0.115
[1,   340] loss: 0.077
[1,   360] loss: 0.059
[1,   380] loss: 0.089
[1,   400] loss: 0.045
[1,   420] loss: 0.069
[1,   440] loss: 0.048
[1,   460] loss: 0.127
[1,   480] loss: 0.046
[1,   500] loss: 0.135
[1,   520] loss: 0.063
[1,   540] loss: 0.050
[1,   560] loss: 0.078
[1,   580] loss: 0.124
[1,   600] loss: 0.051
[1,   620] loss: 0.065
[1,   640] loss: 0.070
[1,   660] loss: 0.127
[1,   680] loss: 0.048
[1,   700] loss: 0.119
[1,   720] loss: 0.062
[1,   740] loss: 0.091
[1,   760] loss: 0.088
[1,   780] loss: 0.096
[1,   800] loss: 0.032
[1,   820] loss: 0.039
[1,   840] loss: 0.077
[1,   860] loss: 0.103
[1,   880] loss: 0.067
[1,   900] loss: 0.045
[1,   920] loss: 0.090
[1,   940] loss: 0.075
[1,   960] loss: 0.032
[1,   980] loss: 0.089
[1,  1000] loss: 0.033
[1,  1020] loss: 0.063
[1,  1040] loss: 0.045
[1,  1060] loss: 0.053
[1,  1080] loss: 0.030
[1,  1100] loss: 0.091
[1,  1120] loss: 0.036
[1,  1140] loss: 0.146
[1,  1160] loss: 0.061
[1,  1180] loss: 0.040
[1,  1200] loss: 0.055
[1,  1220] loss: 0.071
[1,  1240] loss: 0.045
[1,  1260] loss: 0.042
[1,  1280] loss: 0.097
[1,  1300] loss: 0.118
[1,  1320] loss: 0.068
[1,  1340] loss: 0.069
[1,  1360] loss: 0.055
[1,  1380] loss: 0.054
[1,  1400] loss: 0.045
[1,  1420] loss: 0.052
[1,  1440] loss: 0.059
[1,  1460] loss: 0.054
[1,  1480] loss: 0.152
[1,  1500] loss: 0.055
[1,  1520] loss: 0.103
[1,  1540] loss: 0.082
[1,  1560] loss: 0.049
[1,  1580] loss: 0.053
[1,  1600] loss: 0.100
[1,  1620] loss: 0.119
[1,  1640] loss: 0.054
[1,  1660] loss: 0.043
[1,  1680] loss: 0.065
[1,  1700] loss: 0.096
[1,  1720] loss: 0.048
[1,  1740] loss: 0.125
[1,  1760] loss: 0.076
[1,  1780] loss: 0.061
[1,  1800] loss: 0.039
[1,  1820] loss: 0.053
[1,  1840] loss: 0.056
[1,  1860] loss: 0.038
[1,  1880] loss: 0.076
[1,  1900] loss: 0.043
[1,  1920] loss: 0.081
[1,  1940] loss: 0.103
[1,  1960] loss: 0.050
[1,  1980] loss: 0.096
[1,  2000] loss: 0.050
[1,  2020] loss: 0.047
[1,  2040] loss: 0.087
[1,  2060] loss: 0.047
[1,  2080] loss: 0.066
[1,  2100] loss: 0.048
[1,  2120] loss: 0.042
[1,  2140] loss: 0.066
[1,  2160] loss: 0.044
[1,  2180] loss: 0.039
[1,  2200] loss: 0.062
[1,  2220] loss: 0.036
[1,  2240] loss: 0.067
[1,  2260] loss: 0.074
[1,  2280] loss: 0.103
[1,  2300] loss: 0.082
[1,  2320] loss: 0.060
[1,  2340] loss: 0.068
[1,  2360] loss: 0.069
[1,  2380] loss: 0.062
[1,  2400] loss: 0.090
[1,  2420] loss: 0.053
[1,  2440] loss: 0.068
[1,  2460] loss: 0.105
[1,  2480] loss: 0.095
[1,  2500] loss: 0.085
[1,  2520] loss: 0.054
[1,  2540] loss: 0.082
[1,  2560] loss: 0.057
[1,  2580] loss: 0.061
[1,  2600] loss: 0.060
[1,  2620] loss: 0.039
[1,  2640] loss: 0.091
[1,  2660] loss: 0.077
[1,  2680] loss: 0.046
[1,  2700] loss: 0.059
[1,  2720] loss: 0.076
[1,  2740] loss: 0.115
[1,  2760] loss: 0.151
[1,  2780] loss: 0.104
[1,  2800] loss: 0.057
[1,  2820] loss: 0.031
[1,  2840] loss: 0.065
[1,  2860] loss: 0.079
[1,  2880] loss: 0.055
[1,  2900] loss: 0.089
[1,  2920] loss: 0.053
[1,  2940] loss: 0.053
[1,  2960] loss: 0.068
[1,  2980] loss: 0.046
[1,  3000] loss: 0.076
[1,  3020] loss: 0.068
[1,  3040] loss: 0.107
[1,  3060] loss: 0.138
[1,  3080] loss: 0.101
[1,  3100] loss: 0.072
[1,  3120] loss: 0.052
[1,  3140] loss: 0.067
[1,  3160] loss: 0.113
[1,  3180] loss: 0.078
[1,  3200] loss: 0.035
[1,  3220] loss: 0.094
[1,  3240] loss: 0.040
[1,  3260] loss: 0.077
[1,  3280] loss: 0.038
[1,  3300] loss: 0.131
[1,  3320] loss: 0.125
[1,  3340] loss: 0.090
[1,  3360] loss: 0.032
[1,  3380] loss: 0.044
[1,  3400] loss: 0.052
[1,  3420] loss: 0.064
[1,  3440] loss: 0.084
[1,  3460] loss: 0.091
[1,  3480] loss: 0.173
[1,  3500] loss: 0.055
[1,  3520] loss: 0.104
[1,  3540] loss: 0.069
[1,  3560] loss: 0.074
[1,  3580] loss: 0.094
[1,  3600] loss: 0.050
[1,  3620] loss: 0.059
[1,  3640] loss: 0.053
[1,  3660] loss: 0.132
[1,  3680] loss: 0.085
[1,  3700] loss: 0.065
[1,  3720] loss: 0.044
[1,  3740] loss: 0.103
[1,  3760] loss: 0.057
[1,  3780] loss: 0.036
[1,  3800] loss: 0.045
[1,  3820] loss: 0.081
[1,  3840] loss: 0.058
[1,  3860] loss: 0.088
[1,  3880] loss: 0.092
[1,  3900] loss: 0.039
[1,  3920] loss: 0.083
[1,  3940] loss: 0.073
[1,  3960] loss: 0.096
[1,  3980] loss: 0.091
[1,  4000] loss: 0.097
[1,  4020] loss: 0.154
[1,  4040] loss: 0.055
[1,  4060] loss: 0.029
[1,  4080] loss: 0.074
[1,  4100] loss: 0.066
[1,  4120] loss: 0.094
[1,  4140] loss: 0.055
[1,  4160] loss: 0.043
[1,  4180] loss: 0.031
[1,  4200] loss: 0.065
[1,  4220] loss: 0.061
[1,  4240] loss: 0.065
[1,  4260] loss: 0.057
[1,  4280] loss: 0.079
[1,  4300] loss: 0.045
[1,  4320] loss: 0.042
[1,  4340] loss: 0.077
[1,  4360] loss: 0.071
[1,  4380] loss: 0.060
[1,  4400] loss: 0.070
[1,  4420] loss: 0.028
[1,  4440] loss: 0.063
[1,  4460] loss: 0.045
[1,  4480] loss: 0.065
[1,  4500] loss: 0.045
[1,  4520] loss: 0.157
[1,  4540] loss: 0.052
[1,  4560] loss: 0.063
[1,  4580] loss: 0.123
[1,  4600] loss: 0.094
[1,  4620] loss: 0.080
[1,  4640] loss: 0.095
[1,  4660] loss: 0.043
[1,  4680] loss: 0.046
[1,  4700] loss: 0.106
[1,  4720] loss: 0.090
[1,  4740] loss: 0.042
[1,  4760] loss: 0.062
[1,  4780] loss: 0.055
[1,  4800] loss: 0.057
[1,  4820] loss: 0.133
[1,  4840] loss: 0.062
[1,  4860] loss: 0.043
[1,  4880] loss: 0.090
[1,  4900] loss: 0.035
[1,  4920] loss: 0.059
[1,  4940] loss: 0.066
[1,  4960] loss: 0.055
[1,  4980] loss: 0.049
[1,  5000] loss: 0.061
[1,  5020] loss: 0.024
[1,  5040] loss: 0.048
[1,  5060] loss: 0.091
[1,  5080] loss: 0.104
[1,  5100] loss: 0.093
[1,  5120] loss: 0.077
[1,  5140] loss: 0.086
[1,  5160] loss: 0.084
[1,  5180] loss: 0.056
[1,  5200] loss: 0.106
[1,  5220] loss: 0.072
[1,  5240] loss: 0.063
[1,  5260] loss: 0.068
[1,  5280] loss: 0.061
[1,  5300] loss: 0.028
[1,  5320] loss: 0.057
[1,  5340] loss: 0.079
[1,  5360] loss: 0.110
[1,  5380] loss: 0.087
[1,  5400] loss: 0.049
[1,  5420] loss: 0.118
[1,  5440] loss: 0.101
[1,  5460] loss: 0.075
[1,  5480] loss: 0.063
[1,  5500] loss: 0.041
[1,  5520] loss: 0.052
[1,  5540] loss: 0.162
[1,  5560] loss: 0.162
[1,  5580] loss: 412307555489.973
[1,  5600] loss: 247546100567859.188
[1,  5620] loss: 3751009031782.400
[1,  5640] loss: 25307558408192.000
[1,  5660] loss: 1350591701606.400
[1,  5680] loss: 27795149785.600
[1,  5700] loss: 25308511449.600
[1,  5720] loss: 12250269235.200
[1,  5740] loss: 7083018611.200
[1,  5760] loss: 7645805712.000
[1,  5780] loss: 4908399526.400
[1,  5800] loss: 4515024806.400
[1,  5820] loss: 3880767065.600
[1,  5840] loss: 3336075524.800
[1,  5860] loss: 2827259164.800
[1,  5880] loss: 3641138992.000
[1,  5900] loss: 1841997053.600
[1,  5920] loss: 2533172217.600
[1,  5940] loss: 2500011055.200
[1,  5960] loss: 2217213610.400
[1,  5980] loss: 2134881262.400
[1,  6000] loss: 1460138668.800
[1,  6020] loss: 1612912052.000
[1,  6040] loss: 1747371328.800
[1,  6060] loss: 1144126000.000
[1,  6080] loss: 1406682387.200
[1,    20] loss: 476825098.947
[1,    40] loss: 476916415.487
[1,    60] loss: 631982168.881
[1,    80] loss: 490789520.883
[1,   100] loss: 408636623.442
[1,   120] loss: 509657425.544
[1,   140] loss: 573877480.138
[1,   160] loss: 503111613.531
[1,   180] loss: 448289970.701
[1,   200] loss: 418356985.955
[1,   220] loss: 402932931.062
[1,   240] loss: 385367588.513
[1,   260] loss: 358738525.562
[1,   280] loss: 336061798.104
[1,   300] loss: 322730861.749
[1,   320] loss: 331961885.439
[1,   340] loss: 431206888.351
[1,   360] loss: 547647787.986
[1,   380] loss: 739489329.264
[1,   400] loss: 995156198.935
[1,   420] loss: 1232341141.038
[1,   440] loss: 1363448527.706
[1,   460] loss: 1336831636.529
[1,   480] loss: 1337709316.107
[1,   500] loss: 1331707902.042
[1,   520] loss: 1326380805.948
[1,   540] loss: 1292825380.540
[1,   560] loss: 1268671885.308
[1,   580] loss: 1248267296.848
[1,   600] loss: 1212988510.863
[1,   620] loss: 1183933099.573
[1,   640] loss: 1165739653.715
[1,   660] loss: 1133925768.132
