cuda:  1
color_space: YCbCr
batch_size: 5
num_epcochs: 1
learning_rate: 0.003
[1,    20] loss: 2.603
[1,    40] loss: 0.319
[1,    60] loss: 0.248
[1,    80] loss: 0.147
[1,   100] loss: 0.105
[1,   120] loss: 0.082
[1,   140] loss: 0.068
[1,   160] loss: 0.088
[1,   180] loss: 0.064
[1,   200] loss: 0.072
[1,   220] loss: 0.089
[1,   240] loss: 0.087
[1,   260] loss: 0.102
[1,   280] loss: 0.104
[1,   300] loss: 0.058
[1,   320] loss: 0.064
[1,   340] loss: 0.091
[1,   360] loss: 0.073
[1,   380] loss: 0.115
[1,   400] loss: 0.088
[1,   420] loss: 0.130
[1,   440] loss: 0.053
[1,   460] loss: 0.042
[1,   480] loss: 0.130
[1,   500] loss: 0.069
[1,   520] loss: 0.090
[1,   540] loss: 0.080
[1,   560] loss: 0.062
[1,   580] loss: 0.088
[1,   600] loss: 0.049
[1,   620] loss: 0.071
[1,   640] loss: 0.074
[1,   660] loss: 0.064
[1,   680] loss: 0.071
[1,   700] loss: 0.101
[1,   720] loss: 0.083
[1,   740] loss: 0.143
[1,   760] loss: 0.067
[1,   780] loss: 0.075
[1,   800] loss: 0.080
[1,   820] loss: 0.098
[1,   840] loss: 0.078
[1,   860] loss: 0.034
[1,   880] loss: 0.054
[1,   900] loss: 0.112
[1,   920] loss: 0.077
[1,   940] loss: 0.135
[1,   960] loss: 0.074
[1,   980] loss: 0.088
[1,  1000] loss: 0.055
[1,  1020] loss: 0.030
[1,  1040] loss: 0.046
[1,  1060] loss: 0.056
[1,  1080] loss: 0.043
[1,  1100] loss: 0.141
[1,  1120] loss: 0.091
[1,  1140] loss: 0.056
[1,  1160] loss: 0.032
[1,  1180] loss: 0.034
[1,  1200] loss: 0.094
[1,  1220] loss: 0.033
[1,  1240] loss: 0.051
[1,  1260] loss: 0.066
[1,  1280] loss: 0.055
[1,  1300] loss: 0.057
[1,  1320] loss: 0.134
[1,  1340] loss: 0.060
[1,  1360] loss: 0.038
[1,  1380] loss: 0.097
[1,  1400] loss: 0.043
[1,  1420] loss: 0.051
[1,  1440] loss: 0.036
[1,  1460] loss: 0.045
[1,  1480] loss: 0.084
[1,  1500] loss: 0.050
[1,  1520] loss: 0.070
[1,  1540] loss: 0.054
[1,  1560] loss: 0.085
[1,  1580] loss: 0.060
[1,  1600] loss: 0.054
[1,  1620] loss: 0.119
[1,  1640] loss: 0.041
[1,  1660] loss: 0.044
[1,  1680] loss: 0.053
[1,  1700] loss: 0.129
[1,  1720] loss: 0.075
[1,  1740] loss: 0.082
[1,  1760] loss: 0.052
[1,  1780] loss: 0.140
[1,  1800] loss: 0.052
[1,  1820] loss: 0.042
[1,  1840] loss: 0.095
[1,  1860] loss: 0.134
[1,  1880] loss: 0.113
[1,  1900] loss: 0.092
[1,  1920] loss: 0.053
[1,  1940] loss: 0.069
[1,  1960] loss: 0.081
[1,  1980] loss: 0.048
[1,  2000] loss: 0.049
[1,  2020] loss: 0.126
[1,  2040] loss: 0.081
[1,  2060] loss: 0.105
[1,  2080] loss: 0.055
[1,  2100] loss: 0.075
[1,  2120] loss: 0.074
[1,  2140] loss: 0.096
[1,  2160] loss: 0.086
[1,  2180] loss: 0.066
[1,  2200] loss: 0.103
[1,  2220] loss: 0.055
[1,  2240] loss: 0.076
[1,  2260] loss: 0.059
[1,  2280] loss: 0.061
[1,  2300] loss: 0.083
[1,  2320] loss: 0.060
[1,  2340] loss: 0.026
[1,  2360] loss: 0.076
[1,  2380] loss: 0.062
[1,  2400] loss: 0.025
[1,  2420] loss: 0.049
[1,  2440] loss: 0.063
[1,  2460] loss: 0.043
[1,  2480] loss: 0.088
[1,  2500] loss: 0.101
[1,  2520] loss: 0.054
[1,  2540] loss: 0.060
[1,  2560] loss: 0.039
[1,  2580] loss: 0.034
[1,  2600] loss: 0.085
[1,  2620] loss: 0.030
[1,  2640] loss: 0.099
[1,  2660] loss: 0.055
[1,  2680] loss: 0.116
[1,  2700] loss: 0.167
[1,  2720] loss: 0.040
[1,  2740] loss: 0.065
[1,  2760] loss: 0.079
[1,  2780] loss: 0.145
[1,  2800] loss: 0.041
[1,  2820] loss: 0.078
[1,  2840] loss: 0.060
[1,  2860] loss: 0.059
[1,  2880] loss: 0.047
[1,  2900] loss: 0.080
[1,  2920] loss: 0.073
[1,  2940] loss: 0.058
[1,  2960] loss: 0.148
[1,  2980] loss: 0.076
[1,  3000] loss: 0.118
[1,  3020] loss: 0.058
[1,  3040] loss: 0.132
[1,  3060] loss: 0.094
[1,  3080] loss: 0.038
[1,  3100] loss: 0.030
[1,  3120] loss: 0.050
[1,  3140] loss: 0.040
[1,  3160] loss: 0.056
[1,  3180] loss: 0.080
[1,  3200] loss: 0.073
[1,  3220] loss: 0.041
[1,  3240] loss: 0.078
[1,  3260] loss: 0.094
[1,  3280] loss: 0.053
[1,  3300] loss: 0.133
[1,  3320] loss: 0.036
[1,  3340] loss: 0.109
[1,  3360] loss: 0.082
[1,  3380] loss: 0.069
[1,  3400] loss: 0.147
[1,  3420] loss: 0.084
[1,  3440] loss: 0.136
[1,  3460] loss: 0.051
[1,  3480] loss: 0.077
[1,  3500] loss: 0.033
[1,  3520] loss: 0.123
[1,  3540] loss: 0.071
[1,  3560] loss: 0.070
[1,  3580] loss: 0.069
[1,  3600] loss: 0.063
[1,  3620] loss: 0.037
[1,  3640] loss: 0.124
[1,  3660] loss: 0.121
[1,  3680] loss: 0.083
[1,  3700] loss: 0.050
[1,  3720] loss: 0.062
[1,  3740] loss: 0.068
[1,  3760] loss: 0.056
[1,  3780] loss: 0.059
[1,  3800] loss: 0.078
[1,  3820] loss: 0.063
[1,  3840] loss: 0.062
[1,  3860] loss: 0.054
[1,  3880] loss: 0.079
[1,  3900] loss: 0.095
[1,  3920] loss: 0.115
[1,  3940] loss: 0.038
[1,  3960] loss: 0.065
[1,  3980] loss: 0.083
[1,  4000] loss: 0.077
[1,  4020] loss: 0.105
[1,  4040] loss: 0.079
[1,  4060] loss: 0.097
[1,  4080] loss: 0.062
[1,  4100] loss: 0.080
[1,  4120] loss: 0.070
[1,  4140] loss: 0.065
[1,  4160] loss: 0.068
[1,  4180] loss: 0.079
[1,  4200] loss: 0.100
[1,  4220] loss: 0.076
[1,  4240] loss: 0.029
[1,  4260] loss: 0.107
[1,  4280] loss: 0.085
[1,  4300] loss: 0.073
[1,  4320] loss: 0.099
[1,  4340] loss: 0.067
[1,  4360] loss: 0.058
[1,  4380] loss: 0.080
[1,  4400] loss: 0.083
[1,  4420] loss: 0.061
[1,  4440] loss: 0.060
[1,  4460] loss: 0.069
[1,  4480] loss: 0.057
[1,  4500] loss: 0.139
[1,  4520] loss: 0.141
[1,  4540] loss: 0.068
[1,  4560] loss: 0.104
[1,  4580] loss: 0.135
[1,  4600] loss: 0.079
[1,  4620] loss: 0.062
[1,  4640] loss: 0.175
[1,  4660] loss: 20465285261.068
[1,  4680] loss: 208186986476.800
[1,  4700] loss: 13500759801.600
[1,  4720] loss: 1276409544.000
[1,  4740] loss: 149173763.400
[1,  4760] loss: 45405229.325
[1,  4780] loss: 27623784.900
[1,  4800] loss: 18026065.050
[1,  4820] loss: 12147701.963
[1,  4840] loss: 14358216.387
[1,  4860] loss: 15195599.512
[1,  4880] loss: 12247904.031
[1,  4900] loss: 8501021.231
[1,  4920] loss: 8579219.588
[1,  4940] loss: 9412501.581
[1,  4960] loss: 8275084.838
[1,  4980] loss: 8280236.833
[1,  5000] loss: 6477022.616
[1,  5020] loss: 5905328.375
[1,  5040] loss: 6479141.513
[1,  5060] loss: 7604326.603
[1,  5080] loss: 7554423.775
[1,  5100] loss: 6433552.206
[1,  5120] loss: 6032911.531
[1,  5140] loss: 5383060.944
[1,  5160] loss: 6267515.956
[1,  5180] loss: 4372645.103
[1,  5200] loss: 4411242.981
[1,  5220] loss: 5292156.091
[1,  5240] loss: 3772049.728
[1,  5260] loss: 4880296.425
[1,  5280] loss: 4133670.378
[1,  5300] loss: 4019009.964
[1,  5320] loss: 3310577.231
[1,  5340] loss: 3004516.345
[1,  5360] loss: 3015612.180
[1,  5380] loss: 3633844.712
[1,  5400] loss: 2991740.325
[1,  5420] loss: 3341490.983
[1,  5440] loss: 2702737.847
[1,  5460] loss: 2397878.692
[1,  5480] loss: 2970051.231
[1,  5500] loss: 2623503.286
[1,  5520] loss: 2105173.370
[1,  5540] loss: 1846487.203
[1,  5560] loss: 2431041.766
[1,  5580] loss: 2012887.266
[1,  5600] loss: 1692717.398
[1,  5620] loss: 1817356.746
[1,  5640] loss: 2104717.620
[1,  5660] loss: 1308018.697
[1,  5680] loss: 1854785.936
[1,  5700] loss: 1403406.430
[1,  5720] loss: 1775698.230
[1,  5740] loss: 1240978.895
[1,  5760] loss: 1260916.125
[1,  5780] loss: 1784437.795
[1,  5800] loss: 1224753.963
[1,  5820] loss: 1659247.238
[1,  5840] loss: 1142188.364
[1,  5860] loss: 949198.981
[1,  5880] loss: 1969673.694
[1,  5900] loss: 1174640.562
[1,  5920] loss: 861428.740
[1,  5940] loss: 1007906.175
[1,  5960] loss: 1269836.841
[1,  5980] loss: 1112098.469
[1,  6000] loss: 1272649.218
[1,  6020] loss: 1552031.387
[1,  6040] loss: 848202.732
[1,  6060] loss: 780701.247
[1,  6080] loss: 1435804.484
[1,    20] loss: 2564839.104
[1,    40] loss: 2217126.599
[1,    60] loss: 2083100.925
[1,    80] loss: 1589575.799
[1,   100] loss: 1292030.520
[1,   120] loss: 1101025.762
[1,   140] loss: 1022936.083
[1,   160] loss: 1029777.456
[1,   180] loss: 935755.262
[1,   200] loss: 851849.513
[1,   220] loss: 856227.838
[1,   240] loss: 993595.359
[1,   260] loss: 1149280.353
[1,   280] loss: 1196680.758
[1,   300] loss: 1129781.485
[1,   320] loss: 1061504.987
[1,   340] loss: 1045749.814
[1,   360] loss: 1059282.558
[1,   380] loss: 1287220.925
[1,   400] loss: 1884659.523
[1,   420] loss: 2306590.542
[1,   440] loss: 2389496.341
[1,   460] loss: 2336235.809
[1,   480] loss: 2264312.795
[1,   500] loss: 2185032.010
[1,   520] loss: 2116458.757
[1,   540] loss: 2055102.835
[1,   560] loss: 2008959.613
[1,   580] loss: 1972700.413
[1,   600] loss: 1938518.760
[1,   620] loss: 1886722.255
[1,   640] loss: 1870017.201
[1,   660] loss: 1858290.902
