cuda:  3
color_space: YCbCr
batch_size: 5
num_epcochs: 1
learning_rate: 0.003
[1,    20] loss: 2.007
[1,    40] loss: 0.552
[1,    60] loss: 0.307
[1,    80] loss: 0.134
[1,   100] loss: 0.090
[1,   120] loss: 0.092
[1,   140] loss: 0.082
[1,   160] loss: 0.075
[1,   180] loss: 0.086
[1,   200] loss: 0.087
[1,   220] loss: 0.081
[1,   240] loss: 0.084
[1,   260] loss: 0.046
[1,   280] loss: 0.109
[1,   300] loss: 0.124
[1,   320] loss: 0.123
[1,   340] loss: 0.189
[1,   360] loss: 0.143
[1,   380] loss: 0.124
[1,   400] loss: 0.083
[1,   420] loss: 0.044
[1,   440] loss: 0.109
[1,   460] loss: 0.110
[1,   480] loss: 0.029
[1,   500] loss: 0.093
[1,   520] loss: 0.103
[1,   540] loss: 0.073
[1,   560] loss: 0.043
[1,   580] loss: 0.045
[1,   600] loss: 0.025
[1,   620] loss: 0.048
[1,   640] loss: 0.088
[1,   660] loss: 0.052
[1,   680] loss: 0.091
[1,   700] loss: 0.090
[1,   720] loss: 0.062
[1,   740] loss: 0.045
[1,   760] loss: 0.069
[1,   780] loss: 0.071
[1,   800] loss: 0.088
[1,   820] loss: 0.053
[1,   840] loss: 0.082
[1,   860] loss: 0.063
[1,   880] loss: 0.065
[1,   900] loss: 0.059
[1,   920] loss: 0.051
[1,   940] loss: 0.030
[1,   960] loss: 0.055
[1,   980] loss: 0.053
[1,  1000] loss: 0.093
[1,  1020] loss: 0.034
[1,  1040] loss: 0.082
[1,  1060] loss: 0.069
[1,  1080] loss: 0.050
[1,  1100] loss: 0.034
[1,  1120] loss: 0.061
[1,  1140] loss: 0.082
[1,  1160] loss: 0.071
[1,  1180] loss: 0.075
[1,  1200] loss: 0.068
[1,  1220] loss: 0.052
[1,  1240] loss: 0.051
[1,  1260] loss: 0.065
[1,  1280] loss: 0.079
[1,  1300] loss: 0.038
[1,  1320] loss: 0.030
[1,  1340] loss: 0.062
[1,  1360] loss: 0.080
[1,  1380] loss: 0.080
[1,  1400] loss: 0.076
[1,  1420] loss: 0.066
[1,  1440] loss: 0.062
[1,  1460] loss: 0.055
[1,  1480] loss: 0.094
[1,  1500] loss: 0.035
[1,  1520] loss: 0.060
[1,  1540] loss: 0.078
[1,  1560] loss: 0.082
[1,  1580] loss: 0.107
[1,  1600] loss: 0.059
[1,  1620] loss: 0.106
[1,  1640] loss: 0.083
[1,  1660] loss: 0.082
[1,  1680] loss: 0.065
[1,  1700] loss: 0.074
[1,  1720] loss: 0.090
[1,  1740] loss: 0.060
[1,  1760] loss: 0.093
[1,  1780] loss: 0.044
[1,  1800] loss: 0.040
[1,  1820] loss: 0.128
[1,  1840] loss: 0.086
[1,  1860] loss: 0.089
[1,  1880] loss: 0.109
[1,  1900] loss: 0.104
[1,  1920] loss: 0.091
[1,  1940] loss: 0.062
[1,  1960] loss: 0.057
[1,  1980] loss: 0.050
[1,  2000] loss: 0.043
[1,  2020] loss: 0.073
[1,  2040] loss: 0.047
[1,  2060] loss: 0.046
[1,  2080] loss: 0.088
[1,  2100] loss: 0.125
[1,  2120] loss: 0.030
[1,  2140] loss: 0.072
[1,  2160] loss: 0.050
[1,  2180] loss: 0.033
[1,  2200] loss: 0.044
[1,  2220] loss: 0.027
[1,  2240] loss: 0.056
[1,  2260] loss: 0.078
[1,  2280] loss: 0.048
[1,  2300] loss: 0.073
[1,  2320] loss: 0.042
[1,  2340] loss: 0.138
[1,  2360] loss: 0.119
[1,  2380] loss: 0.163
[1,  2400] loss: 0.090
[1,  2420] loss: 0.148
[1,  2440] loss: 0.109
[1,  2460] loss: 0.081
[1,  2480] loss: 0.060
[1,  2500] loss: 0.050
[1,  2520] loss: 0.051
[1,  2540] loss: 0.067
[1,  2560] loss: 0.078
[1,  2580] loss: 0.089
[1,  2600] loss: 0.055
[1,  2620] loss: 0.088
[1,  2640] loss: 0.043
[1,  2660] loss: 0.070
[1,  2680] loss: 0.076
[1,  2700] loss: 0.063
[1,  2720] loss: 0.096
[1,  2740] loss: 0.072
[1,  2760] loss: 0.218
[1,  2780] loss: 0.049
[1,  2800] loss: 0.102
[1,  2820] loss: 0.075
[1,  2840] loss: 0.046
[1,  2860] loss: 0.058
[1,  2880] loss: 0.112
[1,  2900] loss: 0.058
[1,  2920] loss: 0.051
[1,  2940] loss: 0.076
[1,  2960] loss: 0.051
[1,  2980] loss: 0.049
[1,  3000] loss: 0.077
[1,  3020] loss: 0.040
[1,  3040] loss: 0.130
[1,  3060] loss: 0.067
[1,  3080] loss: 0.099
[1,  3100] loss: 0.095
[1,  3120] loss: 0.073
[1,  3140] loss: 0.098
[1,  3160] loss: 0.129
[1,  3180] loss: 0.050
[1,  3200] loss: 0.094
[1,  3220] loss: 0.241
[1,  3240] loss: 3217844936.018
[1,  3260] loss: 241575615606.400
[1,  3280] loss: 32199321792.800
[1,  3300] loss: 21733124557.400
[1,  3320] loss: 2114210045.200
[1,  3340] loss: 273201564.700
[1,  3360] loss: 49797994.500
[1,  3380] loss: 16836041.100
[1,  3400] loss: 11269478.156
[1,  3420] loss: 9644667.531
[1,  3440] loss: 8589956.300
[1,  3460] loss: 5228026.213
[1,  3480] loss: 8022287.362
[1,  3500] loss: 5485381.938
[1,  3520] loss: 5104334.669
[1,  3540] loss: 4501028.181
[1,  3560] loss: 3684517.500
[1,  3580] loss: 3896266.880
[1,  3600] loss: 3743926.050
[1,  3620] loss: 3840263.472
[1,  3640] loss: 2901082.684
[1,  3660] loss: 2887783.131
[1,  3680] loss: 1945840.897
[1,  3700] loss: 3032277.681
[1,  3720] loss: 2184377.372
[1,  3740] loss: 2077651.732
[1,  3760] loss: 1580312.239
[1,  3780] loss: 1655247.864
[1,  3800] loss: 1529919.512
[1,  3820] loss: 1301058.962
[1,  3840] loss: 1374843.184
[1,  3860] loss: 1409747.177
[1,  3880] loss: 1746606.420
[1,  3900] loss: 1105727.458
[1,  3920] loss: 976823.357
[1,  3940] loss: 763884.225
[1,  3960] loss: 988141.680
[1,  3980] loss: 1052123.767
[1,  4000] loss: 1091384.510
[1,  4020] loss: 870883.082
[1,  4040] loss: 985684.269
[1,  4060] loss: 766902.446
[1,  4080] loss: 895700.668
[1,  4100] loss: 745311.193
[1,  4120] loss: 779287.378
[1,  4140] loss: 682086.865
[1,  4160] loss: 770877.466
[1,  4180] loss: 704170.665
[1,  4200] loss: 693066.765
[1,  4220] loss: 671941.651
[1,  4240] loss: 712047.717
[1,  4260] loss: 743982.627
[1,  4280] loss: 893571.428
[1,  4300] loss: 527552.880
[1,  4320] loss: 657561.807
[1,  4340] loss: 512413.265
[1,  4360] loss: 532694.931
[1,  4380] loss: 634661.679
[1,  4400] loss: 837394.498
[1,  4420] loss: 714453.695
[1,  4440] loss: 638559.077
[1,  4460] loss: 543205.572
[1,  4480] loss: 649094.184
[1,  4500] loss: 559714.779
[1,  4520] loss: 773504.528
[1,  4540] loss: 477485.594
[1,  4560] loss: 619410.439
[1,  4580] loss: 600364.390
[1,  4600] loss: 412788.591
[1,  4620] loss: 614558.339
[1,  4640] loss: 554630.494
[1,  4660] loss: 652045.191
[1,  4680] loss: 595340.131
[1,  4700] loss: 497713.034
[1,  4720] loss: 594775.487
[1,  4740] loss: 625649.745
[1,  4760] loss: 478137.516
[1,  4780] loss: 412055.464
[1,  4800] loss: 485676.971
[1,  4820] loss: 451133.120
[1,  4840] loss: 505078.545
[1,  4860] loss: 457204.771
[1,  4880] loss: 388680.407
[1,  4900] loss: 473311.056
[1,  4920] loss: 465606.642
[1,  4940] loss: 515364.666
[1,  4960] loss: 479174.278
[1,  4980] loss: 405149.767
[1,  5000] loss: 372224.743
[1,  5020] loss: 482941.136
[1,  5040] loss: 364532.717
[1,  5060] loss: 320129.020
[1,  5080] loss: 268551.944
[1,  5100] loss: 297573.432
[1,  5120] loss: 296215.563
[1,  5140] loss: 242911.642
[1,  5160] loss: 263116.360
[1,  5180] loss: 318694.779
[1,  5200] loss: 342992.542
[1,  5220] loss: 323885.712
[1,  5240] loss: 311044.454
[1,  5260] loss: 432919.661
[1,  5280] loss: 303703.654
[1,  5300] loss: 233435.160
[1,  5320] loss: 406297.210
[1,  5340] loss: 339809.998
[1,  5360] loss: 288881.573
[1,  5380] loss: 267527.263
[1,  5400] loss: 267617.775
[1,  5420] loss: 247674.794
[1,  5440] loss: 248509.044
[1,  5460] loss: 247155.618
[1,  5480] loss: 324029.432
[1,  5500] loss: 289845.158
[1,  5520] loss: 221578.013
[1,  5540] loss: 232151.510
[1,  5560] loss: 290352.646
[1,  5580] loss: 272772.891
[1,  5600] loss: 294501.837
[1,  5620] loss: 207288.706
[1,  5640] loss: 250800.411
[1,  5660] loss: 293718.321
[1,  5680] loss: 209837.475
[1,  5700] loss: 229374.145
[1,  5720] loss: 176908.692
[1,  5740] loss: 251642.108
[1,  5760] loss: 257048.571
[1,  5780] loss: 193082.022
[1,  5800] loss: 230737.239
[1,  5820] loss: 314299.186
[1,  5840] loss: 225047.931
[1,  5860] loss: 199574.104
[1,  5880] loss: 222742.121
[1,  5900] loss: 236528.794
[1,  5920] loss: 223433.788
[1,  5940] loss: 181795.106
[1,  5960] loss: 166580.208
[1,  5980] loss: 198288.639
[1,  6000] loss: 213933.750
[1,  6020] loss: 176598.128
[1,  6040] loss: 215515.574
[1,  6060] loss: 209270.000
[1,  6080] loss: 191014.437
[1,    20] loss: 222822.002
[1,    40] loss: 149015.951
[1,    60] loss: 272082.881
[1,    80] loss: 218509.095
[1,   100] loss: 183664.345
[1,   120] loss: 154538.461
[1,   140] loss: 178124.241
[1,   160] loss: 214468.596
[1,   180] loss: 252245.515
[1,   200] loss: 354007.262
[1,   220] loss: 372982.454
[1,   240] loss: 385333.773
[1,   260] loss: 400898.015
[1,   280] loss: 380659.446
[1,   300] loss: 355319.663
[1,   320] loss: 337104.514
[1,   340] loss: 322457.755
[1,   360] loss: 311219.939
[1,   380] loss: 312089.104
[1,   400] loss: 306479.723
[1,   420] loss: 295504.567
[1,   440] loss: 311880.824
[1,   460] loss: 299648.851
[1,   480] loss: 289334.471
[1,   500] loss: 282922.678
[1,   520] loss: 278876.288
[1,   540] loss: 275727.283
[1,   560] loss: 274494.682
[1,   580] loss: 270538.966
[1,   600] loss: 267506.699
[1,   620] loss: 259850.540
[1,   640] loss: 252695.675
[1,   660] loss: 252699.941
