cuda:  4
color_space: YCbCr
batch_size: 5
num_epcochs: 2
learning_rate: 0.001
[1,    20] loss: 0.290
[1,    40] loss: 0.165
[1,    60] loss: 0.067
[1,    80] loss: 0.036
[1,   100] loss: 0.056
[1,   120] loss: 0.062
[1,   140] loss: 0.079
[1,   160] loss: 0.074
[1,   180] loss: 0.100
[1,   200] loss: 0.086
[1,   220] loss: 0.144
[1,   240] loss: 0.097
[1,   260] loss: 0.088
[1,   280] loss: 0.080
[1,   300] loss: 0.057
[1,   320] loss: 0.077
[1,   340] loss: 0.065
[1,   360] loss: 0.062
[1,   380] loss: 0.081
[1,   400] loss: 0.082
[1,   420] loss: 0.105
[1,   440] loss: 0.043
[1,   460] loss: 0.027
[1,   480] loss: 0.039
[1,   500] loss: 0.082
[1,   520] loss: 0.092
[1,   540] loss: 0.124
[1,   560] loss: 0.085
[1,   580] loss: 0.078
[1,   600] loss: 0.081
[1,   620] loss: 0.084
[1,   640] loss: 0.083
[1,   660] loss: 0.067
[1,   680] loss: 0.101
[1,   700] loss: 0.070
[1,   720] loss: 0.047
[1,   740] loss: 0.033
[1,   760] loss: 0.128
[1,   780] loss: 0.035
[1,   800] loss: 0.075
[1,   820] loss: 0.109
[1,   840] loss: 0.141
[1,   860] loss: 0.063
[1,   880] loss: 0.060
[1,   900] loss: 0.098
[1,   920] loss: 0.063
[1,   940] loss: 0.137
[1,   960] loss: 0.114
[1,   980] loss: 0.078
[1,  1000] loss: 0.077
[1,  1020] loss: 0.151
[1,  1040] loss: 0.080
[1,  1060] loss: 0.085
[1,  1080] loss: 0.113
[1,  1100] loss: 0.071
[1,  1120] loss: 0.093
[1,  1140] loss: 0.085
[1,  1160] loss: 0.147
[1,  1180] loss: 0.726
[1,  1200] loss: 5219.035
[1,  1220] loss: 21478.750
[1,  1240] loss: 1147.538
[1,  1260] loss: 76.575
[1,  1280] loss: 10.389
[1,  1300] loss: 1.817
[1,  1320] loss: 0.535
[1,  1340] loss: 0.642
[1,  1360] loss: 0.548
[1,  1380] loss: 0.402
[1,  1400] loss: 0.318
[1,  1420] loss: 0.349
[1,  1440] loss: 0.316
[1,  1460] loss: 0.346
[1,  1480] loss: 0.354
[1,  1500] loss: 0.234
[1,  1520] loss: 0.287
[1,  1540] loss: 0.195
[1,  1560] loss: 0.289
[1,  1580] loss: 0.245
[1,  1600] loss: 0.205
[1,  1620] loss: 0.311
[1,  1640] loss: 0.195
[1,  1660] loss: 0.179
[1,  1680] loss: 0.184
[1,  1700] loss: 0.229
[1,  1720] loss: 0.137
[1,  1740] loss: 0.163
[1,  1760] loss: 0.204
[1,  1780] loss: 0.127
[1,  1800] loss: 0.190
[1,  1820] loss: 0.146
[1,  1840] loss: 0.188
[1,  1860] loss: 0.134
[1,  1880] loss: 0.156
[1,  1900] loss: 0.185
[1,  1920] loss: 0.136
[1,  1940] loss: 0.115
[1,  1960] loss: 0.109
[1,  1980] loss: 0.121
[1,  2000] loss: 0.209
[1,  2020] loss: 0.137
[1,  2040] loss: 0.120
[1,  2060] loss: 0.098
[1,  2080] loss: 0.095
[1,  2100] loss: 0.219
[1,  2120] loss: 0.098
[1,  2140] loss: 0.149
[1,  2160] loss: 0.160
[1,  2180] loss: 0.184
[1,  2200] loss: 0.152
[1,  2220] loss: 0.136
[1,  2240] loss: 0.123
[1,  2260] loss: 0.157
[1,  2280] loss: 0.161
[1,  2300] loss: 0.157
[1,  2320] loss: 0.115
[1,  2340] loss: 0.117
[1,  2360] loss: 0.160
[1,  2380] loss: 0.099
[1,  2400] loss: 0.144
[1,  2420] loss: 0.093
[1,  2440] loss: 0.121
[1,  2460] loss: 0.074
[1,  2480] loss: 0.121
[1,  2500] loss: 0.083
[1,  2520] loss: 0.116
[1,  2540] loss: 0.087
[1,  2560] loss: 0.122
[1,  2580] loss: 0.128
[1,  2600] loss: 0.108
[1,  2620] loss: 0.121
[1,  2640] loss: 0.086
[1,  2660] loss: 0.079
[1,  2680] loss: 0.108
[1,  2700] loss: 0.171
[1,  2720] loss: 0.067
[1,  2740] loss: 0.102
[1,  2760] loss: 0.062
[1,  2780] loss: 0.093
[1,  2800] loss: 0.103
[1,  2820] loss: 0.149
[1,  2840] loss: 0.118
[1,  2860] loss: 0.086
[1,  2880] loss: 0.076
[1,  2900] loss: 0.101
[1,  2920] loss: 0.117
[1,  2940] loss: 0.098
[1,  2960] loss: 0.108
[1,  2980] loss: 0.180
[1,  3000] loss: 0.071
[1,  3020] loss: 0.100
[1,  3040] loss: 0.099
[1,  3060] loss: 0.079
[1,  3080] loss: 0.098
[1,  3100] loss: 0.108
[1,  3120] loss: 0.127
[1,  3140] loss: 0.061
[1,  3160] loss: 0.066
[1,  3180] loss: 0.092
[1,  3200] loss: 0.068
[1,  3220] loss: 0.135
[1,  3240] loss: 0.137
[1,  3260] loss: 0.113
[1,  3280] loss: 0.079
[1,  3300] loss: 0.069
[1,  3320] loss: 0.102
[1,  3340] loss: 0.100
[1,  3360] loss: 0.075
[1,  3380] loss: 0.119
[1,  3400] loss: 0.099
[1,  3420] loss: 0.104
[1,  3440] loss: 0.146
[1,  3460] loss: 0.119
[1,  3480] loss: 0.099
[1,  3500] loss: 0.047
[1,  3520] loss: 0.140
[1,  3540] loss: 0.070
[1,  3560] loss: 0.045
[1,  3580] loss: 0.078
[1,  3600] loss: 0.054
[1,  3620] loss: 0.073
[1,  3640] loss: 0.094
[1,  3660] loss: 0.174
[1,  3680] loss: 0.125
[1,  3700] loss: 0.169
[1,  3720] loss: 0.079
[1,  3740] loss: 0.146
[1,  3760] loss: 0.102
[1,  3780] loss: 0.094
[1,  3800] loss: 0.080
[1,  3820] loss: 0.073
[1,  3840] loss: 0.073
[1,  3860] loss: 0.083
[1,  3880] loss: 0.079
[1,  3900] loss: 0.099
[1,  3920] loss: 0.063
[1,  3940] loss: 0.113
[1,  3960] loss: 0.082
[1,  3980] loss: 0.089
[1,  4000] loss: 0.053
[1,  4020] loss: 0.037
[1,  4040] loss: 0.062
[1,  4060] loss: 0.089
[1,  4080] loss: 0.070
[1,  4100] loss: 0.080
[1,  4120] loss: 0.115
[1,  4140] loss: 0.230
[1,  4160] loss: 0.063
[1,  4180] loss: 0.119
[1,  4200] loss: 0.049
[1,  4220] loss: 0.067
[1,  4240] loss: 0.052
[1,  4260] loss: 0.091
[1,  4280] loss: 0.126
[1,  4300] loss: 0.087
[1,  4320] loss: 0.090
[1,  4340] loss: 0.073
[1,  4360] loss: 0.102
[1,  4380] loss: 0.130
[1,  4400] loss: 0.110
[1,  4420] loss: 0.075
[1,  4440] loss: 0.112
[1,  4460] loss: 0.128
[1,  4480] loss: 0.108
[1,  4500] loss: 0.125
[1,  4520] loss: 0.172
[1,  4540] loss: 0.100
[1,  4560] loss: 0.128
[1,  4580] loss: 0.061
[1,  4600] loss: 0.082
[1,  4620] loss: 0.116
[1,  4640] loss: 0.095
[1,  4660] loss: 0.079
[1,  4680] loss: 0.135
[1,  4700] loss: 0.158
[1,  4720] loss: 0.147
[1,  4740] loss: 0.105
[1,  4760] loss: 0.115
[1,  4780] loss: 0.090
[1,  4800] loss: 0.121
[1,  4820] loss: 0.122
[1,  4840] loss: 0.103
[1,  4860] loss: 0.078
[1,  4880] loss: 0.100
[1,  4900] loss: 0.141
[1,  4920] loss: 0.096
[1,  4940] loss: 0.122
[1,  4960] loss: 0.163
[1,  4980] loss: 0.140
[1,  5000] loss: 0.250
[1,  5020] loss: 0.141
[1,  5040] loss: 0.105
[1,  5060] loss: 0.113
[1,  5080] loss: 0.062
[1,  5100] loss: 0.137
[1,  5120] loss: 0.151
[1,  5140] loss: 0.070
[1,  5160] loss: 0.087
[1,  5180] loss: 0.186
[1,  5200] loss: 0.071
[1,  5220] loss: 0.075
[1,  5240] loss: 0.061
[1,  5260] loss: 0.098
[1,  5280] loss: 0.081
[1,  5300] loss: 0.073
[1,  5320] loss: 0.140
[1,  5340] loss: 0.081
[1,  5360] loss: 0.046
[1,  5380] loss: 0.094
[1,  5400] loss: 0.122
[1,  5420] loss: 0.138
[1,  5440] loss: 0.070
[1,  5460] loss: 0.109
[1,  5480] loss: 0.107
[1,  5500] loss: 0.160
[1,  5520] loss: 0.238
[1,  5540] loss: 0.268
[1,  5560] loss: 0.165
[1,  5580] loss: 0.150
[1,  5600] loss: 0.101
[1,  5620] loss: 0.046
[1,  5640] loss: 0.074
[1,  5660] loss: 0.223
[1,  5680] loss: 0.142
[1,  5700] loss: 0.101
[1,  5720] loss: 0.147
[1,  5740] loss: 0.108
[1,  5760] loss: 0.145
[1,  5780] loss: 0.140
[1,  5800] loss: 0.118
[1,  5820] loss: 0.079
[1,  5840] loss: 0.046
[1,  5860] loss: 0.093
[1,  5880] loss: 0.093
[1,  5900] loss: 0.122
[1,  5920] loss: 0.104
[1,  5940] loss: 0.050
[1,  5960] loss: 0.144
[1,  5980] loss: 0.130
[1,  6000] loss: 0.051
[1,  6020] loss: 0.107
[1,  6040] loss: 0.106
[1,  6060] loss: 0.097
[1,  6080] loss: 0.086
[2,    20] loss: 0.076
[2,    40] loss: 0.129
[2,    60] loss: 0.353
[2,    80] loss: 0.197
[2,   100] loss: 0.536
[2,   120] loss: 0.429
[2,   140] loss: 0.184
[2,   160] loss: 0.089
[2,   180] loss: 0.136
[2,   200] loss: 0.057
[2,   220] loss: 0.106
[2,   240] loss: 0.097
[2,   260] loss: 0.068
[2,   280] loss: 0.100
[2,   300] loss: 0.093
[2,   320] loss: 0.073
[2,   340] loss: 0.066
[2,   360] loss: 0.136
[2,   380] loss: 0.203
[2,   400] loss: 0.073
[2,   420] loss: 0.076
[2,   440] loss: 0.116
[2,   460] loss: 0.102
[2,   480] loss: 0.098
[2,   500] loss: 0.065
[2,   520] loss: 0.082
[2,   540] loss: 0.086
[2,   560] loss: 0.036
[2,   580] loss: 0.041
[2,   600] loss: 0.059
[2,   620] loss: 0.172
[2,   640] loss: 0.094
[2,   660] loss: 0.203
[2,   680] loss: 0.155
[2,   700] loss: 0.109
[2,   720] loss: 0.044
[2,   740] loss: 0.091
[2,   760] loss: 0.070
[2,   780] loss: 0.055
[2,   800] loss: 0.146
[2,   820] loss: 0.096
[2,   840] loss: 0.098
[2,   860] loss: 0.110
[2,   880] loss: 0.127
[2,   900] loss: 0.130
[2,   920] loss: 0.164
[2,   940] loss: 0.064
[2,   960] loss: 0.088
[2,   980] loss: 0.062
[2,  1000] loss: 0.101
[2,  1020] loss: 0.088
[2,  1040] loss: 0.058
[2,  1060] loss: 0.103
[2,  1080] loss: 0.044
[2,  1100] loss: 0.077
[2,  1120] loss: 0.062
[2,  1140] loss: 0.105
[2,  1160] loss: 0.073
[2,  1180] loss: 0.157
[2,  1200] loss: 0.060
[2,  1220] loss: 0.077
[2,  1240] loss: 0.070
[2,  1260] loss: 0.036
[2,  1280] loss: 0.095
[2,  1300] loss: 0.090
[2,  1320] loss: 0.162
[2,  1340] loss: 0.077
[2,  1360] loss: 0.099
[2,  1380] loss: 0.163
[2,  1400] loss: 0.070
[2,  1420] loss: 0.131
[2,  1440] loss: 0.068
[2,  1460] loss: 0.074
[2,  1480] loss: 0.055
[2,  1500] loss: 0.114
[2,  1520] loss: 0.099
[2,  1540] loss: 0.177
[2,  1560] loss: 0.110
[2,  1580] loss: 0.052
[2,  1600] loss: 0.086
[2,  1620] loss: 0.120
[2,  1640] loss: 0.115
[2,  1660] loss: 0.155
[2,  1680] loss: 0.091
[2,  1700] loss: 0.064
[2,  1720] loss: 0.071
[2,  1740] loss: 0.083
[2,  1760] loss: 0.115
[2,  1780] loss: 0.075
[2,  1800] loss: 0.109
[2,  1820] loss: 0.109
[2,  1840] loss: 0.123
[2,  1860] loss: 0.156
[2,  1880] loss: 0.155
[2,  1900] loss: 0.154
[2,  1920] loss: 0.145
[2,  1940] loss: 0.116
[2,  1960] loss: 0.127
[2,  1980] loss: 0.129
[2,  2000] loss: 0.109
[2,  2020] loss: 0.114
[2,  2040] loss: 0.077
[2,  2060] loss: 0.055
[2,  2080] loss: 0.076
[2,  2100] loss: 0.074
[2,  2120] loss: 0.094
[2,  2140] loss: 0.045
[2,  2160] loss: 0.072
[2,  2180] loss: 0.067
[2,  2200] loss: 0.061
[2,  2220] loss: 0.081
[2,  2240] loss: 0.076
[2,  2260] loss: 0.096
[2,  2280] loss: 0.108
[2,  2300] loss: 0.081
[2,  2320] loss: 0.078
[2,  2340] loss: 0.101
[2,  2360] loss: 0.052
[2,  2380] loss: 0.046
[2,  2400] loss: 0.053
[2,  2420] loss: 0.062
[2,  2440] loss: 0.051
[2,  2460] loss: 0.068
[2,  2480] loss: 0.046
[2,  2500] loss: 0.080
[2,  2520] loss: 0.089
[2,  2540] loss: 0.058
[2,  2560] loss: 0.131
[2,  2580] loss: 0.072
[2,  2600] loss: 0.086
[2,  2620] loss: 0.100
[2,  2640] loss: 0.118
[2,  2660] loss: 0.048
[2,  2680] loss: 0.051
[2,  2700] loss: 0.081
[2,  2720] loss: 0.085
[2,  2740] loss: 0.071
[2,  2760] loss: 0.059
[2,  2780] loss: 0.105
[2,  2800] loss: 0.074
[2,  2820] loss: 0.050
[2,  2840] loss: 0.112
[2,  2860] loss: 0.032
[2,  2880] loss: 0.060
[2,  2900] loss: 0.068
[2,  2920] loss: 0.090
[2,  2940] loss: 0.062
[2,  2960] loss: 0.058
[2,  2980] loss: 0.080
[2,  3000] loss: 0.097
[2,  3020] loss: 0.111
[2,  3040] loss: 0.097
[2,  3060] loss: 0.039
[2,  3080] loss: 0.155
[2,  3100] loss: 0.145
[2,  3120] loss: 0.147
[2,  3140] loss: 0.067
[2,  3160] loss: 0.067
[2,  3180] loss: 0.119
[2,  3200] loss: 0.062
[2,  3220] loss: 0.051
[2,  3240] loss: 0.064
[2,  3260] loss: 0.053
[2,  3280] loss: 0.049
[2,  3300] loss: 0.081
[2,  3320] loss: 0.124
[2,  3340] loss: 0.117
[2,  3360] loss: 0.106
[2,  3380] loss: 0.070
[2,  3400] loss: 0.141
[2,  3420] loss: 0.033
[2,  3440] loss: 0.083
[2,  3460] loss: 0.040
[2,  3480] loss: 0.061
[2,  3500] loss: 0.062
[2,  3520] loss: 0.114
[2,  3540] loss: 0.039
[2,  3560] loss: 0.056
[2,  3580] loss: 0.092
[2,  3600] loss: 0.074
[2,  3620] loss: 0.108
[2,  3640] loss: 0.058
[2,  3660] loss: 0.066
[2,  3680] loss: 0.131
[2,  3700] loss: 0.060
[2,  3720] loss: 0.114
[2,  3740] loss: 0.155
[2,  3760] loss: 0.101
[2,  3780] loss: 0.046
[2,  3800] loss: 0.051
[2,  3820] loss: 0.086
[2,  3840] loss: 0.086
[2,  3860] loss: 0.077
[2,  3880] loss: 0.054
[2,  3900] loss: 0.090
[2,  3920] loss: 0.041
[2,  3940] loss: 0.083
[2,  3960] loss: 0.080
[2,  3980] loss: 0.080
[2,  4000] loss: 0.077
[2,  4020] loss: 0.087
[2,  4040] loss: 0.066
[2,  4060] loss: 0.045
[2,  4080] loss: 0.071
[2,  4100] loss: 0.050
[2,  4120] loss: 0.062
[2,  4140] loss: 0.107
[2,  4160] loss: 0.041
[2,  4180] loss: 0.096
[2,  4200] loss: 0.055
[2,  4220] loss: 0.122
[2,  4240] loss: 0.110
[2,  4260] loss: 0.119
[2,  4280] loss: 0.099
[2,  4300] loss: 0.049
[2,  4320] loss: 0.091
[2,  4340] loss: 0.050
[2,  4360] loss: 0.072
[2,  4380] loss: 0.058
[2,  4400] loss: 0.039
[2,  4420] loss: 0.065
[2,  4440] loss: 0.074
[2,  4460] loss: 0.074
[2,  4480] loss: 0.045
[2,  4500] loss: 0.076
[2,  4520] loss: 0.047
[2,  4540] loss: 0.050
[2,  4560] loss: 0.069
[2,  4580] loss: 0.069
[2,  4600] loss: 0.045
[2,  4620] loss: 0.049
[2,  4640] loss: 0.045
[2,  4660] loss: 0.041
[2,  4680] loss: 0.081
[2,  4700] loss: 0.085
[2,  4720] loss: 0.065
[2,  4740] loss: 0.056
[2,  4760] loss: 0.152
[2,  4780] loss: 0.062
[2,  4800] loss: 0.035
[2,  4820] loss: 0.076
[2,  4840] loss: 0.090
[2,  4860] loss: 0.098
[2,  4880] loss: 0.027
[2,  4900] loss: 0.077
[2,  4920] loss: 0.121
[2,  4940] loss: 0.109
[2,  4960] loss: 0.093
[2,  4980] loss: 0.056
[2,  5000] loss: 0.073
[2,  5020] loss: 0.119
[2,  5040] loss: 0.045
[2,  5060] loss: 0.162
[2,  5080] loss: 0.071
[2,  5100] loss: 0.080
[2,  5120] loss: 0.060
[2,  5140] loss: 0.094
[2,  5160] loss: 0.089
[2,  5180] loss: 0.073
[2,  5200] loss: 0.075
[2,  5220] loss: 0.041
[2,  5240] loss: 0.080
[2,  5260] loss: 0.048
[2,  5280] loss: 0.079
[2,  5300] loss: 0.033
[2,  5320] loss: 0.077
[2,  5340] loss: 0.031
[2,  5360] loss: 0.060
[2,  5380] loss: 0.065
[2,  5400] loss: 0.053
[2,  5420] loss: 0.040
[2,  5440] loss: 0.053
[2,  5460] loss: 0.134
[2,  5480] loss: 0.067
[2,  5500] loss: 0.108
[2,  5520] loss: 0.077
[2,  5540] loss: 0.110
[2,  5560] loss: 0.035
[2,  5580] loss: 0.089
[2,  5600] loss: 0.095
[2,  5620] loss: 0.102
[2,  5640] loss: 0.056
[2,  5660] loss: 0.044
[2,  5680] loss: 0.108
[2,  5700] loss: 0.045
[2,  5720] loss: 0.060
[2,  5740] loss: 0.078
[2,  5760] loss: 0.035
[2,  5780] loss: 0.125
[2,  5800] loss: 0.040
[2,  5820] loss: 0.081
[2,  5840] loss: 0.066
[2,  5860] loss: 0.032
[2,  5880] loss: 0.070
[2,  5900] loss: 0.104
[2,  5920] loss: 0.091
[2,  5940] loss: 0.075
[2,  5960] loss: 0.102
[2,  5980] loss: 0.052
[2,  6000] loss: 0.169
[2,  6020] loss: 0.050
[2,  6040] loss: 0.071
[2,  6060] loss: 0.077
[2,  6080] loss: 0.063
[1,    20] loss: 0.015
[1,    40] loss: 0.016
[1,    60] loss: 0.016
[1,    80] loss: 0.025
[1,   100] loss: 0.030
[1,   120] loss: 0.026
[1,   140] loss: 0.023
[1,   160] loss: 0.021
[1,   180] loss: 0.020
[1,   200] loss: 0.020
[1,   220] loss: 0.018
[1,   240] loss: 0.017
[1,   260] loss: 0.016
[1,   280] loss: 0.015
[1,   300] loss: 0.014
[1,   320] loss: 0.013
[1,   340] loss: 0.012
[1,   360] loss: 0.012
[1,   380] loss: 0.011
[1,   400] loss: 0.011
[1,   420] loss: 0.011
[1,   440] loss: 0.011
[1,   460] loss: 0.010
[1,   480] loss: 0.010
[1,   500] loss: 0.010
[1,   520] loss: 0.010
[1,   540] loss: 0.010
[1,   560] loss: 0.010
[1,   580] loss: 0.010
[1,   600] loss: 0.010
[1,   620] loss: 0.009
[1,   640] loss: 0.009
[1,   660] loss: 0.009
[2,    20] loss: 0.015
[2,    40] loss: 0.016
[2,    60] loss: 0.016
[2,    80] loss: 0.025
[2,   100] loss: 0.030
[2,   120] loss: 0.026
[2,   140] loss: 0.023
[2,   160] loss: 0.021
[2,   180] loss: 0.020
[2,   200] loss: 0.020
[2,   220] loss: 0.018
[2,   240] loss: 0.017
[2,   260] loss: 0.016
[2,   280] loss: 0.015
[2,   300] loss: 0.014
[2,   320] loss: 0.013
[2,   340] loss: 0.012
[2,   360] loss: 0.012
[2,   380] loss: 0.011
[2,   400] loss: 0.011
[2,   420] loss: 0.011
[2,   440] loss: 0.011
[2,   460] loss: 0.010
[2,   480] loss: 0.010
[2,   500] loss: 0.010
[2,   520] loss: 0.010
[2,   540] loss: 0.010
[2,   560] loss: 0.010
[2,   580] loss: 0.010
[2,   600] loss: 0.010
[2,   620] loss: 0.009
[2,   640] loss: 0.009
[2,   660] loss: 0.009
