cuda:  2
color_space: YCbCr
batch_size: 5
num_epcochs: 2
learning_rate: 0.002
[1,    20] loss: 3.546
[1,    40] loss: 3.563
[1,    60] loss: 5.708
[1,    80] loss: 3.215
[1,   100] loss: 0.450
[1,   120] loss: 0.109
[1,   140] loss: 0.058
[1,   160] loss: 0.033
[1,   180] loss: 0.098
[1,   200] loss: 0.040
[1,   220] loss: 0.053
[1,   240] loss: 0.075
[1,   260] loss: 0.123
[1,   280] loss: 0.080
[1,   300] loss: 0.073
[1,   320] loss: 0.042
[1,   340] loss: 0.120
[1,   360] loss: 0.052
[1,   380] loss: 0.089
[1,   400] loss: 0.042
[1,   420] loss: 0.052
[1,   440] loss: 0.053
[1,   460] loss: 0.051
[1,   480] loss: 0.041
[1,   500] loss: 0.046
[1,   520] loss: 0.087
[1,   540] loss: 0.030
[1,   560] loss: 0.084
[1,   580] loss: 0.115
[1,   600] loss: 0.037
[1,   620] loss: 0.071
[1,   640] loss: 0.036
[1,   660] loss: 0.069
[1,   680] loss: 0.036
[1,   700] loss: 0.064
[1,   720] loss: 0.067
[1,   740] loss: 0.093
[1,   760] loss: 0.081
[1,   780] loss: 0.051
[1,   800] loss: 0.094
[1,   820] loss: 0.075
[1,   840] loss: 0.034
[1,   860] loss: 0.080
[1,   880] loss: 0.044
[1,   900] loss: 0.051
[1,   920] loss: 0.032
[1,   940] loss: 0.095
[1,   960] loss: 0.058
[1,   980] loss: 0.099
[1,  1000] loss: 0.116
[1,  1020] loss: 0.039
[1,  1040] loss: 0.039
[1,  1060] loss: 0.051
[1,  1080] loss: 0.071
[1,  1100] loss: 0.092
[1,  1120] loss: 0.035
[1,  1140] loss: 0.046
[1,  1160] loss: 0.037
[1,  1180] loss: 0.073
[1,  1200] loss: 0.090
[1,  1220] loss: 0.061
[1,  1240] loss: 0.064
[1,  1260] loss: 0.065
[1,  1280] loss: 0.075
[1,  1300] loss: 0.068
[1,  1320] loss: 0.069
[1,  1340] loss: 0.071
[1,  1360] loss: 0.070
[1,  1380] loss: 0.057
[1,  1400] loss: 0.052
[1,  1420] loss: 0.059
[1,  1440] loss: 0.049
[1,  1460] loss: 0.092
[1,  1480] loss: 0.068
[1,  1500] loss: 0.086
[1,  1520] loss: 0.044
[1,  1540] loss: 0.060
[1,  1560] loss: 0.068
[1,  1580] loss: 0.039
[1,  1600] loss: 0.089
[1,  1620] loss: 0.056
[1,  1640] loss: 0.044
[1,  1660] loss: 0.047
[1,  1680] loss: 0.041
[1,  1700] loss: 0.067
[1,  1720] loss: 0.094
[1,  1740] loss: 0.041
[1,  1760] loss: 0.101
[1,  1780] loss: 0.035
[1,  1800] loss: 0.061
[1,  1820] loss: 0.045
[1,  1840] loss: 0.055
[1,  1860] loss: 0.040
[1,  1880] loss: 0.050
[1,  1900] loss: 0.037
[1,  1920] loss: 0.042
[1,  1940] loss: 0.074
[1,  1960] loss: 0.094
[1,  1980] loss: 0.048
[1,  2000] loss: 0.079
[1,  2020] loss: 0.092
[1,  2040] loss: 0.061
[1,  2060] loss: 0.030
[1,  2080] loss: 0.061
[1,  2100] loss: 0.033
[1,  2120] loss: 0.110
[1,  2140] loss: 0.040
[1,  2160] loss: 0.061
[1,  2180] loss: 0.052
[1,  2200] loss: 0.031
[1,  2220] loss: 0.086
[1,  2240] loss: 0.067
[1,  2260] loss: 0.062
[1,  2280] loss: 0.075
[1,  2300] loss: 0.050
[1,  2320] loss: 0.073
[1,  2340] loss: 0.092
[1,  2360] loss: 0.079
[1,  2380] loss: 0.067
[1,  2400] loss: 0.039
[1,  2420] loss: 0.045
[1,  2440] loss: 0.132
[1,  2460] loss: 0.034
[1,  2480] loss: 0.042
[1,  2500] loss: 0.075
[1,  2520] loss: 0.046
[1,  2540] loss: 0.086
[1,  2560] loss: 0.061
[1,  2580] loss: 0.049
[1,  2600] loss: 0.033
[1,  2620] loss: 0.070
[1,  2640] loss: 0.080
[1,  2660] loss: 0.101
[1,  2680] loss: 0.063
[1,  2700] loss: 0.039
[1,  2720] loss: 0.064
[1,  2740] loss: 0.053
[1,  2760] loss: 0.075
[1,  2780] loss: 0.065
[1,  2800] loss: 0.060
[1,  2820] loss: 0.048
[1,  2840] loss: 0.058
[1,  2860] loss: 0.034
[1,  2880] loss: 0.068
[1,  2900] loss: 0.034
[1,  2920] loss: 0.043
[1,  2940] loss: 0.071
[1,  2960] loss: 0.110
[1,  2980] loss: 0.053
[1,  3000] loss: 0.058
[1,  3020] loss: 0.064
[1,  3040] loss: 0.084
[1,  3060] loss: 0.030
[1,  3080] loss: 0.032
[1,  3100] loss: 0.057
[1,  3120] loss: 0.067
[1,  3140] loss: 0.089
[1,  3160] loss: 0.067
[1,  3180] loss: 0.062
[1,  3200] loss: 0.034
[1,  3220] loss: 0.060
[1,  3240] loss: 0.045
[1,  3260] loss: 0.048
[1,  3280] loss: 0.096
[1,  3300] loss: 0.083
[1,  3320] loss: 0.041
[1,  3340] loss: 0.059
[1,  3360] loss: 0.040
[1,  3380] loss: 0.124
[1,  3400] loss: 0.058
[1,  3420] loss: 0.079
[1,  3440] loss: 0.104
[1,  3460] loss: 0.035
[1,  3480] loss: 0.071
[1,  3500] loss: 0.057
[1,  3520] loss: 0.055
[1,  3540] loss: 0.081
[1,  3560] loss: 0.047
[1,  3580] loss: 0.066
[1,  3600] loss: 0.103
[1,  3620] loss: 0.060
[1,  3640] loss: 0.039
[1,  3660] loss: 0.048
[1,  3680] loss: 0.056
[1,  3700] loss: 0.045
[1,  3720] loss: 0.039
[1,  3740] loss: 0.074
[1,  3760] loss: 0.045
[1,  3780] loss: 0.041
[1,  3800] loss: 0.105
[1,  3820] loss: 0.076
[1,  3840] loss: 0.071
[1,  3860] loss: 0.074
[1,  3880] loss: 0.088
[1,  3900] loss: 0.118
[1,  3920] loss: 0.083
[1,  3940] loss: 0.047
[1,  3960] loss: 0.029
[1,  3980] loss: 0.079
[1,  4000] loss: 0.069
[1,  4020] loss: 0.057
[1,  4040] loss: 0.058
[1,  4060] loss: 0.058
[1,  4080] loss: 0.082
[1,  4100] loss: 0.059
[1,  4120] loss: 0.026
[1,  4140] loss: 0.041
[1,  4160] loss: 0.073
[1,  4180] loss: 0.045
[1,  4200] loss: 0.045
[1,  4220] loss: 0.127
[1,  4240] loss: 0.055
[1,  4260] loss: 0.076
[1,  4280] loss: 0.040
[1,  4300] loss: 0.081
[1,  4320] loss: 0.069
[1,  4340] loss: 0.063
[1,  4360] loss: 0.041
[1,  4380] loss: 0.096
[1,  4400] loss: 0.085
[1,  4420] loss: 0.063
[1,  4440] loss: 0.134
[1,  4460] loss: 0.083
[1,  4480] loss: 0.128
[1,  4500] loss: 0.094
[1,  4520] loss: 0.069
[1,  4540] loss: 0.087
[1,  4560] loss: 0.074
[1,  4580] loss: 0.046
[1,  4600] loss: 0.110
[1,  4620] loss: 0.053
[1,  4640] loss: 0.039
[1,  4660] loss: 0.051
[1,  4680] loss: 0.059
[1,  4700] loss: 0.083
[1,  4720] loss: 0.037
[1,  4740] loss: 0.052
[1,  4760] loss: 0.035
[1,  4780] loss: 0.054
[1,  4800] loss: 0.059
[1,  4820] loss: 0.111
[1,  4840] loss: 0.050
[1,  4860] loss: 0.060
[1,  4880] loss: 0.077
[1,  4900] loss: 0.047
[1,  4920] loss: 0.122
[1,  4940] loss: 0.101
[1,  4960] loss: 0.051
[1,  4980] loss: 0.047
[1,  5000] loss: 0.066
[1,  5020] loss: 0.084
[1,  5040] loss: 0.072
[1,  5060] loss: 0.059
[1,  5080] loss: 0.083
[1,  5100] loss: 0.098
[1,  5120] loss: 0.084
[1,  5140] loss: 0.077
[1,  5160] loss: 0.035
[1,  5180] loss: 0.090
[1,  5200] loss: 0.179
[1,  5220] loss: 0.069
[1,  5240] loss: 0.050
[1,  5260] loss: 0.030
[1,  5280] loss: 0.050
[1,  5300] loss: 0.056
[1,  5320] loss: 0.098
[1,  5340] loss: 0.061
[1,  5360] loss: 0.090
[1,  5380] loss: 0.058
[1,  5400] loss: 0.117
[1,  5420] loss: 0.081
[1,  5440] loss: 0.072
[1,  5460] loss: 0.090
[1,  5480] loss: 0.067
[1,  5500] loss: 0.047
[1,  5520] loss: 0.058
[1,  5540] loss: 0.073
[1,  5560] loss: 0.059
[1,  5580] loss: 0.049
[1,  5600] loss: 0.072
[1,  5620] loss: 0.065
[1,  5640] loss: 0.103
[1,  5660] loss: 0.064
[1,  5680] loss: 0.089
[1,  5700] loss: 0.068
[1,  5720] loss: 0.077
[1,  5740] loss: 0.042
[1,  5760] loss: 0.090
[1,  5780] loss: 0.033
[1,  5800] loss: 0.059
[1,  5820] loss: 0.068
[1,  5840] loss: 0.036
[1,  5860] loss: 0.062
[1,  5880] loss: 0.057
[1,  5900] loss: 0.039
[1,  5920] loss: 0.059
[1,  5940] loss: 0.027
[1,  5960] loss: 0.063
[1,  5980] loss: 0.055
[1,  6000] loss: 0.027
[1,  6020] loss: 0.061
[1,  6040] loss: 0.025
[1,  6060] loss: 0.066
[1,  6080] loss: 0.076
[2,    20] loss: 0.061
[2,    40] loss: 0.038
[2,    60] loss: 0.056
[2,    80] loss: 0.053
[2,   100] loss: 0.090
[2,   120] loss: 0.047
[2,   140] loss: 0.088
[2,   160] loss: 0.022
[2,   180] loss: 0.019
[2,   200] loss: 0.065
[2,   220] loss: 0.058
[2,   240] loss: 0.101
[2,   260] loss: 0.137
[2,   280] loss: 0.110
[2,   300] loss: 0.075
[2,   320] loss: 0.051
[2,   340] loss: 0.042
[2,   360] loss: 0.058
[2,   380] loss: 0.044
[2,   400] loss: 0.068
[2,   420] loss: 0.068
[2,   440] loss: 0.090
[2,   460] loss: 0.077
[2,   480] loss: 0.086
[2,   500] loss: 0.096
[2,   520] loss: 0.088
[2,   540] loss: 0.044
[2,   560] loss: 0.038
[2,   580] loss: 0.040
[2,   600] loss: 0.043
[2,   620] loss: 0.086
[2,   640] loss: 0.023
[2,   660] loss: 0.074
[2,   680] loss: 0.025
[2,   700] loss: 0.049
[2,   720] loss: 0.107
[2,   740] loss: 0.094
[2,   760] loss: 0.115
[2,   780] loss: 0.092
[2,   800] loss: 0.104
[2,   820] loss: 0.097
[2,   840] loss: 0.058
[2,   860] loss: 0.114
[2,   880] loss: 0.099
[2,   900] loss: 0.090
[2,   920] loss: 0.111
[2,   940] loss: 0.054
[2,   960] loss: 0.066
[2,   980] loss: 0.120
[2,  1000] loss: 0.103
[2,  1020] loss: 0.124
[2,  1040] loss: 0.086
[2,  1060] loss: 0.089
[2,  1080] loss: 0.096
[2,  1100] loss: 0.037
[2,  1120] loss: 0.068
[2,  1140] loss: 0.076
[2,  1160] loss: 0.054
[2,  1180] loss: 0.049
[2,  1200] loss: 0.106
[2,  1220] loss: 0.057
[2,  1240] loss: 0.059
[2,  1260] loss: 0.129
[2,  1280] loss: 0.119
[2,  1300] loss: 0.080
[2,  1320] loss: 0.083
[2,  1340] loss: 0.066
[2,  1360] loss: 0.147
[2,  1380] loss: 0.081
[2,  1400] loss: 0.091
[2,  1420] loss: 0.041
[2,  1440] loss: 0.109
[2,  1460] loss: 0.057
[2,  1480] loss: 0.186
[2,  1500] loss: 0.089
[2,  1520] loss: 0.121
[2,  1540] loss: 0.082
[2,  1560] loss: 0.062
[2,  1580] loss: 0.027
[2,  1600] loss: 0.054
[2,  1620] loss: 0.060
[2,  1640] loss: 0.124
[2,  1660] loss: 0.060
[2,  1680] loss: 0.082
[2,  1700] loss: 0.051
[2,  1720] loss: 0.087
[2,  1740] loss: 0.116
[2,  1760] loss: 0.177
[2,  1780] loss: 0.079
[2,  1800] loss: 0.041
[2,  1820] loss: 0.129
[2,  1840] loss: 0.134
[2,  1860] loss: 0.087
[2,  1880] loss: 0.110
[2,  1900] loss: 0.062
[2,  1920] loss: 0.056
[2,  1940] loss: 0.087
[2,  1960] loss: 0.076
[2,  1980] loss: 0.105
[2,  2000] loss: 0.107
[2,  2020] loss: 0.068
[2,  2040] loss: 0.084
[2,  2060] loss: 0.043
[2,  2080] loss: 0.076
[2,  2100] loss: 0.074
[2,  2120] loss: 0.053
[2,  2140] loss: 0.046
[2,  2160] loss: 0.054
[2,  2180] loss: 0.072
[2,  2200] loss: 0.059
[2,  2220] loss: 0.087
[2,  2240] loss: 0.076
[2,  2260] loss: 0.044
[2,  2280] loss: 0.080
[2,  2300] loss: 0.084
[2,  2320] loss: 0.139
[2,  2340] loss: 0.083
[2,  2360] loss: 0.049
[2,  2380] loss: 0.058
[2,  2400] loss: 0.105
[2,  2420] loss: 0.053
[2,  2440] loss: 0.050
[2,  2460] loss: 0.140
[2,  2480] loss: 0.059
[2,  2500] loss: 0.069
[2,  2520] loss: 0.071
[2,  2540] loss: 0.052
[2,  2560] loss: 0.054
[2,  2580] loss: 0.067
[2,  2600] loss: 0.082
[2,  2620] loss: 0.103
[2,  2640] loss: 14.959
[2,  2660] loss: 79870859.966
[2,  2680] loss: 742279564.591
[2,  2700] loss: 991161960801.600
[2,  2720] loss: 108273832345.600
[2,  2740] loss: 3600960905.600
[2,  2760] loss: 471172308.200
[2,  2780] loss: 127102305.400
[2,  2800] loss: 62520954.900
[2,  2820] loss: 31886268.800
[2,  2840] loss: 23334944.600
[2,  2860] loss: 20590698.775
[2,  2880] loss: 22923856.925
[2,  2900] loss: 21489586.812
[2,  2920] loss: 22282578.725
[2,  2940] loss: 18962078.762
[2,  2960] loss: 15243653.225
[2,  2980] loss: 14423177.500
[2,  3000] loss: 17945870.100
[2,  3020] loss: 15460814.975
[2,  3040] loss: 16536778.700
[2,  3060] loss: 10369612.708
[2,  3080] loss: 14279279.113
[2,  3100] loss: 10816996.900
[2,  3120] loss: 10702201.731
[2,  3140] loss: 11630946.259
[2,  3160] loss: 8520003.025
[2,  3180] loss: 12115871.175
[2,  3200] loss: 10260549.338
[2,  3220] loss: 7815283.981
[2,  3240] loss: 10136259.863
[2,  3260] loss: 9979708.950
[2,  3280] loss: 9911371.588
[2,  3300] loss: 8711910.158
[2,  3320] loss: 8441724.644
[2,  3340] loss: 8824607.256
[2,  3360] loss: 7554093.938
[2,  3380] loss: 7432130.981
[2,  3400] loss: 9257379.644
[2,  3420] loss: 8654111.650
[2,  3440] loss: 5625413.159
[2,  3460] loss: 6298853.500
[2,  3480] loss: 7186464.100
[2,  3500] loss: 5503024.400
[2,  3520] loss: 5394326.975
[2,  3540] loss: 5082965.245
[2,  3560] loss: 4326699.094
[2,  3580] loss: 4928458.059
[2,  3600] loss: 5873926.169
[2,  3620] loss: 5320744.612
[2,  3640] loss: 4498545.075
[2,  3660] loss: 4965545.956
[2,  3680] loss: 3387680.119
[2,  3700] loss: 4789008.291
[2,  3720] loss: 5058752.011
[2,  3740] loss: 4753182.134
[2,  3760] loss: 4407638.675
[2,  3780] loss: 4289541.086
[2,  3800] loss: 2977164.417
[2,  3820] loss: 3962935.415
[2,  3840] loss: 3631248.356
[2,  3860] loss: 3778909.269
[2,  3880] loss: 2532037.116
[2,  3900] loss: 3185089.533
[2,  3920] loss: 3780481.050
[2,  3940] loss: 4308569.695
[2,  3960] loss: 3927107.856
[2,  3980] loss: 2802190.984
[2,  4000] loss: 2366606.709
[2,  4020] loss: 2820949.193
[2,  4040] loss: 3093556.381
[2,  4060] loss: 2510715.120
[2,  4080] loss: 2985013.969
[2,  4100] loss: 2275467.997
[2,  4120] loss: 2302607.645
[2,  4140] loss: 2810151.933
[2,  4160] loss: 1525236.137
[2,  4180] loss: 2370259.275
[2,  4200] loss: 2741639.106
[2,  4220] loss: 2254520.596
[2,  4240] loss: 2061838.403
[2,  4260] loss: 1792028.505
[2,  4280] loss: 2319095.459
[2,  4300] loss: 1770924.722
[2,  4320] loss: 1798218.420
[2,  4340] loss: 2484780.561
[2,  4360] loss: 2193598.941
[2,  4380] loss: 1579604.842
[2,  4400] loss: 1132304.483
[2,  4420] loss: 1467974.109
[2,  4440] loss: 1934219.060
[2,  4460] loss: 1719338.675
[2,  4480] loss: 1728474.868
[2,  4500] loss: 1458888.514
[2,  4520] loss: 1579848.811
[2,  4540] loss: 1683505.114
[2,  4560] loss: 1711991.050
[2,  4580] loss: 1002869.410
[2,  4600] loss: 1107968.294
[2,  4620] loss: 1359099.134
[2,  4640] loss: 1757400.019
[2,  4660] loss: 1198974.905
[2,  4680] loss: 1600862.117
[2,  4700] loss: 1187259.494
[2,  4720] loss: 1497317.420
[2,  4740] loss: 1244799.381
[2,  4760] loss: 1621228.577
[2,  4780] loss: 1462095.663
[2,  4800] loss: 1189596.911
[2,  4820] loss: 1026041.210
[2,  4840] loss: 925036.272
[2,  4860] loss: 1324213.773
[2,  4880] loss: 1025752.379
[2,  4900] loss: 1082457.404
[2,  4920] loss: 1129529.666
[2,  4940] loss: 1061245.773
[2,  4960] loss: 1164872.837
[2,  4980] loss: 1095803.948
[2,  5000] loss: 1093334.416
[2,  5020] loss: 1025342.120
[2,  5040] loss: 1191287.804
[2,  5060] loss: 1200836.916
[2,  5080] loss: 958410.123
[2,  5100] loss: 836066.817
[2,  5120] loss: 1177411.738
[2,  5140] loss: 889104.041
[2,  5160] loss: 833976.250
[2,  5180] loss: 1040693.994
[2,  5200] loss: 887968.231
[2,  5220] loss: 671652.568
[2,  5240] loss: 705531.208
[2,  5260] loss: 989775.797
[2,  5280] loss: 768543.251
[2,  5300] loss: 831874.919
[2,  5320] loss: 903594.836
[2,  5340] loss: 954702.291
[2,  5360] loss: 871786.302
[2,  5380] loss: 615851.405
[2,  5400] loss: 876249.858
[2,  5420] loss: 856334.991
[2,  5440] loss: 672607.753
[2,  5460] loss: 734315.089
[2,  5480] loss: 601147.313
[2,  5500] loss: 828158.706
[2,  5520] loss: 770746.352
[2,  5540] loss: 816872.142
[2,  5560] loss: 645749.544
[2,  5580] loss: 710649.161
[2,  5600] loss: 867598.887
[2,  5620] loss: 753612.128
[2,  5640] loss: 702124.393
[2,  5660] loss: 600272.706
[2,  5680] loss: 657805.580
[2,  5700] loss: 910222.338
[2,  5720] loss: 799259.580
[2,  5740] loss: 795260.437
[2,  5760] loss: 904564.005
[2,  5780] loss: 733306.733
[2,  5800] loss: 533862.334
[2,  5820] loss: 795638.571
[2,  5840] loss: 565317.454
[2,  5860] loss: 720567.559
[2,  5880] loss: 546821.123
[2,  5900] loss: 639038.375
[2,  5920] loss: 628202.644
[2,  5940] loss: 586686.312
[2,  5960] loss: 752827.450
[2,  5980] loss: 520247.771
[2,  6000] loss: 390462.856
[2,  6020] loss: 474753.452
[2,  6040] loss: 642333.963
[2,  6060] loss: 511790.769
[2,  6080] loss: 451157.516
[1,    20] loss: 4415394.899
[1,    40] loss: 2753856.643
[1,    60] loss: 2137875.080
[1,    80] loss: 1609646.466
[1,   100] loss: 1373397.579
[1,   120] loss: 1199438.120
[1,   140] loss: 1067741.452
[1,   160] loss: 938031.133
[1,   180] loss: 848824.840
[1,   200] loss: 792988.135
[1,   220] loss: 777429.448
[1,   240] loss: 734561.664
[1,   260] loss: 811213.748
[1,   280] loss: 816997.148
[1,   300] loss: 778780.006
[1,   320] loss: 746096.977
[1,   340] loss: 766337.750
[1,   360] loss: 840482.759
[1,   380] loss: 875698.205
[1,   400] loss: 1026322.465
[1,   420] loss: 1164181.130
[1,   440] loss: 1192405.084
[1,   460] loss: 1161734.936
[1,   480] loss: 1141181.642
[1,   500] loss: 1125517.836
[1,   520] loss: 1094550.005
[1,   540] loss: 1058390.138
[1,   560] loss: 1024088.943
[1,   580] loss: 995881.100
[1,   600] loss: 965388.994
[1,   620] loss: 950739.632
[1,   640] loss: 943973.579
[1,   660] loss: 933404.175
[2,    20] loss: 4415394.899
[2,    40] loss: 2753856.643
[2,    60] loss: 2137875.080
[2,    80] loss: 1609646.466
[2,   100] loss: 1373397.579
[2,   120] loss: 1199438.120
[2,   140] loss: 1067741.452
[2,   160] loss: 938031.133
[2,   180] loss: 848824.840
[2,   200] loss: 792988.135
[2,   220] loss: 777429.448
[2,   240] loss: 734561.664
[2,   260] loss: 811213.748
[2,   280] loss: 816997.148
[2,   300] loss: 778780.006
[2,   320] loss: 746096.977
[2,   340] loss: 766337.750
[2,   360] loss: 840482.759
[2,   380] loss: 875698.205
[2,   400] loss: 1026322.465
[2,   420] loss: 1164181.130
[2,   440] loss: 1192405.084
[2,   460] loss: 1161734.936
[2,   480] loss: 1141181.642
[2,   500] loss: 1125517.836
[2,   520] loss: 1094550.005
[2,   540] loss: 1058390.138
[2,   560] loss: 1024088.943
[2,   580] loss: 995881.100
[2,   600] loss: 965388.994
[2,   620] loss: 950739.632
[2,   640] loss: 943973.579
[2,   660] loss: 933404.175
