cuda:  1
color_space: YCbCr
batch_size: 5
num_epcochs: 2
learning_rate: 0.002
[1,    20] loss: 0.417
[1,    40] loss: 0.171
[1,    60] loss: 0.143
[1,    80] loss: 0.069
[1,   100] loss: 0.107
[1,   120] loss: 0.099
[1,   140] loss: 0.093
[1,   160] loss: 0.101
[1,   180] loss: 0.081
[1,   200] loss: 0.091
[1,   220] loss: 0.068
[1,   240] loss: 0.117
[1,   260] loss: 0.097
[1,   280] loss: 0.061
[1,   300] loss: 0.051
[1,   320] loss: 0.073
[1,   340] loss: 0.129
[1,   360] loss: 0.108
[1,   380] loss: 0.079
[1,   400] loss: 0.095
[1,   420] loss: 0.080
[1,   440] loss: 0.080
[1,   460] loss: 0.158
[1,   480] loss: 0.118
[1,   500] loss: 0.112
[1,   520] loss: 0.035
[1,   540] loss: 0.110
[1,   560] loss: 0.083
[1,   580] loss: 0.039
[1,   600] loss: 0.101
[1,   620] loss: 0.071
[1,   640] loss: 0.068
[1,   660] loss: 0.071
[1,   680] loss: 0.057
[1,   700] loss: 0.061
[1,   720] loss: 0.048
[1,   740] loss: 0.123
[1,   760] loss: 0.055
[1,   780] loss: 0.076
[1,   800] loss: 0.062
[1,   820] loss: 0.063
[1,   840] loss: 0.050
[1,   860] loss: 0.110
[1,   880] loss: 0.076
[1,   900] loss: 0.063
[1,   920] loss: 0.105
[1,   940] loss: 0.201
[1,   960] loss: 0.040
[1,   980] loss: 0.052
[1,  1000] loss: 0.058
[1,  1020] loss: 0.067
[1,  1040] loss: 0.184
[1,  1060] loss: 0.097
[1,  1080] loss: 0.064
[1,  1100] loss: 0.130
[1,  1120] loss: 0.074
[1,  1140] loss: 0.117
[1,  1160] loss: 0.120
[1,  1180] loss: 0.072
[1,  1200] loss: 0.093
[1,  1220] loss: 0.050
[1,  1240] loss: 0.101
[1,  1260] loss: 0.081
[1,  1280] loss: 0.068
[1,  1300] loss: 0.070
[1,  1320] loss: 0.043
[1,  1340] loss: 0.140
[1,  1360] loss: 0.064
[1,  1380] loss: 0.098
[1,  1400] loss: 0.072
[1,  1420] loss: 0.078
[1,  1440] loss: 0.047
[1,  1460] loss: 0.066
[1,  1480] loss: 0.128
[1,  1500] loss: 0.080
[1,  1520] loss: 0.047
[1,  1540] loss: 0.102
[1,  1560] loss: 0.071
[1,  1580] loss: 0.066
[1,  1600] loss: 0.083
[1,  1620] loss: 0.047
[1,  1640] loss: 0.037
[1,  1660] loss: 0.108
[1,  1680] loss: 0.086
[1,  1700] loss: 0.096
[1,  1720] loss: 0.152
[1,  1740] loss: 0.092
[1,  1760] loss: 0.074
[1,  1780] loss: 2976.623
[1,  1800] loss: 646380254.710
[1,  1820] loss: 1191579161.675
[1,  1840] loss: 229217193.287
[1,  1860] loss: 5651540.409
[1,  1880] loss: 605423.666
[1,  1900] loss: 75116.512
[1,  1920] loss: 57022.242
[1,  1940] loss: 42009.960
[1,  1960] loss: 42207.819
[1,  1980] loss: 36381.535
[1,  2000] loss: 30942.020
[1,  2020] loss: 25288.796
[1,  2040] loss: 23945.052
[1,  2060] loss: 24779.164
[1,  2080] loss: 25880.425
[1,  2100] loss: 17365.897
[1,  2120] loss: 17618.647
[1,  2140] loss: 14675.963
[1,  2160] loss: 16047.563
[1,  2180] loss: 12533.546
[1,  2200] loss: 16852.757
[1,  2220] loss: 12943.649
[1,  2240] loss: 11243.104
[1,  2260] loss: 10541.780
[1,  2280] loss: 7860.689
[1,  2300] loss: 9518.981
[1,  2320] loss: 7173.921
[1,  2340] loss: 7269.898
[1,  2360] loss: 7669.458
[1,  2380] loss: 6604.493
[1,  2400] loss: 6129.207
[1,  2420] loss: 6193.970
[1,  2440] loss: 5338.414
[1,  2460] loss: 5466.441
[1,  2480] loss: 6372.043
[1,  2500] loss: 4958.347
[1,  2520] loss: 4238.533
[1,  2540] loss: 3625.669
[1,  2560] loss: 5791.983
[1,  2580] loss: 3743.822
[1,  2600] loss: 4623.523
[1,  2620] loss: 4399.277
[1,  2640] loss: 2874.603
[1,  2660] loss: 4016.813
[1,  2680] loss: 3325.454
[1,  2700] loss: 3205.345
[1,  2720] loss: 2171.630
[1,  2740] loss: 3273.408
[1,  2760] loss: 2986.004
[1,  2780] loss: 3947.460
[1,  2800] loss: 2739.979
[1,  2820] loss: 2121.961
[1,  2840] loss: 2685.759
[1,  2860] loss: 1920.599
[1,  2880] loss: 2009.445
[1,  2900] loss: 2454.934
[1,  2920] loss: 1962.009
[1,  2940] loss: 2050.707
[1,  2960] loss: 1842.653
[1,  2980] loss: 1605.404
[1,  3000] loss: 1542.145
[1,  3020] loss: 1524.707
[1,  3040] loss: 1336.772
[1,  3060] loss: 1551.782
[1,  3080] loss: 1493.290
[1,  3100] loss: 1671.483
[1,  3120] loss: 1145.003
[1,  3140] loss: 1738.469
[1,  3160] loss: 1394.168
[1,  3180] loss: 1259.595
[1,  3200] loss: 1457.307
[1,  3220] loss: 978.384
[1,  3240] loss: 1187.871
[1,  3260] loss: 1453.137
[1,  3280] loss: 870.166
[1,  3300] loss: 1088.496
[1,  3320] loss: 1062.582
[1,  3340] loss: 1336.334
[1,  3360] loss: 866.622
[1,  3380] loss: 931.093
[1,  3400] loss: 888.178
[1,  3420] loss: 914.442
[1,  3440] loss: 837.492
[1,  3460] loss: 955.746
[1,  3480] loss: 1344.831
[1,  3500] loss: 635.096
[1,  3520] loss: 809.001
[1,  3540] loss: 723.134
[1,  3560] loss: 828.395
[1,  3580] loss: 580.426
[1,  3600] loss: 562.831
[1,  3620] loss: 629.692
[1,  3640] loss: 785.561
[1,  3660] loss: 768.861
[1,  3680] loss: 1119.227
[1,  3700] loss: 496.318
[1,  3720] loss: 743.397
[1,  3740] loss: 657.690
[1,  3760] loss: 802.380
[1,  3780] loss: 679.155
[1,  3800] loss: 559.622
[1,  3820] loss: 668.851
[1,  3840] loss: 486.248
[1,  3860] loss: 594.307
[1,  3880] loss: 610.690
[1,  3900] loss: 676.714
[1,  3920] loss: 493.699
[1,  3940] loss: 340.449
[1,  3960] loss: 375.505
[1,  3980] loss: 638.712
[1,  4000] loss: 631.927
[1,  4020] loss: 596.637
[1,  4040] loss: 329.938
[1,  4060] loss: 777.251
[1,  4080] loss: 551.290
[1,  4100] loss: 493.266
[1,  4120] loss: 475.734
[1,  4140] loss: 538.365
[1,  4160] loss: 339.994
[1,  4180] loss: 327.274
[1,  4200] loss: 376.100
[1,  4220] loss: 409.732
[1,  4240] loss: 291.951
[1,  4260] loss: 399.563
[1,  4280] loss: 392.779
[1,  4300] loss: 432.049
[1,  4320] loss: 342.816
[1,  4340] loss: 299.094
[1,  4360] loss: 413.765
[1,  4380] loss: 311.765
[1,  4400] loss: 405.565
[1,  4420] loss: 374.969
[1,  4440] loss: 405.574
[1,  4460] loss: 287.804
[1,  4480] loss: 237.172
[1,  4500] loss: 325.295
[1,  4520] loss: 783.819
[1,  4540] loss: 552.530
[1,  4560] loss: 301.761
[1,  4580] loss: 391.655
[1,  4600] loss: 279.206
[1,  4620] loss: 305.946
[1,  4640] loss: 266.189
[1,  4660] loss: 532.933
[1,  4680] loss: 308.736
[1,  4700] loss: 224.743
[1,  4720] loss: 225.362
[1,  4740] loss: 312.436
[1,  4760] loss: 257.390
[1,  4780] loss: 312.799
[1,  4800] loss: 389.414
[1,  4820] loss: 244.248
[1,  4840] loss: 251.871
[1,  4860] loss: 315.623
[1,  4880] loss: 379.991
[1,  4900] loss: 274.764
[1,  4920] loss: 581.801
[1,  4940] loss: 586.022
[1,  4960] loss: 270.171
[1,  4980] loss: 254.970
[1,  5000] loss: 428.960
[1,  5020] loss: 539.101
[1,  5040] loss: 195.471
[1,  5060] loss: 244.218
[1,  5080] loss: 288.678
[1,  5100] loss: 298.701
[1,  5120] loss: 259.174
[1,  5140] loss: 214.652
[1,  5160] loss: 225.536
[1,  5180] loss: 308.815
[1,  5200] loss: 474.851
[1,  5220] loss: 355.818
[1,  5240] loss: 225.936
[1,  5260] loss: 257.026
[1,  5280] loss: 286.998
[1,  5300] loss: 410.727
[1,  5320] loss: 369.100
[1,  5340] loss: 224.535
[1,  5360] loss: 211.013
[1,  5380] loss: 159.444
[1,  5400] loss: 214.647
[1,  5420] loss: 211.013
[1,  5440] loss: 557.383
[1,  5460] loss: 508.058
[1,  5480] loss: 278.650
[1,  5500] loss: 540.150
[1,  5520] loss: 406.625
[1,  5540] loss: 315.536
[1,  5560] loss: 309.948
[1,  5580] loss: 241.060
[1,  5600] loss: 180.779
[1,  5620] loss: 318.045
[1,  5640] loss: 302.151
[1,  5660] loss: 237.216
[1,  5680] loss: 242.039
[1,  5700] loss: 219.462
[1,  5720] loss: 182.840
[1,  5740] loss: 171.533
[1,  5760] loss: 230.862
[1,  5780] loss: 151.626
[1,  5800] loss: 129.218
[1,  5820] loss: 157.559
[1,  5840] loss: 369.613
[1,  5860] loss: 552.244
[1,  5880] loss: 341.115
[1,  5900] loss: 1328.392
[1,  5920] loss: 1492.071
[1,  5940] loss: 261.699
[1,  5960] loss: 189.107
[1,  5980] loss: 453.661
[1,  6000] loss: 257.315
[1,  6020] loss: 263.974
[1,  6040] loss: 1070.735
[1,  6060] loss: 2222.604
[1,  6080] loss: 1292.481
[2,    20] loss: 221.938
[2,    40] loss: 193.641
[2,    60] loss: 157.449
[2,    80] loss: 144.034
[2,   100] loss: 149.406
[2,   120] loss: 137.489
[2,   140] loss: 101.604
[2,   160] loss: 158.985
[2,   180] loss: 138.793
[2,   200] loss: 182.571
[2,   220] loss: 169.741
[2,   240] loss: 209.958
[2,   260] loss: 389.495
[2,   280] loss: 244.210
[2,   300] loss: 326.160
[2,   320] loss: 455.692
[2,   340] loss: 820.382
[2,   360] loss: 328.404
[2,   380] loss: 217.902
[2,   400] loss: 762.740
[2,   420] loss: 219.985
[2,   440] loss: 127.012
[2,   460] loss: 115.983
[2,   480] loss: 121.185
[2,   500] loss: 327.910
[2,   520] loss: 1219.909
[2,   540] loss: 1794.514
[2,   560] loss: 272.333
[2,   580] loss: 260.388
[2,   600] loss: 1074.462
[2,   620] loss: 411.606
[2,   640] loss: 132.956
[2,   660] loss: 310.720
[2,   680] loss: 1261.131
[2,   700] loss: 27972.133
[2,   720] loss: 271685.132
[2,   740] loss: 607214.820
[2,   760] loss: 122925.093
[2,   780] loss: 32718.511
[2,   800] loss: 5212.039
[2,   820] loss: 1285.193
[2,   840] loss: 270.558
[2,   860] loss: 139.096
[2,   880] loss: 123.122
[2,   900] loss: 81.562
[2,   920] loss: 90.330
[2,   940] loss: 81.911
[2,   960] loss: 68.882
[2,   980] loss: 89.702
[2,  1000] loss: 69.383
[2,  1020] loss: 79.965
[2,  1040] loss: 71.446
[2,  1060] loss: 74.018
[2,  1080] loss: 64.357
[2,  1100] loss: 59.358
[2,  1120] loss: 45.904
[2,  1140] loss: 59.177
[2,  1160] loss: 54.921
[2,  1180] loss: 49.952
[2,  1200] loss: 53.140
[2,  1220] loss: 44.369
[2,  1240] loss: 51.186
[2,  1260] loss: 48.508
[2,  1280] loss: 41.997
[2,  1300] loss: 54.951
[2,  1320] loss: 42.864
[2,  1340] loss: 39.673
[2,  1360] loss: 56.484
[2,  1380] loss: 38.019
[2,  1400] loss: 36.572
[2,  1420] loss: 42.959
[2,  1440] loss: 56.606
[2,  1460] loss: 45.051
[2,  1480] loss: 35.615
[2,  1500] loss: 40.795
[2,  1520] loss: 34.965
[2,  1540] loss: 33.022
[2,  1560] loss: 36.698
[2,  1580] loss: 29.221
[2,  1600] loss: 35.534
[2,  1620] loss: 38.884
[2,  1640] loss: 33.992
[2,  1660] loss: 40.011
[2,  1680] loss: 43.663
[2,  1700] loss: 34.069
[2,  1720] loss: 30.593
[2,  1740] loss: 36.164
[2,  1760] loss: 30.126
[2,  1780] loss: 31.386
[2,  1800] loss: 26.903
[2,  1820] loss: 41.378
[2,  1840] loss: 26.943
[2,  1860] loss: 31.669
[2,  1880] loss: 28.633
[2,  1900] loss: 22.568
[2,  1920] loss: 33.789
[2,  1940] loss: 23.418
[2,  1960] loss: 19.477
[2,  1980] loss: 25.370
[2,  2000] loss: 26.093
[2,  2020] loss: 28.577
[2,  2040] loss: 20.847
[2,  2060] loss: 27.408
[2,  2080] loss: 21.574
[2,  2100] loss: 20.891
[2,  2120] loss: 32.214
[2,  2140] loss: 23.640
[2,  2160] loss: 27.095
[2,  2180] loss: 25.222
[2,  2200] loss: 27.498
[2,  2220] loss: 18.001
[2,  2240] loss: 25.391
[2,  2260] loss: 22.488
[2,  2280] loss: 13.526
[2,  2300] loss: 21.994
[2,  2320] loss: 18.656
[2,  2340] loss: 20.111
[2,  2360] loss: 27.783
[2,  2380] loss: 19.688
[2,  2400] loss: 19.325
[2,  2420] loss: 18.403
[2,  2440] loss: 22.126
[2,  2460] loss: 17.325
[2,  2480] loss: 20.793
[2,  2500] loss: 18.711
[2,  2520] loss: 16.170
[2,  2540] loss: 20.549
[2,  2560] loss: 18.738
[2,  2580] loss: 13.462
[2,  2600] loss: 20.467
[2,  2620] loss: 16.683
[2,  2640] loss: 17.070
[2,  2660] loss: 15.808
[2,  2680] loss: 18.449
[2,  2700] loss: 16.607
[2,  2720] loss: 23.695
[2,  2740] loss: 23.394
[2,  2760] loss: 16.066
[2,  2780] loss: 12.838
[2,  2800] loss: 15.331
[2,  2820] loss: 15.478
[2,  2840] loss: 22.416
[2,  2860] loss: 14.642
[2,  2880] loss: 19.071
[2,  2900] loss: 24.706
[2,  2920] loss: 15.716
[2,  2940] loss: 21.111
[2,  2960] loss: 13.170
[2,  2980] loss: 11.323
[2,  3000] loss: 15.642
[2,  3020] loss: 13.841
[2,  3040] loss: 16.281
[2,  3060] loss: 17.641
[2,  3080] loss: 11.140
[2,  3100] loss: 10.437
[2,  3120] loss: 15.322
[2,  3140] loss: 15.068
[2,  3160] loss: 8.526
[2,  3180] loss: 14.688
[2,  3200] loss: 13.280
[2,  3220] loss: 17.063
[2,  3240] loss: 11.307
[2,  3260] loss: 12.834
[2,  3280] loss: 10.380
[2,  3300] loss: 11.387
[2,  3320] loss: 13.433
[2,  3340] loss: 16.272
[2,  3360] loss: 10.920
[2,  3380] loss: 8.865
[2,  3400] loss: 9.370
[2,  3420] loss: 20.135
[2,  3440] loss: 20.765
[2,  3460] loss: 13.307
[2,  3480] loss: 11.886
[2,  3500] loss: 9.754
[2,  3520] loss: 8.994
[2,  3540] loss: 10.962
[2,  3560] loss: 9.614
[2,  3580] loss: 11.282
[2,  3600] loss: 30.861
[2,  3620] loss: 20.014
[2,  3640] loss: 9.194
[2,  3660] loss: 12.652
[2,  3680] loss: 10.796
[2,  3700] loss: 9.182
[2,  3720] loss: 8.005
[2,  3740] loss: 6.480
[2,  3760] loss: 6.497
[2,  3780] loss: 8.888
[2,  3800] loss: 9.135
[2,  3820] loss: 12.149
[2,  3840] loss: 11.768
[2,  3860] loss: 8.610
[2,  3880] loss: 10.989
[2,  3900] loss: 8.632
[2,  3920] loss: 11.640
[2,  3940] loss: 14.724
[2,  3960] loss: 15.475
[2,  3980] loss: 9.876
[2,  4000] loss: 8.216
[2,  4020] loss: 10.980
[2,  4040] loss: 8.503
[2,  4060] loss: 8.276
[2,  4080] loss: 8.350
[2,  4100] loss: 12.143
[2,  4120] loss: 9.419
[2,  4140] loss: 11.620
[2,  4160] loss: 7.898
[2,  4180] loss: 8.090
[2,  4200] loss: 6.277
[2,  4220] loss: 6.884
[2,  4240] loss: 5.605
[2,  4260] loss: 5.607
[2,  4280] loss: 5.371
[2,  4300] loss: 7.033
[2,  4320] loss: 7.323
[2,  4340] loss: 9.509
[2,  4360] loss: 12.205
[2,  4380] loss: 7.117
[2,  4400] loss: 7.583
[2,  4420] loss: 6.603
[2,  4440] loss: 6.219
[2,  4460] loss: 9.329
[2,  4480] loss: 15.338
[2,  4500] loss: 6.003
[2,  4520] loss: 5.583
[2,  4540] loss: 5.323
[2,  4560] loss: 19.182
[2,  4580] loss: 12.492
[2,  4600] loss: 5.634
[2,  4620] loss: 5.954
[2,  4640] loss: 9.696
[2,  4660] loss: 10.221
[2,  4680] loss: 6.970
[2,  4700] loss: 9.645
[2,  4720] loss: 5.222
[2,  4740] loss: 11.911
[2,  4760] loss: 13.335
[2,  4780] loss: 3.845
[2,  4800] loss: 3.348
[2,  4820] loss: 5.773
[2,  4840] loss: 5.920
[2,  4860] loss: 6.800
[2,  4880] loss: 3.919
[2,  4900] loss: 4.890
[2,  4920] loss: 6.405
[2,  4940] loss: 4.433
[2,  4960] loss: 5.775
[2,  4980] loss: 12.092
[2,  5000] loss: 7.170
[2,  5020] loss: 2.951
[2,  5040] loss: 14.890
[2,  5060] loss: 61.545
[2,  5080] loss: 14.390
[2,  5100] loss: 14.432
[2,  5120] loss: 9.258
[2,  5140] loss: 7.623
[2,  5160] loss: 5.802
[2,  5180] loss: 2.919
[2,  5200] loss: 5.348
[2,  5220] loss: 8.699
[2,  5240] loss: 4.619
[2,  5260] loss: 2.819
[2,  5280] loss: 4.198
[2,  5300] loss: 6.899
[2,  5320] loss: 11.350
[2,  5340] loss: 6.101
[2,  5360] loss: 4.235
[2,  5380] loss: 4.017
[2,  5400] loss: 7.458
[2,  5420] loss: 11.347
[2,  5440] loss: 4.751
[2,  5460] loss: 3.318
[2,  5480] loss: 3.985
[2,  5500] loss: 5.114
[2,  5520] loss: 3.695
[2,  5540] loss: 3.854
[2,  5560] loss: 4.208
[2,  5580] loss: 4.624
[2,  5600] loss: 4.912
[2,  5620] loss: 2.785
[2,  5640] loss: 3.707
[2,  5660] loss: 2.366
[2,  5680] loss: 2.823
[2,  5700] loss: 5.247
[2,  5720] loss: 6.952
[2,  5740] loss: 4.006
[2,  5760] loss: 5.598
[2,  5780] loss: 3.602
[2,  5800] loss: 11.326
[2,  5820] loss: 22.700
[2,  5840] loss: 58.191
[2,  5860] loss: 135.072
[2,  5880] loss: 242.882
[2,  5900] loss: 185.761
[2,  5920] loss: 60.777
[2,  5940] loss: 41.777
[2,  5960] loss: 9.078
[2,  5980] loss: 9.165
[2,  6000] loss: 11.538
[2,  6020] loss: 4.355
[2,  6040] loss: 8.655
[2,  6060] loss: 7.055
[2,  6080] loss: 13.881
[1,    20] loss: 15.683
[1,    40] loss: 14.407
[1,    60] loss: 10.128
[1,    80] loss: 8.012
[1,   100] loss: 6.675
[1,   120] loss: 6.064
[1,   140] loss: 5.321
[1,   160] loss: 4.700
[1,   180] loss: 4.323
[1,   200] loss: 4.165
[1,   220] loss: 3.807
[1,   240] loss: 3.500
[1,   260] loss: 3.268
[1,   280] loss: 3.304
[1,   300] loss: 3.820
[1,   320] loss: 4.368
[1,   340] loss: 4.708
[1,   360] loss: 4.911
[1,   380] loss: 4.834
[1,   400] loss: 4.672
[1,   420] loss: 4.469
[1,   440] loss: 4.356
[1,   460] loss: 4.282
[1,   480] loss: 4.129
[1,   500] loss: 4.014
[1,   520] loss: 3.910
[1,   540] loss: 3.866
[1,   560] loss: 3.760
[1,   580] loss: 3.657
[1,   600] loss: 3.647
[1,   620] loss: 3.540
[1,   640] loss: 3.598
[1,   660] loss: 3.817
[2,    20] loss: 15.683
[2,    40] loss: 14.407
[2,    60] loss: 10.128
[2,    80] loss: 8.012
[2,   100] loss: 6.675
[2,   120] loss: 6.064
[2,   140] loss: 5.321
[2,   160] loss: 4.700
[2,   180] loss: 4.323
[2,   200] loss: 4.165
[2,   220] loss: 3.807
[2,   240] loss: 3.500
[2,   260] loss: 3.268
[2,   280] loss: 3.304
[2,   300] loss: 3.820
[2,   320] loss: 4.368
[2,   340] loss: 4.708
[2,   360] loss: 4.911
[2,   380] loss: 4.834
[2,   400] loss: 4.672
[2,   420] loss: 4.469
[2,   440] loss: 4.356
[2,   460] loss: 4.282
[2,   480] loss: 4.129
[2,   500] loss: 4.014
[2,   520] loss: 3.910
[2,   540] loss: 3.866
[2,   560] loss: 3.760
[2,   580] loss: 3.657
[2,   600] loss: 3.647
[2,   620] loss: 3.540
[2,   640] loss: 3.598
[2,   660] loss: 3.817
