cuda:  0
color_space: YCbCr
batch_size: 5
num_epcochs: 2
learning_rate: 0.002
[1,    20] loss: 0.498
[1,    40] loss: 0.956
[1,    60] loss: 0.198
[1,    80] loss: 0.065
[1,   100] loss: 0.104
[1,   120] loss: 0.092
[1,   140] loss: 0.106
[1,   160] loss: 0.063
[1,   180] loss: 0.062
[1,   200] loss: 0.106
[1,   220] loss: 0.054
[1,   240] loss: 0.059
[1,   260] loss: 0.064
[1,   280] loss: 0.112
[1,   300] loss: 0.054
[1,   320] loss: 0.115
[1,   340] loss: 0.039
[1,   360] loss: 0.122
[1,   380] loss: 0.109
[1,   400] loss: 0.100
[1,   420] loss: 0.085
[1,   440] loss: 0.036
[1,   460] loss: 0.061
[1,   480] loss: 0.078
[1,   500] loss: 0.050
[1,   520] loss: 0.075
[1,   540] loss: 0.041
[1,   560] loss: 0.040
[1,   580] loss: 0.035
[1,   600] loss: 0.052
[1,   620] loss: 0.076
[1,   640] loss: 0.063
[1,   660] loss: 0.101
[1,   680] loss: 0.035
[1,   700] loss: 0.105
[1,   720] loss: 0.075
[1,   740] loss: 0.099
[1,   760] loss: 0.055
[1,   780] loss: 0.062
[1,   800] loss: 0.085
[1,   820] loss: 0.034
[1,   840] loss: 0.093
[1,   860] loss: 0.033
[1,   880] loss: 0.039
[1,   900] loss: 0.046
[1,   920] loss: 0.120
[1,   940] loss: 0.064
[1,   960] loss: 0.082
[1,   980] loss: 0.100
[1,  1000] loss: 0.099
[1,  1020] loss: 0.023
[1,  1040] loss: 0.073
[1,  1060] loss: 0.130
[1,  1080] loss: 0.078
[1,  1100] loss: 0.042
[1,  1120] loss: 0.027
[1,  1140] loss: 0.043
[1,  1160] loss: 0.106
[1,  1180] loss: 0.044
[1,  1200] loss: 0.071
[1,  1220] loss: 0.052
[1,  1240] loss: 0.054
[1,  1260] loss: 0.039
[1,  1280] loss: 0.143
[1,  1300] loss: 0.081
[1,  1320] loss: 0.041
[1,  1340] loss: 0.052
[1,  1360] loss: 0.103
[1,  1380] loss: 0.084
[1,  1400] loss: 0.033
[1,  1420] loss: 0.056
[1,  1440] loss: 0.145
[1,  1460] loss: 0.105
[1,  1480] loss: 0.065
[1,  1500] loss: 0.046
[1,  1520] loss: 0.074
[1,  1540] loss: 0.055
[1,  1560] loss: 0.123
[1,  1580] loss: 0.058
[1,  1600] loss: 0.076
[1,  1620] loss: 0.088
[1,  1640] loss: 0.066
[1,  1660] loss: 0.045
[1,  1680] loss: 0.093
[1,  1700] loss: 0.032
[1,  1720] loss: 0.085
[1,  1740] loss: 0.071
[1,  1760] loss: 0.069
[1,  1780] loss: 0.036
[1,  1800] loss: 0.074
[1,  1820] loss: 0.090
[1,  1840] loss: 0.060
[1,  1860] loss: 0.082
[1,  1880] loss: 0.059
[1,  1900] loss: 0.048
[1,  1920] loss: 0.111
[1,  1940] loss: 0.102
[1,  1960] loss: 0.086
[1,  1980] loss: 0.050
[1,  2000] loss: 0.065
[1,  2020] loss: 0.074
[1,  2040] loss: 0.063
[1,  2060] loss: 0.096
[1,  2080] loss: 0.043
[1,  2100] loss: 0.049
[1,  2120] loss: 0.064
[1,  2140] loss: 0.081
[1,  2160] loss: 0.104
[1,  2180] loss: 0.065
[1,  2200] loss: 0.094
[1,  2220] loss: 0.062
[1,  2240] loss: 0.097
[1,  2260] loss: 0.081
[1,  2280] loss: 0.082
[1,  2300] loss: 0.046
[1,  2320] loss: 0.087
[1,  2340] loss: 0.136
[1,  2360] loss: 0.073
[1,  2380] loss: 0.110
[1,  2400] loss: 0.105
[1,  2420] loss: 4747651.021
[1,  2440] loss: 41034256928.331
[1,  2460] loss: 26667191048.800
[1,  2480] loss: 1434792238.400
[1,  2500] loss: 92530846.525
[1,  2520] loss: 11247640.269
[1,  2540] loss: 7483858.466
[1,  2560] loss: 4991594.250
[1,  2580] loss: 2473787.028
[1,  2600] loss: 2106514.556
[1,  2620] loss: 1680631.277
[1,  2640] loss: 2112532.977
[1,  2660] loss: 2529117.473
[1,  2680] loss: 2031325.697
[1,  2700] loss: 1169170.521
[1,  2720] loss: 1175774.297
[1,  2740] loss: 873907.970
[1,  2760] loss: 915601.295
[1,  2780] loss: 856003.708
[1,  2800] loss: 1066321.254
[1,  2820] loss: 747013.645
[1,  2840] loss: 669230.037
[1,  2860] loss: 977158.637
[1,  2880] loss: 996993.198
[1,  2900] loss: 591185.477
[1,  2920] loss: 604031.835
[1,  2940] loss: 738483.112
[1,  2960] loss: 642057.996
[1,  2980] loss: 503852.733
[1,  3000] loss: 472777.063
[1,  3020] loss: 495173.212
[1,  3040] loss: 395321.480
[1,  3060] loss: 431595.290
[1,  3080] loss: 465382.410
[1,  3100] loss: 246239.257
[1,  3120] loss: 373070.690
[1,  3140] loss: 464179.239
[1,  3160] loss: 289201.737
[1,  3180] loss: 332701.768
[1,  3200] loss: 322625.246
[1,  3220] loss: 338744.782
[1,  3240] loss: 327071.238
[1,  3260] loss: 329243.734
[1,  3280] loss: 398232.285
[1,  3300] loss: 1017490.445
[1,  3320] loss: 406078.031
[1,  3340] loss: 265995.146
[1,  3360] loss: 218993.631
[1,  3380] loss: 184283.224
[1,  3400] loss: 261307.670
[1,  3420] loss: 162695.464
[1,  3440] loss: 215529.982
[1,  3460] loss: 220768.360
[1,  3480] loss: 168311.145
[1,  3500] loss: 296687.943
[1,  3520] loss: 207492.633
[1,  3540] loss: 132893.092
[1,  3560] loss: 137828.020
[1,  3580] loss: 161326.712
[1,  3600] loss: 174376.969
[1,  3620] loss: 172915.298
[1,  3640] loss: 244495.679
[1,  3660] loss: 235924.412
[1,  3680] loss: 331476.372
[1,  3700] loss: 312239.489
[1,  3720] loss: 157151.796
[1,  3740] loss: 126494.725
[1,  3760] loss: 207768.967
[1,  3780] loss: 166077.299
[1,  3800] loss: 137891.777
[1,  3820] loss: 347049.968
[1,  3840] loss: 98976.582
[1,  3860] loss: 134279.119
[1,  3880] loss: 91553.492
[1,  3900] loss: 79193.955
[1,  3920] loss: 219030.756
[1,  3940] loss: 164748.073
[1,  3960] loss: 157036.932
[1,  3980] loss: 140196.520
[1,  4000] loss: 102193.789
[1,  4020] loss: 92135.091
[1,  4040] loss: 96746.361
[1,  4060] loss: 138234.584
[1,  4080] loss: 98685.651
[1,  4100] loss: 125903.378
[1,  4120] loss: 280315.150
[1,  4140] loss: 910667.900
[1,  4160] loss: 221137.609
[1,  4180] loss: 92480.874
[1,  4200] loss: 82073.199
[1,  4220] loss: 88412.056
[1,  4240] loss: 73483.061
[1,  4260] loss: 37994.045
[1,  4280] loss: 119748.844
[1,  4300] loss: 78186.338
[1,  4320] loss: 78371.681
[1,  4340] loss: 57114.020
[1,  4360] loss: 115417.344
[1,  4380] loss: 78695.540
[1,  4400] loss: 58111.140
[1,  4420] loss: 90355.649
[1,  4440] loss: 43871.172
[1,  4460] loss: 55700.996
[1,  4480] loss: 52880.146
[1,  4500] loss: 67462.469
[1,  4520] loss: 52620.939
[1,  4540] loss: 69030.168
[1,  4560] loss: 51211.652
[1,  4580] loss: 68384.323
[1,  4600] loss: 66197.195
[1,  4620] loss: 37277.131
[1,  4640] loss: 83602.994
[1,  4660] loss: 78065.256
[1,  4680] loss: 98484.246
[1,  4700] loss: 88895.863
[1,  4720] loss: 74513.251
[1,  4740] loss: 70363.688
[1,  4760] loss: 126332.666
[1,  4780] loss: 194808.092
[1,  4800] loss: 138880.818
[1,  4820] loss: 85765.912
[1,  4840] loss: 132542.975
[1,  4860] loss: 181304.289
[1,  4880] loss: 79389.742
[1,  4900] loss: 167143.188
[1,  4920] loss: 79197.136
[1,  4940] loss: 131681.047
[1,  4960] loss: 107063.587
[1,  4980] loss: 45908.567
[1,  5000] loss: 45215.725
[1,  5020] loss: 38297.969
[1,  5040] loss: 90627.865
[1,  5060] loss: 87768.024
[1,  5080] loss: 63641.251
[1,  5100] loss: 45129.902
[1,  5120] loss: 46620.400
[1,  5140] loss: 22416.302
[1,  5160] loss: 30088.126
[1,  5180] loss: 39856.597
[1,  5200] loss: 43140.775
[1,  5220] loss: 36511.694
[1,  5240] loss: 85306.389
[1,  5260] loss: 229164.517
[1,  5280] loss: 953682.686
[1,  5300] loss: 1216532.313
[1,  5320] loss: 852913.372
[1,  5340] loss: 71454.225
[1,  5360] loss: 54671.520
[1,  5380] loss: 690369.360
[1,  5400] loss: 962913.219
[1,  5420] loss: 189659.835
[1,  5440] loss: 101774.338
[1,  5460] loss: 55306.128
[1,  5480] loss: 43566.912
[1,  5500] loss: 28796.575
[1,  5520] loss: 33060.927
[1,  5540] loss: 84257.621
[1,  5560] loss: 64691.487
[1,  5580] loss: 176957.348
[1,  5600] loss: 50235.561
[1,  5620] loss: 33461.454
[1,  5640] loss: 74012.087
[1,  5660] loss: 115707.676
[1,  5680] loss: 34917.613
[1,  5700] loss: 30754.783
[1,  5720] loss: 55443.282
[1,  5740] loss: 40652.547
[1,  5760] loss: 30175.405
[1,  5780] loss: 28825.938
[1,  5800] loss: 56542.846
[1,  5820] loss: 24868.183
[1,  5840] loss: 54400.520
[1,  5860] loss: 31281.111
[1,  5880] loss: 56562.809
[1,  5900] loss: 93048.252
[1,  5920] loss: 114826.162
[1,  5940] loss: 168478.881
[1,  5960] loss: 173802.931
[1,  5980] loss: 121149.578
[1,  6000] loss: 70575.216
[1,  6020] loss: 77244.773
[1,  6040] loss: 115423.368
[1,  6060] loss: 98344.469
[1,  6080] loss: 48029.308
[2,    20] loss: 32312.827
[2,    40] loss: 17899.520
[2,    60] loss: 19057.204
[2,    80] loss: 19120.151
[2,   100] loss: 19629.507
[2,   120] loss: 101239.668
[2,   140] loss: 158246.063
[2,   160] loss: 128832.626
[2,   180] loss: 110444.555
[2,   200] loss: 183578.317
[2,   220] loss: 258063.084
[2,   240] loss: 59745.821
[2,   260] loss: 20251.694
[2,   280] loss: 32819.938
[2,   300] loss: 20109.936
[2,   320] loss: 89695.593
[2,   340] loss: 36097.589
[2,   360] loss: 15396.477
[2,   380] loss: 21943.099
[2,   400] loss: 37724.674
[2,   420] loss: 83277.750
[2,   440] loss: 45347.398
[2,   460] loss: 47208.416
[2,   480] loss: 96489.928
[2,   500] loss: 61631.067
[2,   520] loss: 278124.593
[2,   540] loss: 946475.258
[2,   560] loss: 1493955.536
[2,   580] loss: 233597.560
[2,   600] loss: 52884.014
[2,   620] loss: 32928.328
[2,   640] loss: 18059.772
[2,   660] loss: 16120.959
[2,   680] loss: 18266.036
[2,   700] loss: 10743.131
[2,   720] loss: 10796.623
[2,   740] loss: 17997.904
[2,   760] loss: 57943.206
[2,   780] loss: 21476.929
[2,   800] loss: 17379.640
[2,   820] loss: 12155.982
[2,   840] loss: 17185.238
[2,   860] loss: 26628.607
[2,   880] loss: 11757.940
[2,   900] loss: 33500.745
[2,   920] loss: 14111.780
[2,   940] loss: 11337.528
[2,   960] loss: 9415.684
[2,   980] loss: 23433.101
[2,  1000] loss: 27548.812
[2,  1020] loss: 29419.923
[2,  1040] loss: 19414.187
[2,  1060] loss: 22907.016
[2,  1080] loss: 13993.956
[2,  1100] loss: 8928.014
[2,  1120] loss: 8251.291
[2,  1140] loss: 12953.672
[2,  1160] loss: 9250.345
[2,  1180] loss: 9221.897
[2,  1200] loss: 7390.172
[2,  1220] loss: 7806.069
[2,  1240] loss: 6272.862
[2,  1260] loss: 7609.607
[2,  1280] loss: 10703.391
[2,  1300] loss: 10557.184
[2,  1320] loss: 10391.685
[2,  1340] loss: 9348.346
[2,  1360] loss: 11331.855
[2,  1380] loss: 10013.921
[2,  1400] loss: 33697.996
[2,  1420] loss: 14663.043
[2,  1440] loss: 18689.515
[2,  1460] loss: 9088.894
[2,  1480] loss: 12868.215
[2,  1500] loss: 8839.975
[2,  1520] loss: 5393.116
[2,  1540] loss: 6807.065
[2,  1560] loss: 7913.504
[2,  1580] loss: 5447.479
[2,  1600] loss: 9587.132
[2,  1620] loss: 15196.434
[2,  1640] loss: 55970.032
[2,  1660] loss: 99524.040
[2,  1680] loss: 17736.910
[2,  1700] loss: 6079.309
[2,  1720] loss: 5630.563
[2,  1740] loss: 9554.018
[2,  1760] loss: 10872.113
[2,  1780] loss: 10354.225
[2,  1800] loss: 8160.072
[2,  1820] loss: 9815.630
[2,  1840] loss: 86857.407
[2,  1860] loss: 41229.907
[2,  1880] loss: 12686.416
[2,  1900] loss: 4882.365
[2,  1920] loss: 6315.741
[2,  1940] loss: 6101.948
[2,  1960] loss: 7576.307
[2,  1980] loss: 5424.054
[2,  2000] loss: 15448.031
[2,  2020] loss: 32280.125
[2,  2040] loss: 34429.573
[2,  2060] loss: 50494.311
[2,  2080] loss: 63218.273
[2,  2100] loss: 54980.791
[2,  2120] loss: 5157.003
[2,  2140] loss: 4572.158
[2,  2160] loss: 4886.366
[2,  2180] loss: 4721.987
[2,  2200] loss: 4821.350
[2,  2220] loss: 7617.922
[2,  2240] loss: 7121.466
[2,  2260] loss: 16278.450
[2,  2280] loss: 84809.253
[2,  2300] loss: 1379862.597
[2,  2320] loss: 1989209.670
[2,  2340] loss: 199427.948
[2,  2360] loss: 36261.598
[2,  2380] loss: 25147.666
[2,  2400] loss: 18985.880
[2,  2420] loss: 6842.735
[2,  2440] loss: 4101.903
[2,  2460] loss: 5495.582
[2,  2480] loss: 3470.765
[2,  2500] loss: 4102.762
[2,  2520] loss: 5119.219
[2,  2540] loss: 5764.794
[2,  2560] loss: 6681.690
[2,  2580] loss: 4852.838
[2,  2600] loss: 9149.229
[2,  2620] loss: 5073.213
[2,  2640] loss: 2861.590
[2,  2660] loss: 4109.037
[2,  2680] loss: 3082.522
[2,  2700] loss: 13010.554
[2,  2720] loss: 41107.039
[2,  2740] loss: 137427.819
[2,  2760] loss: 142235.013
[2,  2780] loss: 24813.723
[2,  2800] loss: 18676.623
[2,  2820] loss: 6587.726
[2,  2840] loss: 2651.917
[2,  2860] loss: 2674.481
[2,  2880] loss: 3954.098
[2,  2900] loss: 32482.594
[2,  2920] loss: 43863.091
[2,  2940] loss: 18365.276
[2,  2960] loss: 5814.167
[2,  2980] loss: 31451.072
[2,  3000] loss: 68970.533
[2,  3020] loss: 21195.228
[2,  3040] loss: 72841.663
[2,  3060] loss: 21831.739
[2,  3080] loss: 11292.694
[2,  3100] loss: 8975.857
[2,  3120] loss: 15455.682
[2,  3140] loss: 20818.002
[2,  3160] loss: 8709.547
[2,  3180] loss: 8246.240
[2,  3200] loss: 2784.305
[2,  3220] loss: 3779.749
[2,  3240] loss: 3550.238
[2,  3260] loss: 3592.703
[2,  3280] loss: 2133.279
[2,  3300] loss: 1622.456
[2,  3320] loss: 2709.103
[2,  3340] loss: 6117.930
[2,  3360] loss: 5408.834
[2,  3380] loss: 9685.059
[2,  3400] loss: 1984.784
[2,  3420] loss: 13713.213
[2,  3440] loss: 15760.104
[2,  3460] loss: 5031.605
[2,  3480] loss: 2104.406
[2,  3500] loss: 4645.457
[2,  3520] loss: 4830.673
[2,  3540] loss: 8131.681
[2,  3560] loss: 9872.682
[2,  3580] loss: 6827.254
[2,  3600] loss: 22273.376
[2,  3620] loss: 12405.412
[2,  3640] loss: 5978.853
[2,  3660] loss: 5608.542
[2,  3680] loss: 2131.907
[2,  3700] loss: 6096.467
[2,  3720] loss: 15441.845
[2,  3740] loss: 26832.112
[2,  3760] loss: 513194.961
[2,  3780] loss: 114992.474
[2,  3800] loss: 346765.220
[2,  3820] loss: 393329.719
[2,  3840] loss: 1735486.170
[2,  3860] loss: 890399.821
[2,  3880] loss: 72587.362
[2,  3900] loss: 39622.541
[2,  3920] loss: 6848.067
[2,  3940] loss: 3949.335
[2,  3960] loss: 1968.401
[2,  3980] loss: 1426.633
[2,  4000] loss: 1760.256
[2,  4020] loss: 2122.394
[2,  4040] loss: 1985.808
[2,  4060] loss: 1913.046
[2,  4080] loss: 1155.354
[2,  4100] loss: 1653.654
[2,  4120] loss: 1136.294
[2,  4140] loss: 1868.846
[2,  4160] loss: 1790.162
[2,  4180] loss: 1667.481
[2,  4200] loss: 828.021
[2,  4220] loss: 998.992
[2,  4240] loss: 1177.061
[2,  4260] loss: 1217.090
[2,  4280] loss: 1025.769
[2,  4300] loss: 940.775
[2,  4320] loss: 1057.221
[2,  4340] loss: 825.791
[2,  4360] loss: 1524.015
[2,  4380] loss: 1596.016
[2,  4400] loss: 944.670
[2,  4420] loss: 1195.900
[2,  4440] loss: 1109.054
[2,  4460] loss: 728.117
[2,  4480] loss: 962.159
[2,  4500] loss: 878.146
[2,  4520] loss: 727.870
[2,  4540] loss: 805.128
[2,  4560] loss: 686.374
[2,  4580] loss: 1143.770
[2,  4600] loss: 1933.473
[2,  4620] loss: 8275.260
[2,  4640] loss: 7132.333
[2,  4660] loss: 3542.211
[2,  4680] loss: 1382.095
[2,  4700] loss: 756.940
[2,  4720] loss: 960.962
[2,  4740] loss: 1074.941
[2,  4760] loss: 825.717
[2,  4780] loss: 1164.696
[2,  4800] loss: 591.327
[2,  4820] loss: 764.990
[2,  4840] loss: 500.899
[2,  4860] loss: 713.326
[2,  4880] loss: 1393.092
[2,  4900] loss: 972.050
[2,  4920] loss: 995.576
[2,  4940] loss: 2743.811
[2,  4960] loss: 1763.563
[2,  4980] loss: 672.254
[2,  5000] loss: 351.218
[2,  5020] loss: 1490.801
[2,  5040] loss: 2033.670
[2,  5060] loss: 2956.773
[2,  5080] loss: 17431.621
[2,  5100] loss: 12196.908
[2,  5120] loss: 4347.127
[2,  5140] loss: 986.874
[2,  5160] loss: 1538.322
[2,  5180] loss: 1986.706
[2,  5200] loss: 1661.902
[2,  5220] loss: 1453.747
[2,  5240] loss: 1527.483
[2,  5260] loss: 1099.318
[2,  5280] loss: 2625.925
[2,  5300] loss: 1642.232
[2,  5320] loss: 1311.805
[2,  5340] loss: 673.653
[2,  5360] loss: 594.414
[2,  5380] loss: 876.714
[2,  5400] loss: 721.368
[2,  5420] loss: 526.648
[2,  5440] loss: 376.194
[2,  5460] loss: 398.752
[2,  5480] loss: 423.979
[2,  5500] loss: 329.044
[2,  5520] loss: 409.915
[2,  5540] loss: 721.710
[2,  5560] loss: 2166.763
[2,  5580] loss: 799.033
[2,  5600] loss: 949.145
[2,  5620] loss: 745.208
[2,  5640] loss: 994.466
[2,  5660] loss: 616.854
[2,  5680] loss: 717.919
[2,  5700] loss: 962.564
[2,  5720] loss: 2143.054
[2,  5740] loss: 6702.162
[2,  5760] loss: 10701.138
[2,  5780] loss: 4045.964
[2,  5800] loss: 3616.755
[2,  5820] loss: 9582.625
[2,  5840] loss: 12475.146
[2,  5860] loss: 11254.270
[2,  5880] loss: 6083.093
[2,  5900] loss: 5102.424
[2,  5920] loss: 4524.589
[2,  5940] loss: 8147.837
[2,  5960] loss: 4499.727
[2,  5980] loss: 11644.172
[2,  6000] loss: 7645.621
[2,  6020] loss: 3231.573
[2,  6040] loss: 1563.310
[2,  6060] loss: 1086.421
[2,  6080] loss: 1458.007
[1,    20] loss: 188.771
[1,    40] loss: 433.164
[1,    60] loss: 1155.475
[1,    80] loss: 1618.853
[1,   100] loss: 1748.915
[1,   120] loss: 1548.201
[1,   140] loss: 1356.949
[1,   160] loss: 1190.949
[1,   180] loss: 1092.335
[1,   200] loss: 1050.544
[1,   220] loss: 968.375
[1,   240] loss: 919.440
[1,   260] loss: 863.278
[1,   280] loss: 845.016
[1,   300] loss: 802.472
[1,   320] loss: 759.283
[1,   340] loss: 758.614
[1,   360] loss: 777.334
[1,   380] loss: 828.827
[1,   400] loss: 959.154
[1,   420] loss: 1018.408
[1,   440] loss: 1002.323
[1,   460] loss: 966.998
[1,   480] loss: 951.112
[1,   500] loss: 919.615
[1,   520] loss: 903.600
[1,   540] loss: 899.482
[1,   560] loss: 899.517
[1,   580] loss: 883.989
[1,   600] loss: 864.671
[1,   620] loss: 839.065
[1,   640] loss: 829.537
[1,   660] loss: 817.991
[2,    20] loss: 188.771
[2,    40] loss: 433.164
[2,    60] loss: 1155.475
[2,    80] loss: 1618.853
[2,   100] loss: 1748.915
[2,   120] loss: 1548.201
[2,   140] loss: 1356.949
[2,   160] loss: 1190.949
[2,   180] loss: 1092.335
[2,   200] loss: 1050.544
[2,   220] loss: 968.375
[2,   240] loss: 919.440
[2,   260] loss: 863.278
[2,   280] loss: 845.016
[2,   300] loss: 802.472
[2,   320] loss: 759.283
[2,   340] loss: 758.614
[2,   360] loss: 777.334
[2,   380] loss: 828.827
[2,   400] loss: 959.154
[2,   420] loss: 1018.408
[2,   440] loss: 1002.323
[2,   460] loss: 966.998
[2,   480] loss: 951.112
[2,   500] loss: 919.615
[2,   520] loss: 903.600
[2,   540] loss: 899.482
[2,   560] loss: 899.517
[2,   580] loss: 883.989
[2,   600] loss: 864.671
[2,   620] loss: 839.065
[2,   640] loss: 829.537
[2,   660] loss: 817.991
