cuda:  3
color_space: YCbCr
batch_size: 5
num_epcochs: 2
learning_rate: 0.002
[1,    20] loss: 0.260
[1,    40] loss: 0.287
[1,    60] loss: 0.120
[1,    80] loss: 0.130
[1,   100] loss: 0.092
[1,   120] loss: 0.154
[1,   140] loss: 0.077
[1,   160] loss: 0.102
[1,   180] loss: 0.051
[1,   200] loss: 0.058
[1,   220] loss: 0.116
[1,   240] loss: 0.137
[1,   260] loss: 0.109
[1,   280] loss: 0.058
[1,   300] loss: 0.071
[1,   320] loss: 0.066
[1,   340] loss: 0.050
[1,   360] loss: 0.076
[1,   380] loss: 0.060
[1,   400] loss: 0.029
[1,   420] loss: 0.058
[1,   440] loss: 0.065
[1,   460] loss: 0.059
[1,   480] loss: 0.037
[1,   500] loss: 0.084
[1,   520] loss: 0.062
[1,   540] loss: 0.099
[1,   560] loss: 0.097
[1,   580] loss: 0.104
[1,   600] loss: 0.076
[1,   620] loss: 0.048
[1,   640] loss: 0.034
[1,   660] loss: 0.065
[1,   680] loss: 0.058
[1,   700] loss: 0.083
[1,   720] loss: 0.093
[1,   740] loss: 0.086
[1,   760] loss: 0.055
[1,   780] loss: 0.090
[1,   800] loss: 0.095
[1,   820] loss: 0.074
[1,   840] loss: 0.065
[1,   860] loss: 0.101
[1,   880] loss: 0.041
[1,   900] loss: 0.075
[1,   920] loss: 0.141
[1,   940] loss: 0.056
[1,   960] loss: 0.069
[1,   980] loss: 0.101
[1,  1000] loss: 0.142
[1,  1020] loss: 0.118
[1,  1040] loss: 0.052
[1,  1060] loss: 0.129
[1,  1080] loss: 0.182
[1,  1100] loss: 0.072
[1,  1120] loss: 0.065
[1,  1140] loss: 0.057
[1,  1160] loss: 0.066
[1,  1180] loss: 0.062
[1,  1200] loss: 0.095
[1,  1220] loss: 0.088
[1,  1240] loss: 0.051
[1,  1260] loss: 0.104
[1,  1280] loss: 0.050
[1,  1300] loss: 0.077
[1,  1320] loss: 0.043
[1,  1340] loss: 0.084
[1,  1360] loss: 0.090
[1,  1380] loss: 0.081
[1,  1400] loss: 0.050
[1,  1420] loss: 0.074
[1,  1440] loss: 0.054
[1,  1460] loss: 0.051
[1,  1480] loss: 0.070
[1,  1500] loss: 0.076
[1,  1520] loss: 0.084
[1,  1540] loss: 0.103
[1,  1560] loss: 0.070
[1,  1580] loss: 0.048
[1,  1600] loss: 0.057
[1,  1620] loss: 0.073
[1,  1640] loss: 0.095
[1,  1660] loss: 0.051
[1,  1680] loss: 0.109
[1,  1700] loss: 0.051
[1,  1720] loss: 0.051
[1,  1740] loss: 0.061
[1,  1760] loss: 0.112
[1,  1780] loss: 0.132
[1,  1800] loss: 0.052
[1,  1820] loss: 0.079
[1,  1840] loss: 0.112
[1,  1860] loss: 0.116
[1,  1880] loss: 0.105
[1,  1900] loss: 0.044
[1,  1920] loss: 0.106
[1,  1940] loss: 0.075
[1,  1960] loss: 0.075
[1,  1980] loss: 0.152
[1,  2000] loss: 7108.660
[1,  2020] loss: 8916775.053
[1,  2040] loss: 840344969.900
[1,  2060] loss: 52496835.462
[1,  2080] loss: 2054417.227
[1,  2100] loss: 131769.712
[1,  2120] loss: 52477.055
[1,  2140] loss: 27636.005
[1,  2160] loss: 13442.370
[1,  2180] loss: 11794.935
[1,  2200] loss: 11314.890
[1,  2220] loss: 6613.415
[1,  2240] loss: 7439.450
[1,  2260] loss: 5739.299
[1,  2280] loss: 4818.997
[1,  2300] loss: 4397.847
[1,  2320] loss: 3135.284
[1,  2340] loss: 3106.099
[1,  2360] loss: 4158.571
[1,  2380] loss: 2442.057
[1,  2400] loss: 3283.812
[1,  2420] loss: 3311.587
[1,  2440] loss: 3020.734
[1,  2460] loss: 3263.686
[1,  2480] loss: 2559.156
[1,  2500] loss: 2308.873
[1,  2520] loss: 1907.522
[1,  2540] loss: 2961.926
[1,  2560] loss: 2231.567
[1,  2580] loss: 2208.990
[1,  2600] loss: 2258.114
[1,  2620] loss: 1650.536
[1,  2640] loss: 2651.968
[1,  2660] loss: 1736.661
[1,  2680] loss: 2149.537
[1,  2700] loss: 1614.524
[1,  2720] loss: 1641.667
[1,  2740] loss: 1237.726
[1,  2760] loss: 1779.152
[1,  2780] loss: 2227.618
[1,  2800] loss: 1475.808
[1,  2820] loss: 1655.966
[1,  2840] loss: 1438.970
[1,  2860] loss: 1310.946
[1,  2880] loss: 1451.546
[1,  2900] loss: 2183.201
[1,  2920] loss: 1153.434
[1,  2940] loss: 1285.463
[1,  2960] loss: 1205.569
[1,  2980] loss: 1073.366
[1,  3000] loss: 1206.856
[1,  3020] loss: 1170.744
[1,  3040] loss: 1231.229
[1,  3060] loss: 1260.522
[1,  3080] loss: 1021.430
[1,  3100] loss: 1540.037
[1,  3120] loss: 1191.444
[1,  3140] loss: 1308.918
[1,  3160] loss: 1149.713
[1,  3180] loss: 1050.343
[1,  3200] loss: 1364.633
[1,  3220] loss: 936.680
[1,  3240] loss: 1060.258
[1,  3260] loss: 902.212
[1,  3280] loss: 945.257
[1,  3300] loss: 981.051
[1,  3320] loss: 946.871
[1,  3340] loss: 949.721
[1,  3360] loss: 846.837
[1,  3380] loss: 1073.651
[1,  3400] loss: 838.737
[1,  3420] loss: 1159.722
[1,  3440] loss: 835.557
[1,  3460] loss: 741.124
[1,  3480] loss: 748.063
[1,  3500] loss: 915.767
[1,  3520] loss: 976.437
[1,  3540] loss: 659.781
[1,  3560] loss: 788.922
[1,  3580] loss: 822.339
[1,  3600] loss: 760.044
[1,  3620] loss: 1124.711
[1,  3640] loss: 702.508
[1,  3660] loss: 869.804
[1,  3680] loss: 1098.820
[1,  3700] loss: 711.131
[1,  3720] loss: 613.517
[1,  3740] loss: 821.836
[1,  3760] loss: 881.468
[1,  3780] loss: 625.976
[1,  3800] loss: 571.914
[1,  3820] loss: 673.761
[1,  3840] loss: 720.966
[1,  3860] loss: 591.115
[1,  3880] loss: 573.411
[1,  3900] loss: 577.750
[1,  3920] loss: 623.871
[1,  3940] loss: 718.010
[1,  3960] loss: 577.256
[1,  3980] loss: 737.599
[1,  4000] loss: 652.749
[1,  4020] loss: 578.447
[1,  4040] loss: 578.528
[1,  4060] loss: 460.365
[1,  4080] loss: 493.704
[1,  4100] loss: 496.916
[1,  4120] loss: 596.551
[1,  4140] loss: 539.881
[1,  4160] loss: 567.324
[1,  4180] loss: 518.962
[1,  4200] loss: 420.402
[1,  4220] loss: 588.684
[1,  4240] loss: 578.787
[1,  4260] loss: 478.048
[1,  4280] loss: 452.984
[1,  4300] loss: 573.681
[1,  4320] loss: 494.721
[1,  4340] loss: 453.261
[1,  4360] loss: 521.825
[1,  4380] loss: 507.164
[1,  4400] loss: 512.411
[1,  4420] loss: 488.093
[1,  4440] loss: 386.053
[1,  4460] loss: 415.658
[1,  4480] loss: 334.357
[1,  4500] loss: 460.976
[1,  4520] loss: 502.290
[1,  4540] loss: 338.264
[1,  4560] loss: 386.126
[1,  4580] loss: 425.533
[1,  4600] loss: 499.801
[1,  4620] loss: 430.186
[1,  4640] loss: 409.729
[1,  4660] loss: 418.524
[1,  4680] loss: 394.678
[1,  4700] loss: 377.924
[1,  4720] loss: 416.406
[1,  4740] loss: 458.539
[1,  4760] loss: 387.420
[1,  4780] loss: 429.475
[1,  4800] loss: 530.801
[1,  4820] loss: 406.621
[1,  4840] loss: 393.349
[1,  4860] loss: 434.880
[1,  4880] loss: 452.545
[1,  4900] loss: 461.197
[1,  4920] loss: 378.812
[1,  4940] loss: 505.280
[1,  4960] loss: 417.783
[1,  4980] loss: 403.107
[1,  5000] loss: 304.527
[1,  5020] loss: 402.950
[1,  5040] loss: 368.588
[1,  5060] loss: 411.583
[1,  5080] loss: 382.036
[1,  5100] loss: 385.985
[1,  5120] loss: 385.260
[1,  5140] loss: 308.483
[1,  5160] loss: 411.529
[1,  5180] loss: 323.898
[1,  5200] loss: 303.131
[1,  5220] loss: 314.426
[1,  5240] loss: 366.374
[1,  5260] loss: 273.330
[1,  5280] loss: 318.697
[1,  5300] loss: 291.817
[1,  5320] loss: 340.623
[1,  5340] loss: 323.115
[1,  5360] loss: 277.040
[1,  5380] loss: 305.433
[1,  5400] loss: 310.325
[1,  5420] loss: 252.390
[1,  5440] loss: 240.697
[1,  5460] loss: 257.822
[1,  5480] loss: 279.332
[1,  5500] loss: 307.143
[1,  5520] loss: 307.365
[1,  5540] loss: 247.499
[1,  5560] loss: 263.869
[1,  5580] loss: 325.339
[1,  5600] loss: 253.832
[1,  5620] loss: 309.452
[1,  5640] loss: 267.791
[1,  5660] loss: 219.732
[1,  5680] loss: 215.832
[1,  5700] loss: 231.921
[1,  5720] loss: 315.679
[1,  5740] loss: 193.409
[1,  5760] loss: 225.711
[1,  5780] loss: 197.708
[1,  5800] loss: 233.321
[1,  5820] loss: 208.409
[1,  5840] loss: 278.734
[1,  5860] loss: 215.027
[1,  5880] loss: 186.322
[1,  5900] loss: 201.602
[1,  5920] loss: 222.422
[1,  5940] loss: 225.978
[1,  5960] loss: 228.310
[1,  5980] loss: 261.793
[1,  6000] loss: 226.678
[1,  6020] loss: 295.913
[1,  6040] loss: 244.770
[1,  6060] loss: 188.215
[1,  6080] loss: 246.983
[2,    20] loss: 253.180
[2,    40] loss: 188.720
[2,    60] loss: 209.758
[2,    80] loss: 185.510
[2,   100] loss: 233.987
[2,   120] loss: 225.340
[2,   140] loss: 213.002
[2,   160] loss: 229.761
[2,   180] loss: 245.056
[2,   200] loss: 225.596
[2,   220] loss: 201.624
[2,   240] loss: 146.348
[2,   260] loss: 171.091
[2,   280] loss: 196.996
[2,   300] loss: 144.631
[2,   320] loss: 169.418
[2,   340] loss: 138.745
[2,   360] loss: 186.901
[2,   380] loss: 214.711
[2,   400] loss: 194.912
[2,   420] loss: 181.034
[2,   440] loss: 159.578
[2,   460] loss: 199.229
[2,   480] loss: 219.957
[2,   500] loss: 190.763
[2,   520] loss: 190.409
[2,   540] loss: 261.318
[2,   560] loss: 218.618
[2,   580] loss: 172.902
[2,   600] loss: 142.579
[2,   620] loss: 153.246
[2,   640] loss: 154.634
[2,   660] loss: 255.292
[2,   680] loss: 278.141
[2,   700] loss: 156.865
[2,   720] loss: 187.339
[2,   740] loss: 131.998
[2,   760] loss: 166.943
[2,   780] loss: 140.952
[2,   800] loss: 130.124
[2,   820] loss: 170.899
[2,   840] loss: 130.178
[2,   860] loss: 189.664
[2,   880] loss: 118.175
[2,   900] loss: 98.377
[2,   920] loss: 133.892
[2,   940] loss: 103.509
[2,   960] loss: 125.221
[2,   980] loss: 161.607
[2,  1000] loss: 140.861
[2,  1020] loss: 118.699
[2,  1040] loss: 123.130
[2,  1060] loss: 151.181
[2,  1080] loss: 169.191
[2,  1100] loss: 128.292
[2,  1120] loss: 148.488
[2,  1140] loss: 110.396
[2,  1160] loss: 112.325
[2,  1180] loss: 119.414
[2,  1200] loss: 115.705
[2,  1220] loss: 115.228
[2,  1240] loss: 100.201
[2,  1260] loss: 115.665
[2,  1280] loss: 186.703
[2,  1300] loss: 113.764
[2,  1320] loss: 124.925
[2,  1340] loss: 142.395
[2,  1360] loss: 130.239
[2,  1380] loss: 113.125
[2,  1400] loss: 110.065
[2,  1420] loss: 92.798
[2,  1440] loss: 114.166
[2,  1460] loss: 112.496
[2,  1480] loss: 94.845
[2,  1500] loss: 120.395
[2,  1520] loss: 135.965
[2,  1540] loss: 172.394
[2,  1560] loss: 120.525
[2,  1580] loss: 115.407
[2,  1600] loss: 107.673
[2,  1620] loss: 79.999
[2,  1640] loss: 75.030
[2,  1660] loss: 68.440
[2,  1680] loss: 78.223
[2,  1700] loss: 170.591
[2,  1720] loss: 104.301
[2,  1740] loss: 117.510
[2,  1760] loss: 74.982
[2,  1780] loss: 83.002
[2,  1800] loss: 95.090
[2,  1820] loss: 82.728
[2,  1840] loss: 71.489
[2,  1860] loss: 78.419
[2,  1880] loss: 119.670
[2,  1900] loss: 132.923
[2,  1920] loss: 135.711
[2,  1940] loss: 71.154
[2,  1960] loss: 101.315
[2,  1980] loss: 109.057
[2,  2000] loss: 77.818
[2,  2020] loss: 101.059
[2,  2040] loss: 79.514
[2,  2060] loss: 76.494
[2,  2080] loss: 89.254
[2,  2100] loss: 95.925
[2,  2120] loss: 76.052
[2,  2140] loss: 94.883
[2,  2160] loss: 85.888
[2,  2180] loss: 92.655
[2,  2200] loss: 67.681
[2,  2220] loss: 99.258
[2,  2240] loss: 99.653
[2,  2260] loss: 91.686
[2,  2280] loss: 147.961
[2,  2300] loss: 75.143
[2,  2320] loss: 70.098
[2,  2340] loss: 56.833
[2,  2360] loss: 73.462
[2,  2380] loss: 107.371
[2,  2400] loss: 61.444
[2,  2420] loss: 68.566
[2,  2440] loss: 107.771
[2,  2460] loss: 84.599
[2,  2480] loss: 55.302
[2,  2500] loss: 55.365
[2,  2520] loss: 52.898
[2,  2540] loss: 54.779
[2,  2560] loss: 55.454
[2,  2580] loss: 86.840
[2,  2600] loss: 52.097
[2,  2620] loss: 99.096
[2,  2640] loss: 57.954
[2,  2660] loss: 72.398
[2,  2680] loss: 68.770
[2,  2700] loss: 133.841
[2,  2720] loss: 111.054
[2,  2740] loss: 60.962
[2,  2760] loss: 56.184
[2,  2780] loss: 55.138
[2,  2800] loss: 48.147
[2,  2820] loss: 61.065
[2,  2840] loss: 49.118
[2,  2860] loss: 55.834
[2,  2880] loss: 44.624
[2,  2900] loss: 45.603
[2,  2920] loss: 73.289
[2,  2940] loss: 54.871
[2,  2960] loss: 60.353
[2,  2980] loss: 53.581
[2,  3000] loss: 46.810
[2,  3020] loss: 41.461
[2,  3040] loss: 77.206
[2,  3060] loss: 70.685
[2,  3080] loss: 171.246
[2,  3100] loss: 136.176
[2,  3120] loss: 97.224
[2,  3140] loss: 70.609
[2,  3160] loss: 38.583
[2,  3180] loss: 63.646
[2,  3200] loss: 55.573
[2,  3220] loss: 44.723
[2,  3240] loss: 43.130
[2,  3260] loss: 43.418
[2,  3280] loss: 30.423
[2,  3300] loss: 39.800
[2,  3320] loss: 33.441
[2,  3340] loss: 39.480
[2,  3360] loss: 41.249
[2,  3380] loss: 30.817
[2,  3400] loss: 36.904
[2,  3420] loss: 45.435
[2,  3440] loss: 43.567
[2,  3460] loss: 39.559
[2,  3480] loss: 54.802
[2,  3500] loss: 33.539
[2,  3520] loss: 33.333
[2,  3540] loss: 44.005
[2,  3560] loss: 54.374
[2,  3580] loss: 56.031
[2,  3600] loss: 34.943
[2,  3620] loss: 53.107
[2,  3640] loss: 49.065
[2,  3660] loss: 60.753
[2,  3680] loss: 39.975
[2,  3700] loss: 42.112
[2,  3720] loss: 31.757
[2,  3740] loss: 33.427
[2,  3760] loss: 39.112
[2,  3780] loss: 52.998
[2,  3800] loss: 33.031
[2,  3820] loss: 36.667
[2,  3840] loss: 41.929
[2,  3860] loss: 36.535
[2,  3880] loss: 40.620
[2,  3900] loss: 45.462
[2,  3920] loss: 36.853
[2,  3940] loss: 45.263
[2,  3960] loss: 56.491
[2,  3980] loss: 51.983
[2,  4000] loss: 40.040
[2,  4020] loss: 36.765
[2,  4040] loss: 35.107
[2,  4060] loss: 48.738
[2,  4080] loss: 51.513
[2,  4100] loss: 30.121
[2,  4120] loss: 39.222
[2,  4140] loss: 27.560
[2,  4160] loss: 50.627
[2,  4180] loss: 49.432
[2,  4200] loss: 55.808
[2,  4220] loss: 42.150
[2,  4240] loss: 29.890
[2,  4260] loss: 29.346
[2,  4280] loss: 44.718
[2,  4300] loss: 37.167
[2,  4320] loss: 48.269
[2,  4340] loss: 68.735
[2,  4360] loss: 115.960
[2,  4380] loss: 55.095
[2,  4400] loss: 32.357
[2,  4420] loss: 34.341
[2,  4440] loss: 32.392
[2,  4460] loss: 38.434
[2,  4480] loss: 28.306
[2,  4500] loss: 38.329
[2,  4520] loss: 19.870
[2,  4540] loss: 27.085
[2,  4560] loss: 21.156
[2,  4580] loss: 25.643
[2,  4600] loss: 34.727
[2,  4620] loss: 35.379
[2,  4640] loss: 19.235
[2,  4660] loss: 30.554
[2,  4680] loss: 52.783
[2,  4700] loss: 190.072
[2,  4720] loss: 108.041
[2,  4740] loss: 44.896
[2,  4760] loss: 53.715
[2,  4780] loss: 34.119
[2,  4800] loss: 26.834
[2,  4820] loss: 22.876
[2,  4840] loss: 27.471
[2,  4860] loss: 43.028
[2,  4880] loss: 33.736
[2,  4900] loss: 29.643
[2,  4920] loss: 21.367
[2,  4940] loss: 22.932
[2,  4960] loss: 25.822
[2,  4980] loss: 32.514
[2,  5000] loss: 39.119
[2,  5020] loss: 32.903
[2,  5040] loss: 15.281
[2,  5060] loss: 19.437
[2,  5080] loss: 30.524
[2,  5100] loss: 23.451
[2,  5120] loss: 18.015
[2,  5140] loss: 22.302
[2,  5160] loss: 38.920
[2,  5180] loss: 20.814
[2,  5200] loss: 19.461
[2,  5220] loss: 27.855
[2,  5240] loss: 29.457
[2,  5260] loss: 27.033
[2,  5280] loss: 22.721
[2,  5300] loss: 13.926
[2,  5320] loss: 33.310
[2,  5340] loss: 100.230
[2,  5360] loss: 119.979
[2,  5380] loss: 104.100
[2,  5400] loss: 76.788
[2,  5420] loss: 39.713
[2,  5440] loss: 29.244
[2,  5460] loss: 66.772
[2,  5480] loss: 44.995
[2,  5500] loss: 42.905
[2,  5520] loss: 21.306
[2,  5540] loss: 34.475
[2,  5560] loss: 174.604
[2,  5580] loss: 272.280
[2,  5600] loss: 94.379
[2,  5620] loss: 70.453
[2,  5640] loss: 113.757
[2,  5660] loss: 185.653
[2,  5680] loss: 139.235
[2,  5700] loss: 57.485
[2,  5720] loss: 58.613
[2,  5740] loss: 22.876
[2,  5760] loss: 18.560
[2,  5780] loss: 23.177
[2,  5800] loss: 64.847
[2,  5820] loss: 23.273
[2,  5840] loss: 17.239
[2,  5860] loss: 9.563
[2,  5880] loss: 8.968
[2,  5900] loss: 19.513
[2,  5920] loss: 16.526
[2,  5940] loss: 19.830
[2,  5960] loss: 12.867
[2,  5980] loss: 8.844
[2,  6000] loss: 8.638
[2,  6020] loss: 10.451
[2,  6040] loss: 8.398
[2,  6060] loss: 14.687
[2,  6080] loss: 29.401
[1,    20] loss: 83.316
[1,    40] loss: 68.772
[1,    60] loss: 46.866
[1,    80] loss: 35.447
[1,   100] loss: 30.049
[1,   120] loss: 25.859
[1,   140] loss: 22.808
[1,   160] loss: 19.970
[1,   180] loss: 18.025
[1,   200] loss: 16.528
[1,   220] loss: 15.324
[1,   240] loss: 14.157
[1,   260] loss: 13.251
[1,   280] loss: 12.891
[1,   300] loss: 12.230
[1,   320] loss: 11.544
[1,   340] loss: 11.881
[1,   360] loss: 12.042
[1,   380] loss: 12.396
[1,   400] loss: 12.903
[1,   420] loss: 13.340
[1,   440] loss: 13.337
[1,   460] loss: 12.886
[1,   480] loss: 13.191
[1,   500] loss: 13.102
[1,   520] loss: 13.023
[1,   540] loss: 12.631
[1,   560] loss: 12.258
[1,   580] loss: 11.947
[1,   600] loss: 11.720
[1,   620] loss: 11.671
[1,   640] loss: 11.549
[1,   660] loss: 11.929
[2,    20] loss: 83.316
[2,    40] loss: 68.772
[2,    60] loss: 46.866
[2,    80] loss: 35.447
[2,   100] loss: 30.049
[2,   120] loss: 25.859
[2,   140] loss: 22.808
[2,   160] loss: 19.970
[2,   180] loss: 18.025
[2,   200] loss: 16.528
[2,   220] loss: 15.324
[2,   240] loss: 14.157
[2,   260] loss: 13.251
[2,   280] loss: 12.891
[2,   300] loss: 12.230
[2,   320] loss: 11.544
[2,   340] loss: 11.881
[2,   360] loss: 12.042
[2,   380] loss: 12.396
[2,   400] loss: 12.903
[2,   420] loss: 13.340
[2,   440] loss: 13.337
[2,   460] loss: 12.886
[2,   480] loss: 13.191
[2,   500] loss: 13.102
[2,   520] loss: 13.023
[2,   540] loss: 12.631
[2,   560] loss: 12.258
[2,   580] loss: 11.947
[2,   600] loss: 11.720
[2,   620] loss: 11.671
[2,   640] loss: 11.549
[2,   660] loss: 11.929
