cuda:  4
color_space: YCbCr
batch_size: 5
num_epcochs: 2
learning_rate: 0.003
[1,    20] loss: 6.560
[1,    40] loss: 1.354
[1,    60] loss: 0.661
[1,    80] loss: 0.126
[1,   100] loss: 0.103
[1,   120] loss: 0.050
[1,   140] loss: 0.075
[1,   160] loss: 0.037
[1,   180] loss: 0.106
[1,   200] loss: 0.069
[1,   220] loss: 0.092
[1,   240] loss: 0.058
[1,   260] loss: 0.042
[1,   280] loss: 0.066
[1,   300] loss: 0.060
[1,   320] loss: 0.103
[1,   340] loss: 0.057
[1,   360] loss: 0.071
[1,   380] loss: 0.041
[1,   400] loss: 0.077
[1,   420] loss: 0.102
[1,   440] loss: 0.086
[1,   460] loss: 0.049
[1,   480] loss: 0.084
[1,   500] loss: 0.104
[1,   520] loss: 0.055
[1,   540] loss: 0.059
[1,   560] loss: 0.059
[1,   580] loss: 0.057
[1,   600] loss: 0.045
[1,   620] loss: 0.065
[1,   640] loss: 0.116
[1,   660] loss: 0.032
[1,   680] loss: 0.063
[1,   700] loss: 0.095
[1,   720] loss: 0.089
[1,   740] loss: 0.080
[1,   760] loss: 0.073
[1,   780] loss: 0.120
[1,   800] loss: 0.116
[1,   820] loss: 0.043
[1,   840] loss: 0.152
[1,   860] loss: 0.059
[1,   880] loss: 0.028
[1,   900] loss: 0.064
[1,   920] loss: 0.153
[1,   940] loss: 0.108
[1,   960] loss: 0.038
[1,   980] loss: 0.066
[1,  1000] loss: 0.046
[1,  1020] loss: 0.142
[1,  1040] loss: 0.051
[1,  1060] loss: 0.093
[1,  1080] loss: 0.107
[1,  1100] loss: 0.073
[1,  1120] loss: 0.036
[1,  1140] loss: 0.104
[1,  1160] loss: 0.058
[1,  1180] loss: 0.102
[1,  1200] loss: 0.050
[1,  1220] loss: 0.088
[1,  1240] loss: 0.081
[1,  1260] loss: 0.068
[1,  1280] loss: 0.053
[1,  1300] loss: 0.040
[1,  1320] loss: 0.043
[1,  1340] loss: 0.043
[1,  1360] loss: 0.044
[1,  1380] loss: 0.043
[1,  1400] loss: 0.050
[1,  1420] loss: 0.089
[1,  1440] loss: 0.060
[1,  1460] loss: 0.032
[1,  1480] loss: 0.027
[1,  1500] loss: 0.047
[1,  1520] loss: 0.076
[1,  1540] loss: 0.027
[1,  1560] loss: 0.049
[1,  1580] loss: 0.088
[1,  1600] loss: 0.069
[1,  1620] loss: 0.062
[1,  1640] loss: 0.073
[1,  1660] loss: 0.032
[1,  1680] loss: 0.049
[1,  1700] loss: 0.025
[1,  1720] loss: 0.099
[1,  1740] loss: 0.052
[1,  1760] loss: 0.094
[1,  1780] loss: 0.088
[1,  1800] loss: 0.051
[1,  1820] loss: 0.040
[1,  1840] loss: 0.038
[1,  1860] loss: 0.084
[1,  1880] loss: 0.079
[1,  1900] loss: 0.057
[1,  1920] loss: 0.045
[1,  1940] loss: 0.033
[1,  1960] loss: 0.054
[1,  1980] loss: 0.070
[1,  2000] loss: 0.095
[1,  2020] loss: 0.054
[1,  2040] loss: 0.084
[1,  2060] loss: 0.066
[1,  2080] loss: 0.064
[1,  2100] loss: 0.040
[1,  2120] loss: 0.046
[1,  2140] loss: 0.062
[1,  2160] loss: 0.082
[1,  2180] loss: 0.068
[1,  2200] loss: 0.111
[1,  2220] loss: 0.062
[1,  2240] loss: 0.062
[1,  2260] loss: 0.071
[1,  2280] loss: 0.039
[1,  2300] loss: 0.039
[1,  2320] loss: 0.106
[1,  2340] loss: 0.115
[1,  2360] loss: 0.054
[1,  2380] loss: 0.078
[1,  2400] loss: 0.062
[1,  2420] loss: 0.053
[1,  2440] loss: 0.064
[1,  2460] loss: 0.056
[1,  2480] loss: 0.050
[1,  2500] loss: 0.056
[1,  2520] loss: 0.029
[1,  2540] loss: 0.052
[1,  2560] loss: 0.051
[1,  2580] loss: 0.070
[1,  2600] loss: 0.036
[1,  2620] loss: 0.045
[1,  2640] loss: 0.107
[1,  2660] loss: 0.031
[1,  2680] loss: 0.102
[1,  2700] loss: 0.090
[1,  2720] loss: 0.063
[1,  2740] loss: 0.037
[1,  2760] loss: 0.095
[1,  2780] loss: 0.070
[1,  2800] loss: 0.076
[1,  2820] loss: 0.064
[1,  2840] loss: 0.119
[1,  2860] loss: 0.030
[1,  2880] loss: 0.071
[1,  2900] loss: 0.170
[1,  2920] loss: 0.099
[1,  2940] loss: 0.060
[1,  2960] loss: 0.056
[1,  2980] loss: 0.042
[1,  3000] loss: 0.033
[1,  3020] loss: 0.059
[1,  3040] loss: 0.092
[1,  3060] loss: 0.063
[1,  3080] loss: 0.076
[1,  3100] loss: 0.080
[1,  3120] loss: 0.107
[1,  3140] loss: 0.094
[1,  3160] loss: 0.090
[1,  3180] loss: 0.043
[1,  3200] loss: 0.119
[1,  3220] loss: 0.088
[1,  3240] loss: 0.081
[1,  3260] loss: 0.037
[1,  3280] loss: 0.046
[1,  3300] loss: 0.107
[1,  3320] loss: 0.041
[1,  3340] loss: 0.075
[1,  3360] loss: 0.061
[1,  3380] loss: 0.079
[1,  3400] loss: 0.065
[1,  3420] loss: 0.094
[1,  3440] loss: 0.071
[1,  3460] loss: 0.084
[1,  3480] loss: 0.039
[1,  3500] loss: 0.038
[1,  3520] loss: 0.048
[1,  3540] loss: 0.065
[1,  3560] loss: 0.051
[1,  3580] loss: 0.036
[1,  3600] loss: 0.096
[1,  3620] loss: 0.083
[1,  3640] loss: 0.043
[1,  3660] loss: 0.049
[1,  3680] loss: 0.096
[1,  3700] loss: 0.086
[1,  3720] loss: 0.076
[1,  3740] loss: 0.070
[1,  3760] loss: 0.071
[1,  3780] loss: 0.052
[1,  3800] loss: 0.064
[1,  3820] loss: 0.104
[1,  3840] loss: 0.092
[1,  3860] loss: 0.106
[1,  3880] loss: 0.101
[1,  3900] loss: 0.044
[1,  3920] loss: 0.055
[1,  3940] loss: 0.123
[1,  3960] loss: 0.126
[1,  3980] loss: 0.049
[1,  4000] loss: 0.071
[1,  4020] loss: 0.133
[1,  4040] loss: 0.066
[1,  4060] loss: 0.048
[1,  4080] loss: 0.087
[1,  4100] loss: 0.121
[1,  4120] loss: 0.071
[1,  4140] loss: 0.090
[1,  4160] loss: 0.074
[1,  4180] loss: 0.061
[1,  4200] loss: 0.093
[1,  4220] loss: 0.101
[1,  4240] loss: 0.065
[1,  4260] loss: 0.090
[1,  4280] loss: 0.080
[1,  4300] loss: 0.083
[1,  4320] loss: 0.083
[1,  4340] loss: 0.078
[1,  4360] loss: 0.106
[1,  4380] loss: 0.077
[1,  4400] loss: 0.044
[1,  4420] loss: 0.079
[1,  4440] loss: 0.090
[1,  4460] loss: 0.113
[1,  4480] loss: 0.103
[1,  4500] loss: 0.116
[1,  4520] loss: 0.073
[1,  4540] loss: 0.043
[1,  4560] loss: 0.076
[1,  4580] loss: 0.138
[1,  4600] loss: 0.141
[1,  4620] loss: 0.068
[1,  4640] loss: 0.060
[1,  4660] loss: 0.154
[1,  4680] loss: 0.103
[1,  4700] loss: 0.057
[1,  4720] loss: 0.081
[1,  4740] loss: 0.069
[1,  4760] loss: 0.101
[1,  4780] loss: 0.114
[1,  4800] loss: 0.061
[1,  4820] loss: 0.094
[1,  4840] loss: 0.067
[1,  4860] loss: 0.089
[1,  4880] loss: 0.055
[1,  4900] loss: 0.032
[1,  4920] loss: 0.060
[1,  4940] loss: 0.086
[1,  4960] loss: 0.104
[1,  4980] loss: 0.045
[1,  5000] loss: 0.041
[1,  5020] loss: 0.121
[1,  5040] loss: 0.083
[1,  5060] loss: 0.089
[1,  5080] loss: 0.071
[1,  5100] loss: 0.087
[1,  5120] loss: 0.124
[1,  5140] loss: 0.131
[1,  5160] loss: 0.084
[1,  5180] loss: 0.122
[1,  5200] loss: 0.103
[1,  5220] loss: 0.078
[1,  5240] loss: 0.069
[1,  5260] loss: 0.039
[1,  5280] loss: 0.112
[1,  5300] loss: 0.112
[1,  5320] loss: 0.087
[1,  5340] loss: 0.084
[1,  5360] loss: 0.038
[1,  5380] loss: 0.125
[1,  5400] loss: 0.067
[1,  5420] loss: 0.130
[1,  5440] loss: 0.110
[1,  5460] loss: 0.074
[1,  5480] loss: 0.139
[1,  5500] loss: 0.093
[1,  5520] loss: 0.062
[1,  5540] loss: 0.110
[1,  5560] loss: 0.048
[1,  5580] loss: 0.072
[1,  5600] loss: 0.048
[1,  5620] loss: 0.072
[1,  5640] loss: 0.109
[1,  5660] loss: 0.120
[1,  5680] loss: 0.078
[1,  5700] loss: 0.067
[1,  5720] loss: 0.139
[1,  5740] loss: 0.075
[1,  5760] loss: 0.062
[1,  5780] loss: 0.087
[1,  5800] loss: 0.062
[1,  5820] loss: 0.044
[1,  5840] loss: 0.030
[1,  5860] loss: 0.075
[1,  5880] loss: 0.055
[1,  5900] loss: 0.076
[1,  5920] loss: 0.075
[1,  5940] loss: 0.077
[1,  5960] loss: 0.066
[1,  5980] loss: 0.086
[1,  6000] loss: 0.120
[1,  6020] loss: 0.069
[1,  6040] loss: 0.121
[1,  6060] loss: 0.111
[1,  6080] loss: 0.106
[2,    20] loss: 0.094
[2,    40] loss: 0.148
[2,    60] loss: 0.166
[2,    80] loss: 1695265788822.183
[2,   100] loss: 7409532182937.600
[2,   120] loss: 414899019571.200
[2,   140] loss: 27091395368.000
[2,   160] loss: 4145709156.800
[2,   180] loss: 833595031.200
[2,   200] loss: 409572255.000
[2,   220] loss: 312507667.000
[2,   240] loss: 322140531.800
[2,   260] loss: 216332072.500
[2,   280] loss: 211489877.200
[2,   300] loss: 189221353.600
[2,   320] loss: 164418899.300
[2,   340] loss: 137163237.800
[2,   360] loss: 112622607.000
[2,   380] loss: 113387847.800
[2,   400] loss: 129063654.000
[2,   420] loss: 89740225.400
[2,   440] loss: 93232334.400
[2,   460] loss: 75817766.850
[2,   480] loss: 64386014.100
[2,   500] loss: 65761196.500
[2,   520] loss: 86223376.000
[2,   540] loss: 48513026.350
[2,   560] loss: 43154020.200
[2,   580] loss: 47236694.800
[2,   600] loss: 44249145.800
[2,   620] loss: 40153774.825
[2,   640] loss: 47307620.350
[2,   660] loss: 40888168.775
[2,   680] loss: 30103528.675
[2,   700] loss: 34697099.100
[2,   720] loss: 25431891.725
[2,   740] loss: 25505439.850
[2,   760] loss: 16997306.700
[2,   780] loss: 27080163.712
[2,   800] loss: 23370233.375
[2,   820] loss: 22322424.100
[2,   840] loss: 19774898.738
[2,   860] loss: 13911987.544
[2,   880] loss: 17140433.628
[2,   900] loss: 13769208.150
[2,   920] loss: 12095335.406
[2,   940] loss: 13457459.162
[2,   960] loss: 10137908.750
[2,   980] loss: 10164955.012
[2,  1000] loss: 7898358.903
[2,  1020] loss: 11288813.004
[2,  1040] loss: 7608935.684
[2,  1060] loss: 7993668.467
[2,  1080] loss: 8525484.169
[2,  1100] loss: 5581636.794
[2,  1120] loss: 6369635.991
[2,  1140] loss: 4380260.075
[2,  1160] loss: 4889604.619
[2,  1180] loss: 5966025.078
[2,  1200] loss: 3896202.509
[2,  1220] loss: 5159415.213
[2,  1240] loss: 4638732.600
[2,  1260] loss: 3835334.869
[2,  1280] loss: 2193345.562
[2,  1300] loss: 3377620.344
[2,  1320] loss: 3829181.984
[2,  1340] loss: 4864945.319
[2,  1360] loss: 3451136.116
[2,  1380] loss: 2746702.764
[2,  1400] loss: 4026367.212
[2,  1420] loss: 2724916.125
[2,  1440] loss: 1873591.388
[2,  1460] loss: 2014439.453
[2,  1480] loss: 1156757.866
[2,  1500] loss: 1639417.213
[2,  1520] loss: 1886940.812
[2,  1540] loss: 2126423.803
[2,  1560] loss: 2510530.598
[2,  1580] loss: 1672926.274
[2,  1600] loss: 1484281.445
[2,  1620] loss: 1525614.740
[2,  1640] loss: 1172161.761
[2,  1660] loss: 1372856.992
[2,  1680] loss: 1167997.991
[2,  1700] loss: 1265408.655
[2,  1720] loss: 1732289.750
[2,  1740] loss: 2489845.071
[2,  1760] loss: 1754371.928
[2,  1780] loss: 1227161.492
[2,  1800] loss: 1436902.891
[2,  1820] loss: 1569110.555
[2,  1840] loss: 1421423.418
[2,  1860] loss: 1099679.505
[2,  1880] loss: 904451.198
[2,  1900] loss: 868011.259
[2,  1920] loss: 1120718.750
[2,  1940] loss: 891081.053
[2,  1960] loss: 794398.152
[2,  1980] loss: 773681.513
[2,  2000] loss: 2287374.037
[2,  2020] loss: 835088.445
[2,  2040] loss: 839783.067
[2,  2060] loss: 938881.386
[2,  2080] loss: 682224.032
[2,  2100] loss: 438289.368
[2,  2120] loss: 1375617.255
[2,  2140] loss: 1062817.744
[2,  2160] loss: 1113997.551
[2,  2180] loss: 704703.891
[2,  2200] loss: 679806.186
[2,  2220] loss: 659391.442
[2,  2240] loss: 561986.925
[2,  2260] loss: 580659.487
[2,  2280] loss: 523905.455
[2,  2300] loss: 709253.287
[2,  2320] loss: 556217.073
[2,  2340] loss: 828987.995
[2,  2360] loss: 522644.741
[2,  2380] loss: 808631.111
[2,  2400] loss: 811025.973
[2,  2420] loss: 865492.555
[2,  2440] loss: 538956.922
[2,  2460] loss: 828062.609
[2,  2480] loss: 552488.033
[2,  2500] loss: 647428.234
[2,  2520] loss: 727211.628
[2,  2540] loss: 567416.162
[2,  2560] loss: 473140.927
[2,  2580] loss: 484692.676
[2,  2600] loss: 678754.934
[2,  2620] loss: 514131.797
[2,  2640] loss: 440567.615
[2,  2660] loss: 554645.392
[2,  2680] loss: 651741.102
[2,  2700] loss: 605429.030
[2,  2720] loss: 791829.559
[2,  2740] loss: 781155.713
[2,  2760] loss: 656220.818
[2,  2780] loss: 587922.527
[2,  2800] loss: 465094.721
[2,  2820] loss: 1203808.339
[2,  2840] loss: 612773.241
[2,  2860] loss: 687033.241
[2,  2880] loss: 404071.088
[2,  2900] loss: 1349177.071
[2,  2920] loss: 1568490.598
[2,  2940] loss: 570381.194
[2,  2960] loss: 624224.287
[2,  2980] loss: 915158.923
[2,  3000] loss: 855378.752
[2,  3020] loss: 1425804.871
[2,  3040] loss: 912505.873
[2,  3060] loss: 546584.723
[2,  3080] loss: 490691.288
[2,  3100] loss: 518722.250
[2,  3120] loss: 540374.296
[2,  3140] loss: 684965.153
[2,  3160] loss: 567787.830
[2,  3180] loss: 457221.972
[2,  3200] loss: 721984.009
[2,  3220] loss: 2628328.763
[2,  3240] loss: 5511775.430
[2,  3260] loss: 15052957.670
[2,  3280] loss: 3554456.271
[2,  3300] loss: 724051.823
[2,  3320] loss: 581804.471
[2,  3340] loss: 918737.265
[2,  3360] loss: 2555351.579
[2,  3380] loss: 2221536.239
[2,  3400] loss: 1702822.342
[2,  3420] loss: 625220.586
[2,  3440] loss: 805729.769
[2,  3460] loss: 1581964.262
[2,  3480] loss: 490705.705
[2,  3500] loss: 789887.771
[2,  3520] loss: 561255.090
[2,  3540] loss: 359725.580
[2,  3560] loss: 633284.897
[2,  3580] loss: 543884.974
[2,  3600] loss: 932861.091
[2,  3620] loss: 635843.881
[2,  3640] loss: 376279.563
[2,  3660] loss: 567191.887
[2,  3680] loss: 727472.829
[2,  3700] loss: 879343.927
[2,  3720] loss: 629177.017
[2,  3740] loss: 502734.716
[2,  3760] loss: 883284.382
[2,  3780] loss: 578902.743
[2,  3800] loss: 870232.938
[2,  3820] loss: 722708.226
[2,  3840] loss: 1136014.244
[2,  3860] loss: 2084208.136
[2,  3880] loss: 1363171.196
[2,  3900] loss: 564357.479
[2,  3920] loss: 540430.718
[2,  3940] loss: 611383.571
[2,  3960] loss: 1112778.315
[2,  3980] loss: 336696.844
[2,  4000] loss: 568512.577
[2,  4020] loss: 572991.111
[2,  4040] loss: 535092.980
[2,  4060] loss: 1880033.794
[2,  4080] loss: 5341842.148
[2,  4100] loss: 30059144.250
[2,  4120] loss: 6431263.700
[2,  4140] loss: 7196223.119
[2,  4160] loss: 2474550.385
[2,  4180] loss: 1827707.803
[2,  4200] loss: 4345325.552
[2,  4220] loss: 5464095.062
[2,  4240] loss: 14675311.869
[2,  4260] loss: 9776977.481
[2,  4280] loss: 3326837.980
[2,  4300] loss: 1262026.376
[2,  4320] loss: 1551244.487
[2,  4340] loss: 2023780.613
[2,  4360] loss: 5160790.770
[2,  4380] loss: 1207685.920
[2,  4400] loss: 620676.574
[2,  4420] loss: 359411.996
[2,  4440] loss: 418512.847
[2,  4460] loss: 837770.666
[2,  4480] loss: 838952.689
[2,  4500] loss: 1045423.557
[2,  4520] loss: 941108.870
[2,  4540] loss: 607427.898
[2,  4560] loss: 1478318.183
[2,  4580] loss: 2354897.575
[2,  4600] loss: 1927944.831
[2,  4620] loss: 1538956.018
[2,  4640] loss: 2398490.069
[2,  4660] loss: 768241.959
[2,  4680] loss: 321631.926
[2,  4700] loss: 707469.973
[2,  4720] loss: 535791.654
[2,  4740] loss: 1078910.657
[2,  4760] loss: 2743159.466
[2,  4780] loss: 8437022.328
[2,  4800] loss: 21147148.881
[2,  4820] loss: 25361004.163
[2,  4840] loss: 5620449.359
[2,  4860] loss: 3329085.354
[2,  4880] loss: 2020583.337
[2,  4900] loss: 16309682.963
[2,  4920] loss: 37623894.000
[2,  4940] loss: 12836305.409
[2,  4960] loss: 3659612.172
[2,  4980] loss: 2154338.151
[2,  5000] loss: 1480741.578
[2,  5020] loss: 633212.003
[2,  5040] loss: 597270.216
[2,  5060] loss: 1158170.320
[2,  5080] loss: 999422.448
[2,  5100] loss: 892890.661
[2,  5120] loss: 1958835.887
[2,  5140] loss: 922824.202
[2,  5160] loss: 2552350.611
[2,  5180] loss: 2026972.060
[2,  5200] loss: 1086052.937
[2,  5220] loss: 17485003.409
[2,  5240] loss: 141546866.244
[2,  5260] loss: 194536313.450
[2,  5280] loss: 30093861.981
[2,  5300] loss: 5116907.647
[2,  5320] loss: 5841859.784
[2,  5340] loss: 1737632.423
[2,  5360] loss: 1307905.074
[2,  5380] loss: 1219494.575
[2,  5400] loss: 501677.081
[2,  5420] loss: 366950.304
[2,  5440] loss: 392124.725
[2,  5460] loss: 503488.816
[2,  5480] loss: 496240.688
[2,  5500] loss: 422452.785
[2,  5520] loss: 355033.790
[2,  5540] loss: 687926.563
[2,  5560] loss: 1022803.905
[2,  5580] loss: 791538.519
[2,  5600] loss: 1812291.128
[2,  5620] loss: 4612833.961
[2,  5640] loss: 4826509.153
[2,  5660] loss: 1503324.541
[2,  5680] loss: 566965.912
[2,  5700] loss: 630880.318
[2,  5720] loss: 776850.716
[2,  5740] loss: 601856.584
[2,  5760] loss: 2388323.660
[2,  5780] loss: 1532221.664
[2,  5800] loss: 759078.404
[2,  5820] loss: 395554.235
[2,  5840] loss: 392490.096
[2,  5860] loss: 357175.770
[2,  5880] loss: 386925.293
[2,  5900] loss: 324241.346
[2,  5920] loss: 219422.824
[2,  5940] loss: 694224.664
[2,  5960] loss: 671131.365
[2,  5980] loss: 1927994.562
[2,  6000] loss: 991939.673
[2,  6020] loss: 469603.497
[2,  6040] loss: 290749.843
[2,  6060] loss: 627996.544
[2,  6080] loss: 507735.909
[1,    20] loss: 882495.111
[1,    40] loss: 788021.526
[1,    60] loss: 1135674.932
[1,    80] loss: 866948.365
[1,   100] loss: 711421.726
[1,   120] loss: 669557.910
[1,   140] loss: 609833.971
[1,   160] loss: 556976.142
[1,   180] loss: 523119.509
[1,   200] loss: 525171.200
[1,   220] loss: 572523.140
[1,   240] loss: 625526.638
[1,   260] loss: 622572.857
[1,   280] loss: 613699.020
[1,   300] loss: 589957.797
[1,   320] loss: 566440.482
[1,   340] loss: 540833.135
[1,   360] loss: 514642.749
[1,   380] loss: 514277.626
[1,   400] loss: 513044.541
[1,   420] loss: 508130.524
[1,   440] loss: 500160.659
[1,   460] loss: 501814.609
[1,   480] loss: 517214.888
[1,   500] loss: 563060.641
[1,   520] loss: 603314.497
[1,   540] loss: 593715.225
[1,   560] loss: 599557.150
[1,   580] loss: 593974.524
[1,   600] loss: 608112.656
[1,   620] loss: 626778.880
[1,   640] loss: 616840.695
[1,   660] loss: 632992.398
[2,    20] loss: 882495.111
[2,    40] loss: 788021.526
[2,    60] loss: 1135674.932
[2,    80] loss: 866948.365
[2,   100] loss: 711421.726
[2,   120] loss: 669557.910
[2,   140] loss: 609833.971
[2,   160] loss: 556976.142
[2,   180] loss: 523119.509
[2,   200] loss: 525171.200
[2,   220] loss: 572523.140
[2,   240] loss: 625526.638
[2,   260] loss: 622572.857
[2,   280] loss: 613699.020
[2,   300] loss: 589957.797
[2,   320] loss: 566440.482
[2,   340] loss: 540833.135
[2,   360] loss: 514642.749
[2,   380] loss: 514277.626
[2,   400] loss: 513044.541
[2,   420] loss: 508130.524
[2,   440] loss: 500160.659
[2,   460] loss: 501814.609
[2,   480] loss: 517214.888
[2,   500] loss: 563060.641
[2,   520] loss: 603314.497
[2,   540] loss: 593715.225
[2,   560] loss: 599557.150
[2,   580] loss: 593974.524
[2,   600] loss: 608112.656
[2,   620] loss: 626778.880
[2,   640] loss: 616840.695
[2,   660] loss: 632992.398
