cuda:  7
color_space: YCbCr
batch_size: 5
num_epcochs: 2
learning_rate: 0.003
[1,    20] loss: 1.008
[1,    40] loss: 4.856
[1,    60] loss: 0.475
[1,    80] loss: 0.144
[1,   100] loss: 0.105
[1,   120] loss: 0.073
[1,   140] loss: 0.058
[1,   160] loss: 0.148
[1,   180] loss: 0.035
[1,   200] loss: 0.054
[1,   220] loss: 0.107
[1,   240] loss: 0.132
[1,   260] loss: 0.198
[1,   280] loss: 0.079
[1,   300] loss: 0.100
[1,   320] loss: 0.142
[1,   340] loss: 0.053
[1,   360] loss: 0.049
[1,   380] loss: 0.074
[1,   400] loss: 0.048
[1,   420] loss: 0.080
[1,   440] loss: 0.085
[1,   460] loss: 0.090
[1,   480] loss: 0.109
[1,   500] loss: 0.093
[1,   520] loss: 0.092
[1,   540] loss: 0.089
[1,   560] loss: 0.058
[1,   580] loss: 0.094
[1,   600] loss: 0.061
[1,   620] loss: 0.080
[1,   640] loss: 0.083
[1,   660] loss: 0.071
[1,   680] loss: 0.043
[1,   700] loss: 0.079
[1,   720] loss: 0.051
[1,   740] loss: 0.120
[1,   760] loss: 0.072
[1,   780] loss: 0.082
[1,   800] loss: 0.052
[1,   820] loss: 0.060
[1,   840] loss: 0.060
[1,   860] loss: 0.028
[1,   880] loss: 0.053
[1,   900] loss: 0.158
[1,   920] loss: 0.067
[1,   940] loss: 0.041
[1,   960] loss: 0.106
[1,   980] loss: 0.047
[1,  1000] loss: 0.052
[1,  1020] loss: 0.076
[1,  1040] loss: 0.095
[1,  1060] loss: 0.100
[1,  1080] loss: 0.063
[1,  1100] loss: 0.083
[1,  1120] loss: 0.066
[1,  1140] loss: 0.055
[1,  1160] loss: 0.066
[1,  1180] loss: 0.075
[1,  1200] loss: 0.043
[1,  1220] loss: 0.051
[1,  1240] loss: 0.058
[1,  1260] loss: 0.025
[1,  1280] loss: 0.110
[1,  1300] loss: 0.075
[1,  1320] loss: 0.058
[1,  1340] loss: 0.096
[1,  1360] loss: 0.074
[1,  1380] loss: 0.043
[1,  1400] loss: 0.045
[1,  1420] loss: 0.154
[1,  1440] loss: 0.045
[1,  1460] loss: 0.044
[1,  1480] loss: 0.092
[1,  1500] loss: 0.043
[1,  1520] loss: 0.080
[1,  1540] loss: 0.083
[1,  1560] loss: 0.068
[1,  1580] loss: 0.034
[1,  1600] loss: 0.052
[1,  1620] loss: 0.048
[1,  1640] loss: 0.061
[1,  1660] loss: 0.041
[1,  1680] loss: 0.100
[1,  1700] loss: 0.057
[1,  1720] loss: 0.095
[1,  1740] loss: 0.069
[1,  1760] loss: 0.046
[1,  1780] loss: 0.092
[1,  1800] loss: 0.110
[1,  1820] loss: 0.067
[1,  1840] loss: 0.025
[1,  1860] loss: 0.094
[1,  1880] loss: 0.061
[1,  1900] loss: 0.075
[1,  1920] loss: 0.032
[1,  1940] loss: 0.048
[1,  1960] loss: 0.086
[1,  1980] loss: 0.118
[1,  2000] loss: 0.078
[1,  2020] loss: 0.065
[1,  2040] loss: 0.068
[1,  2060] loss: 0.096
[1,  2080] loss: 0.043
[1,  2100] loss: 0.082
[1,  2120] loss: 0.119
[1,  2140] loss: 0.054
[1,  2160] loss: 0.070
[1,  2180] loss: 0.059
[1,  2200] loss: 0.106
[1,  2220] loss: 0.050
[1,  2240] loss: 0.068
[1,  2260] loss: 0.053
[1,  2280] loss: 0.046
[1,  2300] loss: 0.059
[1,  2320] loss: 0.086
[1,  2340] loss: 0.034
[1,  2360] loss: 0.068
[1,  2380] loss: 0.041
[1,  2400] loss: 0.045
[1,  2420] loss: 0.066
[1,  2440] loss: 0.087
[1,  2460] loss: 0.063
[1,  2480] loss: 0.067
[1,  2500] loss: 0.045
[1,  2520] loss: 0.039
[1,  2540] loss: 0.104
[1,  2560] loss: 0.068
[1,  2580] loss: 0.063
[1,  2600] loss: 0.080
[1,  2620] loss: 0.079
[1,  2640] loss: 0.033
[1,  2660] loss: 0.084
[1,  2680] loss: 0.065
[1,  2700] loss: 0.036
[1,  2720] loss: 0.042
[1,  2740] loss: 0.090
[1,  2760] loss: 0.060
[1,  2780] loss: 0.054
[1,  2800] loss: 0.038
[1,  2820] loss: 0.043
[1,  2840] loss: 0.033
[1,  2860] loss: 0.061
[1,  2880] loss: 0.046
[1,  2900] loss: 0.039
[1,  2920] loss: 0.058
[1,  2940] loss: 0.057
[1,  2960] loss: 0.075
[1,  2980] loss: 0.043
[1,  3000] loss: 0.058
[1,  3020] loss: 0.095
[1,  3040] loss: 0.085
[1,  3060] loss: 0.113
[1,  3080] loss: 0.060
[1,  3100] loss: 0.129
[1,  3120] loss: 0.051
[1,  3140] loss: 0.051
[1,  3160] loss: 0.073
[1,  3180] loss: 0.093
[1,  3200] loss: 0.167
[1,  3220] loss: 111269799.512
[1,  3240] loss: 66478853958.438
[1,  3260] loss: 707981740121.600
[1,  3280] loss: 58777762598.400
[1,  3300] loss: 1550835466.400
[1,  3320] loss: 159746907.850
[1,  3340] loss: 43746035.425
[1,  3360] loss: 17083412.975
[1,  3380] loss: 14974432.300
[1,  3400] loss: 9282310.113
[1,  3420] loss: 8332116.662
[1,  3440] loss: 7404812.338
[1,  3460] loss: 6528970.056
[1,  3480] loss: 5556272.312
[1,  3500] loss: 4904980.562
[1,  3520] loss: 5416624.562
[1,  3540] loss: 5071737.362
[1,  3560] loss: 5000376.312
[1,  3580] loss: 3899093.069
[1,  3600] loss: 4716455.906
[1,  3620] loss: 4310892.944
[1,  3640] loss: 4493537.588
[1,  3660] loss: 3483921.856
[1,  3680] loss: 3299086.388
[1,  3700] loss: 2904806.547
[1,  3720] loss: 3711973.513
[1,  3740] loss: 3638206.375
[1,  3760] loss: 3356311.731
[1,  3780] loss: 3100230.678
[1,  3800] loss: 2999277.031
[1,  3820] loss: 2299428.156
[1,  3840] loss: 2190449.994
[1,  3860] loss: 2763683.502
[1,  3880] loss: 2216261.078
[1,  3900] loss: 1921052.944
[1,  3920] loss: 1807612.545
[1,  3940] loss: 1834715.698
[1,  3960] loss: 1774914.275
[1,  3980] loss: 1801032.891
[1,  4000] loss: 1736020.128
[1,  4020] loss: 1755966.647
[1,  4040] loss: 1901701.573
[1,  4060] loss: 1694776.517
[1,  4080] loss: 1819309.872
[1,  4100] loss: 1701381.783
[1,  4120] loss: 1522528.805
[1,  4140] loss: 1392868.245
[1,  4160] loss: 1438104.503
[1,  4180] loss: 1354413.267
[1,  4200] loss: 1158680.598
[1,  4220] loss: 1469598.588
[1,  4240] loss: 1307100.381
[1,  4260] loss: 1244816.109
[1,  4280] loss: 1138865.166
[1,  4300] loss: 1169199.673
[1,  4320] loss: 1110863.605
[1,  4340] loss: 1179016.021
[1,  4360] loss: 1566856.188
[1,  4380] loss: 1084292.320
[1,  4400] loss: 1046444.005
[1,  4420] loss: 909636.784
[1,  4440] loss: 980650.816
[1,  4460] loss: 1117351.950
[1,  4480] loss: 940148.048
[1,  4500] loss: 867877.171
[1,  4520] loss: 913109.820
[1,  4540] loss: 791888.445
[1,  4560] loss: 786236.614
[1,  4580] loss: 863790.311
[1,  4600] loss: 950598.174
[1,  4620] loss: 787473.095
[1,  4640] loss: 795522.589
[1,  4660] loss: 799829.436
[1,  4680] loss: 802266.451
[1,  4700] loss: 711604.252
[1,  4720] loss: 495948.254
[1,  4740] loss: 773661.992
[1,  4760] loss: 736050.544
[1,  4780] loss: 485526.080
[1,  4800] loss: 668745.545
[1,  4820] loss: 689327.292
[1,  4840] loss: 600337.845
[1,  4860] loss: 516527.805
[1,  4880] loss: 453475.962
[1,  4900] loss: 604720.657
[1,  4920] loss: 514589.182
[1,  4940] loss: 570079.173
[1,  4960] loss: 557349.541
[1,  4980] loss: 612076.411
[1,  5000] loss: 483959.014
[1,  5020] loss: 399988.638
[1,  5040] loss: 391590.962
[1,  5060] loss: 441291.887
[1,  5080] loss: 493034.410
[1,  5100] loss: 424397.445
[1,  5120] loss: 312097.228
[1,  5140] loss: 453670.144
[1,  5160] loss: 476340.537
[1,  5180] loss: 388035.274
[1,  5200] loss: 323389.411
[1,  5220] loss: 507578.178
[1,  5240] loss: 477169.844
[1,  5260] loss: 449814.378
[1,  5280] loss: 308042.498
[1,  5300] loss: 355497.406
[1,  5320] loss: 391934.939
[1,  5340] loss: 370375.105
[1,  5360] loss: 368378.721
[1,  5380] loss: 352755.477
[1,  5400] loss: 259199.185
[1,  5420] loss: 341622.741
[1,  5440] loss: 381201.331
[1,  5460] loss: 401062.148
[1,  5480] loss: 338082.948
[1,  5500] loss: 282270.616
[1,  5520] loss: 271965.821
[1,  5540] loss: 303685.255
[1,  5560] loss: 234443.088
[1,  5580] loss: 346509.490
[1,  5600] loss: 222367.067
[1,  5620] loss: 291550.825
[1,  5640] loss: 207715.307
[1,  5660] loss: 251710.792
[1,  5680] loss: 290076.385
[1,  5700] loss: 315722.888
[1,  5720] loss: 262236.599
[1,  5740] loss: 201112.522
[1,  5760] loss: 291033.470
[1,  5780] loss: 321709.724
[1,  5800] loss: 219431.550
[1,  5820] loss: 231528.733
[1,  5840] loss: 297622.562
[1,  5860] loss: 163824.084
[1,  5880] loss: 205674.027
[1,  5900] loss: 186682.089
[1,  5920] loss: 215602.840
[1,  5940] loss: 177798.096
[1,  5960] loss: 250623.368
[1,  5980] loss: 207071.202
[1,  6000] loss: 232355.031
[1,  6020] loss: 189374.663
[1,  6040] loss: 180224.385
[1,  6060] loss: 221492.160
[1,  6080] loss: 225815.204
[2,    20] loss: 213408.812
[2,    40] loss: 267781.818
[2,    60] loss: 273260.483
[2,    80] loss: 199695.458
[2,   100] loss: 174843.860
[2,   120] loss: 217594.418
[2,   140] loss: 231144.026
[2,   160] loss: 289987.710
[2,   180] loss: 241312.372
[2,   200] loss: 280825.323
[2,   220] loss: 163627.091
[2,   240] loss: 188650.882
[2,   260] loss: 178813.774
[2,   280] loss: 185998.126
[2,   300] loss: 178688.559
[2,   320] loss: 182017.716
[2,   340] loss: 183318.731
[2,   360] loss: 215191.966
[2,   380] loss: 177826.537
[2,   400] loss: 199676.335
[2,   420] loss: 200970.410
[2,   440] loss: 172452.112
[2,   460] loss: 197466.270
[2,   480] loss: 175387.064
[2,   500] loss: 214790.512
[2,   520] loss: 177399.227
[2,   540] loss: 160659.258
[2,   560] loss: 201882.603
[2,   580] loss: 165373.060
[2,   600] loss: 145155.221
[2,   620] loss: 161512.847
[2,   640] loss: 141001.727
[2,   660] loss: 177142.755
[2,   680] loss: 143277.447
[2,   700] loss: 136066.559
[2,   720] loss: 152209.360
[2,   740] loss: 191863.639
[2,   760] loss: 182329.907
[2,   780] loss: 180628.605
[2,   800] loss: 173841.903
[2,   820] loss: 159010.709
[2,   840] loss: 169391.391
[2,   860] loss: 130439.560
[2,   880] loss: 116496.657
[2,   900] loss: 92493.049
[2,   920] loss: 114357.061
[2,   940] loss: 173257.327
[2,   960] loss: 152520.544
[2,   980] loss: 171285.058
[2,  1000] loss: 123583.198
[2,  1020] loss: 169828.931
[2,  1040] loss: 130660.725
[2,  1060] loss: 97729.759
[2,  1080] loss: 93971.608
[2,  1100] loss: 118137.697
[2,  1120] loss: 98949.008
[2,  1140] loss: 141806.347
[2,  1160] loss: 236735.539
[2,  1180] loss: 241651.270
[2,  1200] loss: 198414.137
[2,  1220] loss: 116703.662
[2,  1240] loss: 134919.308
[2,  1260] loss: 119886.071
[2,  1280] loss: 119904.291
[2,  1300] loss: 124313.066
[2,  1320] loss: 184332.351
[2,  1340] loss: 124695.372
[2,  1360] loss: 114871.235
[2,  1380] loss: 118194.470
[2,  1400] loss: 127888.635
[2,  1420] loss: 141231.820
[2,  1440] loss: 183516.551
[2,  1460] loss: 118091.378
[2,  1480] loss: 114864.175
[2,  1500] loss: 163772.316
[2,  1520] loss: 202458.760
[2,  1540] loss: 145450.972
[2,  1560] loss: 123345.793
[2,  1580] loss: 121754.061
[2,  1600] loss: 97908.770
[2,  1620] loss: 91277.408
[2,  1640] loss: 105188.325
[2,  1660] loss: 104055.589
[2,  1680] loss: 214438.849
[2,  1700] loss: 116983.421
[2,  1720] loss: 108174.293
[2,  1740] loss: 111841.243
[2,  1760] loss: 108782.388
[2,  1780] loss: 83036.068
[2,  1800] loss: 106336.817
[2,  1820] loss: 114152.266
[2,  1840] loss: 118134.955
[2,  1860] loss: 93815.701
[2,  1880] loss: 163466.158
[2,  1900] loss: 150874.557
[2,  1920] loss: 239934.021
[2,  1940] loss: 119602.180
[2,  1960] loss: 122142.422
[2,  1980] loss: 106165.310
[2,  2000] loss: 128202.519
[2,  2020] loss: 94230.049
[2,  2040] loss: 68716.281
[2,  2060] loss: 88721.336
[2,  2080] loss: 135709.099
[2,  2100] loss: 174498.665
[2,  2120] loss: 96198.831
[2,  2140] loss: 107506.019
[2,  2160] loss: 112347.637
[2,  2180] loss: 109670.803
[2,  2200] loss: 138533.767
[2,  2220] loss: 96307.408
[2,  2240] loss: 174309.603
[2,  2260] loss: 286971.069
[2,  2280] loss: 325504.955
[2,  2300] loss: 142114.792
[2,  2320] loss: 115340.162
[2,  2340] loss: 153352.775
[2,  2360] loss: 337565.630
[2,  2380] loss: 160488.039
[2,  2400] loss: 109467.589
[2,  2420] loss: 72026.156
[2,  2440] loss: 133411.724
[2,  2460] loss: 115700.668
[2,  2480] loss: 135085.038
[2,  2500] loss: 129319.234
[2,  2520] loss: 91775.154
[2,  2540] loss: 102795.096
[2,  2560] loss: 97086.321
[2,  2580] loss: 97175.547
[2,  2600] loss: 102869.082
[2,  2620] loss: 78106.881
[2,  2640] loss: 94118.378
[2,  2660] loss: 87762.169
[2,  2680] loss: 104514.308
[2,  2700] loss: 132126.411
[2,  2720] loss: 201514.032
[2,  2740] loss: 159779.816
[2,  2760] loss: 106943.588
[2,  2780] loss: 98853.599
[2,  2800] loss: 170410.027
[2,  2820] loss: 126041.363
[2,  2840] loss: 92126.766
[2,  2860] loss: 73826.028
[2,  2880] loss: 64085.929
[2,  2900] loss: 178862.586
[2,  2920] loss: 155807.620
[2,  2940] loss: 53780.565
[2,  2960] loss: 66502.394
[2,  2980] loss: 117760.304
[2,  3000] loss: 79196.389
[2,  3020] loss: 78279.989
[2,  3040] loss: 74044.216
[2,  3060] loss: 64624.444
[2,  3080] loss: 76333.206
[2,  3100] loss: 79426.540
[2,  3120] loss: 66304.928
[2,  3140] loss: 109468.909
[2,  3160] loss: 115628.908
[2,  3180] loss: 246152.694
[2,  3200] loss: 172723.034
[2,  3220] loss: 134867.279
[2,  3240] loss: 94826.988
[2,  3260] loss: 153352.864
[2,  3280] loss: 95682.054
[2,  3300] loss: 249472.489
[2,  3320] loss: 964132.239
[2,  3340] loss: 327554.733
[2,  3360] loss: 101695.363
[2,  3380] loss: 105709.536
[2,  3400] loss: 190339.177
[2,  3420] loss: 162138.154
[2,  3440] loss: 125368.403
[2,  3460] loss: 99455.408
[2,  3480] loss: 56368.470
[2,  3500] loss: 186814.358
[2,  3520] loss: 147222.820
[2,  3540] loss: 812391.002
[2,  3560] loss: 1329872.007
[2,  3580] loss: 1096230.774
[2,  3600] loss: 958417.437
[2,  3620] loss: 229601.589
[2,  3640] loss: 155067.157
[2,  3660] loss: 128971.475
[2,  3680] loss: 63032.276
[2,  3700] loss: 64239.804
[2,  3720] loss: 64954.362
[2,  3740] loss: 64483.179
[2,  3760] loss: 689839.447
[2,  3780] loss: 514330.387
[2,  3800] loss: 90302.463
[2,  3820] loss: 63282.657
[2,  3840] loss: 67739.706
[2,  3860] loss: 61711.131
[2,  3880] loss: 38041.754
[2,  3900] loss: 62781.507
[2,  3920] loss: 76773.073
[2,  3940] loss: 91586.775
[2,  3960] loss: 150365.034
[2,  3980] loss: 296851.638
[2,  4000] loss: 110840.110
[2,  4020] loss: 107034.138
[2,  4040] loss: 161941.013
[2,  4060] loss: 102756.625
[2,  4080] loss: 170349.314
[2,  4100] loss: 237313.815
[2,  4120] loss: 161902.202
[2,  4140] loss: 181639.355
[2,  4160] loss: 105935.397
[2,  4180] loss: 58522.792
[2,  4200] loss: 84807.004
[2,  4220] loss: 48079.646
[2,  4240] loss: 145910.461
[2,  4260] loss: 79070.407
[2,  4280] loss: 57677.697
[2,  4300] loss: 59146.696
[2,  4320] loss: 49334.909
[2,  4340] loss: 71296.793
[2,  4360] loss: 111466.936
[2,  4380] loss: 71386.480
[2,  4400] loss: 96361.932
[2,  4420] loss: 476889.889
[2,  4440] loss: 192382.554
[2,  4460] loss: 100931.958
[2,  4480] loss: 55023.939
[2,  4500] loss: 96474.327
[2,  4520] loss: 59698.488
[2,  4540] loss: 46978.065
[2,  4560] loss: 64831.430
[2,  4580] loss: 94809.141
[2,  4600] loss: 141488.038
[2,  4620] loss: 60794.917
[2,  4640] loss: 52023.393
[2,  4660] loss: 62672.021
[2,  4680] loss: 91505.897
[2,  4700] loss: 92686.742
[2,  4720] loss: 204708.938
[2,  4740] loss: 339265.724
[2,  4760] loss: 825309.828
[2,  4780] loss: 2265739.299
[2,  4800] loss: 706799.570
[2,  4820] loss: 340045.224
[2,  4840] loss: 155014.185
[2,  4860] loss: 129921.430
[2,  4880] loss: 108013.748
[2,  4900] loss: 106027.902
[2,  4920] loss: 103295.121
[2,  4940] loss: 46216.624
[2,  4960] loss: 105838.602
[2,  4980] loss: 25452.738
[2,  5000] loss: 84599.812
[2,  5020] loss: 50615.262
[2,  5040] loss: 72604.552
[2,  5060] loss: 39544.558
[2,  5080] loss: 29910.239
[2,  5100] loss: 213315.750
[2,  5120] loss: 87316.981
[2,  5140] loss: 37285.601
[2,  5160] loss: 79615.980
[2,  5180] loss: 130930.096
[2,  5200] loss: 110570.119
[2,  5220] loss: 38369.281
[2,  5240] loss: 28073.959
[2,  5260] loss: 25149.494
[2,  5280] loss: 176177.881
[2,  5300] loss: 72391.170
[2,  5320] loss: 28308.533
[2,  5340] loss: 33165.198
[2,  5360] loss: 79064.083
[2,  5380] loss: 70219.847
[2,  5400] loss: 61872.327
[2,  5420] loss: 77387.145
[2,  5440] loss: 111458.390
[2,  5460] loss: 79276.430
[2,  5480] loss: 148133.545
[2,  5500] loss: 254753.923
[2,  5520] loss: 444537.818
[2,  5540] loss: 478981.451
[2,  5560] loss: 245929.265
[2,  5580] loss: 52773.949
[2,  5600] loss: 478535.715
[2,  5620] loss: 1993520.428
[2,  5640] loss: 14088156.517
[2,  5660] loss: 6486733.906
[2,  5680] loss: 685530.831
[2,  5700] loss: 165541.142
[2,  5720] loss: 65152.682
[2,  5740] loss: 27824.213
[2,  5760] loss: 14800.105
[2,  5780] loss: 14365.812
[2,  5800] loss: 9346.500
[2,  5820] loss: 8646.431
[2,  5840] loss: 15335.765
[2,  5860] loss: 9678.413
[2,  5880] loss: 6949.066
[2,  5900] loss: 12408.204
[2,  5920] loss: 18477.786
[2,  5940] loss: 9717.504
[2,  5960] loss: 11147.294
[2,  5980] loss: 8225.349
[2,  6000] loss: 8511.760
[2,  6020] loss: 7618.419
[2,  6040] loss: 4689.249
[2,  6060] loss: 7879.403
[2,  6080] loss: 13023.622
[1,    20] loss: 10245.350
[1,    40] loss: 11864.396
[1,    60] loss: 19289.898
[1,    80] loss: 14499.703
[1,   100] loss: 11863.193
[1,   120] loss: 14176.530
[1,   140] loss: 17577.471
[1,   160] loss: 21288.771
[1,   180] loss: 26157.882
[1,   200] loss: 30271.237
[1,   220] loss: 30826.772
[1,   240] loss: 33861.138
[1,   260] loss: 36001.818
[1,   280] loss: 35619.874
[1,   300] loss: 34651.148
[1,   320] loss: 33736.745
[1,   340] loss: 32561.588
[1,   360] loss: 31424.266
[1,   380] loss: 30594.323
[1,   400] loss: 31067.037
[1,   420] loss: 30925.549
[1,   440] loss: 31991.918
[1,   460] loss: 32946.262
[1,   480] loss: 33116.369
[1,   500] loss: 33071.109
[1,   520] loss: 32727.685
[1,   540] loss: 32723.388
[1,   560] loss: 34241.465
[1,   580] loss: 35530.233
[1,   600] loss: 36693.522
[1,   620] loss: 36899.045
[1,   640] loss: 36133.122
[1,   660] loss: 35707.513
[2,    20] loss: 10245.350
[2,    40] loss: 11864.396
[2,    60] loss: 19289.898
[2,    80] loss: 14499.703
[2,   100] loss: 11863.193
[2,   120] loss: 14176.530
[2,   140] loss: 17577.471
[2,   160] loss: 21288.771
[2,   180] loss: 26157.882
[2,   200] loss: 30271.237
[2,   220] loss: 30826.772
[2,   240] loss: 33861.138
[2,   260] loss: 36001.818
[2,   280] loss: 35619.874
[2,   300] loss: 34651.148
[2,   320] loss: 33736.745
[2,   340] loss: 32561.588
[2,   360] loss: 31424.266
[2,   380] loss: 30594.323
[2,   400] loss: 31067.037
[2,   420] loss: 30925.549
[2,   440] loss: 31991.918
[2,   460] loss: 32946.262
[2,   480] loss: 33116.369
[2,   500] loss: 33071.109
[2,   520] loss: 32727.685
[2,   540] loss: 32723.388
[2,   560] loss: 34241.465
[2,   580] loss: 35530.233
[2,   600] loss: 36693.522
[2,   620] loss: 36899.045
[2,   640] loss: 36133.122
[2,   660] loss: 35707.513
