cuda:  6
color_space: YCbCr
batch_size: 5
num_epcochs: 2
learning_rate: 0.003
[1,    20] loss: 24.182
[1,    40] loss: 47.133
[1,    60] loss: 22.848
[1,    80] loss: 2.295
[1,   100] loss: 0.243
[1,   120] loss: 0.100
[1,   140] loss: 0.071
[1,   160] loss: 0.131
[1,   180] loss: 0.102
[1,   200] loss: 0.134
[1,   220] loss: 0.059
[1,   240] loss: 0.055
[1,   260] loss: 0.120
[1,   280] loss: 0.088
[1,   300] loss: 0.065
[1,   320] loss: 0.076
[1,   340] loss: 0.117
[1,   360] loss: 0.055
[1,   380] loss: 0.064
[1,   400] loss: 0.084
[1,   420] loss: 0.090
[1,   440] loss: 0.047
[1,   460] loss: 0.100
[1,   480] loss: 0.083
[1,   500] loss: 0.062
[1,   520] loss: 0.073
[1,   540] loss: 0.069
[1,   560] loss: 0.057
[1,   580] loss: 0.063
[1,   600] loss: 0.045
[1,   620] loss: 0.082
[1,   640] loss: 0.057
[1,   660] loss: 0.116
[1,   680] loss: 0.095
[1,   700] loss: 0.043
[1,   720] loss: 0.090
[1,   740] loss: 0.066
[1,   760] loss: 0.050
[1,   780] loss: 0.083
[1,   800] loss: 0.074
[1,   820] loss: 0.040
[1,   840] loss: 0.105
[1,   860] loss: 0.077
[1,   880] loss: 0.066
[1,   900] loss: 0.069
[1,   920] loss: 0.095
[1,   940] loss: 0.099
[1,   960] loss: 0.089
[1,   980] loss: 0.067
[1,  1000] loss: 0.055
[1,  1020] loss: 0.114
[1,  1040] loss: 0.042
[1,  1060] loss: 0.024
[1,  1080] loss: 0.103
[1,  1100] loss: 0.052
[1,  1120] loss: 0.036
[1,  1140] loss: 0.084
[1,  1160] loss: 0.044
[1,  1180] loss: 0.039
[1,  1200] loss: 0.052
[1,  1220] loss: 0.049
[1,  1240] loss: 0.054
[1,  1260] loss: 0.054
[1,  1280] loss: 0.052
[1,  1300] loss: 0.095
[1,  1320] loss: 0.062
[1,  1340] loss: 0.057
[1,  1360] loss: 0.036
[1,  1380] loss: 0.053
[1,  1400] loss: 0.055
[1,  1420] loss: 0.067
[1,  1440] loss: 0.057
[1,  1460] loss: 0.091
[1,  1480] loss: 0.055
[1,  1500] loss: 0.075
[1,  1520] loss: 0.078
[1,  1540] loss: 0.034
[1,  1560] loss: 0.047
[1,  1580] loss: 0.031
[1,  1600] loss: 0.044
[1,  1620] loss: 0.067
[1,  1640] loss: 0.031
[1,  1660] loss: 0.071
[1,  1680] loss: 0.048
[1,  1700] loss: 0.077
[1,  1720] loss: 0.044
[1,  1740] loss: 0.103
[1,  1760] loss: 0.089
[1,  1780] loss: 0.055
[1,  1800] loss: 0.108
[1,  1820] loss: 0.062
[1,  1840] loss: 0.047
[1,  1860] loss: 0.046
[1,  1880] loss: 0.065
[1,  1900] loss: 0.070
[1,  1920] loss: 0.060
[1,  1940] loss: 0.088
[1,  1960] loss: 0.045
[1,  1980] loss: 0.122
[1,  2000] loss: 0.054
[1,  2020] loss: 0.056
[1,  2040] loss: 0.025
[1,  2060] loss: 0.064
[1,  2080] loss: 0.090
[1,  2100] loss: 0.057
[1,  2120] loss: 0.055
[1,  2140] loss: 0.042
[1,  2160] loss: 0.051
[1,  2180] loss: 0.034
[1,  2200] loss: 0.049
[1,  2220] loss: 0.141
[1,  2240] loss: 0.061
[1,  2260] loss: 0.057
[1,  2280] loss: 0.085
[1,  2300] loss: 0.027
[1,  2320] loss: 0.095
[1,  2340] loss: 0.049
[1,  2360] loss: 0.102
[1,  2380] loss: 0.061
[1,  2400] loss: 0.059
[1,  2420] loss: 0.065
[1,  2440] loss: 0.066
[1,  2460] loss: 0.063
[1,  2480] loss: 0.045
[1,  2500] loss: 0.080
[1,  2520] loss: 0.093
[1,  2540] loss: 0.057
[1,  2560] loss: 0.050
[1,  2580] loss: 0.056
[1,  2600] loss: 0.077
[1,  2620] loss: 0.049
[1,  2640] loss: 0.057
[1,  2660] loss: 0.054
[1,  2680] loss: 0.044
[1,  2700] loss: 0.051
[1,  2720] loss: 0.111
[1,  2740] loss: 0.044
[1,  2760] loss: 0.051
[1,  2780] loss: 0.048
[1,  2800] loss: 0.118
[1,  2820] loss: 0.041
[1,  2840] loss: 0.053
[1,  2860] loss: 0.045
[1,  2880] loss: 0.042
[1,  2900] loss: 0.072
[1,  2920] loss: 0.054
[1,  2940] loss: 0.077
[1,  2960] loss: 0.028
[1,  2980] loss: 0.075
[1,  3000] loss: 0.053
[1,  3020] loss: 0.046
[1,  3040] loss: 0.080
[1,  3060] loss: 0.076
[1,  3080] loss: 0.069
[1,  3100] loss: 0.057
[1,  3120] loss: 0.068
[1,  3140] loss: 0.086
[1,  3160] loss: 0.087
[1,  3180] loss: 0.063
[1,  3200] loss: 0.055
[1,  3220] loss: 0.102
[1,  3240] loss: 0.078
[1,  3260] loss: 0.070
[1,  3280] loss: 0.057
[1,  3300] loss: 0.073
[1,  3320] loss: 0.041
[1,  3340] loss: 0.042
[1,  3360] loss: 0.036
[1,  3380] loss: 0.041
[1,  3400] loss: 0.054
[1,  3420] loss: 0.037
[1,  3440] loss: 0.082
[1,  3460] loss: 0.067
[1,  3480] loss: 0.079
[1,  3500] loss: 0.053
[1,  3520] loss: 0.063
[1,  3540] loss: 0.069
[1,  3560] loss: 0.049
[1,  3580] loss: 0.125
[1,  3600] loss: 0.069
[1,  3620] loss: 0.073
[1,  3640] loss: 0.071
[1,  3660] loss: 0.034
[1,  3680] loss: 0.035
[1,  3700] loss: 0.050
[1,  3720] loss: 0.068
[1,  3740] loss: 0.037
[1,  3760] loss: 0.038
[1,  3780] loss: 0.037
[1,  3800] loss: 0.024
[1,  3820] loss: 0.092
[1,  3840] loss: 0.093
[1,  3860] loss: 0.086
[1,  3880] loss: 0.099
[1,  3900] loss: 0.079
[1,  3920] loss: 0.043
[1,  3940] loss: 0.036
[1,  3960] loss: 0.051
[1,  3980] loss: 0.060
[1,  4000] loss: 0.084
[1,  4020] loss: 0.038
[1,  4040] loss: 0.059
[1,  4060] loss: 0.071
[1,  4080] loss: 0.126
[1,  4100] loss: 0.075
[1,  4120] loss: 0.044
[1,  4140] loss: 0.082
[1,  4160] loss: 0.060
[1,  4180] loss: 0.096
[1,  4200] loss: 0.056
[1,  4220] loss: 0.031
[1,  4240] loss: 0.033
[1,  4260] loss: 0.052
[1,  4280] loss: 0.043
[1,  4300] loss: 0.060
[1,  4320] loss: 0.030
[1,  4340] loss: 0.048
[1,  4360] loss: 0.057
[1,  4380] loss: 0.056
[1,  4400] loss: 0.052
[1,  4420] loss: 0.029
[1,  4440] loss: 0.036
[1,  4460] loss: 0.090
[1,  4480] loss: 0.062
[1,  4500] loss: 0.086
[1,  4520] loss: 0.035
[1,  4540] loss: 0.032
[1,  4560] loss: 0.074
[1,  4580] loss: 0.073
[1,  4600] loss: 0.084
[1,  4620] loss: 0.051
[1,  4640] loss: 0.054
[1,  4660] loss: 0.045
[1,  4680] loss: 0.081
[1,  4700] loss: 0.055
[1,  4720] loss: 0.054
[1,  4740] loss: 0.089
[1,  4760] loss: 0.052
[1,  4780] loss: 0.066
[1,  4800] loss: 0.057
[1,  4820] loss: 0.091
[1,  4840] loss: 0.043
[1,  4860] loss: 0.045
[1,  4880] loss: 0.049
[1,  4900] loss: 0.117
[1,  4920] loss: 0.071
[1,  4940] loss: 0.073
[1,  4960] loss: 0.069
[1,  4980] loss: 0.046
[1,  5000] loss: 0.066
[1,  5020] loss: 0.069
[1,  5040] loss: 0.126
[1,  5060] loss: 0.132
[1,  5080] loss: 0.047
[1,  5100] loss: 0.042
[1,  5120] loss: 0.025
[1,  5140] loss: 0.036
[1,  5160] loss: 0.050
[1,  5180] loss: 0.105
[1,  5200] loss: 0.059
[1,  5220] loss: 0.098
[1,  5240] loss: 0.076
[1,  5260] loss: 0.053
[1,  5280] loss: 0.061
[1,  5300] loss: 0.037
[1,  5320] loss: 0.067
[1,  5340] loss: 0.098
[1,  5360] loss: 0.063
[1,  5380] loss: 0.057
[1,  5400] loss: 0.068
[1,  5420] loss: 0.055
[1,  5440] loss: 0.030
[1,  5460] loss: 0.081
[1,  5480] loss: 0.072
[1,  5500] loss: 0.088
[1,  5520] loss: 0.054
[1,  5540] loss: 0.066
[1,  5560] loss: 0.128
[1,  5580] loss: 0.040
[1,  5600] loss: 0.087
[1,  5620] loss: 0.040
[1,  5640] loss: 0.051
[1,  5660] loss: 0.044
[1,  5680] loss: 0.093
[1,  5700] loss: 0.053
[1,  5720] loss: 0.069
[1,  5740] loss: 0.048
[1,  5760] loss: 0.062
[1,  5780] loss: 0.068
[1,  5800] loss: 0.047
[1,  5820] loss: 0.104
[1,  5840] loss: 0.102
[1,  5860] loss: 0.050
[1,  5880] loss: 0.041
[1,  5900] loss: 0.033
[1,  5920] loss: 0.057
[1,  5940] loss: 0.053
[1,  5960] loss: 0.062
[1,  5980] loss: 0.038
[1,  6000] loss: 0.089
[1,  6020] loss: 0.078
[1,  6040] loss: 0.023
[1,  6060] loss: 0.044
[1,  6080] loss: 0.081
[2,    20] loss: 0.048
[2,    40] loss: 0.072
[2,    60] loss: 0.030
[2,    80] loss: 0.136
[2,   100] loss: 0.058
[2,   120] loss: 0.051
[2,   140] loss: 0.077
[2,   160] loss: 0.057
[2,   180] loss: 0.024
[2,   200] loss: 0.069
[2,   220] loss: 0.098
[2,   240] loss: 0.028
[2,   260] loss: 0.092
[2,   280] loss: 0.038
[2,   300] loss: 0.041
[2,   320] loss: 0.087
[2,   340] loss: 0.087
[2,   360] loss: 0.085
[2,   380] loss: 0.042
[2,   400] loss: 0.037
[2,   420] loss: 0.024
[2,   440] loss: 0.056
[2,   460] loss: 0.039
[2,   480] loss: 0.039
[2,   500] loss: 0.117
[2,   520] loss: 0.063
[2,   540] loss: 0.047
[2,   560] loss: 0.082
[2,   580] loss: 0.071
[2,   600] loss: 0.113
[2,   620] loss: 0.049
[2,   640] loss: 0.035
[2,   660] loss: 0.070
[2,   680] loss: 0.039
[2,   700] loss: 0.042
[2,   720] loss: 0.036
[2,   740] loss: 0.065
[2,   760] loss: 0.092
[2,   780] loss: 0.071
[2,   800] loss: 0.046
[2,   820] loss: 0.047
[2,   840] loss: 0.040
[2,   860] loss: 0.107
[2,   880] loss: 0.044
[2,   900] loss: 0.059
[2,   920] loss: 0.053
[2,   940] loss: 0.076
[2,   960] loss: 0.066
[2,   980] loss: 0.029
[2,  1000] loss: 0.043
[2,  1020] loss: 0.077
[2,  1040] loss: 0.052
[2,  1060] loss: 0.065
[2,  1080] loss: 0.078
[2,  1100] loss: 0.034
[2,  1120] loss: 0.042
[2,  1140] loss: 0.083
[2,  1160] loss: 0.077
[2,  1180] loss: 0.051
[2,  1200] loss: 0.093
[2,  1220] loss: 0.041
[2,  1240] loss: 0.039
[2,  1260] loss: 0.056
[2,  1280] loss: 0.159
[2,  1300] loss: 0.045
[2,  1320] loss: 0.038
[2,  1340] loss: 0.045
[2,  1360] loss: 0.069
[2,  1380] loss: 0.074
[2,  1400] loss: 0.036
[2,  1420] loss: 0.053
[2,  1440] loss: 0.081
[2,  1460] loss: 0.054
[2,  1480] loss: 0.053
[2,  1500] loss: 0.055
[2,  1520] loss: 0.043
[2,  1540] loss: 0.066
[2,  1560] loss: 0.031
[2,  1580] loss: 0.050
[2,  1600] loss: 0.048
[2,  1620] loss: 0.067
[2,  1640] loss: 0.047
[2,  1660] loss: 0.059
[2,  1680] loss: 0.041
[2,  1700] loss: 0.038
[2,  1720] loss: 0.038
[2,  1740] loss: 0.085
[2,  1760] loss: 0.051
[2,  1780] loss: 0.084
[2,  1800] loss: 0.036
[2,  1820] loss: 0.081
[2,  1840] loss: 0.043
[2,  1860] loss: 0.018
[2,  1880] loss: 0.035
[2,  1900] loss: 0.103
[2,  1920] loss: 0.048
[2,  1940] loss: 0.042
[2,  1960] loss: 0.037
[2,  1980] loss: 0.053
[2,  2000] loss: 0.064
[2,  2020] loss: 0.113
[2,  2040] loss: 0.096
[2,  2060] loss: 0.126
[2,  2080] loss: 0.052
[2,  2100] loss: 0.112
[2,  2120] loss: 0.059
[2,  2140] loss: 0.067
[2,  2160] loss: 0.058
[2,  2180] loss: 0.139
[2,  2200] loss: 0.058
[2,  2220] loss: 0.072
[2,  2240] loss: 0.079
[2,  2260] loss: 0.082
[2,  2280] loss: 0.052
[2,  2300] loss: 0.054
[2,  2320] loss: 0.106
[2,  2340] loss: 0.089
[2,  2360] loss: 0.104
[2,  2380] loss: 0.125
[2,  2400] loss: 0.068
[2,  2420] loss: 0.091
[2,  2440] loss: 0.082
[2,  2460] loss: 0.042
[2,  2480] loss: 0.101
[2,  2500] loss: 0.100
[2,  2520] loss: 0.077
[2,  2540] loss: 0.093
[2,  2560] loss: 0.090
[2,  2580] loss: 0.093
[2,  2600] loss: 0.057
[2,  2620] loss: 0.098
[2,  2640] loss: 0.053
[2,  2660] loss: 0.090
[2,  2680] loss: 0.143
[2,  2700] loss: 0.060
[2,  2720] loss: 0.070
[2,  2740] loss: 0.053
[2,  2760] loss: 0.060
[2,  2780] loss: 0.054
[2,  2800] loss: 0.045
[2,  2820] loss: 0.032
[2,  2840] loss: 0.051
[2,  2860] loss: 0.045
[2,  2880] loss: 0.041
[2,  2900] loss: 0.051
[2,  2920] loss: 0.052
[2,  2940] loss: 0.059
[2,  2960] loss: 0.064
[2,  2980] loss: 0.049
[2,  3000] loss: 0.071
[2,  3020] loss: 0.071
[2,  3040] loss: 0.132
[2,  3060] loss: 0.056
[2,  3080] loss: 0.034
[2,  3100] loss: 0.074
[2,  3120] loss: 0.111
[2,  3140] loss: 0.074
[2,  3160] loss: 0.083
[2,  3180] loss: 0.102
[2,  3200] loss: 0.123
[2,  3220] loss: 0.147
[2,  3240] loss: 0.138
[2,  3260] loss: 216429984453.528
[2,  3280] loss: 9864653250560.000
[2,  3300] loss: 88412223040716.797
[2,  3320] loss: 116786239019417.594
[2,  3340] loss: 124678572360499.203
[2,  3360] loss: 5019624462745.600
[2,  3380] loss: 550398490419.200
[2,  3400] loss: 100168937676.800
[2,  3420] loss: 18330975283.200
[2,  3440] loss: 15724063488.000
[2,  3460] loss: 12858949440.000
[2,  3480] loss: 10285461324.800
[2,  3500] loss: 9868479411.200
[2,  3520] loss: 9139515865.600
[2,  3540] loss: 7754560243.200
[2,  3560] loss: 8505342899.200
[2,  3580] loss: 8385830528.000
[2,  3600] loss: 7272168012.800
[2,  3620] loss: 7769779232.000
[2,  3640] loss: 6910781676.800
[2,  3660] loss: 6269820761.600
[2,  3680] loss: 5655816940.800
[2,  3700] loss: 5960094697.600
[2,  3720] loss: 7462424428.800
[2,  3740] loss: 5416867097.600
[2,  3760] loss: 4272232889.600
[2,  3780] loss: 4291328582.400
[2,  3800] loss: 4849113120.000
[2,  3820] loss: 4755496310.400
[2,  3840] loss: 4833537728.000
[2,  3860] loss: 3687224630.400
[2,  3880] loss: 3990888808.000
[2,  3900] loss: 4040592620.800
[2,  3920] loss: 4059623462.400
[2,  3940] loss: 4208011974.400
[2,  3960] loss: 4026406881.600
[2,  3980] loss: 3057476747.200
[2,  4000] loss: 3185674080.000
[2,  4020] loss: 2580743878.400
[2,  4040] loss: 2722916060.800
[2,  4060] loss: 2723863656.000
[2,  4080] loss: 2916944712.000
[2,  4100] loss: 3128315187.200
[2,  4120] loss: 2887666296.000
[2,  4140] loss: 2243477582.400
[2,  4160] loss: 2693692540.800
[2,  4180] loss: 3379714404.000
[2,  4200] loss: 2802069846.400
[2,  4220] loss: 1956360425.600
[2,  4240] loss: 1839002788.800
[2,  4260] loss: 2383651752.000
[2,  4280] loss: 2522972905.600
[2,  4300] loss: 2187852476.800
[2,  4320] loss: 1844327251.200
[2,  4340] loss: 1461148499.200
[2,  4360] loss: 1809736664.000
[2,  4380] loss: 1911386272.000
[2,  4400] loss: 1883276310.400
[2,  4420] loss: 2126658520.000
[2,  4440] loss: 2199222392.000
[2,  4460] loss: 1365569748.800
[2,  4480] loss: 1509355179.200
[2,  4500] loss: 1504659104.000
[2,  4520] loss: 1521362419.200
[2,  4540] loss: 2088793891.200
[2,  4560] loss: 1986213873.600
[2,  4580] loss: 1722052724.000
[2,  4600] loss: 1786157974.400
[2,  4620] loss: 1352303803.200
[2,  4640] loss: 2152198614.400
[2,  4660] loss: 1734859492.000
[2,  4680] loss: 1416681552.000
[2,  4700] loss: 1084674288.000
[2,  4720] loss: 1205996331.200
[2,  4740] loss: 1482850231.000
[2,  4760] loss: 1388565135.600
[2,  4780] loss: 964765008.800
[2,  4800] loss: 1026320734.400
[2,  4820] loss: 1253926366.400
[2,  4840] loss: 1446455947.200
[2,  4860] loss: 1162817580.000
[2,  4880] loss: 1028734656.000
[2,  4900] loss: 1087579871.200
[2,  4920] loss: 1551277190.400
[2,  4940] loss: 1273033503.200
[2,  4960] loss: 873330008.800
[2,  4980] loss: 915843774.000
[2,  5000] loss: 900574802.000
[2,  5020] loss: 1168966137.600
[2,  5040] loss: 1028196789.600
[2,  5060] loss: 1228900796.800
[2,  5080] loss: 775851241.600
[2,  5100] loss: 945990908.000
[2,  5120] loss: 908601130.000
[2,  5140] loss: 1021901945.600
[2,  5160] loss: 868194117.400
[2,  5180] loss: 881239136.400
[2,  5200] loss: 901090208.000
[2,  5220] loss: 673746480.600
[2,  5240] loss: 738138808.800
[2,  5260] loss: 748196657.600
[2,  5280] loss: 761301480.400
[2,  5300] loss: 661442916.000
[2,  5320] loss: 677019603.200
[2,  5340] loss: 695060650.000
[2,  5360] loss: 714965767.200
[2,  5380] loss: 762682668.800
[2,  5400] loss: 746690524.000
[2,  5420] loss: 820655844.800
[2,  5440] loss: 793116662.400
[2,  5460] loss: 865744281.600
[2,  5480] loss: 764748776.000
[2,  5500] loss: 796288257.200
[2,  5520] loss: 858625100.000
[2,  5540] loss: 643195250.800
[2,  5560] loss: 735833946.400
[2,  5580] loss: 681563926.300
[2,  5600] loss: 750072568.000
[2,  5620] loss: 684240326.400
[2,  5640] loss: 737138879.200
[2,  5660] loss: 556211980.200
[2,  5680] loss: 551702768.800
[2,  5700] loss: 695467988.400
[2,  5720] loss: 689510956.800
[2,  5740] loss: 578417556.800
[2,  5760] loss: 757498022.400
[2,  5780] loss: 542433949.000
[2,  5800] loss: 469614847.200
[2,  5820] loss: 651008914.400
[2,  5840] loss: 456389901.600
[2,  5860] loss: 535916548.800
[2,  5880] loss: 551199516.800
[2,  5900] loss: 564265340.800
[2,  5920] loss: 494221011.200
[2,  5940] loss: 645895915.200
[2,  5960] loss: 456230730.400
[2,  5980] loss: 500795115.200
[2,  6000] loss: 514566378.800
[2,  6020] loss: 510816457.000
[2,  6040] loss: 454460658.800
[2,  6060] loss: 515227284.000
[2,  6080] loss: 483431855.200
[1,    20] loss: 925076002.421
[1,    40] loss: 1011925636.256
[1,    60] loss: 806526726.559
[1,    80] loss: 672083734.620
[1,   100] loss: 546274216.000
[1,   120] loss: 601365459.966
[1,   140] loss: 555749944.734
[1,   160] loss: 534695889.597
[1,   180] loss: 515494924.324
[1,   200] loss: 552970316.372
[1,   220] loss: 519319726.221
[1,   240] loss: 484082626.859
[1,   260] loss: 477175479.434
[1,   280] loss: 449070010.790
[1,   300] loss: 425026452.517
[1,   320] loss: 399410526.059
[1,   340] loss: 378998589.456
[1,   360] loss: 374059808.227
[1,   380] loss: 404738575.413
[1,   400] loss: 461737959.182
[1,   420] loss: 535872262.915
[1,   440] loss: 541412565.999
[1,   460] loss: 519229109.218
[1,   480] loss: 505120317.784
[1,   500] loss: 513567611.484
[1,   520] loss: 506244977.825
[1,   540] loss: 494497214.019
[1,   560] loss: 484930246.469
[1,   580] loss: 499521053.956
[1,   600] loss: 490026088.580
[1,   620] loss: 475882442.753
[1,   640] loss: 464185141.760
[1,   660] loss: 457614117.433
[2,    20] loss: 925076002.421
[2,    40] loss: 1011925636.256
[2,    60] loss: 806526726.559
[2,    80] loss: 672083734.620
[2,   100] loss: 546274216.000
[2,   120] loss: 601365459.966
[2,   140] loss: 555749944.734
[2,   160] loss: 534695889.597
[2,   180] loss: 515494924.324
[2,   200] loss: 552970316.372
[2,   220] loss: 519319726.221
[2,   240] loss: 484082626.859
[2,   260] loss: 477175479.434
[2,   280] loss: 449070010.790
[2,   300] loss: 425026452.517
[2,   320] loss: 399410526.059
[2,   340] loss: 378998589.456
[2,   360] loss: 374059808.227
[2,   380] loss: 404738575.413
[2,   400] loss: 461737959.182
[2,   420] loss: 535872262.915
[2,   440] loss: 541412565.999
[2,   460] loss: 519229109.218
[2,   480] loss: 505120317.784
[2,   500] loss: 513567611.484
[2,   520] loss: 506244977.825
[2,   540] loss: 494497214.019
[2,   560] loss: 484930246.469
[2,   580] loss: 499521053.956
[2,   600] loss: 490026088.580
[2,   620] loss: 475882442.753
[2,   640] loss: 464185141.760
[2,   660] loss: 457614117.433
