cuda:  1
color_space: YCbCr
batch_size: 5
num_epcochs: 3
learning_rate: 0.001
[1,    20] loss: 0.101
[1,    40] loss: 0.088
[1,    60] loss: 0.069
[1,    80] loss: 0.111
[1,   100] loss: 0.060
[1,   120] loss: 0.150
[1,   140] loss: 0.147
[1,   160] loss: 0.113
[1,   180] loss: 0.059
[1,   200] loss: 0.065
[1,   220] loss: 0.064
[1,   240] loss: 0.060
[1,   260] loss: 0.034
[1,   280] loss: 0.076
[1,   300] loss: 0.072
[1,   320] loss: 0.108
[1,   340] loss: 0.102
[1,   360] loss: 0.190
[1,   380] loss: 0.112
[1,   400] loss: 0.117
[1,   420] loss: 0.045
[1,   440] loss: 0.043
[1,   460] loss: 0.100
[1,   480] loss: 0.037
[1,   500] loss: 0.062
[1,   520] loss: 0.085
[1,   540] loss: 0.102
[1,   560] loss: 0.134
[1,   580] loss: 0.145
[1,   600] loss: 0.427
[1,   620] loss: 5.351
[1,   640] loss: 4.213
[1,   660] loss: 0.225
[1,   680] loss: 0.054
[1,   700] loss: 0.038
[1,   720] loss: 0.056
[1,   740] loss: 0.024
[1,   760] loss: 0.071
[1,   780] loss: 0.083
[1,   800] loss: 0.090
[1,   820] loss: 0.054
[1,   840] loss: 0.085
[1,   860] loss: 0.066
[1,   880] loss: 0.091
[1,   900] loss: 0.043
[1,   920] loss: 0.068
[1,   940] loss: 0.045
[1,   960] loss: 0.099
[1,   980] loss: 0.042
[1,  1000] loss: 0.038
[1,  1020] loss: 0.052
[1,  1040] loss: 0.064
[1,  1060] loss: 0.172
[1,  1080] loss: 0.101
[1,  1100] loss: 0.120
[1,  1120] loss: 0.142
[1,  1140] loss: 0.120
[1,  1160] loss: 0.057
[1,  1180] loss: 0.064
[1,  1200] loss: 0.054
[1,  1220] loss: 0.072
[1,  1240] loss: 0.074
[1,  1260] loss: 0.067
[1,  1280] loss: 0.046
[1,  1300] loss: 0.040
[1,  1320] loss: 0.071
[1,  1340] loss: 0.081
[1,  1360] loss: 0.065
[1,  1380] loss: 0.067
[1,  1400] loss: 0.062
[1,  1420] loss: 0.090
[1,  1440] loss: 0.047
[1,  1460] loss: 0.045
[1,  1480] loss: 0.057
[1,  1500] loss: 0.067
[1,  1520] loss: 0.076
[1,  1540] loss: 0.086
[1,  1560] loss: 0.080
[1,  1580] loss: 0.068
[1,  1600] loss: 0.107
[1,  1620] loss: 0.067
[1,  1640] loss: 0.089
[1,  1660] loss: 0.060
[1,  1680] loss: 0.057
[1,  1700] loss: 0.055
[1,  1720] loss: 0.094
[1,  1740] loss: 0.088
[1,  1760] loss: 0.060
[1,  1780] loss: 0.040
[1,  1800] loss: 0.038
[1,  1820] loss: 0.076
[1,  1840] loss: 0.065
[1,  1860] loss: 0.050
[1,  1880] loss: 0.130
[1,  1900] loss: 0.058
[1,  1920] loss: 0.046
[1,  1940] loss: 0.025
[1,  1960] loss: 0.061
[1,  1980] loss: 0.083
[1,  2000] loss: 0.050
[1,  2020] loss: 0.087
[1,  2040] loss: 0.066
[1,  2060] loss: 0.084
[1,  2080] loss: 0.081
[1,  2100] loss: 0.112
[1,  2120] loss: 0.027
[1,  2140] loss: 0.080
[1,  2160] loss: 0.070
[1,  2180] loss: 0.034
[1,  2200] loss: 0.042
[1,  2220] loss: 0.075
[1,  2240] loss: 0.053
[1,  2260] loss: 0.077
[1,  2280] loss: 0.081
[1,  2300] loss: 0.084
[1,  2320] loss: 0.114
[1,  2340] loss: 0.052
[1,  2360] loss: 0.075
[1,  2380] loss: 0.061
[1,  2400] loss: 0.059
[1,  2420] loss: 0.115
[1,  2440] loss: 0.055
[1,  2460] loss: 0.086
[1,  2480] loss: 0.099
[1,  2500] loss: 0.068
[1,  2520] loss: 0.055
[1,  2540] loss: 0.056
[1,  2560] loss: 0.071
[1,  2580] loss: 0.051
[1,  2600] loss: 0.041
[1,  2620] loss: 0.123
[1,  2640] loss: 0.093
[1,  2660] loss: 0.031
[1,  2680] loss: 0.058
[1,  2700] loss: 0.056
[1,  2720] loss: 0.091
[1,  2740] loss: 0.115
[1,  2760] loss: 0.038
[1,  2780] loss: 0.061
[1,  2800] loss: 0.067
[1,  2820] loss: 0.112
[1,  2840] loss: 0.044
[1,  2860] loss: 0.051
[1,  2880] loss: 0.075
[1,  2900] loss: 0.090
[1,  2920] loss: 0.069
[1,  2940] loss: 0.173
[1,  2960] loss: 0.039
[1,  2980] loss: 0.060
[1,  3000] loss: 0.042
[1,  3020] loss: 0.069
[1,  3040] loss: 0.069
[1,  3060] loss: 0.053
[1,  3080] loss: 0.051
[1,  3100] loss: 0.055
[1,  3120] loss: 0.058
[1,  3140] loss: 0.059
[1,  3160] loss: 0.081
[1,  3180] loss: 0.092
[1,  3200] loss: 0.049
[1,  3220] loss: 0.053
[1,  3240] loss: 0.094
[1,  3260] loss: 0.036
[1,  3280] loss: 0.049
[1,  3300] loss: 0.030
[1,  3320] loss: 0.068
[1,  3340] loss: 0.070
[1,  3360] loss: 0.103
[1,  3380] loss: 0.100
[1,  3400] loss: 0.078
[1,  3420] loss: 0.072
[1,  3440] loss: 0.052
[1,  3460] loss: 0.107
[1,  3480] loss: 0.072
[1,  3500] loss: 0.058
[1,  3520] loss: 0.048
[1,  3540] loss: 0.044
[1,  3560] loss: 0.048
[1,  3580] loss: 0.051
[1,  3600] loss: 0.060
[1,  3620] loss: 0.037
[1,  3640] loss: 0.108
[1,  3660] loss: 0.106
[1,  3680] loss: 0.053
[1,  3700] loss: 0.086
[1,  3720] loss: 0.055
[1,  3740] loss: 0.049
[1,  3760] loss: 0.047
[1,  3780] loss: 0.035
[1,  3800] loss: 0.086
[1,  3820] loss: 0.064
[1,  3840] loss: 0.047
[1,  3860] loss: 0.068
[1,  3880] loss: 0.097
[1,  3900] loss: 0.041
[1,  3920] loss: 0.033
[1,  3940] loss: 0.048
[1,  3960] loss: 0.088
[1,  3980] loss: 0.079
[1,  4000] loss: 0.097
[1,  4020] loss: 0.105
[1,  4040] loss: 0.084
[1,  4060] loss: 0.063
[1,  4080] loss: 0.051
[1,  4100] loss: 0.075
[1,  4120] loss: 0.068
[1,  4140] loss: 0.100
[1,  4160] loss: 0.066
[1,  4180] loss: 0.050
[1,  4200] loss: 0.045
[1,  4220] loss: 0.069
[1,  4240] loss: 0.064
[1,  4260] loss: 0.044
[1,  4280] loss: 0.041
[1,  4300] loss: 0.072
[1,  4320] loss: 0.065
[1,  4340] loss: 0.038
[1,  4360] loss: 0.060
[1,  4380] loss: 0.060
[1,  4400] loss: 0.052
[1,  4420] loss: 0.095
[1,  4440] loss: 0.054
[1,  4460] loss: 0.030
[1,  4480] loss: 0.072
[1,  4500] loss: 0.047
[1,  4520] loss: 0.061
[1,  4540] loss: 0.038
[1,  4560] loss: 0.056
[1,  4580] loss: 0.067
[1,  4600] loss: 0.142
[1,  4620] loss: 0.053
[1,  4640] loss: 0.051
[1,  4660] loss: 0.064
[1,  4680] loss: 0.038
[1,  4700] loss: 0.059
[1,  4720] loss: 0.033
[1,  4740] loss: 0.135
[1,  4760] loss: 0.083
[1,  4780] loss: 0.067
[1,  4800] loss: 0.105
[1,  4820] loss: 0.070
[1,  4840] loss: 0.055
[1,  4860] loss: 0.062
[1,  4880] loss: 0.081
[1,  4900] loss: 0.043
[1,  4920] loss: 0.044
[1,  4940] loss: 0.126
[1,  4960] loss: 0.040
[1,  4980] loss: 0.106
[1,  5000] loss: 0.045
[1,  5020] loss: 0.062
[1,  5040] loss: 0.035
[1,  5060] loss: 0.056
[1,  5080] loss: 0.052
[1,  5100] loss: 0.039
[1,  5120] loss: 0.050
[1,  5140] loss: 0.036
[1,  5160] loss: 0.033
[1,  5180] loss: 0.115
[1,  5200] loss: 0.118
[1,  5220] loss: 0.049
[1,  5240] loss: 0.117
[1,  5260] loss: 0.060
[1,  5280] loss: 0.080
[1,  5300] loss: 0.071
[1,  5320] loss: 0.029
[1,  5340] loss: 0.036
[1,  5360] loss: 0.075
[1,  5380] loss: 0.064
[1,  5400] loss: 0.120
[1,  5420] loss: 0.127
[1,  5440] loss: 0.036
[1,  5460] loss: 0.044
[1,  5480] loss: 0.068
[1,  5500] loss: 0.078
[1,  5520] loss: 0.066
[1,  5540] loss: 0.080
[1,  5560] loss: 0.120
[1,  5580] loss: 0.099
[1,  5600] loss: 0.042
[1,  5620] loss: 0.061
[1,  5640] loss: 0.040
[1,  5660] loss: 0.040
[1,  5680] loss: 0.033
[1,  5700] loss: 0.055
[1,  5720] loss: 0.034
[1,  5740] loss: 0.044
[1,  5760] loss: 0.151
[1,  5780] loss: 0.079
[1,  5800] loss: 0.142
[1,  5820] loss: 0.053
[1,  5840] loss: 0.085
[1,  5860] loss: 0.055
[1,  5880] loss: 0.050
[1,  5900] loss: 0.091
[1,  5920] loss: 0.082
[1,  5940] loss: 0.032
[1,  5960] loss: 0.057
[1,  5980] loss: 0.044
[1,  6000] loss: 0.065
[1,  6020] loss: 0.080
[1,  6040] loss: 0.033
[1,  6060] loss: 0.076
[1,  6080] loss: 0.083
[2,    20] loss: 0.073
[2,    40] loss: 0.108
[2,    60] loss: 0.162
[2,    80] loss: 0.057
[2,   100] loss: 0.053
[2,   120] loss: 0.085
[2,   140] loss: 0.080
[2,   160] loss: 0.102
[2,   180] loss: 0.060
[2,   200] loss: 0.072
[2,   220] loss: 0.056
[2,   240] loss: 0.067
[2,   260] loss: 0.061
[2,   280] loss: 0.069
[2,   300] loss: 0.038
[2,   320] loss: 0.135
[2,   340] loss: 0.091
[2,   360] loss: 0.102
[2,   380] loss: 0.125
[2,   400] loss: 0.070
[2,   420] loss: 0.090
[2,   440] loss: 0.083
[2,   460] loss: 0.061
[2,   480] loss: 0.075
[2,   500] loss: 0.103
[2,   520] loss: 0.040
[2,   540] loss: 0.057
[2,   560] loss: 0.087
[2,   580] loss: 0.053
[2,   600] loss: 0.070
[2,   620] loss: 0.123
[2,   640] loss: 0.052
[2,   660] loss: 0.040
[2,   680] loss: 0.101
[2,   700] loss: 0.037
[2,   720] loss: 0.047
[2,   740] loss: 0.051
[2,   760] loss: 0.079
[2,   780] loss: 0.111
[2,   800] loss: 0.063
[2,   820] loss: 0.041
[2,   840] loss: 0.090
[2,   860] loss: 0.079
[2,   880] loss: 0.095
[2,   900] loss: 0.054
[2,   920] loss: 0.071
[2,   940] loss: 0.105
[2,   960] loss: 0.056
[2,   980] loss: 0.052
[2,  1000] loss: 0.114
[2,  1020] loss: 0.061
[2,  1040] loss: 0.070
[2,  1060] loss: 0.042
[2,  1080] loss: 0.073
[2,  1100] loss: 0.061
[2,  1120] loss: 0.035
[2,  1140] loss: 0.060
[2,  1160] loss: 0.148
[2,  1180] loss: 0.086
[2,  1200] loss: 0.074
[2,  1220] loss: 0.058
[2,  1240] loss: 0.038
[2,  1260] loss: 0.102
[2,  1280] loss: 0.078
[2,  1300] loss: 0.038
[2,  1320] loss: 0.038
[2,  1340] loss: 0.113
[2,  1360] loss: 0.081
[2,  1380] loss: 0.087
[2,  1400] loss: 0.085
[2,  1420] loss: 0.056
[2,  1440] loss: 0.061
[2,  1460] loss: 0.065
[2,  1480] loss: 0.032
[2,  1500] loss: 0.075
[2,  1520] loss: 0.116
[2,  1540] loss: 0.053
[2,  1560] loss: 0.132
[2,  1580] loss: 0.063
[2,  1600] loss: 0.065
[2,  1620] loss: 0.036
[2,  1640] loss: 0.060
[2,  1660] loss: 0.051
[2,  1680] loss: 0.062
[2,  1700] loss: 0.063
[2,  1720] loss: 0.119
[2,  1740] loss: 0.145
[2,  1760] loss: 0.063
[2,  1780] loss: 0.098
[2,  1800] loss: 0.114
[2,  1820] loss: 0.074
[2,  1840] loss: 0.047
[2,  1860] loss: 0.067
[2,  1880] loss: 0.111
[2,  1900] loss: 0.070
[2,  1920] loss: 0.073
[2,  1940] loss: 0.049
[2,  1960] loss: 0.049
[2,  1980] loss: 0.064
[2,  2000] loss: 0.037
[2,  2020] loss: 0.128
[2,  2040] loss: 0.057
[2,  2060] loss: 0.047
[2,  2080] loss: 0.033
[2,  2100] loss: 0.072
[2,  2120] loss: 0.116
[2,  2140] loss: 0.049
[2,  2160] loss: 0.089
[2,  2180] loss: 0.121
[2,  2200] loss: 0.117
[2,  2220] loss: 0.071
[2,  2240] loss: 0.101
[2,  2260] loss: 0.053
[2,  2280] loss: 0.090
[2,  2300] loss: 0.064
[2,  2320] loss: 0.047
[2,  2340] loss: 0.053
[2,  2360] loss: 0.086
[2,  2380] loss: 0.034
[2,  2400] loss: 0.073
[2,  2420] loss: 0.114
[2,  2440] loss: 0.066
[2,  2460] loss: 0.077
[2,  2480] loss: 0.046
[2,  2500] loss: 0.083
[2,  2520] loss: 0.081
[2,  2540] loss: 0.070
[2,  2560] loss: 0.138
[2,  2580] loss: 0.051
[2,  2600] loss: 0.066
[2,  2620] loss: 0.034
[2,  2640] loss: 0.099
[2,  2660] loss: 0.074
[2,  2680] loss: 0.070
[2,  2700] loss: 0.054
[2,  2720] loss: 0.053
[2,  2740] loss: 0.033
[2,  2760] loss: 0.054
[2,  2780] loss: 0.096
[2,  2800] loss: 0.050
[2,  2820] loss: 0.056
[2,  2840] loss: 0.034
[2,  2860] loss: 0.024
[2,  2880] loss: 0.043
[2,  2900] loss: 0.080
[2,  2920] loss: 0.068
[2,  2940] loss: 0.040
[2,  2960] loss: 0.034
[2,  2980] loss: 0.043
[2,  3000] loss: 0.074
[2,  3020] loss: 0.036
[2,  3040] loss: 0.064
[2,  3060] loss: 0.111
[2,  3080] loss: 0.098
[2,  3100] loss: 0.035
[2,  3120] loss: 0.129
[2,  3140] loss: 0.075
[2,  3160] loss: 0.090
[2,  3180] loss: 0.097
[2,  3200] loss: 0.019
[2,  3220] loss: 0.069
[2,  3240] loss: 0.082
[2,  3260] loss: 0.055
[2,  3280] loss: 0.028
[2,  3300] loss: 0.058
[2,  3320] loss: 0.075
[2,  3340] loss: 0.043
[2,  3360] loss: 0.090
[2,  3380] loss: 0.061
[2,  3400] loss: 0.051
[2,  3420] loss: 0.080
[2,  3440] loss: 0.044
[2,  3460] loss: 0.045
[2,  3480] loss: 0.063
[2,  3500] loss: 0.079
[2,  3520] loss: 0.080
[2,  3540] loss: 0.116
[2,  3560] loss: 0.044
[2,  3580] loss: 0.053
[2,  3600] loss: 0.085
[2,  3620] loss: 0.094
[2,  3640] loss: 0.043
[2,  3660] loss: 0.044
[2,  3680] loss: 0.049
[2,  3700] loss: 0.064
[2,  3720] loss: 0.063
[2,  3740] loss: 0.066
[2,  3760] loss: 0.066
[2,  3780] loss: 0.049
[2,  3800] loss: 0.097
[2,  3820] loss: 0.098
[2,  3840] loss: 0.072
[2,  3860] loss: 0.074
[2,  3880] loss: 0.073
[2,  3900] loss: 0.047
[2,  3920] loss: 0.044
[2,  3940] loss: 0.083
[2,  3960] loss: 0.072
[2,  3980] loss: 0.055
[2,  4000] loss: 0.046
[2,  4020] loss: 0.047
[2,  4040] loss: 0.106
[2,  4060] loss: 0.054
[2,  4080] loss: 0.054
[2,  4100] loss: 0.046
[2,  4120] loss: 0.054
[2,  4140] loss: 0.069
[2,  4160] loss: 0.064
[2,  4180] loss: 0.079
[2,  4200] loss: 0.133
[2,  4220] loss: 0.059
[2,  4240] loss: 0.124
[2,  4260] loss: 0.092
[2,  4280] loss: 0.086
[2,  4300] loss: 0.042
[2,  4320] loss: 0.045
[2,  4340] loss: 0.049
[2,  4360] loss: 0.079
[2,  4380] loss: 0.121
[2,  4400] loss: 0.114
[2,  4420] loss: 0.049
[2,  4440] loss: 0.050
[2,  4460] loss: 0.064
[2,  4480] loss: 0.072
[2,  4500] loss: 0.071
[2,  4520] loss: 0.032
[2,  4540] loss: 0.065
[2,  4560] loss: 0.090
[2,  4580] loss: 0.084
[2,  4600] loss: 0.080
[2,  4620] loss: 0.040
[2,  4640] loss: 0.046
[2,  4660] loss: 0.035
[2,  4680] loss: 0.052
[2,  4700] loss: 0.065
[2,  4720] loss: 0.056
[2,  4740] loss: 0.043
[2,  4760] loss: 0.057
[2,  4780] loss: 0.055
[2,  4800] loss: 0.047
[2,  4820] loss: 0.038
[2,  4840] loss: 0.094
[2,  4860] loss: 0.050
[2,  4880] loss: 0.022
[2,  4900] loss: 0.073
[2,  4920] loss: 0.050
[2,  4940] loss: 0.057
[2,  4960] loss: 0.086
[2,  4980] loss: 0.063
[2,  5000] loss: 0.072
[2,  5020] loss: 0.073
[2,  5040] loss: 0.048
[2,  5060] loss: 0.064
[2,  5080] loss: 0.107
[2,  5100] loss: 0.133
[2,  5120] loss: 0.083
[2,  5140] loss: 0.083
[2,  5160] loss: 0.034
[2,  5180] loss: 0.133
[2,  5200] loss: 0.073
[2,  5220] loss: 0.091
[2,  5240] loss: 0.098
[2,  5260] loss: 0.038
[2,  5280] loss: 0.076
[2,  5300] loss: 0.049
[2,  5320] loss: 0.050
[2,  5340] loss: 0.052
[2,  5360] loss: 0.052
[2,  5380] loss: 0.063
[2,  5400] loss: 0.094
[2,  5420] loss: 0.064
[2,  5440] loss: 0.060
[2,  5460] loss: 0.065
[2,  5480] loss: 0.036
[2,  5500] loss: 0.066
[2,  5520] loss: 0.046
[2,  5540] loss: 0.050
[2,  5560] loss: 0.065
[2,  5580] loss: 0.128
[2,  5600] loss: 0.104
[2,  5620] loss: 0.103
[2,  5640] loss: 0.106
[2,  5660] loss: 0.068
[2,  5680] loss: 0.087
[2,  5700] loss: 0.075
[2,  5720] loss: 0.067
[2,  5740] loss: 0.118
[2,  5760] loss: 0.092
[2,  5780] loss: 0.051
[2,  5800] loss: 0.030
[2,  5820] loss: 0.062
[2,  5840] loss: 0.082
[2,  5860] loss: 0.039
[2,  5880] loss: 0.038
[2,  5900] loss: 0.054
[2,  5920] loss: 0.028
[2,  5940] loss: 0.076
[2,  5960] loss: 0.043
[2,  5980] loss: 0.069
[2,  6000] loss: 0.078
[2,  6020] loss: 0.027
[2,  6040] loss: 0.094
[2,  6060] loss: 0.065
[2,  6080] loss: 0.044
[3,    20] loss: 0.063
[3,    40] loss: 0.072
[3,    60] loss: 0.047
[3,    80] loss: 0.055
[3,   100] loss: 0.099
[3,   120] loss: 0.049
[3,   140] loss: 0.068
[3,   160] loss: 0.071
[3,   180] loss: 0.058
[3,   200] loss: 0.020
[3,   220] loss: 0.074
[3,   240] loss: 0.070
[3,   260] loss: 0.061
[3,   280] loss: 0.049
[3,   300] loss: 0.088
[3,   320] loss: 0.126
[3,   340] loss: 0.045
[3,   360] loss: 0.113
[3,   380] loss: 0.061
[3,   400] loss: 0.078
[3,   420] loss: 0.061
[3,   440] loss: 0.043
[3,   460] loss: 0.044
[3,   480] loss: 0.039
[3,   500] loss: 0.064
[3,   520] loss: 0.035
[3,   540] loss: 0.046
[3,   560] loss: 0.044
[3,   580] loss: 0.047
[3,   600] loss: 0.055
[3,   620] loss: 0.045
[3,   640] loss: 0.090
[3,   660] loss: 0.064
[3,   680] loss: 0.040
[3,   700] loss: 0.050
[3,   720] loss: 0.069
[3,   740] loss: 0.056
[3,   760] loss: 0.075
[3,   780] loss: 0.054
[3,   800] loss: 0.091
[3,   820] loss: 181.508
[3,   840] loss: 16710.049
[3,   860] loss: 221.144
[3,   880] loss: 6.707
[3,   900] loss: 4.211
[3,   920] loss: 2.304
[3,   940] loss: 1.217
[3,   960] loss: 0.727
[3,   980] loss: 0.433
[3,  1000] loss: 0.460
[3,  1020] loss: 0.737
[3,  1040] loss: 0.293
[3,  1060] loss: 0.292
[3,  1080] loss: 0.267
[3,  1100] loss: 0.189
[3,  1120] loss: 0.237
[3,  1140] loss: 0.408
[3,  1160] loss: 0.240
[3,  1180] loss: 0.265
[3,  1200] loss: 0.168
[3,  1220] loss: 0.106
[3,  1240] loss: 0.185
[3,  1260] loss: 0.124
[3,  1280] loss: 0.112
[3,  1300] loss: 0.099
[3,  1320] loss: 0.079
[3,  1340] loss: 0.201
[3,  1360] loss: 0.175
[3,  1380] loss: 0.173
[3,  1400] loss: 0.088
[3,  1420] loss: 0.196
[3,  1440] loss: 0.176
[3,  1460] loss: 0.212
[3,  1480] loss: 0.082
[3,  1500] loss: 0.167
[3,  1520] loss: 0.138
[3,  1540] loss: 0.157
[3,  1560] loss: 0.142
[3,  1580] loss: 0.235
[3,  1600] loss: 0.098
[3,  1620] loss: 0.106
[3,  1640] loss: 0.092
[3,  1660] loss: 0.194
[3,  1680] loss: 0.167
[3,  1700] loss: 0.074
[3,  1720] loss: 0.122
[3,  1740] loss: 0.227
[3,  1760] loss: 0.124
[3,  1780] loss: 0.109
[3,  1800] loss: 0.168
[3,  1820] loss: 0.140
[3,  1840] loss: 0.127
[3,  1860] loss: 0.084
[3,  1880] loss: 0.087
[3,  1900] loss: 0.059
[3,  1920] loss: 0.151
[3,  1940] loss: 0.125
[3,  1960] loss: 0.086
[3,  1980] loss: 0.059
[3,  2000] loss: 0.125
[3,  2020] loss: 0.109
[3,  2040] loss: 0.103
[3,  2060] loss: 0.166
[3,  2080] loss: 0.106
[3,  2100] loss: 0.151
[3,  2120] loss: 0.167
[3,  2140] loss: 0.116
[3,  2160] loss: 0.087
[3,  2180] loss: 0.110
[3,  2200] loss: 0.114
[3,  2220] loss: 0.062
[3,  2240] loss: 0.191
[3,  2260] loss: 0.091
[3,  2280] loss: 0.091
[3,  2300] loss: 0.076
[3,  2320] loss: 0.091
[3,  2340] loss: 0.097
[3,  2360] loss: 0.045
[3,  2380] loss: 0.052
[3,  2400] loss: 0.064
[3,  2420] loss: 0.105
[3,  2440] loss: 0.103
[3,  2460] loss: 0.068
[3,  2480] loss: 0.103
[3,  2500] loss: 0.099
[3,  2520] loss: 0.075
[3,  2540] loss: 0.135
[3,  2560] loss: 0.093
[3,  2580] loss: 0.076
[3,  2600] loss: 0.177
[3,  2620] loss: 0.118
[3,  2640] loss: 0.101
[3,  2660] loss: 0.110
[3,  2680] loss: 0.067
[3,  2700] loss: 0.119
[3,  2720] loss: 0.065
[3,  2740] loss: 0.063
[3,  2760] loss: 0.057
[3,  2780] loss: 0.068
[3,  2800] loss: 0.087
[3,  2820] loss: 0.101
[3,  2840] loss: 0.075
[3,  2860] loss: 0.102
[3,  2880] loss: 0.075
[3,  2900] loss: 0.074
[3,  2920] loss: 0.063
[3,  2940] loss: 0.102
[3,  2960] loss: 0.104
[3,  2980] loss: 0.077
[3,  3000] loss: 0.048
[3,  3020] loss: 0.061
[3,  3040] loss: 0.104
[3,  3060] loss: 0.080
[3,  3080] loss: 0.184
[3,  3100] loss: 0.117
[3,  3120] loss: 0.075
[3,  3140] loss: 0.103
[3,  3160] loss: 0.092
[3,  3180] loss: 0.127
[3,  3200] loss: 0.088
[3,  3220] loss: 0.053
[3,  3240] loss: 0.084
[3,  3260] loss: 0.069
[3,  3280] loss: 0.112
[3,  3300] loss: 0.095
[3,  3320] loss: 0.069
[3,  3340] loss: 0.072
[3,  3360] loss: 0.077
[3,  3380] loss: 0.066
[3,  3400] loss: 0.050
[3,  3420] loss: 0.109
[3,  3440] loss: 0.076
[3,  3460] loss: 0.115
[3,  3480] loss: 0.074
[3,  3500] loss: 0.137
[3,  3520] loss: 0.091
[3,  3540] loss: 0.076
[3,  3560] loss: 0.052
[3,  3580] loss: 0.087
[3,  3600] loss: 0.083
[3,  3620] loss: 0.081
[3,  3640] loss: 0.073
[3,  3660] loss: 0.094
[3,  3680] loss: 0.112
[3,  3700] loss: 0.077
[3,  3720] loss: 0.058
[3,  3740] loss: 0.108
[3,  3760] loss: 0.073
[3,  3780] loss: 0.068
[3,  3800] loss: 0.106
[3,  3820] loss: 0.132
[3,  3840] loss: 0.101
[3,  3860] loss: 0.038
[3,  3880] loss: 0.033
[3,  3900] loss: 0.061
[3,  3920] loss: 0.087
[3,  3940] loss: 0.059
[3,  3960] loss: 0.040
[3,  3980] loss: 0.097
[3,  4000] loss: 0.053
[3,  4020] loss: 0.100
[3,  4040] loss: 0.064
[3,  4060] loss: 0.063
[3,  4080] loss: 0.109
[3,  4100] loss: 0.075
[3,  4120] loss: 0.058
[3,  4140] loss: 0.078
[3,  4160] loss: 0.078
[3,  4180] loss: 0.064
[3,  4200] loss: 0.066
[3,  4220] loss: 0.059
[3,  4240] loss: 0.064
[3,  4260] loss: 0.070
[3,  4280] loss: 0.073
[3,  4300] loss: 0.143
[3,  4320] loss: 0.091
[3,  4340] loss: 0.084
[3,  4360] loss: 0.062
[3,  4380] loss: 0.114
[3,  4400] loss: 0.094
[3,  4420] loss: 0.070
[3,  4440] loss: 0.153
[3,  4460] loss: 0.118
[3,  4480] loss: 0.060
[3,  4500] loss: 0.069
[3,  4520] loss: 0.069
[3,  4540] loss: 0.093
[3,  4560] loss: 0.047
[3,  4580] loss: 0.113
[3,  4600] loss: 0.080
[3,  4620] loss: 0.081
[3,  4640] loss: 0.106
[3,  4660] loss: 0.061
[3,  4680] loss: 0.039
[3,  4700] loss: 0.093
[3,  4720] loss: 0.062
[3,  4740] loss: 0.086
[3,  4760] loss: 0.069
[3,  4780] loss: 0.071
[3,  4800] loss: 0.062
[3,  4820] loss: 0.124
[3,  4840] loss: 0.064
[3,  4860] loss: 0.153
[3,  4880] loss: 0.108
[3,  4900] loss: 0.073
[3,  4920] loss: 0.088
[3,  4940] loss: 0.052
[3,  4960] loss: 0.098
[3,  4980] loss: 0.082
[3,  5000] loss: 0.098
[3,  5020] loss: 0.077
[3,  5040] loss: 0.085
[3,  5060] loss: 0.100
[3,  5080] loss: 0.082
[3,  5100] loss: 0.184
[3,  5120] loss: 0.055
[3,  5140] loss: 0.113
[3,  5160] loss: 0.078
[3,  5180] loss: 0.095
[3,  5200] loss: 0.062
[3,  5220] loss: 0.144
[3,  5240] loss: 0.082
[3,  5260] loss: 0.109
[3,  5280] loss: 0.082
[3,  5300] loss: 0.084
[3,  5320] loss: 0.091
[3,  5340] loss: 0.090
[3,  5360] loss: 0.098
[3,  5380] loss: 0.096
[3,  5400] loss: 0.143
[3,  5420] loss: 0.073
[3,  5440] loss: 0.073
[3,  5460] loss: 0.097
[3,  5480] loss: 0.061
[3,  5500] loss: 0.100
[3,  5520] loss: 0.052
[3,  5540] loss: 0.037
[3,  5560] loss: 0.105
[3,  5580] loss: 0.065
[3,  5600] loss: 0.053
[3,  5620] loss: 0.060
[3,  5640] loss: 0.055
[3,  5660] loss: 0.070
[3,  5680] loss: 0.116
[3,  5700] loss: 0.069
[3,  5720] loss: 0.097
[3,  5740] loss: 0.086
[3,  5760] loss: 0.079
[3,  5780] loss: 0.103
[3,  5800] loss: 0.142
[3,  5820] loss: 0.069
[3,  5840] loss: 0.056
[3,  5860] loss: 0.123
[3,  5880] loss: 0.091
[3,  5900] loss: 0.063
[3,  5920] loss: 0.026
[3,  5940] loss: 0.082
[3,  5960] loss: 0.096
[3,  5980] loss: 0.073
[3,  6000] loss: 0.068
[3,  6020] loss: 0.093
[3,  6040] loss: 0.162
[3,  6060] loss: 0.050
[3,  6080] loss: 0.093
[1,    20] loss: 0.006
[1,    40] loss: 0.004
[1,    60] loss: 0.007
[1,    80] loss: 0.007
[1,   100] loss: 0.008
[1,   120] loss: 0.008
[1,   140] loss: 0.008
[1,   160] loss: 0.007
[1,   180] loss: 0.007
[1,   200] loss: 0.006
[1,   220] loss: 0.006
[1,   240] loss: 0.005
[1,   260] loss: 0.005
[1,   280] loss: 0.005
[1,   300] loss: 0.005
[1,   320] loss: 0.005
[1,   340] loss: 0.004
[1,   360] loss: 0.005
[1,   380] loss: 0.005
[1,   400] loss: 0.005
[1,   420] loss: 0.005
[1,   440] loss: 0.005
[1,   460] loss: 0.005
[1,   480] loss: 0.006
[1,   500] loss: 0.006
[1,   520] loss: 0.006
[1,   540] loss: 0.005
[1,   560] loss: 0.005
[1,   580] loss: 0.005
[1,   600] loss: 0.006
[1,   620] loss: 0.006
[1,   640] loss: 0.006
[1,   660] loss: 0.006
[2,    20] loss: 0.006
[2,    40] loss: 0.004
[2,    60] loss: 0.007
[2,    80] loss: 0.007
[2,   100] loss: 0.008
[2,   120] loss: 0.008
[2,   140] loss: 0.008
[2,   160] loss: 0.007
[2,   180] loss: 0.007
[2,   200] loss: 0.006
[2,   220] loss: 0.006
[2,   240] loss: 0.005
[2,   260] loss: 0.005
[2,   280] loss: 0.005
[2,   300] loss: 0.005
[2,   320] loss: 0.005
[2,   340] loss: 0.004
[2,   360] loss: 0.005
[2,   380] loss: 0.005
[2,   400] loss: 0.005
[2,   420] loss: 0.005
[2,   440] loss: 0.005
[2,   460] loss: 0.005
[2,   480] loss: 0.006
[2,   500] loss: 0.006
[2,   520] loss: 0.006
[2,   540] loss: 0.005
[2,   560] loss: 0.005
[2,   580] loss: 0.005
[2,   600] loss: 0.006
[2,   620] loss: 0.006
[2,   640] loss: 0.006
[2,   660] loss: 0.006
[3,    20] loss: 0.006
[3,    40] loss: 0.004
[3,    60] loss: 0.007
[3,    80] loss: 0.007
[3,   100] loss: 0.008
[3,   120] loss: 0.008
[3,   140] loss: 0.008
[3,   160] loss: 0.007
[3,   180] loss: 0.007
[3,   200] loss: 0.006
[3,   220] loss: 0.006
[3,   240] loss: 0.005
[3,   260] loss: 0.005
[3,   280] loss: 0.005
[3,   300] loss: 0.005
[3,   320] loss: 0.005
[3,   340] loss: 0.004
[3,   360] loss: 0.005
[3,   380] loss: 0.005
[3,   400] loss: 0.005
[3,   420] loss: 0.005
[3,   440] loss: 0.005
[3,   460] loss: 0.005
[3,   480] loss: 0.006
[3,   500] loss: 0.006
[3,   520] loss: 0.006
[3,   540] loss: 0.005
[3,   560] loss: 0.005
[3,   580] loss: 0.005
[3,   600] loss: 0.006
[3,   620] loss: 0.006
[3,   640] loss: 0.006
[3,   660] loss: 0.006
