cuda:  7
color_space: YCbCr
batch_size: 5
num_epcochs: 3
learning_rate: 0.002
[1,    20] loss: 3.282
[1,    40] loss: 0.576
[1,    60] loss: 0.286
[1,    80] loss: 0.053
[1,   100] loss: 0.094
[1,   120] loss: 0.074
[1,   140] loss: 0.049
[1,   160] loss: 0.056
[1,   180] loss: 0.077
[1,   200] loss: 0.058
[1,   220] loss: 0.032
[1,   240] loss: 0.066
[1,   260] loss: 0.037
[1,   280] loss: 0.043
[1,   300] loss: 0.165
[1,   320] loss: 0.154
[1,   340] loss: 0.083
[1,   360] loss: 0.109
[1,   380] loss: 0.045
[1,   400] loss: 0.037
[1,   420] loss: 0.072
[1,   440] loss: 0.086
[1,   460] loss: 0.091
[1,   480] loss: 0.068
[1,   500] loss: 0.071
[1,   520] loss: 0.117
[1,   540] loss: 0.064
[1,   560] loss: 0.053
[1,   580] loss: 0.070
[1,   600] loss: 0.125
[1,   620] loss: 0.085
[1,   640] loss: 0.173
[1,   660] loss: 0.061
[1,   680] loss: 0.045
[1,   700] loss: 0.048
[1,   720] loss: 0.048
[1,   740] loss: 0.043
[1,   760] loss: 0.028
[1,   780] loss: 0.094
[1,   800] loss: 0.073
[1,   820] loss: 0.063
[1,   840] loss: 0.050
[1,   860] loss: 0.056
[1,   880] loss: 0.050
[1,   900] loss: 0.071
[1,   920] loss: 0.049
[1,   940] loss: 0.059
[1,   960] loss: 0.055
[1,   980] loss: 0.054
[1,  1000] loss: 0.072
[1,  1020] loss: 0.076
[1,  1040] loss: 0.056
[1,  1060] loss: 0.098
[1,  1080] loss: 0.087
[1,  1100] loss: 0.065
[1,  1120] loss: 0.058
[1,  1140] loss: 0.103
[1,  1160] loss: 0.100
[1,  1180] loss: 0.074
[1,  1200] loss: 0.059
[1,  1220] loss: 0.092
[1,  1240] loss: 0.081
[1,  1260] loss: 0.087
[1,  1280] loss: 0.071
[1,  1300] loss: 0.042
[1,  1320] loss: 0.091
[1,  1340] loss: 0.031
[1,  1360] loss: 0.077
[1,  1380] loss: 0.087
[1,  1400] loss: 0.063
[1,  1420] loss: 0.036
[1,  1440] loss: 0.064
[1,  1460] loss: 0.073
[1,  1480] loss: 0.116
[1,  1500] loss: 0.069
[1,  1520] loss: 0.048
[1,  1540] loss: 0.057
[1,  1560] loss: 0.152
[1,  1580] loss: 0.108
[1,  1600] loss: 0.093
[1,  1620] loss: 0.130
[1,  1640] loss: 0.089
[1,  1660] loss: 0.077
[1,  1680] loss: 0.039
[1,  1700] loss: 0.067
[1,  1720] loss: 0.065
[1,  1740] loss: 0.060
[1,  1760] loss: 0.030
[1,  1780] loss: 0.054
[1,  1800] loss: 0.031
[1,  1820] loss: 0.130
[1,  1840] loss: 0.059
[1,  1860] loss: 0.059
[1,  1880] loss: 0.078
[1,  1900] loss: 0.058
[1,  1920] loss: 0.080
[1,  1940] loss: 0.039
[1,  1960] loss: 0.042
[1,  1980] loss: 0.074
[1,  2000] loss: 0.102
[1,  2020] loss: 0.071
[1,  2040] loss: 0.072
[1,  2060] loss: 0.062
[1,  2080] loss: 0.070
[1,  2100] loss: 0.048
[1,  2120] loss: 0.146
[1,  2140] loss: 0.117
[1,  2160] loss: 0.048
[1,  2180] loss: 0.091
[1,  2200] loss: 0.066
[1,  2220] loss: 0.056
[1,  2240] loss: 0.060
[1,  2260] loss: 0.058
[1,  2280] loss: 0.056
[1,  2300] loss: 0.038
[1,  2320] loss: 0.064
[1,  2340] loss: 0.038
[1,  2360] loss: 0.050
[1,  2380] loss: 0.072
[1,  2400] loss: 0.080
[1,  2420] loss: 0.074
[1,  2440] loss: 0.050
[1,  2460] loss: 0.033
[1,  2480] loss: 0.040
[1,  2500] loss: 0.062
[1,  2520] loss: 0.047
[1,  2540] loss: 0.043
[1,  2560] loss: 0.048
[1,  2580] loss: 0.089
[1,  2600] loss: 0.082
[1,  2620] loss: 0.030
[1,  2640] loss: 0.047
[1,  2660] loss: 0.086
[1,  2680] loss: 0.081
[1,  2700] loss: 0.044
[1,  2720] loss: 0.086
[1,  2740] loss: 0.075
[1,  2760] loss: 0.082
[1,  2780] loss: 0.082
[1,  2800] loss: 0.084
[1,  2820] loss: 0.116
[1,  2840] loss: 0.053
[1,  2860] loss: 0.029
[1,  2880] loss: 0.069
[1,  2900] loss: 0.068
[1,  2920] loss: 0.094
[1,  2940] loss: 0.058
[1,  2960] loss: 0.044
[1,  2980] loss: 0.039
[1,  3000] loss: 0.033
[1,  3020] loss: 0.051
[1,  3040] loss: 0.082
[1,  3060] loss: 0.065
[1,  3080] loss: 0.068
[1,  3100] loss: 0.042
[1,  3120] loss: 0.107
[1,  3140] loss: 0.091
[1,  3160] loss: 0.109
[1,  3180] loss: 0.069
[1,  3200] loss: 0.101
[1,  3220] loss: 0.057
[1,  3240] loss: 0.054
[1,  3260] loss: 0.044
[1,  3280] loss: 0.089
[1,  3300] loss: 0.036
[1,  3320] loss: 0.088
[1,  3340] loss: 0.048
[1,  3360] loss: 0.070
[1,  3380] loss: 0.047
[1,  3400] loss: 0.040
[1,  3420] loss: 0.093
[1,  3440] loss: 0.054
[1,  3460] loss: 0.023
[1,  3480] loss: 0.086
[1,  3500] loss: 0.046
[1,  3520] loss: 0.081
[1,  3540] loss: 0.099
[1,  3560] loss: 0.070
[1,  3580] loss: 0.037
[1,  3600] loss: 0.046
[1,  3620] loss: 0.092
[1,  3640] loss: 0.042
[1,  3660] loss: 0.058
[1,  3680] loss: 0.057
[1,  3700] loss: 0.048
[1,  3720] loss: 0.077
[1,  3740] loss: 0.067
[1,  3760] loss: 0.053
[1,  3780] loss: 0.091
[1,  3800] loss: 0.110
[1,  3820] loss: 0.068
[1,  3840] loss: 0.069
[1,  3860] loss: 0.069
[1,  3880] loss: 0.074
[1,  3900] loss: 0.118
[1,  3920] loss: 0.086
[1,  3940] loss: 0.102
[1,  3960] loss: 0.056
[1,  3980] loss: 0.051
[1,  4000] loss: 0.073
[1,  4020] loss: 0.075
[1,  4040] loss: 0.077
[1,  4060] loss: 0.056
[1,  4080] loss: 0.078
[1,  4100] loss: 0.036
[1,  4120] loss: 0.093
[1,  4140] loss: 0.073
[1,  4160] loss: 0.098
[1,  4180] loss: 0.042
[1,  4200] loss: 0.094
[1,  4220] loss: 0.059
[1,  4240] loss: 0.089
[1,  4260] loss: 0.095
[1,  4280] loss: 0.090
[1,  4300] loss: 0.065
[1,  4320] loss: 0.090
[1,  4340] loss: 0.060
[1,  4360] loss: 0.053
[1,  4380] loss: 0.094
[1,  4400] loss: 0.060
[1,  4420] loss: 0.089
[1,  4440] loss: 0.075
[1,  4460] loss: 0.091
[1,  4480] loss: 0.060
[1,  4500] loss: 0.098
[1,  4520] loss: 0.098
[1,  4540] loss: 0.112
[1,  4560] loss: 0.080
[1,  4580] loss: 0.067
[1,  4600] loss: 0.051
[1,  4620] loss: 0.045
[1,  4640] loss: 0.046
[1,  4660] loss: 0.054
[1,  4680] loss: 0.083
[1,  4700] loss: 0.034
[1,  4720] loss: 0.037
[1,  4740] loss: 0.078
[1,  4760] loss: 0.118
[1,  4780] loss: 0.060
[1,  4800] loss: 0.070
[1,  4820] loss: 0.076
[1,  4840] loss: 0.107
[1,  4860] loss: 0.085
[1,  4880] loss: 0.085
[1,  4900] loss: 0.072
[1,  4920] loss: 0.052
[1,  4940] loss: 0.059
[1,  4960] loss: 0.027
[1,  4980] loss: 0.048
[1,  5000] loss: 0.064
[1,  5020] loss: 0.099
[1,  5040] loss: 0.053
[1,  5060] loss: 0.062
[1,  5080] loss: 0.047
[1,  5100] loss: 0.082
[1,  5120] loss: 0.052
[1,  5140] loss: 0.049
[1,  5160] loss: 0.124
[1,  5180] loss: 0.052
[1,  5200] loss: 0.098
[1,  5220] loss: 0.064
[1,  5240] loss: 0.078
[1,  5260] loss: 0.073
[1,  5280] loss: 0.044
[1,  5300] loss: 0.068
[1,  5320] loss: 0.050
[1,  5340] loss: 0.084
[1,  5360] loss: 0.085
[1,  5380] loss: 0.069
[1,  5400] loss: 0.087
[1,  5420] loss: 0.083
[1,  5440] loss: 0.072
[1,  5460] loss: 0.087
[1,  5480] loss: 0.087
[1,  5500] loss: 0.088
[1,  5520] loss: 0.077
[1,  5540] loss: 0.059
[1,  5560] loss: 0.056
[1,  5580] loss: 0.061
[1,  5600] loss: 0.090
[1,  5620] loss: 0.086
[1,  5640] loss: 0.118
[1,  5660] loss: 0.119
[1,  5680] loss: 0.082
[1,  5700] loss: 0.096
[1,  5720] loss: 0.087
[1,  5740] loss: 0.061
[1,  5760] loss: 0.062
[1,  5780] loss: 0.121
[1,  5800] loss: 0.110
[1,  5820] loss: 0.067
[1,  5840] loss: 0.078
[1,  5860] loss: 0.040
[1,  5880] loss: 0.067
[1,  5900] loss: 0.028
[1,  5920] loss: 0.048
[1,  5940] loss: 0.032
[1,  5960] loss: 0.032
[1,  5980] loss: 0.056
[1,  6000] loss: 0.037
[1,  6020] loss: 0.069
[1,  6040] loss: 0.059
[1,  6060] loss: 0.089
[1,  6080] loss: 0.060
[2,    20] loss: 0.035
[2,    40] loss: 0.066
[2,    60] loss: 0.046
[2,    80] loss: 0.075
[2,   100] loss: 0.035
[2,   120] loss: 0.089
[2,   140] loss: 0.055
[2,   160] loss: 0.086
[2,   180] loss: 0.069
[2,   200] loss: 0.054
[2,   220] loss: 0.146
[2,   240] loss: 0.050
[2,   260] loss: 0.071
[2,   280] loss: 0.074
[2,   300] loss: 0.118
[2,   320] loss: 0.115
[2,   340] loss: 0.070
[2,   360] loss: 0.062
[2,   380] loss: 0.068
[2,   400] loss: 0.059
[2,   420] loss: 0.062
[2,   440] loss: 0.093
[2,   460] loss: 0.072
[2,   480] loss: 0.063
[2,   500] loss: 0.090
[2,   520] loss: 0.055
[2,   540] loss: 0.052
[2,   560] loss: 0.056
[2,   580] loss: 0.066
[2,   600] loss: 0.111
[2,   620] loss: 0.043
[2,   640] loss: 0.077
[2,   660] loss: 0.118
[2,   680] loss: 0.041
[2,   700] loss: 3.877
[2,   720] loss: 1358732.735
[2,   740] loss: 90595181.692
[2,   760] loss: 838650417.095
[2,   780] loss: 11464483379.400
[2,   800] loss: 516749518.425
[2,   820] loss: 21076704.325
[2,   840] loss: 4140730.800
[2,   860] loss: 2157992.038
[2,   880] loss: 1189535.067
[2,   900] loss: 904620.771
[2,   920] loss: 703302.139
[2,   940] loss: 658400.289
[2,   960] loss: 635663.163
[2,   980] loss: 552125.381
[2,  1000] loss: 509719.481
[2,  1020] loss: 431451.790
[2,  1040] loss: 469023.029
[2,  1060] loss: 415269.293
[2,  1080] loss: 402469.427
[2,  1100] loss: 401054.231
[2,  1120] loss: 410911.491
[2,  1140] loss: 224353.578
[2,  1160] loss: 277244.054
[2,  1180] loss: 293579.818
[2,  1200] loss: 250059.808
[2,  1220] loss: 246126.354
[2,  1240] loss: 256609.546
[2,  1260] loss: 245294.384
[2,  1280] loss: 222360.760
[2,  1300] loss: 313750.086
[2,  1320] loss: 228795.716
[2,  1340] loss: 222204.043
[2,  1360] loss: 159395.087
[2,  1380] loss: 143241.354
[2,  1400] loss: 148669.335
[2,  1420] loss: 110503.754
[2,  1440] loss: 139679.814
[2,  1460] loss: 112402.213
[2,  1480] loss: 126805.708
[2,  1500] loss: 127661.319
[2,  1520] loss: 135143.727
[2,  1540] loss: 123017.008
[2,  1560] loss: 145990.933
[2,  1580] loss: 101471.264
[2,  1600] loss: 109271.638
[2,  1620] loss: 106490.336
[2,  1640] loss: 68586.014
[2,  1660] loss: 108414.183
[2,  1680] loss: 143071.765
[2,  1700] loss: 143511.612
[2,  1720] loss: 96160.891
[2,  1740] loss: 77444.565
[2,  1760] loss: 95979.026
[2,  1780] loss: 97133.091
[2,  1800] loss: 110152.325
[2,  1820] loss: 78174.241
[2,  1840] loss: 113219.083
[2,  1860] loss: 87625.653
[2,  1880] loss: 75424.881
[2,  1900] loss: 69021.400
[2,  1920] loss: 87136.720
[2,  1940] loss: 69276.695
[2,  1960] loss: 106998.709
[2,  1980] loss: 54688.017
[2,  2000] loss: 63500.040
[2,  2020] loss: 56656.688
[2,  2040] loss: 86704.853
[2,  2060] loss: 55642.014
[2,  2080] loss: 71802.167
[2,  2100] loss: 105057.767
[2,  2120] loss: 95547.701
[2,  2140] loss: 53351.794
[2,  2160] loss: 39034.772
[2,  2180] loss: 56577.101
[2,  2200] loss: 45492.812
[2,  2220] loss: 53092.661
[2,  2240] loss: 45572.154
[2,  2260] loss: 76115.705
[2,  2280] loss: 39923.235
[2,  2300] loss: 46162.872
[2,  2320] loss: 42415.953
[2,  2340] loss: 49955.782
[2,  2360] loss: 38406.427
[2,  2380] loss: 44522.044
[2,  2400] loss: 25126.847
[2,  2420] loss: 38889.938
[2,  2440] loss: 56798.609
[2,  2460] loss: 35244.026
[2,  2480] loss: 33119.746
[2,  2500] loss: 24998.270
[2,  2520] loss: 48933.608
[2,  2540] loss: 38167.504
[2,  2560] loss: 28115.123
[2,  2580] loss: 29379.569
[2,  2600] loss: 27414.550
[2,  2620] loss: 34833.315
[2,  2640] loss: 57500.183
[2,  2660] loss: 33764.707
[2,  2680] loss: 23347.496
[2,  2700] loss: 27241.744
[2,  2720] loss: 32297.578
[2,  2740] loss: 31344.162
[2,  2760] loss: 42725.992
[2,  2780] loss: 23960.242
[2,  2800] loss: 20224.031
[2,  2820] loss: 37907.734
[2,  2840] loss: 52120.596
[2,  2860] loss: 21198.679
[2,  2880] loss: 21943.581
[2,  2900] loss: 20550.113
[2,  2920] loss: 18897.576
[2,  2940] loss: 20044.882
[2,  2960] loss: 15447.063
[2,  2980] loss: 22171.974
[2,  3000] loss: 25184.382
[2,  3020] loss: 16420.582
[2,  3040] loss: 23075.366
[2,  3060] loss: 26545.879
[2,  3080] loss: 19260.240
[2,  3100] loss: 13678.365
[2,  3120] loss: 35605.348
[2,  3140] loss: 13274.374
[2,  3160] loss: 17718.861
[2,  3180] loss: 17681.303
[2,  3200] loss: 20734.979
[2,  3220] loss: 17416.500
[2,  3240] loss: 13200.943
[2,  3260] loss: 17632.688
[2,  3280] loss: 12825.347
[2,  3300] loss: 11521.493
[2,  3320] loss: 14629.172
[2,  3340] loss: 21421.152
[2,  3360] loss: 15206.817
[2,  3380] loss: 18027.880
[2,  3400] loss: 19120.570
[2,  3420] loss: 11696.727
[2,  3440] loss: 17607.415
[2,  3460] loss: 26454.316
[2,  3480] loss: 16372.141
[2,  3500] loss: 13703.759
[2,  3520] loss: 12076.866
[2,  3540] loss: 16496.989
[2,  3560] loss: 13914.446
[2,  3580] loss: 19308.855
[2,  3600] loss: 11967.773
[2,  3620] loss: 12064.591
[2,  3640] loss: 15662.786
[2,  3660] loss: 18139.123
[2,  3680] loss: 17531.342
[2,  3700] loss: 10760.165
[2,  3720] loss: 14976.378
[2,  3740] loss: 8209.262
[2,  3760] loss: 12696.393
[2,  3780] loss: 9512.155
[2,  3800] loss: 19051.864
[2,  3820] loss: 14389.807
[2,  3840] loss: 5622.029
[2,  3860] loss: 8671.855
[2,  3880] loss: 12942.040
[2,  3900] loss: 11600.259
[2,  3920] loss: 14153.622
[2,  3940] loss: 9001.823
[2,  3960] loss: 10224.132
[2,  3980] loss: 10320.647
[2,  4000] loss: 11027.848
[2,  4020] loss: 11628.226
[2,  4040] loss: 15846.256
[2,  4060] loss: 6184.440
[2,  4080] loss: 13025.672
[2,  4100] loss: 8942.454
[2,  4120] loss: 8573.000
[2,  4140] loss: 9226.898
[2,  4160] loss: 8122.388
[2,  4180] loss: 6327.171
[2,  4200] loss: 10439.125
[2,  4220] loss: 9355.927
[2,  4240] loss: 8089.885
[2,  4260] loss: 7511.022
[2,  4280] loss: 10707.372
[2,  4300] loss: 9269.185
[2,  4320] loss: 6487.180
[2,  4340] loss: 7197.844
[2,  4360] loss: 6308.535
[2,  4380] loss: 5692.347
[2,  4400] loss: 5540.739
[2,  4420] loss: 8714.435
[2,  4440] loss: 7248.542
[2,  4460] loss: 8795.588
[2,  4480] loss: 6666.009
[2,  4500] loss: 7254.415
[2,  4520] loss: 6693.376
[2,  4540] loss: 7630.146
[2,  4560] loss: 5522.260
[2,  4580] loss: 7409.513
[2,  4600] loss: 4840.882
[2,  4620] loss: 6022.829
[2,  4640] loss: 4992.190
[2,  4660] loss: 3629.128
[2,  4680] loss: 6568.298
[2,  4700] loss: 3810.499
[2,  4720] loss: 5772.359
[2,  4740] loss: 3083.270
[2,  4760] loss: 6398.925
[2,  4780] loss: 5445.062
[2,  4800] loss: 2893.970
[2,  4820] loss: 4834.040
[2,  4840] loss: 3062.365
[2,  4860] loss: 5097.328
[2,  4880] loss: 4027.896
[2,  4900] loss: 3930.931
[2,  4920] loss: 10686.221
[2,  4940] loss: 5738.611
[2,  4960] loss: 6026.474
[2,  4980] loss: 9849.620
[2,  5000] loss: 4601.045
[2,  5020] loss: 4305.490
[2,  5040] loss: 4998.975
[2,  5060] loss: 5794.479
[2,  5080] loss: 3287.488
[2,  5100] loss: 6306.176
[2,  5120] loss: 10362.856
[2,  5140] loss: 3926.556
[2,  5160] loss: 5208.658
[2,  5180] loss: 4144.629
[2,  5200] loss: 3430.291
[2,  5220] loss: 3406.301
[2,  5240] loss: 4069.933
[2,  5260] loss: 3627.507
[2,  5280] loss: 2018.761
[2,  5300] loss: 3013.299
[2,  5320] loss: 2394.301
[2,  5340] loss: 3190.078
[2,  5360] loss: 2507.406
[2,  5380] loss: 2500.613
[2,  5400] loss: 2769.760
[2,  5420] loss: 2743.932
[2,  5440] loss: 4290.309
[2,  5460] loss: 3815.962
[2,  5480] loss: 5030.463
[2,  5500] loss: 5889.041
[2,  5520] loss: 3893.476
[2,  5540] loss: 2280.426
[2,  5560] loss: 2025.754
[2,  5580] loss: 2092.831
[2,  5600] loss: 8873.451
[2,  5620] loss: 7989.394
[2,  5640] loss: 2966.239
[2,  5660] loss: 2610.882
[2,  5680] loss: 2306.026
[2,  5700] loss: 1941.729
[2,  5720] loss: 1569.377
[2,  5740] loss: 1882.077
[2,  5760] loss: 1579.765
[2,  5780] loss: 2526.013
[2,  5800] loss: 2334.637
[2,  5820] loss: 1537.502
[2,  5840] loss: 1565.085
[2,  5860] loss: 3541.845
[2,  5880] loss: 2785.091
[2,  5900] loss: 3266.968
[2,  5920] loss: 6992.728
[2,  5940] loss: 4391.379
[2,  5960] loss: 1971.591
[2,  5980] loss: 1981.383
[2,  6000] loss: 1292.716
[2,  6020] loss: 1174.768
[2,  6040] loss: 1680.265
[2,  6060] loss: 1573.255
[2,  6080] loss: 2250.783
[3,    20] loss: 2815.645
[3,    40] loss: 1510.499
[3,    60] loss: 2027.499
[3,    80] loss: 1960.285
[3,   100] loss: 1515.189
[3,   120] loss: 1860.030
[3,   140] loss: 3101.978
[3,   160] loss: 2260.955
[3,   180] loss: 1542.844
[3,   200] loss: 1118.955
[3,   220] loss: 2309.009
[3,   240] loss: 2239.615
[3,   260] loss: 1553.148
[3,   280] loss: 1749.811
[3,   300] loss: 1294.942
[3,   320] loss: 3693.333
[3,   340] loss: 1960.582
[3,   360] loss: 2275.778
[3,   380] loss: 1940.034
[3,   400] loss: 1375.768
[3,   420] loss: 1373.911
[3,   440] loss: 2142.042
[3,   460] loss: 5833.161
[3,   480] loss: 2628.938
[3,   500] loss: 2379.083
[3,   520] loss: 1666.624
[3,   540] loss: 1212.640
[3,   560] loss: 1530.021
[3,   580] loss: 1193.601
[3,   600] loss: 1172.085
[3,   620] loss: 1926.711
[3,   640] loss: 2300.468
[3,   660] loss: 1318.326
[3,   680] loss: 1342.195
[3,   700] loss: 1205.118
[3,   720] loss: 807.100
[3,   740] loss: 1304.864
[3,   760] loss: 2232.759
[3,   780] loss: 4521.337
[3,   800] loss: 3142.908
[3,   820] loss: 1403.409
[3,   840] loss: 1700.185
[3,   860] loss: 736.871
[3,   880] loss: 727.067
[3,   900] loss: 1113.414
[3,   920] loss: 769.406
[3,   940] loss: 721.270
[3,   960] loss: 984.046
[3,   980] loss: 622.686
[3,  1000] loss: 480.022
[3,  1020] loss: 900.546
[3,  1040] loss: 1133.742
[3,  1060] loss: 543.613
[3,  1080] loss: 555.824
[3,  1100] loss: 2685.188
[3,  1120] loss: 4464.149
[3,  1140] loss: 1896.391
[3,  1160] loss: 1483.647
[3,  1180] loss: 1268.329
[3,  1200] loss: 1329.122
[3,  1220] loss: 1262.832
[3,  1240] loss: 890.047
[3,  1260] loss: 685.722
[3,  1280] loss: 533.589
[3,  1300] loss: 828.972
[3,  1320] loss: 3220.574
[3,  1340] loss: 2722.650
[3,  1360] loss: 3103.063
[3,  1380] loss: 3685.614
[3,  1400] loss: 721.804
[3,  1420] loss: 1154.589
[3,  1440] loss: 1008.737
[3,  1460] loss: 3255.686
[3,  1480] loss: 1614.909
[3,  1500] loss: 876.538
[3,  1520] loss: 4479.869
[3,  1540] loss: 59813.665
[3,  1560] loss: 18245.720
[3,  1580] loss: 28150.206
[3,  1600] loss: 8012.961
[3,  1620] loss: 6839.044
[3,  1640] loss: 5947.541
[3,  1660] loss: 1574.246
[3,  1680] loss: 1733.442
[3,  1700] loss: 4101.847
[3,  1720] loss: 1209.084
[3,  1740] loss: 666.758
[3,  1760] loss: 1637.068
[3,  1780] loss: 3183.030
[3,  1800] loss: 3050.584
[3,  1820] loss: 2011.366
[3,  1840] loss: 537.909
[3,  1860] loss: 937.725
[3,  1880] loss: 685.846
[3,  1900] loss: 522.416
[3,  1920] loss: 547.883
[3,  1940] loss: 600.589
[3,  1960] loss: 744.501
[3,  1980] loss: 746.138
[3,  2000] loss: 642.076
[3,  2020] loss: 672.254
[3,  2040] loss: 450.433
[3,  2060] loss: 612.553
[3,  2080] loss: 632.992
[3,  2100] loss: 1592.461
[3,  2120] loss: 600.155
[3,  2140] loss: 1453.118
[3,  2160] loss: 1770.456
[3,  2180] loss: 2271.505
[3,  2200] loss: 656.712
[3,  2220] loss: 448.320
[3,  2240] loss: 1299.856
[3,  2260] loss: 3131.399
[3,  2280] loss: 874.658
[3,  2300] loss: 2223.041
[3,  2320] loss: 2815.537
[3,  2340] loss: 670.610
[3,  2360] loss: 927.861
[3,  2380] loss: 551.421
[3,  2400] loss: 991.394
[3,  2420] loss: 717.362
[3,  2440] loss: 1078.636
[3,  2460] loss: 7354.774
[3,  2480] loss: 5392.945
[3,  2500] loss: 930.326
[3,  2520] loss: 1219.072
[3,  2540] loss: 2041.589
[3,  2560] loss: 2358.670
[3,  2580] loss: 1787.047
[3,  2600] loss: 1245.272
[3,  2620] loss: 995.114
[3,  2640] loss: 1376.348
[3,  2660] loss: 795.682
[3,  2680] loss: 1349.209
[3,  2700] loss: 2685.757
[3,  2720] loss: 20947.481
[3,  2740] loss: 23369.968
[3,  2760] loss: 7441.215
[3,  2780] loss: 7220.445
[3,  2800] loss: 1050.152
[3,  2820] loss: 2181.786
[3,  2840] loss: 3053.844
[3,  2860] loss: 1052.113
[3,  2880] loss: 582.335
[3,  2900] loss: 5292.910
[3,  2920] loss: 12148.061
[3,  2940] loss: 29041.035
[3,  2960] loss: 26214.363
[3,  2980] loss: 16213.885
[3,  3000] loss: 3445.270
[3,  3020] loss: 2632.731
[3,  3040] loss: 4622.206
[3,  3060] loss: 7273.928
[3,  3080] loss: 2997.219
[3,  3100] loss: 1181.081
[3,  3120] loss: 657.901
[3,  3140] loss: 461.661
[3,  3160] loss: 352.794
[3,  3180] loss: 514.293
[3,  3200] loss: 5497.028
[3,  3220] loss: 1652.860
[3,  3240] loss: 1785.406
[3,  3260] loss: 1880.237
[3,  3280] loss: 573.123
[3,  3300] loss: 297.012
[3,  3320] loss: 1584.316
[3,  3340] loss: 1565.621
[3,  3360] loss: 593.732
[3,  3380] loss: 1102.906
[3,  3400] loss: 844.536
[3,  3420] loss: 578.835
[3,  3440] loss: 1224.840
[3,  3460] loss: 2890.396
[3,  3480] loss: 2108.207
[3,  3500] loss: 421.223
[3,  3520] loss: 317.524
[3,  3540] loss: 589.397
[3,  3560] loss: 534.979
[3,  3580] loss: 334.293
[3,  3600] loss: 1031.369
[3,  3620] loss: 655.714
[3,  3640] loss: 305.088
[3,  3660] loss: 314.964
[3,  3680] loss: 604.510
[3,  3700] loss: 1097.572
[3,  3720] loss: 868.831
[3,  3740] loss: 3135.397
[3,  3760] loss: 1981.598
[3,  3780] loss: 1189.651
[3,  3800] loss: 1069.727
[3,  3820] loss: 326.175
[3,  3840] loss: 344.009
[3,  3860] loss: 492.312
[3,  3880] loss: 1261.987
[3,  3900] loss: 1053.529
[3,  3920] loss: 699.409
[3,  3940] loss: 439.893
[3,  3960] loss: 850.066
[3,  3980] loss: 793.272
[3,  4000] loss: 185140.338
[3,  4020] loss: 235335.769
[3,  4040] loss: 29920.877
[3,  4060] loss: 8203.117
[3,  4080] loss: 3709.517
[3,  4100] loss: 1889.038
[3,  4120] loss: 1482.313
[3,  4140] loss: 973.750
[3,  4160] loss: 855.341
[3,  4180] loss: 497.475
[3,  4200] loss: 623.036
[3,  4220] loss: 573.199
[3,  4240] loss: 547.195
[3,  4260] loss: 419.498
[3,  4280] loss: 369.399
[3,  4300] loss: 318.026
[3,  4320] loss: 291.193
[3,  4340] loss: 472.283
[3,  4360] loss: 381.952
[3,  4380] loss: 278.792
[3,  4400] loss: 282.949
[3,  4420] loss: 246.855
[3,  4440] loss: 316.959
[3,  4460] loss: 228.565
[3,  4480] loss: 228.732
[3,  4500] loss: 294.103
[3,  4520] loss: 243.811
[3,  4540] loss: 334.252
[3,  4560] loss: 280.982
[3,  4580] loss: 215.446
[3,  4600] loss: 213.261
[3,  4620] loss: 282.388
[3,  4640] loss: 244.721
[3,  4660] loss: 184.782
[3,  4680] loss: 239.932
[3,  4700] loss: 189.841
[3,  4720] loss: 190.397
[3,  4740] loss: 283.263
[3,  4760] loss: 211.830
[3,  4780] loss: 213.108
[3,  4800] loss: 156.634
[3,  4820] loss: 161.646
[3,  4840] loss: 332.903
[3,  4860] loss: 217.587
[3,  4880] loss: 139.212
[3,  4900] loss: 180.865
[3,  4920] loss: 152.715
[3,  4940] loss: 138.136
[3,  4960] loss: 144.109
[3,  4980] loss: 124.978
[3,  5000] loss: 136.655
[3,  5020] loss: 162.924
[3,  5040] loss: 216.668
[3,  5060] loss: 122.707
[3,  5080] loss: 177.778
[3,  5100] loss: 169.805
[3,  5120] loss: 262.369
[3,  5140] loss: 273.126
[3,  5160] loss: 331.391
[3,  5180] loss: 137.049
[3,  5200] loss: 210.625
[3,  5220] loss: 375.998
[3,  5240] loss: 281.991
[3,  5260] loss: 363.607
[3,  5280] loss: 293.272
[3,  5300] loss: 160.449
[3,  5320] loss: 136.486
[3,  5340] loss: 213.919
[3,  5360] loss: 144.484
[3,  5380] loss: 135.663
[3,  5400] loss: 184.645
[3,  5420] loss: 126.278
[3,  5440] loss: 152.819
[3,  5460] loss: 166.416
[3,  5480] loss: 144.046
[3,  5500] loss: 148.384
[3,  5520] loss: 207.691
[3,  5540] loss: 164.259
[3,  5560] loss: 108.049
[3,  5580] loss: 114.428
[3,  5600] loss: 148.353
[3,  5620] loss: 259.860
[3,  5640] loss: 333.918
[3,  5660] loss: 424.808
[3,  5680] loss: 666.150
[3,  5700] loss: 429.180
[3,  5720] loss: 186.480
[3,  5740] loss: 110.395
[3,  5760] loss: 178.768
[3,  5780] loss: 121.030
[3,  5800] loss: 143.388
[3,  5820] loss: 176.469
[3,  5840] loss: 143.814
[3,  5860] loss: 127.140
[3,  5880] loss: 139.767
[3,  5900] loss: 135.060
[3,  5920] loss: 198.693
[3,  5940] loss: 456.136
[3,  5960] loss: 1160.999
[3,  5980] loss: 1145.384
[3,  6000] loss: 479.147
[3,  6020] loss: 453.409
[3,  6040] loss: 411.179
[3,  6060] loss: 252.456
[3,  6080] loss: 351.697
[1,    20] loss: 425.937
[1,    40] loss: 346.781
[1,    60] loss: 293.689
[1,    80] loss: 227.574
[1,   100] loss: 184.768
[1,   120] loss: 161.075
[1,   140] loss: 143.134
[1,   160] loss: 125.680
[1,   180] loss: 112.362
[1,   200] loss: 103.530
[1,   220] loss: 95.509
[1,   240] loss: 89.247
[1,   260] loss: 82.632
[1,   280] loss: 77.226
[1,   300] loss: 75.343
[1,   320] loss: 74.229
[1,   340] loss: 75.029
[1,   360] loss: 79.043
[1,   380] loss: 76.589
[1,   400] loss: 74.082
[1,   420] loss: 70.991
[1,   440] loss: 68.811
[1,   460] loss: 67.178
[1,   480] loss: 66.493
[1,   500] loss: 64.930
[1,   520] loss: 63.595
[1,   540] loss: 63.618
[1,   560] loss: 61.926
[1,   580] loss: 60.781
[1,   600] loss: 60.010
[1,   620] loss: 58.319
[1,   640] loss: 57.761
[1,   660] loss: 59.098
[2,    20] loss: 425.937
[2,    40] loss: 346.781
[2,    60] loss: 293.689
[2,    80] loss: 227.574
[2,   100] loss: 184.768
[2,   120] loss: 161.075
[2,   140] loss: 143.134
[2,   160] loss: 125.680
[2,   180] loss: 112.362
[2,   200] loss: 103.530
[2,   220] loss: 95.509
[2,   240] loss: 89.247
[2,   260] loss: 82.632
[2,   280] loss: 77.226
[2,   300] loss: 75.343
[2,   320] loss: 74.229
[2,   340] loss: 75.029
[2,   360] loss: 79.043
[2,   380] loss: 76.589
[2,   400] loss: 74.082
[2,   420] loss: 70.991
[2,   440] loss: 68.811
[2,   460] loss: 67.178
[2,   480] loss: 66.493
[2,   500] loss: 64.930
[2,   520] loss: 63.595
[2,   540] loss: 63.618
[2,   560] loss: 61.926
[2,   580] loss: 60.781
[2,   600] loss: 60.010
[2,   620] loss: 58.319
[2,   640] loss: 57.761
[2,   660] loss: 59.098
[3,    20] loss: 425.937
[3,    40] loss: 346.781
[3,    60] loss: 293.689
[3,    80] loss: 227.574
[3,   100] loss: 184.768
[3,   120] loss: 161.075
[3,   140] loss: 143.134
[3,   160] loss: 125.680
[3,   180] loss: 112.362
[3,   200] loss: 103.530
[3,   220] loss: 95.509
[3,   240] loss: 89.247
[3,   260] loss: 82.632
[3,   280] loss: 77.226
[3,   300] loss: 75.343
[3,   320] loss: 74.229
[3,   340] loss: 75.029
[3,   360] loss: 79.043
[3,   380] loss: 76.589
[3,   400] loss: 74.082
[3,   420] loss: 70.991
[3,   440] loss: 68.811
[3,   460] loss: 67.178
[3,   480] loss: 66.493
[3,   500] loss: 64.930
[3,   520] loss: 63.595
[3,   540] loss: 63.618
[3,   560] loss: 61.926
[3,   580] loss: 60.781
[3,   600] loss: 60.010
[3,   620] loss: 58.319
[3,   640] loss: 57.761
[3,   660] loss: 59.098
