cuda:  4
color_space: YCbCr
batch_size: 5
num_epcochs: 3
learning_rate: 0.002
[1,    20] loss: 0.346
[1,    40] loss: 0.093
[1,    60] loss: 0.118
[1,    80] loss: 0.094
[1,   100] loss: 0.087
[1,   120] loss: 0.099
[1,   140] loss: 0.081
[1,   160] loss: 0.158
[1,   180] loss: 0.077
[1,   200] loss: 0.086
[1,   220] loss: 0.092
[1,   240] loss: 0.109
[1,   260] loss: 0.054
[1,   280] loss: 0.106
[1,   300] loss: 0.116
[1,   320] loss: 0.040
[1,   340] loss: 0.111
[1,   360] loss: 0.122
[1,   380] loss: 0.053
[1,   400] loss: 0.163
[1,   420] loss: 0.107
[1,   440] loss: 0.073
[1,   460] loss: 0.070
[1,   480] loss: 0.121
[1,   500] loss: 0.064
[1,   520] loss: 0.073
[1,   540] loss: 0.070
[1,   560] loss: 0.081
[1,   580] loss: 0.052
[1,   600] loss: 0.068
[1,   620] loss: 0.083
[1,   640] loss: 0.059
[1,   660] loss: 0.042
[1,   680] loss: 0.087
[1,   700] loss: 0.069
[1,   720] loss: 0.034
[1,   740] loss: 0.048
[1,   760] loss: 0.113
[1,   780] loss: 0.097
[1,   800] loss: 0.081
[1,   820] loss: 0.060
[1,   840] loss: 0.056
[1,   860] loss: 0.092
[1,   880] loss: 0.078
[1,   900] loss: 0.076
[1,   920] loss: 0.078
[1,   940] loss: 0.058
[1,   960] loss: 0.060
[1,   980] loss: 0.065
[1,  1000] loss: 0.037
[1,  1020] loss: 0.060
[1,  1040] loss: 0.088
[1,  1060] loss: 0.161
[1,  1080] loss: 71296.023
[1,  1100] loss: 1102006769.794
[1,  1120] loss: 2562493048.825
[1,  1140] loss: 123406278.025
[1,  1160] loss: 3678129.573
[1,  1180] loss: 1233983.018
[1,  1200] loss: 350133.152
[1,  1220] loss: 281643.907
[1,  1240] loss: 244718.618
[1,  1260] loss: 287040.173
[1,  1280] loss: 199999.832
[1,  1300] loss: 201790.921
[1,  1320] loss: 155378.711
[1,  1340] loss: 146539.094
[1,  1360] loss: 138972.584
[1,  1380] loss: 109661.000
[1,  1400] loss: 97703.011
[1,  1420] loss: 73052.351
[1,  1440] loss: 96068.085
[1,  1460] loss: 110733.899
[1,  1480] loss: 58121.660
[1,  1500] loss: 63873.370
[1,  1520] loss: 83567.877
[1,  1540] loss: 70124.139
[1,  1560] loss: 44095.376
[1,  1580] loss: 38621.837
[1,  1600] loss: 67652.168
[1,  1620] loss: 38621.574
[1,  1640] loss: 40519.016
[1,  1660] loss: 59111.652
[1,  1680] loss: 27476.892
[1,  1700] loss: 34488.268
[1,  1720] loss: 38479.746
[1,  1740] loss: 24424.763
[1,  1760] loss: 22373.642
[1,  1780] loss: 20029.237
[1,  1800] loss: 19047.667
[1,  1820] loss: 15725.931
[1,  1840] loss: 30780.127
[1,  1860] loss: 22747.466
[1,  1880] loss: 20661.469
[1,  1900] loss: 12640.987
[1,  1920] loss: 14471.275
[1,  1940] loss: 11314.086
[1,  1960] loss: 13044.519
[1,  1980] loss: 11345.142
[1,  2000] loss: 13791.943
[1,  2020] loss: 17353.545
[1,  2040] loss: 18829.906
[1,  2060] loss: 13415.371
[1,  2080] loss: 12187.267
[1,  2100] loss: 10921.709
[1,  2120] loss: 10982.659
[1,  2140] loss: 10218.969
[1,  2160] loss: 5793.996
[1,  2180] loss: 7359.257
[1,  2200] loss: 9614.628
[1,  2220] loss: 9157.469
[1,  2240] loss: 8246.977
[1,  2260] loss: 11594.171
[1,  2280] loss: 6349.824
[1,  2300] loss: 4715.206
[1,  2320] loss: 5195.277
[1,  2340] loss: 4051.036
[1,  2360] loss: 2996.804
[1,  2380] loss: 5154.299
[1,  2400] loss: 6554.373
[1,  2420] loss: 4762.687
[1,  2440] loss: 7227.750
[1,  2460] loss: 2754.447
[1,  2480] loss: 3393.575
[1,  2500] loss: 3259.297
[1,  2520] loss: 4081.790
[1,  2540] loss: 3585.371
[1,  2560] loss: 2810.442
[1,  2580] loss: 4455.125
[1,  2600] loss: 2329.489
[1,  2620] loss: 2813.947
[1,  2640] loss: 5777.806
[1,  2660] loss: 3975.380
[1,  2680] loss: 2714.928
[1,  2700] loss: 2280.731
[1,  2720] loss: 2267.786
[1,  2740] loss: 2376.129
[1,  2760] loss: 2243.227
[1,  2780] loss: 1101.505
[1,  2800] loss: 2237.485
[1,  2820] loss: 2288.897
[1,  2840] loss: 2091.923
[1,  2860] loss: 2175.802
[1,  2880] loss: 2702.083
[1,  2900] loss: 3325.585
[1,  2920] loss: 2280.202
[1,  2940] loss: 1115.072
[1,  2960] loss: 1073.092
[1,  2980] loss: 1628.846
[1,  3000] loss: 1353.459
[1,  3020] loss: 1371.160
[1,  3040] loss: 1087.976
[1,  3060] loss: 1627.182
[1,  3080] loss: 1482.506
[1,  3100] loss: 1317.835
[1,  3120] loss: 1301.530
[1,  3140] loss: 1061.574
[1,  3160] loss: 1295.926
[1,  3180] loss: 1203.915
[1,  3200] loss: 1173.547
[1,  3220] loss: 1375.699
[1,  3240] loss: 1296.924
[1,  3260] loss: 1666.488
[1,  3280] loss: 1211.445
[1,  3300] loss: 3072.069
[1,  3320] loss: 1603.523
[1,  3340] loss: 1494.496
[1,  3360] loss: 1122.369
[1,  3380] loss: 1472.211
[1,  3400] loss: 1633.487
[1,  3420] loss: 938.498
[1,  3440] loss: 756.021
[1,  3460] loss: 827.653
[1,  3480] loss: 791.403
[1,  3500] loss: 806.504
[1,  3520] loss: 1012.849
[1,  3540] loss: 1278.504
[1,  3560] loss: 779.145
[1,  3580] loss: 969.760
[1,  3600] loss: 1450.087
[1,  3620] loss: 1609.973
[1,  3640] loss: 1301.585
[1,  3660] loss: 1614.081
[1,  3680] loss: 990.097
[1,  3700] loss: 1239.819
[1,  3720] loss: 792.297
[1,  3740] loss: 1155.882
[1,  3760] loss: 788.920
[1,  3780] loss: 599.883
[1,  3800] loss: 724.425
[1,  3820] loss: 606.855
[1,  3840] loss: 663.598
[1,  3860] loss: 577.495
[1,  3880] loss: 530.050
[1,  3900] loss: 651.583
[1,  3920] loss: 730.776
[1,  3940] loss: 1337.894
[1,  3960] loss: 609.729
[1,  3980] loss: 838.673
[1,  4000] loss: 2129.302
[1,  4020] loss: 2665.431
[1,  4040] loss: 695.759
[1,  4060] loss: 503.961
[1,  4080] loss: 685.945
[1,  4100] loss: 903.371
[1,  4120] loss: 1972.024
[1,  4140] loss: 13817.525
[1,  4160] loss: 4615.130
[1,  4180] loss: 2326.522
[1,  4200] loss: 1615.101
[1,  4220] loss: 1595.036
[1,  4240] loss: 805.221
[1,  4260] loss: 841.110
[1,  4280] loss: 1044.111
[1,  4300] loss: 1201.969
[1,  4320] loss: 1585.223
[1,  4340] loss: 1374.427
[1,  4360] loss: 1173.718
[1,  4380] loss: 1205.232
[1,  4400] loss: 1879.307
[1,  4420] loss: 1466.948
[1,  4440] loss: 2534.458
[1,  4460] loss: 1655.157
[1,  4480] loss: 2216.222
[1,  4500] loss: 2484.963
[1,  4520] loss: 1087.207
[1,  4540] loss: 1788.741
[1,  4560] loss: 750.654
[1,  4580] loss: 2220.039
[1,  4600] loss: 765.110
[1,  4620] loss: 1537.672
[1,  4640] loss: 1241.775
[1,  4660] loss: 1297.084
[1,  4680] loss: 664.297
[1,  4700] loss: 750.365
[1,  4720] loss: 555.486
[1,  4740] loss: 347.536
[1,  4760] loss: 459.111
[1,  4780] loss: 709.155
[1,  4800] loss: 350.818
[1,  4820] loss: 644.214
[1,  4840] loss: 884.274
[1,  4860] loss: 1065.494
[1,  4880] loss: 377.641
[1,  4900] loss: 593.143
[1,  4920] loss: 636.933
[1,  4940] loss: 350.710
[1,  4960] loss: 1452.802
[1,  4980] loss: 1660.663
[1,  5000] loss: 280.985
[1,  5020] loss: 1154.025
[1,  5040] loss: 452.270
[1,  5060] loss: 310.832
[1,  5080] loss: 285.191
[1,  5100] loss: 248.153
[1,  5120] loss: 1527.477
[1,  5140] loss: 1568.572
[1,  5160] loss: 1812.843
[1,  5180] loss: 345.070
[1,  5200] loss: 342.952
[1,  5220] loss: 335.054
[1,  5240] loss: 263.856
[1,  5260] loss: 246.578
[1,  5280] loss: 238.750
[1,  5300] loss: 210.121
[1,  5320] loss: 385.835
[1,  5340] loss: 610.555
[1,  5360] loss: 331.336
[1,  5380] loss: 361.072
[1,  5400] loss: 393.829
[1,  5420] loss: 316.062
[1,  5440] loss: 172.638
[1,  5460] loss: 245.582
[1,  5480] loss: 214.564
[1,  5500] loss: 531.191
[1,  5520] loss: 331.206
[1,  5540] loss: 410.422
[1,  5560] loss: 251.749
[1,  5580] loss: 231.090
[1,  5600] loss: 248.370
[1,  5620] loss: 199.122
[1,  5640] loss: 436.605
[1,  5660] loss: 393.706
[1,  5680] loss: 166.548
[1,  5700] loss: 249.834
[1,  5720] loss: 626.455
[1,  5740] loss: 1348.849
[1,  5760] loss: 3156.049
[1,  5780] loss: 2416.404
[1,  5800] loss: 328.292
[1,  5820] loss: 260.547
[1,  5840] loss: 229.563
[1,  5860] loss: 200.178
[1,  5880] loss: 237.137
[1,  5900] loss: 216.269
[1,  5920] loss: 164.379
[1,  5940] loss: 1069.556
[1,  5960] loss: 194.477
[1,  5980] loss: 160.555
[1,  6000] loss: 259.068
[1,  6020] loss: 607.127
[1,  6040] loss: 34561.306
[1,  6060] loss: 30534.715
[1,  6080] loss: 30661.930
[2,    20] loss: 1514.699
[2,    40] loss: 212.928
[2,    60] loss: 128.886
[2,    80] loss: 553.298
[2,   100] loss: 982.222
[2,   120] loss: 673.004
[2,   140] loss: 15325.576
[2,   160] loss: 322339.233
[2,   180] loss: 306058.442
[2,   200] loss: 22768.058
[2,   220] loss: 1743.098
[2,   240] loss: 626.443
[2,   260] loss: 136.058
[2,   280] loss: 160.378
[2,   300] loss: 172.606
[2,   320] loss: 469.077
[2,   340] loss: 226.773
[2,   360] loss: 75.973
[2,   380] loss: 86.469
[2,   400] loss: 68.196
[2,   420] loss: 91.078
[2,   440] loss: 64.853
[2,   460] loss: 86.895
[2,   480] loss: 67.129
[2,   500] loss: 352.582
[2,   520] loss: 354.608
[2,   540] loss: 65.792
[2,   560] loss: 120.815
[2,   580] loss: 156.228
[2,   600] loss: 79.269
[2,   620] loss: 57.050
[2,   640] loss: 60.431
[2,   660] loss: 46.694
[2,   680] loss: 59.962
[2,   700] loss: 57.555
[2,   720] loss: 88.250
[2,   740] loss: 56.787
[2,   760] loss: 41.151
[2,   780] loss: 64.966
[2,   800] loss: 64.527
[2,   820] loss: 66.826
[2,   840] loss: 47.912
[2,   860] loss: 77.776
[2,   880] loss: 54.193
[2,   900] loss: 55.623
[2,   920] loss: 51.142
[2,   940] loss: 83.554
[2,   960] loss: 96.659
[2,   980] loss: 57.995
[2,  1000] loss: 65.430
[2,  1020] loss: 57.960
[2,  1040] loss: 70.439
[2,  1060] loss: 39.393
[2,  1080] loss: 52.503
[2,  1100] loss: 53.560
[2,  1120] loss: 99.273
[2,  1140] loss: 295.470
[2,  1160] loss: 601.145
[2,  1180] loss: 525.381
[2,  1200] loss: 275.333
[2,  1220] loss: 216.171
[2,  1240] loss: 99.890
[2,  1260] loss: 41.790
[2,  1280] loss: 57.674
[2,  1300] loss: 50.887
[2,  1320] loss: 96.607
[2,  1340] loss: 63.787
[2,  1360] loss: 51.327
[2,  1380] loss: 53.766
[2,  1400] loss: 65.858
[2,  1420] loss: 82.860
[2,  1440] loss: 196.545
[2,  1460] loss: 390.986
[2,  1480] loss: 1064.141
[2,  1500] loss: 233.444
[2,  1520] loss: 148.226
[2,  1540] loss: 118.657
[2,  1560] loss: 109.235
[2,  1580] loss: 52.050
[2,  1600] loss: 46.128
[2,  1620] loss: 64.915
[2,  1640] loss: 44.288
[2,  1660] loss: 55.008
[2,  1680] loss: 50.139
[2,  1700] loss: 72.642
[2,  1720] loss: 85.235
[2,  1740] loss: 73.432
[2,  1760] loss: 66.824
[2,  1780] loss: 77.592
[2,  1800] loss: 128.138
[2,  1820] loss: 50.403
[2,  1840] loss: 51.604
[2,  1860] loss: 31.052
[2,  1880] loss: 27.435
[2,  1900] loss: 82.903
[2,  1920] loss: 65.239
[2,  1940] loss: 91.932
[2,  1960] loss: 56.457
[2,  1980] loss: 983.364
[2,  2000] loss: 2133.582
[2,  2020] loss: 6161.507
[2,  2040] loss: 35703.926
[2,  2060] loss: 10430.580
[2,  2080] loss: 7753.557
[2,  2100] loss: 1869.853
[2,  2120] loss: 171.923
[2,  2140] loss: 82.161
[2,  2160] loss: 100.866
[2,  2180] loss: 104.917
[2,  2200] loss: 44.963
[2,  2220] loss: 67.102
[2,  2240] loss: 113.391
[2,  2260] loss: 303.278
[2,  2280] loss: 1922.079
[2,  2300] loss: 924.003
[2,  2320] loss: 617.630
[2,  2340] loss: 3077.510
[2,  2360] loss: 10210.362
[2,  2380] loss: 922.920
[2,  2400] loss: 457.417
[2,  2420] loss: 104.463
[2,  2440] loss: 101.227
[2,  2460] loss: 69.421
[2,  2480] loss: 44.585
[2,  2500] loss: 42.409
[2,  2520] loss: 28.315
[2,  2540] loss: 27.399
[2,  2560] loss: 32.969
[2,  2580] loss: 21.667
[2,  2600] loss: 23.662
[2,  2620] loss: 29.073
[2,  2640] loss: 26.208
[2,  2660] loss: 27.660
[2,  2680] loss: 22.275
[2,  2700] loss: 19.041
[2,  2720] loss: 26.896
[2,  2740] loss: 29.559
[2,  2760] loss: 22.057
[2,  2780] loss: 16.043
[2,  2800] loss: 18.398
[2,  2820] loss: 23.026
[2,  2840] loss: 24.981
[2,  2860] loss: 28.922
[2,  2880] loss: 23.228
[2,  2900] loss: 22.373
[2,  2920] loss: 45.972
[2,  2940] loss: 40.130
[2,  2960] loss: 41.899
[2,  2980] loss: 72.381
[2,  3000] loss: 50.063
[2,  3020] loss: 140.376
[2,  3040] loss: 69.642
[2,  3060] loss: 78.900
[2,  3080] loss: 59.350
[2,  3100] loss: 108.755
[2,  3120] loss: 38.337
[2,  3140] loss: 22.967
[2,  3160] loss: 87.220
[2,  3180] loss: 34.091
[2,  3200] loss: 34.728
[2,  3220] loss: 21.274
[2,  3240] loss: 15.301
[2,  3260] loss: 23.864
[2,  3280] loss: 21.191
[2,  3300] loss: 102.746
[2,  3320] loss: 488.890
[2,  3340] loss: 620.802
[2,  3360] loss: 791.550
[2,  3380] loss: 1403.623
[2,  3400] loss: 1959.496
[2,  3420] loss: 5582.677
[2,  3440] loss: 5189.546
[2,  3460] loss: 2008.147
[2,  3480] loss: 12831.942
[2,  3500] loss: 75422.303
[2,  3520] loss: 26951.933
[2,  3540] loss: 5206.614
[2,  3560] loss: 1585.725
[2,  3580] loss: 706.288
[2,  3600] loss: 159.048
[2,  3620] loss: 61.956
[2,  3640] loss: 40.238
[2,  3660] loss: 42.314
[2,  3680] loss: 33.584
[2,  3700] loss: 28.613
[2,  3720] loss: 18.031
[2,  3740] loss: 17.547
[2,  3760] loss: 17.702
[2,  3780] loss: 17.218
[2,  3800] loss: 15.602
[2,  3820] loss: 9.464
[2,  3840] loss: 11.047
[2,  3860] loss: 13.284
[2,  3880] loss: 13.137
[2,  3900] loss: 19.040
[2,  3920] loss: 10.588
[2,  3940] loss: 10.227
[2,  3960] loss: 12.127
[2,  3980] loss: 13.752
[2,  4000] loss: 9.249
[2,  4020] loss: 7.031
[2,  4040] loss: 10.609
[2,  4060] loss: 10.927
[2,  4080] loss: 31.450
[2,  4100] loss: 9.019
[2,  4120] loss: 5.715
[2,  4140] loss: 6.034
[2,  4160] loss: 8.468
[2,  4180] loss: 6.439
[2,  4200] loss: 4.294
[2,  4220] loss: 11.730
[2,  4240] loss: 35.531
[2,  4260] loss: 110.873
[2,  4280] loss: 31.543
[2,  4300] loss: 36.387
[2,  4320] loss: 79.484
[2,  4340] loss: 31.874
[2,  4360] loss: 10.728
[2,  4380] loss: 9.604
[2,  4400] loss: 10.049
[2,  4420] loss: 6.194
[2,  4440] loss: 9.822
[2,  4460] loss: 5.125
[2,  4480] loss: 3.954
[2,  4500] loss: 3.470
[2,  4520] loss: 2.697
[2,  4540] loss: 3.346
[2,  4560] loss: 3.971
[2,  4580] loss: 3.039
[2,  4600] loss: 2.798
[2,  4620] loss: 3.813
[2,  4640] loss: 4.233
[2,  4660] loss: 2.953
[2,  4680] loss: 5.219
[2,  4700] loss: 4.206
[2,  4720] loss: 6.350
[2,  4740] loss: 7.987
[2,  4760] loss: 6.280
[2,  4780] loss: 6.678
[2,  4800] loss: 9.266
[2,  4820] loss: 5.272
[2,  4840] loss: 5.507
[2,  4860] loss: 6.672
[2,  4880] loss: 5.357
[2,  4900] loss: 3.731
[2,  4920] loss: 3.949
[2,  4940] loss: 2.770
[2,  4960] loss: 2.317
[2,  4980] loss: 4.808
[2,  5000] loss: 4.958
[2,  5020] loss: 4.549
[2,  5040] loss: 4.212
[2,  5060] loss: 18.499
[2,  5080] loss: 8.022
[2,  5100] loss: 4.583
[2,  5120] loss: 9.215
[2,  5140] loss: 5.795
[2,  5160] loss: 5.244
[2,  5180] loss: 4.191
[2,  5200] loss: 2.880
[2,  5220] loss: 2.101
[2,  5240] loss: 2.502
[2,  5260] loss: 6.651
[2,  5280] loss: 32.159
[2,  5300] loss: 21.106
[2,  5320] loss: 10.594
[2,  5340] loss: 3.658
[2,  5360] loss: 2.806
[2,  5380] loss: 1.703
[2,  5400] loss: 7.736
[2,  5420] loss: 3.558
[2,  5440] loss: 2.100
[2,  5460] loss: 2.687
[2,  5480] loss: 2.586
[2,  5500] loss: 2.960
[2,  5520] loss: 1.804
[2,  5540] loss: 1.885
[2,  5560] loss: 3.381
[2,  5580] loss: 1.598
[2,  5600] loss: 2.071
[2,  5620] loss: 2.732
[2,  5640] loss: 3.136
[2,  5660] loss: 2.812
[2,  5680] loss: 3.137
[2,  5700] loss: 3.889
[2,  5720] loss: 3.579
[2,  5740] loss: 2.622
[2,  5760] loss: 2.149
[2,  5780] loss: 1.728
[2,  5800] loss: 2.007
[2,  5820] loss: 1.338
[2,  5840] loss: 1.255
[2,  5860] loss: 1.929
[2,  5880] loss: 1.345
[2,  5900] loss: 1.221
[2,  5920] loss: 2.427
[2,  5940] loss: 14.586
[2,  5960] loss: 186.854
[2,  5980] loss: 110.237
[2,  6000] loss: 10.134
[2,  6020] loss: 12.472
[2,  6040] loss: 9.019
[2,  6060] loss: 1.611
[2,  6080] loss: 2.033
[3,    20] loss: 59.174
[3,    40] loss: 65.464
[3,    60] loss: 36.990
[3,    80] loss: 22.148
[3,   100] loss: 12.493
[3,   120] loss: 5.275
[3,   140] loss: 5.682
[3,   160] loss: 3.167
[3,   180] loss: 3.272
[3,   200] loss: 4.283
[3,   220] loss: 25.791
[3,   240] loss: 12.257
[3,   260] loss: 21.527
[3,   280] loss: 21.907
[3,   300] loss: 81.645
[3,   320] loss: 258.724
[3,   340] loss: 93.199
[3,   360] loss: 72.298
[3,   380] loss: 35.067
[3,   400] loss: 22.766
[3,   420] loss: 10.567
[3,   440] loss: 17.969
[3,   460] loss: 25.484
[3,   480] loss: 9.892
[3,   500] loss: 7.453
[3,   520] loss: 7.562
[3,   540] loss: 4.771
[3,   560] loss: 2.247
[3,   580] loss: 1.771
[3,   600] loss: 2.568
[3,   620] loss: 2.062
[3,   640] loss: 2.470
[3,   660] loss: 5.435
[3,   680] loss: 72.793
[3,   700] loss: 817.854
[3,   720] loss: 684.821
[3,   740] loss: 453.172
[3,   760] loss: 267.291
[3,   780] loss: 216.367
[3,   800] loss: 61.086
[3,   820] loss: 55.243
[3,   840] loss: 98.154
[3,   860] loss: 44.675
[3,   880] loss: 97.585
[3,   900] loss: 64.307
[3,   920] loss: 39.777
[3,   940] loss: 21.240
[3,   960] loss: 6.463
[3,   980] loss: 2.960
[3,  1000] loss: 4.394
[3,  1020] loss: 14.261
[3,  1040] loss: 10.589
[3,  1060] loss: 4.648
[3,  1080] loss: 95.071
[3,  1100] loss: 110.420
[3,  1120] loss: 221.265
[3,  1140] loss: 317.223
[3,  1160] loss: 118.390
[3,  1180] loss: 48.995
[3,  1200] loss: 51.518
[3,  1220] loss: 101.092
[3,  1240] loss: 61.471
[3,  1260] loss: 100.621
[3,  1280] loss: 64.704
[3,  1300] loss: 21.946
[3,  1320] loss: 12.943
[3,  1340] loss: 11.950
[3,  1360] loss: 2.870
[3,  1380] loss: 1.352
[3,  1400] loss: 1.815
[3,  1420] loss: 2.199
[3,  1440] loss: 3.212
[3,  1460] loss: 1.428
[3,  1480] loss: 1.201
[3,  1500] loss: 21.740
[3,  1520] loss: 20.455
[3,  1540] loss: 39.536
[3,  1560] loss: 44.817
[3,  1580] loss: 44.222
[3,  1600] loss: 24.899
[3,  1620] loss: 47.007
[3,  1640] loss: 13.450
[3,  1660] loss: 11.371
[3,  1680] loss: 3.666
[3,  1700] loss: 3.168
[3,  1720] loss: 2.318
[3,  1740] loss: 6.697
[3,  1760] loss: 6.618
[3,  1780] loss: 11.177
[3,  1800] loss: 18.334
[3,  1820] loss: 32.997
[3,  1840] loss: 64.629
[3,  1860] loss: 57.949
[3,  1880] loss: 3.948
[3,  1900] loss: 15.078
[3,  1920] loss: 29.593
[3,  1940] loss: 24.974
[3,  1960] loss: 10.293
[3,  1980] loss: 326.206
[3,  2000] loss: 169.632
[3,  2020] loss: 53.331
[3,  2040] loss: 51.021
[3,  2060] loss: 82.568
[3,  2080] loss: 50.867
[3,  2100] loss: 5.527
[3,  2120] loss: 5.625
[3,  2140] loss: 3.188
[3,  2160] loss: 5.858
[3,  2180] loss: 10.429
[3,  2200] loss: 20.296
[3,  2220] loss: 25.217
[3,  2240] loss: 280.969
[3,  2260] loss: 814.124
[3,  2280] loss: 6314.266
[3,  2300] loss: 2436.013
[3,  2320] loss: 554.922
[3,  2340] loss: 267.075
[3,  2360] loss: 146.764
[3,  2380] loss: 194.891
[3,  2400] loss: 207.463
[3,  2420] loss: 49.619
[3,  2440] loss: 17.883
[3,  2460] loss: 4.723
[3,  2480] loss: 2.891
[3,  2500] loss: 2.301
[3,  2520] loss: 2.001
[3,  2540] loss: 2.572
[3,  2560] loss: 1.406
[3,  2580] loss: 0.969
[3,  2600] loss: 0.971
[3,  2620] loss: 7.332
[3,  2640] loss: 1.352
[3,  2660] loss: 0.975
[3,  2680] loss: 1.190
[3,  2700] loss: 1.059
[3,  2720] loss: 0.599
[3,  2740] loss: 0.612
[3,  2760] loss: 0.481
[3,  2780] loss: 4.385
[3,  2800] loss: 8.660
[3,  2820] loss: 43.943
[3,  2840] loss: 63.251
[3,  2860] loss: 73.276
[3,  2880] loss: 12.450
[3,  2900] loss: 5.239
[3,  2920] loss: 2.277
[3,  2940] loss: 1.968
[3,  2960] loss: 2.550
[3,  2980] loss: 2.550
[3,  3000] loss: 20.217
[3,  3020] loss: 4.375
[3,  3040] loss: 1.688
[3,  3060] loss: 1.714
[3,  3080] loss: 1.404
[3,  3100] loss: 0.902
[3,  3120] loss: 0.838
[3,  3140] loss: 0.548
[3,  3160] loss: 0.468
[3,  3180] loss: 0.395
[3,  3200] loss: 0.746
[3,  3220] loss: 0.576
[3,  3240] loss: 0.744
[3,  3260] loss: 3.118
[3,  3280] loss: 2.374
[3,  3300] loss: 6.604
[3,  3320] loss: 5.121
[3,  3340] loss: 4.254
[3,  3360] loss: 4.225
[3,  3380] loss: 41.767
[3,  3400] loss: 57.185
[3,  3420] loss: 42.487
[3,  3440] loss: 19.465
[3,  3460] loss: 73.653
[3,  3480] loss: 412.842
[3,  3500] loss: 841.375
[3,  3520] loss: 279.168
[3,  3540] loss: 211.064
[3,  3560] loss: 454.327
[3,  3580] loss: 311.028
[3,  3600] loss: 168.680
[3,  3620] loss: 46.675
[3,  3640] loss: 11.860
[3,  3660] loss: 8.633
[3,  3680] loss: 5.587
[3,  3700] loss: 5.449
[3,  3720] loss: 33.137
[3,  3740] loss: 100.675
[3,  3760] loss: 26.915
[3,  3780] loss: 4.091
[3,  3800] loss: 1.063
[3,  3820] loss: 0.959
[3,  3840] loss: 0.748
[3,  3860] loss: 1.076
[3,  3880] loss: 1.916
[3,  3900] loss: 5.149
[3,  3920] loss: 50.841
[3,  3940] loss: 162.050
[3,  3960] loss: 159.611
[3,  3980] loss: 35.443
[3,  4000] loss: 26.226
[3,  4020] loss: 18.074
[3,  4040] loss: 9.751
[3,  4060] loss: 2.593
[3,  4080] loss: 2.463
[3,  4100] loss: 6.779
[3,  4120] loss: 9.562
[3,  4140] loss: 7.997
[3,  4160] loss: 9.576
[3,  4180] loss: 3.248
[3,  4200] loss: 1.614
[3,  4220] loss: 2.184
[3,  4240] loss: 5.221
[3,  4260] loss: 5.608
[3,  4280] loss: 4.036
[3,  4300] loss: 3.097
[3,  4320] loss: 2.208
[3,  4340] loss: 0.924
[3,  4360] loss: 2.008
[3,  4380] loss: 0.337
[3,  4400] loss: 0.292
[3,  4420] loss: 1.546
[3,  4440] loss: 0.620
[3,  4460] loss: 0.538
[3,  4480] loss: 0.361
[3,  4500] loss: 0.234
[3,  4520] loss: 0.379
[3,  4540] loss: 0.433
[3,  4560] loss: 1.168
[3,  4580] loss: 2.953
[3,  4600] loss: 2.136
[3,  4620] loss: 1.462
[3,  4640] loss: 1.196
[3,  4660] loss: 14.430
[3,  4680] loss: 171.589
[3,  4700] loss: 158.658
[3,  4720] loss: 12.444
[3,  4740] loss: 4.833
[3,  4760] loss: 5.166
[3,  4780] loss: 2.860
[3,  4800] loss: 0.756
[3,  4820] loss: 0.850
[3,  4840] loss: 0.933
[3,  4860] loss: 0.907
[3,  4880] loss: 0.281
[3,  4900] loss: 0.377
[3,  4920] loss: 12.187
[3,  4940] loss: 266.720
[3,  4960] loss: 159.935
[3,  4980] loss: 75.096
[3,  5000] loss: 96.803
[3,  5020] loss: 11.687
[3,  5040] loss: 4.458
[3,  5060] loss: 32.708
[3,  5080] loss: 24.069
[3,  5100] loss: 15.118
[3,  5120] loss: 6.363
[3,  5140] loss: 2.303
[3,  5160] loss: 1.360
[3,  5180] loss: 0.708
[3,  5200] loss: 3.094
[3,  5220] loss: 1.793
[3,  5240] loss: 0.425
[3,  5260] loss: 1.719
[3,  5280] loss: 0.846
[3,  5300] loss: 0.839
[3,  5320] loss: 1.470
[3,  5340] loss: 1.786
[3,  5360] loss: 2.544
[3,  5380] loss: 0.872
[3,  5400] loss: 0.408
[3,  5420] loss: 0.607
[3,  5440] loss: 0.377
[3,  5460] loss: 2.207
[3,  5480] loss: 1.900
[3,  5500] loss: 1.167
[3,  5520] loss: 11.292
[3,  5540] loss: 9.000
[3,  5560] loss: 7.337
[3,  5580] loss: 1.230
[3,  5600] loss: 1.090
[3,  5620] loss: 0.543
[3,  5640] loss: 14.520
[3,  5660] loss: 42.212
[3,  5680] loss: 26.560
[3,  5700] loss: 5.645
[3,  5720] loss: 3.470
[3,  5740] loss: 8.898
[3,  5760] loss: 3.469
[3,  5780] loss: 6.329
[3,  5800] loss: 16.799
[3,  5820] loss: 13.632
[3,  5840] loss: 6.950
[3,  5860] loss: 3.942
[3,  5880] loss: 3.861
[3,  5900] loss: 7.830
[3,  5920] loss: 6.477
[3,  5940] loss: 13.185
[3,  5960] loss: 6.833
[3,  5980] loss: 7.946
[3,  6000] loss: 19.653
[3,  6020] loss: 30.699
[3,  6040] loss: 34.442
[3,  6060] loss: 37.086
[3,  6080] loss: 19.520
[1,    20] loss: 69.052
[1,    40] loss: 49.320
[1,    60] loss: 36.729
[1,    80] loss: 31.162
[1,   100] loss: 28.136
[1,   120] loss: 25.744
[1,   140] loss: 24.324
[1,   160] loss: 27.018
[1,   180] loss: 29.552
[1,   200] loss: 31.161
[1,   220] loss: 28.732
[1,   240] loss: 27.056
[1,   260] loss: 25.640
[1,   280] loss: 23.917
[1,   300] loss: 22.369
[1,   320] loss: 21.170
[1,   340] loss: 20.364
[1,   360] loss: 19.844
[1,   380] loss: 20.015
[1,   400] loss: 20.033
[1,   420] loss: 19.878
[1,   440] loss: 19.341
[1,   460] loss: 19.013
[1,   480] loss: 18.420
[1,   500] loss: 18.183
[1,   520] loss: 18.277
[1,   540] loss: 17.800
[1,   560] loss: 17.543
[1,   580] loss: 17.290
[1,   600] loss: 16.885
[1,   620] loss: 16.452
[1,   640] loss: 16.273
[1,   660] loss: 16.173
[2,    20] loss: 69.052
[2,    40] loss: 49.320
[2,    60] loss: 36.729
[2,    80] loss: 31.162
[2,   100] loss: 28.136
[2,   120] loss: 25.744
[2,   140] loss: 24.324
[2,   160] loss: 27.018
[2,   180] loss: 29.552
[2,   200] loss: 31.161
[2,   220] loss: 28.732
[2,   240] loss: 27.056
[2,   260] loss: 25.640
[2,   280] loss: 23.917
[2,   300] loss: 22.369
[2,   320] loss: 21.170
[2,   340] loss: 20.364
[2,   360] loss: 19.844
[2,   380] loss: 20.015
[2,   400] loss: 20.033
[2,   420] loss: 19.878
[2,   440] loss: 19.341
[2,   460] loss: 19.013
[2,   480] loss: 18.420
[2,   500] loss: 18.183
[2,   520] loss: 18.277
[2,   540] loss: 17.800
[2,   560] loss: 17.543
[2,   580] loss: 17.290
[2,   600] loss: 16.885
[2,   620] loss: 16.452
[2,   640] loss: 16.273
[2,   660] loss: 16.173
[3,    20] loss: 69.052
[3,    40] loss: 49.320
[3,    60] loss: 36.729
[3,    80] loss: 31.162
[3,   100] loss: 28.136
[3,   120] loss: 25.744
[3,   140] loss: 24.324
[3,   160] loss: 27.018
[3,   180] loss: 29.552
[3,   200] loss: 31.161
[3,   220] loss: 28.732
[3,   240] loss: 27.056
[3,   260] loss: 25.640
[3,   280] loss: 23.917
[3,   300] loss: 22.369
[3,   320] loss: 21.170
[3,   340] loss: 20.364
[3,   360] loss: 19.844
[3,   380] loss: 20.015
[3,   400] loss: 20.033
[3,   420] loss: 19.878
[3,   440] loss: 19.341
[3,   460] loss: 19.013
[3,   480] loss: 18.420
[3,   500] loss: 18.183
[3,   520] loss: 18.277
[3,   540] loss: 17.800
[3,   560] loss: 17.543
[3,   580] loss: 17.290
[3,   600] loss: 16.885
[3,   620] loss: 16.452
[3,   640] loss: 16.273
[3,   660] loss: 16.173
