cuda:  6
color_space: YCbCr
batch_size: 5
num_epcochs: 3
learning_rate: 0.002
[1,    20] loss: 0.183
[1,    40] loss: 0.176
[1,    60] loss: 0.045
[1,    80] loss: 0.134
[1,   100] loss: 0.079
[1,   120] loss: 0.081
[1,   140] loss: 0.097
[1,   160] loss: 0.084
[1,   180] loss: 0.073
[1,   200] loss: 0.081
[1,   220] loss: 0.128
[1,   240] loss: 0.040
[1,   260] loss: 0.076
[1,   280] loss: 0.052
[1,   300] loss: 0.155
[1,   320] loss: 0.053
[1,   340] loss: 0.104
[1,   360] loss: 0.075
[1,   380] loss: 0.079
[1,   400] loss: 0.080
[1,   420] loss: 0.060
[1,   440] loss: 0.078
[1,   460] loss: 0.081
[1,   480] loss: 0.039
[1,   500] loss: 0.086
[1,   520] loss: 0.087
[1,   540] loss: 0.054
[1,   560] loss: 0.092
[1,   580] loss: 0.087
[1,   600] loss: 0.091
[1,   620] loss: 0.083
[1,   640] loss: 0.104
[1,   660] loss: 0.087
[1,   680] loss: 0.058
[1,   700] loss: 0.097
[1,   720] loss: 0.098
[1,   740] loss: 0.053
[1,   760] loss: 0.067
[1,   780] loss: 0.135
[1,   800] loss: 58437333.221
[1,   820] loss: 303214163.647
[1,   840] loss: 575083400.589
[1,   860] loss: 6069461.042
[1,   880] loss: 1153657.485
[1,   900] loss: 231768.499
[1,   920] loss: 47900.643
[1,   940] loss: 10259.151
[1,   960] loss: 3393.022
[1,   980] loss: 2721.333
[1,  1000] loss: 1482.167
[1,  1020] loss: 2256.803
[1,  1040] loss: 2097.545
[1,  1060] loss: 1098.042
[1,  1080] loss: 1324.745
[1,  1100] loss: 1260.556
[1,  1120] loss: 1643.675
[1,  1140] loss: 1191.342
[1,  1160] loss: 936.767
[1,  1180] loss: 1150.507
[1,  1200] loss: 692.240
[1,  1220] loss: 790.365
[1,  1240] loss: 887.694
[1,  1260] loss: 960.484
[1,  1280] loss: 579.526
[1,  1300] loss: 619.475
[1,  1320] loss: 547.912
[1,  1340] loss: 464.109
[1,  1360] loss: 478.902
[1,  1380] loss: 670.928
[1,  1400] loss: 690.541
[1,  1420] loss: 582.337
[1,  1440] loss: 403.985
[1,  1460] loss: 560.220
[1,  1480] loss: 568.156
[1,  1500] loss: 522.072
[1,  1520] loss: 438.321
[1,  1540] loss: 512.130
[1,  1560] loss: 573.479
[1,  1580] loss: 705.305
[1,  1600] loss: 713.455
[1,  1620] loss: 485.217
[1,  1640] loss: 367.007
[1,  1660] loss: 404.414
[1,  1680] loss: 329.812
[1,  1700] loss: 422.622
[1,  1720] loss: 311.602
[1,  1740] loss: 506.762
[1,  1760] loss: 322.095
[1,  1780] loss: 306.031
[1,  1800] loss: 299.442
[1,  1820] loss: 356.966
[1,  1840] loss: 251.987
[1,  1860] loss: 367.074
[1,  1880] loss: 342.234
[1,  1900] loss: 342.187
[1,  1920] loss: 295.816
[1,  1940] loss: 281.504
[1,  1960] loss: 432.805
[1,  1980] loss: 352.628
[1,  2000] loss: 307.615
[1,  2020] loss: 286.872
[1,  2040] loss: 253.941
[1,  2060] loss: 244.394
[1,  2080] loss: 287.667
[1,  2100] loss: 326.015
[1,  2120] loss: 335.392
[1,  2140] loss: 340.522
[1,  2160] loss: 223.536
[1,  2180] loss: 185.745
[1,  2200] loss: 245.383
[1,  2220] loss: 168.102
[1,  2240] loss: 262.101
[1,  2260] loss: 212.516
[1,  2280] loss: 279.461
[1,  2300] loss: 245.310
[1,  2320] loss: 236.890
[1,  2340] loss: 267.192
[1,  2360] loss: 220.071
[1,  2380] loss: 283.598
[1,  2400] loss: 443.742
[1,  2420] loss: 336.370
[1,  2440] loss: 263.900
[1,  2460] loss: 277.239
[1,  2480] loss: 255.876
[1,  2500] loss: 195.062
[1,  2520] loss: 257.366
[1,  2540] loss: 156.407
[1,  2560] loss: 120.608
[1,  2580] loss: 223.216
[1,  2600] loss: 242.512
[1,  2620] loss: 327.719
[1,  2640] loss: 223.516
[1,  2660] loss: 403.848
[1,  2680] loss: 406.232
[1,  2700] loss: 378.952
[1,  2720] loss: 319.076
[1,  2740] loss: 258.118
[1,  2760] loss: 1184.951
[1,  2780] loss: 572.533
[1,  2800] loss: 285.686
[1,  2820] loss: 270.106
[1,  2840] loss: 278.808
[1,  2860] loss: 220.236
[1,  2880] loss: 190.386
[1,  2900] loss: 221.671
[1,  2920] loss: 265.963
[1,  2940] loss: 492.509
[1,  2960] loss: 310.565
[1,  2980] loss: 247.499
[1,  3000] loss: 248.252
[1,  3020] loss: 112.609
[1,  3040] loss: 115.878
[1,  3060] loss: 169.337
[1,  3080] loss: 154.605
[1,  3100] loss: 205.694
[1,  3120] loss: 199.875
[1,  3140] loss: 138.478
[1,  3160] loss: 241.372
[1,  3180] loss: 359.923
[1,  3200] loss: 253.909
[1,  3220] loss: 190.593
[1,  3240] loss: 198.309
[1,  3260] loss: 311.788
[1,  3280] loss: 250.134
[1,  3300] loss: 296.304
[1,  3320] loss: 406.373
[1,  3340] loss: 446.047
[1,  3360] loss: 1086.229
[1,  3380] loss: 533.018
[1,  3400] loss: 189.996
[1,  3420] loss: 302.707
[1,  3440] loss: 476.211
[1,  3460] loss: 508.599
[1,  3480] loss: 311.934
[1,  3500] loss: 528.566
[1,  3520] loss: 324.272
[1,  3540] loss: 336.493
[1,  3560] loss: 277.079
[1,  3580] loss: 224.287
[1,  3600] loss: 440.904
[1,  3620] loss: 821.201
[1,  3640] loss: 880.537
[1,  3660] loss: 1851.869
[1,  3680] loss: 4523.231
[1,  3700] loss: 3678.974
[1,  3720] loss: 1162.918
[1,  3740] loss: 889.534
[1,  3760] loss: 929.561
[1,  3780] loss: 728.613
[1,  3800] loss: 471.816
[1,  3820] loss: 502.544
[1,  3840] loss: 99.974
[1,  3860] loss: 131.365
[1,  3880] loss: 176.122
[1,  3900] loss: 150.969
[1,  3920] loss: 151.056
[1,  3940] loss: 103.918
[1,  3960] loss: 77.851
[1,  3980] loss: 108.680
[1,  4000] loss: 110.193
[1,  4020] loss: 134.862
[1,  4040] loss: 331.174
[1,  4060] loss: 347.055
[1,  4080] loss: 330.898
[1,  4100] loss: 337.266
[1,  4120] loss: 82.204
[1,  4140] loss: 115.921
[1,  4160] loss: 106.514
[1,  4180] loss: 182.931
[1,  4200] loss: 1042.408
[1,  4220] loss: 1491.153
[1,  4240] loss: 609.925
[1,  4260] loss: 359.149
[1,  4280] loss: 778.673
[1,  4300] loss: 1209.214
[1,  4320] loss: 698.855
[1,  4340] loss: 893.446
[1,  4360] loss: 317.869
[1,  4380] loss: 230.081
[1,  4400] loss: 127.333
[1,  4420] loss: 304.885
[1,  4440] loss: 357.009
[1,  4460] loss: 1017.774
[1,  4480] loss: 1989.694
[1,  4500] loss: 1927.974
[1,  4520] loss: 1203.504
[1,  4540] loss: 1432.335
[1,  4560] loss: 1905.629
[1,  4580] loss: 2779.223
[1,  4600] loss: 2277.372
[1,  4620] loss: 3242.875
[1,  4640] loss: 4961.200
[1,  4660] loss: 2488.731
[1,  4680] loss: 3108.189
[1,  4700] loss: 1873.115
[1,  4720] loss: 1443.245
[1,  4740] loss: 668.394
[1,  4760] loss: 1500.378
[1,  4780] loss: 1796.732
[1,  4800] loss: 1438.369
[1,  4820] loss: 9089.441
[1,  4840] loss: 8940.917
[1,  4860] loss: 4898.560
[1,  4880] loss: 3398.452
[1,  4900] loss: 1276.914
[1,  4920] loss: 451.894
[1,  4940] loss: 78.322
[1,  4960] loss: 41.914
[1,  4980] loss: 53.987
[1,  5000] loss: 97.954
[1,  5020] loss: 98.195
[1,  5040] loss: 51.102
[1,  5060] loss: 192.830
[1,  5080] loss: 278.466
[1,  5100] loss: 193.311
[1,  5120] loss: 171.044
[1,  5140] loss: 177.493
[1,  5160] loss: 129.887
[1,  5180] loss: 59.236
[1,  5200] loss: 34.880
[1,  5220] loss: 49.013
[1,  5240] loss: 29.938
[1,  5260] loss: 32.547
[1,  5280] loss: 58.884
[1,  5300] loss: 84.840
[1,  5320] loss: 80.465
[1,  5340] loss: 35.949
[1,  5360] loss: 76.161
[1,  5380] loss: 35.872
[1,  5400] loss: 49.212
[1,  5420] loss: 44.627
[1,  5440] loss: 41.598
[1,  5460] loss: 72.888
[1,  5480] loss: 125.243
[1,  5500] loss: 120.474
[1,  5520] loss: 87.993
[1,  5540] loss: 47.086
[1,  5560] loss: 68.425
[1,  5580] loss: 327.885
[1,  5600] loss: 183.343
[1,  5620] loss: 1650.286
[1,  5640] loss: 666.105
[1,  5660] loss: 161.346
[1,  5680] loss: 56.613
[1,  5700] loss: 230.894
[1,  5720] loss: 703.294
[1,  5740] loss: 926.320
[1,  5760] loss: 1832.672
[1,  5780] loss: 1572.620
[1,  5800] loss: 337.389
[1,  5820] loss: 223.937
[1,  5840] loss: 108.155
[1,  5860] loss: 46.324
[1,  5880] loss: 111.690
[1,  5900] loss: 65.228
[1,  5920] loss: 49.024
[1,  5940] loss: 37.022
[1,  5960] loss: 36.836
[1,  5980] loss: 23.119
[1,  6000] loss: 20.627
[1,  6020] loss: 57.742
[1,  6040] loss: 93.186
[1,  6060] loss: 35.941
[1,  6080] loss: 41.138
[2,    20] loss: 20.349
[2,    40] loss: 42.153
[2,    60] loss: 112.668
[2,    80] loss: 183.799
[2,   100] loss: 651.143
[2,   120] loss: 6715.352
[2,   140] loss: 4087.864
[2,   160] loss: 3061.865
[2,   180] loss: 2410.316
[2,   200] loss: 1744.846
[2,   220] loss: 815.253
[2,   240] loss: 236.200
[2,   260] loss: 694.759
[2,   280] loss: 1319.636
[2,   300] loss: 786.151
[2,   320] loss: 728.447
[2,   340] loss: 279.862
[2,   360] loss: 198.591
[2,   380] loss: 108.237
[2,   400] loss: 762.178
[2,   420] loss: 1000.453
[2,   440] loss: 449.683
[2,   460] loss: 145.544
[2,   480] loss: 128.424
[2,   500] loss: 52.595
[2,   520] loss: 29.986
[2,   540] loss: 21.236
[2,   560] loss: 18.990
[2,   580] loss: 45.083
[2,   600] loss: 28.098
[2,   620] loss: 38.184
[2,   640] loss: 59.504
[2,   660] loss: 101.342
[2,   680] loss: 245.064
[2,   700] loss: 688.149
[2,   720] loss: 1499.536
[2,   740] loss: 1026.695
[2,   760] loss: 767.736
[2,   780] loss: 2196.673
[2,   800] loss: 1939.906
[2,   820] loss: 2025.694
[2,   840] loss: 4574.539
[2,   860] loss: 5823.414
[2,   880] loss: 3685.766
[2,   900] loss: 530.631
[2,   920] loss: 258.284
[2,   940] loss: 141.420
[2,   960] loss: 155.533
[2,   980] loss: 122.027
[2,  1000] loss: 58.788
[2,  1020] loss: 131.178
[2,  1040] loss: 209.010
[2,  1060] loss: 202.973
[2,  1080] loss: 113.439
[2,  1100] loss: 31.736
[2,  1120] loss: 11.353
[2,  1140] loss: 27.053
[2,  1160] loss: 32.884
[2,  1180] loss: 32.880
[2,  1200] loss: 42.595
[2,  1220] loss: 85.041
[2,  1240] loss: 19.679
[2,  1260] loss: 18.983
[2,  1280] loss: 23.793
[2,  1300] loss: 13.647
[2,  1320] loss: 13.491
[2,  1340] loss: 9.627
[2,  1360] loss: 7.404
[2,  1380] loss: 6.966
[2,  1400] loss: 15.709
[2,  1420] loss: 12.738
[2,  1440] loss: 22.781
[2,  1460] loss: 67.261
[2,  1480] loss: 29.736
[2,  1500] loss: 13.849
[2,  1520] loss: 10.026
[2,  1540] loss: 27.528
[2,  1560] loss: 33.936
[2,  1580] loss: 20.155
[2,  1600] loss: 34.243
[2,  1620] loss: 87.399
[2,  1640] loss: 123.305
[2,  1660] loss: 49.744
[2,  1680] loss: 61.935
[2,  1700] loss: 84.581
[2,  1720] loss: 13.850
[2,  1740] loss: 23.123
[2,  1760] loss: 34.878
[2,  1780] loss: 31.639
[2,  1800] loss: 42.747
[2,  1820] loss: 179.619
[2,  1840] loss: 1004.716
[2,  1860] loss: 2460.916
[2,  1880] loss: 2466.207
[2,  1900] loss: 2049.947
[2,  1920] loss: 3269.404
[2,  1940] loss: 2503.161
[2,  1960] loss: 2951.858
[2,  1980] loss: 1724.803
[2,  2000] loss: 2903.998
[2,  2020] loss: 626.676
[2,  2040] loss: 283.716
[2,  2060] loss: 58.376
[2,  2080] loss: 185.396
[2,  2100] loss: 110.316
[2,  2120] loss: 62.319
[2,  2140] loss: 30.682
[2,  2160] loss: 13.203
[2,  2180] loss: 19.619
[2,  2200] loss: 19.249
[2,  2220] loss: 14.492
[2,  2240] loss: 9.930
[2,  2260] loss: 9.194
[2,  2280] loss: 7.083
[2,  2300] loss: 6.513
[2,  2320] loss: 8.163
[2,  2340] loss: 5.674
[2,  2360] loss: 10.374
[2,  2380] loss: 6.879
[2,  2400] loss: 5.049
[2,  2420] loss: 5.877
[2,  2440] loss: 7.460
[2,  2460] loss: 7.019
[2,  2480] loss: 10.401
[2,  2500] loss: 6.885
[2,  2520] loss: 4.494
[2,  2540] loss: 6.243
[2,  2560] loss: 4.811
[2,  2580] loss: 7.637
[2,  2600] loss: 8.443
[2,  2620] loss: 8.018
[2,  2640] loss: 8.929
[2,  2660] loss: 8.087
[2,  2680] loss: 11.603
[2,  2700] loss: 14.870
[2,  2720] loss: 14.619
[2,  2740] loss: 14.222
[2,  2760] loss: 25.518
[2,  2780] loss: 47.142
[2,  2800] loss: 22.162
[2,  2820] loss: 7.774
[2,  2840] loss: 4.526
[2,  2860] loss: 20.326
[2,  2880] loss: 39.969
[2,  2900] loss: 36.913
[2,  2920] loss: 25.966
[2,  2940] loss: 25.030
[2,  2960] loss: 10.165
[2,  2980] loss: 5.702
[2,  3000] loss: 6.178
[2,  3020] loss: 6.329
[2,  3040] loss: 10.022
[2,  3060] loss: 6.214
[2,  3080] loss: 5.582
[2,  3100] loss: 4.748
[2,  3120] loss: 5.771
[2,  3140] loss: 4.604
[2,  3160] loss: 13.403
[2,  3180] loss: 10.591
[2,  3200] loss: 4.215
[2,  3220] loss: 4.832
[2,  3240] loss: 11.868
[2,  3260] loss: 20.006
[2,  3280] loss: 20.857
[2,  3300] loss: 5.023
[2,  3320] loss: 12.405
[2,  3340] loss: 20.548
[2,  3360] loss: 21.393
[2,  3380] loss: 19.342
[2,  3400] loss: 42.006
[2,  3420] loss: 27.056
[2,  3440] loss: 18.788
[2,  3460] loss: 12.001
[2,  3480] loss: 7.964
[2,  3500] loss: 20.457
[2,  3520] loss: 43.899
[2,  3540] loss: 158.264
[2,  3560] loss: 114.515
[2,  3580] loss: 298.379
[2,  3600] loss: 352.285
[2,  3620] loss: 194.960
[2,  3640] loss: 79.936
[2,  3660] loss: 41.977
[2,  3680] loss: 32.292
[2,  3700] loss: 51.159
[2,  3720] loss: 67.111
[2,  3740] loss: 32.309
[2,  3760] loss: 22.611
[2,  3780] loss: 10.937
[2,  3800] loss: 19.034
[2,  3820] loss: 27.308
[2,  3840] loss: 30.334
[2,  3860] loss: 23.836
[2,  3880] loss: 11.788
[2,  3900] loss: 13.149
[2,  3920] loss: 20.642
[2,  3940] loss: 19.102
[2,  3960] loss: 25.578
[2,  3980] loss: 16.257
[2,  4000] loss: 26.782
[2,  4020] loss: 27.324
[2,  4040] loss: 64.581
[2,  4060] loss: 114.091
[2,  4080] loss: 379.763
[2,  4100] loss: 413.845
[2,  4120] loss: 371.064
[2,  4140] loss: 889.724
[2,  4160] loss: 574.227
[2,  4180] loss: 270.222
[2,  4200] loss: 82.447
[2,  4220] loss: 28.238
[2,  4240] loss: 58.284
[2,  4260] loss: 29.171
[2,  4280] loss: 17.320
[2,  4300] loss: 23.211
[2,  4320] loss: 11.947
[2,  4340] loss: 8.930
[2,  4360] loss: 8.797
[2,  4380] loss: 5.468
[2,  4400] loss: 11.177
[2,  4420] loss: 5.068
[2,  4440] loss: 4.803
[2,  4460] loss: 13.119
[2,  4480] loss: 8.472
[2,  4500] loss: 10.536
[2,  4520] loss: 9.615
[2,  4540] loss: 13.245
[2,  4560] loss: 34.050
[2,  4580] loss: 16.017
[2,  4600] loss: 19.878
[2,  4620] loss: 25.908
[2,  4640] loss: 29.591
[2,  4660] loss: 83.948
[2,  4680] loss: 52.028
[2,  4700] loss: 92.739
[2,  4720] loss: 109.469
[2,  4740] loss: 92.578
[2,  4760] loss: 73.469
[2,  4780] loss: 160.667
[2,  4800] loss: 2687.037
[2,  4820] loss: 4310010061.272
[2,  4840] loss: 25913796400.800
[2,  4860] loss: 81544056754.600
[2,  4880] loss: 163801731104.000
[2,  4900] loss: 107162916147.200
[2,  4920] loss: 3501716104.800
[2,  4940] loss: 790644175.200
[2,  4960] loss: 131241093.000
[2,  4980] loss: 62767805.600
[2,  5000] loss: 40277125.450
[2,  5020] loss: 28054665.887
[2,  5040] loss: 21125814.887
[2,  5060] loss: 13444409.025
[2,  5080] loss: 16465975.867
[2,  5100] loss: 18638669.337
[2,  5120] loss: 14173934.094
[2,  5140] loss: 7861872.888
[2,  5160] loss: 10808218.988
[2,  5180] loss: 6827052.719
[2,  5200] loss: 6865527.850
[2,  5220] loss: 8074295.175
[2,  5240] loss: 6916948.119
[2,  5260] loss: 4894514.556
[2,  5280] loss: 6294986.266
[2,  5300] loss: 4970495.569
[2,  5320] loss: 4747320.556
[2,  5340] loss: 4460231.900
[2,  5360] loss: 4646991.037
[2,  5380] loss: 4190934.428
[2,  5400] loss: 3229627.066
[2,  5420] loss: 2999845.225
[2,  5440] loss: 3285741.327
[2,  5460] loss: 3583737.737
[2,  5480] loss: 3184138.966
[2,  5500] loss: 3038302.916
[2,  5520] loss: 2561381.759
[2,  5540] loss: 2978537.126
[2,  5560] loss: 2896423.220
[2,  5580] loss: 2137339.209
[2,  5600] loss: 2162503.556
[2,  5620] loss: 2431673.388
[2,  5640] loss: 2013930.812
[2,  5660] loss: 2286556.678
[2,  5680] loss: 2459670.272
[2,  5700] loss: 2279914.055
[2,  5720] loss: 2020444.744
[2,  5740] loss: 2222074.055
[2,  5760] loss: 2368227.623
[2,  5780] loss: 1945113.575
[2,  5800] loss: 2229520.212
[2,  5820] loss: 2397949.094
[2,  5840] loss: 1650333.048
[2,  5860] loss: 2111251.073
[2,  5880] loss: 2642327.984
[2,  5900] loss: 2492991.154
[2,  5920] loss: 1921688.525
[2,  5940] loss: 2117639.650
[2,  5960] loss: 1286563.041
[2,  5980] loss: 1463858.472
[2,  6000] loss: 1676800.986
[2,  6020] loss: 1576640.869
[2,  6040] loss: 1375172.575
[2,  6060] loss: 1663800.475
[2,  6080] loss: 1676096.261
[3,    20] loss: 1533522.898
[3,    40] loss: 1650770.028
[3,    60] loss: 1679010.159
[3,    80] loss: 1463984.598
[3,   100] loss: 1644336.375
[3,   120] loss: 1414104.334
[3,   140] loss: 1419479.035
[3,   160] loss: 1535608.391
[3,   180] loss: 848173.190
[3,   200] loss: 1236309.559
[3,   220] loss: 1533493.716
[3,   240] loss: 1624960.413
[3,   260] loss: 934382.814
[3,   280] loss: 1138173.000
[3,   300] loss: 1413453.558
[3,   320] loss: 1188630.270
[3,   340] loss: 1393199.094
[3,   360] loss: 965166.418
[3,   380] loss: 1130352.662
[3,   400] loss: 1095044.847
[3,   420] loss: 1227832.091
[3,   440] loss: 1042529.277
[3,   460] loss: 1235473.262
[3,   480] loss: 751773.927
[3,   500] loss: 1003788.424
[3,   520] loss: 1034962.866
[3,   540] loss: 1095437.616
[3,   560] loss: 1550159.771
[3,   580] loss: 682311.629
[3,   600] loss: 1223585.420
[3,   620] loss: 724216.716
[3,   640] loss: 1073656.078
[3,   660] loss: 967070.241
[3,   680] loss: 905349.618
[3,   700] loss: 949346.727
[3,   720] loss: 800428.773
[3,   740] loss: 1038695.463
[3,   760] loss: 845622.930
[3,   780] loss: 1009217.399
[3,   800] loss: 614109.402
[3,   820] loss: 670540.355
[3,   840] loss: 726255.598
[3,   860] loss: 986678.065
[3,   880] loss: 1106558.609
[3,   900] loss: 706540.700
[3,   920] loss: 600913.140
[3,   940] loss: 858040.452
[3,   960] loss: 759752.799
[3,   980] loss: 667444.682
[3,  1000] loss: 995979.677
[3,  1020] loss: 416639.398
[3,  1040] loss: 737668.293
[3,  1060] loss: 779038.260
[3,  1080] loss: 1044704.977
[3,  1100] loss: 624407.282
[3,  1120] loss: 587308.712
[3,  1140] loss: 579137.523
[3,  1160] loss: 613633.313
[3,  1180] loss: 517196.637
[3,  1200] loss: 419116.999
[3,  1220] loss: 462865.550
[3,  1240] loss: 601089.327
[3,  1260] loss: 570903.901
[3,  1280] loss: 415392.862
[3,  1300] loss: 521479.722
[3,  1320] loss: 667056.607
[3,  1340] loss: 504925.375
[3,  1360] loss: 482415.555
[3,  1380] loss: 495332.327
[3,  1400] loss: 634859.280
[3,  1420] loss: 555463.697
[3,  1440] loss: 698480.204
[3,  1460] loss: 410784.956
[3,  1480] loss: 515108.677
[3,  1500] loss: 584509.725
[3,  1520] loss: 466266.310
[3,  1540] loss: 402934.556
[3,  1560] loss: 513195.196
[3,  1580] loss: 578007.157
[3,  1600] loss: 448639.233
[3,  1620] loss: 531804.150
[3,  1640] loss: 357857.452
[3,  1660] loss: 387505.924
[3,  1680] loss: 551464.982
[3,  1700] loss: 430127.145
[3,  1720] loss: 545017.156
[3,  1740] loss: 462033.331
[3,  1760] loss: 454837.183
[3,  1780] loss: 657934.664
[3,  1800] loss: 352302.653
[3,  1820] loss: 508877.422
[3,  1840] loss: 442826.670
[3,  1860] loss: 374716.987
[3,  1880] loss: 260648.558
[3,  1900] loss: 350073.784
[3,  1920] loss: 295889.100
[3,  1940] loss: 459773.955
[3,  1960] loss: 288268.336
[3,  1980] loss: 266230.165
[3,  2000] loss: 350137.109
[3,  2020] loss: 363991.524
[3,  2040] loss: 497147.591
[3,  2060] loss: 336850.043
[3,  2080] loss: 365094.103
[3,  2100] loss: 262004.721
[3,  2120] loss: 297329.998
[3,  2140] loss: 262388.231
[3,  2160] loss: 268646.092
[3,  2180] loss: 266391.571
[3,  2200] loss: 303161.693
[3,  2220] loss: 431597.508
[3,  2240] loss: 316030.007
[3,  2260] loss: 298200.993
[3,  2280] loss: 413037.871
[3,  2300] loss: 288145.317
[3,  2320] loss: 312621.534
[3,  2340] loss: 270504.503
[3,  2360] loss: 332277.631
[3,  2380] loss: 297772.453
[3,  2400] loss: 354694.288
[3,  2420] loss: 323927.387
[3,  2440] loss: 177249.383
[3,  2460] loss: 356760.692
[3,  2480] loss: 176010.064
[3,  2500] loss: 356600.307
[3,  2520] loss: 237351.827
[3,  2540] loss: 285300.318
[3,  2560] loss: 248883.478
[3,  2580] loss: 183901.840
[3,  2600] loss: 272290.150
[3,  2620] loss: 318667.990
[3,  2640] loss: 199942.086
[3,  2660] loss: 184855.749
[3,  2680] loss: 249482.129
[3,  2700] loss: 270665.731
[3,  2720] loss: 284465.927
[3,  2740] loss: 359905.251
[3,  2760] loss: 253988.167
[3,  2780] loss: 305582.113
[3,  2800] loss: 425621.152
[3,  2820] loss: 254629.245
[3,  2840] loss: 252075.777
[3,  2860] loss: 242068.043
[3,  2880] loss: 252605.884
[3,  2900] loss: 211350.313
[3,  2920] loss: 173680.285
[3,  2940] loss: 249397.382
[3,  2960] loss: 203360.692
[3,  2980] loss: 245360.248
[3,  3000] loss: 222209.338
[3,  3020] loss: 208386.206
[3,  3040] loss: 172103.072
[3,  3060] loss: 221316.220
[3,  3080] loss: 269894.845
[3,  3100] loss: 215707.834
[3,  3120] loss: 210351.230
[3,  3140] loss: 238372.153
[3,  3160] loss: 202525.057
[3,  3180] loss: 301849.746
[3,  3200] loss: 240415.745
[3,  3220] loss: 236640.153
[3,  3240] loss: 311687.516
[3,  3260] loss: 185297.029
[3,  3280] loss: 196488.264
[3,  3300] loss: 245992.356
[3,  3320] loss: 166660.955
[3,  3340] loss: 236489.636
[3,  3360] loss: 386054.487
[3,  3380] loss: 404506.600
[3,  3400] loss: 146841.835
[3,  3420] loss: 196274.383
[3,  3440] loss: 162897.947
[3,  3460] loss: 119814.734
[3,  3480] loss: 159590.187
[3,  3500] loss: 144570.617
[3,  3520] loss: 137145.579
[3,  3540] loss: 133971.987
[3,  3560] loss: 113957.865
[3,  3580] loss: 154083.666
[3,  3600] loss: 146383.218
[3,  3620] loss: 171861.203
[3,  3640] loss: 112179.022
[3,  3660] loss: 141274.737
[3,  3680] loss: 161594.618
[3,  3700] loss: 178944.748
[3,  3720] loss: 433965.690
[3,  3740] loss: 147666.381
[3,  3760] loss: 169552.765
[3,  3780] loss: 94539.860
[3,  3800] loss: 319145.333
[3,  3820] loss: 230646.148
[3,  3840] loss: 109086.652
[3,  3860] loss: 139592.286
[3,  3880] loss: 179365.519
[3,  3900] loss: 111000.744
[3,  3920] loss: 103586.469
[3,  3940] loss: 92753.170
[3,  3960] loss: 199555.019
[3,  3980] loss: 123069.006
[3,  4000] loss: 95389.900
[3,  4020] loss: 153427.141
[3,  4040] loss: 104155.328
[3,  4060] loss: 122195.649
[3,  4080] loss: 275887.697
[3,  4100] loss: 459021.495
[3,  4120] loss: 196046.847
[3,  4140] loss: 138671.874
[3,  4160] loss: 123389.898
[3,  4180] loss: 136648.086
[3,  4200] loss: 135324.869
[3,  4220] loss: 146169.833
[3,  4240] loss: 85187.561
[3,  4260] loss: 99389.034
[3,  4280] loss: 144803.017
[3,  4300] loss: 177957.914
[3,  4320] loss: 174835.213
[3,  4340] loss: 150542.527
[3,  4360] loss: 188099.132
[3,  4380] loss: 122274.509
[3,  4400] loss: 105164.779
[3,  4420] loss: 93353.018
[3,  4440] loss: 100300.546
[3,  4460] loss: 296812.790
[3,  4480] loss: 170412.181
[3,  4500] loss: 101081.496
[3,  4520] loss: 175606.201
[3,  4540] loss: 116355.652
[3,  4560] loss: 116371.604
[3,  4580] loss: 198225.887
[3,  4600] loss: 164441.919
[3,  4620] loss: 247742.891
[3,  4640] loss: 191418.246
[3,  4660] loss: 105461.740
[3,  4680] loss: 176710.459
[3,  4700] loss: 105371.303
[3,  4720] loss: 74595.068
[3,  4740] loss: 53012.475
[3,  4760] loss: 104186.770
[3,  4780] loss: 121516.999
[3,  4800] loss: 98490.214
[3,  4820] loss: 85514.772
[3,  4840] loss: 103938.863
[3,  4860] loss: 222144.116
[3,  4880] loss: 73721.518
[3,  4900] loss: 42789.564
[3,  4920] loss: 40021.087
[3,  4940] loss: 141248.852
[3,  4960] loss: 64473.534
[3,  4980] loss: 55115.727
[3,  5000] loss: 81041.801
[3,  5020] loss: 70977.737
[3,  5040] loss: 78771.886
[3,  5060] loss: 56304.384
[3,  5080] loss: 85797.357
[3,  5100] loss: 380189.723
[3,  5120] loss: 516976.055
[3,  5140] loss: 412218.513
[3,  5160] loss: 86722.880
[3,  5180] loss: 71726.732
[3,  5200] loss: 42203.829
[3,  5220] loss: 41430.100
[3,  5240] loss: 59739.509
[3,  5260] loss: 63970.025
[3,  5280] loss: 42863.792
[3,  5300] loss: 52192.680
[3,  5320] loss: 64626.697
[3,  5340] loss: 56038.272
[3,  5360] loss: 64589.850
[3,  5380] loss: 69046.804
[3,  5400] loss: 57362.862
[3,  5420] loss: 55146.566
[3,  5440] loss: 159364.354
[3,  5460] loss: 145105.350
[3,  5480] loss: 106763.732
[3,  5500] loss: 48715.209
[3,  5520] loss: 70927.622
[3,  5540] loss: 54588.792
[3,  5560] loss: 34874.735
[3,  5580] loss: 51030.666
[3,  5600] loss: 28423.541
[3,  5620] loss: 81438.687
[3,  5640] loss: 68927.457
[3,  5660] loss: 46601.588
[3,  5680] loss: 44614.423
[3,  5700] loss: 49533.205
[3,  5720] loss: 73023.162
[3,  5740] loss: 45087.570
[3,  5760] loss: 82170.224
[3,  5780] loss: 36729.798
[3,  5800] loss: 50023.869
[3,  5820] loss: 182501.743
[3,  5840] loss: 1143941.888
[3,  5860] loss: 962461.956
[3,  5880] loss: 395924.364
[3,  5900] loss: 56026.836
[3,  5920] loss: 46599.070
[3,  5940] loss: 51037.865
[3,  5960] loss: 102310.413
[3,  5980] loss: 61126.774
[3,  6000] loss: 75753.390
[3,  6020] loss: 362709.190
[3,  6040] loss: 52093.156
[3,  6060] loss: 29565.440
[3,  6080] loss: 38025.226
[1,    20] loss: 222924.022
[1,    40] loss: 191775.019
[1,    60] loss: 144932.359
[1,    80] loss: 128266.408
[1,   100] loss: 105757.540
[1,   120] loss: 94079.702
[1,   140] loss: 85410.997
[1,   160] loss: 77245.096
[1,   180] loss: 70610.319
[1,   200] loss: 68851.730
[1,   220] loss: 65804.071
[1,   240] loss: 62710.526
[1,   260] loss: 62706.486
[1,   280] loss: 61315.814
[1,   300] loss: 61744.878
[1,   320] loss: 59756.068
[1,   340] loss: 57525.456
[1,   360] loss: 56303.715
[1,   380] loss: 54028.164
[1,   400] loss: 51914.002
[1,   420] loss: 49866.435
[1,   440] loss: 49065.459
[1,   460] loss: 47341.547
[1,   480] loss: 46758.186
[1,   500] loss: 46337.058
[1,   520] loss: 45389.941
[1,   540] loss: 43997.370
[1,   560] loss: 42560.291
[1,   580] loss: 41890.399
[1,   600] loss: 40984.893
[1,   620] loss: 40046.718
[1,   640] loss: 39236.517
[1,   660] loss: 38296.642
[2,    20] loss: 222924.022
[2,    40] loss: 191775.019
[2,    60] loss: 144932.359
[2,    80] loss: 128266.408
[2,   100] loss: 105757.540
[2,   120] loss: 94079.702
[2,   140] loss: 85410.997
[2,   160] loss: 77245.096
[2,   180] loss: 70610.319
[2,   200] loss: 68851.730
[2,   220] loss: 65804.071
[2,   240] loss: 62710.526
[2,   260] loss: 62706.486
[2,   280] loss: 61315.814
[2,   300] loss: 61744.878
[2,   320] loss: 59756.068
[2,   340] loss: 57525.456
[2,   360] loss: 56303.715
[2,   380] loss: 54028.164
[2,   400] loss: 51914.002
[2,   420] loss: 49866.435
[2,   440] loss: 49065.459
[2,   460] loss: 47341.547
[2,   480] loss: 46758.186
[2,   500] loss: 46337.058
[2,   520] loss: 45389.941
[2,   540] loss: 43997.370
[2,   560] loss: 42560.291
[2,   580] loss: 41890.399
[2,   600] loss: 40984.893
[2,   620] loss: 40046.718
[2,   640] loss: 39236.517
[2,   660] loss: 38296.642
[3,    20] loss: 222924.022
[3,    40] loss: 191775.019
[3,    60] loss: 144932.359
[3,    80] loss: 128266.408
[3,   100] loss: 105757.540
[3,   120] loss: 94079.702
[3,   140] loss: 85410.997
[3,   160] loss: 77245.096
[3,   180] loss: 70610.319
[3,   200] loss: 68851.730
[3,   220] loss: 65804.071
[3,   240] loss: 62710.526
[3,   260] loss: 62706.486
[3,   280] loss: 61315.814
[3,   300] loss: 61744.878
[3,   320] loss: 59756.068
[3,   340] loss: 57525.456
[3,   360] loss: 56303.715
[3,   380] loss: 54028.164
[3,   400] loss: 51914.002
[3,   420] loss: 49866.435
[3,   440] loss: 49065.459
[3,   460] loss: 47341.547
[3,   480] loss: 46758.186
[3,   500] loss: 46337.058
[3,   520] loss: 45389.941
[3,   540] loss: 43997.370
[3,   560] loss: 42560.291
[3,   580] loss: 41890.399
[3,   600] loss: 40984.893
[3,   620] loss: 40046.718
[3,   640] loss: 39236.517
[3,   660] loss: 38296.642
