cuda:  5
color_space: YCbCr
batch_size: 5
num_epcochs: 3
learning_rate: 0.002
[1,    20] loss: 2.438
[1,    40] loss: 1.059
[1,    60] loss: 0.193
[1,    80] loss: 0.110
[1,   100] loss: 0.128
[1,   120] loss: 0.081
[1,   140] loss: 0.102
[1,   160] loss: 0.073
[1,   180] loss: 0.119
[1,   200] loss: 0.077
[1,   220] loss: 0.096
[1,   240] loss: 0.124
[1,   260] loss: 0.078
[1,   280] loss: 0.059
[1,   300] loss: 0.114
[1,   320] loss: 0.073
[1,   340] loss: 0.071
[1,   360] loss: 0.103
[1,   380] loss: 0.062
[1,   400] loss: 0.064
[1,   420] loss: 0.042
[1,   440] loss: 0.072
[1,   460] loss: 0.102
[1,   480] loss: 0.064
[1,   500] loss: 0.090
[1,   520] loss: 0.109
[1,   540] loss: 0.059
[1,   560] loss: 0.076
[1,   580] loss: 0.055
[1,   600] loss: 0.051
[1,   620] loss: 0.045
[1,   640] loss: 0.065
[1,   660] loss: 0.075
[1,   680] loss: 0.066
[1,   700] loss: 0.050
[1,   720] loss: 0.043
[1,   740] loss: 0.066
[1,   760] loss: 0.067
[1,   780] loss: 0.038
[1,   800] loss: 0.077
[1,   820] loss: 0.035
[1,   840] loss: 0.114
[1,   860] loss: 0.102
[1,   880] loss: 0.082
[1,   900] loss: 0.051
[1,   920] loss: 0.089
[1,   940] loss: 0.030
[1,   960] loss: 0.074
[1,   980] loss: 0.049
[1,  1000] loss: 0.089
[1,  1020] loss: 0.141
[1,  1040] loss: 0.088
[1,  1060] loss: 0.077
[1,  1080] loss: 0.050
[1,  1100] loss: 0.081
[1,  1120] loss: 0.093
[1,  1140] loss: 0.065
[1,  1160] loss: 0.106
[1,  1180] loss: 0.069
[1,  1200] loss: 0.050
[1,  1220] loss: 0.085
[1,  1240] loss: 0.049
[1,  1260] loss: 0.082
[1,  1280] loss: 0.077
[1,  1300] loss: 0.087
[1,  1320] loss: 0.064
[1,  1340] loss: 0.096
[1,  1360] loss: 0.074
[1,  1380] loss: 0.048
[1,  1400] loss: 0.084
[1,  1420] loss: 0.056
[1,  1440] loss: 0.027
[1,  1460] loss: 0.049
[1,  1480] loss: 0.103
[1,  1500] loss: 0.067
[1,  1520] loss: 0.065
[1,  1540] loss: 0.048
[1,  1560] loss: 0.048
[1,  1580] loss: 0.047
[1,  1600] loss: 0.041
[1,  1620] loss: 0.079
[1,  1640] loss: 0.052
[1,  1660] loss: 0.053
[1,  1680] loss: 0.086
[1,  1700] loss: 0.059
[1,  1720] loss: 0.058
[1,  1740] loss: 0.052
[1,  1760] loss: 0.035
[1,  1780] loss: 0.089
[1,  1800] loss: 0.061
[1,  1820] loss: 0.046
[1,  1840] loss: 0.039
[1,  1860] loss: 0.107
[1,  1880] loss: 0.038
[1,  1900] loss: 0.073
[1,  1920] loss: 0.036
[1,  1940] loss: 0.048
[1,  1960] loss: 0.073
[1,  1980] loss: 0.038
[1,  2000] loss: 0.052
[1,  2020] loss: 0.028
[1,  2040] loss: 0.123
[1,  2060] loss: 0.102
[1,  2080] loss: 0.074
[1,  2100] loss: 0.128
[1,  2120] loss: 0.054
[1,  2140] loss: 0.049
[1,  2160] loss: 0.123
[1,  2180] loss: 0.093
[1,  2200] loss: 0.058
[1,  2220] loss: 0.088
[1,  2240] loss: 0.086
[1,  2260] loss: 0.066
[1,  2280] loss: 0.083
[1,  2300] loss: 0.111
[1,  2320] loss: 0.138
[1,  2340] loss: 0.100
[1,  2360] loss: 0.070
[1,  2380] loss: 0.105
[1,  2400] loss: 0.072
[1,  2420] loss: 0.045
[1,  2440] loss: 0.066
[1,  2460] loss: 0.053
[1,  2480] loss: 0.075
[1,  2500] loss: 0.087
[1,  2520] loss: 0.053
[1,  2540] loss: 0.043
[1,  2560] loss: 0.030
[1,  2580] loss: 0.105
[1,  2600] loss: 0.046
[1,  2620] loss: 0.035
[1,  2640] loss: 0.036
[1,  2660] loss: 0.115
[1,  2680] loss: 0.077
[1,  2700] loss: 0.059
[1,  2720] loss: 0.038
[1,  2740] loss: 0.065
[1,  2760] loss: 0.078
[1,  2780] loss: 0.096
[1,  2800] loss: 0.067
[1,  2820] loss: 0.132
[1,  2840] loss: 0.058
[1,  2860] loss: 0.036
[1,  2880] loss: 0.041
[1,  2900] loss: 0.029
[1,  2920] loss: 0.038
[1,  2940] loss: 0.060
[1,  2960] loss: 0.062
[1,  2980] loss: 0.198
[1,  3000] loss: 0.078
[1,  3020] loss: 0.097
[1,  3040] loss: 0.093
[1,  3060] loss: 0.043
[1,  3080] loss: 0.096
[1,  3100] loss: 0.053
[1,  3120] loss: 0.052
[1,  3140] loss: 0.038
[1,  3160] loss: 0.046
[1,  3180] loss: 0.064
[1,  3200] loss: 0.062
[1,  3220] loss: 0.058
[1,  3240] loss: 0.052
[1,  3260] loss: 0.047
[1,  3280] loss: 0.026
[1,  3300] loss: 0.037
[1,  3320] loss: 0.043
[1,  3340] loss: 0.032
[1,  3360] loss: 0.098
[1,  3380] loss: 0.081
[1,  3400] loss: 0.064
[1,  3420] loss: 0.061
[1,  3440] loss: 0.047
[1,  3460] loss: 0.124
[1,  3480] loss: 0.095
[1,  3500] loss: 0.067
[1,  3520] loss: 0.113
[1,  3540] loss: 0.070
[1,  3560] loss: 0.151
[1,  3580] loss: 0.109
[1,  3600] loss: 0.059
[1,  3620] loss: 0.052
[1,  3640] loss: 0.133
[1,  3660] loss: 0.091
[1,  3680] loss: 0.097
[1,  3700] loss: 0.130
[1,  3720] loss: 0.111
[1,  3740] loss: 0.091
[1,  3760] loss: 0.122
[1,  3780] loss: 0.083
[1,  3800] loss: 0.101
[1,  3820] loss: 0.095
[1,  3840] loss: 0.055
[1,  3860] loss: 0.114
[1,  3880] loss: 0.088
[1,  3900] loss: 0.083
[1,  3920] loss: 0.079
[1,  3940] loss: 0.062
[1,  3960] loss: 0.077
[1,  3980] loss: 0.149
[1,  4000] loss: 50233393.286
[1,  4020] loss: 1594331879.362
[1,  4040] loss: 357608519.550
[1,  4060] loss: 7375657.580
[1,  4080] loss: 554251.498
[1,  4100] loss: 110647.434
[1,  4120] loss: 9969.978
[1,  4140] loss: 1579.846
[1,  4160] loss: 1031.967
[1,  4180] loss: 1116.568
[1,  4200] loss: 1028.109
[1,  4220] loss: 1348.058
[1,  4240] loss: 1160.443
[1,  4260] loss: 1114.163
[1,  4280] loss: 943.095
[1,  4300] loss: 1012.959
[1,  4320] loss: 961.856
[1,  4340] loss: 983.012
[1,  4360] loss: 824.642
[1,  4380] loss: 774.776
[1,  4400] loss: 841.337
[1,  4420] loss: 653.153
[1,  4440] loss: 936.904
[1,  4460] loss: 915.959
[1,  4480] loss: 1025.107
[1,  4500] loss: 1008.119
[1,  4520] loss: 883.791
[1,  4540] loss: 864.922
[1,  4560] loss: 735.054
[1,  4580] loss: 876.089
[1,  4600] loss: 899.059
[1,  4620] loss: 833.100
[1,  4640] loss: 819.678
[1,  4660] loss: 481.874
[1,  4680] loss: 615.934
[1,  4700] loss: 651.287
[1,  4720] loss: 585.415
[1,  4740] loss: 730.678
[1,  4760] loss: 633.299
[1,  4780] loss: 710.771
[1,  4800] loss: 527.153
[1,  4820] loss: 683.029
[1,  4840] loss: 755.428
[1,  4860] loss: 552.598
[1,  4880] loss: 777.839
[1,  4900] loss: 653.601
[1,  4920] loss: 594.678
[1,  4940] loss: 666.948
[1,  4960] loss: 705.515
[1,  4980] loss: 672.741
[1,  5000] loss: 677.767
[1,  5020] loss: 562.260
[1,  5040] loss: 606.900
[1,  5060] loss: 450.378
[1,  5080] loss: 444.271
[1,  5100] loss: 598.916
[1,  5120] loss: 546.304
[1,  5140] loss: 582.865
[1,  5160] loss: 585.296
[1,  5180] loss: 477.011
[1,  5200] loss: 510.474
[1,  5220] loss: 528.190
[1,  5240] loss: 607.152
[1,  5260] loss: 470.625
[1,  5280] loss: 574.003
[1,  5300] loss: 588.282
[1,  5320] loss: 561.992
[1,  5340] loss: 400.565
[1,  5360] loss: 515.440
[1,  5380] loss: 523.850
[1,  5400] loss: 465.640
[1,  5420] loss: 573.549
[1,  5440] loss: 555.316
[1,  5460] loss: 383.513
[1,  5480] loss: 422.193
[1,  5500] loss: 457.382
[1,  5520] loss: 517.305
[1,  5540] loss: 349.525
[1,  5560] loss: 325.884
[1,  5580] loss: 364.568
[1,  5600] loss: 427.898
[1,  5620] loss: 555.141
[1,  5640] loss: 455.901
[1,  5660] loss: 451.765
[1,  5680] loss: 298.640
[1,  5700] loss: 334.458
[1,  5720] loss: 342.541
[1,  5740] loss: 321.615
[1,  5760] loss: 324.086
[1,  5780] loss: 490.098
[1,  5800] loss: 357.830
[1,  5820] loss: 334.510
[1,  5840] loss: 317.030
[1,  5860] loss: 391.765
[1,  5880] loss: 317.714
[1,  5900] loss: 401.513
[1,  5920] loss: 419.810
[1,  5940] loss: 456.989
[1,  5960] loss: 450.747
[1,  5980] loss: 345.264
[1,  6000] loss: 365.889
[1,  6020] loss: 308.235
[1,  6040] loss: 258.796
[1,  6060] loss: 295.518
[1,  6080] loss: 271.128
[2,    20] loss: 346.677
[2,    40] loss: 232.510
[2,    60] loss: 262.852
[2,    80] loss: 218.806
[2,   100] loss: 421.119
[2,   120] loss: 339.874
[2,   140] loss: 302.285
[2,   160] loss: 263.577
[2,   180] loss: 359.528
[2,   200] loss: 305.296
[2,   220] loss: 268.788
[2,   240] loss: 233.073
[2,   260] loss: 247.185
[2,   280] loss: 167.983
[2,   300] loss: 275.596
[2,   320] loss: 404.249
[2,   340] loss: 231.447
[2,   360] loss: 315.405
[2,   380] loss: 294.516
[2,   400] loss: 339.750
[2,   420] loss: 310.459
[2,   440] loss: 293.050
[2,   460] loss: 314.620
[2,   480] loss: 330.521
[2,   500] loss: 251.949
[2,   520] loss: 231.834
[2,   540] loss: 226.394
[2,   560] loss: 225.914
[2,   580] loss: 271.822
[2,   600] loss: 282.731
[2,   620] loss: 226.603
[2,   640] loss: 230.774
[2,   660] loss: 227.611
[2,   680] loss: 227.417
[2,   700] loss: 275.878
[2,   720] loss: 169.853
[2,   740] loss: 228.248
[2,   760] loss: 231.034
[2,   780] loss: 222.102
[2,   800] loss: 250.182
[2,   820] loss: 207.060
[2,   840] loss: 222.168
[2,   860] loss: 208.345
[2,   880] loss: 219.210
[2,   900] loss: 221.499
[2,   920] loss: 216.551
[2,   940] loss: 217.293
[2,   960] loss: 193.339
[2,   980] loss: 226.256
[2,  1000] loss: 203.343
[2,  1020] loss: 238.817
[2,  1040] loss: 224.551
[2,  1060] loss: 244.117
[2,  1080] loss: 212.631
[2,  1100] loss: 237.868
[2,  1120] loss: 205.219
[2,  1140] loss: 217.824
[2,  1160] loss: 157.720
[2,  1180] loss: 252.001
[2,  1200] loss: 306.285
[2,  1220] loss: 177.545
[2,  1240] loss: 188.090
[2,  1260] loss: 152.789
[2,  1280] loss: 180.975
[2,  1300] loss: 193.163
[2,  1320] loss: 205.094
[2,  1340] loss: 135.537
[2,  1360] loss: 143.417
[2,  1380] loss: 144.777
[2,  1400] loss: 210.253
[2,  1420] loss: 207.990
[2,  1440] loss: 222.806
[2,  1460] loss: 192.571
[2,  1480] loss: 149.350
[2,  1500] loss: 228.407
[2,  1520] loss: 119.003
[2,  1540] loss: 200.164
[2,  1560] loss: 147.112
[2,  1580] loss: 146.086
[2,  1600] loss: 154.937
[2,  1620] loss: 163.978
[2,  1640] loss: 156.290
[2,  1660] loss: 150.460
[2,  1680] loss: 173.665
[2,  1700] loss: 156.495
[2,  1720] loss: 122.932
[2,  1740] loss: 172.504
[2,  1760] loss: 202.601
[2,  1780] loss: 129.717
[2,  1800] loss: 126.246
[2,  1820] loss: 201.346
[2,  1840] loss: 187.936
[2,  1860] loss: 134.782
[2,  1880] loss: 158.137
[2,  1900] loss: 182.943
[2,  1920] loss: 141.286
[2,  1940] loss: 138.369
[2,  1960] loss: 143.351
[2,  1980] loss: 134.335
[2,  2000] loss: 179.677
[2,  2020] loss: 142.042
[2,  2040] loss: 144.811
[2,  2060] loss: 121.627
[2,  2080] loss: 98.814
[2,  2100] loss: 145.031
[2,  2120] loss: 139.802
[2,  2140] loss: 129.066
[2,  2160] loss: 125.695
[2,  2180] loss: 151.574
[2,  2200] loss: 149.183
[2,  2220] loss: 107.894
[2,  2240] loss: 144.103
[2,  2260] loss: 110.080
[2,  2280] loss: 107.357
[2,  2300] loss: 172.043
[2,  2320] loss: 126.687
[2,  2340] loss: 114.609
[2,  2360] loss: 115.050
[2,  2380] loss: 113.647
[2,  2400] loss: 85.242
[2,  2420] loss: 137.964
[2,  2440] loss: 118.013
[2,  2460] loss: 106.285
[2,  2480] loss: 184.459
[2,  2500] loss: 153.053
[2,  2520] loss: 101.020
[2,  2540] loss: 129.425
[2,  2560] loss: 129.077
[2,  2580] loss: 125.024
[2,  2600] loss: 139.772
[2,  2620] loss: 156.575
[2,  2640] loss: 158.005
[2,  2660] loss: 124.739
[2,  2680] loss: 89.921
[2,  2700] loss: 83.123
[2,  2720] loss: 116.332
[2,  2740] loss: 118.652
[2,  2760] loss: 129.010
[2,  2780] loss: 102.412
[2,  2800] loss: 118.255
[2,  2820] loss: 87.879
[2,  2840] loss: 115.353
[2,  2860] loss: 88.497
[2,  2880] loss: 104.491
[2,  2900] loss: 85.606
[2,  2920] loss: 118.854
[2,  2940] loss: 111.769
[2,  2960] loss: 102.502
[2,  2980] loss: 115.617
[2,  3000] loss: 101.362
[2,  3020] loss: 77.020
[2,  3040] loss: 92.356
[2,  3060] loss: 100.556
[2,  3080] loss: 109.272
[2,  3100] loss: 108.545
[2,  3120] loss: 118.273
[2,  3140] loss: 122.145
[2,  3160] loss: 109.256
[2,  3180] loss: 87.897
[2,  3200] loss: 92.571
[2,  3220] loss: 86.636
[2,  3240] loss: 64.910
[2,  3260] loss: 87.653
[2,  3280] loss: 64.497
[2,  3300] loss: 100.709
[2,  3320] loss: 92.094
[2,  3340] loss: 86.997
[2,  3360] loss: 84.107
[2,  3380] loss: 71.249
[2,  3400] loss: 99.703
[2,  3420] loss: 85.476
[2,  3440] loss: 84.139
[2,  3460] loss: 109.099
[2,  3480] loss: 61.617
[2,  3500] loss: 116.802
[2,  3520] loss: 78.334
[2,  3540] loss: 54.811
[2,  3560] loss: 87.017
[2,  3580] loss: 76.770
[2,  3600] loss: 75.228
[2,  3620] loss: 71.542
[2,  3640] loss: 87.673
[2,  3660] loss: 70.995
[2,  3680] loss: 66.592
[2,  3700] loss: 90.803
[2,  3720] loss: 73.504
[2,  3740] loss: 108.859
[2,  3760] loss: 70.072
[2,  3780] loss: 72.669
[2,  3800] loss: 71.292
[2,  3820] loss: 64.735
[2,  3840] loss: 68.604
[2,  3860] loss: 58.524
[2,  3880] loss: 96.514
[2,  3900] loss: 95.090
[2,  3920] loss: 57.551
[2,  3940] loss: 56.448
[2,  3960] loss: 53.948
[2,  3980] loss: 72.145
[2,  4000] loss: 97.709
[2,  4020] loss: 81.316
[2,  4040] loss: 92.463
[2,  4060] loss: 76.508
[2,  4080] loss: 96.050
[2,  4100] loss: 68.557
[2,  4120] loss: 76.453
[2,  4140] loss: 74.474
[2,  4160] loss: 49.471
[2,  4180] loss: 61.443
[2,  4200] loss: 58.720
[2,  4220] loss: 54.469
[2,  4240] loss: 75.672
[2,  4260] loss: 47.363
[2,  4280] loss: 71.227
[2,  4300] loss: 67.252
[2,  4320] loss: 78.711
[2,  4340] loss: 65.898
[2,  4360] loss: 50.915
[2,  4380] loss: 84.187
[2,  4400] loss: 55.942
[2,  4420] loss: 52.922
[2,  4440] loss: 53.168
[2,  4460] loss: 66.710
[2,  4480] loss: 69.736
[2,  4500] loss: 60.934
[2,  4520] loss: 57.099
[2,  4540] loss: 67.887
[2,  4560] loss: 47.567
[2,  4580] loss: 62.889
[2,  4600] loss: 47.415
[2,  4620] loss: 52.142
[2,  4640] loss: 58.182
[2,  4660] loss: 58.739
[2,  4680] loss: 55.054
[2,  4700] loss: 56.650
[2,  4720] loss: 50.207
[2,  4740] loss: 59.226
[2,  4760] loss: 67.470
[2,  4780] loss: 71.921
[2,  4800] loss: 52.163
[2,  4820] loss: 47.290
[2,  4840] loss: 61.563
[2,  4860] loss: 57.070
[2,  4880] loss: 62.946
[2,  4900] loss: 62.946
[2,  4920] loss: 63.775
[2,  4940] loss: 58.898
[2,  4960] loss: 60.709
[2,  4980] loss: 48.049
[2,  5000] loss: 54.265
[2,  5020] loss: 43.670
[2,  5040] loss: 66.353
[2,  5060] loss: 48.352
[2,  5080] loss: 41.272
[2,  5100] loss: 71.619
[2,  5120] loss: 74.761
[2,  5140] loss: 45.884
[2,  5160] loss: 73.314
[2,  5180] loss: 54.606
[2,  5200] loss: 38.373
[2,  5220] loss: 33.999
[2,  5240] loss: 66.060
[2,  5260] loss: 50.393
[2,  5280] loss: 56.395
[2,  5300] loss: 43.014
[2,  5320] loss: 61.079
[2,  5340] loss: 46.870
[2,  5360] loss: 49.262
[2,  5380] loss: 42.139
[2,  5400] loss: 44.365
[2,  5420] loss: 71.953
[2,  5440] loss: 40.884
[2,  5460] loss: 56.745
[2,  5480] loss: 56.228
[2,  5500] loss: 55.278
[2,  5520] loss: 48.339
[2,  5540] loss: 55.074
[2,  5560] loss: 55.272
[2,  5580] loss: 47.466
[2,  5600] loss: 35.712
[2,  5620] loss: 45.197
[2,  5640] loss: 39.505
[2,  5660] loss: 48.710
[2,  5680] loss: 27.865
[2,  5700] loss: 47.090
[2,  5720] loss: 65.498
[2,  5740] loss: 51.513
[2,  5760] loss: 41.340
[2,  5780] loss: 45.882
[2,  5800] loss: 57.850
[2,  5820] loss: 49.150
[2,  5840] loss: 31.400
[2,  5860] loss: 49.593
[2,  5880] loss: 35.194
[2,  5900] loss: 44.233
[2,  5920] loss: 51.021
[2,  5940] loss: 41.026
[2,  5960] loss: 41.049
[2,  5980] loss: 35.170
[2,  6000] loss: 51.367
[2,  6020] loss: 43.623
[2,  6040] loss: 47.624
[2,  6060] loss: 90.192
[2,  6080] loss: 61.172
[3,    20] loss: 39.614
[3,    40] loss: 34.927
[3,    60] loss: 40.977
[3,    80] loss: 33.742
[3,   100] loss: 52.688
[3,   120] loss: 46.380
[3,   140] loss: 26.426
[3,   160] loss: 31.257
[3,   180] loss: 42.942
[3,   200] loss: 31.924
[3,   220] loss: 29.809
[3,   240] loss: 35.411
[3,   260] loss: 26.691
[3,   280] loss: 36.055
[3,   300] loss: 21.562
[3,   320] loss: 40.363
[3,   340] loss: 63.940
[3,   360] loss: 21.848
[3,   380] loss: 44.560
[3,   400] loss: 36.405
[3,   420] loss: 50.059
[3,   440] loss: 44.951
[3,   460] loss: 32.092
[3,   480] loss: 25.194
[3,   500] loss: 27.261
[3,   520] loss: 27.480
[3,   540] loss: 40.819
[3,   560] loss: 24.850
[3,   580] loss: 34.652
[3,   600] loss: 27.011
[3,   620] loss: 29.555
[3,   640] loss: 40.748
[3,   660] loss: 32.656
[3,   680] loss: 20.426
[3,   700] loss: 23.865
[3,   720] loss: 24.940
[3,   740] loss: 46.478
[3,   760] loss: 30.492
[3,   780] loss: 50.986
[3,   800] loss: 35.990
[3,   820] loss: 46.579
[3,   840] loss: 34.429
[3,   860] loss: 20.114
[3,   880] loss: 19.249
[3,   900] loss: 29.776
[3,   920] loss: 22.290
[3,   940] loss: 20.829
[3,   960] loss: 22.709
[3,   980] loss: 31.739
[3,  1000] loss: 82.069
[3,  1020] loss: 49.680
[3,  1040] loss: 86.626
[3,  1060] loss: 41.041
[3,  1080] loss: 38.201
[3,  1100] loss: 16.995
[3,  1120] loss: 41.578
[3,  1140] loss: 19.016
[3,  1160] loss: 28.701
[3,  1180] loss: 69.294
[3,  1200] loss: 55.215
[3,  1220] loss: 22.508
[3,  1240] loss: 29.457
[3,  1260] loss: 61.838
[3,  1280] loss: 26.583
[3,  1300] loss: 46.311
[3,  1320] loss: 55.390
[3,  1340] loss: 22.679
[3,  1360] loss: 14.736
[3,  1380] loss: 55.018
[3,  1400] loss: 35.148
[3,  1420] loss: 20.619
[3,  1440] loss: 19.632
[3,  1460] loss: 24.986
[3,  1480] loss: 21.794
[3,  1500] loss: 21.397
[3,  1520] loss: 58.082
[3,  1540] loss: 22.413
[3,  1560] loss: 23.105
[3,  1580] loss: 24.374
[3,  1600] loss: 36.535
[3,  1620] loss: 36.894
[3,  1640] loss: 20.892
[3,  1660] loss: 15.736
[3,  1680] loss: 17.781
[3,  1700] loss: 29.301
[3,  1720] loss: 20.230
[3,  1740] loss: 30.000
[3,  1760] loss: 54.261
[3,  1780] loss: 80.853
[3,  1800] loss: 39.054
[3,  1820] loss: 19.431
[3,  1840] loss: 26.305
[3,  1860] loss: 44.914
[3,  1880] loss: 47.353
[3,  1900] loss: 25.844
[3,  1920] loss: 19.590
[3,  1940] loss: 17.661
[3,  1960] loss: 26.065
[3,  1980] loss: 14.784
[3,  2000] loss: 36.673
[3,  2020] loss: 27.199
[3,  2040] loss: 21.941
[3,  2060] loss: 30.094
[3,  2080] loss: 15.407
[3,  2100] loss: 31.168
[3,  2120] loss: 17.429
[3,  2140] loss: 39.636
[3,  2160] loss: 57.992
[3,  2180] loss: 34.489
[3,  2200] loss: 40.762
[3,  2220] loss: 12.658
[3,  2240] loss: 15.902
[3,  2260] loss: 18.193
[3,  2280] loss: 26.144
[3,  2300] loss: 22.977
[3,  2320] loss: 43.383
[3,  2340] loss: 64.947
[3,  2360] loss: 116.519
[3,  2380] loss: 41.820
[3,  2400] loss: 36.615
[3,  2420] loss: 12.316
[3,  2440] loss: 20.046
[3,  2460] loss: 11.184
[3,  2480] loss: 11.313
[3,  2500] loss: 18.690
[3,  2520] loss: 14.947
[3,  2540] loss: 31.547
[3,  2560] loss: 31.205
[3,  2580] loss: 36.719
[3,  2600] loss: 15.262
[3,  2620] loss: 27.826
[3,  2640] loss: 20.439
[3,  2660] loss: 22.247
[3,  2680] loss: 60.763
[3,  2700] loss: 18.473
[3,  2720] loss: 20.304
[3,  2740] loss: 32.109
[3,  2760] loss: 28.846
[3,  2780] loss: 21.366
[3,  2800] loss: 26.698
[3,  2820] loss: 30.454
[3,  2840] loss: 28.825
[3,  2860] loss: 33.085
[3,  2880] loss: 9.613
[3,  2900] loss: 13.545
[3,  2920] loss: 17.966
[3,  2940] loss: 38.838
[3,  2960] loss: 28.893
[3,  2980] loss: 21.112
[3,  3000] loss: 17.842
[3,  3020] loss: 17.153
[3,  3040] loss: 18.853
[3,  3060] loss: 14.032
[3,  3080] loss: 18.385
[3,  3100] loss: 18.725
[3,  3120] loss: 29.265
[3,  3140] loss: 14.283
[3,  3160] loss: 10.609
[3,  3180] loss: 11.738
[3,  3200] loss: 10.719
[3,  3220] loss: 10.482
[3,  3240] loss: 27.334
[3,  3260] loss: 8.905
[3,  3280] loss: 18.517
[3,  3300] loss: 45.423
[3,  3320] loss: 19.451
[3,  3340] loss: 20.615
[3,  3360] loss: 53.574
[3,  3380] loss: 15.883
[3,  3400] loss: 26.897
[3,  3420] loss: 14.733
[3,  3440] loss: 21.740
[3,  3460] loss: 61.709
[3,  3480] loss: 43.952
[3,  3500] loss: 16.132
[3,  3520] loss: 28.911
[3,  3540] loss: 51.371
[3,  3560] loss: 46.187
[3,  3580] loss: 24.280
[3,  3600] loss: 12.749
[3,  3620] loss: 15.055
[3,  3640] loss: 47.758
[3,  3660] loss: 15.714
[3,  3680] loss: 15.192
[3,  3700] loss: 51.203
[3,  3720] loss: 38.165
[3,  3740] loss: 44.626
[3,  3760] loss: 61.487
[3,  3780] loss: 25.183
[3,  3800] loss: 59.967
[3,  3820] loss: 61.876
[3,  3840] loss: 21.736
[3,  3860] loss: 37.637
[3,  3880] loss: 15.761
[3,  3900] loss: 22.802
[3,  3920] loss: 9.323
[3,  3940] loss: 18.280
[3,  3960] loss: 34.591
[3,  3980] loss: 51.313
[3,  4000] loss: 18.434
[3,  4020] loss: 47.241
[3,  4040] loss: 9.194
[3,  4060] loss: 18.091
[3,  4080] loss: 26.543
[3,  4100] loss: 16.749
[3,  4120] loss: 31.941
[3,  4140] loss: 39.666
[3,  4160] loss: 26.692
[3,  4180] loss: 16.813
[3,  4200] loss: 25.381
[3,  4220] loss: 15.286
[3,  4240] loss: 11.075
[3,  4260] loss: 21.381
[3,  4280] loss: 9.523
[3,  4300] loss: 11.450
[3,  4320] loss: 17.994
[3,  4340] loss: 17.465
[3,  4360] loss: 16.440
[3,  4380] loss: 32.007
[3,  4400] loss: 14.045
[3,  4420] loss: 8.146
[3,  4440] loss: 20.834
[3,  4460] loss: 11.464
[3,  4480] loss: 10.305
[3,  4500] loss: 34.584
[3,  4520] loss: 40.580
[3,  4540] loss: 5.809
[3,  4560] loss: 35.294
[3,  4580] loss: 23.839
[3,  4600] loss: 11.164
[3,  4620] loss: 21.354
[3,  4640] loss: 58.348
[3,  4660] loss: 150.515
[3,  4680] loss: 70.388
[3,  4700] loss: 11.428
[3,  4720] loss: 38.651
[3,  4740] loss: 43.425
[3,  4760] loss: 11.345
[3,  4780] loss: 9.295
[3,  4800] loss: 17.131
[3,  4820] loss: 10.602
[3,  4840] loss: 22.302
[3,  4860] loss: 9.296
[3,  4880] loss: 35.668
[3,  4900] loss: 29.083
[3,  4920] loss: 21.529
[3,  4940] loss: 36.571
[3,  4960] loss: 30.289
[3,  4980] loss: 7.069
[3,  5000] loss: 14.390
[3,  5020] loss: 32.907
[3,  5040] loss: 9.274
[3,  5060] loss: 6.368
[3,  5080] loss: 7.179
[3,  5100] loss: 6.456
[3,  5120] loss: 15.215
[3,  5140] loss: 15.855
[3,  5160] loss: 20.741
[3,  5180] loss: 15.761
[3,  5200] loss: 49.793
[3,  5220] loss: 43.522
[3,  5240] loss: 12.587
[3,  5260] loss: 11.451
[3,  5280] loss: 15.289
[3,  5300] loss: 67.575
[3,  5320] loss: 19.383
[3,  5340] loss: 66.761
[3,  5360] loss: 44.257
[3,  5380] loss: 56.606
[3,  5400] loss: 12.065
[3,  5420] loss: 4.720
[3,  5440] loss: 8.745
[3,  5460] loss: 22.667
[3,  5480] loss: 48.890
[3,  5500] loss: 7.710
[3,  5520] loss: 11.928
[3,  5540] loss: 25.723
[3,  5560] loss: 17.233
[3,  5580] loss: 7.964
[3,  5600] loss: 9.527
[3,  5620] loss: 6.104
[3,  5640] loss: 10.084
[3,  5660] loss: 5.977
[3,  5680] loss: 19.494
[3,  5700] loss: 6.850
[3,  5720] loss: 8.195
[3,  5740] loss: 12.786
[3,  5760] loss: 56.857
[3,  5780] loss: 20.771
[3,  5800] loss: 16.736
[3,  5820] loss: 7.173
[3,  5840] loss: 3.534
[3,  5860] loss: 4.522
[3,  5880] loss: 26.471
[3,  5900] loss: 13.703
[3,  5920] loss: 10.654
[3,  5940] loss: 20.530
[3,  5960] loss: 25.560
[3,  5980] loss: 12.875
[3,  6000] loss: 6.167
[3,  6020] loss: 16.802
[3,  6040] loss: 4.074
[3,  6060] loss: 5.982
[3,  6080] loss: 2.883
[1,    20] loss: 0.679
[1,    40] loss: 0.673
[1,    60] loss: 0.864
[1,    80] loss: 0.953
[1,   100] loss: 0.973
[1,   120] loss: 1.001
[1,   140] loss: 0.950
[1,   160] loss: 0.843
[1,   180] loss: 0.790
[1,   200] loss: 0.973
[1,   220] loss: 1.464
[1,   240] loss: 2.158
[1,   260] loss: 2.641
[1,   280] loss: 2.634
[1,   300] loss: 2.572
[1,   320] loss: 2.567
[1,   340] loss: 2.743
[1,   360] loss: 3.241
[1,   380] loss: 4.142
[1,   400] loss: 6.076
[1,   420] loss: 7.967
[1,   440] loss: 8.389
[1,   460] loss: 8.182
[1,   480] loss: 7.873
[1,   500] loss: 7.576
[1,   520] loss: 7.332
[1,   540] loss: 7.143
[1,   560] loss: 6.971
[1,   580] loss: 6.838
[1,   600] loss: 6.698
[1,   620] loss: 6.496
[1,   640] loss: 6.326
[1,   660] loss: 6.177
[2,    20] loss: 0.679
[2,    40] loss: 0.673
[2,    60] loss: 0.864
[2,    80] loss: 0.953
[2,   100] loss: 0.973
[2,   120] loss: 1.001
[2,   140] loss: 0.950
[2,   160] loss: 0.843
[2,   180] loss: 0.790
[2,   200] loss: 0.973
[2,   220] loss: 1.464
[2,   240] loss: 2.158
[2,   260] loss: 2.641
[2,   280] loss: 2.634
[2,   300] loss: 2.572
[2,   320] loss: 2.567
[2,   340] loss: 2.743
[2,   360] loss: 3.241
[2,   380] loss: 4.142
[2,   400] loss: 6.076
[2,   420] loss: 7.967
[2,   440] loss: 8.389
[2,   460] loss: 8.182
[2,   480] loss: 7.873
[2,   500] loss: 7.576
[2,   520] loss: 7.332
[2,   540] loss: 7.143
[2,   560] loss: 6.971
[2,   580] loss: 6.838
[2,   600] loss: 6.698
[2,   620] loss: 6.496
[2,   640] loss: 6.326
[2,   660] loss: 6.177
[3,    20] loss: 0.679
[3,    40] loss: 0.673
[3,    60] loss: 0.864
[3,    80] loss: 0.953
[3,   100] loss: 0.973
[3,   120] loss: 1.001
[3,   140] loss: 0.950
[3,   160] loss: 0.843
[3,   180] loss: 0.790
[3,   200] loss: 0.973
[3,   220] loss: 1.464
[3,   240] loss: 2.158
[3,   260] loss: 2.641
[3,   280] loss: 2.634
[3,   300] loss: 2.572
[3,   320] loss: 2.567
[3,   340] loss: 2.743
[3,   360] loss: 3.241
[3,   380] loss: 4.142
[3,   400] loss: 6.076
[3,   420] loss: 7.967
[3,   440] loss: 8.389
[3,   460] loss: 8.182
[3,   480] loss: 7.873
[3,   500] loss: 7.576
[3,   520] loss: 7.332
[3,   540] loss: 7.143
[3,   560] loss: 6.971
[3,   580] loss: 6.838
[3,   600] loss: 6.698
[3,   620] loss: 6.496
[3,   640] loss: 6.326
[3,   660] loss: 6.177
