cuda:  2
color_space: YCbCr
batch_size: 5
num_epcochs: 3
learning_rate: 0.003
[1,    20] loss: 3.951
[1,    40] loss: 17.147
[1,    60] loss: 1.368
[1,    80] loss: 0.257
[1,   100] loss: 0.234
[1,   120] loss: 0.090
[1,   140] loss: 0.131
[1,   160] loss: 0.049
[1,   180] loss: 0.081
[1,   200] loss: 0.090
[1,   220] loss: 0.091
[1,   240] loss: 0.100
[1,   260] loss: 0.070
[1,   280] loss: 0.049
[1,   300] loss: 0.060
[1,   320] loss: 0.042
[1,   340] loss: 0.067
[1,   360] loss: 0.064
[1,   380] loss: 0.057
[1,   400] loss: 0.045
[1,   420] loss: 0.083
[1,   440] loss: 0.059
[1,   460] loss: 0.029
[1,   480] loss: 0.099
[1,   500] loss: 0.068
[1,   520] loss: 0.042
[1,   540] loss: 0.089
[1,   560] loss: 0.085
[1,   580] loss: 0.072
[1,   600] loss: 0.071
[1,   620] loss: 0.044
[1,   640] loss: 0.058
[1,   660] loss: 0.050
[1,   680] loss: 0.089
[1,   700] loss: 0.093
[1,   720] loss: 0.064
[1,   740] loss: 0.053
[1,   760] loss: 0.052
[1,   780] loss: 0.079
[1,   800] loss: 0.077
[1,   820] loss: 0.088
[1,   840] loss: 0.043
[1,   860] loss: 0.062
[1,   880] loss: 0.081
[1,   900] loss: 0.043
[1,   920] loss: 0.107
[1,   940] loss: 0.086
[1,   960] loss: 0.058
[1,   980] loss: 0.070
[1,  1000] loss: 0.056
[1,  1020] loss: 0.073
[1,  1040] loss: 0.063
[1,  1060] loss: 0.141
[1,  1080] loss: 0.064
[1,  1100] loss: 0.060
[1,  1120] loss: 0.056
[1,  1140] loss: 0.118
[1,  1160] loss: 0.080
[1,  1180] loss: 0.087
[1,  1200] loss: 0.053
[1,  1220] loss: 0.082
[1,  1240] loss: 0.063
[1,  1260] loss: 0.037
[1,  1280] loss: 0.069
[1,  1300] loss: 0.038
[1,  1320] loss: 0.119
[1,  1340] loss: 0.076
[1,  1360] loss: 0.090
[1,  1380] loss: 0.088
[1,  1400] loss: 0.117
[1,  1420] loss: 0.074
[1,  1440] loss: 0.040
[1,  1460] loss: 0.106
[1,  1480] loss: 0.073
[1,  1500] loss: 0.049
[1,  1520] loss: 0.047
[1,  1540] loss: 0.026
[1,  1560] loss: 0.097
[1,  1580] loss: 0.054
[1,  1600] loss: 0.044
[1,  1620] loss: 0.041
[1,  1640] loss: 0.054
[1,  1660] loss: 0.058
[1,  1680] loss: 0.026
[1,  1700] loss: 0.046
[1,  1720] loss: 0.103
[1,  1740] loss: 0.076
[1,  1760] loss: 0.075
[1,  1780] loss: 0.058
[1,  1800] loss: 0.049
[1,  1820] loss: 0.054
[1,  1840] loss: 0.034
[1,  1860] loss: 0.084
[1,  1880] loss: 0.025
[1,  1900] loss: 0.071
[1,  1920] loss: 0.053
[1,  1940] loss: 0.089
[1,  1960] loss: 0.087
[1,  1980] loss: 0.062
[1,  2000] loss: 0.075
[1,  2020] loss: 0.033
[1,  2040] loss: 0.028
[1,  2060] loss: 0.029
[1,  2080] loss: 0.058
[1,  2100] loss: 0.090
[1,  2120] loss: 0.063
[1,  2140] loss: 0.099
[1,  2160] loss: 0.094
[1,  2180] loss: 0.065
[1,  2200] loss: 0.027
[1,  2220] loss: 0.040
[1,  2240] loss: 0.055
[1,  2260] loss: 0.051
[1,  2280] loss: 0.046
[1,  2300] loss: 0.075
[1,  2320] loss: 0.049
[1,  2340] loss: 0.045
[1,  2360] loss: 0.029
[1,  2380] loss: 0.057
[1,  2400] loss: 0.072
[1,  2420] loss: 0.108
[1,  2440] loss: 0.036
[1,  2460] loss: 0.107
[1,  2480] loss: 0.040
[1,  2500] loss: 0.062
[1,  2520] loss: 0.056
[1,  2540] loss: 0.104
[1,  2560] loss: 0.104
[1,  2580] loss: 0.049
[1,  2600] loss: 0.051
[1,  2620] loss: 0.047
[1,  2640] loss: 0.045
[1,  2660] loss: 0.060
[1,  2680] loss: 0.079
[1,  2700] loss: 0.097
[1,  2720] loss: 0.061
[1,  2740] loss: 0.028
[1,  2760] loss: 0.031
[1,  2780] loss: 0.075
[1,  2800] loss: 0.048
[1,  2820] loss: 0.075
[1,  2840] loss: 0.064
[1,  2860] loss: 0.035
[1,  2880] loss: 0.041
[1,  2900] loss: 0.048
[1,  2920] loss: 0.058
[1,  2940] loss: 0.068
[1,  2960] loss: 0.022
[1,  2980] loss: 0.054
[1,  3000] loss: 0.081
[1,  3020] loss: 0.067
[1,  3040] loss: 0.102
[1,  3060] loss: 0.068
[1,  3080] loss: 0.073
[1,  3100] loss: 0.051
[1,  3120] loss: 0.052
[1,  3140] loss: 0.061
[1,  3160] loss: 0.066
[1,  3180] loss: 0.096
[1,  3200] loss: 0.044
[1,  3220] loss: 0.045
[1,  3240] loss: 0.086
[1,  3260] loss: 0.043
[1,  3280] loss: 0.072
[1,  3300] loss: 0.032
[1,  3320] loss: 0.112
[1,  3340] loss: 0.073
[1,  3360] loss: 0.055
[1,  3380] loss: 0.055
[1,  3400] loss: 0.060
[1,  3420] loss: 0.026
[1,  3440] loss: 0.086
[1,  3460] loss: 0.061
[1,  3480] loss: 0.113
[1,  3500] loss: 0.070
[1,  3520] loss: 0.036
[1,  3540] loss: 0.086
[1,  3560] loss: 0.037
[1,  3580] loss: 0.071
[1,  3600] loss: 0.044
[1,  3620] loss: 0.051
[1,  3640] loss: 0.073
[1,  3660] loss: 0.072
[1,  3680] loss: 0.036
[1,  3700] loss: 0.061
[1,  3720] loss: 0.066
[1,  3740] loss: 0.037
[1,  3760] loss: 0.088
[1,  3780] loss: 0.073
[1,  3800] loss: 0.054
[1,  3820] loss: 0.119
[1,  3840] loss: 0.105
[1,  3860] loss: 0.076
[1,  3880] loss: 0.088
[1,  3900] loss: 0.107
[1,  3920] loss: 0.049
[1,  3940] loss: 0.080
[1,  3960] loss: 0.124
[1,  3980] loss: 0.063
[1,  4000] loss: 0.057
[1,  4020] loss: 0.043
[1,  4040] loss: 0.052
[1,  4060] loss: 0.089
[1,  4080] loss: 0.062
[1,  4100] loss: 0.084
[1,  4120] loss: 0.044
[1,  4140] loss: 0.047
[1,  4160] loss: 0.095
[1,  4180] loss: 0.047
[1,  4200] loss: 0.036
[1,  4220] loss: 0.052
[1,  4240] loss: 0.070
[1,  4260] loss: 0.063
[1,  4280] loss: 0.066
[1,  4300] loss: 0.058
[1,  4320] loss: 0.053
[1,  4340] loss: 0.048
[1,  4360] loss: 0.043
[1,  4380] loss: 0.057
[1,  4400] loss: 0.111
[1,  4420] loss: 0.038
[1,  4440] loss: 0.105
[1,  4460] loss: 0.074
[1,  4480] loss: 0.084
[1,  4500] loss: 0.040
[1,  4520] loss: 0.049
[1,  4540] loss: 0.045
[1,  4560] loss: 0.046
[1,  4580] loss: 0.077
[1,  4600] loss: 0.060
[1,  4620] loss: 0.031
[1,  4640] loss: 0.063
[1,  4660] loss: 0.035
[1,  4680] loss: 0.036
[1,  4700] loss: 0.102
[1,  4720] loss: 0.054
[1,  4740] loss: 0.088
[1,  4760] loss: 0.039
[1,  4780] loss: 0.051
[1,  4800] loss: 0.030
[1,  4820] loss: 0.053
[1,  4840] loss: 0.043
[1,  4860] loss: 0.055
[1,  4880] loss: 0.105
[1,  4900] loss: 0.049
[1,  4920] loss: 0.075
[1,  4940] loss: 0.020
[1,  4960] loss: 0.069
[1,  4980] loss: 0.074
[1,  5000] loss: 0.078
[1,  5020] loss: 0.119
[1,  5040] loss: 0.065
[1,  5060] loss: 0.118
[1,  5080] loss: 0.084
[1,  5100] loss: 0.120
[1,  5120] loss: 0.093
[1,  5140] loss: 0.091
[1,  5160] loss: 0.100
[1,  5180] loss: 0.104
[1,  5200] loss: 0.084
[1,  5220] loss: 0.095
[1,  5240] loss: 0.205
[1,  5260] loss: 0.071
[1,  5280] loss: 0.070
[1,  5300] loss: 0.105
[1,  5320] loss: 0.104
[1,  5340] loss: 0.097
[1,  5360] loss: 0.038
[1,  5380] loss: 0.084
[1,  5400] loss: 0.033
[1,  5420] loss: 0.063
[1,  5440] loss: 0.036
[1,  5460] loss: 0.056
[1,  5480] loss: 0.122
[1,  5500] loss: 0.030
[1,  5520] loss: 0.049
[1,  5540] loss: 0.072
[1,  5560] loss: 0.068
[1,  5580] loss: 0.101
[1,  5600] loss: 0.023
[1,  5620] loss: 0.107
[1,  5640] loss: 0.057
[1,  5660] loss: 0.081
[1,  5680] loss: 0.094
[1,  5700] loss: 0.059
[1,  5720] loss: 0.048
[1,  5740] loss: 0.041
[1,  5760] loss: 0.062
[1,  5780] loss: 0.049
[1,  5800] loss: 0.089
[1,  5820] loss: 0.024
[1,  5840] loss: 0.037
[1,  5860] loss: 0.030
[1,  5880] loss: 0.043
[1,  5900] loss: 0.053
[1,  5920] loss: 0.054
[1,  5940] loss: 0.088
[1,  5960] loss: 0.067
[1,  5980] loss: 0.116
[1,  6000] loss: 0.101
[1,  6020] loss: 0.118
[1,  6040] loss: 0.058
[1,  6060] loss: 0.028
[1,  6080] loss: 0.058
[2,    20] loss: 0.063
[2,    40] loss: 0.086
[2,    60] loss: 0.124
[2,    80] loss: 0.113
[2,   100] loss: 0.153
[2,   120] loss: 86536491469.376
[2,   140] loss: 6636533425152.000
[2,   160] loss: 54536913598054.398
[2,   180] loss: 5490460321382.400
[2,   200] loss: 1424441384345.600
[2,   220] loss: 104025372774.400
[2,   240] loss: 15132347955.200
[2,   260] loss: 5289212172.800
[2,   280] loss: 2592928468.800
[2,   300] loss: 2001681147.200
[2,   320] loss: 1623851773.600
[2,   340] loss: 1701499945.600
[2,   360] loss: 1724795661.600
[2,   380] loss: 1505730920.800
[2,   400] loss: 1283144268.800
[2,   420] loss: 1351190907.200
[2,   440] loss: 1338315659.200
[2,   460] loss: 1187281142.800
[2,   480] loss: 1295666799.200
[2,   500] loss: 933461801.600
[2,   520] loss: 1004196924.800
[2,   540] loss: 928257252.800
[2,   560] loss: 970717496.000
[2,   580] loss: 768083813.600
[2,   600] loss: 743020947.200
[2,   620] loss: 705592169.800
[2,   640] loss: 774229604.000
[2,   660] loss: 655585388.000
[2,   680] loss: 740042178.400
[2,   700] loss: 611399860.000
[2,   720] loss: 535074722.400
[2,   740] loss: 528377972.400
[2,   760] loss: 649117531.200
[2,   780] loss: 594693363.200
[2,   800] loss: 448768172.800
[2,   820] loss: 480311648.800
[2,   840] loss: 463376259.200
[2,   860] loss: 553075682.000
[2,   880] loss: 478549229.600
[2,   900] loss: 429523307.600
[2,   920] loss: 377154871.400
[2,   940] loss: 348040830.600
[2,   960] loss: 446034689.600
[2,   980] loss: 414952965.600
[2,  1000] loss: 409746363.600
[2,  1020] loss: 308494195.200
[2,  1040] loss: 392844992.400
[2,  1060] loss: 260374658.350
[2,  1080] loss: 380974427.200
[2,  1100] loss: 374626656.000
[2,  1120] loss: 279757215.300
[2,  1140] loss: 210421433.200
[2,  1160] loss: 389909575.600
[2,  1180] loss: 257998770.200
[2,  1200] loss: 338182082.800
[2,  1220] loss: 227052922.800
[2,  1240] loss: 277895312.600
[2,  1260] loss: 240338714.300
[2,  1280] loss: 267523997.000
[2,  1300] loss: 280507444.100
[2,  1320] loss: 260319562.400
[2,  1340] loss: 239405219.600
[2,  1360] loss: 239402685.200
[2,  1380] loss: 238957691.200
[2,  1400] loss: 199253854.400
[2,  1420] loss: 210307135.800
[2,  1440] loss: 245949728.400
[2,  1460] loss: 248847021.800
[2,  1480] loss: 276573034.400
[2,  1500] loss: 278039974.200
[2,  1520] loss: 186290955.300
[2,  1540] loss: 260949509.000
[2,  1560] loss: 140200185.900
[2,  1580] loss: 155241337.500
[2,  1600] loss: 181111601.150
[2,  1620] loss: 176271797.900
[2,  1640] loss: 202168083.600
[2,  1660] loss: 159418702.350
[2,  1680] loss: 167608139.000
[2,  1700] loss: 197076405.400
[2,  1720] loss: 198042221.200
[2,  1740] loss: 195455412.300
[2,  1760] loss: 128272968.600
[2,  1780] loss: 169702672.600
[2,  1800] loss: 138034584.400
[2,  1820] loss: 156978531.900
[2,  1840] loss: 180254818.600
[2,  1860] loss: 175594041.400
[2,  1880] loss: 166763017.350
[2,  1900] loss: 138009876.600
[2,  1920] loss: 129483529.000
[2,  1940] loss: 117572107.500
[2,  1960] loss: 95361744.000
[2,  1980] loss: 147203917.200
[2,  2000] loss: 176191781.700
[2,  2020] loss: 174470573.800
[2,  2040] loss: 196210584.500
[2,  2060] loss: 156865054.450
[2,  2080] loss: 148648825.500
[2,  2100] loss: 105979533.300
[2,  2120] loss: 134522964.900
[2,  2140] loss: 110547108.950
[2,  2160] loss: 143876250.200
[2,  2180] loss: 93110869.850
[2,  2200] loss: 103303212.150
[2,  2220] loss: 119589576.950
[2,  2240] loss: 91585444.500
[2,  2260] loss: 86629343.800
[2,  2280] loss: 133592131.700
[2,  2300] loss: 116446747.300
[2,  2320] loss: 124986246.650
[2,  2340] loss: 104721045.500
[2,  2360] loss: 122448100.800
[2,  2380] loss: 117220236.900
[2,  2400] loss: 72995719.400
[2,  2420] loss: 80022611.700
[2,  2440] loss: 106981950.100
[2,  2460] loss: 93809339.000
[2,  2480] loss: 78400754.800
[2,  2500] loss: 87585235.575
[2,  2520] loss: 81668525.350
[2,  2540] loss: 69255605.900
[2,  2560] loss: 78238991.500
[2,  2580] loss: 77690476.900
[2,  2600] loss: 119168035.625
[2,  2620] loss: 74916993.000
[2,  2640] loss: 84005044.400
[2,  2660] loss: 87550950.500
[2,  2680] loss: 90324001.800
[2,  2700] loss: 58100633.000
[2,  2720] loss: 110584323.825
[2,  2740] loss: 92694162.600
[2,  2760] loss: 78412839.750
[2,  2780] loss: 89022220.400
[2,  2800] loss: 71867014.250
[2,  2820] loss: 89458914.513
[2,  2840] loss: 70247198.425
[2,  2860] loss: 58932082.825
[2,  2880] loss: 73851546.700
[2,  2900] loss: 71359512.600
[2,  2920] loss: 69284337.200
[2,  2940] loss: 45948299.400
[2,  2960] loss: 61898116.500
[2,  2980] loss: 48885199.725
[2,  3000] loss: 67423485.300
[2,  3020] loss: 69810902.075
[2,  3040] loss: 38780073.000
[2,  3060] loss: 82617437.600
[2,  3080] loss: 63508656.625
[2,  3100] loss: 71857271.950
[2,  3120] loss: 58216382.800
[2,  3140] loss: 50576550.500
[2,  3160] loss: 76614346.100
[2,  3180] loss: 58600828.525
[2,  3200] loss: 43764233.750
[2,  3220] loss: 39867069.450
[2,  3240] loss: 61636843.650
[2,  3260] loss: 58213399.850
[2,  3280] loss: 55785066.075
[2,  3300] loss: 46768405.231
[2,  3320] loss: 44686153.300
[2,  3340] loss: 41775450.400
[2,  3360] loss: 44147541.163
[2,  3380] loss: 47235841.450
[2,  3400] loss: 68569852.350
[2,  3420] loss: 49400239.025
[2,  3440] loss: 61690855.100
[2,  3460] loss: 54743770.400
[2,  3480] loss: 54371825.100
[2,  3500] loss: 42376605.350
[2,  3520] loss: 44298389.100
[2,  3540] loss: 43653624.075
[2,  3560] loss: 33268347.175
[2,  3580] loss: 33467333.075
[2,  3600] loss: 33282112.975
[2,  3620] loss: 52641688.000
[2,  3640] loss: 37275128.100
[2,  3660] loss: 41870405.400
[2,  3680] loss: 50072825.250
[2,  3700] loss: 31681225.519
[2,  3720] loss: 36325974.975
[2,  3740] loss: 47270718.775
[2,  3760] loss: 29851274.600
[2,  3780] loss: 28816517.450
[2,  3800] loss: 37803146.000
[2,  3820] loss: 28183665.938
[2,  3840] loss: 41727768.275
[2,  3860] loss: 22631978.050
[2,  3880] loss: 33644183.663
[2,  3900] loss: 36645775.850
[2,  3920] loss: 41095731.025
[2,  3940] loss: 27775197.700
[2,  3960] loss: 22964748.062
[2,  3980] loss: 33974693.250
[2,  4000] loss: 23158765.475
[2,  4020] loss: 47965099.800
[2,  4040] loss: 31714074.575
[2,  4060] loss: 36597160.675
[2,  4080] loss: 32579104.637
[2,  4100] loss: 33163393.762
[2,  4120] loss: 27995224.988
[2,  4140] loss: 30512530.312
[2,  4160] loss: 20816561.625
[2,  4180] loss: 25500808.500
[2,  4200] loss: 23537542.438
[2,  4220] loss: 20489972.628
[2,  4240] loss: 21944996.350
[2,  4260] loss: 28321525.725
[2,  4280] loss: 24793171.712
[2,  4300] loss: 20961527.712
[2,  4320] loss: 23575243.062
[2,  4340] loss: 16543264.525
[2,  4360] loss: 21930130.625
[2,  4380] loss: 22186742.837
[2,  4400] loss: 25618103.700
[2,  4420] loss: 24492746.275
[2,  4440] loss: 20638605.475
[2,  4460] loss: 19220431.875
[2,  4480] loss: 18851230.850
[2,  4500] loss: 15737685.287
[2,  4520] loss: 17110347.275
[2,  4540] loss: 22903079.275
[2,  4560] loss: 18536811.675
[2,  4580] loss: 17726415.863
[2,  4600] loss: 23024025.525
[2,  4620] loss: 13956254.116
[2,  4640] loss: 18540622.075
[2,  4660] loss: 18229885.387
[2,  4680] loss: 15105800.475
[2,  4700] loss: 14199937.650
[2,  4720] loss: 12689390.000
[2,  4740] loss: 12656035.787
[2,  4760] loss: 15413846.716
[2,  4780] loss: 17459176.175
[2,  4800] loss: 13852284.387
[2,  4820] loss: 13512119.206
[2,  4840] loss: 12937912.700
[2,  4860] loss: 16902333.475
[2,  4880] loss: 14547658.738
[2,  4900] loss: 18186181.613
[2,  4920] loss: 19324084.712
[2,  4940] loss: 18296101.100
[2,  4960] loss: 14825887.238
[2,  4980] loss: 14820793.100
[2,  5000] loss: 11936090.062
[2,  5020] loss: 13983196.963
[2,  5040] loss: 15316416.975
[2,  5060] loss: 9785891.347
[2,  5080] loss: 18880187.613
[2,  5100] loss: 16885547.738
[2,  5120] loss: 13821609.300
[2,  5140] loss: 10213931.509
[2,  5160] loss: 12226277.463
[2,  5180] loss: 14495759.762
[2,  5200] loss: 14800270.863
[2,  5220] loss: 15270207.159
[2,  5240] loss: 14158421.450
[2,  5260] loss: 11559319.397
[2,  5280] loss: 9980297.100
[2,  5300] loss: 15562442.300
[2,  5320] loss: 10147574.512
[2,  5340] loss: 9364559.881
[2,  5360] loss: 12796131.081
[2,  5380] loss: 13929191.275
[2,  5400] loss: 10653351.387
[2,  5420] loss: 10915381.938
[2,  5440] loss: 9899962.300
[2,  5460] loss: 9487494.950
[2,  5480] loss: 10857077.100
[2,  5500] loss: 9078115.463
[2,  5520] loss: 8829970.512
[2,  5540] loss: 9750479.003
[2,  5560] loss: 13491107.225
[2,  5580] loss: 12870484.119
[2,  5600] loss: 9732154.262
[2,  5620] loss: 8336734.156
[2,  5640] loss: 5515721.594
[2,  5660] loss: 10340487.019
[2,  5680] loss: 10052358.469
[2,  5700] loss: 8364661.050
[2,  5720] loss: 6888281.422
[2,  5740] loss: 11600889.975
[2,  5760] loss: 6259810.831
[2,  5780] loss: 8338394.675
[2,  5800] loss: 4698699.159
[2,  5820] loss: 5402199.947
[2,  5840] loss: 8216125.963
[2,  5860] loss: 6210983.573
[2,  5880] loss: 5165986.369
[2,  5900] loss: 6582657.325
[2,  5920] loss: 7175600.175
[2,  5940] loss: 6633713.516
[2,  5960] loss: 6851837.947
[2,  5980] loss: 7834020.263
[2,  6000] loss: 5811474.784
[2,  6020] loss: 7345631.714
[2,  6040] loss: 7465482.681
[2,  6060] loss: 11994267.725
[2,  6080] loss: 7932798.450
[3,    20] loss: 5159628.695
[3,    40] loss: 6649587.713
[3,    60] loss: 4503241.806
[3,    80] loss: 6950166.820
[3,   100] loss: 5575101.961
[3,   120] loss: 3961885.957
[3,   140] loss: 4853465.416
[3,   160] loss: 5434175.763
[3,   180] loss: 5925228.128
[3,   200] loss: 4201868.795
[3,   220] loss: 5347126.541
[3,   240] loss: 5657155.436
[3,   260] loss: 5654679.731
[3,   280] loss: 4369928.389
[3,   300] loss: 3648260.170
[3,   320] loss: 4043167.147
[3,   340] loss: 3972561.391
[3,   360] loss: 4354960.531
[3,   380] loss: 3874286.369
[3,   400] loss: 5097390.781
[3,   420] loss: 4324105.091
[3,   440] loss: 5834052.872
[3,   460] loss: 3903898.173
[3,   480] loss: 3553418.869
[3,   500] loss: 5349311.716
[3,   520] loss: 5825559.692
[3,   540] loss: 5317415.184
[3,   560] loss: 4966153.034
[3,   580] loss: 3398029.122
[3,   600] loss: 3766226.450
[3,   620] loss: 4451164.975
[3,   640] loss: 4784070.156
[3,   660] loss: 4086472.303
[3,   680] loss: 3781774.600
[3,   700] loss: 3842102.919
[3,   720] loss: 3383377.869
[3,   740] loss: 3166030.744
[3,   760] loss: 4283562.700
[3,   780] loss: 4359794.161
[3,   800] loss: 3239737.878
[3,   820] loss: 3340914.975
[3,   840] loss: 4767824.769
[3,   860] loss: 3760144.212
[3,   880] loss: 3531720.730
[3,   900] loss: 3300867.747
[3,   920] loss: 3850678.403
[3,   940] loss: 5992213.225
[3,   960] loss: 3154613.628
[3,   980] loss: 2865774.559
[3,  1000] loss: 3442342.156
[3,  1020] loss: 3187816.041
[3,  1040] loss: 3570239.044
[3,  1060] loss: 2193252.584
[3,  1080] loss: 3303376.353
[3,  1100] loss: 2687795.808
[3,  1120] loss: 3162216.006
[3,  1140] loss: 2662233.875
[3,  1160] loss: 2390606.756
[3,  1180] loss: 3003008.619
[3,  1200] loss: 2429711.681
[3,  1220] loss: 3112984.934
[3,  1240] loss: 2681461.013
[3,  1260] loss: 3265657.528
[3,  1280] loss: 2953112.625
[3,  1300] loss: 2616532.042
[3,  1320] loss: 2409070.294
[3,  1340] loss: 2735006.403
[3,  1360] loss: 4240293.209
[3,  1380] loss: 2890811.656
[3,  1400] loss: 2484790.852
[3,  1420] loss: 1936202.053
[3,  1440] loss: 2491089.072
[3,  1460] loss: 2019576.853
[3,  1480] loss: 3212049.125
[3,  1500] loss: 2479053.706
[3,  1520] loss: 1841362.608
[3,  1540] loss: 2021619.045
[3,  1560] loss: 2688146.764
[3,  1580] loss: 1578227.159
[3,  1600] loss: 2280341.219
[3,  1620] loss: 2183450.303
[3,  1640] loss: 3020776.389
[3,  1660] loss: 1759595.168
[3,  1680] loss: 2071396.541
[3,  1700] loss: 2305479.886
[3,  1720] loss: 1823644.078
[3,  1740] loss: 2218159.394
[3,  1760] loss: 1820492.834
[3,  1780] loss: 2223949.891
[3,  1800] loss: 2291569.039
[3,  1820] loss: 2196309.242
[3,  1840] loss: 2090577.903
[3,  1860] loss: 1956583.627
[3,  1880] loss: 1664567.062
[3,  1900] loss: 1242814.377
[3,  1920] loss: 2535740.471
[3,  1940] loss: 1685099.704
[3,  1960] loss: 1849403.881
[3,  1980] loss: 1895026.933
[3,  2000] loss: 1667882.917
[3,  2020] loss: 1639382.216
[3,  2040] loss: 1649354.475
[3,  2060] loss: 1723444.875
[3,  2080] loss: 1278722.796
[3,  2100] loss: 1447048.158
[3,  2120] loss: 1824977.248
[3,  2140] loss: 1732216.184
[3,  2160] loss: 1887848.915
[3,  2180] loss: 1446940.973
[3,  2200] loss: 1669248.877
[3,  2220] loss: 1585021.148
[3,  2240] loss: 1504191.680
[3,  2260] loss: 1546654.049
[3,  2280] loss: 1520089.012
[3,  2300] loss: 2646104.513
[3,  2320] loss: 1678243.795
[3,  2340] loss: 1496092.267
[3,  2360] loss: 1184009.161
[3,  2380] loss: 1562707.200
[3,  2400] loss: 975962.063
[3,  2420] loss: 1169917.683
[3,  2440] loss: 1307828.025
[3,  2460] loss: 1294654.734
[3,  2480] loss: 1401425.952
[3,  2500] loss: 1410342.714
[3,  2520] loss: 1781870.439
[3,  2540] loss: 1099793.270
[3,  2560] loss: 1219916.188
[3,  2580] loss: 1662379.922
[3,  2600] loss: 1517082.462
[3,  2620] loss: 1112791.105
[3,  2640] loss: 1329296.309
[3,  2660] loss: 1605034.283
[3,  2680] loss: 843001.201
[3,  2700] loss: 929655.234
[3,  2720] loss: 1247579.603
[3,  2740] loss: 1220601.975
[3,  2760] loss: 1118253.200
[3,  2780] loss: 1016813.555
[3,  2800] loss: 1285834.514
[3,  2820] loss: 875414.282
[3,  2840] loss: 1329153.433
[3,  2860] loss: 1211344.930
[3,  2880] loss: 1125643.034
[3,  2900] loss: 1005616.300
[3,  2920] loss: 1271354.481
[3,  2940] loss: 922898.541
[3,  2960] loss: 785383.462
[3,  2980] loss: 1125924.733
[3,  3000] loss: 988711.026
[3,  3020] loss: 829661.060
[3,  3040] loss: 1145018.455
[3,  3060] loss: 1274108.178
[3,  3080] loss: 963204.983
[3,  3100] loss: 616812.591
[3,  3120] loss: 923458.392
[3,  3140] loss: 875646.848
[3,  3160] loss: 939131.061
[3,  3180] loss: 880865.855
[3,  3200] loss: 973932.042
[3,  3220] loss: 1105674.300
[3,  3240] loss: 867617.261
[3,  3260] loss: 934229.804
[3,  3280] loss: 933432.110
[3,  3300] loss: 975050.617
[3,  3320] loss: 1139315.000
[3,  3340] loss: 603366.375
[3,  3360] loss: 1049727.641
[3,  3380] loss: 630133.003
[3,  3400] loss: 675081.441
[3,  3420] loss: 529595.021
[3,  3440] loss: 658523.936
[3,  3460] loss: 826195.137
[3,  3480] loss: 692119.811
[3,  3500] loss: 525157.823
[3,  3520] loss: 746514.525
[3,  3540] loss: 810168.670
[3,  3560] loss: 574547.028
[3,  3580] loss: 796159.636
[3,  3600] loss: 686651.072
[3,  3620] loss: 922636.370
[3,  3640] loss: 639530.844
[3,  3660] loss: 751531.280
[3,  3680] loss: 767005.081
[3,  3700] loss: 557864.383
[3,  3720] loss: 608123.360
[3,  3740] loss: 812584.170
[3,  3760] loss: 675250.841
[3,  3780] loss: 581009.549
[3,  3800] loss: 912514.530
[3,  3820] loss: 629686.622
[3,  3840] loss: 1097403.211
[3,  3860] loss: 1285632.403
[3,  3880] loss: 476587.037
[3,  3900] loss: 423345.062
[3,  3920] loss: 517992.827
[3,  3940] loss: 624373.380
[3,  3960] loss: 830755.405
[3,  3980] loss: 795173.334
[3,  4000] loss: 539352.073
[3,  4020] loss: 457688.216
[3,  4040] loss: 689784.159
[3,  4060] loss: 653502.881
[3,  4080] loss: 797363.141
[3,  4100] loss: 710570.956
[3,  4120] loss: 429267.121
[3,  4140] loss: 613394.909
[3,  4160] loss: 714408.518
[3,  4180] loss: 472784.005
[3,  4200] loss: 436921.918
[3,  4220] loss: 492652.094
[3,  4240] loss: 481057.208
[3,  4260] loss: 346111.649
[3,  4280] loss: 543406.398
[3,  4300] loss: 516579.506
[3,  4320] loss: 500519.755
[3,  4340] loss: 507872.857
[3,  4360] loss: 534055.130
[3,  4380] loss: 452496.358
[3,  4400] loss: 320900.906
[3,  4420] loss: 404371.338
[3,  4440] loss: 466860.478
[3,  4460] loss: 493733.056
[3,  4480] loss: 335546.336
[3,  4500] loss: 330995.635
[3,  4520] loss: 529506.281
[3,  4540] loss: 348724.613
[3,  4560] loss: 472825.205
[3,  4580] loss: 396257.779
[3,  4600] loss: 355542.556
[3,  4620] loss: 333078.783
[3,  4640] loss: 1046474.225
[3,  4660] loss: 1052999.545
[3,  4680] loss: 778337.065
[3,  4700] loss: 435700.009
[3,  4720] loss: 517261.765
[3,  4740] loss: 661990.598
[3,  4760] loss: 565489.667
[3,  4780] loss: 490824.189
[3,  4800] loss: 557454.831
[3,  4820] loss: 352607.635
[3,  4840] loss: 409878.938
[3,  4860] loss: 383852.925
[3,  4880] loss: 235349.211
[3,  4900] loss: 235367.808
[3,  4920] loss: 279409.161
[3,  4940] loss: 315466.327
[3,  4960] loss: 329156.257
[3,  4980] loss: 253116.662
[3,  5000] loss: 258384.460
[3,  5020] loss: 213283.630
[3,  5040] loss: 382025.186
[3,  5060] loss: 321079.201
[3,  5080] loss: 265673.034
[3,  5100] loss: 395694.842
[3,  5120] loss: 334396.779
[3,  5140] loss: 309348.130
[3,  5160] loss: 326352.993
[3,  5180] loss: 221523.451
[3,  5200] loss: 286317.532
[3,  5220] loss: 448129.762
[3,  5240] loss: 306353.723
[3,  5260] loss: 340093.969
[3,  5280] loss: 529008.221
[3,  5300] loss: 462153.030
[3,  5320] loss: 263507.996
[3,  5340] loss: 472168.334
[3,  5360] loss: 765796.152
[3,  5380] loss: 935312.489
[3,  5400] loss: 425610.469
[3,  5420] loss: 452327.318
[3,  5440] loss: 858824.249
[3,  5460] loss: 1354258.448
[3,  5480] loss: 989034.346
[3,  5500] loss: 459768.511
[3,  5520] loss: 458577.936
[3,  5540] loss: 305363.297
[3,  5560] loss: 174607.868
[3,  5580] loss: 281331.587
[3,  5600] loss: 391310.886
[3,  5620] loss: 480388.742
[3,  5640] loss: 205457.714
[3,  5660] loss: 280551.496
[3,  5680] loss: 378765.117
[3,  5700] loss: 420574.759
[3,  5720] loss: 397240.036
[3,  5740] loss: 314771.710
[3,  5760] loss: 379432.367
[3,  5780] loss: 417670.875
[3,  5800] loss: 251211.584
[3,  5820] loss: 344400.172
[3,  5840] loss: 363497.857
[3,  5860] loss: 498447.604
[3,  5880] loss: 392843.804
[3,  5900] loss: 357102.428
[3,  5920] loss: 241141.295
[3,  5940] loss: 435117.697
[3,  5960] loss: 241478.274
[3,  5980] loss: 231469.525
[3,  6000] loss: 253309.805
[3,  6020] loss: 286691.305
[3,  6040] loss: 243385.964
[3,  6060] loss: 348598.807
[3,  6080] loss: 266233.139
[1,    20] loss: 2039237.681
[1,    40] loss: 1758622.035
[1,    60] loss: 1391082.885
[1,    80] loss: 1230066.056
[1,   100] loss: 1014857.673
[1,   120] loss: 856797.547
[1,   140] loss: 744036.809
[1,   160] loss: 655148.333
[1,   180] loss: 591503.837
[1,   200] loss: 549132.767
[1,   220] loss: 526560.467
[1,   240] loss: 494727.671
[1,   260] loss: 468290.962
[1,   280] loss: 439488.348
[1,   300] loss: 412264.268
[1,   320] loss: 395464.134
[1,   340] loss: 401525.328
[1,   360] loss: 414844.207
[1,   380] loss: 411913.210
[1,   400] loss: 396601.805
[1,   420] loss: 380074.200
[1,   440] loss: 365050.518
[1,   460] loss: 367743.280
[1,   480] loss: 371147.074
[1,   500] loss: 367599.449
[1,   520] loss: 356922.244
[1,   540] loss: 345434.670
[1,   560] loss: 334763.361
[1,   580] loss: 325233.208
[1,   600] loss: 318706.634
[1,   620] loss: 344118.278
[1,   640] loss: 375260.625
[1,   660] loss: 380551.581
[2,    20] loss: 2039237.681
[2,    40] loss: 1758622.035
[2,    60] loss: 1391082.885
[2,    80] loss: 1230066.056
[2,   100] loss: 1014857.673
[2,   120] loss: 856797.547
[2,   140] loss: 744036.809
[2,   160] loss: 655148.333
[2,   180] loss: 591503.837
[2,   200] loss: 549132.767
[2,   220] loss: 526560.467
[2,   240] loss: 494727.671
[2,   260] loss: 468290.962
[2,   280] loss: 439488.348
[2,   300] loss: 412264.268
[2,   320] loss: 395464.134
[2,   340] loss: 401525.328
[2,   360] loss: 414844.207
[2,   380] loss: 411913.210
[2,   400] loss: 396601.805
[2,   420] loss: 380074.200
[2,   440] loss: 365050.518
[2,   460] loss: 367743.280
[2,   480] loss: 371147.074
[2,   500] loss: 367599.449
[2,   520] loss: 356922.244
[2,   540] loss: 345434.670
[2,   560] loss: 334763.361
[2,   580] loss: 325233.208
[2,   600] loss: 318706.634
[2,   620] loss: 344118.278
[2,   640] loss: 375260.625
[2,   660] loss: 380551.581
[3,    20] loss: 2039237.681
[3,    40] loss: 1758622.035
[3,    60] loss: 1391082.885
[3,    80] loss: 1230066.056
[3,   100] loss: 1014857.673
[3,   120] loss: 856797.547
[3,   140] loss: 744036.809
[3,   160] loss: 655148.333
[3,   180] loss: 591503.837
[3,   200] loss: 549132.767
[3,   220] loss: 526560.467
[3,   240] loss: 494727.671
[3,   260] loss: 468290.962
[3,   280] loss: 439488.348
[3,   300] loss: 412264.268
[3,   320] loss: 395464.134
[3,   340] loss: 401525.328
[3,   360] loss: 414844.207
[3,   380] loss: 411913.210
[3,   400] loss: 396601.805
[3,   420] loss: 380074.200
[3,   440] loss: 365050.518
[3,   460] loss: 367743.280
[3,   480] loss: 371147.074
[3,   500] loss: 367599.449
[3,   520] loss: 356922.244
[3,   540] loss: 345434.670
[3,   560] loss: 334763.361
[3,   580] loss: 325233.208
[3,   600] loss: 318706.634
[3,   620] loss: 344118.278
[3,   640] loss: 375260.625
[3,   660] loss: 380551.581
