cuda:  1
color_space: YCbCr
batch_size: 5
num_epcochs: 3
learning_rate: 0.003
[1,    20] loss: 2.267
[1,    40] loss: 11.617
[1,    60] loss: 0.460
[1,    80] loss: 0.101
[1,   100] loss: 0.059
[1,   120] loss: 0.086
[1,   140] loss: 0.086
[1,   160] loss: 0.061
[1,   180] loss: 0.114
[1,   200] loss: 0.062
[1,   220] loss: 0.083
[1,   240] loss: 0.060
[1,   260] loss: 0.076
[1,   280] loss: 0.073
[1,   300] loss: 0.071
[1,   320] loss: 0.093
[1,   340] loss: 0.079
[1,   360] loss: 0.038
[1,   380] loss: 0.043
[1,   400] loss: 0.072
[1,   420] loss: 0.089
[1,   440] loss: 0.113
[1,   460] loss: 0.123
[1,   480] loss: 0.114
[1,   500] loss: 0.115
[1,   520] loss: 0.052
[1,   540] loss: 0.096
[1,   560] loss: 0.067
[1,   580] loss: 0.076
[1,   600] loss: 0.104
[1,   620] loss: 0.084
[1,   640] loss: 0.075
[1,   660] loss: 0.102
[1,   680] loss: 0.067
[1,   700] loss: 0.103
[1,   720] loss: 0.044
[1,   740] loss: 0.116
[1,   760] loss: 0.064
[1,   780] loss: 0.066
[1,   800] loss: 0.081
[1,   820] loss: 0.090
[1,   840] loss: 0.109
[1,   860] loss: 0.092
[1,   880] loss: 0.050
[1,   900] loss: 0.069
[1,   920] loss: 0.048
[1,   940] loss: 0.038
[1,   960] loss: 0.059
[1,   980] loss: 0.075
[1,  1000] loss: 0.105
[1,  1020] loss: 0.077
[1,  1040] loss: 0.072
[1,  1060] loss: 0.099
[1,  1080] loss: 0.062
[1,  1100] loss: 0.129
[1,  1120] loss: 0.054
[1,  1140] loss: 0.058
[1,  1160] loss: 0.053
[1,  1180] loss: 0.093
[1,  1200] loss: 0.094
[1,  1220] loss: 0.063
[1,  1240] loss: 0.074
[1,  1260] loss: 0.041
[1,  1280] loss: 0.088
[1,  1300] loss: 0.045
[1,  1320] loss: 0.048
[1,  1340] loss: 0.040
[1,  1360] loss: 0.096
[1,  1380] loss: 0.035
[1,  1400] loss: 0.068
[1,  1420] loss: 0.082
[1,  1440] loss: 0.062
[1,  1460] loss: 0.072
[1,  1480] loss: 0.061
[1,  1500] loss: 0.035
[1,  1520] loss: 0.142
[1,  1540] loss: 0.072
[1,  1560] loss: 0.070
[1,  1580] loss: 0.045
[1,  1600] loss: 0.074
[1,  1620] loss: 0.064
[1,  1640] loss: 0.045
[1,  1660] loss: 0.137
[1,  1680] loss: 0.059
[1,  1700] loss: 0.063
[1,  1720] loss: 0.100
[1,  1740] loss: 0.060
[1,  1760] loss: 0.090
[1,  1780] loss: 0.111
[1,  1800] loss: 0.093
[1,  1820] loss: 0.062
[1,  1840] loss: 0.068
[1,  1860] loss: 0.109
[1,  1880] loss: 0.052
[1,  1900] loss: 0.076
[1,  1920] loss: 0.094
[1,  1940] loss: 0.069
[1,  1960] loss: 0.098
[1,  1980] loss: 0.075
[1,  2000] loss: 0.102
[1,  2020] loss: 0.034
[1,  2040] loss: 0.119
[1,  2060] loss: 0.030
[1,  2080] loss: 0.108
[1,  2100] loss: 0.117
[1,  2120] loss: 0.040
[1,  2140] loss: 0.065
[1,  2160] loss: 0.041
[1,  2180] loss: 0.053
[1,  2200] loss: 0.113
[1,  2220] loss: 0.062
[1,  2240] loss: 0.072
[1,  2260] loss: 0.078
[1,  2280] loss: 0.051
[1,  2300] loss: 0.042
[1,  2320] loss: 0.042
[1,  2340] loss: 0.100
[1,  2360] loss: 0.069
[1,  2380] loss: 0.042
[1,  2400] loss: 0.087
[1,  2420] loss: 0.104
[1,  2440] loss: 0.107
[1,  2460] loss: 0.053
[1,  2480] loss: 0.108
[1,  2500] loss: 0.093
[1,  2520] loss: 0.127
[1,  2540] loss: 0.050
[1,  2560] loss: 0.062
[1,  2580] loss: 0.068
[1,  2600] loss: 0.054
[1,  2620] loss: 0.034
[1,  2640] loss: 0.035
[1,  2660] loss: 0.040
[1,  2680] loss: 0.180
[1,  2700] loss: 0.060
[1,  2720] loss: 0.058
[1,  2740] loss: 0.085
[1,  2760] loss: 0.066
[1,  2780] loss: 0.054
[1,  2800] loss: 0.078
[1,  2820] loss: 0.058
[1,  2840] loss: 0.073
[1,  2860] loss: 0.043
[1,  2880] loss: 0.033
[1,  2900] loss: 0.036
[1,  2920] loss: 0.053
[1,  2940] loss: 0.078
[1,  2960] loss: 0.053
[1,  2980] loss: 0.049
[1,  3000] loss: 0.057
[1,  3020] loss: 0.087
[1,  3040] loss: 0.075
[1,  3060] loss: 0.032
[1,  3080] loss: 0.066
[1,  3100] loss: 0.082
[1,  3120] loss: 0.062
[1,  3140] loss: 0.049
[1,  3160] loss: 0.058
[1,  3180] loss: 0.066
[1,  3200] loss: 0.039
[1,  3220] loss: 0.058
[1,  3240] loss: 0.065
[1,  3260] loss: 0.045
[1,  3280] loss: 0.061
[1,  3300] loss: 0.071
[1,  3320] loss: 0.103
[1,  3340] loss: 0.056
[1,  3360] loss: 0.049
[1,  3380] loss: 0.138
[1,  3400] loss: 0.084
[1,  3420] loss: 0.079
[1,  3440] loss: 0.077
[1,  3460] loss: 0.076
[1,  3480] loss: 0.080
[1,  3500] loss: 0.064
[1,  3520] loss: 0.049
[1,  3540] loss: 0.086
[1,  3560] loss: 0.060
[1,  3580] loss: 0.094
[1,  3600] loss: 0.034
[1,  3620] loss: 0.097
[1,  3640] loss: 0.043
[1,  3660] loss: 0.047
[1,  3680] loss: 0.036
[1,  3700] loss: 0.051
[1,  3720] loss: 0.107
[1,  3740] loss: 0.046
[1,  3760] loss: 0.044
[1,  3780] loss: 0.055
[1,  3800] loss: 0.060
[1,  3820] loss: 0.064
[1,  3840] loss: 0.098
[1,  3860] loss: 0.037
[1,  3880] loss: 0.049
[1,  3900] loss: 0.043
[1,  3920] loss: 0.111
[1,  3940] loss: 0.164
[1,  3960] loss: 0.052
[1,  3980] loss: 0.075
[1,  4000] loss: 0.065
[1,  4020] loss: 0.039
[1,  4040] loss: 0.082
[1,  4060] loss: 0.077
[1,  4080] loss: 0.033
[1,  4100] loss: 0.057
[1,  4120] loss: 0.075
[1,  4140] loss: 0.088
[1,  4160] loss: 0.039
[1,  4180] loss: 0.079
[1,  4200] loss: 0.050
[1,  4220] loss: 0.055
[1,  4240] loss: 0.024
[1,  4260] loss: 0.092
[1,  4280] loss: 0.055
[1,  4300] loss: 0.112
[1,  4320] loss: 0.059
[1,  4340] loss: 0.106
[1,  4360] loss: 0.071
[1,  4380] loss: 0.071
[1,  4400] loss: 0.056
[1,  4420] loss: 0.044
[1,  4440] loss: 0.046
[1,  4460] loss: 0.053
[1,  4480] loss: 0.043
[1,  4500] loss: 0.085
[1,  4520] loss: 0.090
[1,  4540] loss: 0.097
[1,  4560] loss: 0.070
[1,  4580] loss: 0.090
[1,  4600] loss: 0.062
[1,  4620] loss: 0.027
[1,  4640] loss: 0.070
[1,  4660] loss: 0.081
[1,  4680] loss: 0.061
[1,  4700] loss: 0.053
[1,  4720] loss: 0.103
[1,  4740] loss: 0.061
[1,  4760] loss: 0.064
[1,  4780] loss: 0.060
[1,  4800] loss: 0.061
[1,  4820] loss: 0.074
[1,  4840] loss: 0.051
[1,  4860] loss: 0.052
[1,  4880] loss: 0.050
[1,  4900] loss: 0.064
[1,  4920] loss: 0.075
[1,  4940] loss: 0.100
[1,  4960] loss: 0.078
[1,  4980] loss: 0.084
[1,  5000] loss: 0.074
[1,  5020] loss: 0.072
[1,  5040] loss: 0.105
[1,  5060] loss: 0.058
[1,  5080] loss: 0.083
[1,  5100] loss: 0.130
[1,  5120] loss: 0.034
[1,  5140] loss: 0.098
[1,  5160] loss: 0.042
[1,  5180] loss: 0.097
[1,  5200] loss: 0.101
[1,  5220] loss: 0.118
[1,  5240] loss: 0.064
[1,  5260] loss: 0.109
[1,  5280] loss: 0.127
[1,  5300] loss: 0.091
[1,  5320] loss: 0.100
[1,  5340] loss: 0.124
[1,  5360] loss: 0.095
[1,  5380] loss: 0.086
[1,  5400] loss: 0.045
[1,  5420] loss: 0.092
[1,  5440] loss: 0.059
[1,  5460] loss: 0.038
[1,  5480] loss: 0.065
[1,  5500] loss: 0.092
[1,  5520] loss: 0.065
[1,  5540] loss: 0.101
[1,  5560] loss: 0.041
[1,  5580] loss: 0.089
[1,  5600] loss: 0.054
[1,  5620] loss: 0.112
[1,  5640] loss: 0.045
[1,  5660] loss: 0.038
[1,  5680] loss: 0.050
[1,  5700] loss: 0.065
[1,  5720] loss: 0.100
[1,  5740] loss: 0.045
[1,  5760] loss: 0.037
[1,  5780] loss: 0.062
[1,  5800] loss: 0.089
[1,  5820] loss: 0.094
[1,  5840] loss: 0.047
[1,  5860] loss: 0.084
[1,  5880] loss: 0.079
[1,  5900] loss: 0.130
[1,  5920] loss: 0.065
[1,  5940] loss: 0.039
[1,  5960] loss: 0.071
[1,  5980] loss: 0.103
[1,  6000] loss: 0.076
[1,  6020] loss: 0.120
[1,  6040] loss: 0.111
[1,  6060] loss: 0.055
[1,  6080] loss: 0.090
[2,    20] loss: 0.052
[2,    40] loss: 0.095
[2,    60] loss: 0.072
[2,    80] loss: 0.126
[2,   100] loss: 0.133
[2,   120] loss: 0.066
[2,   140] loss: 0.103
[2,   160] loss: 0.057
[2,   180] loss: 0.093
[2,   200] loss: 0.100
[2,   220] loss: 0.073
[2,   240] loss: 0.093
[2,   260] loss: 0.065
[2,   280] loss: 0.075
[2,   300] loss: 0.088
[2,   320] loss: 0.129
[2,   340] loss: 0.129
[2,   360] loss: 0.133
[2,   380] loss: 0.034
[2,   400] loss: 0.045
[2,   420] loss: 0.061
[2,   440] loss: 0.098
[2,   460] loss: 0.051
[2,   480] loss: 0.079
[2,   500] loss: 120249.196
[2,   520] loss: 68493211690.075
[2,   540] loss: 546048603392.000
[2,   560] loss: 1596610656434.400
[2,   580] loss: 63296518195.200
[2,   600] loss: 6961934310.400
[2,   620] loss: 1127575132.000
[2,   640] loss: 354071036.000
[2,   660] loss: 106770777.750
[2,   680] loss: 122115855.800
[2,   700] loss: 110946935.075
[2,   720] loss: 130286682.000
[2,   740] loss: 106073227.100
[2,   760] loss: 96355419.125
[2,   780] loss: 104466697.069
[2,   800] loss: 57374074.650
[2,   820] loss: 69431773.350
[2,   840] loss: 46339488.900
[2,   860] loss: 40915428.125
[2,   880] loss: 46037979.700
[2,   900] loss: 45046819.625
[2,   920] loss: 48557530.450
[2,   940] loss: 50783827.050
[2,   960] loss: 42199914.950
[2,   980] loss: 31972969.275
[2,  1000] loss: 28634959.575
[2,  1020] loss: 31241498.650
[2,  1040] loss: 28111118.359
[2,  1060] loss: 29202783.725
[2,  1080] loss: 37886571.475
[2,  1100] loss: 32125254.275
[2,  1120] loss: 45042975.275
[2,  1140] loss: 40452465.225
[2,  1160] loss: 34360201.925
[2,  1180] loss: 34116220.150
[2,  1200] loss: 23231763.750
[2,  1220] loss: 22803702.300
[2,  1240] loss: 25129912.738
[2,  1260] loss: 25398234.988
[2,  1280] loss: 27713578.425
[2,  1300] loss: 27458546.938
[2,  1320] loss: 26115861.900
[2,  1340] loss: 20867663.575
[2,  1360] loss: 20937783.863
[2,  1380] loss: 24653397.700
[2,  1400] loss: 22646086.300
[2,  1420] loss: 17721915.150
[2,  1440] loss: 12812722.050
[2,  1460] loss: 12619715.025
[2,  1480] loss: 16926872.675
[2,  1500] loss: 17436722.363
[2,  1520] loss: 17651076.413
[2,  1540] loss: 14807243.044
[2,  1560] loss: 13345614.887
[2,  1580] loss: 13975487.925
[2,  1600] loss: 16781582.250
[2,  1620] loss: 16578398.488
[2,  1640] loss: 13228848.338
[2,  1660] loss: 13671221.681
[2,  1680] loss: 12921894.738
[2,  1700] loss: 11407485.250
[2,  1720] loss: 14387726.956
[2,  1740] loss: 9563236.463
[2,  1760] loss: 11485564.344
[2,  1780] loss: 12648736.700
[2,  1800] loss: 13030225.838
[2,  1820] loss: 13169557.244
[2,  1840] loss: 10570891.588
[2,  1860] loss: 10560080.966
[2,  1880] loss: 9257851.488
[2,  1900] loss: 8894048.731
[2,  1920] loss: 12076003.550
[2,  1940] loss: 7320002.275
[2,  1960] loss: 10786862.944
[2,  1980] loss: 10573291.450
[2,  2000] loss: 10658578.019
[2,  2020] loss: 10041179.331
[2,  2040] loss: 8049326.388
[2,  2060] loss: 11650657.872
[2,  2080] loss: 12791762.194
[2,  2100] loss: 9484287.438
[2,  2120] loss: 12130415.963
[2,  2140] loss: 10230679.331
[2,  2160] loss: 8030671.466
[2,  2180] loss: 7954633.963
[2,  2200] loss: 7971907.619
[2,  2220] loss: 10324646.963
[2,  2240] loss: 7859662.181
[2,  2260] loss: 8168651.606
[2,  2280] loss: 7302404.691
[2,  2300] loss: 6942127.059
[2,  2320] loss: 7045013.878
[2,  2340] loss: 7941671.644
[2,  2360] loss: 8183919.588
[2,  2380] loss: 11106999.581
[2,  2400] loss: 5949608.588
[2,  2420] loss: 6618202.606
[2,  2440] loss: 6823274.100
[2,  2460] loss: 5572667.400
[2,  2480] loss: 7762781.275
[2,  2500] loss: 6505146.234
[2,  2520] loss: 7848280.797
[2,  2540] loss: 4415334.263
[2,  2560] loss: 6399142.338
[2,  2580] loss: 5933655.412
[2,  2600] loss: 5410574.112
[2,  2620] loss: 6773463.531
[2,  2640] loss: 4901856.213
[2,  2660] loss: 7535571.987
[2,  2680] loss: 4474651.273
[2,  2700] loss: 6760652.675
[2,  2720] loss: 5409311.009
[2,  2740] loss: 6612539.088
[2,  2760] loss: 5071868.402
[2,  2780] loss: 6471306.895
[2,  2800] loss: 5370579.263
[2,  2820] loss: 6594619.864
[2,  2840] loss: 4009094.331
[2,  2860] loss: 3951705.562
[2,  2880] loss: 5560572.830
[2,  2900] loss: 5538763.809
[2,  2920] loss: 6682007.225
[2,  2940] loss: 6022598.547
[2,  2960] loss: 5174375.016
[2,  2980] loss: 5472649.781
[2,  3000] loss: 4674238.641
[2,  3020] loss: 5634555.419
[2,  3040] loss: 4891957.706
[2,  3060] loss: 5047514.103
[2,  3080] loss: 4641548.981
[2,  3100] loss: 5671995.619
[2,  3120] loss: 5566082.269
[2,  3140] loss: 4180652.225
[2,  3160] loss: 5197703.300
[2,  3180] loss: 3964874.675
[2,  3200] loss: 4505121.109
[2,  3220] loss: 3516748.294
[2,  3240] loss: 3809906.847
[2,  3260] loss: 5475911.225
[2,  3280] loss: 3850420.491
[2,  3300] loss: 4560029.797
[2,  3320] loss: 4661028.669
[2,  3340] loss: 4175883.678
[2,  3360] loss: 4015623.181
[2,  3380] loss: 3380816.888
[2,  3400] loss: 4482466.580
[2,  3420] loss: 5067467.734
[2,  3440] loss: 3197244.256
[2,  3460] loss: 3569582.222
[2,  3480] loss: 2711515.997
[2,  3500] loss: 3588525.438
[2,  3520] loss: 2909874.256
[2,  3540] loss: 3217582.770
[2,  3560] loss: 2618517.628
[2,  3580] loss: 3381237.444
[2,  3600] loss: 3552922.231
[2,  3620] loss: 4146147.766
[2,  3640] loss: 3470931.781
[2,  3660] loss: 2339818.936
[2,  3680] loss: 4221234.564
[2,  3700] loss: 3198528.769
[2,  3720] loss: 2847511.591
[2,  3740] loss: 3458780.369
[2,  3760] loss: 3592108.484
[2,  3780] loss: 3348833.362
[2,  3800] loss: 2644624.875
[2,  3820] loss: 3067500.253
[2,  3840] loss: 3029588.853
[2,  3860] loss: 3594285.241
[2,  3880] loss: 2936349.398
[2,  3900] loss: 4939219.037
[2,  3920] loss: 2581078.122
[2,  3940] loss: 3196226.663
[2,  3960] loss: 2715954.816
[2,  3980] loss: 1906952.158
[2,  4000] loss: 3204768.300
[2,  4020] loss: 3396006.980
[2,  4040] loss: 3457293.553
[2,  4060] loss: 3312635.594
[2,  4080] loss: 2455713.797
[2,  4100] loss: 2465288.759
[2,  4120] loss: 3005752.328
[2,  4140] loss: 3883090.400
[2,  4160] loss: 4583931.775
[2,  4180] loss: 3515704.991
[2,  4200] loss: 3764870.163
[2,  4220] loss: 2462280.133
[2,  4240] loss: 2212856.353
[2,  4260] loss: 2467185.494
[2,  4280] loss: 2386188.048
[2,  4300] loss: 3350441.873
[2,  4320] loss: 2560128.603
[2,  4340] loss: 1927637.791
[2,  4360] loss: 2552632.816
[2,  4380] loss: 2229821.263
[2,  4400] loss: 1324128.420
[2,  4420] loss: 3395889.041
[2,  4440] loss: 2243255.158
[2,  4460] loss: 2264477.761
[2,  4480] loss: 1880600.119
[2,  4500] loss: 1878843.202
[2,  4520] loss: 2071907.125
[2,  4540] loss: 2829163.386
[2,  4560] loss: 2769299.961
[2,  4580] loss: 2774818.250
[2,  4600] loss: 2343453.000
[2,  4620] loss: 2513379.072
[2,  4640] loss: 1871013.664
[2,  4660] loss: 4047574.447
[2,  4680] loss: 1918117.898
[2,  4700] loss: 2169602.422
[2,  4720] loss: 4077660.601
[2,  4740] loss: 1906884.964
[2,  4760] loss: 3124815.378
[2,  4780] loss: 1481116.584
[2,  4800] loss: 1643693.397
[2,  4820] loss: 1669045.156
[2,  4840] loss: 2177718.386
[2,  4860] loss: 2043430.034
[2,  4880] loss: 2136891.449
[2,  4900] loss: 2111345.404
[2,  4920] loss: 2312512.434
[2,  4940] loss: 2240999.743
[2,  4960] loss: 1592993.672
[2,  4980] loss: 4387179.569
[2,  5000] loss: 1307283.827
[2,  5020] loss: 1391575.554
[2,  5040] loss: 1679580.345
[2,  5060] loss: 1267395.556
[2,  5080] loss: 1288685.992
[2,  5100] loss: 1862798.383
[2,  5120] loss: 2089435.227
[2,  5140] loss: 1485360.102
[2,  5160] loss: 1465598.393
[2,  5180] loss: 1557536.416
[2,  5200] loss: 1206794.506
[2,  5220] loss: 1393947.406
[2,  5240] loss: 1450282.587
[2,  5260] loss: 1562712.156
[2,  5280] loss: 1710668.072
[2,  5300] loss: 1484801.867
[2,  5320] loss: 1615266.969
[2,  5340] loss: 1637498.613
[2,  5360] loss: 1085062.740
[2,  5380] loss: 1750781.381
[2,  5400] loss: 1726535.402
[2,  5420] loss: 2427400.388
[2,  5440] loss: 1758116.712
[2,  5460] loss: 1390086.259
[2,  5480] loss: 1360885.528
[2,  5500] loss: 1556900.116
[2,  5520] loss: 1182786.173
[2,  5540] loss: 1496901.141
[2,  5560] loss: 1701512.327
[2,  5580] loss: 1522439.625
[2,  5600] loss: 1165043.038
[2,  5620] loss: 1307509.800
[2,  5640] loss: 1265809.476
[2,  5660] loss: 1075714.395
[2,  5680] loss: 1251408.470
[2,  5700] loss: 1588741.677
[2,  5720] loss: 862653.265
[2,  5740] loss: 1309941.380
[2,  5760] loss: 766587.012
[2,  5780] loss: 987994.148
[2,  5800] loss: 1147342.926
[2,  5820] loss: 1338495.895
[2,  5840] loss: 2434602.138
[2,  5860] loss: 1082142.753
[2,  5880] loss: 1027763.985
[2,  5900] loss: 1574445.738
[2,  5920] loss: 1715237.522
[2,  5940] loss: 972714.495
[2,  5960] loss: 1047742.589
[2,  5980] loss: 975053.544
[2,  6000] loss: 619623.399
[2,  6020] loss: 1093163.752
[2,  6040] loss: 1005010.026
[2,  6060] loss: 866712.637
[2,  6080] loss: 1020656.359
[3,    20] loss: 1330496.738
[3,    40] loss: 1228701.961
[3,    60] loss: 854964.086
[3,    80] loss: 1095074.627
[3,   100] loss: 1006226.455
[3,   120] loss: 1063612.485
[3,   140] loss: 1324254.117
[3,   160] loss: 1991251.746
[3,   180] loss: 1466852.449
[3,   200] loss: 979045.182
[3,   220] loss: 924933.887
[3,   240] loss: 979366.060
[3,   260] loss: 816192.059
[3,   280] loss: 818742.700
[3,   300] loss: 975361.378
[3,   320] loss: 891762.792
[3,   340] loss: 697744.137
[3,   360] loss: 812925.396
[3,   380] loss: 681276.736
[3,   400] loss: 1094284.230
[3,   420] loss: 963215.908
[3,   440] loss: 1079745.747
[3,   460] loss: 934878.683
[3,   480] loss: 765639.084
[3,   500] loss: 1426988.967
[3,   520] loss: 1041453.522
[3,   540] loss: 1894270.086
[3,   560] loss: 1479908.750
[3,   580] loss: 907564.995
[3,   600] loss: 931967.325
[3,   620] loss: 627006.285
[3,   640] loss: 1052720.478
[3,   660] loss: 1137471.347
[3,   680] loss: 1173137.881
[3,   700] loss: 815704.952
[3,   720] loss: 639608.691
[3,   740] loss: 1079997.777
[3,   760] loss: 902980.286
[3,   780] loss: 895060.382
[3,   800] loss: 848470.208
[3,   820] loss: 590073.187
[3,   840] loss: 739806.854
[3,   860] loss: 847854.543
[3,   880] loss: 947881.155
[3,   900] loss: 414975.425
[3,   920] loss: 815681.981
[3,   940] loss: 1364175.820
[3,   960] loss: 945936.124
[3,   980] loss: 722230.484
[3,  1000] loss: 1085200.345
[3,  1020] loss: 719062.988
[3,  1040] loss: 796292.339
[3,  1060] loss: 1280892.786
[3,  1080] loss: 1137514.847
[3,  1100] loss: 446893.537
[3,  1120] loss: 563785.561
[3,  1140] loss: 603606.657
[3,  1160] loss: 436748.549
[3,  1180] loss: 448909.510
[3,  1200] loss: 902163.244
[3,  1220] loss: 843854.339
[3,  1240] loss: 597868.760
[3,  1260] loss: 836849.202
[3,  1280] loss: 647827.466
[3,  1300] loss: 533161.170
[3,  1320] loss: 564690.397
[3,  1340] loss: 371542.271
[3,  1360] loss: 414686.339
[3,  1380] loss: 458903.235
[3,  1400] loss: 464839.546
[3,  1420] loss: 692139.840
[3,  1440] loss: 911786.699
[3,  1460] loss: 673630.527
[3,  1480] loss: 569332.775
[3,  1500] loss: 389720.902
[3,  1520] loss: 444523.443
[3,  1540] loss: 760825.255
[3,  1560] loss: 1491645.078
[3,  1580] loss: 1027841.632
[3,  1600] loss: 664457.707
[3,  1620] loss: 507831.438
[3,  1640] loss: 528240.934
[3,  1660] loss: 470673.454
[3,  1680] loss: 734811.096
[3,  1700] loss: 980286.661
[3,  1720] loss: 429608.157
[3,  1740] loss: 427183.577
[3,  1760] loss: 849472.613
[3,  1780] loss: 604305.951
[3,  1800] loss: 312225.235
[3,  1820] loss: 305671.107
[3,  1840] loss: 251374.134
[3,  1860] loss: 459877.760
[3,  1880] loss: 659601.644
[3,  1900] loss: 511035.382
[3,  1920] loss: 736736.744
[3,  1940] loss: 462214.431
[3,  1960] loss: 431300.191
[3,  1980] loss: 438919.268
[3,  2000] loss: 422791.166
[3,  2020] loss: 544000.817
[3,  2040] loss: 400886.263
[3,  2060] loss: 581353.259
[3,  2080] loss: 506164.734
[3,  2100] loss: 509474.257
[3,  2120] loss: 363051.396
[3,  2140] loss: 762436.730
[3,  2160] loss: 401127.738
[3,  2180] loss: 513841.573
[3,  2200] loss: 696670.209
[3,  2220] loss: 1136840.034
[3,  2240] loss: 1178685.872
[3,  2260] loss: 664361.616
[3,  2280] loss: 641394.723
[3,  2300] loss: 591052.309
[3,  2320] loss: 824244.634
[3,  2340] loss: 453541.657
[3,  2360] loss: 826295.909
[3,  2380] loss: 678995.828
[3,  2400] loss: 677581.302
[3,  2420] loss: 985266.379
[3,  2440] loss: 417992.553
[3,  2460] loss: 395358.821
[3,  2480] loss: 289012.333
[3,  2500] loss: 430607.629
[3,  2520] loss: 498725.406
[3,  2540] loss: 320776.534
[3,  2560] loss: 1081375.325
[3,  2580] loss: 1625843.653
[3,  2600] loss: 893008.243
[3,  2620] loss: 536015.571
[3,  2640] loss: 467236.540
[3,  2660] loss: 266139.086
[3,  2680] loss: 195691.466
[3,  2700] loss: 470018.957
[3,  2720] loss: 1038191.355
[3,  2740] loss: 429867.881
[3,  2760] loss: 233033.335
[3,  2780] loss: 283222.112
[3,  2800] loss: 664895.731
[3,  2820] loss: 173488.353
[3,  2840] loss: 210841.394
[3,  2860] loss: 330003.070
[3,  2880] loss: 234754.049
[3,  2900] loss: 161243.329
[3,  2920] loss: 134092.839
[3,  2940] loss: 208343.759
[3,  2960] loss: 523271.909
[3,  2980] loss: 516802.564
[3,  3000] loss: 411239.901
[3,  3020] loss: 205421.897
[3,  3040] loss: 151409.219
[3,  3060] loss: 190268.746
[3,  3080] loss: 125573.581
[3,  3100] loss: 229888.545
[3,  3120] loss: 481934.412
[3,  3140] loss: 376281.651
[3,  3160] loss: 446471.778
[3,  3180] loss: 139285.414
[3,  3200] loss: 127192.532
[3,  3220] loss: 297679.542
[3,  3240] loss: 155273.490
[3,  3260] loss: 170977.873
[3,  3280] loss: 357529.127
[3,  3300] loss: 302966.467
[3,  3320] loss: 279282.323
[3,  3340] loss: 193179.841
[3,  3360] loss: 257117.247
[3,  3380] loss: 201175.833
[3,  3400] loss: 278409.458
[3,  3420] loss: 146043.159
[3,  3440] loss: 235482.991
[3,  3460] loss: 403765.778
[3,  3480] loss: 215723.186
[3,  3500] loss: 285357.090
[3,  3520] loss: 387649.169
[3,  3540] loss: 237331.783
[3,  3560] loss: 277306.277
[3,  3580] loss: 272953.394
[3,  3600] loss: 704582.636
[3,  3620] loss: 910669.239
[3,  3640] loss: 599025.306
[3,  3660] loss: 301528.155
[3,  3680] loss: 324442.874
[3,  3700] loss: 330439.248
[3,  3720] loss: 211180.095
[3,  3740] loss: 325326.115
[3,  3760] loss: 234049.684
[3,  3780] loss: 577090.702
[3,  3800] loss: 155092.871
[3,  3820] loss: 239190.349
[3,  3840] loss: 128371.559
[3,  3860] loss: 350136.590
[3,  3880] loss: 109898.222
[3,  3900] loss: 287004.606
[3,  3920] loss: 137526.486
[3,  3940] loss: 132042.627
[3,  3960] loss: 147312.974
[3,  3980] loss: 224698.055
[3,  4000] loss: 202892.871
[3,  4020] loss: 126342.174
[3,  4040] loss: 96778.351
[3,  4060] loss: 176911.246
[3,  4080] loss: 252169.521
[3,  4100] loss: 250136.459
[3,  4120] loss: 460054.125
[3,  4140] loss: 693829.594
[3,  4160] loss: 319440.857
[3,  4180] loss: 342938.229
[3,  4200] loss: 279510.990
[3,  4220] loss: 748356.221
[3,  4240] loss: 993205.639
[3,  4260] loss: 503365.373
[3,  4280] loss: 165210.710
[3,  4300] loss: 112229.097
[3,  4320] loss: 74282.270
[3,  4340] loss: 91393.637
[3,  4360] loss: 88432.548
[3,  4380] loss: 219428.244
[3,  4400] loss: 227409.780
[3,  4420] loss: 170523.475
[3,  4440] loss: 90541.654
[3,  4460] loss: 156747.405
[3,  4480] loss: 179728.896
[3,  4500] loss: 183656.194
[3,  4520] loss: 232840.574
[3,  4540] loss: 442252.978
[3,  4560] loss: 382702.349
[3,  4580] loss: 274715.109
[3,  4600] loss: 560897.663
[3,  4620] loss: 643971.434
[3,  4640] loss: 983790.367
[3,  4660] loss: 586955.076
[3,  4680] loss: 404006.504
[3,  4700] loss: 245588.383
[3,  4720] loss: 291554.409
[3,  4740] loss: 153005.512
[3,  4760] loss: 239486.218
[3,  4780] loss: 180776.876
[3,  4800] loss: 100827.277
[3,  4820] loss: 100334.508
[3,  4840] loss: 141628.126
[3,  4860] loss: 86015.180
[3,  4880] loss: 59081.174
[3,  4900] loss: 96377.198
[3,  4920] loss: 94567.323
[3,  4940] loss: 62778.724
[3,  4960] loss: 33277.389
[3,  4980] loss: 50892.022
[3,  5000] loss: 107093.346
[3,  5020] loss: 167680.371
[3,  5040] loss: 259447.716
[3,  5060] loss: 187931.312
[3,  5080] loss: 276170.115
[3,  5100] loss: 1131014.998
[3,  5120] loss: 421215.643
[3,  5140] loss: 289380.942
[3,  5160] loss: 316593.512
[3,  5180] loss: 250916.007
[3,  5200] loss: 153854.316
[3,  5220] loss: 147752.079
[3,  5240] loss: 359988.881
[3,  5260] loss: 256185.606
[3,  5280] loss: 118585.842
[3,  5300] loss: 171879.317
[3,  5320] loss: 157351.127
[3,  5340] loss: 97855.008
[3,  5360] loss: 63177.696
[3,  5380] loss: 82254.406
[3,  5400] loss: 92440.433
[3,  5420] loss: 137825.830
[3,  5440] loss: 78466.588
[3,  5460] loss: 70060.970
[3,  5480] loss: 135130.320
[3,  5500] loss: 81802.374
[3,  5520] loss: 161537.597
[3,  5540] loss: 85256.642
[3,  5560] loss: 36443.064
[3,  5580] loss: 48626.259
[3,  5600] loss: 84962.092
[3,  5620] loss: 90279.489
[3,  5640] loss: 107832.976
[3,  5660] loss: 83789.334
[3,  5680] loss: 69872.727
[3,  5700] loss: 58932.200
[3,  5720] loss: 51638.188
[3,  5740] loss: 101222.917
[3,  5760] loss: 51181.992
[3,  5780] loss: 75530.849
[3,  5800] loss: 199555.812
[3,  5820] loss: 301952.890
[3,  5840] loss: 205203.211
[3,  5860] loss: 109017.181
[3,  5880] loss: 126906.540
[3,  5900] loss: 111124.906
[3,  5920] loss: 97747.043
[3,  5940] loss: 45373.270
[3,  5960] loss: 90678.695
[3,  5980] loss: 60339.262
[3,  6000] loss: 55798.245
[3,  6020] loss: 106984.547
[3,  6040] loss: 115316.347
[3,  6060] loss: 37902.932
[3,  6080] loss: 40228.139
[1,    20] loss: 348375.334
[1,    40] loss: 304032.174
[1,    60] loss: 214858.746
[1,    80] loss: 161703.553
[1,   100] loss: 130635.404
[1,   120] loss: 110346.358
[1,   140] loss: 96693.817
[1,   160] loss: 85029.509
[1,   180] loss: 75951.913
[1,   200] loss: 68627.115
[1,   220] loss: 66045.384
[1,   240] loss: 66794.030
[1,   260] loss: 64631.864
[1,   280] loss: 62206.018
[1,   300] loss: 59040.437
[1,   320] loss: 57581.230
[1,   340] loss: 56948.908
[1,   360] loss: 55749.301
[1,   380] loss: 55474.436
[1,   400] loss: 55723.067
[1,   420] loss: 54678.582
[1,   440] loss: 52735.727
[1,   460] loss: 50613.345
[1,   480] loss: 49807.391
[1,   500] loss: 49222.586
[1,   520] loss: 48809.147
[1,   540] loss: 47605.289
[1,   560] loss: 46486.069
[1,   580] loss: 45216.629
[1,   600] loss: 43966.400
[1,   620] loss: 43092.656
[1,   640] loss: 42115.368
[1,   660] loss: 41555.959
[2,    20] loss: 348375.334
[2,    40] loss: 304032.174
[2,    60] loss: 214858.746
[2,    80] loss: 161703.553
[2,   100] loss: 130635.404
[2,   120] loss: 110346.358
[2,   140] loss: 96693.817
[2,   160] loss: 85029.509
[2,   180] loss: 75951.913
[2,   200] loss: 68627.115
[2,   220] loss: 66045.384
[2,   240] loss: 66794.030
[2,   260] loss: 64631.864
[2,   280] loss: 62206.018
[2,   300] loss: 59040.437
[2,   320] loss: 57581.230
[2,   340] loss: 56948.908
[2,   360] loss: 55749.301
[2,   380] loss: 55474.436
[2,   400] loss: 55723.067
[2,   420] loss: 54678.582
[2,   440] loss: 52735.727
[2,   460] loss: 50613.345
[2,   480] loss: 49807.391
[2,   500] loss: 49222.586
[2,   520] loss: 48809.147
[2,   540] loss: 47605.289
[2,   560] loss: 46486.069
[2,   580] loss: 45216.629
[2,   600] loss: 43966.400
[2,   620] loss: 43092.656
[2,   640] loss: 42115.368
[2,   660] loss: 41555.959
[3,    20] loss: 348375.334
[3,    40] loss: 304032.174
[3,    60] loss: 214858.746
[3,    80] loss: 161703.553
[3,   100] loss: 130635.404
[3,   120] loss: 110346.358
[3,   140] loss: 96693.817
[3,   160] loss: 85029.509
[3,   180] loss: 75951.913
[3,   200] loss: 68627.115
[3,   220] loss: 66045.384
[3,   240] loss: 66794.030
[3,   260] loss: 64631.864
[3,   280] loss: 62206.018
[3,   300] loss: 59040.437
[3,   320] loss: 57581.230
[3,   340] loss: 56948.908
[3,   360] loss: 55749.301
[3,   380] loss: 55474.436
[3,   400] loss: 55723.067
[3,   420] loss: 54678.582
[3,   440] loss: 52735.727
[3,   460] loss: 50613.345
[3,   480] loss: 49807.391
[3,   500] loss: 49222.586
[3,   520] loss: 48809.147
[3,   540] loss: 47605.289
[3,   560] loss: 46486.069
[3,   580] loss: 45216.629
[3,   600] loss: 43966.400
[3,   620] loss: 43092.656
[3,   640] loss: 42115.368
[3,   660] loss: 41555.959
