cuda:  3
color_space: YCbCr
batch_size: 5
num_epcochs: 3
learning_rate: 0.003
[1,    20] loss: 6.164
[1,    40] loss: 16.092
[1,    60] loss: 1.440
[1,    80] loss: 0.415
[1,   100] loss: 0.095
[1,   120] loss: 0.081
[1,   140] loss: 0.057
[1,   160] loss: 0.098
[1,   180] loss: 0.111
[1,   200] loss: 0.040
[1,   220] loss: 0.062
[1,   240] loss: 0.036
[1,   260] loss: 0.045
[1,   280] loss: 0.046
[1,   300] loss: 0.123
[1,   320] loss: 0.070
[1,   340] loss: 0.050
[1,   360] loss: 0.088
[1,   380] loss: 0.090
[1,   400] loss: 0.075
[1,   420] loss: 0.053
[1,   440] loss: 0.078
[1,   460] loss: 0.093
[1,   480] loss: 0.107
[1,   500] loss: 0.079
[1,   520] loss: 0.046
[1,   540] loss: 0.104
[1,   560] loss: 0.054
[1,   580] loss: 0.100
[1,   600] loss: 0.062
[1,   620] loss: 0.030
[1,   640] loss: 0.101
[1,   660] loss: 0.098
[1,   680] loss: 0.048
[1,   700] loss: 0.044
[1,   720] loss: 0.045
[1,   740] loss: 0.046
[1,   760] loss: 0.117
[1,   780] loss: 0.074
[1,   800] loss: 0.069
[1,   820] loss: 0.039
[1,   840] loss: 0.066
[1,   860] loss: 0.052
[1,   880] loss: 0.094
[1,   900] loss: 0.065
[1,   920] loss: 0.087
[1,   940] loss: 0.057
[1,   960] loss: 0.038
[1,   980] loss: 0.086
[1,  1000] loss: 0.090
[1,  1020] loss: 0.062
[1,  1040] loss: 0.126
[1,  1060] loss: 0.071
[1,  1080] loss: 0.102
[1,  1100] loss: 0.049
[1,  1120] loss: 0.041
[1,  1140] loss: 0.045
[1,  1160] loss: 0.048
[1,  1180] loss: 0.067
[1,  1200] loss: 0.079
[1,  1220] loss: 0.065
[1,  1240] loss: 0.048
[1,  1260] loss: 0.076
[1,  1280] loss: 0.054
[1,  1300] loss: 0.101
[1,  1320] loss: 0.093
[1,  1340] loss: 0.050
[1,  1360] loss: 0.071
[1,  1380] loss: 0.095
[1,  1400] loss: 0.040
[1,  1420] loss: 0.060
[1,  1440] loss: 0.093
[1,  1460] loss: 0.104
[1,  1480] loss: 0.040
[1,  1500] loss: 0.083
[1,  1520] loss: 0.056
[1,  1540] loss: 0.080
[1,  1560] loss: 0.081
[1,  1580] loss: 0.078
[1,  1600] loss: 0.064
[1,  1620] loss: 0.069
[1,  1640] loss: 0.080
[1,  1660] loss: 0.043
[1,  1680] loss: 0.075
[1,  1700] loss: 0.086
[1,  1720] loss: 0.106
[1,  1740] loss: 0.098
[1,  1760] loss: 0.031
[1,  1780] loss: 0.058
[1,  1800] loss: 0.062
[1,  1820] loss: 0.099
[1,  1840] loss: 0.049
[1,  1860] loss: 0.049
[1,  1880] loss: 0.115
[1,  1900] loss: 0.023
[1,  1920] loss: 0.089
[1,  1940] loss: 0.081
[1,  1960] loss: 0.049
[1,  1980] loss: 0.100
[1,  2000] loss: 0.060
[1,  2020] loss: 0.031
[1,  2040] loss: 0.063
[1,  2060] loss: 0.129
[1,  2080] loss: 0.089
[1,  2100] loss: 0.062
[1,  2120] loss: 0.053
[1,  2140] loss: 0.033
[1,  2160] loss: 0.070
[1,  2180] loss: 0.041
[1,  2200] loss: 0.081
[1,  2220] loss: 0.059
[1,  2240] loss: 0.049
[1,  2260] loss: 0.065
[1,  2280] loss: 0.037
[1,  2300] loss: 0.107
[1,  2320] loss: 0.041
[1,  2340] loss: 0.064
[1,  2360] loss: 0.078
[1,  2380] loss: 0.058
[1,  2400] loss: 0.088
[1,  2420] loss: 0.102
[1,  2440] loss: 0.069
[1,  2460] loss: 0.064
[1,  2480] loss: 0.084
[1,  2500] loss: 0.089
[1,  2520] loss: 0.111
[1,  2540] loss: 0.084
[1,  2560] loss: 0.124
[1,  2580] loss: 0.042
[1,  2600] loss: 0.035
[1,  2620] loss: 0.033
[1,  2640] loss: 0.043
[1,  2660] loss: 0.056
[1,  2680] loss: 0.047
[1,  2700] loss: 0.068
[1,  2720] loss: 0.064
[1,  2740] loss: 0.042
[1,  2760] loss: 0.087
[1,  2780] loss: 0.045
[1,  2800] loss: 0.068
[1,  2820] loss: 0.054
[1,  2840] loss: 0.054
[1,  2860] loss: 0.076
[1,  2880] loss: 0.067
[1,  2900] loss: 0.076
[1,  2920] loss: 0.050
[1,  2940] loss: 0.115
[1,  2960] loss: 0.086
[1,  2980] loss: 0.037
[1,  3000] loss: 0.046
[1,  3020] loss: 0.043
[1,  3040] loss: 0.084
[1,  3060] loss: 0.049
[1,  3080] loss: 0.042
[1,  3100] loss: 0.027
[1,  3120] loss: 0.053
[1,  3140] loss: 0.084
[1,  3160] loss: 0.057
[1,  3180] loss: 0.055
[1,  3200] loss: 0.059
[1,  3220] loss: 0.099
[1,  3240] loss: 0.070
[1,  3260] loss: 0.104
[1,  3280] loss: 0.039
[1,  3300] loss: 0.034
[1,  3320] loss: 0.082
[1,  3340] loss: 0.046
[1,  3360] loss: 0.073
[1,  3380] loss: 0.027
[1,  3400] loss: 0.049
[1,  3420] loss: 0.051
[1,  3440] loss: 0.053
[1,  3460] loss: 0.064
[1,  3480] loss: 0.084
[1,  3500] loss: 0.036
[1,  3520] loss: 0.073
[1,  3540] loss: 0.061
[1,  3560] loss: 0.077
[1,  3580] loss: 0.060
[1,  3600] loss: 0.053
[1,  3620] loss: 0.057
[1,  3640] loss: 0.109
[1,  3660] loss: 0.064
[1,  3680] loss: 0.040
[1,  3700] loss: 0.117
[1,  3720] loss: 0.082
[1,  3740] loss: 0.067
[1,  3760] loss: 0.039
[1,  3780] loss: 0.079
[1,  3800] loss: 0.105
[1,  3820] loss: 0.046
[1,  3840] loss: 0.083
[1,  3860] loss: 0.039
[1,  3880] loss: 0.062
[1,  3900] loss: 0.065
[1,  3920] loss: 0.053
[1,  3940] loss: 0.041
[1,  3960] loss: 0.054
[1,  3980] loss: 0.061
[1,  4000] loss: 0.066
[1,  4020] loss: 0.054
[1,  4040] loss: 0.066
[1,  4060] loss: 0.016
[1,  4080] loss: 0.046
[1,  4100] loss: 0.045
[1,  4120] loss: 0.050
[1,  4140] loss: 0.048
[1,  4160] loss: 0.077
[1,  4180] loss: 0.058
[1,  4200] loss: 0.112
[1,  4220] loss: 0.061
[1,  4240] loss: 0.066
[1,  4260] loss: 0.052
[1,  4280] loss: 0.048
[1,  4300] loss: 0.050
[1,  4320] loss: 0.090
[1,  4340] loss: 0.061
[1,  4360] loss: 0.078
[1,  4380] loss: 0.067
[1,  4400] loss: 0.080
[1,  4420] loss: 0.065
[1,  4440] loss: 0.048
[1,  4460] loss: 0.063
[1,  4480] loss: 0.066
[1,  4500] loss: 0.053
[1,  4520] loss: 0.089
[1,  4540] loss: 0.044
[1,  4560] loss: 0.098
[1,  4580] loss: 0.055
[1,  4600] loss: 0.078
[1,  4620] loss: 0.068
[1,  4640] loss: 0.138
[1,  4660] loss: 0.057
[1,  4680] loss: 0.066
[1,  4700] loss: 0.118
[1,  4720] loss: 0.068
[1,  4740] loss: 0.043
[1,  4760] loss: 0.073
[1,  4780] loss: 0.021
[1,  4800] loss: 0.086
[1,  4820] loss: 0.132
[1,  4840] loss: 0.063
[1,  4860] loss: 0.076
[1,  4880] loss: 0.055
[1,  4900] loss: 0.067
[1,  4920] loss: 0.064
[1,  4940] loss: 0.086
[1,  4960] loss: 0.094
[1,  4980] loss: 0.070
[1,  5000] loss: 0.071
[1,  5020] loss: 0.034
[1,  5040] loss: 0.056
[1,  5060] loss: 0.092
[1,  5080] loss: 0.069
[1,  5100] loss: 0.055
[1,  5120] loss: 0.079
[1,  5140] loss: 0.091
[1,  5160] loss: 0.094
[1,  5180] loss: 0.112
[1,  5200] loss: 0.070
[1,  5220] loss: 0.068
[1,  5240] loss: 0.054
[1,  5260] loss: 0.077
[1,  5280] loss: 0.038
[1,  5300] loss: 0.041
[1,  5320] loss: 0.068
[1,  5340] loss: 0.026
[1,  5360] loss: 0.094
[1,  5380] loss: 0.093
[1,  5400] loss: 0.076
[1,  5420] loss: 0.045
[1,  5440] loss: 0.041
[1,  5460] loss: 0.057
[1,  5480] loss: 0.062
[1,  5500] loss: 0.067
[1,  5520] loss: 0.073
[1,  5540] loss: 0.051
[1,  5560] loss: 0.045
[1,  5580] loss: 0.045
[1,  5600] loss: 0.117
[1,  5620] loss: 0.074
[1,  5640] loss: 0.061
[1,  5660] loss: 0.075
[1,  5680] loss: 0.032
[1,  5700] loss: 0.066
[1,  5720] loss: 0.029
[1,  5740] loss: 0.076
[1,  5760] loss: 0.131
[1,  5780] loss: 0.056
[1,  5800] loss: 0.078
[1,  5820] loss: 0.150
[1,  5840] loss: 0.047
[1,  5860] loss: 0.064
[1,  5880] loss: 0.048
[1,  5900] loss: 0.057
[1,  5920] loss: 0.070
[1,  5940] loss: 0.039
[1,  5960] loss: 0.028
[1,  5980] loss: 0.064
[1,  6000] loss: 0.057
[1,  6020] loss: 0.106
[1,  6040] loss: 0.096
[1,  6060] loss: 0.064
[1,  6080] loss: 0.072
[2,    20] loss: 0.028
[2,    40] loss: 0.050
[2,    60] loss: 0.092
[2,    80] loss: 0.093
[2,   100] loss: 0.044
[2,   120] loss: 0.129
[2,   140] loss: 0.056
[2,   160] loss: 0.080
[2,   180] loss: 0.061
[2,   200] loss: 0.059
[2,   220] loss: 0.096
[2,   240] loss: 0.088
[2,   260] loss: 0.117
[2,   280] loss: 0.060
[2,   300] loss: 0.059
[2,   320] loss: 0.053
[2,   340] loss: 0.030
[2,   360] loss: 0.053
[2,   380] loss: 0.061
[2,   400] loss: 0.062
[2,   420] loss: 0.057
[2,   440] loss: 0.066
[2,   460] loss: 0.084
[2,   480] loss: 0.098
[2,   500] loss: 0.098
[2,   520] loss: 0.055
[2,   540] loss: 0.040
[2,   560] loss: 0.082
[2,   580] loss: 0.042
[2,   600] loss: 0.078
[2,   620] loss: 0.039
[2,   640] loss: 0.071
[2,   660] loss: 0.078
[2,   680] loss: 0.126
[2,   700] loss: 0.082
[2,   720] loss: 0.081
[2,   740] loss: 0.032
[2,   760] loss: 0.060
[2,   780] loss: 0.140
[2,   800] loss: 0.058
[2,   820] loss: 0.104
[2,   840] loss: 0.060
[2,   860] loss: 0.087
[2,   880] loss: 0.062
[2,   900] loss: 0.097
[2,   920] loss: 0.071
[2,   940] loss: 0.054
[2,   960] loss: 0.053
[2,   980] loss: 0.086
[2,  1000] loss: 0.065
[2,  1020] loss: 0.085
[2,  1040] loss: 0.121
[2,  1060] loss: 0.089
[2,  1080] loss: 0.079
[2,  1100] loss: 0.070
[2,  1120] loss: 0.159
[2,  1140] loss: 0.072
[2,  1160] loss: 0.084
[2,  1180] loss: 0.094
[2,  1200] loss: 0.092
[2,  1220] loss: 0.072
[2,  1240] loss: 0.070
[2,  1260] loss: 0.120
[2,  1280] loss: 0.100
[2,  1300] loss: 0.077
[2,  1320] loss: 0.062
[2,  1340] loss: 0.059
[2,  1360] loss: 0.156
[2,  1380] loss: 0.096
[2,  1400] loss: 0.083
[2,  1420] loss: 0.092
[2,  1440] loss: 0.048
[2,  1460] loss: 0.064
[2,  1480] loss: 0.068
[2,  1500] loss: 0.076
[2,  1520] loss: 0.100
[2,  1540] loss: 0.036
[2,  1560] loss: 0.080
[2,  1580] loss: 0.060
[2,  1600] loss: 0.048
[2,  1620] loss: 0.056
[2,  1640] loss: 0.082
[2,  1660] loss: 0.049
[2,  1680] loss: 0.099
[2,  1700] loss: 0.084
[2,  1720] loss: 0.091
[2,  1740] loss: 0.050
[2,  1760] loss: 0.075
[2,  1780] loss: 0.059
[2,  1800] loss: 0.042
[2,  1820] loss: 0.034
[2,  1840] loss: 0.059
[2,  1860] loss: 0.054
[2,  1880] loss: 0.096
[2,  1900] loss: 0.054
[2,  1920] loss: 0.052
[2,  1940] loss: 0.101
[2,  1960] loss: 0.077
[2,  1980] loss: 0.074
[2,  2000] loss: 0.078
[2,  2020] loss: 0.100
[2,  2040] loss: 0.059
[2,  2060] loss: 424961634.623
[2,  2080] loss: 257725849389.200
[2,  2100] loss: 133487559949.400
[2,  2120] loss: 10665591452.000
[2,  2140] loss: 1965029247.600
[2,  2160] loss: 152022448.300
[2,  2180] loss: 50697399.850
[2,  2200] loss: 26816301.925
[2,  2220] loss: 33398718.175
[2,  2240] loss: 27630490.500
[2,  2260] loss: 24665458.238
[2,  2280] loss: 14271265.762
[2,  2300] loss: 11896379.325
[2,  2320] loss: 8900919.000
[2,  2340] loss: 8434705.662
[2,  2360] loss: 6631761.025
[2,  2380] loss: 7310535.600
[2,  2400] loss: 4704178.967
[2,  2420] loss: 5442088.643
[2,  2440] loss: 4669951.237
[2,  2460] loss: 5264008.275
[2,  2480] loss: 4435121.869
[2,  2500] loss: 3665500.094
[2,  2520] loss: 4062414.763
[2,  2540] loss: 4252390.150
[2,  2560] loss: 4058214.306
[2,  2580] loss: 2397543.100
[2,  2600] loss: 2040561.565
[2,  2620] loss: 2128348.734
[2,  2640] loss: 2669145.600
[2,  2660] loss: 2343643.435
[2,  2680] loss: 2246314.766
[2,  2700] loss: 1439835.154
[2,  2720] loss: 1382846.863
[2,  2740] loss: 1630404.333
[2,  2760] loss: 1655568.658
[2,  2780] loss: 1625901.975
[2,  2800] loss: 1172656.832
[2,  2820] loss: 1516694.702
[2,  2840] loss: 1773849.259
[2,  2860] loss: 2642379.851
[2,  2880] loss: 1483497.902
[2,  2900] loss: 1574847.219
[2,  2920] loss: 1249924.627
[2,  2940] loss: 1493832.344
[2,  2960] loss: 1568408.609
[2,  2980] loss: 1321120.030
[2,  3000] loss: 1236921.316
[2,  3020] loss: 1294449.108
[2,  3040] loss: 1591837.623
[2,  3060] loss: 1358736.417
[2,  3080] loss: 1157822.592
[2,  3100] loss: 705635.145
[2,  3120] loss: 1091457.742
[2,  3140] loss: 1094831.948
[2,  3160] loss: 651509.604
[2,  3180] loss: 865948.687
[2,  3200] loss: 587447.380
[2,  3220] loss: 810547.517
[2,  3240] loss: 853069.791
[2,  3260] loss: 761500.615
[2,  3280] loss: 690584.949
[2,  3300] loss: 564904.804
[2,  3320] loss: 648517.436
[2,  3340] loss: 678500.420
[2,  3360] loss: 596785.583
[2,  3380] loss: 572922.027
[2,  3400] loss: 512921.414
[2,  3420] loss: 940061.089
[2,  3440] loss: 567528.332
[2,  3460] loss: 548202.724
[2,  3480] loss: 638024.411
[2,  3500] loss: 583535.354
[2,  3520] loss: 728333.628
[2,  3540] loss: 567645.044
[2,  3560] loss: 532840.237
[2,  3580] loss: 767346.563
[2,  3600] loss: 598823.902
[2,  3620] loss: 530242.088
[2,  3640] loss: 370372.118
[2,  3660] loss: 420970.256
[2,  3680] loss: 492623.009
[2,  3700] loss: 562050.681
[2,  3720] loss: 513953.515
[2,  3740] loss: 558306.009
[2,  3760] loss: 471379.330
[2,  3780] loss: 512460.491
[2,  3800] loss: 444171.991
[2,  3820] loss: 458232.143
[2,  3840] loss: 329459.110
[2,  3860] loss: 368124.243
[2,  3880] loss: 401939.804
[2,  3900] loss: 394890.164
[2,  3920] loss: 376103.148
[2,  3940] loss: 497008.109
[2,  3960] loss: 455970.453
[2,  3980] loss: 383829.257
[2,  4000] loss: 351361.077
[2,  4020] loss: 246337.900
[2,  4040] loss: 316120.623
[2,  4060] loss: 345152.939
[2,  4080] loss: 305528.409
[2,  4100] loss: 311655.320
[2,  4120] loss: 225737.172
[2,  4140] loss: 274710.593
[2,  4160] loss: 372061.375
[2,  4180] loss: 347038.052
[2,  4200] loss: 378392.872
[2,  4220] loss: 330364.514
[2,  4240] loss: 333772.837
[2,  4260] loss: 344274.125
[2,  4280] loss: 261399.145
[2,  4300] loss: 432484.413
[2,  4320] loss: 331523.931
[2,  4340] loss: 316124.743
[2,  4360] loss: 239408.255
[2,  4380] loss: 231021.590
[2,  4400] loss: 258747.722
[2,  4420] loss: 354323.625
[2,  4440] loss: 322587.832
[2,  4460] loss: 159856.176
[2,  4480] loss: 346128.693
[2,  4500] loss: 302346.456
[2,  4520] loss: 264231.668
[2,  4540] loss: 232185.911
[2,  4560] loss: 300368.485
[2,  4580] loss: 283822.832
[2,  4600] loss: 182814.909
[2,  4620] loss: 226676.116
[2,  4640] loss: 212195.234
[2,  4660] loss: 190162.342
[2,  4680] loss: 158392.731
[2,  4700] loss: 287620.349
[2,  4720] loss: 251053.259
[2,  4740] loss: 175444.282
[2,  4760] loss: 213558.478
[2,  4780] loss: 219010.947
[2,  4800] loss: 311713.317
[2,  4820] loss: 245896.117
[2,  4840] loss: 194508.692
[2,  4860] loss: 175072.279
[2,  4880] loss: 250875.855
[2,  4900] loss: 204488.185
[2,  4920] loss: 184587.340
[2,  4940] loss: 200113.970
[2,  4960] loss: 100616.266
[2,  4980] loss: 184950.355
[2,  5000] loss: 183772.985
[2,  5020] loss: 156946.341
[2,  5040] loss: 265846.012
[2,  5060] loss: 204011.166
[2,  5080] loss: 176501.983
[2,  5100] loss: 135356.111
[2,  5120] loss: 235276.655
[2,  5140] loss: 429951.514
[2,  5160] loss: 185227.030
[2,  5180] loss: 301157.738
[2,  5200] loss: 221676.136
[2,  5220] loss: 172101.321
[2,  5240] loss: 138240.479
[2,  5260] loss: 298649.133
[2,  5280] loss: 482340.871
[2,  5300] loss: 266779.722
[2,  5320] loss: 149290.798
[2,  5340] loss: 206918.025
[2,  5360] loss: 143605.927
[2,  5380] loss: 172479.563
[2,  5400] loss: 100932.740
[2,  5420] loss: 208020.035
[2,  5440] loss: 134926.125
[2,  5460] loss: 168974.390
[2,  5480] loss: 176036.214
[2,  5500] loss: 164099.863
[2,  5520] loss: 145307.690
[2,  5540] loss: 139182.053
[2,  5560] loss: 142731.161
[2,  5580] loss: 122131.470
[2,  5600] loss: 136562.975
[2,  5620] loss: 123966.724
[2,  5640] loss: 205877.587
[2,  5660] loss: 391695.081
[2,  5680] loss: 183112.131
[2,  5700] loss: 188704.342
[2,  5720] loss: 229101.500
[2,  5740] loss: 162424.891
[2,  5760] loss: 106165.288
[2,  5780] loss: 140334.159
[2,  5800] loss: 128215.310
[2,  5820] loss: 125543.543
[2,  5840] loss: 130175.233
[2,  5860] loss: 140636.249
[2,  5880] loss: 172890.728
[2,  5900] loss: 169581.871
[2,  5920] loss: 143667.093
[2,  5940] loss: 188513.353
[2,  5960] loss: 132583.163
[2,  5980] loss: 186209.696
[2,  6000] loss: 127129.356
[2,  6020] loss: 124534.931
[2,  6040] loss: 165286.149
[2,  6060] loss: 187545.997
[2,  6080] loss: 90076.637
[3,    20] loss: 108556.207
[3,    40] loss: 120649.565
[3,    60] loss: 206291.767
[3,    80] loss: 176211.324
[3,   100] loss: 170708.740
[3,   120] loss: 113308.618
[3,   140] loss: 139388.445
[3,   160] loss: 123124.433
[3,   180] loss: 109516.330
[3,   200] loss: 164491.975
[3,   220] loss: 182603.258
[3,   240] loss: 168260.912
[3,   260] loss: 153499.475
[3,   280] loss: 128839.167
[3,   300] loss: 117798.287
[3,   320] loss: 186735.674
[3,   340] loss: 140988.174
[3,   360] loss: 180904.398
[3,   380] loss: 128315.117
[3,   400] loss: 117665.160
[3,   420] loss: 195289.687
[3,   440] loss: 302798.144
[3,   460] loss: 195736.946
[3,   480] loss: 74681.739
[3,   500] loss: 127993.987
[3,   520] loss: 171390.452
[3,   540] loss: 154031.466
[3,   560] loss: 83014.017
[3,   580] loss: 112479.373
[3,   600] loss: 78562.243
[3,   620] loss: 84739.729
[3,   640] loss: 94499.734
[3,   660] loss: 176950.228
[3,   680] loss: 102308.056
[3,   700] loss: 139129.079
[3,   720] loss: 294601.454
[3,   740] loss: 459328.713
[3,   760] loss: 139267.489
[3,   780] loss: 130898.131
[3,   800] loss: 150328.756
[3,   820] loss: 91470.329
[3,   840] loss: 103317.046
[3,   860] loss: 57466.260
[3,   880] loss: 179822.721
[3,   900] loss: 101080.283
[3,   920] loss: 98651.715
[3,   940] loss: 188806.040
[3,   960] loss: 167633.497
[3,   980] loss: 113386.142
[3,  1000] loss: 125576.241
[3,  1020] loss: 70764.173
[3,  1040] loss: 65460.250
[3,  1060] loss: 68825.702
[3,  1080] loss: 128693.385
[3,  1100] loss: 310276.832
[3,  1120] loss: 129195.866
[3,  1140] loss: 69326.522
[3,  1160] loss: 69652.409
[3,  1180] loss: 58780.655
[3,  1200] loss: 106265.778
[3,  1220] loss: 126904.583
[3,  1240] loss: 175803.320
[3,  1260] loss: 180657.328
[3,  1280] loss: 193360.068
[3,  1300] loss: 123085.722
[3,  1320] loss: 45722.140
[3,  1340] loss: 60912.331
[3,  1360] loss: 45992.702
[3,  1380] loss: 50364.431
[3,  1400] loss: 124625.855
[3,  1420] loss: 109976.430
[3,  1440] loss: 302900.878
[3,  1460] loss: 102067.829
[3,  1480] loss: 75445.331
[3,  1500] loss: 59007.858
[3,  1520] loss: 86558.847
[3,  1540] loss: 76895.977
[3,  1560] loss: 83953.865
[3,  1580] loss: 106103.448
[3,  1600] loss: 98651.892
[3,  1620] loss: 80732.258
[3,  1640] loss: 145558.550
[3,  1660] loss: 168155.796
[3,  1680] loss: 89590.039
[3,  1700] loss: 115613.475
[3,  1720] loss: 42903.061
[3,  1740] loss: 56242.230
[3,  1760] loss: 64223.074
[3,  1780] loss: 50045.656
[3,  1800] loss: 63585.344
[3,  1820] loss: 51915.488
[3,  1840] loss: 49746.522
[3,  1860] loss: 72770.017
[3,  1880] loss: 82636.773
[3,  1900] loss: 83848.464
[3,  1920] loss: 94679.386
[3,  1940] loss: 77617.576
[3,  1960] loss: 74649.254
[3,  1980] loss: 65420.650
[3,  2000] loss: 65889.148
[3,  2020] loss: 38785.971
[3,  2040] loss: 61676.639
[3,  2060] loss: 50280.753
[3,  2080] loss: 85024.866
[3,  2100] loss: 55472.772
[3,  2120] loss: 50037.123
[3,  2140] loss: 94388.881
[3,  2160] loss: 188683.119
[3,  2180] loss: 180895.380
[3,  2200] loss: 118705.410
[3,  2220] loss: 67438.417
[3,  2240] loss: 62865.739
[3,  2260] loss: 42517.343
[3,  2280] loss: 49614.174
[3,  2300] loss: 99886.350
[3,  2320] loss: 82803.282
[3,  2340] loss: 52474.768
[3,  2360] loss: 41550.115
[3,  2380] loss: 43241.976
[3,  2400] loss: 77013.231
[3,  2420] loss: 78358.730
[3,  2440] loss: 168576.613
[3,  2460] loss: 85580.088
[3,  2480] loss: 87653.353
[3,  2500] loss: 30783.544
[3,  2520] loss: 37943.253
[3,  2540] loss: 46921.193
[3,  2560] loss: 38043.305
[3,  2580] loss: 37240.483
[3,  2600] loss: 104525.035
[3,  2620] loss: 37379.422
[3,  2640] loss: 57439.878
[3,  2660] loss: 45929.794
[3,  2680] loss: 27272.556
[3,  2700] loss: 65679.131
[3,  2720] loss: 40469.348
[3,  2740] loss: 46353.630
[3,  2760] loss: 81749.056
[3,  2780] loss: 106806.104
[3,  2800] loss: 87650.541
[3,  2820] loss: 38955.191
[3,  2840] loss: 33416.324
[3,  2860] loss: 43978.020
[3,  2880] loss: 56927.985
[3,  2900] loss: 124570.493
[3,  2920] loss: 107238.582
[3,  2940] loss: 51410.357
[3,  2960] loss: 28700.044
[3,  2980] loss: 38174.914
[3,  3000] loss: 63097.218
[3,  3020] loss: 46693.839
[3,  3040] loss: 48938.459
[3,  3060] loss: 36565.752
[3,  3080] loss: 37105.563
[3,  3100] loss: 34815.668
[3,  3120] loss: 43221.258
[3,  3140] loss: 28503.425
[3,  3160] loss: 49910.592
[3,  3180] loss: 73951.852
[3,  3200] loss: 70015.047
[3,  3220] loss: 87108.809
[3,  3240] loss: 42851.686
[3,  3260] loss: 33754.508
[3,  3280] loss: 103776.412
[3,  3300] loss: 58322.108
[3,  3320] loss: 52553.732
[3,  3340] loss: 27274.106
[3,  3360] loss: 38921.758
[3,  3380] loss: 56733.426
[3,  3400] loss: 23879.074
[3,  3420] loss: 24311.765
[3,  3440] loss: 31600.716
[3,  3460] loss: 30414.934
[3,  3480] loss: 45306.869
[3,  3500] loss: 33273.301
[3,  3520] loss: 56021.975
[3,  3540] loss: 106005.150
[3,  3560] loss: 55266.255
[3,  3580] loss: 45656.827
[3,  3600] loss: 29469.217
[3,  3620] loss: 18089.072
[3,  3640] loss: 44839.473
[3,  3660] loss: 43542.810
[3,  3680] loss: 27816.655
[3,  3700] loss: 61013.457
[3,  3720] loss: 22724.914
[3,  3740] loss: 31728.681
[3,  3760] loss: 25451.492
[3,  3780] loss: 29126.898
[3,  3800] loss: 20843.944
[3,  3820] loss: 24474.214
[3,  3840] loss: 42546.438
[3,  3860] loss: 17490.489
[3,  3880] loss: 36480.220
[3,  3900] loss: 38842.529
[3,  3920] loss: 33062.596
[3,  3940] loss: 35060.357
[3,  3960] loss: 54535.575
[3,  3980] loss: 54029.644
[3,  4000] loss: 54466.520
[3,  4020] loss: 34192.738
[3,  4040] loss: 30811.996
[3,  4060] loss: 35283.891
[3,  4080] loss: 81572.894
[3,  4100] loss: 124204.756
[3,  4120] loss: 68811.833
[3,  4140] loss: 34095.358
[3,  4160] loss: 35514.329
[3,  4180] loss: 41270.830
[3,  4200] loss: 25617.766
[3,  4220] loss: 86774.112
[3,  4240] loss: 244515.292
[3,  4260] loss: 327659.092
[3,  4280] loss: 247186.766
[3,  4300] loss: 68594.128
[3,  4320] loss: 22812.470
[3,  4340] loss: 25877.118
[3,  4360] loss: 19737.018
[3,  4380] loss: 43753.187
[3,  4400] loss: 37053.832
[3,  4420] loss: 65904.114
[3,  4440] loss: 79468.582
[3,  4460] loss: 85577.463
[3,  4480] loss: 49982.119
[3,  4500] loss: 17075.103
[3,  4520] loss: 20676.175
[3,  4540] loss: 32666.440
[3,  4560] loss: 34803.119
[3,  4580] loss: 30398.725
[3,  4600] loss: 270484.579
[3,  4620] loss: 58859.072
[3,  4640] loss: 54823.104
[3,  4660] loss: 70288.396
[3,  4680] loss: 23414.383
[3,  4700] loss: 21957.746
[3,  4720] loss: 24509.692
[3,  4740] loss: 26416.562
[3,  4760] loss: 34195.454
[3,  4780] loss: 29870.400
[3,  4800] loss: 41073.822
[3,  4820] loss: 48231.021
[3,  4840] loss: 56738.388
[3,  4860] loss: 35850.813
[3,  4880] loss: 39839.930
[3,  4900] loss: 13785.794
[3,  4920] loss: 27308.188
[3,  4940] loss: 21399.677
[3,  4960] loss: 24499.491
[3,  4980] loss: 15997.047
[3,  5000] loss: 34668.810
[3,  5020] loss: 33211.593
[3,  5040] loss: 25143.713
[3,  5060] loss: 39443.513
[3,  5080] loss: 20005.183
[3,  5100] loss: 14846.984
[3,  5120] loss: 29330.769
[3,  5140] loss: 30561.952
[3,  5160] loss: 39598.992
[3,  5180] loss: 26154.963
[3,  5200] loss: 57989.860
[3,  5220] loss: 195909.765
[3,  5240] loss: 360588.652
[3,  5260] loss: 192531.875
[3,  5280] loss: 142592.486
[3,  5300] loss: 80065.017
[3,  5320] loss: 86418.352
[3,  5340] loss: 64293.378
[3,  5360] loss: 29118.905
[3,  5380] loss: 18185.445
[3,  5400] loss: 25541.922
[3,  5420] loss: 8176.826
[3,  5440] loss: 13008.972
[3,  5460] loss: 17982.457
[3,  5480] loss: 33843.456
[3,  5500] loss: 33031.079
[3,  5520] loss: 26663.480
[3,  5540] loss: 25803.662
[3,  5560] loss: 13495.542
[3,  5580] loss: 35540.567
[3,  5600] loss: 26269.307
[3,  5620] loss: 27521.340
[3,  5640] loss: 22138.867
[3,  5660] loss: 14503.373
[3,  5680] loss: 17883.701
[3,  5700] loss: 10060.403
[3,  5720] loss: 29715.065
[3,  5740] loss: 61716.784
[3,  5760] loss: 31186.583
[3,  5780] loss: 16590.840
[3,  5800] loss: 65493.878
[3,  5820] loss: 54720.409
[3,  5840] loss: 63595.256
[3,  5860] loss: 56690.066
[3,  5880] loss: 17196.480
[3,  5900] loss: 18437.223
[3,  5920] loss: 19519.832
[3,  5940] loss: 14191.257
[3,  5960] loss: 24717.801
[3,  5980] loss: 42282.386
[3,  6000] loss: 34791.946
[3,  6020] loss: 60490.697
[3,  6040] loss: 123963.815
[3,  6060] loss: 24362.918
[3,  6080] loss: 32762.266
[1,    20] loss: 119426.067
[1,    40] loss: 98951.169
[1,    60] loss: 78646.580
[1,    80] loss: 71063.075
[1,   100] loss: 69162.324
[1,   120] loss: 62484.114
[1,   140] loss: 67130.075
[1,   160] loss: 77717.723
[1,   180] loss: 82931.655
[1,   200] loss: 85841.182
[1,   220] loss: 89090.093
[1,   240] loss: 92085.868
[1,   260] loss: 96888.209
[1,   280] loss: 100834.063
[1,   300] loss: 105537.265
[1,   320] loss: 109747.004
[1,   340] loss: 112071.396
[1,   360] loss: 114603.387
[1,   380] loss: 116149.952
[1,   400] loss: 116703.188
[1,   420] loss: 116235.156
[1,   440] loss: 116601.169
[1,   460] loss: 114367.427
[1,   480] loss: 111988.063
[1,   500] loss: 108078.042
[1,   520] loss: 105993.278
[1,   540] loss: 105924.353
[1,   560] loss: 104455.158
[1,   580] loss: 105346.622
[1,   600] loss: 105436.814
[1,   620] loss: 104925.465
[1,   640] loss: 103897.428
[1,   660] loss: 103666.595
[2,    20] loss: 119426.067
[2,    40] loss: 98951.169
[2,    60] loss: 78646.580
[2,    80] loss: 71063.075
[2,   100] loss: 69162.324
[2,   120] loss: 62484.114
[2,   140] loss: 67130.075
[2,   160] loss: 77717.723
[2,   180] loss: 82931.655
[2,   200] loss: 85841.182
[2,   220] loss: 89090.093
[2,   240] loss: 92085.868
[2,   260] loss: 96888.209
[2,   280] loss: 100834.063
[2,   300] loss: 105537.265
[2,   320] loss: 109747.004
[2,   340] loss: 112071.396
[2,   360] loss: 114603.387
[2,   380] loss: 116149.952
[2,   400] loss: 116703.188
[2,   420] loss: 116235.156
[2,   440] loss: 116601.169
[2,   460] loss: 114367.427
[2,   480] loss: 111988.063
[2,   500] loss: 108078.042
[2,   520] loss: 105993.278
[2,   540] loss: 105924.353
[2,   560] loss: 104455.158
[2,   580] loss: 105346.622
[2,   600] loss: 105436.814
[2,   620] loss: 104925.465
[2,   640] loss: 103897.428
[2,   660] loss: 103666.595
[3,    20] loss: 119426.067
[3,    40] loss: 98951.169
[3,    60] loss: 78646.580
[3,    80] loss: 71063.075
[3,   100] loss: 69162.324
[3,   120] loss: 62484.114
[3,   140] loss: 67130.075
[3,   160] loss: 77717.723
[3,   180] loss: 82931.655
[3,   200] loss: 85841.182
[3,   220] loss: 89090.093
[3,   240] loss: 92085.868
[3,   260] loss: 96888.209
[3,   280] loss: 100834.063
[3,   300] loss: 105537.265
[3,   320] loss: 109747.004
[3,   340] loss: 112071.396
[3,   360] loss: 114603.387
[3,   380] loss: 116149.952
[3,   400] loss: 116703.188
[3,   420] loss: 116235.156
[3,   440] loss: 116601.169
[3,   460] loss: 114367.427
[3,   480] loss: 111988.063
[3,   500] loss: 108078.042
[3,   520] loss: 105993.278
[3,   540] loss: 105924.353
[3,   560] loss: 104455.158
[3,   580] loss: 105346.622
[3,   600] loss: 105436.814
[3,   620] loss: 104925.465
[3,   640] loss: 103897.428
[3,   660] loss: 103666.595
