cuda:  6
color_space: YCbCr
batch_size: 10
num_epcochs: 1
learning_rate: 0.001
[1,    20] loss: 0.094
[1,    40] loss: 0.093
[1,    60] loss: 0.051
[1,    80] loss: 0.056
[1,   100] loss: 0.037
[1,   120] loss: 0.111
[1,   140] loss: 0.076
[1,   160] loss: 0.087
[1,   180] loss: 0.078
[1,   200] loss: 0.073
[1,   220] loss: 0.078
[1,   240] loss: 0.050
[1,   260] loss: 0.053
[1,   280] loss: 0.060
[1,   300] loss: 0.068
[1,   320] loss: 0.081
[1,   340] loss: 0.089
[1,   360] loss: 0.100
[1,   380] loss: 0.061
[1,   400] loss: 0.071
[1,   420] loss: 0.060
[1,   440] loss: 0.097
[1,   460] loss: 0.092
[1,   480] loss: 0.072
[1,   500] loss: 0.085
[1,   520] loss: 0.116
[1,   540] loss: 0.077
[1,   560] loss: 0.086
[1,   580] loss: 0.055
[1,   600] loss: 0.039
[1,   620] loss: 0.086
[1,   640] loss: 0.041
[1,   660] loss: 0.076
[1,   680] loss: 0.069
[1,   700] loss: 0.092
[1,   720] loss: 0.069
[1,   740] loss: 0.060
[1,   760] loss: 0.107
[1,   780] loss: 0.068
[1,   800] loss: 0.073
[1,   820] loss: 0.073
[1,   840] loss: 0.106
[1,   860] loss: 0.071
[1,   880] loss: 0.104
[1,   900] loss: 0.074
[1,   920] loss: 0.063
[1,   940] loss: 0.088
[1,   960] loss: 0.071
[1,   980] loss: 0.084
[1,  1000] loss: 0.062
[1,  1020] loss: 0.052
[1,  1040] loss: 0.094
[1,  1060] loss: 0.062
[1,  1080] loss: 0.056
[1,  1100] loss: 0.071
[1,  1120] loss: 0.101
[1,  1140] loss: 0.076
[1,  1160] loss: 0.076
[1,  1180] loss: 0.121
[1,  1200] loss: 0.114
[1,  1220] loss: 39.495
[1,  1240] loss: 2738.199
[1,  1260] loss: 7290.115
[1,  1280] loss: 93.721
[1,  1300] loss: 18.603
[1,  1320] loss: 2.767
[1,  1340] loss: 1.416
[1,  1360] loss: 1.503
[1,  1380] loss: 1.461
[1,  1400] loss: 1.079
[1,  1420] loss: 0.921
[1,  1440] loss: 0.952
[1,  1460] loss: 1.106
[1,  1480] loss: 0.699
[1,  1500] loss: 0.834
[1,  1520] loss: 0.749
[1,  1540] loss: 0.746
[1,  1560] loss: 0.533
[1,  1580] loss: 0.557
[1,  1600] loss: 0.597
[1,  1620] loss: 0.558
[1,  1640] loss: 0.502
[1,  1660] loss: 0.425
[1,  1680] loss: 0.405
[1,  1700] loss: 0.485
[1,  1720] loss: 0.426
[1,  1740] loss: 0.413
[1,  1760] loss: 0.421
[1,  1780] loss: 0.362
[1,  1800] loss: 0.275
[1,  1820] loss: 0.298
[1,  1840] loss: 0.365
[1,  1860] loss: 0.343
[1,  1880] loss: 0.299
[1,  1900] loss: 0.269
[1,  1920] loss: 0.264
[1,  1940] loss: 0.283
[1,  1960] loss: 0.297
[1,  1980] loss: 0.263
[1,  2000] loss: 0.226
[1,  2020] loss: 0.236
[1,  2040] loss: 0.245
[1,  2060] loss: 0.287
[1,  2080] loss: 0.189
[1,  2100] loss: 0.252
[1,  2120] loss: 0.210
[1,  2140] loss: 0.221
[1,  2160] loss: 0.224
[1,  2180] loss: 0.220
[1,  2200] loss: 0.206
[1,  2220] loss: 0.243
[1,  2240] loss: 0.201
[1,  2260] loss: 0.203
[1,  2280] loss: 0.216
[1,  2300] loss: 0.195
[1,  2320] loss: 0.227
[1,  2340] loss: 0.256
[1,  2360] loss: 0.174
[1,  2380] loss: 0.156
[1,  2400] loss: 0.186
[1,  2420] loss: 0.154
[1,  2440] loss: 0.146
[1,  2460] loss: 0.192
[1,  2480] loss: 0.171
[1,  2500] loss: 0.133
[1,  2520] loss: 0.113
[1,  2540] loss: 0.165
[1,  2560] loss: 0.139
[1,  2580] loss: 0.145
[1,  2600] loss: 0.170
[1,  2620] loss: 0.213
[1,  2640] loss: 0.187
[1,  2660] loss: 0.158
[1,  2680] loss: 0.162
[1,  2700] loss: 0.186
[1,  2720] loss: 0.156
[1,  2740] loss: 0.173
[1,  2760] loss: 0.137
[1,  2780] loss: 0.136
[1,  2800] loss: 0.145
[1,  2820] loss: 0.126
[1,  2840] loss: 0.147
[1,  2860] loss: 0.140
[1,  2880] loss: 0.124
[1,  2900] loss: 0.161
[1,  2920] loss: 0.126
[1,  2940] loss: 0.148
[1,  2960] loss: 0.122
[1,  2980] loss: 0.100
[1,  3000] loss: 0.163
[1,  3020] loss: 0.133
[1,  3040] loss: 0.133
[1,    20] loss: 0.034
[1,    40] loss: 0.032
[1,    60] loss: 0.031
[1,    80] loss: 0.026
[1,   100] loss: 0.024
[1,   120] loss: 0.024
[1,   140] loss: 0.024
[1,   160] loss: 0.025
[1,   180] loss: 0.026
[1,   200] loss: 0.032
[1,   220] loss: 0.032
[1,   240] loss: 0.032
[1,   260] loss: 0.031
[1,   280] loss: 0.032
[1,   300] loss: 0.032
[1,   320] loss: 0.033
