cuda:  4
color_space: YCbCr
batch_size: 10
num_epcochs: 1
learning_rate: 0.001
[1,    20] loss: 0.089
[1,    40] loss: 0.121
[1,    60] loss: 0.065
[1,    80] loss: 0.080
[1,   100] loss: 0.133
[1,   120] loss: 0.089
[1,   140] loss: 0.082
[1,   160] loss: 0.088
[1,   180] loss: 0.110
[1,   200] loss: 0.073
[1,   220] loss: 0.093
[1,   240] loss: 0.079
[1,   260] loss: 0.064
[1,   280] loss: 0.085
[1,   300] loss: 0.061
[1,   320] loss: 0.090
[1,   340] loss: 0.085
[1,   360] loss: 0.057
[1,   380] loss: 0.112
[1,   400] loss: 0.078
[1,   420] loss: 0.084
[1,   440] loss: 0.092
[1,   460] loss: 0.090
[1,   480] loss: 0.129
[1,   500] loss: 0.063
[1,   520] loss: 0.067
[1,   540] loss: 0.079
[1,   560] loss: 0.075
[1,   580] loss: 0.061
[1,   600] loss: 0.078
[1,   620] loss: 0.126
[1,   640] loss: 0.100
[1,   660] loss: 0.077
[1,   680] loss: 0.065
[1,   700] loss: 0.070
[1,   720] loss: 0.104
[1,   740] loss: 0.073
[1,   760] loss: 0.106
[1,   780] loss: 0.074
[1,   800] loss: 0.054
[1,   820] loss: 0.125
[1,   840] loss: 0.062
[1,   860] loss: 0.090
[1,   880] loss: 0.069
[1,   900] loss: 0.078
[1,   920] loss: 0.070
[1,   940] loss: 0.089
[1,   960] loss: 0.046
[1,   980] loss: 0.062
[1,  1000] loss: 0.067
[1,  1020] loss: 0.065
[1,  1040] loss: 0.074
[1,  1060] loss: 0.070
[1,  1080] loss: 0.054
[1,  1100] loss: 0.058
[1,  1120] loss: 0.095
[1,  1140] loss: 0.068
[1,  1160] loss: 0.060
[1,  1180] loss: 0.053
[1,  1200] loss: 0.087
[1,  1220] loss: 0.061
[1,  1240] loss: 0.147
[1,  1260] loss: 0.072
[1,  1280] loss: 0.068
[1,  1300] loss: 0.055
[1,  1320] loss: 0.100
[1,  1340] loss: 0.090
[1,  1360] loss: 0.087
[1,  1380] loss: 0.085
[1,  1400] loss: 0.080
[1,  1420] loss: 0.116
[1,  1440] loss: 157033.433
[1,  1460] loss: 647904.413
[1,  1480] loss: 261445.602
[1,  1500] loss: 23137.320
[1,  1520] loss: 2872.456
[1,  1540] loss: 343.891
[1,  1560] loss: 15.271
[1,  1580] loss: 8.321
[1,  1600] loss: 5.325
[1,  1620] loss: 5.127
[1,  1640] loss: 4.136
[1,  1660] loss: 3.413
[1,  1680] loss: 3.341
[1,  1700] loss: 4.025
[1,  1720] loss: 4.006
[1,  1740] loss: 2.574
[1,  1760] loss: 2.884
[1,  1780] loss: 3.065
[1,  1800] loss: 2.868
[1,  1820] loss: 1.900
[1,  1840] loss: 2.292
[1,  1860] loss: 1.568
[1,  1880] loss: 1.410
[1,  1900] loss: 1.700
[1,  1920] loss: 1.483
[1,  1940] loss: 1.497
[1,  1960] loss: 1.446
[1,  1980] loss: 1.255
[1,  2000] loss: 1.470
[1,  2020] loss: 1.360
[1,  2040] loss: 1.419
[1,  2060] loss: 1.174
[1,  2080] loss: 1.186
[1,  2100] loss: 1.155
[1,  2120] loss: 0.971
[1,  2140] loss: 1.178
[1,  2160] loss: 1.028
[1,  2180] loss: 0.848
[1,  2200] loss: 0.972
[1,  2220] loss: 0.814
[1,  2240] loss: 0.974
[1,  2260] loss: 0.932
[1,  2280] loss: 0.767
[1,  2300] loss: 0.713
[1,  2320] loss: 0.778
[1,  2340] loss: 0.716
[1,  2360] loss: 0.714
[1,  2380] loss: 0.688
[1,  2400] loss: 0.722
[1,  2420] loss: 0.761
[1,  2440] loss: 0.711
[1,  2460] loss: 0.626
[1,  2480] loss: 0.661
[1,  2500] loss: 0.782
[1,  2520] loss: 0.654
[1,  2540] loss: 0.814
[1,  2560] loss: 0.379
[1,  2580] loss: 0.630
[1,  2600] loss: 0.539
[1,  2620] loss: 0.658
[1,  2640] loss: 0.521
[1,  2660] loss: 0.616
[1,  2680] loss: 0.546
[1,  2700] loss: 0.577
[1,  2720] loss: 0.463
[1,  2740] loss: 0.511
[1,  2760] loss: 0.605
[1,  2780] loss: 0.632
[1,  2800] loss: 0.468
[1,  2820] loss: 0.447
[1,  2840] loss: 0.463
[1,  2860] loss: 0.503
[1,  2880] loss: 0.487
[1,  2900] loss: 0.386
[1,  2920] loss: 0.416
[1,  2940] loss: 0.463
[1,  2960] loss: 0.510
[1,  2980] loss: 0.406
[1,  3000] loss: 0.365
[1,  3020] loss: 0.367
[1,  3040] loss: 0.485
[1,    20] loss: 1.020
[1,    40] loss: 0.716
[1,    60] loss: 0.528
[1,    80] loss: 0.396
[1,   100] loss: 0.344
[1,   120] loss: 0.306
[1,   140] loss: 0.282
[1,   160] loss: 0.251
[1,   180] loss: 0.229
[1,   200] loss: 0.231
[1,   220] loss: 0.235
[1,   240] loss: 0.229
[1,   260] loss: 0.219
[1,   280] loss: 0.209
[1,   300] loss: 0.204
[1,   320] loss: 0.198
