cuda:  3
color_space: YCbCr
batch_size: 10
num_epcochs: 1
learning_rate: 0.002
[1,    20] loss: 0.126
[1,    40] loss: 0.082
[1,    60] loss: 0.091
[1,    80] loss: 0.072
[1,   100] loss: 0.107
[1,   120] loss: 0.071
[1,   140] loss: 0.097
[1,   160] loss: 0.076
[1,   180] loss: 0.074
[1,   200] loss: 0.104
[1,   220] loss: 0.098
[1,   240] loss: 0.087
[1,   260] loss: 0.066
[1,   280] loss: 0.075
[1,   300] loss: 0.078
[1,   320] loss: 0.049
[1,   340] loss: 0.064
[1,   360] loss: 0.116
[1,   380] loss: 0.060
[1,   400] loss: 0.074
[1,   420] loss: 0.085
[1,   440] loss: 0.102
[1,   460] loss: 0.064
[1,   480] loss: 0.058
[1,   500] loss: 0.127
[1,   520] loss: 0.065
[1,   540] loss: 0.076
[1,   560] loss: 0.061
[1,   580] loss: 0.063
[1,   600] loss: 0.108
[1,   620] loss: 0.095
[1,   640] loss: 0.070
[1,   660] loss: 0.100
[1,   680] loss: 0.055
[1,   700] loss: 0.126
[1,   720] loss: 0.081
[1,   740] loss: 0.082
[1,   760] loss: 0.067
[1,   780] loss: 0.098
[1,   800] loss: 0.068
[1,   820] loss: 0.056
[1,   840] loss: 0.075
[1,   860] loss: 0.046
[1,   880] loss: 0.069
[1,   900] loss: 0.100
[1,   920] loss: 0.055
[1,   940] loss: 0.088
[1,   960] loss: 0.064
[1,   980] loss: 0.083
[1,  1000] loss: 0.070
[1,  1020] loss: 0.093
[1,  1040] loss: 0.072
[1,  1060] loss: 0.064
[1,  1080] loss: 0.119
[1,  1100] loss: 4653.443
[1,  1120] loss: 2103943.030
[1,  1140] loss: 144427664.012
[1,  1160] loss: 25551791.130
[1,  1180] loss: 1738678.975
[1,  1200] loss: 210351.243
[1,  1220] loss: 33812.721
[1,  1240] loss: 15692.423
[1,  1260] loss: 9868.654
[1,  1280] loss: 7115.667
[1,  1300] loss: 5018.508
[1,  1320] loss: 5111.611
[1,  1340] loss: 3513.722
[1,  1360] loss: 3516.271
[1,  1380] loss: 4366.250
[1,  1400] loss: 2655.962
[1,  1420] loss: 2722.503
[1,  1440] loss: 2344.194
[1,  1460] loss: 1720.202
[1,  1480] loss: 2034.426
[1,  1500] loss: 1861.481
[1,  1520] loss: 2325.337
[1,  1540] loss: 2107.469
[1,  1560] loss: 1457.975
[1,  1580] loss: 1122.508
[1,  1600] loss: 1695.953
[1,  1620] loss: 1352.995
[1,  1640] loss: 1110.865
[1,  1660] loss: 1478.029
[1,  1680] loss: 1177.222
[1,  1700] loss: 1600.982
[1,  1720] loss: 881.131
[1,  1740] loss: 1101.546
[1,  1760] loss: 946.078
[1,  1780] loss: 887.651
[1,  1800] loss: 877.699
[1,  1820] loss: 1028.165
[1,  1840] loss: 897.988
[1,  1860] loss: 731.397
[1,  1880] loss: 821.548
[1,  1900] loss: 879.918
[1,  1920] loss: 888.396
[1,  1940] loss: 710.015
[1,  1960] loss: 711.034
[1,  1980] loss: 838.286
[1,  2000] loss: 587.707
[1,  2020] loss: 561.105
[1,  2040] loss: 631.081
[1,  2060] loss: 664.405
[1,  2080] loss: 586.692
[1,  2100] loss: 619.090
[1,  2120] loss: 645.914
[1,  2140] loss: 765.382
[1,  2160] loss: 698.355
[1,  2180] loss: 540.264
[1,  2200] loss: 576.151
[1,  2220] loss: 502.984
[1,  2240] loss: 375.578
[1,  2260] loss: 624.045
[1,  2280] loss: 633.430
[1,  2300] loss: 538.749
[1,  2320] loss: 528.799
[1,  2340] loss: 373.893
[1,  2360] loss: 507.922
[1,  2380] loss: 441.019
[1,  2400] loss: 504.252
[1,  2420] loss: 385.904
[1,  2440] loss: 466.449
[1,  2460] loss: 460.051
[1,  2480] loss: 346.073
[1,  2500] loss: 358.699
[1,  2520] loss: 410.908
[1,  2540] loss: 371.973
[1,  2560] loss: 356.088
[1,  2580] loss: 395.146
[1,  2600] loss: 364.710
[1,  2620] loss: 306.920
[1,  2640] loss: 395.532
[1,  2660] loss: 362.200
[1,  2680] loss: 405.106
[1,  2700] loss: 339.444
[1,  2720] loss: 445.466
[1,  2740] loss: 261.047
[1,  2760] loss: 338.674
[1,  2780] loss: 245.112
[1,  2800] loss: 269.070
[1,  2820] loss: 395.121
[1,  2840] loss: 318.704
[1,  2860] loss: 325.645
[1,  2880] loss: 274.594
[1,  2900] loss: 314.402
[1,  2920] loss: 251.297
[1,  2940] loss: 264.093
[1,  2960] loss: 289.650
[1,  2980] loss: 208.750
[1,  3000] loss: 225.512
[1,  3020] loss: 260.023
[1,  3040] loss: 234.533
[1,    20] loss: 842.094
[1,    40] loss: 588.802
[1,    60] loss: 420.637
[1,    80] loss: 345.738
[1,   100] loss: 286.272
[1,   120] loss: 251.975
[1,   140] loss: 254.927
[1,   160] loss: 225.856
[1,   180] loss: 264.549
[1,   200] loss: 290.771
[1,   220] loss: 300.327
[1,   240] loss: 283.436
[1,   260] loss: 265.908
[1,   280] loss: 253.078
[1,   300] loss: 240.398
[1,   320] loss: 226.894
