cuda:  2
color_space: YCbCr
batch_size: 10
num_epcochs: 1
learning_rate: 0.002
[1,    20] loss: 0.338
[1,    40] loss: 0.117
[1,    60] loss: 0.064
[1,    80] loss: 0.118
[1,   100] loss: 0.075
[1,   120] loss: 0.075
[1,   140] loss: 0.068
[1,   160] loss: 0.087
[1,   180] loss: 0.064
[1,   200] loss: 0.065
[1,   220] loss: 0.079
[1,   240] loss: 0.058
[1,   260] loss: 0.056
[1,   280] loss: 0.067
[1,   300] loss: 0.071
[1,   320] loss: 0.064
[1,   340] loss: 0.106
[1,   360] loss: 0.052
[1,   380] loss: 0.071
[1,   400] loss: 0.088
[1,   420] loss: 0.051
[1,   440] loss: 0.071
[1,   460] loss: 0.117
[1,   480] loss: 0.145
[1,   500] loss: 0.060
[1,   520] loss: 0.051
[1,   540] loss: 0.083
[1,   560] loss: 0.107
[1,   580] loss: 0.091
[1,   600] loss: 0.056
[1,   620] loss: 0.106
[1,   640] loss: 0.099
[1,   660] loss: 0.055
[1,   680] loss: 0.120
[1,   700] loss: 0.110
[1,   720] loss: 0.092
[1,   740] loss: 0.069
[1,   760] loss: 0.087
[1,   780] loss: 0.082
[1,   800] loss: 0.062
[1,   820] loss: 0.051
[1,   840] loss: 0.102
[1,   860] loss: 0.059
[1,   880] loss: 0.081
[1,   900] loss: 0.080
[1,   920] loss: 0.095
[1,   940] loss: 0.055
[1,   960] loss: 0.044
[1,   980] loss: 0.036
[1,  1000] loss: 0.060
[1,  1020] loss: 0.047
[1,  1040] loss: 0.070
[1,  1060] loss: 0.073
[1,  1080] loss: 0.071
[1,  1100] loss: 0.045
[1,  1120] loss: 0.093
[1,  1140] loss: 0.089
[1,  1160] loss: 0.068
[1,  1180] loss: 0.071
[1,  1200] loss: 0.092
[1,  1220] loss: 0.079
[1,  1240] loss: 0.068
[1,  1260] loss: 0.079
[1,  1280] loss: 0.075
[1,  1300] loss: 0.094
[1,  1320] loss: 0.086
[1,  1340] loss: 0.066
[1,  1360] loss: 0.099
[1,  1380] loss: 0.074
[1,  1400] loss: 0.086
[1,  1420] loss: 0.074
[1,  1440] loss: 0.070
[1,  1460] loss: 0.089
[1,  1480] loss: 0.110
[1,  1500] loss: 0.094
[1,  1520] loss: 0.091
[1,  1540] loss: 0.071
[1,  1560] loss: 0.130
[1,  1580] loss: 0.092
[1,  1600] loss: 24299748.742
[1,  1620] loss: 88862782508.550
[1,  1640] loss: 15632407042.400
[1,  1660] loss: 1366349118.000
[1,  1680] loss: 109177137.600
[1,  1700] loss: 18013938.750
[1,  1720] loss: 3963644.859
[1,  1740] loss: 1463723.137
[1,  1760] loss: 1036793.528
[1,  1780] loss: 998094.505
[1,  1800] loss: 932808.261
[1,  1820] loss: 874685.420
[1,  1840] loss: 727834.552
[1,  1860] loss: 602486.461
[1,  1880] loss: 598736.162
[1,  1900] loss: 594316.086
[1,  1920] loss: 442179.845
[1,  1940] loss: 456291.002
[1,  1960] loss: 439225.422
[1,  1980] loss: 406589.502
[1,  2000] loss: 353537.938
[1,  2020] loss: 371047.393
[1,  2040] loss: 286971.773
[1,  2060] loss: 344392.117
[1,  2080] loss: 313242.981
[1,  2100] loss: 271441.410
[1,  2120] loss: 265752.267
[1,  2140] loss: 276032.338
[1,  2160] loss: 221101.246
[1,  2180] loss: 209260.052
[1,  2200] loss: 212936.670
[1,  2220] loss: 205105.105
[1,  2240] loss: 229151.341
[1,  2260] loss: 219922.634
[1,  2280] loss: 236115.889
[1,  2300] loss: 192974.564
[1,  2320] loss: 242781.372
[1,  2340] loss: 173345.150
[1,  2360] loss: 146968.977
[1,  2380] loss: 207873.129
[1,  2400] loss: 162795.362
[1,  2420] loss: 191392.524
[1,  2440] loss: 160194.178
[1,  2460] loss: 193450.696
[1,  2480] loss: 194951.055
[1,  2500] loss: 174634.248
[1,  2520] loss: 151406.573
[1,  2540] loss: 179270.836
[1,  2560] loss: 155910.228
[1,  2580] loss: 181973.072
[1,  2600] loss: 156375.334
[1,  2620] loss: 139301.032
[1,  2640] loss: 111367.356
[1,  2660] loss: 141475.287
[1,  2680] loss: 152113.490
[1,  2700] loss: 152497.860
[1,  2720] loss: 146449.937
[1,  2740] loss: 118799.189
[1,  2760] loss: 131357.190
[1,  2780] loss: 129238.927
[1,  2800] loss: 131489.437
[1,  2820] loss: 142762.380
[1,  2840] loss: 149240.884
[1,  2860] loss: 121767.209
[1,  2880] loss: 99275.714
[1,  2900] loss: 119449.494
[1,  2920] loss: 121368.193
[1,  2940] loss: 125394.942
[1,  2960] loss: 135727.904
[1,  2980] loss: 122906.532
[1,  3000] loss: 133893.331
[1,  3020] loss: 116932.300
[1,  3040] loss: 106074.062
[1,    20] loss: 797610.959
[1,    40] loss: 417593.788
[1,    60] loss: 290123.476
[1,    80] loss: 218829.814
[1,   100] loss: 176195.536
[1,   120] loss: 151080.111
[1,   140] loss: 130045.671
[1,   160] loss: 116864.353
[1,   180] loss: 105684.390
[1,   200] loss: 97045.775
[1,   220] loss: 93730.569
[1,   240] loss: 88027.987
[1,   260] loss: 83446.426
[1,   280] loss: 80231.591
[1,   300] loss: 76495.010
[1,   320] loss: 72584.811
