cuda:  0
color_space: YCbCr
batch_size: 10
num_epcochs: 2
learning_rate: 0.001
[1,    20] loss: 0.106
[1,    40] loss: 0.086
[1,    60] loss: 0.064
[1,    80] loss: 0.154
[1,   100] loss: 0.113
[1,   120] loss: 0.066
[1,   140] loss: 0.064
[1,   160] loss: 0.104
[1,   180] loss: 0.090
[1,   200] loss: 0.099
[1,   220] loss: 0.048
[1,   240] loss: 0.075
[1,   260] loss: 0.105
[1,   280] loss: 0.108
[1,   300] loss: 0.086
[1,   320] loss: 0.064
[1,   340] loss: 0.093
[1,   360] loss: 0.096
[1,   380] loss: 0.066
[1,   400] loss: 0.110
[1,   420] loss: 0.069
[1,   440] loss: 0.066
[1,   460] loss: 0.098
[1,   480] loss: 0.082
[1,   500] loss: 0.087
[1,   520] loss: 0.066
[1,   540] loss: 0.091
[1,   560] loss: 0.075
[1,   580] loss: 0.058
[1,   600] loss: 0.077
[1,   620] loss: 0.087
[1,   640] loss: 0.065
[1,   660] loss: 0.085
[1,   680] loss: 0.102
[1,   700] loss: 0.086
[1,   720] loss: 0.097
[1,   740] loss: 0.060
[1,   760] loss: 0.059
[1,   780] loss: 0.082
[1,   800] loss: 0.079
[1,   820] loss: 0.065
[1,   840] loss: 0.091
[1,   860] loss: 7.247
[1,   880] loss: 8582.196
[1,   900] loss: 65719.603
[1,   920] loss: 1715.386
[1,   940] loss: 272.906
[1,   960] loss: 56.865
[1,   980] loss: 11.413
[1,  1000] loss: 4.377
[1,  1020] loss: 2.547
[1,  1040] loss: 2.085
[1,  1060] loss: 1.750
[1,  1080] loss: 1.122
[1,  1100] loss: 1.235
[1,  1120] loss: 0.771
[1,  1140] loss: 0.987
[1,  1160] loss: 0.650
[1,  1180] loss: 0.641
[1,  1200] loss: 0.640
[1,  1220] loss: 0.586
[1,  1240] loss: 0.622
[1,  1260] loss: 0.631
[1,  1280] loss: 0.554
[1,  1300] loss: 0.500
[1,  1320] loss: 0.492
[1,  1340] loss: 0.436
[1,  1360] loss: 0.430
[1,  1380] loss: 0.462
[1,  1400] loss: 0.407
[1,  1420] loss: 0.448
[1,  1440] loss: 0.399
[1,  1460] loss: 0.481
[1,  1480] loss: 0.342
[1,  1500] loss: 0.396
[1,  1520] loss: 0.306
[1,  1540] loss: 0.406
[1,  1560] loss: 0.426
[1,  1580] loss: 0.454
[1,  1600] loss: 0.358
[1,  1620] loss: 0.445
[1,  1640] loss: 0.309
[1,  1660] loss: 0.337
[1,  1680] loss: 0.399
[1,  1700] loss: 0.396
[1,  1720] loss: 0.357
[1,  1740] loss: 0.375
[1,  1760] loss: 0.342
[1,  1780] loss: 0.267
[1,  1800] loss: 0.279
[1,  1820] loss: 0.275
[1,  1840] loss: 0.305
[1,  1860] loss: 0.287
[1,  1880] loss: 0.327
[1,  1900] loss: 0.297
[1,  1920] loss: 0.239
[1,  1940] loss: 0.284
[1,  1960] loss: 0.268
[1,  1980] loss: 0.300
[1,  2000] loss: 0.284
[1,  2020] loss: 0.277
[1,  2040] loss: 0.256
[1,  2060] loss: 0.293
[1,  2080] loss: 0.216
[1,  2100] loss: 0.287
[1,  2120] loss: 0.237
[1,  2140] loss: 0.219
[1,  2160] loss: 0.228
[1,  2180] loss: 0.177
[1,  2200] loss: 0.207
[1,  2220] loss: 0.223
[1,  2240] loss: 0.251
[1,  2260] loss: 0.207
[1,  2280] loss: 0.236
[1,  2300] loss: 0.253
[1,  2320] loss: 0.231
[1,  2340] loss: 0.237
[1,  2360] loss: 0.220
[1,  2380] loss: 0.204
[1,  2400] loss: 0.232
[1,  2420] loss: 0.208
[1,  2440] loss: 0.170
[1,  2460] loss: 0.171
[1,  2480] loss: 0.191
[1,  2500] loss: 0.191
[1,  2520] loss: 0.199
[1,  2540] loss: 0.184
[1,  2560] loss: 0.210
[1,  2580] loss: 0.184
[1,  2600] loss: 0.138
[1,  2620] loss: 0.146
[1,  2640] loss: 0.203
[1,  2660] loss: 0.161
[1,  2680] loss: 0.144
[1,  2700] loss: 0.138
[1,  2720] loss: 0.181
[1,  2740] loss: 0.195
[1,  2760] loss: 0.149
[1,  2780] loss: 0.178
[1,  2800] loss: 0.230
[1,  2820] loss: 0.165
[1,  2840] loss: 0.155
[1,  2860] loss: 0.194
[1,  2880] loss: 0.193
[1,  2900] loss: 0.142
[1,  2920] loss: 0.156
[1,  2940] loss: 0.149
[1,  2960] loss: 0.133
[1,  2980] loss: 0.124
[1,  3000] loss: 0.124
[1,  3020] loss: 0.141
[1,  3040] loss: 0.246
[2,    20] loss: 0.107
[2,    40] loss: 0.227
[2,    60] loss: 0.113
[2,    80] loss: 0.099
[2,   100] loss: 0.131
[2,   120] loss: 0.148
[2,   140] loss: 0.125
[2,   160] loss: 0.171
[2,   180] loss: 0.157
[2,   200] loss: 0.114
[2,   220] loss: 0.098
[2,   240] loss: 0.115
[2,   260] loss: 0.135
[2,   280] loss: 0.139
[2,   300] loss: 0.105
[2,   320] loss: 0.110
[2,   340] loss: 0.121
[2,   360] loss: 0.159
[2,   380] loss: 0.143
[2,   400] loss: 0.116
[2,   420] loss: 0.139
[2,   440] loss: 0.166
[2,   460] loss: 0.144
[2,   480] loss: 0.177
[2,   500] loss: 0.161
[2,   520] loss: 0.133
[2,   540] loss: 0.131
[2,   560] loss: 0.121
[2,   580] loss: 0.088
[2,   600] loss: 0.065
[2,   620] loss: 0.107
[2,   640] loss: 0.106
[2,   660] loss: 0.092
[2,   680] loss: 0.155
[2,   700] loss: 0.081
[2,   720] loss: 0.113
[2,   740] loss: 0.111
[2,   760] loss: 0.093
[2,   780] loss: 0.070
[2,   800] loss: 0.076
[2,   820] loss: 0.106
[2,   840] loss: 0.132
[2,   860] loss: 0.112
[2,   880] loss: 0.119
[2,   900] loss: 0.184
[2,   920] loss: 0.098
[2,   940] loss: 0.110
[2,   960] loss: 0.133
[2,   980] loss: 0.109
[2,  1000] loss: 0.131
[2,  1020] loss: 0.176
[2,  1040] loss: 0.182
[2,  1060] loss: 0.151
[2,  1080] loss: 0.092
[2,  1100] loss: 0.154
[2,  1120] loss: 0.218
[2,  1140] loss: 0.122
[2,  1160] loss: 0.181
[2,  1180] loss: 0.087
[2,  1200] loss: 0.097
[2,  1220] loss: 0.084
[2,  1240] loss: 0.091
[2,  1260] loss: 0.091
[2,  1280] loss: 0.156
[2,  1300] loss: 0.171
[2,  1320] loss: 0.098
[2,  1340] loss: 0.109
[2,  1360] loss: 0.104
[2,  1380] loss: 0.223
[2,  1400] loss: 0.130
[2,  1420] loss: 0.074
[2,  1440] loss: 0.104
[2,  1460] loss: 0.149
[2,  1480] loss: 0.129
[2,  1500] loss: 0.089
[2,  1520] loss: 0.168
[2,  1540] loss: 0.154
[2,  1560] loss: 0.098
[2,  1580] loss: 0.089
[2,  1600] loss: 0.121
[2,  1620] loss: 0.131
[2,  1640] loss: 0.145
[2,  1660] loss: 0.142
[2,  1680] loss: 0.169
[2,  1700] loss: 0.200
[2,  1720] loss: 0.151
[2,  1740] loss: 0.117
[2,  1760] loss: 0.083
[2,  1780] loss: 0.122
[2,  1800] loss: 0.082
[2,  1820] loss: 0.081
[2,  1840] loss: 0.122
[2,  1860] loss: 0.295
[2,  1880] loss: 0.257
[2,  1900] loss: 0.107
[2,  1920] loss: 0.142
[2,  1940] loss: 0.163
[2,  1960] loss: 0.081
[2,  1980] loss: 0.079
[2,  2000] loss: 0.094
[2,  2020] loss: 0.114
[2,  2040] loss: 0.087
[2,  2060] loss: 0.058
[2,  2080] loss: 0.114
[2,  2100] loss: 0.108
[2,  2120] loss: 0.188
[2,  2140] loss: 0.122
[2,  2160] loss: 0.159
[2,  2180] loss: 0.124
[2,  2200] loss: 0.137
[2,  2220] loss: 0.170
[2,  2240] loss: 0.108
[2,  2260] loss: 0.147
[2,  2280] loss: 0.073
[2,  2300] loss: 0.098
[2,  2320] loss: 0.085
[2,  2340] loss: 0.086
[2,  2360] loss: 0.114
[2,  2380] loss: 0.145
[2,  2400] loss: 0.109
[2,  2420] loss: 0.086
[2,  2440] loss: 0.162
[2,  2460] loss: 0.111
[2,  2480] loss: 0.105
[2,  2500] loss: 0.103
[2,  2520] loss: 0.104
[2,  2540] loss: 0.143
[2,  2560] loss: 0.124
[2,  2580] loss: 0.092
[2,  2600] loss: 0.077
[2,  2620] loss: 0.108
[2,  2640] loss: 0.099
[2,  2660] loss: 0.147
[2,  2680] loss: 0.080
[2,  2700] loss: 0.156
[2,  2720] loss: 0.100
[2,  2740] loss: 0.077
[2,  2760] loss: 0.124
[2,  2780] loss: 0.167
[2,  2800] loss: 0.143
[2,  2820] loss: 0.179
[2,  2840] loss: 0.165
[2,  2860] loss: 0.082
[2,  2880] loss: 0.108
[2,  2900] loss: 0.178
[2,  2920] loss: 0.106
[2,  2940] loss: 0.107
[2,  2960] loss: 0.140
[2,  2980] loss: 0.134
[2,  3000] loss: 0.105
[2,  3020] loss: 0.134
[2,  3040] loss: 0.199
[1,    20] loss: 0.168
[1,    40] loss: 0.104
[1,    60] loss: 0.095
[1,    80] loss: 0.130
[1,   100] loss: 0.142
[1,   120] loss: 0.169
[1,   140] loss: 0.193
[1,   160] loss: 0.213
[1,   180] loss: 0.218
[1,   200] loss: 0.217
[1,   220] loss: 0.216
[1,   240] loss: 0.208
[1,   260] loss: 0.196
[1,   280] loss: 0.190
[1,   300] loss: 0.194
[1,   320] loss: 0.184
[2,    20] loss: 0.168
[2,    40] loss: 0.104
[2,    60] loss: 0.095
[2,    80] loss: 0.130
[2,   100] loss: 0.142
[2,   120] loss: 0.169
[2,   140] loss: 0.193
[2,   160] loss: 0.213
[2,   180] loss: 0.218
[2,   200] loss: 0.217
[2,   220] loss: 0.216
[2,   240] loss: 0.208
[2,   260] loss: 0.196
[2,   280] loss: 0.190
[2,   300] loss: 0.194
[2,   320] loss: 0.184
