cuda:  6
color_space: YCbCr
batch_size: 10
num_epcochs: 2
learning_rate: 0.002
[1,    20] loss: 0.479
[1,    40] loss: 0.541
[1,    60] loss: 0.214
[1,    80] loss: 0.120
[1,   100] loss: 0.068
[1,   120] loss: 0.089
[1,   140] loss: 0.117
[1,   160] loss: 0.092
[1,   180] loss: 0.070
[1,   200] loss: 0.049
[1,   220] loss: 0.061
[1,   240] loss: 0.060
[1,   260] loss: 0.067
[1,   280] loss: 0.073
[1,   300] loss: 0.117
[1,   320] loss: 0.068
[1,   340] loss: 0.100
[1,   360] loss: 0.073
[1,   380] loss: 0.046
[1,   400] loss: 0.077
[1,   420] loss: 0.106
[1,   440] loss: 0.059
[1,   460] loss: 0.066
[1,   480] loss: 0.050
[1,   500] loss: 0.055
[1,   520] loss: 0.066
[1,   540] loss: 0.049
[1,   560] loss: 0.075
[1,   580] loss: 0.071
[1,   600] loss: 0.053
[1,   620] loss: 0.088
[1,   640] loss: 0.085
[1,   660] loss: 0.056
[1,   680] loss: 0.093
[1,   700] loss: 0.040
[1,   720] loss: 0.084
[1,   740] loss: 0.044
[1,   760] loss: 0.064
[1,   780] loss: 0.073
[1,   800] loss: 0.065
[1,   820] loss: 0.069
[1,   840] loss: 0.101
[1,   860] loss: 0.066
[1,   880] loss: 0.048
[1,   900] loss: 0.062
[1,   920] loss: 0.045
[1,   940] loss: 0.114
[1,   960] loss: 0.045
[1,   980] loss: 0.067
[1,  1000] loss: 0.061
[1,  1020] loss: 0.064
[1,  1040] loss: 0.076
[1,  1060] loss: 0.065
[1,  1080] loss: 0.059
[1,  1100] loss: 0.055
[1,  1120] loss: 0.080
[1,  1140] loss: 0.046
[1,  1160] loss: 0.081
[1,  1180] loss: 0.066
[1,  1200] loss: 0.058
[1,  1220] loss: 0.050
[1,  1240] loss: 0.041
[1,  1260] loss: 0.048
[1,  1280] loss: 0.076
[1,  1300] loss: 0.097
[1,  1320] loss: 0.083
[1,  1340] loss: 0.066
[1,  1360] loss: 0.068
[1,  1380] loss: 0.058
[1,  1400] loss: 0.075
[1,  1420] loss: 0.049
[1,  1440] loss: 0.040
[1,  1460] loss: 0.072
[1,  1480] loss: 0.035
[1,  1500] loss: 0.072
[1,  1520] loss: 0.050
[1,  1540] loss: 0.062
[1,  1560] loss: 0.085
[1,  1580] loss: 0.078
[1,  1600] loss: 0.093
[1,  1620] loss: 0.081
[1,  1640] loss: 0.077
[1,  1660] loss: 0.061
[1,  1680] loss: 0.050
[1,  1700] loss: 0.060
[1,  1720] loss: 0.074
[1,  1740] loss: 0.065
[1,  1760] loss: 0.067
[1,  1780] loss: 0.060
[1,  1800] loss: 0.056
[1,  1820] loss: 0.071
[1,  1840] loss: 0.060
[1,  1860] loss: 0.040
[1,  1880] loss: 0.057
[1,  1900] loss: 0.039
[1,  1920] loss: 0.048
[1,  1940] loss: 0.064
[1,  1960] loss: 0.064
[1,  1980] loss: 0.125
[1,  2000] loss: 0.119
[1,  2020] loss: 0.064
[1,  2040] loss: 0.066
[1,  2060] loss: 0.048
[1,  2080] loss: 0.052
[1,  2100] loss: 0.089
[1,  2120] loss: 0.075
[1,  2140] loss: 0.055
[1,  2160] loss: 0.046
[1,  2180] loss: 0.077
[1,  2200] loss: 0.067
[1,  2220] loss: 0.060
[1,  2240] loss: 0.051
[1,  2260] loss: 0.053
[1,  2280] loss: 0.056
[1,  2300] loss: 0.087
[1,  2320] loss: 0.049
[1,  2340] loss: 0.079
[1,  2360] loss: 0.048
[1,  2380] loss: 0.089
[1,  2400] loss: 0.069
[1,  2420] loss: 0.069
[1,  2440] loss: 0.037
[1,  2460] loss: 0.064
[1,  2480] loss: 0.048
[1,  2500] loss: 0.074
[1,  2520] loss: 0.044
[1,  2540] loss: 0.094
[1,  2560] loss: 0.091
[1,  2580] loss: 0.059
[1,  2600] loss: 0.110
[1,  2620] loss: 0.058
[1,  2640] loss: 0.066
[1,  2660] loss: 0.063
[1,  2680] loss: 0.076
[1,  2700] loss: 0.051
[1,  2720] loss: 0.058
[1,  2740] loss: 0.073
[1,  2760] loss: 0.049
[1,  2780] loss: 0.090
[1,  2800] loss: 0.057
[1,  2820] loss: 0.049
[1,  2840] loss: 0.055
[1,  2860] loss: 0.093
[1,  2880] loss: 0.040
[1,  2900] loss: 0.106
[1,  2920] loss: 0.062
[1,  2940] loss: 0.084
[1,  2960] loss: 0.059
[1,  2980] loss: 0.092
[1,  3000] loss: 0.085
[1,  3020] loss: 0.073
[1,  3040] loss: 0.075
[2,    20] loss: 0.067
[2,    40] loss: 0.050
[2,    60] loss: 0.060
[2,    80] loss: 0.070
[2,   100] loss: 0.141
[2,   120] loss: 0.080
[2,   140] loss: 0.108
[2,   160] loss: 0.097
[2,   180] loss: 0.079
[2,   200] loss: 0.090
[2,   220] loss: 0.077
[2,   240] loss: 0.088
[2,   260] loss: 0.078
[2,   280] loss: 0.065
[2,   300] loss: 0.089
[2,   320] loss: 0.110
[2,   340] loss: 0.070
[2,   360] loss: 0.074
[2,   380] loss: 0.109
[2,   400] loss: 0.068
[2,   420] loss: 0.111
[2,   440] loss: 0.100
[2,   460] loss: 0.061
[2,   480] loss: 0.074
[2,   500] loss: 0.068
[2,   520] loss: 0.074
[2,   540] loss: 0.056
[2,   560] loss: 0.089
[2,   580] loss: 0.072
[2,   600] loss: 0.054
[2,   620] loss: 0.067
[2,   640] loss: 0.055
[2,   660] loss: 0.064
[2,   680] loss: 0.059
[2,   700] loss: 0.101
[2,   720] loss: 0.078
[2,   740] loss: 0.071
[2,   760] loss: 0.125
[2,   780] loss: 0.062
[2,   800] loss: 0.070
[2,   820] loss: 0.096
[2,   840] loss: 0.106
[2,   860] loss: 0.073
[2,   880] loss: 0.052
[2,   900] loss: 0.065
[2,   920] loss: 0.079
[2,   940] loss: 0.078
[2,   960] loss: 0.115
[2,   980] loss: 0.075
[2,  1000] loss: 0.057
[2,  1020] loss: 0.052
[2,  1040] loss: 0.076
[2,  1060] loss: 0.050
[2,  1080] loss: 0.096
[2,  1100] loss: 0.050
[2,  1120] loss: 0.073
[2,  1140] loss: 0.076
[2,  1160] loss: 0.051
[2,  1180] loss: 0.081
[2,  1200] loss: 0.066
[2,  1220] loss: 0.096
[2,  1240] loss: 0.087
[2,  1260] loss: 0.053
[2,  1280] loss: 0.086
[2,  1300] loss: 0.054
[2,  1320] loss: 0.094
[2,  1340] loss: 0.074
[2,  1360] loss: 0.093
[2,  1380] loss: 0.085
[2,  1400] loss: 0.056
[2,  1420] loss: 0.058
[2,  1440] loss: 0.060
[2,  1460] loss: 0.075
[2,  1480] loss: 0.122
[2,  1500] loss: 0.068
[2,  1520] loss: 0.078
[2,  1540] loss: 0.080
[2,  1560] loss: 0.118
[2,  1580] loss: 0.069
[2,  1600] loss: 0.103
[2,  1620] loss: 0.078
[2,  1640] loss: 0.222
[2,  1660] loss: 39194937.453
[2,  1680] loss: 3108221086.487
[2,  1700] loss: 10401869012.991
[2,  1720] loss: 20328969595.200
[2,  1740] loss: 1800142344.000
[2,  1760] loss: 92859761.675
[2,  1780] loss: 9099078.150
[2,  1800] loss: 2628745.216
[2,  1820] loss: 973792.819
[2,  1840] loss: 905585.527
[2,  1860] loss: 868862.041
[2,  1880] loss: 624944.217
[2,  1900] loss: 638284.983
[2,  1920] loss: 600555.343
[2,  1940] loss: 432151.105
[2,  1960] loss: 429564.049
[2,  1980] loss: 440166.953
[2,  2000] loss: 317612.222
[2,  2020] loss: 375441.124
[2,  2040] loss: 344569.392
[2,  2060] loss: 289684.865
[2,  2080] loss: 251069.839
[2,  2100] loss: 292516.330
[2,  2120] loss: 214775.415
[2,  2140] loss: 258935.300
[2,  2160] loss: 233476.688
[2,  2180] loss: 176729.103
[2,  2200] loss: 178896.131
[2,  2220] loss: 160540.449
[2,  2240] loss: 131177.455
[2,  2260] loss: 131116.852
[2,  2280] loss: 116401.239
[2,  2300] loss: 129478.875
[2,  2320] loss: 105251.108
[2,  2340] loss: 99174.577
[2,  2360] loss: 118769.132
[2,  2380] loss: 111645.272
[2,  2400] loss: 89008.716
[2,  2420] loss: 112967.720
[2,  2440] loss: 82986.383
[2,  2460] loss: 89914.702
[2,  2480] loss: 83019.856
[2,  2500] loss: 69496.777
[2,  2520] loss: 76499.533
[2,  2540] loss: 75286.199
[2,  2560] loss: 74873.083
[2,  2580] loss: 73569.654
[2,  2600] loss: 64649.725
[2,  2620] loss: 68472.530
[2,  2640] loss: 68020.279
[2,  2660] loss: 53061.163
[2,  2680] loss: 57475.166
[2,  2700] loss: 53450.981
[2,  2720] loss: 69287.800
[2,  2740] loss: 65546.645
[2,  2760] loss: 51393.446
[2,  2780] loss: 51504.581
[2,  2800] loss: 53331.700
[2,  2820] loss: 49139.885
[2,  2840] loss: 46810.342
[2,  2860] loss: 43867.713
[2,  2880] loss: 44850.355
[2,  2900] loss: 47756.603
[2,  2920] loss: 36670.335
[2,  2940] loss: 39830.031
[2,  2960] loss: 47441.945
[2,  2980] loss: 40217.267
[2,  3000] loss: 40263.102
[2,  3020] loss: 33233.153
[2,  3040] loss: 39177.742
[1,    20] loss: 50314.891
[1,    40] loss: 72823.712
[1,    60] loss: 50046.219
[1,    80] loss: 52597.420
[1,   100] loss: 49291.331
[1,   120] loss: 53045.892
[1,   140] loss: 46809.873
[1,   160] loss: 42020.283
[1,   180] loss: 38463.778
[1,   200] loss: 35458.591
[1,   220] loss: 34039.532
[1,   240] loss: 32114.378
[1,   260] loss: 31099.529
[1,   280] loss: 31374.194
[1,   300] loss: 31603.258
[1,   320] loss: 33872.073
[2,    20] loss: 50314.891
[2,    40] loss: 72823.712
[2,    60] loss: 50046.219
[2,    80] loss: 52597.420
[2,   100] loss: 49291.331
[2,   120] loss: 53045.892
[2,   140] loss: 46809.873
[2,   160] loss: 42020.283
[2,   180] loss: 38463.778
[2,   200] loss: 35458.591
[2,   220] loss: 34039.532
[2,   240] loss: 32114.378
[2,   260] loss: 31099.529
[2,   280] loss: 31374.194
[2,   300] loss: 31603.258
[2,   320] loss: 33872.073
