cuda:  7
color_space: YCbCr
batch_size: 10
num_epcochs: 2
learning_rate: 0.002
[1,    20] loss: 0.128
[1,    40] loss: 0.219
[1,    60] loss: 0.104
[1,    80] loss: 0.081
[1,   100] loss: 0.071
[1,   120] loss: 0.060
[1,   140] loss: 0.073
[1,   160] loss: 0.104
[1,   180] loss: 0.068
[1,   200] loss: 0.105
[1,   220] loss: 0.083
[1,   240] loss: 0.077
[1,   260] loss: 0.097
[1,   280] loss: 0.070
[1,   300] loss: 0.091
[1,   320] loss: 0.067
[1,   340] loss: 0.076
[1,   360] loss: 0.081
[1,   380] loss: 0.046
[1,   400] loss: 0.061
[1,   420] loss: 0.064
[1,   440] loss: 0.046
[1,   460] loss: 0.053
[1,   480] loss: 0.071
[1,   500] loss: 0.042
[1,   520] loss: 0.060
[1,   540] loss: 0.081
[1,   560] loss: 0.084
[1,   580] loss: 0.047
[1,   600] loss: 0.060
[1,   620] loss: 0.092
[1,   640] loss: 0.046
[1,   660] loss: 0.052
[1,   680] loss: 0.066
[1,   700] loss: 0.054
[1,   720] loss: 0.096
[1,   740] loss: 0.029
[1,   760] loss: 0.042
[1,   780] loss: 0.089
[1,   800] loss: 0.109
[1,   820] loss: 0.102
[1,   840] loss: 0.119
[1,   860] loss: 0.073
[1,   880] loss: 0.078
[1,   900] loss: 0.083
[1,   920] loss: 0.080
[1,   940] loss: 0.101
[1,   960] loss: 0.066
[1,   980] loss: 0.038
[1,  1000] loss: 0.082
[1,  1020] loss: 0.052
[1,  1040] loss: 0.055
[1,  1060] loss: 0.087
[1,  1080] loss: 0.072
[1,  1100] loss: 0.068
[1,  1120] loss: 0.053
[1,  1140] loss: 0.076
[1,  1160] loss: 0.086
[1,  1180] loss: 0.093
[1,  1200] loss: 0.105
[1,  1220] loss: 0.053
[1,  1240] loss: 0.060
[1,  1260] loss: 0.091
[1,  1280] loss: 0.091
[1,  1300] loss: 0.071
[1,  1320] loss: 0.103
[1,  1340] loss: 0.087
[1,  1360] loss: 0.074
[1,  1380] loss: 0.104
[1,  1400] loss: 0.077
[1,  1420] loss: 0.082
[1,  1440] loss: 0.065
[1,  1460] loss: 0.073
[1,  1480] loss: 0.082
[1,  1500] loss: 0.067
[1,  1520] loss: 0.104
[1,  1540] loss: 0.084
[1,  1560] loss: 0.083
[1,  1580] loss: 0.102
[1,  1600] loss: 0.060
[1,  1620] loss: 0.066
[1,  1640] loss: 0.086
[1,  1660] loss: 0.064
[1,  1680] loss: 0.039
[1,  1700] loss: 0.052
[1,  1720] loss: 0.089
[1,  1740] loss: 0.075
[1,  1760] loss: 0.056
[1,  1780] loss: 0.105
[1,  1800] loss: 0.086
[1,  1820] loss: 0.081
[1,  1840] loss: 0.075
[1,  1860] loss: 0.073
[1,  1880] loss: 0.054
[1,  1900] loss: 0.072
[1,  1920] loss: 0.053
[1,  1940] loss: 0.051
[1,  1960] loss: 0.038
[1,  1980] loss: 0.084
[1,  2000] loss: 0.076
[1,  2020] loss: 0.107
[1,  2040] loss: 0.071
[1,  2060] loss: 0.048
[1,  2080] loss: 0.102
[1,  2100] loss: 0.080
[1,  2120] loss: 0.097
[1,  2140] loss: 0.074
[1,  2160] loss: 0.124
[1,  2180] loss: 0.050
[1,  2200] loss: 0.085
[1,  2220] loss: 0.063
[1,  2240] loss: 0.092
[1,  2260] loss: 0.091
[1,  2280] loss: 0.127
[1,  2300] loss: 0.050
[1,  2320] loss: 0.078
[1,  2340] loss: 0.050
[1,  2360] loss: 0.088
[1,  2380] loss: 0.035
[1,  2400] loss: 0.053
[1,  2420] loss: 0.088
[1,  2440] loss: 0.103
[1,  2460] loss: 0.102
[1,  2480] loss: 0.046
[1,  2500] loss: 0.101
[1,  2520] loss: 0.092
[1,  2540] loss: 0.110
[1,  2560] loss: 0.104
[1,  2580] loss: 92251.867
[1,  2600] loss: 305541502.536
[1,  2620] loss: 765480555.525
[1,  2640] loss: 29624843.061
[1,  2660] loss: 1311996.247
[1,  2680] loss: 300347.378
[1,  2700] loss: 158175.018
[1,  2720] loss: 109566.870
[1,  2740] loss: 53474.890
[1,  2760] loss: 49522.150
[1,  2780] loss: 28105.508
[1,  2800] loss: 24023.291
[1,  2820] loss: 25141.592
[1,  2840] loss: 16578.381
[1,  2860] loss: 20822.304
[1,  2880] loss: 19764.657
[1,  2900] loss: 14411.434
[1,  2920] loss: 11598.391
[1,  2940] loss: 13644.846
[1,  2960] loss: 8885.423
[1,  2980] loss: 10282.499
[1,  3000] loss: 10648.422
[1,  3020] loss: 9251.849
[1,  3040] loss: 8889.496
[2,    20] loss: 7807.964
[2,    40] loss: 6711.506
[2,    60] loss: 8506.229
[2,    80] loss: 6349.844
[2,   100] loss: 6725.090
[2,   120] loss: 5223.960
[2,   140] loss: 6711.877
[2,   160] loss: 7991.110
[2,   180] loss: 4112.253
[2,   200] loss: 4890.557
[2,   220] loss: 4190.420
[2,   240] loss: 4817.356
[2,   260] loss: 7220.050
[2,   280] loss: 4647.386
[2,   300] loss: 10820.087
[2,   320] loss: 4912.299
[2,   340] loss: 2654.418
[2,   360] loss: 3666.980
[2,   380] loss: 2872.768
[2,   400] loss: 3500.020
[2,   420] loss: 3097.155
[2,   440] loss: 4224.702
[2,   460] loss: 2775.138
[2,   480] loss: 2465.404
[2,   500] loss: 3375.203
[2,   520] loss: 2948.808
[2,   540] loss: 3185.622
[2,   560] loss: 4452.732
[2,   580] loss: 3301.421
[2,   600] loss: 2664.659
[2,   620] loss: 1881.169
[2,   640] loss: 3191.441
[2,   660] loss: 2908.076
[2,   680] loss: 2200.110
[2,   700] loss: 2380.524
[2,   720] loss: 2086.179
[2,   740] loss: 2545.216
[2,   760] loss: 1842.170
[2,   780] loss: 2158.693
[2,   800] loss: 1955.496
[2,   820] loss: 2591.456
[2,   840] loss: 3110.168
[2,   860] loss: 2626.561
[2,   880] loss: 1983.110
[2,   900] loss: 1674.940
[2,   920] loss: 2180.553
[2,   940] loss: 1586.755
[2,   960] loss: 2403.234
[2,   980] loss: 2045.827
[2,  1000] loss: 2087.004
[2,  1020] loss: 1940.535
[2,  1040] loss: 1662.560
[2,  1060] loss: 1565.500
[2,  1080] loss: 2324.087
[2,  1100] loss: 1242.537
[2,  1120] loss: 1742.793
[2,  1140] loss: 1879.028
[2,  1160] loss: 1259.351
[2,  1180] loss: 1643.112
[2,  1200] loss: 1315.677
[2,  1220] loss: 1607.441
[2,  1240] loss: 1463.344
[2,  1260] loss: 1557.479
[2,  1280] loss: 1523.223
[2,  1300] loss: 1456.985
[2,  1320] loss: 1834.458
[2,  1340] loss: 1338.952
[2,  1360] loss: 1265.182
[2,  1380] loss: 1371.905
[2,  1400] loss: 1298.824
[2,  1420] loss: 2038.677
[2,  1440] loss: 1122.503
[2,  1460] loss: 1282.806
[2,  1480] loss: 1366.289
[2,  1500] loss: 2106.341
[2,  1520] loss: 1463.953
[2,  1540] loss: 1124.381
[2,  1560] loss: 1155.444
[2,  1580] loss: 1420.902
[2,  1600] loss: 2699.239
[2,  1620] loss: 1815.382
[2,  1640] loss: 905.050
[2,  1660] loss: 932.844
[2,  1680] loss: 1944.364
[2,  1700] loss: 1998.527
[2,  1720] loss: 1670.529
[2,  1740] loss: 1711.204
[2,  1760] loss: 1774.383
[2,  1780] loss: 1192.657
[2,  1800] loss: 1389.371
[2,  1820] loss: 2006.131
[2,  1840] loss: 1015.942
[2,  1860] loss: 851.511
[2,  1880] loss: 876.690
[2,  1900] loss: 1185.885
[2,  1920] loss: 1281.021
[2,  1940] loss: 1619.558
[2,  1960] loss: 1574.967
[2,  1980] loss: 2077.533
[2,  2000] loss: 1538.314
[2,  2020] loss: 1108.235
[2,  2040] loss: 953.964
[2,  2060] loss: 2239.766
[2,  2080] loss: 1817.105
[2,  2100] loss: 1740.959
[2,  2120] loss: 1146.628
[2,  2140] loss: 1211.183
[2,  2160] loss: 2710.538
[2,  2180] loss: 1438.893
[2,  2200] loss: 1633.845
[2,  2220] loss: 623.405
[2,  2240] loss: 1626.600
[2,  2260] loss: 4281.150
[2,  2280] loss: 2399.154
[2,  2300] loss: 2759.396
[2,  2320] loss: 1834.730
[2,  2340] loss: 1299.398
[2,  2360] loss: 979.830
[2,  2380] loss: 1612.209
[2,  2400] loss: 1272.728
[2,  2420] loss: 954.674
[2,  2440] loss: 1231.809
[2,  2460] loss: 1477.001
[2,  2480] loss: 808.852
[2,  2500] loss: 1064.003
[2,  2520] loss: 937.624
[2,  2540] loss: 1045.883
[2,  2560] loss: 1123.776
[2,  2580] loss: 647.461
[2,  2600] loss: 988.050
[2,  2620] loss: 1303.195
[2,  2640] loss: 1354.799
[2,  2660] loss: 737.605
[2,  2680] loss: 1247.496
[2,  2700] loss: 1085.397
[2,  2720] loss: 851.658
[2,  2740] loss: 688.910
[2,  2760] loss: 841.761
[2,  2780] loss: 1310.636
[2,  2800] loss: 494.645
[2,  2820] loss: 608.926
[2,  2840] loss: 560.142
[2,  2860] loss: 1696.453
[2,  2880] loss: 1577.293
[2,  2900] loss: 1614.785
[2,  2920] loss: 1573.095
[2,  2940] loss: 883.603
[2,  2960] loss: 953.798
[2,  2980] loss: 1780.655
[2,  3000] loss: 703.982
[2,  3020] loss: 985.223
[2,  3040] loss: 455.400
[1,    20] loss: 700.045
[1,    40] loss: 428.852
[1,    60] loss: 314.246
[1,    80] loss: 300.697
[1,   100] loss: 315.378
[1,   120] loss: 373.092
[1,   140] loss: 463.298
[1,   160] loss: 423.188
[1,   180] loss: 421.192
[1,   200] loss: 729.848
[1,   220] loss: 942.816
[1,   240] loss: 883.384
[1,   260] loss: 851.342
[1,   280] loss: 843.455
[1,   300] loss: 800.752
[1,   320] loss: 757.250
[2,    20] loss: 700.045
[2,    40] loss: 428.852
[2,    60] loss: 314.246
[2,    80] loss: 300.697
[2,   100] loss: 315.378
[2,   120] loss: 373.092
[2,   140] loss: 463.298
[2,   160] loss: 423.188
[2,   180] loss: 421.192
[2,   200] loss: 729.848
[2,   220] loss: 942.816
[2,   240] loss: 883.384
[2,   260] loss: 851.342
[2,   280] loss: 843.455
[2,   300] loss: 800.752
[2,   320] loss: 757.250
