cuda:  2
color_space: YCbCr
batch_size: 10
num_epcochs: 2
learning_rate: 0.003
[1,    20] loss: 1.412
[1,    40] loss: 2.234
[1,    60] loss: 1.110
[1,    80] loss: 0.186
[1,   100] loss: 0.069
[1,   120] loss: 0.077
[1,   140] loss: 0.124
[1,   160] loss: 0.108
[1,   180] loss: 0.072
[1,   200] loss: 0.050
[1,   220] loss: 0.045
[1,   240] loss: 0.060
[1,   260] loss: 0.052
[1,   280] loss: 0.077
[1,   300] loss: 0.113
[1,   320] loss: 0.071
[1,   340] loss: 0.040
[1,   360] loss: 0.079
[1,   380] loss: 0.057
[1,   400] loss: 0.076
[1,   420] loss: 0.046
[1,   440] loss: 0.078
[1,   460] loss: 0.063
[1,   480] loss: 0.042
[1,   500] loss: 0.070
[1,   520] loss: 0.067
[1,   540] loss: 0.055
[1,   560] loss: 0.039
[1,   580] loss: 0.103
[1,   600] loss: 0.050
[1,   620] loss: 0.066
[1,   640] loss: 0.072
[1,   660] loss: 0.070
[1,   680] loss: 0.054
[1,   700] loss: 0.069
[1,   720] loss: 0.038
[1,   740] loss: 0.061
[1,   760] loss: 0.060
[1,   780] loss: 0.072
[1,   800] loss: 0.045
[1,   820] loss: 0.050
[1,   840] loss: 0.060
[1,   860] loss: 0.086
[1,   880] loss: 0.071
[1,   900] loss: 0.072
[1,   920] loss: 0.049
[1,   940] loss: 0.046
[1,   960] loss: 0.054
[1,   980] loss: 0.051
[1,  1000] loss: 0.103
[1,  1020] loss: 0.064
[1,  1040] loss: 0.061
[1,  1060] loss: 0.036
[1,  1080] loss: 0.090
[1,  1100] loss: 0.070
[1,  1120] loss: 0.070
[1,  1140] loss: 0.073
[1,  1160] loss: 0.095
[1,  1180] loss: 0.043
[1,  1200] loss: 0.053
[1,  1220] loss: 0.061
[1,  1240] loss: 0.039
[1,  1260] loss: 0.070
[1,  1280] loss: 0.088
[1,  1300] loss: 0.073
[1,  1320] loss: 0.046
[1,  1340] loss: 0.054
[1,  1360] loss: 0.087
[1,  1380] loss: 0.085
[1,  1400] loss: 0.092
[1,  1420] loss: 0.052
[1,  1440] loss: 0.051
[1,  1460] loss: 0.073
[1,  1480] loss: 0.059
[1,  1500] loss: 0.084
[1,  1520] loss: 0.086
[1,  1540] loss: 0.053
[1,  1560] loss: 0.074
[1,  1580] loss: 0.053
[1,  1600] loss: 0.064
[1,  1620] loss: 0.070
[1,  1640] loss: 0.051
[1,  1660] loss: 0.051
[1,  1680] loss: 0.055
[1,  1700] loss: 0.089
[1,  1720] loss: 0.033
[1,  1740] loss: 0.075
[1,  1760] loss: 0.039
[1,  1780] loss: 0.055
[1,  1800] loss: 0.050
[1,  1820] loss: 0.053
[1,  1840] loss: 0.073
[1,  1860] loss: 0.056
[1,  1880] loss: 0.061
[1,  1900] loss: 0.040
[1,  1920] loss: 0.048
[1,  1940] loss: 0.054
[1,  1960] loss: 0.055
[1,  1980] loss: 0.055
[1,  2000] loss: 0.084
[1,  2020] loss: 0.090
[1,  2040] loss: 0.045
[1,  2060] loss: 0.116
[1,  2080] loss: 0.066
[1,  2100] loss: 0.092
[1,  2120] loss: 0.067
[1,  2140] loss: 0.053
[1,  2160] loss: 0.099
[1,  2180] loss: 0.066
[1,  2200] loss: 0.073
[1,  2220] loss: 0.084
[1,  2240] loss: 0.059
[1,  2260] loss: 0.039
[1,  2280] loss: 0.049
[1,  2300] loss: 0.055
[1,  2320] loss: 0.064
[1,  2340] loss: 0.060
[1,  2360] loss: 0.037
[1,  2380] loss: 0.049
[1,  2400] loss: 0.047
[1,  2420] loss: 0.050
[1,  2440] loss: 0.066
[1,  2460] loss: 0.048
[1,  2480] loss: 0.055
[1,  2500] loss: 0.071
[1,  2520] loss: 0.045
[1,  2540] loss: 0.055
[1,  2560] loss: 0.055
[1,  2580] loss: 0.050
[1,  2600] loss: 0.072
[1,  2620] loss: 0.050
[1,  2640] loss: 0.056
[1,  2660] loss: 0.061
[1,  2680] loss: 0.064
[1,  2700] loss: 0.057
[1,  2720] loss: 0.069
[1,  2740] loss: 0.083
[1,  2760] loss: 0.042
[1,  2780] loss: 0.094
[1,  2800] loss: 0.062
[1,  2820] loss: 0.064
[1,  2840] loss: 0.054
[1,  2860] loss: 0.048
[1,  2880] loss: 0.064
[1,  2900] loss: 0.057
[1,  2920] loss: 0.073
[1,  2940] loss: 0.085
[1,  2960] loss: 0.070
[1,  2980] loss: 0.068
[1,  3000] loss: 0.052
[1,  3020] loss: 0.083
[1,  3040] loss: 0.077
[2,    20] loss: 0.050
[2,    40] loss: 0.068
[2,    60] loss: 0.086
[2,    80] loss: 0.058
[2,   100] loss: 0.067
[2,   120] loss: 0.056
[2,   140] loss: 0.050
[2,   160] loss: 0.059
[2,   180] loss: 0.063
[2,   200] loss: 0.081
[2,   220] loss: 0.100
[2,   240] loss: 0.090
[2,   260] loss: 0.092
[2,   280] loss: 0.055
[2,   300] loss: 0.056
[2,   320] loss: 0.055
[2,   340] loss: 0.059
[2,   360] loss: 0.098
[2,   380] loss: 0.093
[2,   400] loss: 0.052
[2,   420] loss: 0.068
[2,   440] loss: 0.063
[2,   460] loss: 0.047
[2,   480] loss: 0.117
[2,   500] loss: 0.052
[2,   520] loss: 0.102
[2,   540] loss: 0.074
[2,   560] loss: 0.091
[2,   580] loss: 0.050
[2,   600] loss: 0.083
[2,   620] loss: 0.080
[2,   640] loss: 0.074
[2,   660] loss: 0.043
[2,   680] loss: 0.069
[2,   700] loss: 0.059
[2,   720] loss: 0.090
[2,   740] loss: 0.075
[2,   760] loss: 0.075
[2,   780] loss: 0.068
[2,   800] loss: 0.103
[2,   820] loss: 0.075
[2,   840] loss: 0.096
[2,   860] loss: 0.058
[2,   880] loss: 0.051
[2,   900] loss: 0.072
[2,   920] loss: 0.103
[2,   940] loss: 0.073
[2,   960] loss: 0.067
[2,   980] loss: 0.093
[2,  1000] loss: 0.073
[2,  1020] loss: 0.085
[2,  1040] loss: 0.086
[2,  1060] loss: 0.044
[2,  1080] loss: 0.051
[2,  1100] loss: 0.042
[2,  1120] loss: 0.076
[2,  1140] loss: 0.062
[2,  1160] loss: 0.055
[2,  1180] loss: 0.043
[2,  1200] loss: 0.049
[2,  1220] loss: 0.074
[2,  1240] loss: 0.069
[2,  1260] loss: 0.095
[2,  1280] loss: 0.048
[2,  1300] loss: 0.094
[2,  1320] loss: 0.068
[2,  1340] loss: 0.036
[2,  1360] loss: 0.064
[2,  1380] loss: 0.080
[2,  1400] loss: 0.074
[2,  1420] loss: 0.065
[2,  1440] loss: 0.056
[2,  1460] loss: 0.099
[2,  1480] loss: 0.058
[2,  1500] loss: 0.064
[2,  1520] loss: 0.069
[2,  1540] loss: 0.083
[2,  1560] loss: 0.053
[2,  1580] loss: 0.058
[2,  1600] loss: 0.068
[2,  1620] loss: 0.100
[2,  1640] loss: 0.053
[2,  1660] loss: 0.064
[2,  1680] loss: 0.061
[2,  1700] loss: 0.060
[2,  1720] loss: 0.091
[2,  1740] loss: 0.070
[2,  1760] loss: 0.064
[2,  1780] loss: 0.070
[2,  1800] loss: 0.078
[2,  1820] loss: 0.091
[2,  1840] loss: 0.079
[2,  1860] loss: 0.078
[2,  1880] loss: 0.114
[2,  1900] loss: 0.083
[2,  1920] loss: 0.057
[2,  1940] loss: 0.071
[2,  1960] loss: 0.063
[2,  1980] loss: 0.094
[2,  2000] loss: 0.048
[2,  2020] loss: 0.065
[2,  2040] loss: 0.106
[2,  2060] loss: 0.072
[2,  2080] loss: 0.081
[2,  2100] loss: 0.083
[2,  2120] loss: 0.053
[2,  2140] loss: 0.091
[2,  2160] loss: 0.084
[2,  2180] loss: 0.057
[2,  2200] loss: 0.084
[2,  2220] loss: 0.123
[2,  2240] loss: 0.079
[2,  2260] loss: 0.042
[2,  2280] loss: 0.056
[2,  2300] loss: 0.128
[2,  2320] loss: 57163126288.637
[2,  2340] loss: 12796546173440.000
[2,  2360] loss: 203174982944358.406
[2,  2380] loss: 12317249706393.600
[2,  2400] loss: 560756493670.400
[2,  2420] loss: 54938851712.000
[2,  2440] loss: 8705475091.200
[2,  2460] loss: 3841524755.200
[2,  2480] loss: 3445561945.600
[2,  2500] loss: 3215347225.600
[2,  2520] loss: 3010349846.400
[2,  2540] loss: 2425044928.000
[2,  2560] loss: 2370114422.400
[2,  2580] loss: 2321967980.800
[2,  2600] loss: 2173255088.000
[2,  2620] loss: 2274783027.200
[2,  2640] loss: 2024861699.200
[2,  2660] loss: 1526557886.400
[2,  2680] loss: 1443480727.200
[2,  2700] loss: 1553554544.000
[2,  2720] loss: 1478952294.400
[2,  2740] loss: 1286678022.400
[2,  2760] loss: 1110105763.200
[2,  2780] loss: 1286628732.800
[2,  2800] loss: 1064782689.600
[2,  2820] loss: 1191392638.400
[2,  2840] loss: 1015002974.400
[2,  2860] loss: 978666923.200
[2,  2880] loss: 860978823.200
[2,  2900] loss: 861238927.200
[2,  2920] loss: 859818049.600
[2,  2940] loss: 843558022.400
[2,  2960] loss: 812709252.800
[2,  2980] loss: 757927958.400
[2,  3000] loss: 667508076.800
[2,  3020] loss: 589255587.200
[2,  3040] loss: 684941115.200
[1,    20] loss: 1596066864.947
[1,    40] loss: 914722601.923
[1,    60] loss: 766580568.992
[1,    80] loss: 964450310.285
[1,   100] loss: 1230984057.379
[1,   120] loss: 1174443680.408
[1,   140] loss: 1128089262.162
[1,   160] loss: 1043835805.336
[1,   180] loss: 929297759.744
[1,   200] loss: 847162401.512
[1,   220] loss: 797278908.958
[1,   240] loss: 746158268.518
[1,   260] loss: 698270413.040
[1,   280] loss: 666055904.622
[1,   300] loss: 658929985.483
[1,   320] loss: 629019625.738
[2,    20] loss: 1596066864.947
[2,    40] loss: 914722601.923
[2,    60] loss: 766580568.992
[2,    80] loss: 964450310.285
[2,   100] loss: 1230984057.379
[2,   120] loss: 1174443680.408
[2,   140] loss: 1128089262.162
[2,   160] loss: 1043835805.336
[2,   180] loss: 929297759.744
[2,   200] loss: 847162401.512
[2,   220] loss: 797278908.958
[2,   240] loss: 746158268.518
[2,   260] loss: 698270413.040
[2,   280] loss: 666055904.622
[2,   300] loss: 658929985.483
[2,   320] loss: 629019625.738
