cuda:  6
color_space: YCbCr
batch_size: 10
num_epcochs: 3
learning_rate: 0.001
[1,    20] loss: 0.097
[1,    40] loss: 0.067
[1,    60] loss: 0.111
[1,    80] loss: 0.082
[1,   100] loss: 0.083
[1,   120] loss: 0.063
[1,   140] loss: 0.112
[1,   160] loss: 0.053
[1,   180] loss: 0.107
[1,   200] loss: 0.080
[1,   220] loss: 0.067
[1,   240] loss: 0.035
[1,   260] loss: 0.084
[1,   280] loss: 0.080
[1,   300] loss: 0.085
[1,   320] loss: 0.078
[1,   340] loss: 0.062
[1,   360] loss: 0.059
[1,   380] loss: 0.078
[1,   400] loss: 0.054
[1,   420] loss: 0.045
[1,   440] loss: 0.059
[1,   460] loss: 0.067
[1,   480] loss: 0.067
[1,   500] loss: 0.068
[1,   520] loss: 0.071
[1,   540] loss: 0.074
[1,   560] loss: 0.104
[1,   580] loss: 0.065
[1,   600] loss: 0.111
[1,   620] loss: 0.099
[1,   640] loss: 0.059
[1,   660] loss: 0.078
[1,   680] loss: 0.081
[1,   700] loss: 0.095
[1,   720] loss: 0.103
[1,   740] loss: 0.064
[1,   760] loss: 0.083
[1,   780] loss: 0.137
[1,   800] loss: 2558.722
[1,   820] loss: 14015.803
[1,   840] loss: 343.900
[1,   860] loss: 76.387
[1,   880] loss: 11.257
[1,   900] loss: 3.069
[1,   920] loss: 2.006
[1,   940] loss: 1.650
[1,   960] loss: 1.351
[1,   980] loss: 0.907
[1,  1000] loss: 0.810
[1,  1020] loss: 0.733
[1,  1040] loss: 0.639
[1,  1060] loss: 0.676
[1,  1080] loss: 0.496
[1,  1100] loss: 0.503
[1,  1120] loss: 0.560
[1,  1140] loss: 0.476
[1,  1160] loss: 0.476
[1,  1180] loss: 0.585
[1,  1200] loss: 0.491
[1,  1220] loss: 0.310
[1,  1240] loss: 0.282
[1,  1260] loss: 0.360
[1,  1280] loss: 0.293
[1,  1300] loss: 0.367
[1,  1320] loss: 0.437
[1,  1340] loss: 0.389
[1,  1360] loss: 0.280
[1,  1380] loss: 0.295
[1,  1400] loss: 0.188
[1,  1420] loss: 0.297
[1,  1440] loss: 0.211
[1,  1460] loss: 0.246
[1,  1480] loss: 0.305
[1,  1500] loss: 0.185
[1,  1520] loss: 0.232
[1,  1540] loss: 0.284
[1,  1560] loss: 0.248
[1,  1580] loss: 0.284
[1,  1600] loss: 0.256
[1,  1620] loss: 0.229
[1,  1640] loss: 0.248
[1,  1660] loss: 0.223
[1,  1680] loss: 0.182
[1,  1700] loss: 0.218
[1,  1720] loss: 0.208
[1,  1740] loss: 0.158
[1,  1760] loss: 0.235
[1,  1780] loss: 0.339
[1,  1800] loss: 0.298
[1,  1820] loss: 0.306
[1,  1840] loss: 0.542
[1,  1860] loss: 0.322
[1,  1880] loss: 0.253
[1,  1900] loss: 0.110
[1,  1920] loss: 0.146
[1,  1940] loss: 0.219
[1,  1960] loss: 0.184
[1,  1980] loss: 0.186
[1,  2000] loss: 0.188
[1,  2020] loss: 0.301
[1,  2040] loss: 0.286
[1,  2060] loss: 0.170
[1,  2080] loss: 0.148
[1,  2100] loss: 0.137
[1,  2120] loss: 0.147
[1,  2140] loss: 0.132
[1,  2160] loss: 0.191
[1,  2180] loss: 0.168
[1,  2200] loss: 0.124
[1,  2220] loss: 0.133
[1,  2240] loss: 0.219
[1,  2260] loss: 0.178
[1,  2280] loss: 0.239
[1,  2300] loss: 0.187
[1,  2320] loss: 0.230
[1,  2340] loss: 0.139
[1,  2360] loss: 0.151
[1,  2380] loss: 0.117
[1,  2400] loss: 0.107
[1,  2420] loss: 0.115
[1,  2440] loss: 0.152
[1,  2460] loss: 0.113
[1,  2480] loss: 0.139
[1,  2500] loss: 0.135
[1,  2520] loss: 0.166
[1,  2540] loss: 0.178
[1,  2560] loss: 0.145
[1,  2580] loss: 0.156
[1,  2600] loss: 0.153
[1,  2620] loss: 0.196
[1,  2640] loss: 0.164
[1,  2660] loss: 0.138
[1,  2680] loss: 0.136
[1,  2700] loss: 0.136
[1,  2720] loss: 0.112
[1,  2740] loss: 0.104
[1,  2760] loss: 0.176
[1,  2780] loss: 0.137
[1,  2800] loss: 0.083
[1,  2820] loss: 0.150
[1,  2840] loss: 0.213
[1,  2860] loss: 0.156
[1,  2880] loss: 0.237
[1,  2900] loss: 0.204
[1,  2920] loss: 0.163
[1,  2940] loss: 0.191
[1,  2960] loss: 0.243
[1,  2980] loss: 0.232
[1,  3000] loss: 0.127
[1,  3020] loss: 0.134
[1,  3040] loss: 0.156
[2,    20] loss: 0.155
[2,    40] loss: 0.148
[2,    60] loss: 0.167
[2,    80] loss: 0.132
[2,   100] loss: 0.191
[2,   120] loss: 0.127
[2,   140] loss: 0.115
[2,   160] loss: 0.081
[2,   180] loss: 0.182
[2,   200] loss: 0.243
[2,   220] loss: 0.226
[2,   240] loss: 0.210
[2,   260] loss: 0.154
[2,   280] loss: 0.210
[2,   300] loss: 0.122
[2,   320] loss: 0.131
[2,   340] loss: 0.141
[2,   360] loss: 0.094
[2,   380] loss: 0.087
[2,   400] loss: 0.174
[2,   420] loss: 0.082
[2,   440] loss: 0.092
[2,   460] loss: 0.094
[2,   480] loss: 0.120
[2,   500] loss: 0.140
[2,   520] loss: 0.168
[2,   540] loss: 0.173
[2,   560] loss: 0.104
[2,   580] loss: 0.100
[2,   600] loss: 0.085
[2,   620] loss: 0.091
[2,   640] loss: 0.082
[2,   660] loss: 0.125
[2,   680] loss: 0.073
[2,   700] loss: 0.092
[2,   720] loss: 0.220
[2,   740] loss: 0.239
[2,   760] loss: 0.120
[2,   780] loss: 0.099
[2,   800] loss: 0.101
[2,   820] loss: 0.074
[2,   840] loss: 0.090
[2,   860] loss: 0.084
[2,   880] loss: 0.109
[2,   900] loss: 0.126
[2,   920] loss: 0.137
[2,   940] loss: 0.093
[2,   960] loss: 0.130
[2,   980] loss: 0.234
[2,  1000] loss: 0.136
[2,  1020] loss: 0.102
[2,  1040] loss: 0.076
[2,  1060] loss: 0.129
[2,  1080] loss: 0.064
[2,  1100] loss: 0.133
[2,  1120] loss: 0.085
[2,  1140] loss: 0.056
[2,  1160] loss: 0.135
[2,  1180] loss: 0.159
[2,  1200] loss: 0.205
[2,  1220] loss: 0.125
[2,  1240] loss: 0.084
[2,  1260] loss: 0.094
[2,  1280] loss: 0.077
[2,  1300] loss: 0.168
[2,  1320] loss: 0.146
[2,  1340] loss: 0.086
[2,  1360] loss: 0.085
[2,  1380] loss: 0.110
[2,  1400] loss: 0.084
[2,  1420] loss: 0.113
[2,  1440] loss: 0.169
[2,  1460] loss: 0.097
[2,  1480] loss: 0.123
[2,  1500] loss: 0.121
[2,  1520] loss: 0.108
[2,  1540] loss: 0.164
[2,  1560] loss: 0.080
[2,  1580] loss: 0.103
[2,  1600] loss: 0.241
[2,  1620] loss: 0.165
[2,  1640] loss: 0.110
[2,  1660] loss: 0.092
[2,  1680] loss: 0.102
[2,  1700] loss: 0.187
[2,  1720] loss: 0.138
[2,  1740] loss: 0.114
[2,  1760] loss: 0.086
[2,  1780] loss: 0.089
[2,  1800] loss: 0.064
[2,  1820] loss: 0.081
[2,  1840] loss: 0.094
[2,  1860] loss: 0.073
[2,  1880] loss: 0.074
[2,  1900] loss: 0.077
[2,  1920] loss: 0.109
[2,  1940] loss: 0.081
[2,  1960] loss: 0.109
[2,  1980] loss: 0.085
[2,  2000] loss: 0.095
[2,  2020] loss: 0.109
[2,  2040] loss: 0.097
[2,  2060] loss: 0.086
[2,  2080] loss: 0.117
[2,  2100] loss: 0.110
[2,  2120] loss: 0.099
[2,  2140] loss: 0.100
[2,  2160] loss: 0.126
[2,  2180] loss: 0.101
[2,  2200] loss: 0.073
[2,  2220] loss: 0.084
[2,  2240] loss: 0.113
[2,  2260] loss: 0.121
[2,  2280] loss: 0.063
[2,  2300] loss: 0.082
[2,  2320] loss: 0.089
[2,  2340] loss: 0.099
[2,  2360] loss: 0.102
[2,  2380] loss: 0.072
[2,  2400] loss: 0.098
[2,  2420] loss: 0.074
[2,  2440] loss: 0.101
[2,  2460] loss: 0.102
[2,  2480] loss: 0.132
[2,  2500] loss: 0.072
[2,  2520] loss: 0.116
[2,  2540] loss: 0.095
[2,  2560] loss: 0.102
[2,  2580] loss: 0.077
[2,  2600] loss: 0.082
[2,  2620] loss: 0.116
[2,  2640] loss: 0.082
[2,  2660] loss: 0.164
[2,  2680] loss: 0.052
[2,  2700] loss: 0.115
[2,  2720] loss: 0.040
[2,  2740] loss: 0.062
[2,  2760] loss: 0.074
[2,  2780] loss: 0.058
[2,  2800] loss: 0.053
[2,  2820] loss: 0.127
[2,  2840] loss: 0.104
[2,  2860] loss: 0.089
[2,  2880] loss: 0.107
[2,  2900] loss: 0.106
[2,  2920] loss: 0.110
[2,  2940] loss: 0.132
[2,  2960] loss: 0.122
[2,  2980] loss: 0.084
[2,  3000] loss: 0.137
[2,  3020] loss: 0.144
[2,  3040] loss: 0.115
[3,    20] loss: 0.071
[3,    40] loss: 0.076
[3,    60] loss: 0.110
[3,    80] loss: 0.090
[3,   100] loss: 0.094
[3,   120] loss: 0.131
[3,   140] loss: 0.087
[3,   160] loss: 0.120
[3,   180] loss: 0.123
[3,   200] loss: 0.083
[3,   220] loss: 0.081
[3,   240] loss: 0.070
[3,   260] loss: 0.101
[3,   280] loss: 0.100
[3,   300] loss: 0.074
[3,   320] loss: 0.102
[3,   340] loss: 0.101
[3,   360] loss: 0.093
[3,   380] loss: 0.063
[3,   400] loss: 0.073
[3,   420] loss: 0.100
[3,   440] loss: 0.120
[3,   460] loss: 0.099
[3,   480] loss: 0.072
[3,   500] loss: 0.073
[3,   520] loss: 0.084
[3,   540] loss: 0.096
[3,   560] loss: 0.115
[3,   580] loss: 0.093
[3,   600] loss: 0.091
[3,   620] loss: 0.119
[3,   640] loss: 0.069
[3,   660] loss: 0.076
[3,   680] loss: 0.082
[3,   700] loss: 0.071
[3,   720] loss: 0.063
[3,   740] loss: 0.090
[3,   760] loss: 0.103
[3,   780] loss: 0.077
[3,   800] loss: 0.107
[3,   820] loss: 0.053
[3,   840] loss: 0.049
[3,   860] loss: 0.066
[3,   880] loss: 0.081
[3,   900] loss: 0.086
[3,   920] loss: 0.081
[3,   940] loss: 0.064
[3,   960] loss: 0.101
[3,   980] loss: 0.064
[3,  1000] loss: 0.068
[3,  1020] loss: 0.080
[3,  1040] loss: 0.044
[3,  1060] loss: 0.098
[3,  1080] loss: 0.089
[3,  1100] loss: 0.064
[3,  1120] loss: 0.062
[3,  1140] loss: 0.104
[3,  1160] loss: 0.064
[3,  1180] loss: 0.070
[3,  1200] loss: 0.041
[3,  1220] loss: 0.049
[3,  1240] loss: 0.068
[3,  1260] loss: 0.083
[3,  1280] loss: 0.085
[3,  1300] loss: 0.118
[3,  1320] loss: 0.074
[3,  1340] loss: 0.059
[3,  1360] loss: 0.068
[3,  1380] loss: 0.102
[3,  1400] loss: 0.116
[3,  1420] loss: 0.107
[3,  1440] loss: 0.082
[3,  1460] loss: 0.094
[3,  1480] loss: 0.085
[3,  1500] loss: 0.083
[3,  1520] loss: 0.078
[3,  1540] loss: 0.061
[3,  1560] loss: 0.069
[3,  1580] loss: 0.061
[3,  1600] loss: 0.065
[3,  1620] loss: 0.061
[3,  1640] loss: 0.083
[3,  1660] loss: 0.080
[3,  1680] loss: 0.119
[3,  1700] loss: 0.089
[3,  1720] loss: 0.075
[3,  1740] loss: 0.047
[3,  1760] loss: 0.080
[3,  1780] loss: 0.092
[3,  1800] loss: 0.111
[3,  1820] loss: 0.075
[3,  1840] loss: 0.081
[3,  1860] loss: 0.068
[3,  1880] loss: 0.104
[3,  1900] loss: 0.072
[3,  1920] loss: 0.041
[3,  1940] loss: 0.052
[3,  1960] loss: 0.060
[3,  1980] loss: 0.069
[3,  2000] loss: 0.076
[3,  2020] loss: 0.071
[3,  2040] loss: 0.066
[3,  2060] loss: 0.065
[3,  2080] loss: 0.091
[3,  2100] loss: 0.092
[3,  2120] loss: 0.087
[3,  2140] loss: 0.067
[3,  2160] loss: 0.055
[3,  2180] loss: 0.052
[3,  2200] loss: 0.103
[3,  2220] loss: 0.077
[3,  2240] loss: 0.058
[3,  2260] loss: 0.066
[3,  2280] loss: 0.067
[3,  2300] loss: 0.092
[3,  2320] loss: 0.138
[3,  2340] loss: 0.057
[3,  2360] loss: 0.070
[3,  2380] loss: 0.091
[3,  2400] loss: 0.048
[3,  2420] loss: 0.066
[3,  2440] loss: 0.076
[3,  2460] loss: 0.072
[3,  2480] loss: 0.069
[3,  2500] loss: 0.078
[3,  2520] loss: 0.057
[3,  2540] loss: 0.071
[3,  2560] loss: 0.054
[3,  2580] loss: 0.066
[3,  2600] loss: 0.085
[3,  2620] loss: 0.114
[3,  2640] loss: 0.048
[3,  2660] loss: 0.085
[3,  2680] loss: 0.073
[3,  2700] loss: 0.086
[3,  2720] loss: 0.078
[3,  2740] loss: 0.071
[3,  2760] loss: 0.065
[3,  2780] loss: 0.078
[3,  2800] loss: 0.066
[3,  2820] loss: 0.061
[3,  2840] loss: 0.040
[3,  2860] loss: 0.053
[3,  2880] loss: 0.072
[3,  2900] loss: 0.054
[3,  2920] loss: 0.064
[3,  2940] loss: 0.033
[3,  2960] loss: 0.077
[3,  2980] loss: 0.150
[3,  3000] loss: 0.098
[3,  3020] loss: 0.075
[3,  3040] loss: 0.077
[1,    20] loss: 0.024
[1,    40] loss: 0.014
[1,    60] loss: 0.010
[1,    80] loss: 0.011
[1,   100] loss: 0.011
[1,   120] loss: 0.016
[1,   140] loss: 0.021
[1,   160] loss: 0.021
[1,   180] loss: 0.019
[1,   200] loss: 0.019
[1,   220] loss: 0.018
[1,   240] loss: 0.017
[1,   260] loss: 0.016
[1,   280] loss: 0.015
[1,   300] loss: 0.016
[1,   320] loss: 0.015
[2,    20] loss: 0.024
[2,    40] loss: 0.014
[2,    60] loss: 0.010
[2,    80] loss: 0.011
[2,   100] loss: 0.011
[2,   120] loss: 0.016
[2,   140] loss: 0.021
[2,   160] loss: 0.021
[2,   180] loss: 0.019
[2,   200] loss: 0.019
[2,   220] loss: 0.018
[2,   240] loss: 0.017
[2,   260] loss: 0.016
[2,   280] loss: 0.015
[2,   300] loss: 0.016
[2,   320] loss: 0.015
[3,    20] loss: 0.024
[3,    40] loss: 0.014
[3,    60] loss: 0.010
[3,    80] loss: 0.011
[3,   100] loss: 0.011
[3,   120] loss: 0.016
[3,   140] loss: 0.021
[3,   160] loss: 0.021
[3,   180] loss: 0.019
[3,   200] loss: 0.019
[3,   220] loss: 0.018
[3,   240] loss: 0.017
[3,   260] loss: 0.016
[3,   280] loss: 0.015
[3,   300] loss: 0.016
[3,   320] loss: 0.015
