cuda:  4
color_space: YCbCr
batch_size: 10
num_epcochs: 3
learning_rate: 0.001
[1,    20] loss: 0.112
[1,    40] loss: 0.105
[1,    60] loss: 0.116
[1,    80] loss: 0.071
[1,   100] loss: 0.092
[1,   120] loss: 0.071
[1,   140] loss: 0.090
[1,   160] loss: 0.050
[1,   180] loss: 0.102
[1,   200] loss: 0.067
[1,   220] loss: 0.114
[1,   240] loss: 0.093
[1,   260] loss: 0.098
[1,   280] loss: 0.091
[1,   300] loss: 0.069
[1,   320] loss: 0.109
[1,   340] loss: 0.061
[1,   360] loss: 0.066
[1,   380] loss: 0.083
[1,   400] loss: 0.082
[1,   420] loss: 0.055
[1,   440] loss: 0.090
[1,   460] loss: 0.112
[1,   480] loss: 0.080
[1,   500] loss: 0.064
[1,   520] loss: 0.080
[1,   540] loss: 0.072
[1,   560] loss: 0.072
[1,   580] loss: 0.087
[1,   600] loss: 0.083
[1,   620] loss: 0.097
[1,   640] loss: 0.051
[1,   660] loss: 0.057
[1,   680] loss: 0.075
[1,   700] loss: 0.094
[1,   720] loss: 0.086
[1,   740] loss: 0.112
[1,   760] loss: 0.083
[1,   780] loss: 0.105
[1,   800] loss: 0.132
[1,   820] loss: 0.116
[1,   840] loss: 0.119
[1,   860] loss: 0.047
[1,   880] loss: 0.117
[1,   900] loss: 0.085
[1,   920] loss: 0.080
[1,   940] loss: 0.071
[1,   960] loss: 0.053
[1,   980] loss: 0.048
[1,  1000] loss: 0.061
[1,  1020] loss: 0.101
[1,  1040] loss: 0.076
[1,  1060] loss: 0.080
[1,  1080] loss: 0.086
[1,  1100] loss: 0.061
[1,  1120] loss: 0.077
[1,  1140] loss: 0.091
[1,  1160] loss: 0.070
[1,  1180] loss: 0.069
[1,  1200] loss: 0.090
[1,  1220] loss: 0.042
[1,  1240] loss: 0.047
[1,  1260] loss: 0.147
[1,  1280] loss: 0.073
[1,  1300] loss: 0.097
[1,  1320] loss: 0.058
[1,  1340] loss: 0.054
[1,  1360] loss: 0.056
[1,  1380] loss: 0.049
[1,  1400] loss: 0.054
[1,  1420] loss: 0.095
[1,  1440] loss: 0.101
[1,  1460] loss: 0.066
[1,  1480] loss: 0.082
[1,  1500] loss: 0.067
[1,  1520] loss: 0.113
[1,  1540] loss: 0.087
[1,  1560] loss: 0.058
[1,  1580] loss: 0.100
[1,  1600] loss: 0.060
[1,  1620] loss: 0.087
[1,  1640] loss: 0.080
[1,  1660] loss: 0.079
[1,  1680] loss: 0.115
[1,  1700] loss: 0.080
[1,  1720] loss: 0.077
[1,  1740] loss: 0.131
[1,  1760] loss: 0.082
[1,  1780] loss: 0.078
[1,  1800] loss: 0.053
[1,  1820] loss: 0.069
[1,  1840] loss: 0.097
[1,  1860] loss: 0.058
[1,  1880] loss: 0.147
[1,  1900] loss: 0.172
[1,  1920] loss: 327.249
[1,  1940] loss: 4664.302
[1,  1960] loss: 111517.952
[1,  1980] loss: 427071.877
[1,  2000] loss: 8677561.135
[1,  2020] loss: 366453.321
[1,  2040] loss: 27613.934
[1,  2060] loss: 6225.282
[1,  2080] loss: 1470.927
[1,  2100] loss: 683.815
[1,  2120] loss: 527.172
[1,  2140] loss: 467.839
[1,  2160] loss: 508.080
[1,  2180] loss: 433.472
[1,  2200] loss: 292.834
[1,  2220] loss: 310.234
[1,  2240] loss: 373.160
[1,  2260] loss: 273.806
[1,  2280] loss: 285.785
[1,  2300] loss: 224.639
[1,  2320] loss: 259.511
[1,  2340] loss: 268.991
[1,  2360] loss: 183.472
[1,  2380] loss: 191.676
[1,  2400] loss: 198.997
[1,  2420] loss: 189.028
[1,  2440] loss: 170.231
[1,  2460] loss: 244.546
[1,  2480] loss: 211.720
[1,  2500] loss: 157.475
[1,  2520] loss: 181.872
[1,  2540] loss: 147.386
[1,  2560] loss: 143.683
[1,  2580] loss: 167.808
[1,  2600] loss: 124.234
[1,  2620] loss: 118.844
[1,  2640] loss: 140.262
[1,  2660] loss: 131.083
[1,  2680] loss: 147.985
[1,  2700] loss: 99.432
[1,  2720] loss: 142.081
[1,  2740] loss: 120.409
[1,  2760] loss: 117.837
[1,  2780] loss: 97.157
[1,  2800] loss: 97.749
[1,  2820] loss: 127.874
[1,  2840] loss: 101.573
[1,  2860] loss: 98.596
[1,  2880] loss: 102.362
[1,  2900] loss: 101.153
[1,  2920] loss: 102.331
[1,  2940] loss: 94.442
[1,  2960] loss: 68.475
[1,  2980] loss: 86.408
[1,  3000] loss: 79.364
[1,  3020] loss: 86.879
[1,  3040] loss: 96.509
[2,    20] loss: 80.132
[2,    40] loss: 79.131
[2,    60] loss: 69.613
[2,    80] loss: 55.319
[2,   100] loss: 76.852
[2,   120] loss: 73.298
[2,   140] loss: 71.865
[2,   160] loss: 67.108
[2,   180] loss: 76.640
[2,   200] loss: 57.808
[2,   220] loss: 69.575
[2,   240] loss: 75.203
[2,   260] loss: 74.566
[2,   280] loss: 75.956
[2,   300] loss: 53.088
[2,   320] loss: 61.511
[2,   340] loss: 62.938
[2,   360] loss: 50.040
[2,   380] loss: 53.428
[2,   400] loss: 66.264
[2,   420] loss: 66.884
[2,   440] loss: 41.538
[2,   460] loss: 43.987
[2,   480] loss: 60.859
[2,   500] loss: 51.220
[2,   520] loss: 41.671
[2,   540] loss: 54.048
[2,   560] loss: 37.975
[2,   580] loss: 41.009
[2,   600] loss: 37.919
[2,   620] loss: 47.501
[2,   640] loss: 39.321
[2,   660] loss: 33.917
[2,   680] loss: 43.165
[2,   700] loss: 33.957
[2,   720] loss: 29.293
[2,   740] loss: 30.119
[2,   760] loss: 33.115
[2,   780] loss: 33.196
[2,   800] loss: 31.742
[2,   820] loss: 35.197
[2,   840] loss: 28.070
[2,   860] loss: 28.208
[2,   880] loss: 30.853
[2,   900] loss: 27.126
[2,   920] loss: 29.461
[2,   940] loss: 30.611
[2,   960] loss: 32.037
[2,   980] loss: 35.551
[2,  1000] loss: 32.546
[2,  1020] loss: 29.339
[2,  1040] loss: 23.360
[2,  1060] loss: 27.989
[2,  1080] loss: 24.167
[2,  1100] loss: 23.950
[2,  1120] loss: 28.629
[2,  1140] loss: 22.804
[2,  1160] loss: 23.481
[2,  1180] loss: 21.719
[2,  1200] loss: 20.792
[2,  1220] loss: 19.408
[2,  1240] loss: 17.824
[2,  1260] loss: 24.566
[2,  1280] loss: 35.936
[2,  1300] loss: 23.233
[2,  1320] loss: 20.868
[2,  1340] loss: 23.891
[2,  1360] loss: 22.862
[2,  1380] loss: 23.814
[2,  1400] loss: 25.695
[2,  1420] loss: 20.599
[2,  1440] loss: 19.227
[2,  1460] loss: 18.986
[2,  1480] loss: 23.476
[2,  1500] loss: 19.247
[2,  1520] loss: 20.776
[2,  1540] loss: 24.565
[2,  1560] loss: 17.427
[2,  1580] loss: 14.487
[2,  1600] loss: 16.121
[2,  1620] loss: 15.563
[2,  1640] loss: 15.025
[2,  1660] loss: 13.450
[2,  1680] loss: 16.282
[2,  1700] loss: 13.264
[2,  1720] loss: 17.144
[2,  1740] loss: 15.647
[2,  1760] loss: 16.236
[2,  1780] loss: 17.113
[2,  1800] loss: 16.024
[2,  1820] loss: 27.002
[2,  1840] loss: 18.371
[2,  1860] loss: 11.445
[2,  1880] loss: 11.816
[2,  1900] loss: 16.155
[2,  1920] loss: 14.434
[2,  1940] loss: 13.437
[2,  1960] loss: 11.821
[2,  1980] loss: 13.250
[2,  2000] loss: 11.860
[2,  2020] loss: 14.123
[2,  2040] loss: 15.065
[2,  2060] loss: 7.344
[2,  2080] loss: 9.299
[2,  2100] loss: 9.905
[2,  2120] loss: 10.872
[2,  2140] loss: 9.094
[2,  2160] loss: 15.515
[2,  2180] loss: 11.888
[2,  2200] loss: 9.972
[2,  2220] loss: 11.025
[2,  2240] loss: 12.637
[2,  2260] loss: 11.193
[2,  2280] loss: 11.555
[2,  2300] loss: 9.395
[2,  2320] loss: 7.381
[2,  2340] loss: 8.338
[2,  2360] loss: 7.446
[2,  2380] loss: 6.704
[2,  2400] loss: 7.839
[2,  2420] loss: 8.409
[2,  2440] loss: 7.997
[2,  2460] loss: 7.100
[2,  2480] loss: 6.393
[2,  2500] loss: 8.278
[2,  2520] loss: 6.538
[2,  2540] loss: 6.839
[2,  2560] loss: 8.082
[2,  2580] loss: 17.397
[2,  2600] loss: 10.991
[2,  2620] loss: 8.572
[2,  2640] loss: 6.889
[2,  2660] loss: 6.902
[2,  2680] loss: 5.495
[2,  2700] loss: 6.065
[2,  2720] loss: 6.201
[2,  2740] loss: 7.162
[2,  2760] loss: 7.127
[2,  2780] loss: 4.683
[2,  2800] loss: 6.129
[2,  2820] loss: 5.205
[2,  2840] loss: 5.052
[2,  2860] loss: 6.396
[2,  2880] loss: 5.581
[2,  2900] loss: 4.345
[2,  2920] loss: 5.395
[2,  2940] loss: 4.306
[2,  2960] loss: 5.625
[2,  2980] loss: 5.114
[2,  3000] loss: 5.124
[2,  3020] loss: 4.072
[2,  3040] loss: 3.888
[3,    20] loss: 5.484
[3,    40] loss: 5.059
[3,    60] loss: 3.848
[3,    80] loss: 3.690
[3,   100] loss: 9.005
[3,   120] loss: 6.958
[3,   140] loss: 6.444
[3,   160] loss: 5.230
[3,   180] loss: 4.362
[3,   200] loss: 4.303
[3,   220] loss: 3.479
[3,   240] loss: 3.303
[3,   260] loss: 4.872
[3,   280] loss: 4.533
[3,   300] loss: 2.886
[3,   320] loss: 4.017
[3,   340] loss: 3.923
[3,   360] loss: 3.653
[3,   380] loss: 3.235
[3,   400] loss: 3.862
[3,   420] loss: 6.170
[3,   440] loss: 4.663
[3,   460] loss: 3.987
[3,   480] loss: 3.329
[3,   500] loss: 4.432
[3,   520] loss: 3.331
[3,   540] loss: 3.267
[3,   560] loss: 3.044
[3,   580] loss: 3.096
[3,   600] loss: 3.761
[3,   620] loss: 2.810
[3,   640] loss: 3.345
[3,   660] loss: 3.286
[3,   680] loss: 3.139
[3,   700] loss: 5.411
[3,   720] loss: 6.143
[3,   740] loss: 3.487
[3,   760] loss: 6.701
[3,   780] loss: 5.010
[3,   800] loss: 6.210
[3,   820] loss: 6.978
[3,   840] loss: 2.600
[3,   860] loss: 6.832
[3,   880] loss: 6.434
[3,   900] loss: 3.893
[3,   920] loss: 2.774
[3,   940] loss: 2.911
[3,   960] loss: 4.003
[3,   980] loss: 2.732
[3,  1000] loss: 3.294
[3,  1020] loss: 3.672
[3,  1040] loss: 2.836
[3,  1060] loss: 2.972
[3,  1080] loss: 3.370
[3,  1100] loss: 2.963
[3,  1120] loss: 2.268
[3,  1140] loss: 3.343
[3,  1160] loss: 2.313
[3,  1180] loss: 2.752
[3,  1200] loss: 2.223
[3,  1220] loss: 3.492
[3,  1240] loss: 7.363
[3,  1260] loss: 10.099
[3,  1280] loss: 5.892
[3,  1300] loss: 2.349
[3,  1320] loss: 2.074
[3,  1340] loss: 2.868
[3,  1360] loss: 2.337
[3,  1380] loss: 2.161
[3,  1400] loss: 4.626
[3,  1420] loss: 4.608
[3,  1440] loss: 2.159
[3,  1460] loss: 2.708
[3,  1480] loss: 2.864
[3,  1500] loss: 2.899
[3,  1520] loss: 3.075
[3,  1540] loss: 2.850
[3,  1560] loss: 2.384
[3,  1580] loss: 4.421
[3,  1600] loss: 3.034
[3,  1620] loss: 4.308
[3,  1640] loss: 2.889
[3,  1660] loss: 2.515
[3,  1680] loss: 2.153
[3,  1700] loss: 7.794
[3,  1720] loss: 6.035
[3,  1740] loss: 2.834
[3,  1760] loss: 2.211
[3,  1780] loss: 1.755
[3,  1800] loss: 2.078
[3,  1820] loss: 2.967
[3,  1840] loss: 3.154
[3,  1860] loss: 2.975
[3,  1880] loss: 7.113
[3,  1900] loss: 5.466
[3,  1920] loss: 3.262
[3,  1940] loss: 4.218
[3,  1960] loss: 3.801
[3,  1980] loss: 2.637
[3,  2000] loss: 2.424
[3,  2020] loss: 2.769
[3,  2040] loss: 3.047
[3,  2060] loss: 7.398
[3,  2080] loss: 2.218
[3,  2100] loss: 3.219
[3,  2120] loss: 5.613
[3,  2140] loss: 13.582
[3,  2160] loss: 9.488
[3,  2180] loss: 4.248
[3,  2200] loss: 3.061
[3,  2220] loss: 6.988
[3,  2240] loss: 7.383
[3,  2260] loss: 3.948
[3,  2280] loss: 7.594
[3,  2300] loss: 5.185
[3,  2320] loss: 5.115
[3,  2340] loss: 3.420
[3,  2360] loss: 3.330
[3,  2380] loss: 26.047
[3,  2400] loss: 45.302
[3,  2420] loss: 14.968
[3,  2440] loss: 15.181
[3,  2460] loss: 3.357
[3,  2480] loss: 2.097
[3,  2500] loss: 3.504
[3,  2520] loss: 3.085
[3,  2540] loss: 3.536
[3,  2560] loss: 5.586
[3,  2580] loss: 5.325
[3,  2600] loss: 15.687
[3,  2620] loss: 9.984
[3,  2640] loss: 2.304
[3,  2660] loss: 1.667
[3,  2680] loss: 2.385
[3,  2700] loss: 2.384
[3,  2720] loss: 1.342
[3,  2740] loss: 2.675
[3,  2760] loss: 6.195
[3,  2780] loss: 6.687
[3,  2800] loss: 13.492
[3,  2820] loss: 7.315
[3,  2840] loss: 4.363
[3,  2860] loss: 2.064
[3,  2880] loss: 2.786
[3,  2900] loss: 2.197
[3,  2920] loss: 1.966
[3,  2940] loss: 1.976
[3,  2960] loss: 1.496
[3,  2980] loss: 1.884
[3,  3000] loss: 1.301
[3,  3020] loss: 2.435
[3,  3040] loss: 4.881
[1,    20] loss: 1.483
[1,    40] loss: 2.110
[1,    60] loss: 2.828
[1,    80] loss: 2.392
[1,   100] loss: 2.414
[1,   120] loss: 2.338
[1,   140] loss: 2.470
[1,   160] loss: 2.294
[1,   180] loss: 2.173
[1,   200] loss: 2.077
[1,   220] loss: 1.958
[1,   240] loss: 2.166
[1,   260] loss: 2.283
[1,   280] loss: 2.205
[1,   300] loss: 2.174
[1,   320] loss: 2.081
[2,    20] loss: 1.483
[2,    40] loss: 2.110
[2,    60] loss: 2.828
[2,    80] loss: 2.392
[2,   100] loss: 2.414
[2,   120] loss: 2.338
[2,   140] loss: 2.470
[2,   160] loss: 2.294
[2,   180] loss: 2.173
[2,   200] loss: 2.077
[2,   220] loss: 1.958
[2,   240] loss: 2.166
[2,   260] loss: 2.283
[2,   280] loss: 2.205
[2,   300] loss: 2.174
[2,   320] loss: 2.081
[3,    20] loss: 1.483
[3,    40] loss: 2.110
[3,    60] loss: 2.828
[3,    80] loss: 2.392
[3,   100] loss: 2.414
[3,   120] loss: 2.338
[3,   140] loss: 2.470
[3,   160] loss: 2.294
[3,   180] loss: 2.173
[3,   200] loss: 2.077
[3,   220] loss: 1.958
[3,   240] loss: 2.166
[3,   260] loss: 2.283
[3,   280] loss: 2.205
[3,   300] loss: 2.174
[3,   320] loss: 2.081
