cuda:  2
color_space: YCbCr
batch_size: 10
num_epcochs: 3
learning_rate: 0.002
[1,    20] loss: 0.133
[1,    40] loss: 0.067
[1,    60] loss: 0.067
[1,    80] loss: 0.078
[1,   100] loss: 0.112
[1,   120] loss: 0.109
[1,   140] loss: 0.109
[1,   160] loss: 0.074
[1,   180] loss: 0.068
[1,   200] loss: 0.078
[1,   220] loss: 0.090
[1,   240] loss: 0.075
[1,   260] loss: 0.040
[1,   280] loss: 0.080
[1,   300] loss: 0.093
[1,   320] loss: 0.116
[1,   340] loss: 0.053
[1,   360] loss: 0.085
[1,   380] loss: 0.075
[1,   400] loss: 0.099
[1,   420] loss: 1282363.252
[1,   440] loss: 20022507.040
[1,   460] loss: 3532275.186
[1,   480] loss: 523360.767
[1,   500] loss: 59869.124
[1,   520] loss: 7847.096
[1,   540] loss: 2868.992
[1,   560] loss: 1684.743
[1,   580] loss: 1374.868
[1,   600] loss: 1253.902
[1,   620] loss: 964.354
[1,   640] loss: 767.658
[1,   660] loss: 906.300
[1,   680] loss: 662.096
[1,   700] loss: 707.890
[1,   720] loss: 709.152
[1,   740] loss: 616.711
[1,   760] loss: 629.770
[1,   780] loss: 542.719
[1,   800] loss: 506.035
[1,   820] loss: 519.256
[1,   840] loss: 424.844
[1,   860] loss: 548.769
[1,   880] loss: 481.942
[1,   900] loss: 405.715
[1,   920] loss: 450.587
[1,   940] loss: 366.990
[1,   960] loss: 476.847
[1,   980] loss: 352.995
[1,  1000] loss: 303.305
[1,  1020] loss: 339.285
[1,  1040] loss: 336.755
[1,  1060] loss: 330.667
[1,  1080] loss: 376.305
[1,  1100] loss: 327.031
[1,  1120] loss: 261.695
[1,  1140] loss: 258.298
[1,  1160] loss: 247.575
[1,  1180] loss: 241.746
[1,  1200] loss: 261.767
[1,  1220] loss: 236.025
[1,  1240] loss: 197.673
[1,  1260] loss: 202.008
[1,  1280] loss: 230.318
[1,  1300] loss: 199.259
[1,  1320] loss: 188.564
[1,  1340] loss: 203.734
[1,  1360] loss: 177.371
[1,  1380] loss: 175.861
[1,  1400] loss: 151.506
[1,  1420] loss: 185.284
[1,  1440] loss: 155.547
[1,  1460] loss: 173.511
[1,  1480] loss: 195.901
[1,  1500] loss: 158.061
[1,  1520] loss: 141.510
[1,  1540] loss: 138.542
[1,  1560] loss: 133.602
[1,  1580] loss: 131.582
[1,  1600] loss: 130.511
[1,  1620] loss: 115.410
[1,  1640] loss: 120.841
[1,  1660] loss: 121.666
[1,  1680] loss: 120.339
[1,  1700] loss: 90.043
[1,  1720] loss: 102.485
[1,  1740] loss: 84.902
[1,  1760] loss: 89.703
[1,  1780] loss: 96.792
[1,  1800] loss: 98.066
[1,  1820] loss: 85.253
[1,  1840] loss: 94.274
[1,  1860] loss: 94.973
[1,  1880] loss: 101.866
[1,  1900] loss: 99.457
[1,  1920] loss: 79.619
[1,  1940] loss: 90.047
[1,  1960] loss: 75.041
[1,  1980] loss: 65.245
[1,  2000] loss: 78.670
[1,  2020] loss: 69.211
[1,  2040] loss: 73.546
[1,  2060] loss: 72.680
[1,  2080] loss: 68.572
[1,  2100] loss: 63.892
[1,  2120] loss: 64.375
[1,  2140] loss: 68.371
[1,  2160] loss: 61.166
[1,  2180] loss: 65.360
[1,  2200] loss: 60.689
[1,  2220] loss: 69.300
[1,  2240] loss: 50.335
[1,  2260] loss: 47.444
[1,  2280] loss: 49.864
[1,  2300] loss: 47.386
[1,  2320] loss: 49.539
[1,  2340] loss: 53.633
[1,  2360] loss: 50.074
[1,  2380] loss: 45.415
[1,  2400] loss: 49.636
[1,  2420] loss: 42.645
[1,  2440] loss: 44.008
[1,  2460] loss: 42.622
[1,  2480] loss: 40.690
[1,  2500] loss: 46.530
[1,  2520] loss: 43.924
[1,  2540] loss: 39.872
[1,  2560] loss: 42.222
[1,  2580] loss: 35.992
[1,  2600] loss: 34.612
[1,  2620] loss: 31.810
[1,  2640] loss: 37.643
[1,  2660] loss: 33.350
[1,  2680] loss: 33.495
[1,  2700] loss: 36.472
[1,  2720] loss: 28.135
[1,  2740] loss: 29.276
[1,  2760] loss: 27.162
[1,  2780] loss: 30.622
[1,  2800] loss: 31.407
[1,  2820] loss: 32.765
[1,  2840] loss: 31.024
[1,  2860] loss: 31.068
[1,  2880] loss: 26.148
[1,  2900] loss: 29.389
[1,  2920] loss: 27.876
[1,  2940] loss: 30.560
[1,  2960] loss: 25.653
[1,  2980] loss: 29.240
[1,  3000] loss: 26.970
[1,  3020] loss: 25.864
[1,  3040] loss: 28.650
[2,    20] loss: 23.163
[2,    40] loss: 22.648
[2,    60] loss: 27.156
[2,    80] loss: 19.221
[2,   100] loss: 23.608
[2,   120] loss: 19.877
[2,   140] loss: 19.686
[2,   160] loss: 23.983
[2,   180] loss: 26.431
[2,   200] loss: 17.785
[2,   220] loss: 18.380
[2,   240] loss: 17.555
[2,   260] loss: 14.701
[2,   280] loss: 16.762
[2,   300] loss: 18.742
[2,   320] loss: 17.158
[2,   340] loss: 18.442
[2,   360] loss: 14.358
[2,   380] loss: 18.627
[2,   400] loss: 17.108
[2,   420] loss: 15.553
[2,   440] loss: 19.351
[2,   460] loss: 18.033
[2,   480] loss: 16.539
[2,   500] loss: 15.128
[2,   520] loss: 12.597
[2,   540] loss: 11.993
[2,   560] loss: 14.102
[2,   580] loss: 13.011
[2,   600] loss: 15.598
[2,   620] loss: 15.944
[2,   640] loss: 13.661
[2,   660] loss: 14.032
[2,   680] loss: 11.029
[2,   700] loss: 10.832
[2,   720] loss: 11.951
[2,   740] loss: 14.313
[2,   760] loss: 13.054
[2,   780] loss: 11.305
[2,   800] loss: 11.692
[2,   820] loss: 10.403
[2,   840] loss: 11.799
[2,   860] loss: 14.509
[2,   880] loss: 11.269
[2,   900] loss: 10.628
[2,   920] loss: 12.163
[2,   940] loss: 10.658
[2,   960] loss: 12.282
[2,   980] loss: 8.823
[2,  1000] loss: 11.956
[2,  1020] loss: 10.353
[2,  1040] loss: 10.028
[2,  1060] loss: 10.879
[2,  1080] loss: 9.252
[2,  1100] loss: 11.369
[2,  1120] loss: 9.794
[2,  1140] loss: 10.721
[2,  1160] loss: 9.919
[2,  1180] loss: 7.220
[2,  1200] loss: 8.752
[2,  1220] loss: 7.955
[2,  1240] loss: 9.649
[2,  1260] loss: 8.477
[2,  1280] loss: 8.818
[2,  1300] loss: 6.897
[2,  1320] loss: 7.738
[2,  1340] loss: 6.570
[2,  1360] loss: 12.774
[2,  1380] loss: 7.613
[2,  1400] loss: 7.849
[2,  1420] loss: 7.259
[2,  1440] loss: 5.920
[2,  1460] loss: 6.804
[2,  1480] loss: 6.941
[2,  1500] loss: 4.990
[2,  1520] loss: 5.336
[2,  1540] loss: 4.781
[2,  1560] loss: 5.221
[2,  1580] loss: 4.795
[2,  1600] loss: 3.961
[2,  1620] loss: 4.970
[2,  1640] loss: 6.304
[2,  1660] loss: 6.615
[2,  1680] loss: 5.301
[2,  1700] loss: 4.741
[2,  1720] loss: 5.008
[2,  1740] loss: 4.889
[2,  1760] loss: 6.258
[2,  1780] loss: 6.911
[2,  1800] loss: 6.028
[2,  1820] loss: 4.545
[2,  1840] loss: 6.307
[2,  1860] loss: 5.901
[2,  1880] loss: 6.232
[2,  1900] loss: 4.383
[2,  1920] loss: 4.185
[2,  1940] loss: 3.399
[2,  1960] loss: 4.114
[2,  1980] loss: 4.939
[2,  2000] loss: 3.929
[2,  2020] loss: 5.571
[2,  2040] loss: 3.918
[2,  2060] loss: 4.726
[2,  2080] loss: 3.886
[2,  2100] loss: 3.793
[2,  2120] loss: 5.641
[2,  2140] loss: 4.115
[2,  2160] loss: 3.101
[2,  2180] loss: 3.053
[2,  2200] loss: 3.120
[2,  2220] loss: 3.605
[2,  2240] loss: 3.474
[2,  2260] loss: 4.556
[2,  2280] loss: 4.395
[2,  2300] loss: 3.011
[2,  2320] loss: 3.717
[2,  2340] loss: 3.361
[2,  2360] loss: 2.646
[2,  2380] loss: 2.738
[2,  2400] loss: 2.957
[2,  2420] loss: 3.505
[2,  2440] loss: 3.639
[2,  2460] loss: 3.119
[2,  2480] loss: 2.863
[2,  2500] loss: 4.666
[2,  2520] loss: 4.183
[2,  2540] loss: 3.269
[2,  2560] loss: 3.634
[2,  2580] loss: 3.447
[2,  2600] loss: 3.902
[2,  2620] loss: 4.905
[2,  2640] loss: 3.148
[2,  2660] loss: 2.654
[2,  2680] loss: 4.945
[2,  2700] loss: 3.111
[2,  2720] loss: 1.956
[2,  2740] loss: 2.817
[2,  2760] loss: 3.384
[2,  2780] loss: 2.902
[2,  2800] loss: 2.529
[2,  2820] loss: 2.394
[2,  2840] loss: 2.024
[2,  2860] loss: 2.469
[2,  2880] loss: 2.157
[2,  2900] loss: 2.405
[2,  2920] loss: 1.884
[2,  2940] loss: 1.805
[2,  2960] loss: 2.700
[2,  2980] loss: 1.992
[2,  3000] loss: 2.321
[2,  3020] loss: 2.335
[2,  3040] loss: 2.208
[3,    20] loss: 4.891
[3,    40] loss: 3.268
[3,    60] loss: 4.067
[3,    80] loss: 4.752
[3,   100] loss: 5.333
[3,   120] loss: 4.522
[3,   140] loss: 3.112
[3,   160] loss: 2.195
[3,   180] loss: 1.706
[3,   200] loss: 1.924
[3,   220] loss: 1.769
[3,   240] loss: 1.880
[3,   260] loss: 8.571
[3,   280] loss: 7.625
[3,   300] loss: 4.297
[3,   320] loss: 3.905
[3,   340] loss: 1.955
[3,   360] loss: 1.892
[3,   380] loss: 3.051
[3,   400] loss: 1.512
[3,   420] loss: 2.488
[3,   440] loss: 5.872
[3,   460] loss: 6.893
[3,   480] loss: 4.163
[3,   500] loss: 6.911
[3,   520] loss: 4.067
[3,   540] loss: 2.920
[3,   560] loss: 2.308
[3,   580] loss: 2.689
[3,   600] loss: 2.929
[3,   620] loss: 2.629
[3,   640] loss: 13.320
[3,   660] loss: 37.603
[3,   680] loss: 10.267
[3,   700] loss: 11.439
[3,   720] loss: 8.450
[3,   740] loss: 6.732
[3,   760] loss: 6.979
[3,   780] loss: 4.741
[3,   800] loss: 2.581
[3,   820] loss: 2.030
[3,   840] loss: 1.698
[3,   860] loss: 1.975
[3,   880] loss: 0.980
[3,   900] loss: 1.618
[3,   920] loss: 3.381
[3,   940] loss: 2.420
[3,   960] loss: 2.216
[3,   980] loss: 1.881
[3,  1000] loss: 2.719
[3,  1020] loss: 6.514
[3,  1040] loss: 4.553
[3,  1060] loss: 3.736
[3,  1080] loss: 5.836
[3,  1100] loss: 3.569
[3,  1120] loss: 3.673
[3,  1140] loss: 5.354
[3,  1160] loss: 1.563
[3,  1180] loss: 1.316
[3,  1200] loss: 2.333
[3,  1220] loss: 2.762
[3,  1240] loss: 4.956
[3,  1260] loss: 13.205
[3,  1280] loss: 18.557
[3,  1300] loss: 4.312
[3,  1320] loss: 3.417
[3,  1340] loss: 7.528
[3,  1360] loss: 2.700
[3,  1380] loss: 1.222
[3,  1400] loss: 1.731
[3,  1420] loss: 2.228
[3,  1440] loss: 3.168
[3,  1460] loss: 1.968
[3,  1480] loss: 1.386
[3,  1500] loss: 1.464
[3,  1520] loss: 1.195
[3,  1540] loss: 1.277
[3,  1560] loss: 1.518
[3,  1580] loss: 1.541
[3,  1600] loss: 2.941
[3,  1620] loss: 5.917
[3,  1640] loss: 2.424
[3,  1660] loss: 2.158
[3,  1680] loss: 1.306
[3,  1700] loss: 1.348
[3,  1720] loss: 1.386
[3,  1740] loss: 1.442
[3,  1760] loss: 1.352
[3,  1780] loss: 1.425
[3,  1800] loss: 1.122
[3,  1820] loss: 1.141
[3,  1840] loss: 1.400
[3,  1860] loss: 1.419
[3,  1880] loss: 1.081
[3,  1900] loss: 4.515
[3,  1920] loss: 2.536
[3,  1940] loss: 1.880
[3,  1960] loss: 1.686
[3,  1980] loss: 4.159
[3,  2000] loss: 4.224
[3,  2020] loss: 1.976
[3,  2040] loss: 1.844
[3,  2060] loss: 10.356
[3,  2080] loss: 41.524
[3,  2100] loss: 18.772
[3,  2120] loss: 33.021
[3,  2140] loss: 38.063
[3,  2160] loss: 7.223
[3,  2180] loss: 2.264
[3,  2200] loss: 4.835
[3,  2220] loss: 3.301
[3,  2240] loss: 1.528
[3,  2260] loss: 4.106
[3,  2280] loss: 11.688
[3,  2300] loss: 4.275
[3,  2320] loss: 1.136
[3,  2340] loss: 1.688
[3,  2360] loss: 2.672
[3,  2380] loss: 1.104
[3,  2400] loss: 2.002
[3,  2420] loss: 1.253
[3,  2440] loss: 2.065
[3,  2460] loss: 1.059
[3,  2480] loss: 1.870
[3,  2500] loss: 7.132
[3,  2520] loss: 14.992
[3,  2540] loss: 14.652
[3,  2560] loss: 3.679
[3,  2580] loss: 2.540
[3,  2600] loss: 3.861
[3,  2620] loss: 2.114
[3,  2640] loss: 1.187
[3,  2660] loss: 0.918
[3,  2680] loss: 0.552
[3,  2700] loss: 0.630
[3,  2720] loss: 1.087
[3,  2740] loss: 5.266
[3,  2760] loss: 4.046
[3,  2780] loss: 2.448
[3,  2800] loss: 0.825
[3,  2820] loss: 1.095
[3,  2840] loss: 1.526
[3,  2860] loss: 2.595
[3,  2880] loss: 1.355
[3,  2900] loss: 1.209
[3,  2920] loss: 0.646
[3,  2940] loss: 0.646
[3,  2960] loss: 1.848
[3,  2980] loss: 2.512
[3,  3000] loss: 4.653
[3,  3020] loss: 1.739
[3,  3040] loss: 1.729
[1,    20] loss: 1.533
[1,    40] loss: 1.141
[1,    60] loss: 1.041
[1,    80] loss: 0.918
[1,   100] loss: 0.911
[1,   120] loss: 0.867
[1,   140] loss: 0.789
[1,   160] loss: 0.739
[1,   180] loss: 0.667
[1,   200] loss: 0.651
[1,   220] loss: 0.656
[1,   240] loss: 0.642
[1,   260] loss: 0.668
[1,   280] loss: 0.684
[1,   300] loss: 0.717
[1,   320] loss: 0.700
[2,    20] loss: 1.533
[2,    40] loss: 1.141
[2,    60] loss: 1.041
[2,    80] loss: 0.918
[2,   100] loss: 0.911
[2,   120] loss: 0.867
[2,   140] loss: 0.789
[2,   160] loss: 0.739
[2,   180] loss: 0.667
[2,   200] loss: 0.651
[2,   220] loss: 0.656
[2,   240] loss: 0.642
[2,   260] loss: 0.668
[2,   280] loss: 0.684
[2,   300] loss: 0.717
[2,   320] loss: 0.700
[3,    20] loss: 1.533
[3,    40] loss: 1.141
[3,    60] loss: 1.041
[3,    80] loss: 0.918
[3,   100] loss: 0.911
[3,   120] loss: 0.867
[3,   140] loss: 0.789
[3,   160] loss: 0.739
[3,   180] loss: 0.667
[3,   200] loss: 0.651
[3,   220] loss: 0.656
[3,   240] loss: 0.642
[3,   260] loss: 0.668
[3,   280] loss: 0.684
[3,   300] loss: 0.717
[3,   320] loss: 0.700
