cuda:  0
color_space: YCbCr
batch_size: 10
num_epcochs: 3
learning_rate: 0.002
[1,    20] loss: 0.315
[1,    40] loss: 0.094
[1,    60] loss: 0.085
[1,    80] loss: 0.093
[1,   100] loss: 0.078
[1,   120] loss: 0.045
[1,   140] loss: 0.059
[1,   160] loss: 0.113
[1,   180] loss: 0.097
[1,   200] loss: 0.063
[1,   220] loss: 0.136
[1,   240] loss: 0.094
[1,   260] loss: 0.069
[1,   280] loss: 0.054
[1,   300] loss: 0.098
[1,   320] loss: 0.059
[1,   340] loss: 0.074
[1,   360] loss: 0.054
[1,   380] loss: 0.082
[1,   400] loss: 0.071
[1,   420] loss: 0.094
[1,   440] loss: 0.069
[1,   460] loss: 0.098
[1,   480] loss: 0.072
[1,   500] loss: 0.100
[1,   520] loss: 0.074
[1,   540] loss: 0.061
[1,   560] loss: 0.088
[1,   580] loss: 0.098
[1,   600] loss: 3389.400
[1,   620] loss: 20199807.339
[1,   640] loss: 6273372.483
[1,   660] loss: 208012.634
[1,   680] loss: 15572.540
[1,   700] loss: 2786.156
[1,   720] loss: 714.646
[1,   740] loss: 535.937
[1,   760] loss: 368.366
[1,   780] loss: 291.529
[1,   800] loss: 391.354
[1,   820] loss: 224.754
[1,   840] loss: 253.660
[1,   860] loss: 221.826
[1,   880] loss: 185.610
[1,   900] loss: 150.083
[1,   920] loss: 175.218
[1,   940] loss: 207.369
[1,   960] loss: 193.590
[1,   980] loss: 160.271
[1,  1000] loss: 185.919
[1,  1020] loss: 147.963
[1,  1040] loss: 180.506
[1,  1060] loss: 159.377
[1,  1080] loss: 153.282
[1,  1100] loss: 114.271
[1,  1120] loss: 162.930
[1,  1140] loss: 135.159
[1,  1160] loss: 110.808
[1,  1180] loss: 98.871
[1,  1200] loss: 74.406
[1,  1220] loss: 105.732
[1,  1240] loss: 90.259
[1,  1260] loss: 79.514
[1,  1280] loss: 70.532
[1,  1300] loss: 87.953
[1,  1320] loss: 85.847
[1,  1340] loss: 67.929
[1,  1360] loss: 97.645
[1,  1380] loss: 87.884
[1,  1400] loss: 63.510
[1,  1420] loss: 70.088
[1,  1440] loss: 60.356
[1,  1460] loss: 52.708
[1,  1480] loss: 66.574
[1,  1500] loss: 57.912
[1,  1520] loss: 54.804
[1,  1540] loss: 48.423
[1,  1560] loss: 42.195
[1,  1580] loss: 54.209
[1,  1600] loss: 48.450
[1,  1620] loss: 38.994
[1,  1640] loss: 50.516
[1,  1660] loss: 45.934
[1,  1680] loss: 42.051
[1,  1700] loss: 37.001
[1,  1720] loss: 43.413
[1,  1740] loss: 35.575
[1,  1760] loss: 38.773
[1,  1780] loss: 37.499
[1,  1800] loss: 33.384
[1,  1820] loss: 36.647
[1,  1840] loss: 35.391
[1,  1860] loss: 36.811
[1,  1880] loss: 27.659
[1,  1900] loss: 24.181
[1,  1920] loss: 37.146
[1,  1940] loss: 27.489
[1,  1960] loss: 24.497
[1,  1980] loss: 36.131
[1,  2000] loss: 31.888
[1,  2020] loss: 24.317
[1,  2040] loss: 23.616
[1,  2060] loss: 30.133
[1,  2080] loss: 30.774
[1,  2100] loss: 21.160
[1,  2120] loss: 29.049
[1,  2140] loss: 22.851
[1,  2160] loss: 27.305
[1,  2180] loss: 19.255
[1,  2200] loss: 26.120
[1,  2220] loss: 17.781
[1,  2240] loss: 16.141
[1,  2260] loss: 16.948
[1,  2280] loss: 15.432
[1,  2300] loss: 23.672
[1,  2320] loss: 22.957
[1,  2340] loss: 17.179
[1,  2360] loss: 16.186
[1,  2380] loss: 14.493
[1,  2400] loss: 16.357
[1,  2420] loss: 20.620
[1,  2440] loss: 18.409
[1,  2460] loss: 18.574
[1,  2480] loss: 14.896
[1,  2500] loss: 13.643
[1,  2520] loss: 16.008
[1,  2540] loss: 21.868
[1,  2560] loss: 11.811
[1,  2580] loss: 17.229
[1,  2600] loss: 16.738
[1,  2620] loss: 11.687
[1,  2640] loss: 13.931
[1,  2660] loss: 13.146
[1,  2680] loss: 13.060
[1,  2700] loss: 12.565
[1,  2720] loss: 9.330
[1,  2740] loss: 8.538
[1,  2760] loss: 9.805
[1,  2780] loss: 9.555
[1,  2800] loss: 10.613
[1,  2820] loss: 16.074
[1,  2840] loss: 9.090
[1,  2860] loss: 9.835
[1,  2880] loss: 10.859
[1,  2900] loss: 10.529
[1,  2920] loss: 10.613
[1,  2940] loss: 8.979
[1,  2960] loss: 8.020
[1,  2980] loss: 9.710
[1,  3000] loss: 7.653
[1,  3020] loss: 9.009
[1,  3040] loss: 9.147
[2,    20] loss: 7.492
[2,    40] loss: 8.536
[2,    60] loss: 5.862
[2,    80] loss: 10.547
[2,   100] loss: 6.912
[2,   120] loss: 7.330
[2,   140] loss: 8.038
[2,   160] loss: 6.736
[2,   180] loss: 7.399
[2,   200] loss: 7.060
[2,   220] loss: 6.773
[2,   240] loss: 6.336
[2,   260] loss: 6.832
[2,   280] loss: 5.478
[2,   300] loss: 6.399
[2,   320] loss: 7.021
[2,   340] loss: 5.017
[2,   360] loss: 9.778
[2,   380] loss: 14.355
[2,   400] loss: 7.307
[2,   420] loss: 8.474
[2,   440] loss: 5.513
[2,   460] loss: 4.118
[2,   480] loss: 4.754
[2,   500] loss: 6.406
[2,   520] loss: 4.023
[2,   540] loss: 6.945
[2,   560] loss: 8.498
[2,   580] loss: 11.014
[2,   600] loss: 7.620
[2,   620] loss: 6.789
[2,   640] loss: 4.163
[2,   660] loss: 4.542
[2,   680] loss: 3.644
[2,   700] loss: 5.010
[2,   720] loss: 4.959
[2,   740] loss: 4.998
[2,   760] loss: 3.733
[2,   780] loss: 3.562
[2,   800] loss: 3.952
[2,   820] loss: 3.451
[2,   840] loss: 4.413
[2,   860] loss: 3.777
[2,   880] loss: 4.046
[2,   900] loss: 4.463
[2,   920] loss: 4.784
[2,   940] loss: 5.915
[2,   960] loss: 5.245
[2,   980] loss: 4.795
[2,  1000] loss: 4.604
[2,  1020] loss: 4.646
[2,  1040] loss: 3.438
[2,  1060] loss: 3.903
[2,  1080] loss: 2.748
[2,  1100] loss: 3.100
[2,  1120] loss: 3.076
[2,  1140] loss: 2.962
[2,  1160] loss: 3.256
[2,  1180] loss: 3.257
[2,  1200] loss: 3.049
[2,  1220] loss: 2.746
[2,  1240] loss: 3.298
[2,  1260] loss: 2.852
[2,  1280] loss: 2.221
[2,  1300] loss: 2.212
[2,  1320] loss: 2.253
[2,  1340] loss: 3.129
[2,  1360] loss: 2.352
[2,  1380] loss: 3.763
[2,  1400] loss: 2.971
[2,  1420] loss: 3.574
[2,  1440] loss: 4.435
[2,  1460] loss: 2.103
[2,  1480] loss: 3.070
[2,  1500] loss: 2.212
[2,  1520] loss: 1.760
[2,  1540] loss: 2.474
[2,  1560] loss: 2.706
[2,  1580] loss: 2.105
[2,  1600] loss: 3.532
[2,  1620] loss: 2.764
[2,  1640] loss: 1.998
[2,  1660] loss: 2.375
[2,  1680] loss: 2.293
[2,  1700] loss: 1.520
[2,  1720] loss: 1.921
[2,  1740] loss: 2.407
[2,  1760] loss: 1.913
[2,  1780] loss: 1.771
[2,  1800] loss: 2.297
[2,  1820] loss: 2.274
[2,  1840] loss: 2.102
[2,  1860] loss: 1.680
[2,  1880] loss: 1.781
[2,  1900] loss: 1.387
[2,  1920] loss: 1.564
[2,  1940] loss: 1.420
[2,  1960] loss: 1.527
[2,  1980] loss: 1.439
[2,  2000] loss: 1.531
[2,  2020] loss: 1.458
[2,  2040] loss: 1.225
[2,  2060] loss: 1.683
[2,  2080] loss: 1.641
[2,  2100] loss: 1.468
[2,  2120] loss: 1.622
[2,  2140] loss: 1.668
[2,  2160] loss: 1.563
[2,  2180] loss: 1.214
[2,  2200] loss: 1.987
[2,  2220] loss: 1.546
[2,  2240] loss: 1.337
[2,  2260] loss: 1.470
[2,  2280] loss: 1.491
[2,  2300] loss: 1.467
[2,  2320] loss: 2.245
[2,  2340] loss: 1.198
[2,  2360] loss: 1.256
[2,  2380] loss: 1.152
[2,  2400] loss: 1.070
[2,  2420] loss: 2.718
[2,  2440] loss: 2.189
[2,  2460] loss: 2.136
[2,  2480] loss: 1.331
[2,  2500] loss: 0.898
[2,  2520] loss: 1.033
[2,  2540] loss: 1.519
[2,  2560] loss: 0.979
[2,  2580] loss: 1.241
[2,  2600] loss: 1.568
[2,  2620] loss: 1.315
[2,  2640] loss: 1.432
[2,  2660] loss: 1.169
[2,  2680] loss: 1.599
[2,  2700] loss: 2.839
[2,  2720] loss: 1.535
[2,  2740] loss: 2.013
[2,  2760] loss: 3.636
[2,  2780] loss: 3.275
[2,  2800] loss: 2.388
[2,  2820] loss: 1.087
[2,  2840] loss: 1.445
[2,  2860] loss: 1.218
[2,  2880] loss: 0.827
[2,  2900] loss: 0.777
[2,  2920] loss: 1.046
[2,  2940] loss: 0.707
[2,  2960] loss: 0.784
[2,  2980] loss: 0.690
[2,  3000] loss: 0.936
[2,  3020] loss: 0.632
[2,  3040] loss: 1.770
[3,    20] loss: 1.612
[3,    40] loss: 0.633
[3,    60] loss: 0.922
[3,    80] loss: 1.340
[3,   100] loss: 0.925
[3,   120] loss: 1.105
[3,   140] loss: 1.032
[3,   160] loss: 0.667
[3,   180] loss: 1.009
[3,   200] loss: 0.648
[3,   220] loss: 0.584
[3,   240] loss: 0.644
[3,   260] loss: 0.686
[3,   280] loss: 1.089
[3,   300] loss: 0.751
[3,   320] loss: 0.400
[3,   340] loss: 0.815
[3,   360] loss: 0.803
[3,   380] loss: 0.449
[3,   400] loss: 0.807
[3,   420] loss: 1.041
[3,   440] loss: 0.808
[3,   460] loss: 0.918
[3,   480] loss: 1.389
[3,   500] loss: 1.000
[3,   520] loss: 0.681
[3,   540] loss: 0.628
[3,   560] loss: 0.588
[3,   580] loss: 0.809
[3,   600] loss: 0.750
[3,   620] loss: 0.646
[3,   640] loss: 0.837
[3,   660] loss: 0.546
[3,   680] loss: 0.385
[3,   700] loss: 0.888
[3,   720] loss: 1.792
[3,   740] loss: 0.925
[3,   760] loss: 0.884
[3,   780] loss: 0.431
[3,   800] loss: 1.471
[3,   820] loss: 0.688
[3,   840] loss: 0.829
[3,   860] loss: 1.384
[3,   880] loss: 1.842
[3,   900] loss: 2.749
[3,   920] loss: 0.959
[3,   940] loss: 0.608
[3,   960] loss: 0.811
[3,   980] loss: 0.829
[3,  1000] loss: 1.733
[3,  1020] loss: 2.277
[3,  1040] loss: 1.253
[3,  1060] loss: 0.649
[3,  1080] loss: 3.114
[3,  1100] loss: 3.464
[3,  1120] loss: 0.711
[3,  1140] loss: 0.867
[3,  1160] loss: 1.500
[3,  1180] loss: 1.056
[3,  1200] loss: 1.449
[3,  1220] loss: 1.863
[3,  1240] loss: 1.660
[3,  1260] loss: 0.604
[3,  1280] loss: 0.446
[3,  1300] loss: 0.558
[3,  1320] loss: 0.851
[3,  1340] loss: 0.879
[3,  1360] loss: 0.728
[3,  1380] loss: 1.099
[3,  1400] loss: 0.495
[3,  1420] loss: 1.746
[3,  1440] loss: 7.512
[3,  1460] loss: 1.365
[3,  1480] loss: 0.808
[3,  1500] loss: 0.708
[3,  1520] loss: 1.050
[3,  1540] loss: 0.306
[3,  1560] loss: 1.446
[3,  1580] loss: 0.953
[3,  1600] loss: 0.889
[3,  1620] loss: 1.859
[3,  1640] loss: 1.806
[3,  1660] loss: 3.186
[3,  1680] loss: 1.769
[3,  1700] loss: 36.415
[3,  1720] loss: 228.575
[3,  1740] loss: 184.680
[3,  1760] loss: 46.009
[3,  1780] loss: 10.154
[3,  1800] loss: 1.463
[3,  1820] loss: 0.756
[3,  1840] loss: 0.481
[3,  1860] loss: 0.445
[3,  1880] loss: 0.349
[3,  1900] loss: 0.190
[3,  1920] loss: 0.276
[3,  1940] loss: 0.293
[3,  1960] loss: 0.393
[3,  1980] loss: 0.434
[3,  2000] loss: 0.199
[3,  2020] loss: 0.176
[3,  2040] loss: 0.089
[3,  2060] loss: 0.155
[3,  2080] loss: 0.180
[3,  2100] loss: 0.266
[3,  2120] loss: 0.188
[3,  2140] loss: 0.134
[3,  2160] loss: 0.134
[3,  2180] loss: 0.155
[3,  2200] loss: 0.223
[3,  2220] loss: 0.350
[3,  2240] loss: 0.225
[3,  2260] loss: 0.211
[3,  2280] loss: 0.227
[3,  2300] loss: 0.455
[3,  2320] loss: 0.278
[3,  2340] loss: 0.244
[3,  2360] loss: 0.141
[3,  2380] loss: 0.146
[3,  2400] loss: 0.255
[3,  2420] loss: 0.690
[3,  2440] loss: 0.577
[3,  2460] loss: 0.223
[3,  2480] loss: 0.215
[3,  2500] loss: 0.331
[3,  2520] loss: 0.686
[3,  2540] loss: 0.376
[3,  2560] loss: 0.158
[3,  2580] loss: 0.137
[3,  2600] loss: 0.275
[3,  2620] loss: 0.277
[3,  2640] loss: 0.194
[3,  2660] loss: 0.156
[3,  2680] loss: 0.156
[3,  2700] loss: 0.118
[3,  2720] loss: 0.132
[3,  2740] loss: 0.209
[3,  2760] loss: 0.275
[3,  2780] loss: 0.410
[3,  2800] loss: 0.249
[3,  2820] loss: 0.323
[3,  2840] loss: 0.131
[3,  2860] loss: 0.260
[3,  2880] loss: 0.250
[3,  2900] loss: 0.259
[3,  2920] loss: 0.171
[3,  2940] loss: 0.258
[3,  2960] loss: 0.434
[3,  2980] loss: 0.266
[3,  3000] loss: 0.418
[3,  3020] loss: 0.140
[3,  3040] loss: 0.110
[1,    20] loss: 0.207
[1,    40] loss: 0.118
[1,    60] loss: 0.093
[1,    80] loss: 0.081
[1,   100] loss: 0.070
[1,   120] loss: 0.078
[1,   140] loss: 0.070
[1,   160] loss: 0.064
[1,   180] loss: 0.060
[1,   200] loss: 0.057
[1,   220] loss: 0.055
[1,   240] loss: 0.055
[1,   260] loss: 0.055
[1,   280] loss: 0.059
[1,   300] loss: 0.061
[1,   320] loss: 0.059
[2,    20] loss: 0.207
[2,    40] loss: 0.118
[2,    60] loss: 0.093
[2,    80] loss: 0.081
[2,   100] loss: 0.070
[2,   120] loss: 0.078
[2,   140] loss: 0.070
[2,   160] loss: 0.064
[2,   180] loss: 0.060
[2,   200] loss: 0.057
[2,   220] loss: 0.055
[2,   240] loss: 0.055
[2,   260] loss: 0.055
[2,   280] loss: 0.059
[2,   300] loss: 0.061
[2,   320] loss: 0.059
[3,    20] loss: 0.207
[3,    40] loss: 0.118
[3,    60] loss: 0.093
[3,    80] loss: 0.081
[3,   100] loss: 0.070
[3,   120] loss: 0.078
[3,   140] loss: 0.070
[3,   160] loss: 0.064
[3,   180] loss: 0.060
[3,   200] loss: 0.057
[3,   220] loss: 0.055
[3,   240] loss: 0.055
[3,   260] loss: 0.055
[3,   280] loss: 0.059
[3,   300] loss: 0.061
[3,   320] loss: 0.059
