cuda:  3
color_space: YCbCr
batch_size: 10
num_epcochs: 3
learning_rate: 0.002
[1,    20] loss: 0.229
[1,    40] loss: 0.132
[1,    60] loss: 0.082
[1,    80] loss: 0.100
[1,   100] loss: 0.069
[1,   120] loss: 0.143
[1,   140] loss: 0.066
[1,   160] loss: 0.073
[1,   180] loss: 0.045
[1,   200] loss: 0.104
[1,   220] loss: 0.063
[1,   240] loss: 0.096
[1,   260] loss: 0.090
[1,   280] loss: 0.076
[1,   300] loss: 0.084
[1,   320] loss: 0.039
[1,   340] loss: 0.088
[1,   360] loss: 0.070
[1,   380] loss: 0.056
[1,   400] loss: 0.047
[1,   420] loss: 0.047
[1,   440] loss: 0.056
[1,   460] loss: 0.084
[1,   480] loss: 0.056
[1,   500] loss: 0.076
[1,   520] loss: 0.039
[1,   540] loss: 0.063
[1,   560] loss: 0.086
[1,   580] loss: 0.043
[1,   600] loss: 0.045
[1,   620] loss: 0.046
[1,   640] loss: 0.036
[1,   660] loss: 0.084
[1,   680] loss: 0.071
[1,   700] loss: 0.055
[1,   720] loss: 0.073
[1,   740] loss: 0.051
[1,   760] loss: 0.096
[1,   780] loss: 0.067
[1,   800] loss: 0.101
[1,   820] loss: 0.061
[1,   840] loss: 0.086
[1,   860] loss: 0.035
[1,   880] loss: 0.101
[1,   900] loss: 0.071
[1,   920] loss: 0.107
[1,   940] loss: 0.061
[1,   960] loss: 0.057
[1,   980] loss: 0.085
[1,  1000] loss: 0.070
[1,  1020] loss: 0.055
[1,  1040] loss: 0.075
[1,  1060] loss: 0.090
[1,  1080] loss: 0.090
[1,  1100] loss: 0.113
[1,  1120] loss: 0.125
[1,  1140] loss: 0.077
[1,  1160] loss: 0.048
[1,  1180] loss: 0.104
[1,  1200] loss: 0.061
[1,  1220] loss: 0.045
[1,  1240] loss: 0.082
[1,  1260] loss: 0.048
[1,  1280] loss: 0.086
[1,  1300] loss: 0.046
[1,  1320] loss: 0.061
[1,  1340] loss: 0.066
[1,  1360] loss: 0.097
[1,  1380] loss: 0.085
[1,  1400] loss: 0.083
[1,  1420] loss: 0.082
[1,  1440] loss: 0.091
[1,  1460] loss: 29845802.487
[1,  1480] loss: 702657643.996
[1,  1500] loss: 66546414.200
[1,  1520] loss: 2503587.874
[1,  1540] loss: 161723.717
[1,  1560] loss: 87157.465
[1,  1580] loss: 58025.165
[1,  1600] loss: 47796.032
[1,  1620] loss: 42716.865
[1,  1640] loss: 36079.209
[1,  1660] loss: 28783.080
[1,  1680] loss: 26030.517
[1,  1700] loss: 22377.875
[1,  1720] loss: 23620.336
[1,  1740] loss: 17528.146
[1,  1760] loss: 15278.277
[1,  1780] loss: 13930.532
[1,  1800] loss: 10813.838
[1,  1820] loss: 11525.342
[1,  1840] loss: 9435.395
[1,  1860] loss: 10644.666
[1,  1880] loss: 9889.749
[1,  1900] loss: 9121.160
[1,  1920] loss: 8861.660
[1,  1940] loss: 7873.995
[1,  1960] loss: 7582.794
[1,  1980] loss: 7889.312
[1,  2000] loss: 7495.622
[1,  2020] loss: 6876.495
[1,  2040] loss: 6647.787
[1,  2060] loss: 5296.201
[1,  2080] loss: 5221.314
[1,  2100] loss: 4739.550
[1,  2120] loss: 5848.873
[1,  2140] loss: 4751.919
[1,  2160] loss: 3843.894
[1,  2180] loss: 3554.617
[1,  2200] loss: 4076.363
[1,  2220] loss: 3273.113
[1,  2240] loss: 3199.700
[1,  2260] loss: 3256.567
[1,  2280] loss: 3503.612
[1,  2300] loss: 3303.161
[1,  2320] loss: 3144.542
[1,  2340] loss: 2265.221
[1,  2360] loss: 3291.635
[1,  2380] loss: 2871.396
[1,  2400] loss: 2751.173
[1,  2420] loss: 2341.215
[1,  2440] loss: 2863.658
[1,  2460] loss: 2340.173
[1,  2480] loss: 2396.973
[1,  2500] loss: 2868.605
[1,  2520] loss: 2098.899
[1,  2540] loss: 2189.430
[1,  2560] loss: 2070.677
[1,  2580] loss: 1767.407
[1,  2600] loss: 2082.648
[1,  2620] loss: 1659.369
[1,  2640] loss: 2036.989
[1,  2660] loss: 1725.860
[1,  2680] loss: 1682.702
[1,  2700] loss: 1806.554
[1,  2720] loss: 1584.117
[1,  2740] loss: 1458.944
[1,  2760] loss: 1423.097
[1,  2780] loss: 1504.723
[1,  2800] loss: 1488.414
[1,  2820] loss: 1403.672
[1,  2840] loss: 1316.274
[1,  2860] loss: 1389.719
[1,  2880] loss: 996.846
[1,  2900] loss: 1151.688
[1,  2920] loss: 1147.490
[1,  2940] loss: 1108.449
[1,  2960] loss: 1089.736
[1,  2980] loss: 1197.341
[1,  3000] loss: 963.583
[1,  3020] loss: 1109.571
[1,  3040] loss: 1075.822
[2,    20] loss: 1166.877
[2,    40] loss: 907.471
[2,    60] loss: 888.666
[2,    80] loss: 1061.098
[2,   100] loss: 932.858
[2,   120] loss: 873.727
[2,   140] loss: 1070.579
[2,   160] loss: 924.397
[2,   180] loss: 832.225
[2,   200] loss: 838.481
[2,   220] loss: 651.715
[2,   240] loss: 828.536
[2,   260] loss: 967.873
[2,   280] loss: 943.466
[2,   300] loss: 641.133
[2,   320] loss: 697.841
[2,   340] loss: 596.018
[2,   360] loss: 746.554
[2,   380] loss: 591.476
[2,   400] loss: 671.787
[2,   420] loss: 565.727
[2,   440] loss: 749.494
[2,   460] loss: 690.020
[2,   480] loss: 722.540
[2,   500] loss: 687.348
[2,   520] loss: 550.817
[2,   540] loss: 590.251
[2,   560] loss: 562.175
[2,   580] loss: 597.630
[2,   600] loss: 696.241
[2,   620] loss: 573.672
[2,   640] loss: 604.617
[2,   660] loss: 547.635
[2,   680] loss: 497.862
[2,   700] loss: 542.090
[2,   720] loss: 655.502
[2,   740] loss: 541.271
[2,   760] loss: 473.638
[2,   780] loss: 424.180
[2,   800] loss: 557.888
[2,   820] loss: 539.593
[2,   840] loss: 409.454
[2,   860] loss: 502.142
[2,   880] loss: 510.826
[2,   900] loss: 399.798
[2,   920] loss: 461.590
[2,   940] loss: 451.026
[2,   960] loss: 435.302
[2,   980] loss: 558.652
[2,  1000] loss: 419.536
[2,  1020] loss: 427.123
[2,  1040] loss: 470.214
[2,  1060] loss: 394.066
[2,  1080] loss: 419.420
[2,  1100] loss: 384.113
[2,  1120] loss: 413.889
[2,  1140] loss: 450.551
[2,  1160] loss: 409.362
[2,  1180] loss: 372.807
[2,  1200] loss: 372.799
[2,  1220] loss: 426.799
[2,  1240] loss: 434.593
[2,  1260] loss: 392.145
[2,  1280] loss: 394.735
[2,  1300] loss: 328.433
[2,  1320] loss: 352.704
[2,  1340] loss: 404.478
[2,  1360] loss: 375.551
[2,  1380] loss: 352.892
[2,  1400] loss: 339.350
[2,  1420] loss: 321.954
[2,  1440] loss: 362.443
[2,  1460] loss: 275.467
[2,  1480] loss: 411.880
[2,  1500] loss: 373.763
[2,  1520] loss: 362.112
[2,  1540] loss: 425.467
[2,  1560] loss: 408.798
[2,  1580] loss: 301.706
[2,  1600] loss: 311.164
[2,  1620] loss: 388.745
[2,  1640] loss: 285.543
[2,  1660] loss: 335.339
[2,  1680] loss: 347.004
[2,  1700] loss: 305.276
[2,  1720] loss: 338.788
[2,  1740] loss: 298.537
[2,  1760] loss: 427.034
[2,  1780] loss: 300.628
[2,  1800] loss: 309.540
[2,  1820] loss: 368.080
[2,  1840] loss: 271.224
[2,  1860] loss: 279.171
[2,  1880] loss: 347.039
[2,  1900] loss: 320.798
[2,  1920] loss: 263.005
[2,  1940] loss: 267.166
[2,  1960] loss: 259.957
[2,  1980] loss: 270.974
[2,  2000] loss: 283.519
[2,  2020] loss: 281.204
[2,  2040] loss: 269.424
[2,  2060] loss: 289.944
[2,  2080] loss: 242.301
[2,  2100] loss: 242.925
[2,  2120] loss: 300.106
[2,  2140] loss: 285.280
[2,  2160] loss: 291.019
[2,  2180] loss: 280.543
[2,  2200] loss: 273.978
[2,  2220] loss: 300.155
[2,  2240] loss: 208.584
[2,  2260] loss: 294.659
[2,  2280] loss: 240.620
[2,  2300] loss: 291.397
[2,  2320] loss: 196.989
[2,  2340] loss: 286.128
[2,  2360] loss: 231.669
[2,  2380] loss: 333.580
[2,  2400] loss: 281.413
[2,  2420] loss: 218.380
[2,  2440] loss: 254.519
[2,  2460] loss: 204.062
[2,  2480] loss: 289.291
[2,  2500] loss: 249.131
[2,  2520] loss: 232.318
[2,  2540] loss: 220.214
[2,  2560] loss: 234.220
[2,  2580] loss: 261.454
[2,  2600] loss: 227.526
[2,  2620] loss: 235.752
[2,  2640] loss: 254.213
[2,  2660] loss: 190.203
[2,  2680] loss: 250.399
[2,  2700] loss: 207.259
[2,  2720] loss: 258.430
[2,  2740] loss: 196.797
[2,  2760] loss: 246.316
[2,  2780] loss: 193.594
[2,  2800] loss: 226.743
[2,  2820] loss: 209.473
[2,  2840] loss: 243.282
[2,  2860] loss: 178.016
[2,  2880] loss: 252.758
[2,  2900] loss: 200.074
[2,  2920] loss: 192.237
[2,  2940] loss: 213.723
[2,  2960] loss: 220.064
[2,  2980] loss: 229.119
[2,  3000] loss: 175.298
[2,  3020] loss: 213.608
[2,  3040] loss: 192.073
[3,    20] loss: 196.340
[3,    40] loss: 199.953
[3,    60] loss: 186.628
[3,    80] loss: 202.876
[3,   100] loss: 185.427
[3,   120] loss: 225.274
[3,   140] loss: 177.529
[3,   160] loss: 206.701
[3,   180] loss: 194.739
[3,   200] loss: 207.751
[3,   220] loss: 214.464
[3,   240] loss: 190.741
[3,   260] loss: 181.817
[3,   280] loss: 211.704
[3,   300] loss: 184.106
[3,   320] loss: 194.788
[3,   340] loss: 193.055
[3,   360] loss: 202.127
[3,   380] loss: 228.253
[3,   400] loss: 191.040
[3,   420] loss: 153.286
[3,   440] loss: 167.516
[3,   460] loss: 172.199
[3,   480] loss: 197.492
[3,   500] loss: 154.544
[3,   520] loss: 159.040
[3,   540] loss: 162.111
[3,   560] loss: 176.444
[3,   580] loss: 145.694
[3,   600] loss: 167.278
[3,   620] loss: 160.411
[3,   640] loss: 170.296
[3,   660] loss: 194.175
[3,   680] loss: 192.387
[3,   700] loss: 151.312
[3,   720] loss: 197.329
[3,   740] loss: 166.366
[3,   760] loss: 167.000
[3,   780] loss: 151.034
[3,   800] loss: 171.622
[3,   820] loss: 155.943
[3,   840] loss: 132.487
[3,   860] loss: 131.482
[3,   880] loss: 156.699
[3,   900] loss: 162.321
[3,   920] loss: 143.986
[3,   940] loss: 114.283
[3,   960] loss: 128.637
[3,   980] loss: 116.438
[3,  1000] loss: 131.419
[3,  1020] loss: 128.557
[3,  1040] loss: 109.974
[3,  1060] loss: 148.804
[3,  1080] loss: 116.207
[3,  1100] loss: 146.245
[3,  1120] loss: 155.873
[3,  1140] loss: 124.299
[3,  1160] loss: 138.733
[3,  1180] loss: 120.062
[3,  1200] loss: 133.785
[3,  1220] loss: 129.526
[3,  1240] loss: 142.276
[3,  1260] loss: 121.992
[3,  1280] loss: 139.661
[3,  1300] loss: 137.716
[3,  1320] loss: 122.462
[3,  1340] loss: 108.881
[3,  1360] loss: 92.061
[3,  1380] loss: 120.964
[3,  1400] loss: 125.640
[3,  1420] loss: 134.110
[3,  1440] loss: 130.566
[3,  1460] loss: 83.039
[3,  1480] loss: 105.342
[3,  1500] loss: 134.449
[3,  1520] loss: 108.783
[3,  1540] loss: 112.062
[3,  1560] loss: 122.309
[3,  1580] loss: 94.650
[3,  1600] loss: 115.492
[3,  1620] loss: 119.641
[3,  1640] loss: 120.268
[3,  1660] loss: 105.048
[3,  1680] loss: 96.183
[3,  1700] loss: 105.374
[3,  1720] loss: 138.884
[3,  1740] loss: 107.907
[3,  1760] loss: 125.346
[3,  1780] loss: 106.425
[3,  1800] loss: 96.466
[3,  1820] loss: 116.549
[3,  1840] loss: 85.964
[3,  1860] loss: 90.082
[3,  1880] loss: 93.864
[3,  1900] loss: 120.965
[3,  1920] loss: 146.461
[3,  1940] loss: 102.050
[3,  1960] loss: 117.097
[3,  1980] loss: 94.225
[3,  2000] loss: 94.324
[3,  2020] loss: 80.492
[3,  2040] loss: 83.056
[3,  2060] loss: 90.563
[3,  2080] loss: 80.416
[3,  2100] loss: 99.061
[3,  2120] loss: 89.876
[3,  2140] loss: 106.493
[3,  2160] loss: 91.240
[3,  2180] loss: 75.675
[3,  2200] loss: 94.195
[3,  2220] loss: 74.273
[3,  2240] loss: 87.703
[3,  2260] loss: 85.128
[3,  2280] loss: 80.574
[3,  2300] loss: 75.622
[3,  2320] loss: 79.970
[3,  2340] loss: 82.953
[3,  2360] loss: 84.638
[3,  2380] loss: 76.208
[3,  2400] loss: 87.009
[3,  2420] loss: 79.548
[3,  2440] loss: 86.106
[3,  2460] loss: 73.284
[3,  2480] loss: 88.468
[3,  2500] loss: 91.699
[3,  2520] loss: 90.110
[3,  2540] loss: 88.179
[3,  2560] loss: 69.930
[3,  2580] loss: 60.956
[3,  2600] loss: 77.347
[3,  2620] loss: 87.508
[3,  2640] loss: 75.221
[3,  2660] loss: 66.523
[3,  2680] loss: 56.319
[3,  2700] loss: 65.792
[3,  2720] loss: 70.748
[3,  2740] loss: 67.253
[3,  2760] loss: 75.082
[3,  2780] loss: 66.991
[3,  2800] loss: 70.553
[3,  2820] loss: 64.849
[3,  2840] loss: 62.861
[3,  2860] loss: 71.546
[3,  2880] loss: 63.391
[3,  2900] loss: 64.876
[3,  2920] loss: 77.341
[3,  2940] loss: 64.280
[3,  2960] loss: 54.871
[3,  2980] loss: 47.975
[3,  3000] loss: 68.119
[3,  3020] loss: 63.355
[3,  3040] loss: 61.460
[1,    20] loss: 49.623
[1,    40] loss: 50.066
[1,    60] loss: 64.780
[1,    80] loss: 59.119
[1,   100] loss: 57.437
[1,   120] loss: 48.716
[1,   140] loss: 43.605
[1,   160] loss: 39.151
[1,   180] loss: 37.059
[1,   200] loss: 57.920
[1,   220] loss: 72.009
[1,   240] loss: 72.675
[1,   260] loss: 71.583
[1,   280] loss: 70.295
[1,   300] loss: 70.029
[1,   320] loss: 72.150
[2,    20] loss: 49.623
[2,    40] loss: 50.066
[2,    60] loss: 64.780
[2,    80] loss: 59.119
[2,   100] loss: 57.437
[2,   120] loss: 48.716
[2,   140] loss: 43.605
[2,   160] loss: 39.151
[2,   180] loss: 37.059
[2,   200] loss: 57.920
[2,   220] loss: 72.009
[2,   240] loss: 72.675
[2,   260] loss: 71.583
[2,   280] loss: 70.295
[2,   300] loss: 70.029
[2,   320] loss: 72.150
[3,    20] loss: 49.623
[3,    40] loss: 50.066
[3,    60] loss: 64.780
[3,    80] loss: 59.119
[3,   100] loss: 57.437
[3,   120] loss: 48.716
[3,   140] loss: 43.605
[3,   160] loss: 39.151
[3,   180] loss: 37.059
[3,   200] loss: 57.920
[3,   220] loss: 72.009
[3,   240] loss: 72.675
[3,   260] loss: 71.583
[3,   280] loss: 70.295
[3,   300] loss: 70.029
[3,   320] loss: 72.150
