cuda:  1
color_space: YCbCr
batch_size: 10
num_epcochs: 3
learning_rate: 0.002
[1,    20] loss: 0.197
[1,    40] loss: 0.136
[1,    60] loss: 0.094
[1,    80] loss: 0.080
[1,   100] loss: 0.085
[1,   120] loss: 0.066
[1,   140] loss: 0.086
[1,   160] loss: 0.073
[1,   180] loss: 0.067
[1,   200] loss: 0.088
[1,   220] loss: 0.085
[1,   240] loss: 0.083
[1,   260] loss: 0.081
[1,   280] loss: 0.085
[1,   300] loss: 0.105
[1,   320] loss: 0.094
[1,   340] loss: 0.081
[1,   360] loss: 0.088
[1,   380] loss: 0.067
[1,   400] loss: 0.071
[1,   420] loss: 0.119
[1,   440] loss: 0.090
[1,   460] loss: 0.094
[1,   480] loss: 0.106
[1,   500] loss: 0.110
[1,   520] loss: 11.851
[1,   540] loss: 484393.096
[1,   560] loss: 3035917.123
[1,   580] loss: 63011.488
[1,   600] loss: 8542.965
[1,   620] loss: 410.251
[1,   640] loss: 93.115
[1,   660] loss: 34.979
[1,   680] loss: 17.553
[1,   700] loss: 13.330
[1,   720] loss: 9.714
[1,   740] loss: 10.398
[1,   760] loss: 6.337
[1,   780] loss: 5.892
[1,   800] loss: 6.266
[1,   820] loss: 6.807
[1,   840] loss: 4.932
[1,   860] loss: 3.165
[1,   880] loss: 4.534
[1,   900] loss: 4.810
[1,   920] loss: 5.101
[1,   940] loss: 5.015
[1,   960] loss: 4.354
[1,   980] loss: 3.529
[1,  1000] loss: 3.183
[1,  1020] loss: 3.833
[1,  1040] loss: 2.858
[1,  1060] loss: 3.143
[1,  1080] loss: 2.530
[1,  1100] loss: 3.149
[1,  1120] loss: 3.311
[1,  1140] loss: 3.890
[1,  1160] loss: 2.575
[1,  1180] loss: 3.367
[1,  1200] loss: 3.083
[1,  1220] loss: 2.465
[1,  1240] loss: 2.386
[1,  1260] loss: 2.390
[1,  1280] loss: 3.226
[1,  1300] loss: 2.595
[1,  1320] loss: 2.077
[1,  1340] loss: 2.185
[1,  1360] loss: 3.238
[1,  1380] loss: 3.175
[1,  1400] loss: 3.917
[1,  1420] loss: 3.013
[1,  1440] loss: 2.717
[1,  1460] loss: 1.980
[1,  1480] loss: 2.035
[1,  1500] loss: 1.924
[1,  1520] loss: 2.438
[1,  1540] loss: 2.766
[1,  1560] loss: 2.140
[1,  1580] loss: 2.408
[1,  1600] loss: 2.529
[1,  1620] loss: 1.782
[1,  1640] loss: 1.826
[1,  1660] loss: 2.275
[1,  1680] loss: 1.980
[1,  1700] loss: 1.530
[1,  1720] loss: 1.667
[1,  1740] loss: 2.099
[1,  1760] loss: 2.421
[1,  1780] loss: 1.789
[1,  1800] loss: 3.087
[1,  1820] loss: 2.031
[1,  1840] loss: 1.649
[1,  1860] loss: 1.546
[1,  1880] loss: 1.801
[1,  1900] loss: 1.525
[1,  1920] loss: 1.471
[1,  1940] loss: 2.075
[1,  1960] loss: 1.622
[1,  1980] loss: 2.341
[1,  2000] loss: 2.810
[1,  2020] loss: 2.872
[1,  2040] loss: 4.117
[1,  2060] loss: 1.402
[1,  2080] loss: 1.432
[1,  2100] loss: 1.157
[1,  2120] loss: 1.318
[1,  2140] loss: 1.552
[1,  2160] loss: 1.585
[1,  2180] loss: 1.234
[1,  2200] loss: 2.062
[1,  2220] loss: 2.827
[1,  2240] loss: 3.283
[1,  2260] loss: 2.818
[1,  2280] loss: 4.075
[1,  2300] loss: 3.214
[1,  2320] loss: 2.027
[1,  2340] loss: 5.817
[1,  2360] loss: 6.037
[1,  2380] loss: 1.436
[1,  2400] loss: 1.291
[1,  2420] loss: 1.113
[1,  2440] loss: 0.785
[1,  2460] loss: 1.611
[1,  2480] loss: 5.310
[1,  2500] loss: 16.905
[1,  2520] loss: 65.144
[1,  2540] loss: 10.310
[1,  2560] loss: 3.750
[1,  2580] loss: 1.934
[1,  2600] loss: 1.627
[1,  2620] loss: 1.181
[1,  2640] loss: 0.796
[1,  2660] loss: 1.187
[1,  2680] loss: 4.966
[1,  2700] loss: 3.909
[1,  2720] loss: 1.130
[1,  2740] loss: 1.214
[1,  2760] loss: 1.138
[1,  2780] loss: 1.999
[1,  2800] loss: 1.095
[1,  2820] loss: 1.077
[1,  2840] loss: 1.163
[1,  2860] loss: 2.760
[1,  2880] loss: 1.041
[1,  2900] loss: 0.846
[1,  2920] loss: 0.850
[1,  2940] loss: 0.808
[1,  2960] loss: 0.722
[1,  2980] loss: 1.024
[1,  3000] loss: 0.848
[1,  3020] loss: 2.289
[1,  3040] loss: 1.144
[2,    20] loss: 2.762
[2,    40] loss: 3.310
[2,    60] loss: 0.699
[2,    80] loss: 0.667
[2,   100] loss: 1.581
[2,   120] loss: 0.683
[2,   140] loss: 1.232
[2,   160] loss: 1.126
[2,   180] loss: 0.450
[2,   200] loss: 0.955
[2,   220] loss: 4.942
[2,   240] loss: 11.524
[2,   260] loss: 7.448
[2,   280] loss: 4.592
[2,   300] loss: 0.851
[2,   320] loss: 1.866
[2,   340] loss: 1.331
[2,   360] loss: 0.654
[2,   380] loss: 1.271
[2,   400] loss: 1.674
[2,   420] loss: 2.597
[2,   440] loss: 2.829
[2,   460] loss: 4.330
[2,   480] loss: 4.549
[2,   500] loss: 6.434
[2,   520] loss: 9.495
[2,   540] loss: 1.175
[2,   560] loss: 0.558
[2,   580] loss: 2.029
[2,   600] loss: 1.089
[2,   620] loss: 1.355
[2,   640] loss: 0.899
[2,   660] loss: 2.270
[2,   680] loss: 6.121
[2,   700] loss: 3.607
[2,   720] loss: 1.391
[2,   740] loss: 4.302
[2,   760] loss: 13.547
[2,   780] loss: 31.491
[2,   800] loss: 6.992
[2,   820] loss: 24.735
[2,   840] loss: 16.131
[2,   860] loss: 5.007
[2,   880] loss: 10.419
[2,   900] loss: 38.689
[2,   920] loss: 10.685
[2,   940] loss: 2.759
[2,   960] loss: 0.500
[2,   980] loss: 1.083
[2,  1000] loss: 0.730
[2,  1020] loss: 0.561
[2,  1040] loss: 0.348
[2,  1060] loss: 0.442
[2,  1080] loss: 0.480
[2,  1100] loss: 0.349
[2,  1120] loss: 0.769
[2,  1140] loss: 0.824
[2,  1160] loss: 0.813
[2,  1180] loss: 0.643
[2,  1200] loss: 3.544
[2,  1220] loss: 1.494
[2,  1240] loss: 1.601
[2,  1260] loss: 2.775
[2,  1280] loss: 1.121
[2,  1300] loss: 0.554
[2,  1320] loss: 0.449
[2,  1340] loss: 0.376
[2,  1360] loss: 2.869
[2,  1380] loss: 15.318
[2,  1400] loss: 31.397
[2,  1420] loss: 78.301
[2,  1440] loss: 290.991
[2,  1460] loss: 385.659
[2,  1480] loss: 24.191
[2,  1500] loss: 2.097
[2,  1520] loss: 0.792
[2,  1540] loss: 0.537
[2,  1560] loss: 0.466
[2,  1580] loss: 0.307
[2,  1600] loss: 0.443
[2,  1620] loss: 0.312
[2,  1640] loss: 0.412
[2,  1660] loss: 0.329
[2,  1680] loss: 0.319
[2,  1700] loss: 0.357
[2,  1720] loss: 0.329
[2,  1740] loss: 0.288
[2,  1760] loss: 0.285
[2,  1780] loss: 0.307
[2,  1800] loss: 0.567
[2,  1820] loss: 0.372
[2,  1840] loss: 0.294
[2,  1860] loss: 0.205
[2,  1880] loss: 0.209
[2,  1900] loss: 0.234
[2,  1920] loss: 0.200
[2,  1940] loss: 0.338
[2,  1960] loss: 0.352
[2,  1980] loss: 0.255
[2,  2000] loss: 0.317
[2,  2020] loss: 0.246
[2,  2040] loss: 0.209
[2,  2060] loss: 0.226
[2,  2080] loss: 0.241
[2,  2100] loss: 0.194
[2,  2120] loss: 0.237
[2,  2140] loss: 0.293
[2,  2160] loss: 0.170
[2,  2180] loss: 0.271
[2,  2200] loss: 0.175
[2,  2220] loss: 0.237
[2,  2240] loss: 0.322
[2,  2260] loss: 0.274
[2,  2280] loss: 0.237
[2,  2300] loss: 0.176
[2,  2320] loss: 0.160
[2,  2340] loss: 0.162
[2,  2360] loss: 0.180
[2,  2380] loss: 0.164
[2,  2400] loss: 0.452
[2,  2420] loss: 0.215
[2,  2440] loss: 0.194
[2,  2460] loss: 0.144
[2,  2480] loss: 0.218
[2,  2500] loss: 0.182
[2,  2520] loss: 0.386
[2,  2540] loss: 0.916
[2,  2560] loss: 0.419
[2,  2580] loss: 0.619
[2,  2600] loss: 0.326
[2,  2620] loss: 0.189
[2,  2640] loss: 0.156
[2,  2660] loss: 0.157
[2,  2680] loss: 0.199
[2,  2700] loss: 0.390
[2,  2720] loss: 0.220
[2,  2740] loss: 0.314
[2,  2760] loss: 0.168
[2,  2780] loss: 0.224
[2,  2800] loss: 0.173
[2,  2820] loss: 0.152
[2,  2840] loss: 0.175
[2,  2860] loss: 0.093
[2,  2880] loss: 0.151
[2,  2900] loss: 0.264
[2,  2920] loss: 0.239
[2,  2940] loss: 0.402
[2,  2960] loss: 0.288
[2,  2980] loss: 0.333
[2,  3000] loss: 0.556
[2,  3020] loss: 1.176
[2,  3040] loss: 0.620
[3,    20] loss: 0.692
[3,    40] loss: 0.156
[3,    60] loss: 0.192
[3,    80] loss: 0.286
[3,   100] loss: 0.195
[3,   120] loss: 0.156
[3,   140] loss: 0.195
[3,   160] loss: 0.216
[3,   180] loss: 0.650
[3,   200] loss: 0.713
[3,   220] loss: 0.491
[3,   240] loss: 0.416
[3,   260] loss: 0.290
[3,   280] loss: 0.430
[3,   300] loss: 0.240
[3,   320] loss: 0.273
[3,   340] loss: 0.366
[3,   360] loss: 0.573
[3,   380] loss: 0.537
[3,   400] loss: 0.166
[3,   420] loss: 0.248
[3,   440] loss: 0.286
[3,   460] loss: 0.393
[3,   480] loss: 0.205
[3,   500] loss: 0.081
[3,   520] loss: 0.217
[3,   540] loss: 0.226
[3,   560] loss: 0.350
[3,   580] loss: 0.796
[3,   600] loss: 0.930
[3,   620] loss: 0.392
[3,   640] loss: 0.497
[3,   660] loss: 0.549
[3,   680] loss: 2.106
[3,   700] loss: 3.666
[3,   720] loss: 2.757
[3,   740] loss: 0.979
[3,   760] loss: 0.192
[3,   780] loss: 0.165
[3,   800] loss: 0.218
[3,   820] loss: 0.247
[3,   840] loss: 0.366
[3,   860] loss: 0.494
[3,   880] loss: 0.224
[3,   900] loss: 0.454
[3,   920] loss: 0.203
[3,   940] loss: 0.199
[3,   960] loss: 0.215
[3,   980] loss: 0.388
[3,  1000] loss: 0.134
[3,  1020] loss: 0.208
[3,  1040] loss: 0.217
[3,  1060] loss: 2.025
[3,  1080] loss: 0.868
[3,  1100] loss: 2.577
[3,  1120] loss: 1.417
[3,  1140] loss: 2.343
[3,  1160] loss: 1.259
[3,  1180] loss: 0.593
[3,  1200] loss: 0.687
[3,  1220] loss: 1.269
[3,  1240] loss: 0.340
[3,  1260] loss: 0.144
[3,  1280] loss: 0.495
[3,  1300] loss: 2.449
[3,  1320] loss: 0.929
[3,  1340] loss: 1.159
[3,  1360] loss: 2.099
[3,  1380] loss: 2.607
[3,  1400] loss: 3.463
[3,  1420] loss: 3.993
[3,  1440] loss: 4.194
[3,  1460] loss: 0.777
[3,  1480] loss: 0.246
[3,  1500] loss: 0.277
[3,  1520] loss: 0.382
[3,  1540] loss: 0.764
[3,  1560] loss: 0.469
[3,  1580] loss: 0.845
[3,  1600] loss: 0.612
[3,  1620] loss: 0.694
[3,  1640] loss: 0.662
[3,  1660] loss: 0.259
[3,  1680] loss: 0.640
[3,  1700] loss: 0.867
[3,  1720] loss: 0.936
[3,  1740] loss: 1.349
[3,  1760] loss: 1.201
[3,  1780] loss: 1.378
[3,  1800] loss: 0.332
[3,  1820] loss: 0.168
[3,  1840] loss: 0.152
[3,  1860] loss: 0.504
[3,  1880] loss: 0.711
[3,  1900] loss: 0.863
[3,  1920] loss: 2.280
[3,  1940] loss: 0.876
[3,  1960] loss: 1.449
[3,  1980] loss: 0.920
[3,  2000] loss: 1.278
[3,  2020] loss: 4.145
[3,  2040] loss: 1.307
[3,  2060] loss: 0.449
[3,  2080] loss: 0.409
[3,  2100] loss: 1.052
[3,  2120] loss: 0.301
[3,  2140] loss: 0.239
[3,  2160] loss: 0.184
[3,  2180] loss: 0.310
[3,  2200] loss: 0.412
[3,  2220] loss: 0.351
[3,  2240] loss: 0.382
[3,  2260] loss: 0.363
[3,  2280] loss: 0.242
[3,  2300] loss: 0.452
[3,  2320] loss: 2.276
[3,  2340] loss: 0.990
[3,  2360] loss: 0.484
[3,  2380] loss: 0.361
[3,  2400] loss: 0.941
[3,  2420] loss: 2.696
[3,  2440] loss: 2.135
[3,  2460] loss: 4.492
[3,  2480] loss: 4.834
[3,  2500] loss: 4.060
[3,  2520] loss: 1.903
[3,  2540] loss: 1.186
[3,  2560] loss: 0.315
[3,  2580] loss: 0.215
[3,  2600] loss: 0.212
[3,  2620] loss: 0.190
[3,  2640] loss: 0.230
[3,  2660] loss: 0.249
[3,  2680] loss: 0.262
[3,  2700] loss: 0.366
[3,  2720] loss: 0.222
[3,  2740] loss: 0.207
[3,  2760] loss: 0.177
[3,  2780] loss: 0.164
[3,  2800] loss: 0.456
[3,  2820] loss: 0.923
[3,  2840] loss: 0.641
[3,  2860] loss: 0.502
[3,  2880] loss: 0.581
[3,  2900] loss: 0.877
[3,  2920] loss: 1.043
[3,  2940] loss: 0.544
[3,  2960] loss: 0.209
[3,  2980] loss: 0.197
[3,  3000] loss: 0.374
[3,  3020] loss: 0.259
[3,  3040] loss: 0.152
[1,    20] loss: 0.094
[1,    40] loss: 0.055
[1,    60] loss: 0.042
[1,    80] loss: 0.064
[1,   100] loss: 0.072
[1,   120] loss: 0.062
[1,   140] loss: 0.056
[1,   160] loss: 0.060
[1,   180] loss: 0.059
[1,   200] loss: 0.056
[1,   220] loss: 0.064
[1,   240] loss: 0.070
[1,   260] loss: 0.068
[1,   280] loss: 0.073
[1,   300] loss: 0.075
[1,   320] loss: 0.071
[2,    20] loss: 0.094
[2,    40] loss: 0.055
[2,    60] loss: 0.042
[2,    80] loss: 0.064
[2,   100] loss: 0.072
[2,   120] loss: 0.062
[2,   140] loss: 0.056
[2,   160] loss: 0.060
[2,   180] loss: 0.059
[2,   200] loss: 0.056
[2,   220] loss: 0.064
[2,   240] loss: 0.070
[2,   260] loss: 0.068
[2,   280] loss: 0.073
[2,   300] loss: 0.075
[2,   320] loss: 0.071
[3,    20] loss: 0.094
[3,    40] loss: 0.055
[3,    60] loss: 0.042
[3,    80] loss: 0.064
[3,   100] loss: 0.072
[3,   120] loss: 0.062
[3,   140] loss: 0.056
[3,   160] loss: 0.060
[3,   180] loss: 0.059
[3,   200] loss: 0.056
[3,   220] loss: 0.064
[3,   240] loss: 0.070
[3,   260] loss: 0.068
[3,   280] loss: 0.073
[3,   300] loss: 0.075
[3,   320] loss: 0.071
