cuda:  5
color_space: YCbCr
batch_size: 10
num_epcochs: 3
learning_rate: 0.003
[1,    20] loss: 1.735
[1,    40] loss: 6.726
[1,    60] loss: 0.511
[1,    80] loss: 0.173
[1,   100] loss: 0.169
[1,   120] loss: 0.080
[1,   140] loss: 0.106
[1,   160] loss: 0.097
[1,   180] loss: 0.065
[1,   200] loss: 0.108
[1,   220] loss: 0.079
[1,   240] loss: 0.090
[1,   260] loss: 0.067
[1,   280] loss: 0.085
[1,   300] loss: 0.067
[1,   320] loss: 0.071
[1,   340] loss: 0.113
[1,   360] loss: 0.066
[1,   380] loss: 0.067
[1,   400] loss: 0.098
[1,   420] loss: 0.056
[1,   440] loss: 0.058
[1,   460] loss: 0.087
[1,   480] loss: 0.071
[1,   500] loss: 0.065
[1,   520] loss: 0.060
[1,   540] loss: 0.093
[1,   560] loss: 0.051
[1,   580] loss: 0.042
[1,   600] loss: 0.070
[1,   620] loss: 0.056
[1,   640] loss: 0.087
[1,   660] loss: 0.079
[1,   680] loss: 0.089
[1,   700] loss: 0.068
[1,   720] loss: 0.047
[1,   740] loss: 0.044
[1,   760] loss: 0.060
[1,   780] loss: 0.051
[1,   800] loss: 0.093
[1,   820] loss: 0.068
[1,   840] loss: 0.083
[1,   860] loss: 0.057
[1,   880] loss: 0.102
[1,   900] loss: 0.050
[1,   920] loss: 0.073
[1,   940] loss: 0.098
[1,   960] loss: 0.060
[1,   980] loss: 0.050
[1,  1000] loss: 0.098
[1,  1020] loss: 0.087
[1,  1040] loss: 0.078
[1,  1060] loss: 0.091
[1,  1080] loss: 0.057
[1,  1100] loss: 0.054
[1,  1120] loss: 0.057
[1,  1140] loss: 0.048
[1,  1160] loss: 0.059
[1,  1180] loss: 0.089
[1,  1200] loss: 0.065
[1,  1220] loss: 0.081
[1,  1240] loss: 0.078
[1,  1260] loss: 0.066
[1,  1280] loss: 0.036
[1,  1300] loss: 0.064
[1,  1320] loss: 0.068
[1,  1340] loss: 0.093
[1,  1360] loss: 0.061
[1,  1380] loss: 0.069
[1,  1400] loss: 0.047
[1,  1420] loss: 0.085
[1,  1440] loss: 0.053
[1,  1460] loss: 0.045
[1,  1480] loss: 0.062
[1,  1500] loss: 0.062
[1,  1520] loss: 0.126
[1,  1540] loss: 0.064
[1,  1560] loss: 0.047
[1,  1580] loss: 0.085
[1,  1600] loss: 0.045
[1,  1620] loss: 0.047
[1,  1640] loss: 0.059
[1,  1660] loss: 0.077
[1,  1680] loss: 0.063
[1,  1700] loss: 0.101
[1,  1720] loss: 0.078
[1,  1740] loss: 0.060
[1,  1760] loss: 0.056
[1,  1780] loss: 0.083
[1,  1800] loss: 0.057
[1,  1820] loss: 0.062
[1,  1840] loss: 0.071
[1,  1860] loss: 0.125
[1,  1880] loss: 0.108
[1,  1900] loss: 0.097
[1,  1920] loss: 0.055
[1,  1940] loss: 0.056
[1,  1960] loss: 0.076
[1,  1980] loss: 0.050
[1,  2000] loss: 0.064
[1,  2020] loss: 0.058
[1,  2040] loss: 0.071
[1,  2060] loss: 0.072
[1,  2080] loss: 0.045
[1,  2100] loss: 0.063
[1,  2120] loss: 0.049
[1,  2140] loss: 0.063
[1,  2160] loss: 0.056
[1,  2180] loss: 0.064
[1,  2200] loss: 0.051
[1,  2220] loss: 0.089
[1,  2240] loss: 0.067
[1,  2260] loss: 0.048
[1,  2280] loss: 0.034
[1,  2300] loss: 0.073
[1,  2320] loss: 0.055
[1,  2340] loss: 0.048
[1,  2360] loss: 0.054
[1,  2380] loss: 0.098
[1,  2400] loss: 0.093
[1,  2420] loss: 0.069
[1,  2440] loss: 0.050
[1,  2460] loss: 0.063
[1,  2480] loss: 0.037
[1,  2500] loss: 0.030
[1,  2520] loss: 0.060
[1,  2540] loss: 0.071
[1,  2560] loss: 0.054
[1,  2580] loss: 0.067
[1,  2600] loss: 0.072
[1,  2620] loss: 0.067
[1,  2640] loss: 0.064
[1,  2660] loss: 0.038
[1,  2680] loss: 0.044
[1,  2700] loss: 0.043
[1,  2720] loss: 0.056
[1,  2740] loss: 0.047
[1,  2760] loss: 0.062
[1,  2780] loss: 0.113
[1,  2800] loss: 0.077
[1,  2820] loss: 0.056
[1,  2840] loss: 0.042
[1,  2860] loss: 0.095
[1,  2880] loss: 0.048
[1,  2900] loss: 0.065
[1,  2920] loss: 0.051
[1,  2940] loss: 0.041
[1,  2960] loss: 0.055
[1,  2980] loss: 0.065
[1,  3000] loss: 0.035
[1,  3020] loss: 0.092
[1,  3040] loss: 0.065
[2,    20] loss: 0.035
[2,    40] loss: 0.112
[2,    60] loss: 0.079
[2,    80] loss: 0.061
[2,   100] loss: 0.053
[2,   120] loss: 0.085
[2,   140] loss: 0.074
[2,   160] loss: 0.054
[2,   180] loss: 0.074
[2,   200] loss: 0.065
[2,   220] loss: 0.065
[2,   240] loss: 0.041
[2,   260] loss: 0.072
[2,   280] loss: 0.073
[2,   300] loss: 0.047
[2,   320] loss: 0.071
[2,   340] loss: 0.093
[2,   360] loss: 0.072
[2,   380] loss: 0.061
[2,   400] loss: 0.061
[2,   420] loss: 0.036
[2,   440] loss: 0.087
[2,   460] loss: 0.119
[2,   480] loss: 0.046
[2,   500] loss: 0.088
[2,   520] loss: 0.047
[2,   540] loss: 0.065
[2,   560] loss: 0.036
[2,   580] loss: 0.086
[2,   600] loss: 0.062
[2,   620] loss: 0.070
[2,   640] loss: 0.045
[2,   660] loss: 0.077
[2,   680] loss: 0.050
[2,   700] loss: 0.048
[2,   720] loss: 0.075
[2,   740] loss: 0.076
[2,   760] loss: 0.058
[2,   780] loss: 0.046
[2,   800] loss: 0.064
[2,   820] loss: 0.057
[2,   840] loss: 0.056
[2,   860] loss: 0.051
[2,   880] loss: 0.070
[2,   900] loss: 0.054
[2,   920] loss: 0.049
[2,   940] loss: 0.051
[2,   960] loss: 0.045
[2,   980] loss: 0.065
[2,  1000] loss: 0.056
[2,  1020] loss: 0.049
[2,  1040] loss: 0.067
[2,  1060] loss: 0.053
[2,  1080] loss: 0.078
[2,  1100] loss: 0.057
[2,  1120] loss: 0.097
[2,  1140] loss: 0.065
[2,  1160] loss: 0.072
[2,  1180] loss: 0.084
[2,  1200] loss: 0.041
[2,  1220] loss: 0.064
[2,  1240] loss: 0.087
[2,  1260] loss: 0.089
[2,  1280] loss: 0.065
[2,  1300] loss: 0.054
[2,  1320] loss: 0.079
[2,  1340] loss: 0.055
[2,  1360] loss: 0.081
[2,  1380] loss: 0.052
[2,  1400] loss: 0.039
[2,  1420] loss: 0.068
[2,  1440] loss: 0.103
[2,  1460] loss: 0.069
[2,  1480] loss: 0.086
[2,  1500] loss: 0.061
[2,  1520] loss: 0.053
[2,  1540] loss: 0.093
[2,  1560] loss: 0.058
[2,  1580] loss: 0.056
[2,  1600] loss: 0.078
[2,  1620] loss: 0.066
[2,  1640] loss: 0.048
[2,  1660] loss: 0.093
[2,  1680] loss: 0.069
[2,  1700] loss: 0.090
[2,  1720] loss: 0.083
[2,  1740] loss: 0.090
[2,  1760] loss: 0.065
[2,  1780] loss: 0.049
[2,  1800] loss: 0.077
[2,  1820] loss: 0.061
[2,  1840] loss: 0.072
[2,  1860] loss: 0.101
[2,  1880] loss: 0.079
[2,  1900] loss: 0.081
[2,  1920] loss: 0.081
[2,  1940] loss: 0.145
[2,  1960] loss: 0.109
[2,  1980] loss: 0.055
[2,  2000] loss: 0.082
[2,  2020] loss: 0.048
[2,  2040] loss: 0.084
[2,  2060] loss: 0.079
[2,  2080] loss: 0.059
[2,  2100] loss: 0.103
[2,  2120] loss: 0.086
[2,  2140] loss: 0.101
[2,  2160] loss: 0.081
[2,  2180] loss: 0.077
[2,  2200] loss: 0.078
[2,  2220] loss: 0.084
[2,  2240] loss: 0.050
[2,  2260] loss: 0.046
[2,  2280] loss: 0.039
[2,  2300] loss: 0.064
[2,  2320] loss: 0.102
[2,  2340] loss: 0.120
[2,  2360] loss: 0.064
[2,  2380] loss: 0.051
[2,  2400] loss: 0.085
[2,  2420] loss: 0.111
[2,  2440] loss: 0.079
[2,  2460] loss: 0.087
[2,  2480] loss: 0.059
[2,  2500] loss: 0.060
[2,  2520] loss: 0.078
[2,  2540] loss: 0.052
[2,  2560] loss: 0.060
[2,  2580] loss: 0.059
[2,  2600] loss: 0.047
[2,  2620] loss: 0.079
[2,  2640] loss: 0.079
[2,  2660] loss: 0.096
[2,  2680] loss: 0.058
[2,  2700] loss: 0.081
[2,  2720] loss: 0.062
[2,  2740] loss: 0.069
[2,  2760] loss: 0.041
[2,  2780] loss: 0.032
[2,  2800] loss: 0.059
[2,  2820] loss: 0.041
[2,  2840] loss: 0.075
[2,  2860] loss: 0.082
[2,  2880] loss: 0.096
[2,  2900] loss: 0.063
[2,  2920] loss: 0.101
[2,  2940] loss: 0.069
[2,  2960] loss: 0.061
[2,  2980] loss: 0.100
[2,  3000] loss: 0.065
[2,  3020] loss: 0.098
[2,  3040] loss: 0.049
[3,    20] loss: 0.068
[3,    40] loss: 0.077
[3,    60] loss: 0.128
[3,    80] loss: 0.119
[3,   100] loss: 0.100
[3,   120] loss: 0.082
[3,   140] loss: 0.083
[3,   160] loss: 0.068
[3,   180] loss: 0.055
[3,   200] loss: 0.056
[3,   220] loss: 0.045
[3,   240] loss: 0.066
[3,   260] loss: 0.056
[3,   280] loss: 0.082
[3,   300] loss: 0.098
[3,   320] loss: 0.093
[3,   340] loss: 0.090
[3,   360] loss: 0.081
[3,   380] loss: 0.070
[3,   400] loss: 0.078
[3,   420] loss: 0.088
[3,   440] loss: 0.073
[3,   460] loss: 0.092
[3,   480] loss: 0.056
[3,   500] loss: 0.032
[3,   520] loss: 0.067
[3,   540] loss: 0.069
[3,   560] loss: 0.090
[3,   580] loss: 0.084
[3,   600] loss: 0.062
[3,   620] loss: 0.080
[3,   640] loss: 0.067
[3,   660] loss: 0.084
[3,   680] loss: 0.104
[3,   700] loss: 0.096
[3,   720] loss: 6841.534
[3,   740] loss: 99788248987.594
[3,   760] loss: 881163746817.600
[3,   780] loss: 127849069395.200
[3,   800] loss: 4381644940.800
[3,   820] loss: 1030946800.000
[3,   840] loss: 196690156.600
[3,   860] loss: 98757436.600
[3,   880] loss: 34622040.425
[3,   900] loss: 15199860.213
[3,   920] loss: 11397618.125
[3,   940] loss: 8890588.713
[3,   960] loss: 5814369.456
[3,   980] loss: 4316693.525
[3,  1000] loss: 4058803.062
[3,  1020] loss: 3587307.503
[3,  1040] loss: 3460297.128
[3,  1060] loss: 4929113.756
[3,  1080] loss: 3808098.919
[3,  1100] loss: 3897822.300
[3,  1120] loss: 3268150.312
[3,  1140] loss: 8017842.275
[3,  1160] loss: 12417309.688
[3,  1180] loss: 13345788.975
[3,  1200] loss: 7168904.487
[3,  1220] loss: 3154833.175
[3,  1240] loss: 3517145.844
[3,  1260] loss: 5777861.838
[3,  1280] loss: 2863489.194
[3,  1300] loss: 3639794.356
[3,  1320] loss: 2624094.069
[3,  1340] loss: 2716500.203
[3,  1360] loss: 2437950.837
[3,  1380] loss: 2852805.344
[3,  1400] loss: 3062689.769
[3,  1420] loss: 2563579.894
[3,  1440] loss: 3123983.619
[3,  1460] loss: 3392389.106
[3,  1480] loss: 2734653.284
[3,  1500] loss: 1886776.148
[3,  1520] loss: 2558188.322
[3,  1540] loss: 4537859.548
[3,  1560] loss: 2824046.425
[3,  1580] loss: 1951333.650
[3,  1600] loss: 2343004.456
[3,  1620] loss: 1865734.300
[3,  1640] loss: 1766813.509
[3,  1660] loss: 1822124.675
[3,  1680] loss: 1567266.625
[3,  1700] loss: 1884004.325
[3,  1720] loss: 1659417.309
[3,  1740] loss: 1711989.894
[3,  1760] loss: 1624579.259
[3,  1780] loss: 1810527.178
[3,  1800] loss: 2181601.938
[3,  1820] loss: 1741950.741
[3,  1840] loss: 2100020.831
[3,  1860] loss: 1359396.755
[3,  1880] loss: 1235313.675
[3,  1900] loss: 3162857.406
[3,  1920] loss: 1906735.175
[3,  1940] loss: 1960560.978
[3,  1960] loss: 1346495.458
[3,  1980] loss: 1456462.409
[3,  2000] loss: 2118759.747
[3,  2020] loss: 1048244.850
[3,  2040] loss: 1578294.641
[3,  2060] loss: 1135739.919
[3,  2080] loss: 4072978.141
[3,  2100] loss: 4332339.775
[3,  2120] loss: 1100026.397
[3,  2140] loss: 1756437.325
[3,  2160] loss: 1548312.147
[3,  2180] loss: 1195372.956
[3,  2200] loss: 1765779.712
[3,  2220] loss: 1116025.703
[3,  2240] loss: 3834599.878
[3,  2260] loss: 2022740.913
[3,  2280] loss: 1497036.581
[3,  2300] loss: 1172106.700
[3,  2320] loss: 1006307.744
[3,  2340] loss: 1261364.000
[3,  2360] loss: 1315967.061
[3,  2380] loss: 5293126.192
[3,  2400] loss: 4338430.323
[3,  2420] loss: 956398.352
[3,  2440] loss: 854143.199
[3,  2460] loss: 1030284.960
[3,  2480] loss: 714143.634
[3,  2500] loss: 682837.666
[3,  2520] loss: 733754.620
[3,  2540] loss: 849766.677
[3,  2560] loss: 881560.803
[3,  2580] loss: 647648.723
[3,  2600] loss: 1563804.541
[3,  2620] loss: 1154280.466
[3,  2640] loss: 639469.647
[3,  2660] loss: 777605.727
[3,  2680] loss: 666582.507
[3,  2700] loss: 773427.667
[3,  2720] loss: 805072.714
[3,  2740] loss: 1090664.163
[3,  2760] loss: 834510.491
[3,  2780] loss: 888583.388
[3,  2800] loss: 1781999.445
[3,  2820] loss: 3556642.636
[3,  2840] loss: 4258549.850
[3,  2860] loss: 940190.742
[3,  2880] loss: 552553.777
[3,  2900] loss: 461321.886
[3,  2920] loss: 425089.648
[3,  2940] loss: 1152226.749
[3,  2960] loss: 1578189.177
[3,  2980] loss: 3535740.134
[3,  3000] loss: 3187094.108
[3,  3020] loss: 899343.805
[3,  3040] loss: 827072.610
[1,    20] loss: 246473.791
[1,    40] loss: 232931.585
[1,    60] loss: 275907.397
[1,    80] loss: 269682.764
[1,   100] loss: 234449.949
[1,   120] loss: 217853.031
[1,   140] loss: 190708.734
[1,   160] loss: 170327.534
[1,   180] loss: 188313.142
[1,   200] loss: 257737.085
[1,   220] loss: 319308.472
[1,   240] loss: 305655.527
[1,   260] loss: 295145.059
[1,   280] loss: 285487.484
[1,   300] loss: 273873.540
[1,   320] loss: 268668.211
[2,    20] loss: 246473.791
[2,    40] loss: 232931.585
[2,    60] loss: 275907.397
[2,    80] loss: 269682.764
[2,   100] loss: 234449.949
[2,   120] loss: 217853.031
[2,   140] loss: 190708.734
[2,   160] loss: 170327.534
[2,   180] loss: 188313.142
[2,   200] loss: 257737.085
[2,   220] loss: 319308.472
[2,   240] loss: 305655.527
[2,   260] loss: 295145.059
[2,   280] loss: 285487.484
[2,   300] loss: 273873.540
[2,   320] loss: 268668.211
[3,    20] loss: 246473.791
[3,    40] loss: 232931.585
[3,    60] loss: 275907.397
[3,    80] loss: 269682.764
[3,   100] loss: 234449.949
[3,   120] loss: 217853.031
[3,   140] loss: 190708.734
[3,   160] loss: 170327.534
[3,   180] loss: 188313.142
[3,   200] loss: 257737.085
[3,   220] loss: 319308.472
[3,   240] loss: 305655.527
[3,   260] loss: 295145.059
[3,   280] loss: 285487.484
[3,   300] loss: 273873.540
[3,   320] loss: 268668.211
