cuda:  7
color_space: YCbCr
batch_size: 10
num_epcochs: 3
learning_rate: 0.003
[1,    20] loss: 5.294
[1,    40] loss: 1.341
[1,    60] loss: 0.166
[1,    80] loss: 0.086
[1,   100] loss: 0.085
[1,   120] loss: 0.068
[1,   140] loss: 0.045
[1,   160] loss: 0.084
[1,   180] loss: 0.078
[1,   200] loss: 0.048
[1,   220] loss: 0.042
[1,   240] loss: 0.090
[1,   260] loss: 0.052
[1,   280] loss: 0.069
[1,   300] loss: 0.058
[1,   320] loss: 0.060
[1,   340] loss: 0.088
[1,   360] loss: 0.062
[1,   380] loss: 0.068
[1,   400] loss: 0.070
[1,   420] loss: 0.063
[1,   440] loss: 0.061
[1,   460] loss: 0.067
[1,   480] loss: 0.054
[1,   500] loss: 0.051
[1,   520] loss: 0.068
[1,   540] loss: 0.059
[1,   560] loss: 0.076
[1,   580] loss: 0.075
[1,   600] loss: 0.082
[1,   620] loss: 0.046
[1,   640] loss: 0.088
[1,   660] loss: 0.056
[1,   680] loss: 0.085
[1,   700] loss: 0.085
[1,   720] loss: 0.076
[1,   740] loss: 0.059
[1,   760] loss: 0.078
[1,   780] loss: 0.082
[1,   800] loss: 0.052
[1,   820] loss: 0.064
[1,   840] loss: 0.068
[1,   860] loss: 0.039
[1,   880] loss: 0.091
[1,   900] loss: 0.053
[1,   920] loss: 0.050
[1,   940] loss: 0.052
[1,   960] loss: 0.054
[1,   980] loss: 0.071
[1,  1000] loss: 0.056
[1,  1020] loss: 0.067
[1,  1040] loss: 0.095
[1,  1060] loss: 0.042
[1,  1080] loss: 0.066
[1,  1100] loss: 0.060
[1,  1120] loss: 0.057
[1,  1140] loss: 0.046
[1,  1160] loss: 0.056
[1,  1180] loss: 0.045
[1,  1200] loss: 0.059
[1,  1220] loss: 0.068
[1,  1240] loss: 0.043
[1,  1260] loss: 0.080
[1,  1280] loss: 0.059
[1,  1300] loss: 0.060
[1,  1320] loss: 0.079
[1,  1340] loss: 0.074
[1,  1360] loss: 0.071
[1,  1380] loss: 0.059
[1,  1400] loss: 0.068
[1,  1420] loss: 0.043
[1,  1440] loss: 0.071
[1,  1460] loss: 0.049
[1,  1480] loss: 0.072
[1,  1500] loss: 0.036
[1,  1520] loss: 0.057
[1,  1540] loss: 0.068
[1,  1560] loss: 0.051
[1,  1580] loss: 0.074
[1,  1600] loss: 0.044
[1,  1620] loss: 0.061
[1,  1640] loss: 0.049
[1,  1660] loss: 0.074
[1,  1680] loss: 0.064
[1,  1700] loss: 0.039
[1,  1720] loss: 0.053
[1,  1740] loss: 0.080
[1,  1760] loss: 0.038
[1,  1780] loss: 0.040
[1,  1800] loss: 0.100
[1,  1820] loss: 0.058
[1,  1840] loss: 0.065
[1,  1860] loss: 0.047
[1,  1880] loss: 0.043
[1,  1900] loss: 0.034
[1,  1920] loss: 0.045
[1,  1940] loss: 0.062
[1,  1960] loss: 0.077
[1,  1980] loss: 0.072
[1,  2000] loss: 0.058
[1,  2020] loss: 0.044
[1,  2040] loss: 0.041
[1,  2060] loss: 0.070
[1,  2080] loss: 0.085
[1,  2100] loss: 0.044
[1,  2120] loss: 0.036
[1,  2140] loss: 0.050
[1,  2160] loss: 0.054
[1,  2180] loss: 0.057
[1,  2200] loss: 0.039
[1,  2220] loss: 0.069
[1,  2240] loss: 0.079
[1,  2260] loss: 0.060
[1,  2280] loss: 0.070
[1,  2300] loss: 0.051
[1,  2320] loss: 0.049
[1,  2340] loss: 0.080
[1,  2360] loss: 0.047
[1,  2380] loss: 0.032
[1,  2400] loss: 0.055
[1,  2420] loss: 0.096
[1,  2440] loss: 0.054
[1,  2460] loss: 0.063
[1,  2480] loss: 0.074
[1,  2500] loss: 0.061
[1,  2520] loss: 0.051
[1,  2540] loss: 0.080
[1,  2560] loss: 0.069
[1,  2580] loss: 0.061
[1,  2600] loss: 0.065
[1,  2620] loss: 0.049
[1,  2640] loss: 0.090
[1,  2660] loss: 0.086
[1,  2680] loss: 0.070
[1,  2700] loss: 0.051
[1,  2720] loss: 0.051
[1,  2740] loss: 0.064
[1,  2760] loss: 0.046
[1,  2780] loss: 0.040
[1,  2800] loss: 0.038
[1,  2820] loss: 0.046
[1,  2840] loss: 0.055
[1,  2860] loss: 0.081
[1,  2880] loss: 0.061
[1,  2900] loss: 0.075
[1,  2920] loss: 0.075
[1,  2940] loss: 0.041
[1,  2960] loss: 0.060
[1,  2980] loss: 0.063
[1,  3000] loss: 0.058
[1,  3020] loss: 0.078
[1,  3040] loss: 0.094
[2,    20] loss: 0.086
[2,    40] loss: 0.105
[2,    60] loss: 0.063
[2,    80] loss: 0.042
[2,   100] loss: 0.052
[2,   120] loss: 0.071
[2,   140] loss: 0.035
[2,   160] loss: 0.080
[2,   180] loss: 0.099
[2,   200] loss: 0.072
[2,   220] loss: 0.095
[2,   240] loss: 0.082
[2,   260] loss: 0.060
[2,   280] loss: 0.062
[2,   300] loss: 0.077
[2,   320] loss: 0.049
[2,   340] loss: 0.045
[2,   360] loss: 0.090
[2,   380] loss: 0.067
[2,   400] loss: 0.035
[2,   420] loss: 0.077
[2,   440] loss: 0.067
[2,   460] loss: 0.031
[2,   480] loss: 0.123
[2,   500] loss: 0.070
[2,   520] loss: 0.070
[2,   540] loss: 0.043
[2,   560] loss: 0.048
[2,   580] loss: 0.051
[2,   600] loss: 0.075
[2,   620] loss: 0.048
[2,   640] loss: 0.079
[2,   660] loss: 0.032
[2,   680] loss: 0.042
[2,   700] loss: 0.046
[2,   720] loss: 0.079
[2,   740] loss: 0.049
[2,   760] loss: 0.089
[2,   780] loss: 0.060
[2,   800] loss: 0.047
[2,   820] loss: 0.080
[2,   840] loss: 0.061
[2,   860] loss: 0.047
[2,   880] loss: 0.066
[2,   900] loss: 0.069
[2,   920] loss: 0.041
[2,   940] loss: 0.036
[2,   960] loss: 0.039
[2,   980] loss: 0.029
[2,  1000] loss: 0.040
[2,  1020] loss: 0.049
[2,  1040] loss: 0.067
[2,  1060] loss: 0.028
[2,  1080] loss: 0.087
[2,  1100] loss: 0.041
[2,  1120] loss: 0.061
[2,  1140] loss: 0.073
[2,  1160] loss: 0.056
[2,  1180] loss: 0.057
[2,  1200] loss: 0.061
[2,  1220] loss: 0.076
[2,  1240] loss: 0.071
[2,  1260] loss: 0.067
[2,  1280] loss: 0.052
[2,  1300] loss: 0.068
[2,  1320] loss: 0.035
[2,  1340] loss: 0.080
[2,  1360] loss: 0.092
[2,  1380] loss: 0.090
[2,  1400] loss: 0.125
[2,  1420] loss: 0.082
[2,  1440] loss: 0.062
[2,  1460] loss: 0.063
[2,  1480] loss: 0.085
[2,  1500] loss: 0.052
[2,  1520] loss: 0.057
[2,  1540] loss: 0.079
[2,  1560] loss: 0.074
[2,  1580] loss: 0.055
[2,  1600] loss: 0.048
[2,  1620] loss: 0.057
[2,  1640] loss: 0.039
[2,  1660] loss: 0.051
[2,  1680] loss: 0.074
[2,  1700] loss: 0.092
[2,  1720] loss: 0.083
[2,  1740] loss: 0.056
[2,  1760] loss: 0.049
[2,  1780] loss: 0.041
[2,  1800] loss: 0.077
[2,  1820] loss: 0.077
[2,  1840] loss: 0.070
[2,  1860] loss: 0.052
[2,  1880] loss: 0.049
[2,  1900] loss: 0.069
[2,  1920] loss: 0.056
[2,  1940] loss: 0.085
[2,  1960] loss: 0.064
[2,  1980] loss: 0.045
[2,  2000] loss: 0.076
[2,  2020] loss: 0.033
[2,  2040] loss: 0.037
[2,  2060] loss: 0.071
[2,  2080] loss: 0.082
[2,  2100] loss: 0.083
[2,  2120] loss: 0.100
[2,  2140] loss: 0.069
[2,  2160] loss: 0.109
[2,  2180] loss: 0.060
[2,  2200] loss: 0.031
[2,  2220] loss: 0.074
[2,  2240] loss: 0.066
[2,  2260] loss: 0.106
[2,  2280] loss: 0.046
[2,  2300] loss: 0.079
[2,  2320] loss: 0.092
[2,  2340] loss: 0.075
[2,  2360] loss: 0.033
[2,  2380] loss: 0.084
[2,  2400] loss: 0.109
[2,  2420] loss: 0.073
[2,  2440] loss: 0.071
[2,  2460] loss: 0.072
[2,  2480] loss: 0.056
[2,  2500] loss: 0.104
[2,  2520] loss: 0.035
[2,  2540] loss: 0.056
[2,  2560] loss: 0.049
[2,  2580] loss: 0.048
[2,  2600] loss: 0.051
[2,  2620] loss: 0.083
[2,  2640] loss: 0.025
[2,  2660] loss: 0.058
[2,  2680] loss: 0.084
[2,  2700] loss: 0.079
[2,  2720] loss: 0.105
[2,  2740] loss: 0.069
[2,  2760] loss: 0.077
[2,  2780] loss: 0.077
[2,  2800] loss: 0.089
[2,  2820] loss: 0.091
[2,  2840] loss: 0.096
[2,  2860] loss: 0.073
[2,  2880] loss: 0.063
[2,  2900] loss: 0.060
[2,  2920] loss: 0.072
[2,  2940] loss: 0.049
[2,  2960] loss: 0.055
[2,  2980] loss: 0.061
[2,  3000] loss: 0.104
[2,  3020] loss: 0.066
[2,  3040] loss: 0.076
[3,    20] loss: 0.091
[3,    40] loss: 0.129
[3,    60] loss: 0.048
[3,    80] loss: 0.074
[3,   100] loss: 0.082
[3,   120] loss: 0.082
[3,   140] loss: 0.059
[3,   160] loss: 0.073
[3,   180] loss: 0.095
[3,   200] loss: 0.076
[3,   220] loss: 0.060
[3,   240] loss: 0.072
[3,   260] loss: 0.133
[3,   280] loss: 0.062
[3,   300] loss: 0.072
[3,   320] loss: 0.084
[3,   340] loss: 0.123
[3,   360] loss: 0.083
[3,   380] loss: 0.096
[3,   400] loss: 4512301269.158
[3,   420] loss: 23337441761460.000
[3,   440] loss: 2647620460339.200
[3,   460] loss: 5451426110668.800
[3,   480] loss: 6991875511910.400
[3,   500] loss: 747438337792.000
[3,   520] loss: 17031757657.600
[3,   540] loss: 4811514080.000
[3,   560] loss: 3101092851.200
[3,   580] loss: 3116268659.200
[3,   600] loss: 2202698102.400
[3,   620] loss: 1886584105.600
[3,   640] loss: 1966213305.600
[3,   660] loss: 1833879974.400
[3,   680] loss: 1621051305.600
[3,   700] loss: 1543219788.800
[3,   720] loss: 1554762632.000
[3,   740] loss: 1292926683.200
[3,   760] loss: 1429433308.800
[3,   780] loss: 1379269404.800
[3,   800] loss: 1220943771.200
[3,   820] loss: 908931606.400
[3,   840] loss: 1139767720.000
[3,   860] loss: 1049900740.800
[3,   880] loss: 915548515.200
[3,   900] loss: 746548982.400
[3,   920] loss: 765220532.800
[3,   940] loss: 788496313.600
[3,   960] loss: 712480102.400
[3,   980] loss: 699525607.200
[3,  1000] loss: 693719553.600
[3,  1020] loss: 695965568.000
[3,  1040] loss: 691583864.000
[3,  1060] loss: 677585788.800
[3,  1080] loss: 507522699.200
[3,  1100] loss: 448734766.800
[3,  1120] loss: 549502262.400
[3,  1140] loss: 452113912.000
[3,  1160] loss: 586779913.600
[3,  1180] loss: 390284528.000
[3,  1200] loss: 320965964.800
[3,  1220] loss: 465916962.400
[3,  1240] loss: 393070112.800
[3,  1260] loss: 345519805.200
[3,  1280] loss: 435352074.400
[3,  1300] loss: 492520152.000
[3,  1320] loss: 400467550.400
[3,  1340] loss: 347331873.800
[3,  1360] loss: 312849740.000
[3,  1380] loss: 344538343.600
[3,  1400] loss: 339821613.200
[3,  1420] loss: 343581106.400
[3,  1440] loss: 297617855.200
[3,  1460] loss: 284428860.000
[3,  1480] loss: 335283047.200
[3,  1500] loss: 281290908.800
[3,  1520] loss: 307654844.000
[3,  1540] loss: 231513201.600
[3,  1560] loss: 246136589.600
[3,  1580] loss: 232195349.600
[3,  1600] loss: 258767010.400
[3,  1620] loss: 223597302.400
[3,  1640] loss: 233710863.800
[3,  1660] loss: 232128063.600
[3,  1680] loss: 196795286.000
[3,  1700] loss: 203770791.200
[3,  1720] loss: 187568976.400
[3,  1740] loss: 187424763.800
[3,  1760] loss: 184057691.600
[3,  1780] loss: 185192762.000
[3,  1800] loss: 200953280.400
[3,  1820] loss: 156064408.000
[3,  1840] loss: 205813830.500
[3,  1860] loss: 133828063.800
[3,  1880] loss: 180746875.000
[3,  1900] loss: 181095030.000
[3,  1920] loss: 156465796.400
[3,  1940] loss: 145925002.200
[3,  1960] loss: 139101160.200
[3,  1980] loss: 132814261.600
[3,  2000] loss: 120156867.200
[3,  2020] loss: 139771583.600
[3,  2040] loss: 136606148.800
[3,  2060] loss: 148288685.000
[3,  2080] loss: 110518497.600
[3,  2100] loss: 131183781.800
[3,  2120] loss: 124766521.000
[3,  2140] loss: 120902555.800
[3,  2160] loss: 115837391.200
[3,  2180] loss: 93730218.400
[3,  2200] loss: 103418246.800
[3,  2220] loss: 88721570.000
[3,  2240] loss: 108724504.900
[3,  2260] loss: 95635507.800
[3,  2280] loss: 95942066.900
[3,  2300] loss: 94839053.200
[3,  2320] loss: 78697912.200
[3,  2340] loss: 105534278.000
[3,  2360] loss: 70845606.200
[3,  2380] loss: 86220922.400
[3,  2400] loss: 92124710.400
[3,  2420] loss: 89311942.200
[3,  2440] loss: 94434018.200
[3,  2460] loss: 89645476.600
[3,  2480] loss: 78626084.600
[3,  2500] loss: 74748140.800
[3,  2520] loss: 77143636.600
[3,  2540] loss: 75645700.850
[3,  2560] loss: 68906069.500
[3,  2580] loss: 59496796.700
[3,  2600] loss: 61082028.300
[3,  2620] loss: 54633172.300
[3,  2640] loss: 54529893.800
[3,  2660] loss: 52444607.800
[3,  2680] loss: 63745045.400
[3,  2700] loss: 70787167.000
[3,  2720] loss: 60214317.300
[3,  2740] loss: 63054773.200
[3,  2760] loss: 61765287.600
[3,  2780] loss: 57764409.400
[3,  2800] loss: 41589380.200
[3,  2820] loss: 48948995.500
[3,  2840] loss: 48766613.400
[3,  2860] loss: 47085944.900
[3,  2880] loss: 45855137.200
[3,  2900] loss: 50858983.000
[3,  2920] loss: 44717711.600
[3,  2940] loss: 41205940.188
[3,  2960] loss: 47062280.100
[3,  2980] loss: 41517242.800
[3,  3000] loss: 38684410.725
[3,  3020] loss: 34929472.100
[3,  3040] loss: 43653765.150
[1,    20] loss: 92139568.329
[1,    40] loss: 65422788.763
[1,    60] loss: 44768938.461
[1,    80] loss: 43753690.389
[1,   100] loss: 42463127.825
[1,   120] loss: 44048261.787
[1,   140] loss: 39859013.362
[1,   160] loss: 43544366.335
[1,   180] loss: 45134346.024
[1,   200] loss: 47167832.012
[1,   220] loss: 45076259.810
[1,   240] loss: 44493114.825
[1,   260] loss: 43994826.538
[1,   280] loss: 48557730.414
[1,   300] loss: 53842501.624
[1,   320] loss: 52916021.413
[2,    20] loss: 92139568.329
[2,    40] loss: 65422788.763
[2,    60] loss: 44768938.461
[2,    80] loss: 43753690.389
[2,   100] loss: 42463127.825
[2,   120] loss: 44048261.787
[2,   140] loss: 39859013.362
[2,   160] loss: 43544366.335
[2,   180] loss: 45134346.024
[2,   200] loss: 47167832.012
[2,   220] loss: 45076259.810
[2,   240] loss: 44493114.825
[2,   260] loss: 43994826.538
[2,   280] loss: 48557730.414
[2,   300] loss: 53842501.624
[2,   320] loss: 52916021.413
[3,    20] loss: 92139568.329
[3,    40] loss: 65422788.763
[3,    60] loss: 44768938.461
[3,    80] loss: 43753690.389
[3,   100] loss: 42463127.825
[3,   120] loss: 44048261.787
[3,   140] loss: 39859013.362
[3,   160] loss: 43544366.335
[3,   180] loss: 45134346.024
[3,   200] loss: 47167832.012
[3,   220] loss: 45076259.810
[3,   240] loss: 44493114.825
[3,   260] loss: 43994826.538
[3,   280] loss: 48557730.414
[3,   300] loss: 53842501.624
[3,   320] loss: 52916021.413
